0.000 0.624
0.624 0.624
1.291 0.667
2.047 0.756
2.816 0.769
3.568 0.752
10.699 0.7
11.372 0.673
12.039 0.667
12.698 0.659
12.959 0.261
13.341 0.382
13.977 0.636
14.605 0.628
15.068 0.463
15.869 0.801
16.615 0.746
16.877 0.262
17.149 0.272
17.512 0.363
17.863 0.351
20.436 2.573
23.088 2.652
23.799 0.711
24.493 0.694
25.168 0.675
25.822 0.654
26.482 0.66
27.168 0.686
27.899 0.731
28.636 0.737
29.369 0.733
30.098 0.729
30.812 0.714
31.524 0.712
32.233 0.709
32.956 0.723
33.666 0.71
34.365 0.699
35.054 0.689
35.762 0.708
36.529 0.767
37.377 0.848
38.158 0.781
38.904 0.746
39.625 0.721
40.35 0.725
41.075 0.725
41.826 0.751
42.551 0.725
43.261 0.71
43.959 0.698
44.672 0.713
45.41 0.738
46.183 0.773
46.932 0.749
47.649 0.717
48.343 0.694
49.028 0.685
49.714 0.686
50.387 0.673
51.038 0.651
51.66 0.622
52.273 0.613
52.885 0.612
53.509 0.624
54.169 0.66
54.904 0.735
55.688 0.784
56.482 0.794
57.225 0.743
57.946 0.721
58.653 0.707
59.349 0.696
60.038 0.689
60.719 0.681
61.384 0.665
62.04 0.656
62.692 0.652
63.356 0.664
64.053 0.697
64.792 0.739
65.563 0.771
66.323 0.76
67.064 0.741
67.753 0.689
68.427 0.674
69.08 0.653
69.723 0.643
70.369 0.646
71.058 0.689
71.785 0.727
72.57 0.785
73.307 0.737
74.046 0.739
74.8 0.754
75.567 0.767
76.364 0.797
77.153 0.789
77.927 0.774
78.691 0.764
79.419 0.728
80.122 0.703
80.819 0.697
81.519 0.7
82.23 0.711
82.957 0.727
83.674 0.717
84.371 0.697
85.06 0.689
85.743 0.683
86.448 0.705
87.186 0.738
87.95 0.764
88.715 0.765
89.439 0.724
90.142 0.703
90.841 0.699
91.557 0.716
92.291 0.734
93.067 0.776
93.835 0.768
94.567 0.732
95.275 0.708
95.964 0.689
96.659 0.695
97.355 0.696
98.061 0.706
98.74 0.679
99.409 0.669
100.056 0.647
100.696 0.64
101.352 0.656
102.04 0.688
102.765 0.725
103.499 0.734
104.221 0.722
104.917 0.696
105.61 0.693
106.3 0.69
106.995 0.695
107.691 0.696
108.377 0.686
109.049 0.672
109.704 0.655
110.357 0.653
111.021 0.664
111.705 0.684
112.42 0.715
113.151 0.731
113.866 0.715
114.572 0.706
115.265 0.693
115.948 0.683
116.622 0.674
117.272 0.65
117.93 0.658
118.589 0.659
119.265 0.676
119.975 0.71
120.693 0.718
121.388 0.695
122.084 0.696
122.775 0.691
123.467 0.692
124.163 0.696
124.84 0.677
125.518 0.678
126.194 0.676
126.882 0.688
127.578 0.696
128.262 0.684
128.934 0.672
129.609 0.675
130.283 0.674
130.964 0.681
131.649 0.685
132.334 0.685
133.006 0.672
133.667 0.661
134.309 0.642
134.943 0.634
135.577 0.634
136.231 0.654
136.913 0.682
137.62 0.707
138.314 0.694
139.012 0.698
139.714 0.702
140.428 0.714
141.141 0.713
141.845 0.704
142.522 0.677
143.191 0.669
143.849 0.658
144.5 0.651
145.142 0.642
145.779 0.637
146.406 0.627
147.041 0.635
147.679 0.638
148.323 0.644
148.985 0.662
149.653 0.668
150.329 0.676
151.002 0.673
151.655 0.653
152.31 0.655
152.961 0.651
153.625 0.664
154.28 0.655
154.965 0.685
155.641 0.676
156.322 0.681
156.973 0.651
157.598 0.625
158.218 0.62
158.836 0.618
159.453 0.617
160.069 0.616
160.692 0.623
161.342 0.65
162.036 0.694
162.78 0.744
163.521 0.741
164.249 0.728
164.939 0.69
165.618 0.679
166.289 0.671
166.962 0.673
167.635 0.673
168.304 0.669
168.96 0.656
169.616 0.656
170.279 0.663
170.956 0.677
171.634 0.678
172.297 0.663
172.95 0.653
173.605 0.655
174.274 0.669
174.965 0.691
175.676 0.711
176.388 0.712
177.071 0.683
177.743 0.672
178.407 0.664
179.077 0.67
179.76 0.683
180.461 0.701
181.168 0.707
181.853 0.685
182.539 0.686
183.221 0.682
183.918 0.697
184.64 0.722
185.38 0.74
186.104 0.724
186.809 0.705
187.507 0.698
188.212 0.705
188.93 0.718
189.656 0.726
190.377 0.721
191.071 0.694
191.745 0.674
192.403 0.658
193.056 0.653
193.714 0.658
194.38 0.666
195.064 0.684
195.75 0.686
196.433 0.683
197.103 0.67
197.775 0.672
198.446 0.671
199.127 0.681
199.82 0.693
200.514 0.694
201.22 0.706
201.935 0.715
202.663 0.728
203.36 0.697
204.063 0.703
204.768 0.705
205.476 0.708
206.195 0.719
206.908 0.713
207.595 0.687
208.272 0.677
208.946 0.674
209.618 0.672
210.299 0.681
210.984 0.685
211.653 0.669
212.316 0.663
212.982 0.666
213.65 0.668
214.331 0.681
215.008 0.677
215.688 0.68
216.374 0.686
217.067 0.693
217.75 0.683
218.424 0.674
219.076 0.652
219.704 0.628
220.304 0.6
220.896 0.592
221.479 0.583
222.062 0.583
222.656 0.594
223.282 0.626
223.938 0.656
224.609 0.671
225.293 0.684
225.978 0.685
226.635 0.657
227.274 0.639
227.897 0.623
228.524 0.627
229.168 0.644
229.84 0.672
230.559 0.719
231.287 0.728
232.002 0.715
232.684 0.682
233.349 0.665
233.998 0.649
234.654 0.656
235.321 0.667
236.009 0.688
236.706 0.697
237.411 0.705
238.112 0.701
238.797 0.685
239.473 0.676
240.121 0.648
240.761 0.64
241.405 0.644
242.057 0.652
242.754 0.697
243.489 0.735
244.194 0.705
244.878 0.684
245.537 0.659
246.184 0.647
246.887 0.703
247.605 0.718
248.331 0.726
249.06 0.729
249.782 0.722
250.488 0.706
251.178 0.69
251.852 0.674
252.513 0.661
253.164 0.651
253.808 0.644
254.447 0.639
255.087 0.64
255.727 0.64
256.373 0.646
257.023 0.65
257.659 0.636
258.304 0.645
258.957 0.653
259.642 0.685
260.394 0.752
261.159 0.765
261.928 0.769
262.682 0.754
263.41 0.728
264.103 0.693
264.784 0.681
265.453 0.669
266.121 0.668
266.798 0.677
267.458 0.66
268.119 0.661
268.78 0.661
269.455 0.675
270.127 0.672
270.827 0.7
271.54 0.713
272.272 0.732
273.006 0.734
273.733 0.727
274.457 0.724
275.186 0.729
275.906 0.72
276.616 0.71
277.309 0.693
277.989 0.68
278.644 0.655
279.292 0.648
279.936 0.644
280.582 0.646
281.243 0.661
281.927 0.684
282.612 0.685
283.298 0.686
283.977 0.679
284.647 0.67
285.312 0.665
285.956 0.644
286.604 0.648
287.249 0.645
287.9 0.651
288.57 0.67
289.244 0.674
289.904 0.66
290.564 0.66
291.221 0.657
291.88 0.659
292.552 0.672
293.222 0.67
293.893 0.671
294.573 0.68
295.266 0.693
295.971 0.705
296.669 0.698
297.349 0.68
298.012 0.663
298.655 0.643
299.287 0.632
299.916 0.629
300.541 0.625
301.165 0.624
301.787 0.622
302.411 0.624
303.037 0.626
303.671 0.634
304.311 0.64
304.953 0.642
305.602 0.649
306.244 0.642
306.896 0.652
307.561 0.665
308.281 0.72
309.016 0.735
309.728 0.712
310.452 0.724
311.168 0.716
311.889 0.721
312.567 0.678
313.23 0.663
313.874 0.644
314.515 0.641
315.15 0.635
315.782 0.632
316.401 0.619
317.019 0.618
317.632 0.613
318.252 0.62
318.881 0.629
319.513 0.632
320.154 0.641
320.808 0.654
321.491 0.683
322.205 0.714
322.918 0.713
323.599 0.681
324.264 0.665
324.918 0.654
325.564 0.646
326.212 0.648
326.857 0.645
327.492 0.635
328.128 0.636
328.769 0.641
329.424 0.655
330.078 0.654
330.744 0.666
331.422 0.678
332.125 0.703
332.845 0.72
333.549 0.704
334.257 0.708
334.953 0.696
335.654 0.701
336.351 0.697
337.039 0.688
337.715 0.676
338.39 0.675
339.057 0.667
339.718 0.661
340.374 0.656
341.02 0.646
341.663 0.643
342.295 0.632
342.922 0.627
343.553 0.631
344.211 0.658
344.903 0.692
345.638 0.735
346.369 0.731
347.07 0.701
347.758 0.688
348.437 0.679
349.117 0.68
349.789 0.672
350.456 0.667
351.108 0.652
351.748 0.64
352.384 0.636
353.021 0.637
353.672 0.651
354.334 0.662
355.006 0.672
355.681 0.675
356.339 0.658
356.994 0.655
357.65 0.656
358.317 0.667
359.007 0.69
359.709 0.702
360.393 0.684
361.067 0.674
361.735 0.668
362.399 0.664
363.068 0.669
363.743 0.675
364.411 0.668
365.065 0.654
365.714 0.649
366.362 0.648
367.018 0.656
367.683 0.665
368.344 0.661
368.993 0.649
369.638 0.645
370.279 0.641
370.927 0.648
371.579 0.652
372.219 0.64
372.853 0.634
373.48 0.627
374.103 0.623
374.732 0.629
375.364 0.632
375.994 0.63
376.618 0.624
377.244 0.626
377.87 0.626
378.504 0.634
379.149 0.645
379.805 0.656
380.442 0.637
381.076 0.634
381.705 0.629
382.338 0.633
382.979 0.641
383.629 0.65
384.267 0.638
384.907 0.64
385.543 0.636
386.181 0.638
386.831 0.65
387.488 0.657
388.145 0.657
388.785 0.64
389.421 0.636
390.05 0.629
390.687 0.637
391.333 0.646
391.986 0.653
392.641 0.655
393.281 0.64
393.915 0.634
394.544 0.629
395.182 0.638
395.829 0.647
396.475 0.646
397.117 0.642
397.758 0.641
398.397 0.639
399.041 0.644
399.687 0.646
400.337 0.65
400.975 0.638
401.61 0.635
402.242 0.632
402.873 0.631
403.51 0.637
404.151 0.641
404.792 0.641
405.427 0.635
406.057 0.63
406.687 0.63
407.325 0.638
407.973 0.648
408.615 0.642
409.252 0.637
409.885 0.633
410.523 0.638
411.164 0.641
411.819 0.655
412.469 0.65
413.112 0.643
413.745 0.633
414.378 0.633
415.009 0.631
415.638 0.629
416.261 0.623
416.87 0.609
417.489 0.619
418.121 0.632
418.772 0.651
419.459 0.687
420.162 0.703
420.869 0.707
421.559 0.69
422.228 0.669
422.875 0.647
423.505 0.63
424.119 0.614
424.715 0.596
425.304 0.589
425.889 0.585
426.48 0.591
427.083 0.603
427.714 0.631
428.356 0.642
429.009 0.653
429.662 0.653
430.311 0.649
430.952 0.641
431.587 0.635
432.221 0.634
432.85 0.629
433.475 0.625
434.099 0.624
434.722 0.623
435.35 0.628
435.983 0.633
436.605 0.622
437.233 0.628
437.87 0.637
438.528 0.658
439.24 0.712
439.969 0.729
440.66 0.691
441.333 0.673
441.996 0.663
442.662 0.666
443.345 0.683
444.046 0.701
444.732 0.686
445.394 0.662
446.044 0.65
446.69 0.646
447.339 0.649
447.996 0.657
448.661 0.665
449.327 0.666
449.992 0.665
450.633 0.641
451.269 0.636
451.898 0.629
452.531 0.633
453.184 0.653
453.869 0.685
454.56 0.691
455.234 0.674
455.902 0.668
456.568 0.666
457.242 0.674
457.926 0.684
458.618 0.692
459.289 0.671
459.95 0.661
460.601 0.651
461.25 0.649
461.908 0.658
462.571 0.663
463.22 0.649
463.873 0.653
464.53 0.657
465.209 0.679
465.904 0.695
466.578 0.674
467.232 0.654
467.882 0.65
468.517 0.635
469.135 0.618
469.739 0.604
470.335 0.596
470.934 0.599
471.531 0.597
472.134 0.603
472.736 0.602
473.351 0.615
473.989 0.638
474.664 0.675
475.376 0.712
476.108 0.732
476.796 0.688
477.459 0.663
478.102 0.643
478.741 0.639
479.384 0.643
480.044 0.66
480.711 0.667
481.379 0.668
482.04 0.661
482.677 0.637
483.304 0.627
483.923 0.619
484.554 0.631
485.212 0.658
485.929 0.717
486.671 0.742
487.394 0.723
488.122 0.728
488.843 0.721
489.535 0.692
490.216 0.681
490.891 0.675
491.565 0.674
492.253 0.688
492.957 0.704
493.662 0.705
494.346 0.684
495.011 0.665
495.666 0.655
496.317 0.651
496.978 0.661
497.659 0.681
498.354 0.695
499.048 0.694
499.735 0.687
500.403 0.668
501.06 0.657
501.709 0.649
502.356 0.647
503.01 0.654
503.676 0.666
504.353 0.677
505.021 0.668
505.683 0.662
506.353 0.67
507.022 0.669
507.709 0.687
508.4 0.691
509.069 0.669
509.727 0.658
510.377 0.65
511.023 0.646
511.672 0.649
512.327 0.655
512.987 0.66
513.646 0.659
514.3 0.654
514.94 0.64
515.57 0.63
516.195 0.625
516.827 0.632
517.473 0.646
518.128 0.655
518.776 0.648
519.425 0.649
520.073 0.648
520.724 0.651
521.37 0.646
522.013 0.643
522.66 0.647
523.295 0.635
523.925 0.63
524.546 0.621
525.166 0.62
525.77 0.604
526.376 0.606
526.978 0.602
527.592 0.614
528.239 0.647
528.947 0.708
529.687 0.74
530.403 0.716
531.088 0.685
531.752 0.664
532.404 0.652
533.044 0.64
533.665 0.621
534.279 0.614
534.885 0.606
535.482 0.597
536.066 0.584
536.638 0.572
537.196 0.558
537.753 0.557
538.307 0.554
538.868 0.561
539.471 0.603
540.157 0.686
540.915 0.758
541.69 0.775
542.493 0.803
543.283 0.79
544.056 0.773
544.769 0.713
545.429 0.66
546.054 0.625
546.665 0.611
547.276 0.611
547.898 0.622
548.529 0.631
549.155 0.626
549.762 0.607
550.362 0.6
550.972 0.61
551.596 0.624
552.241 0.645
552.91 0.669
553.579 0.669
554.226 0.647
554.857 0.631
555.471 0.614
556.084 0.613
556.716 0.632
557.371 0.655
558.058 0.687
558.755 0.697
559.461 0.706
560.154 0.693
560.835 0.681
561.485 0.65
562.127 0.642
562.761 0.634
563.406 0.645
564.08 0.674
564.795 0.715
565.52 0.725
566.245 0.725
566.946 0.701
567.628 0.682
568.293 0.665
568.951 0.658
569.624 0.673
570.328 0.704
571.038 0.71
571.731 0.693
572.42 0.689
573.1 0.68
573.757 0.657
574.407 0.65
575.065 0.658
575.781 0.716
576.584 0.803
577.421 0.837
578.262 0.841
579.022 0.76
579.749 0.727
580.455 0.706
581.153 0.698
581.852 0.699
582.56 0.708
583.271 0.711
583.973 0.702
584.681 0.708
585.382 0.701
586.088 0.706
586.789 0.701
587.491 0.702
588.188 0.697
588.867 0.679
589.546 0.679
590.235 0.689
590.962 0.727
591.786 0.824
592.594 0.808
593.371 0.777
594.13 0.759
594.872 0.742
595.597 0.725
596.308 0.711
597.005 0.697
597.691 0.686
598.37 0.679
599.027 0.657
599.686 0.659
600.342 0.656
601.023 0.681
601.746 0.723
602.504 0.758
603.246 0.742
603.954 0.708
604.658 0.704
605.349 0.691
606.037 0.688
606.733 0.696
607.423 0.69
608.114 0.691
608.784 0.67
609.449 0.665
610.108 0.659
610.772 0.664
611.433 0.661
612.098 0.665
612.763 0.665
613.417 0.654
614.068 0.651