0.000 1.067
1.067 1.067
1.999 0.932
2.931 0.932
3.887 0.956
4.892 1.005
5.955 1.063
7.003 1.048
7.983 0.98
8.932 0.949
9.867 0.935
10.785 0.918
11.733 0.948
12.679 0.946
13.589 0.91
14.469 0.88
15.296 0.827
16.107 0.811
16.944 0.837
17.79 0.846
18.664 0.874
19.424 0.76
19.954 0.53
20.233 0.279
26.999 0.429
27.426 0.427
28.33 0.904
31.532 3.202
32.577 1.045
33.657 1.08
34.699 1.042
35.534 0.835
36.345 0.811
37.183 0.838
38.148 0.965
39.089 0.941
40.118 1.029
41.122 1.004
42.011 0.889
42.882 0.871
43.792 0.91
44.726 0.934
45.61 0.884
46.503 0.893
47.358 0.855
48.153 0.795
48.932 0.779
49.688 0.756
50.53 0.842
51.355 0.825
52.287 0.932
53.255 0.968
54.177 0.922
55.069 0.892
55.957 0.888
56.838 0.881
57.645 0.807
58.439 0.794
59.226 0.787
60.064 0.838
60.98 0.916
61.843 0.863
62.708 0.865
63.685 0.977
64.662 0.977
65.607 0.945
66.45 0.843
67.286 0.836
68.184 0.898
69.167 0.983
70.171 1.004
71.202 1.031
72.297 1.095
73.352 1.055
74.322 0.97
75.292 0.97
76.248 0.956
77.188 0.94
78.085 0.897
78.998 0.913
79.954 0.956
80.968 1.014
81.997 1.029
83.009 1.012
84.015 1.006
84.951 0.936
85.889 0.938
86.926 1.037
87.963 1.037
88.957 0.994
89.983 1.026
91.033 1.05
92.067 1.034
93.053 0.986
94.012 0.959
94.975 0.963
95.925 0.95
96.829 0.904
97.698 0.869
98.533 0.835
99.339 0.806
100.14 0.801
101.03 0.89
102.248 1.218
103.398 1.15
104.477 1.079
105.567 1.09
106.614 1.047
107.591 0.977
108.526 0.935
109.467 0.941
110.444 0.977
111.421 0.977
112.357 0.936
113.356 0.999
114.441 1.085
115.415 0.974
116.372 0.957
117.373 1.001
118.389 1.016
119.422 1.033
120.504 1.082
121.579 1.075
122.581 1.002
123.609 1.028
124.704 1.095
125.726 1.022
126.702 0.976
127.678 0.976
128.573 0.895
129.505 0.932
130.578 1.073
131.61 1.032
132.527 0.917
133.45 0.923
134.382 0.932
135.273 0.891
136.229 0.956
137.204 0.975
138.147 0.943
139.045 0.898
139.968 0.923
140.882 0.914
141.824 0.942
142.744 0.92
143.636 0.892
144.596 0.96
145.649 1.053
146.74 1.091
147.798 1.058
148.759 0.961
149.677 0.918
150.579 0.902
151.536 0.957
152.522 0.986
153.519 0.997
154.466 0.947
155.442 0.976
156.452 1.01
157.498 1.046
158.531 1.033
159.462 0.931
160.413 0.951
161.373 0.96
162.329 0.956
163.311 0.982
164.302 0.991
165.295 0.993
166.235 0.94
167.121 0.886
168.017 0.896
168.938 0.921
169.89 0.952
170.814 0.924
171.766 0.952
172.794 1.028
173.851 1.057
174.903 1.052
175.876 0.973
176.827 0.951
177.802 0.975
178.856 1.054
179.892 1.036
180.84 0.948
181.79 0.95
182.781 0.991
183.845 1.064
184.868 1.023
185.923 1.055
187.025 1.102
188.093 1.068
189.126 1.033
190.147 1.021
191.14 0.993
192.089 0.949
192.977 0.888
193.858 0.881
194.743 0.885
195.634 0.891
196.499 0.865
197.341 0.842
198.199 0.858
199.077 0.878
199.945 0.868
200.829 0.884
201.751 0.922
202.668 0.917
203.502 0.834
204.345 0.843
205.205 0.86
206.05 0.845
206.875 0.825
207.681 0.806
208.478 0.797
209.276 0.798
210.054 0.778
210.846 0.792
211.696 0.85
212.704 1.008
213.758 1.054
214.718 0.96
215.654 0.936
216.557 0.903
217.476 0.919
218.347 0.871
219.242 0.895
220.154 0.912
221.165 1.011
222.199 1.034
223.186 0.987
224.167 0.981
225.13 0.963
226.103 0.973
227.032 0.929
227.956 0.924
228.899 0.943
229.875 0.976
230.857 0.982
231.816 0.959
232.797 0.981
233.774 0.977
234.76 0.986
235.692 0.932
236.67 0.978
237.544 0.874
238.366 0.822
239.203 0.837
240.013 0.81
240.84 0.827
241.705 0.865
242.596 0.891
243.512 0.916
244.403 0.891
245.319 0.916
246.313 0.994
247.391 1.078
248.466 1.075
249.481 1.015
250.427 0.946
251.37 0.943
252.329 0.959
253.319 0.99
254.269 0.95
255.173 0.904
256.091 0.918
257.099 1.008
258.16 1.061
259.213 1.053
260.19 0.977
261.17 0.98
262.176 1.006
263.208 1.032
264.194 0.986
265.109 0.915
266.036 0.927
266.986 0.95
267.997 1.011
268.997 1.0
269.937 0.94
270.842 0.905
271.788 0.946
272.763 0.975
273.733 0.97
274.635 0.902
275.478 0.843
276.277 0.799
277.107 0.83
277.983 0.876
278.926 0.943
279.761 0.835
280.561 0.8
281.38 0.819
282.183 0.803
282.991 0.808
283.851 0.86
284.754 0.903
285.652 0.898
286.535 0.883
287.385 0.85
288.272 0.887
289.236 0.964
290.227 0.991
291.178 0.951
292.096 0.918
293.048 0.952
294.028 0.98
295.062 1.034
296.078 1.016
297.039 0.961
297.928 0.889
298.821 0.893
299.729 0.908
300.676 0.947
301.662 0.986
302.619 0.957
303.586 0.967
304.596 1.01
305.637 1.041
306.642 1.005
307.548 0.906
308.484 0.936
309.47 0.986
310.455 0.985
311.361 0.906
312.324 0.963
313.347 1.023
314.404 1.057
315.346 0.942
316.259 0.913
317.162 0.903
318.084 0.922
319.002 0.918
319.917 0.915
320.869 0.952
321.899 1.03
322.878 0.979
323.811 0.933
324.727 0.916
325.65 0.923
326.558 0.908
327.438 0.88
328.335 0.897
329.282 0.947
330.32 1.038
331.353 1.033
332.311 0.958
333.281 0.97
334.243 0.962
335.163 0.92
336.025 0.862
336.881 0.856
337.774 0.893
338.741 0.967
339.688 0.947
340.609 0.921
341.527 0.918
342.469 0.942
343.433 0.964
344.343 0.91
345.258 0.915
346.217 0.959
347.213 0.996
348.181 0.968
349.094 0.913
350.048 0.954
351.008 0.96
351.97 0.962
352.866 0.896
353.75 0.884
354.678 0.928
355.648 0.97
356.611 0.963
357.52 0.909
358.435 0.915
359.389 0.954
360.396 1.007
361.434 1.038
362.398 0.964
363.334 0.936
364.268 0.934
365.228 0.96
366.26 1.032
367.328 1.068
368.316 0.988
369.29 0.974
370.233 0.943
371.065 0.832
371.85 0.785
372.632 0.782
373.413 0.781
374.179 0.766
374.983 0.804
375.829 0.846
376.753 0.924
377.69 0.937
378.602 0.912
379.478 0.876
380.298 0.82
381.126 0.828
382.008 0.882
382.968 0.96
383.939 0.971
384.864 0.925
385.78 0.916
386.708 0.928
387.691 0.983
388.665 0.974
389.6 0.935
390.475 0.875
391.358 0.883
392.347 0.989
393.492 1.145
394.584 1.092
395.597 1.013
396.523 0.926
397.409 0.886
398.301 0.892
399.257 0.956
400.257 1.0
401.245 0.988
402.172 0.927
403.083 0.911
404.027 0.944
405.007 0.98
405.984 0.977
406.913 0.929
407.801 0.888
408.715 0.914
409.688 0.973
410.689 1.001
411.627 0.938
412.518 0.891
413.405 0.887
414.356 0.951
415.374 1.018
416.413 1.039
417.386 0.973
418.304 0.918
419.23 0.926
420.211 0.981
421.207 0.996
422.189 0.982
423.116 0.927
424.024 0.908
424.971 0.947
426.011 1.04
427.037 1.026
428.006 0.969
428.931 0.925
429.874 0.943
430.831 0.957
431.799 0.968
432.73 0.931
433.625 0.895
434.558 0.933
435.555 0.997
436.564 1.009
437.514 0.95
438.409 0.895
439.307 0.898
440.223 0.916
441.11 0.887
441.954 0.844
442.771 0.817
443.61 0.839
444.523 0.913
445.536 1.013
446.513 0.977
447.468 0.955
448.437 0.969
449.402 0.965
450.369 0.967
451.299 0.93
452.181 0.882
453.068 0.887
453.982 0.914
454.947 0.965
455.923 0.976
456.841 0.918
457.768 0.927
458.726 0.958
459.713 0.987
460.676 0.963
461.613 0.937
462.54 0.927
463.469 0.929
464.294 0.825
465.085 0.791
465.889 0.804
466.716 0.827
467.513 0.797
468.319 0.806
469.128 0.809
469.989 0.861
470.868 0.879
471.736 0.868
472.568 0.832
473.391 0.823
474.287 0.896
475.383 1.096
476.527 1.144
477.553 1.026
478.51 0.957
479.448 0.938
480.362 0.914
481.273 0.911
482.153 0.88
482.982 0.829
483.83 0.848
484.722 0.892
485.671 0.949
486.611 0.94
487.517 0.906
488.399 0.882
489.315 0.916
490.279 0.964
491.245 0.966
492.158 0.913
493.009 0.851
493.852 0.843
494.724 0.872
495.683 0.959
496.683 1.0
497.65 0.967
498.603 0.953
499.587 0.984
500.575 0.988
501.572 0.997
502.512 0.94
503.435 0.923
504.355 0.92
505.293 0.938
506.186 0.893
507.099 0.913
508.052 0.953
509.027 0.975
509.978 0.951
510.856 0.878
511.749 0.893
512.679 0.93
513.62 0.941
514.568 0.948
515.479 0.911
516.325 0.846
517.157 0.832
518.013 0.856
518.897 0.884
519.84 0.943
520.754 0.914
521.635 0.881
522.533 0.898
523.48 0.947
524.468 0.988
525.423 0.955
526.349 0.926
527.269 0.92
528.181 0.912
529.074 0.893
529.928 0.854
530.769 0.841
531.614 0.845
532.511 0.897
533.484 0.973
534.457 0.973
535.464 1.007
536.529 1.065
537.614 1.085
538.617 1.003
539.597 0.98
540.567 0.97
541.539 0.972
542.466 0.927
543.348 0.882
544.278 0.93
545.319 1.041
546.435 1.116
547.475 1.04
548.521 1.046
549.536 1.015
550.498 0.962
551.448 0.95
552.415 0.967
553.413 0.998
554.433 1.02
555.397 0.964
556.364 0.967
557.322 0.958
558.289 0.967
559.242 0.953
560.147 0.905
561.082 0.935
562.079 0.997
563.092 1.013
563.951 0.859
564.775 0.824
565.62 0.845
566.471 0.851
567.314 0.843
568.232 0.918
569.335 1.103
570.428 1.093
571.444 1.016
572.36 0.916
573.242 0.882
574.14 0.898
575.124 0.984
576.129 1.005
577.086 0.957
578.02 0.934
578.994 0.974
580.034 1.04
581.076 1.042
582.041 0.965
582.954 0.913
583.881 0.927
584.858 0.977
585.906 1.048
586.913 1.007
587.862 0.949
588.803 0.941
589.785 0.982
590.787 1.002
591.757 0.97
592.663 0.906
593.562 0.899
594.487 0.925
595.438 0.951
596.394 0.956
597.314 0.92
598.179 0.865
599.061 0.882
599.984 0.923
600.92 0.936
601.814 0.894
602.703 0.889
603.592 0.889
604.457 0.865
605.31 0.853
606.142 0.832
606.96 0.818
607.79 0.83
608.629 0.839
609.44 0.811
610.238 0.798
611.026 0.788
611.827 0.801