0.000 0.853
0.853 0.853
1.692 0.839
2.552 0.86
3.396 0.844
4.252 0.856
5.129 0.877
6.014 0.885
6.901 0.887
7.696 0.795
8.453 0.757
9.204 0.751
9.964 0.76
10.739 0.775
11.552 0.813
12.418 0.866
13.294 0.876
14.165 0.871
15.023 0.858
15.864 0.841
16.705 0.841
17.531 0.826
18.354 0.823
19.2 0.846
20.095 0.895
21.048 0.953
22.019 0.971
22.986 0.967
23.94 0.954
24.851 0.911
25.752 0.901
26.612 0.86
27.465 0.853
28.359 0.894
29.294 0.935
30.256 0.962
31.221 0.965
32.134 0.913
33.023 0.889
33.887 0.864
34.716 0.829
35.529 0.813
36.34 0.811
37.164 0.824
38.016 0.852
38.862 0.846
39.687 0.825
40.488 0.801
41.295 0.807
42.084 0.789
42.863 0.779
43.657 0.794
44.478 0.821
45.346 0.868
46.256 0.91
47.183 0.927
48.074 0.891
48.919 0.845
49.771 0.852
50.646 0.875
51.559 0.913
52.486 0.927
53.409 0.923
54.28 0.871
55.128 0.848
55.999 0.871
56.905 0.906
57.836 0.931
58.785 0.949
59.714 0.929
60.625 0.911
61.499 0.874
62.377 0.878
63.283 0.906
64.193 0.91
65.072 0.879
65.906 0.834
66.716 0.81
67.544 0.828
68.37 0.826
69.169 0.799
69.984 0.815
70.821 0.837
71.702 0.881
72.666 0.964
73.638 0.972
74.58 0.942
75.519 0.939
76.411 0.892
77.286 0.875
78.137 0.851
79.0 0.863
79.861 0.861
80.722 0.861
81.573 0.851
82.433 0.86
83.31 0.877
84.214 0.904
85.128 0.914
86.048 0.92
86.928 0.88
87.762 0.834
88.582 0.82
89.417 0.835
90.293 0.876
91.28 0.987
92.274 0.994
93.243 0.969
94.151 0.908
95.003 0.852
95.846 0.843
96.692 0.846
97.569 0.877
98.475 0.906
99.38 0.905
100.275 0.895
101.112 0.837
101.944 0.832
102.779 0.835
103.615 0.836
104.47 0.855
105.344 0.874
106.2 0.856
107.024 0.824
107.842 0.818
108.678 0.836
109.534 0.856
110.421 0.887
111.34 0.919
112.245 0.905
113.096 0.851
113.911 0.815
114.723 0.812
115.545 0.822
116.397 0.852
117.306 0.909
118.243 0.937
119.18 0.937
120.072 0.892
120.92 0.848
121.761 0.841
122.6 0.839
123.429 0.829
124.233 0.804
125.012 0.779
125.784 0.772
126.55 0.766
127.307 0.757
128.085 0.778
128.906 0.821
129.797 0.891
130.732 0.935
131.64 0.908
132.512 0.872
133.335 0.823
134.149 0.814
134.974 0.825
135.818 0.844
136.687 0.869
137.553 0.866
138.428 0.875
139.271 0.843
140.092 0.821
140.933 0.841
141.82 0.887
142.726 0.906
143.647 0.921
144.567 0.92
145.464 0.897
146.353 0.889
147.253 0.9
148.154 0.901
149.045 0.891
149.931 0.886
150.778 0.847
151.624 0.846
152.479 0.855
153.358 0.879
154.268 0.91
155.182 0.914
156.08 0.898
156.942 0.862
157.804 0.862
158.668 0.864
159.546 0.878
160.44 0.894
161.335 0.895
162.209 0.874
163.063 0.854
163.91 0.847
164.762 0.852
165.631 0.869
166.516 0.885
167.378 0.862
168.211 0.833
169.057 0.846
169.938 0.881
170.837 0.899
171.761 0.924
172.654 0.893
173.503 0.849
174.356 0.853
175.226 0.87
176.13 0.904
177.054 0.924
177.979 0.925
178.877 0.898
179.74 0.863
180.603 0.863
181.465 0.862
182.351 0.886
183.266 0.915
184.195 0.929
185.105 0.91
185.97 0.865
186.836 0.866
187.701 0.865
188.576 0.875
189.462 0.886
190.355 0.893
191.238 0.883
192.084 0.846
192.932 0.848
193.793 0.861
194.667 0.874
195.555 0.888
196.44 0.885
197.307 0.867
198.145 0.838
198.951 0.806
199.74 0.789
200.536 0.796
201.363 0.827
202.234 0.871
203.139 0.905
204.048 0.909
204.943 0.895
205.791 0.848
206.629 0.838
207.467 0.838
208.356 0.889
209.259 0.903
210.17 0.911
211.097 0.927
211.984 0.887
212.83 0.846
213.665 0.835
214.514 0.849
215.395 0.881
216.326 0.931
217.285 0.959
218.214 0.929
219.125 0.911
220.014 0.889
220.877 0.863
221.718 0.841
222.537 0.819
223.344 0.807
224.171 0.827
225.024 0.853
225.873 0.849
226.696 0.823
227.495 0.799
228.303 0.808
229.083 0.78
229.853 0.77
230.626 0.773
231.42 0.794
232.259 0.839
233.177 0.918
234.115 0.938
235.066 0.951
235.995 0.929
236.891 0.896
237.774 0.883
238.649 0.875
239.509 0.86
240.354 0.845
241.19 0.836
242.023 0.833
242.873 0.85
243.749 0.876
244.649 0.9
245.564 0.915
246.459 0.895
247.327 0.868
248.194 0.867
249.07 0.876
249.965 0.895
250.846 0.881
251.705 0.859
252.531 0.826
253.369 0.838
254.232 0.863
255.133 0.901
256.046 0.913
256.945 0.899
257.847 0.902
258.715 0.868
259.562 0.847
260.397 0.835
261.195 0.798
261.956 0.761
262.715 0.759
263.483 0.768
264.26 0.777
265.049 0.789
265.885 0.836
266.756 0.871
267.669 0.913
268.576 0.907
269.458 0.882
270.305 0.847
271.116 0.811
271.909 0.793
272.705 0.796
273.524 0.819
274.391 0.867
275.309 0.918
276.243 0.934
277.153 0.91
278.055 0.902
278.91 0.855
279.739 0.829
280.578 0.839
281.435 0.857
282.35 0.915
283.296 0.946
284.237 0.941
285.159 0.922
286.044 0.885
286.885 0.841
287.724 0.839
288.577 0.853
289.449 0.872
290.334 0.885
291.217 0.883
292.107 0.89
292.961 0.854
293.818 0.857
294.673 0.855
295.552 0.879
296.446 0.894
297.338 0.892
298.202 0.864
299.038 0.836
299.875 0.837
300.714 0.839
301.588 0.874
302.5 0.912
303.429 0.929
304.358 0.929
305.251 0.893
306.118 0.867
306.987 0.869
307.876 0.889
308.798 0.922
309.719 0.921
310.614 0.895
311.467 0.853
312.317 0.85
313.188 0.871
314.097 0.909
315.076 0.979
316.099 1.023
317.112 1.013
318.087 0.975
319.029 0.942
319.952 0.923
320.848 0.896
321.736 0.888
322.612 0.876
323.457 0.845
324.308 0.851
325.174 0.866
326.074 0.9
327.011 0.937
327.948 0.937
328.837 0.889
329.681 0.844
330.475 0.794
331.261 0.786
332.047 0.786
332.852 0.805
333.683 0.831
334.522 0.839
335.354 0.832
336.247 0.893
337.13 0.883
337.985 0.855
338.827 0.842
339.661 0.834
340.488 0.827
341.313 0.825
342.121 0.808
342.92 0.799
343.727 0.807
344.558 0.831
345.419 0.861
346.326 0.907
347.241 0.915
348.13 0.889
349.009 0.879
349.893 0.884
350.774 0.881
351.653 0.879
352.512 0.859
353.338 0.826
354.159 0.821
354.982 0.823
355.82 0.838
356.68 0.86
357.533 0.853
358.372 0.839
359.216 0.844
360.063 0.847
360.921 0.858
361.819 0.898
362.709 0.89
363.579 0.87
364.458 0.879
365.354 0.896
366.263 0.909
367.176 0.913
368.078 0.902
368.956 0.878
369.805 0.849
370.653 0.848
371.519 0.866
372.409 0.89
373.319 0.91
374.21 0.891
375.076 0.866
375.94 0.864
376.802 0.862
377.694 0.892
378.586 0.892
379.459 0.873
380.291 0.832
381.105 0.814
381.917 0.812
382.75 0.833
383.635 0.885
384.543 0.908
385.422 0.879
386.277 0.855
387.132 0.855
387.99 0.858
388.852 0.862
389.703 0.851
390.537 0.834
391.368 0.831
392.211 0.843
393.088 0.877
393.99 0.902
394.897 0.907
395.793 0.896
396.642 0.849
397.475 0.833
398.31 0.835
399.164 0.854
400.069 0.905
401.03 0.961
401.991 0.961
402.923 0.932
403.852 0.929
404.788 0.936
405.697 0.909
406.578 0.881
407.435 0.857
408.266 0.831
409.105 0.839
409.974 0.869
410.886 0.912
411.82 0.934
412.779 0.959
413.698 0.919
414.6 0.902
415.49 0.89
416.369 0.879
417.226 0.857
418.054 0.828
418.862 0.808
419.677 0.815
420.508 0.831
421.382 0.874
422.274 0.892
423.165 0.891
424.051 0.886
424.937 0.886
425.812 0.875
426.669 0.857
427.504 0.835
428.311 0.807
429.11 0.799
429.888 0.778
430.659 0.771
431.412 0.753
432.169 0.757
432.948 0.779
433.728 0.78
434.506 0.778
435.294 0.788
436.114 0.82
436.979 0.865
437.869 0.89
438.744 0.875
439.585 0.841
440.436 0.851
441.293 0.857
442.153 0.86
443.01 0.857
443.843 0.833
444.663 0.82
445.506 0.843
446.41 0.904
447.449 1.039
448.529 1.08
449.502 0.973
450.457 0.955
451.389 0.932
452.3 0.911
453.165 0.865
453.998 0.833
454.854 0.856
455.758 0.904
456.727 0.969
457.797 1.07
458.841 1.044
459.833 0.992
460.812 0.979
461.802 0.99
462.769 0.967
463.696 0.927
464.597 0.901
465.476 0.879
466.362 0.886
467.287 0.925
468.237 0.95
469.191 0.954
470.138 0.947
471.072 0.934
472.012 0.94
472.905 0.893
473.806 0.901
474.734 0.928
475.685 0.951
476.641 0.956
477.604 0.963
478.524 0.92
479.394 0.87
480.273 0.879
481.212 0.939
482.18 0.968
483.108 0.928
484.038 0.93
484.91 0.872
485.796 0.886
486.685 0.889
487.567 0.882
488.461 0.894
489.337 0.876
490.172 0.835
490.976 0.804
491.786 0.81
492.616 0.83
493.485 0.869
494.419 0.934
495.361 0.942
496.249 0.888
497.119 0.87
498.001 0.882
498.899 0.898
499.804 0.905
500.707 0.903
501.583 0.876
502.429 0.846
503.276 0.847
504.093 0.817
504.887 0.794
505.671 0.784
506.491 0.82
507.31 0.819
508.111 0.801
508.915 0.804
509.726 0.811
510.549 0.823
511.397 0.848
512.243 0.846
513.081 0.838
513.94 0.859
514.816 0.876
515.704 0.888
516.569 0.865
517.4 0.831
518.226 0.826
519.075 0.849
519.946 0.871
520.851 0.905
521.741 0.89
522.63 0.889
523.533 0.903
524.443 0.91
525.364 0.921
526.271 0.907
527.151 0.88
528.041 0.89
528.954 0.913
529.87 0.916
530.805 0.935
531.712 0.907
532.595 0.883
533.482 0.887
534.377 0.895
535.277 0.9
536.184 0.907
537.079 0.895
538.006 0.927
538.969 0.963
539.954 0.985
540.905 0.951
541.793 0.888
542.665 0.872
543.54 0.875
544.424 0.884
545.311 0.887
546.197 0.886
547.049 0.852
547.896 0.847
548.76 0.864
549.658 0.898
550.595 0.937
551.517 0.922
552.417 0.9
553.315 0.898
554.213 0.898
555.109 0.896
556.008 0.899
556.906 0.898
557.848 0.942
558.82 0.972
559.781 0.961
560.717 0.936
561.629 0.912
562.48 0.851
563.308 0.828
564.136 0.828
564.986 0.85
565.89 0.904
566.803 0.913
567.693 0.89
568.595 0.902
569.511 0.916
570.464 0.953
571.437 0.973
572.368 0.931
573.314 0.946
574.245 0.931
575.152 0.907
576.033 0.881
576.891 0.858
577.762 0.871
578.654 0.892
579.565 0.911
580.498 0.933
581.409 0.911
582.29 0.881
583.168 0.878
584.045 0.877
584.932 0.887
585.808 0.876
586.66 0.852
587.512 0.852
588.376 0.864
589.252 0.876
590.141 0.889
591.035 0.894
591.915 0.88
592.782 0.867
593.638 0.856
594.485 0.847
595.329 0.844
596.166 0.837
596.989 0.823
597.82 0.831
598.69 0.87
599.577 0.887
600.415 0.838
601.221 0.806
602.033 0.812