0
0
1.238
2.585
3.569
4.756
5.9
6.896
6.896
8.118
9.246
10.402
11.659
12.795
14.009
15.262
16.426
17.722
19.128
19.128
20.272
21.471
22.56
23.688
24.93
26.035
27.245
28.495
29.631
30.873
32.13
33.278
34.551
35.777
36.929
37.393
38.162
39.22
40.427
41.688
42.801
44.078
45.343
46.507
47.78
48.955
50.142
51.247
52.36
53.57
54.777
55.855
57.077
58.307
59.486
60.763
61.981
63.148
64.425
65.604
66.756
68.002
69.166
70.447
71.728
72.864
74.149
75.445
76.691
78.066
79.319
80.565
81.928
83.142
84.411
85.672
86.836
88.16
89.433
90.686
92.025
93.251
94.485
95.777
96.972
98.21
99.44
100.701
101.911
103.176
104.422
105.621
106.929
108.128
109.409
110.69
111.92
113.201
114.392
115.602
116.859
118.019
119.319
120.604
121.846
122.943
123.958
125.09
126.195
127.355
128.589
129.674
130.881
132.115
133.329
134.582
135.726
136.878
138.17
139.334
140.626
141.915
143.118
144.391
145.644
146.811
148.029
149.255
150.426
151.668
152.863
154.07
155.331
156.522
157.772
158.873
160.138
161.235
162.442
163.641
164.797
165.789
166.898
168.058
169.237
170.182
171.271
172.298
173.372
174.282
175.192
176.344
177.426
178.304
179.268
180.205
181.025
181.763
182.528
183.594
184.73
185.792
186.842
187.955
189.013
190.192
191.317
192.387
193.574
194.683
195.8
196.999
198.069
199.26
200.392
201.587
202.77
203.945
205.202
206.358
207.6
208.81
209.95
211.192
212.356
213.559
214.672
215.797
217.015
218.214
219.292
220.463
221.611
222.786
224.067
225.211
226.39
227.616
228.799
230.017
231.255
232.462
233.712
234.895
236.07
237.308
238.39
239.534
240.678
241.845
243.075
244.258
245.41
246.656
247.847
249.003
250.253
251.456
252.67
253.962
255.141
256.387
257.629
258.781
259.988
261.167
262.319
263.588
264.798
265.962
267.176
268.289
269.429
270.62
271.694
272.92
274.08
275.208
276.411
277.5
278.718
279.956
281.131
282.369
283.54
284.715
285.738
286.839
288.061
289.256
290.369
291.591
292.743
293.895
295.141
296.308
297.46
298.67
299.806
301.005
302.223
303.359
304.589
305.858
307.029
308.247
309.45
310.606
311.828
312.98
314.124
315.358
316.502
317.638
318.86
320.004
321.129
322.289
323.378
324.538
325.733
326.815
327.986
329.134
330.204
331.387
332.535
333.636
334.843
336.038
337.221
338.451
339.611
340.794
342.036
343.18
344.398
345.569
346.651
347.842
349.006
350.185
351.415
352.563
353.719
354.918
355.964
356.897
357.904
359.044
360.161
361.399
362.547
363.757
364.971
366.115
367.325
368.535
369.656
370.863
372.019
373.214
374.526
375.686
376.916
378.126
379.309
380.605
381.753
383.006
384.201
385.376
386.602
387.746
388.98
390.19
391.373
392.623
393.779
394.97
396.157
397.188
398.363
399.597
400.702
401.901
403.08
404.189
405.396
406.661
407.848
409.129
410.312
411.503
412.741
413.908
415.079
416.274
417.43
418.691
419.944
421.08
422.31
423.563
424.684
425.894
427.073
428.225
429.424
430.611
431.767
432.938
433.922
434.949
436.152
437.409
438.506
439.705
440.966
442.118
443.274
444.535
445.71
446.92
448.091
449.262
450.492
451.679
452.893
454.205
455.412
456.611
457.626
458.825
459.965
461.136
462.37
463.502
464.658
465.841
466.997
468.125
469.304
470.448
471.639
472.857
474.013
475.2
476.375
477.519
478.718
479.917
481.1
482.447
483.654
484.837
486.102
487.281
488.488
489.691
490.851
492.011
493.12
494.155
495.338
496.486
497.657
498.871
500.042
501.213
502.42
503.58
504.751
505.903
507.07
508.257
509.448
510.631
511.802
512.938
514.063
515.203
516.339
517.69
518.94
520.119
521.322
522.493
523.688
524.848
526.012
527.168
528.308
529.46
530.596
531.654
532.841
533.813
534.875
535.984
537.159
538.295
539.486
540.693
541.849
543.032
544.199
545.374
546.541
547.712
548.891
550.051
551.222
552.62
553.877
555.052
556.247
557.395
558.543
559.757
560.96
562.131
563.33
564.529
565.685
566.696
567.813
568.988
570.136
571.292
572.502
573.841
575.001
576.172
577.382
578.546
579.706
581.077
582.323
583.42
584.63
586.005
587.215
588.379
589.711
591.023
592.167
593.358
594.697
595.97
597.192
598.527
599.796
600.967
602.154
603.31
604.477
605.644
606.972
608.136
609.421
610.647
611.826
613.029
614.208
615.383
616.566
617.726
618.897
620.068
621.427
622.684
623.738
624.933
626.077
627.202
628.35
629.494
630.661
631.832
632.98
634.108
635.252
636.435
637.731
638.879
640.125
641.347
642.507
643.678
645.029
646.208
647.481
648.688
649.871
651.206
652.397
653.588
654.798
655.95
657.141
658.469
659.656
660.956
662.174
663.349
664.524
665.68
667.015
668.327
669.553
670.662
671.704
672.864
673.973
675.109
676.23
677.288
678.346
679.529
680.665
681.821
683.153
684.367
685.562
686.745
687.897
689.041
690.193
691.341
692.505
693.649
694.82
695.984
697.128
698.292
699.463
700.611
701.778
702.945
704.089
705.26
706.424
707.564
708.735
709.754
710.683
711.858
713.022
714.166
715.33
716.513
717.657
718.817
719.981
721.125
722.289
723.456
724.604
725.756
726.935
728.099
729.255
730.415
731.567
732.731
734.133
735.367
736.581
737.741
738.881
740.048
741.446
742.692
743.91
745.214
746.428
747.689
748.939
750.091
751.258
752.449
753.605
754.78
756.135
757.396
758.583
759.801
760.949
762.105
763.276
764.467
765.654
766.821
768.035
769.195
770.386
771.557
772.697
773.853
775.001
776.333
777.438
778.633
779.793
780.804
781.315
781.315
