0
0.492
0.765
1.14
1.335
2.264
3.178
3.998
4.837
5.708
6.637
7.672
8.632
9.585
11.323
12.166
13.005
13.84
14.668
15.484
16.304
17.112
17.916
18.748
19.572
20.368
21.129
21.902
22.648
23.425
24.194
24.944
25.658
26.361
27.083
27.817
28.57
29.316
30.062
30.796
31.514
32.228
32.942
33.645
34.355
35.077
35.827
36.619
37.451
38.329
39.254
40.226
41.237
42.233
43.139
44.017
44.915
45.977
46.91
47.765
48.624
49.51
50.439
51.325
52.172
53.011
53.85
54.689
55.521
56.376
57.297
58.3
59.284
60.307
61.326
62.286
63.223
64.176
65.14
65.995
66.858
67.768
68.748
69.681
70.602
71.512
72.363
73.155
73.936
74.721
75.564
76.603
77.645
78.676
79.66
80.562
81.444
82.319
83.17
83.998
84.83
85.669
86.501
87.376
88.317
89.348
90.336
91.265
92.159
93.034
93.979
94.932
95.857
96.79
97.754
98.671
99.542
100.428
101.381
102.361
103.302
104.27
105.25
106.136
106.999
107.877
108.806
109.716
110.645
111.605
112.573
113.467
114.342
115.217
116.06
116.868
117.68
118.508
119.398
120.378
121.276
122.166
123.068
123.985
124.852
125.723
126.613
127.53
128.412
129.329
130.246
131.187
132.089
132.936
133.76
134.592
135.424
136.373
137.38
138.395
139.359
140.28
141.131
141.966
142.782
143.61
144.481
145.438
146.531
147.652
148.737
149.744
150.697
151.642
152.614
153.582
154.46
155.295
156.146
157.052
158.098
159.144
160.093
161.03
161.959
162.869
163.724
164.591
165.497
166.485
167.485
168.508
169.586
170.57
171.495
172.436
173.467
174.513
175.458
176.368
177.293
178.242
179.113
179.972
180.878
181.858
182.865
183.802
184.688
185.57
186.491
187.432
188.381
189.283
190.161
191.036
191.907
192.754
193.578
194.417
195.303
196.279
197.247
198.133
199.015
199.932
200.877
201.83
202.744
203.599
204.434
205.281
206.171
207.139
208.135
209.123
210.126
211.137
212.129
213.121
214.097
215.073
215.998
216.927
217.884
218.86
219.766
220.711
221.746
222.859
223.839
224.776
225.721
226.666
227.572
228.431
229.302
230.219
231.25
232.296
233.335
234.389
235.447
236.431
237.38
238.329
239.305
240.238
241.187
242.222
243.257
244.171
245.042
245.94
246.924
248.052
249.145
250.148
251.132
252.096
252.998
253.884
254.766
255.703
256.624
257.6
258.662
259.712
260.727
261.738
262.738
263.648
264.558
265.468
266.374
267.241
268.1
268.943
269.798
270.7
271.653
272.606
273.547
274.402
275.222
276.03
276.842
277.681
278.591
279.548
280.536
281.481
282.484
283.609
284.694
285.764
286.799
287.775
288.708
289.645
290.602
291.633
292.672
293.687
294.612
295.518
296.471
297.443
298.396
299.302
300.219
301.176
302.109
303.058
304.05
305.01
305.947
306.88
307.778
308.649
309.516
310.371
311.226
312.112
313.08
314.029
315.001
316.04
317.024
317.914
318.792
319.674
320.533
321.439
322.388
323.376
324.348
325.398
326.499
327.549
328.615
329.665
330.633
331.621
332.656
333.683
334.643
335.635
336.689
337.7
338.711
339.703
340.617
341.538
342.479
343.385
344.314
345.239
346.117
346.992
347.863
348.706
349.514
350.314
351.083
351.868
352.746
353.679
354.636
355.581
356.498
357.38
358.243
359.067
359.891
360.73
361.616
362.537
363.462
364.387
365.324
366.249
367.143
368.018
368.885
369.728
370.563
371.438
372.418
373.375
374.367
375.359
376.28
377.19
378.092
378.939
379.778
380.602
381.398
382.222
383.077
384.045
385.017
386.052
387.11
388.07
389.003
389.897
390.748
391.615
392.556
393.466
394.391
395.383
396.336
397.238
398.093
398.96
399.842
400.705
401.544
402.379
403.214
404.038
404.838
405.623
406.388
407.153
407.918
408.668
409.46
410.323
411.264
412.213
413.127
414.029
414.911
415.735
416.547
417.414
418.46
419.545
420.638
421.747
422.821
423.867
424.87
425.83
426.755
427.672
428.566
429.425
430.3
431.221
432.189
433.216
434.356
435.375
436.304
437.229
438.186
439.193
440.146
441.099
442.079
443.016
443.922
444.824
445.741
446.635
447.533
448.474
449.47
450.411
451.371
452.359
453.316
454.23
455.14
456.057
456.971
457.846
458.689
459.521
460.38
461.321
462.309
463.234
464.151
465.08
465.99
466.829
467.637
468.441
469.257
470.092
470.939
471.778
472.637
473.531
474.48
475.448
476.436
477.451
478.478
479.435
480.349
481.29
482.305
483.355
484.327
485.264
486.181
487.102
488.008
488.906
489.823
490.756
491.634
492.505
493.376
494.251
495.141
495.996
496.843
497.686
498.529
499.353
500.165
500.973
501.793
502.621
503.425
504.233
505.088
506.06
507.083
508.047
508.949
509.82
510.687
511.562
512.425
513.307
514.236
515.243
516.215
517.175
518.1
518.963
519.795
520.595
521.387
522.207
523.066
523.901
524.752
525.63
526.559
527.465
528.328
530.066
531.007
532.014
533.041
534.025
534.962
535.852
536.687
537.515
538.358
539.244
540.142
541.067
542.039
543.093
544.132
545.186
546.213
547.201
548.111
549.025
549.966
550.977
551.894
552.804
553.768
554.756
555.666
556.576
557.478
558.368
559.215
560.047
560.875
561.722
562.608
563.502
564.47
565.587
566.657
567.66
568.632
569.6
570.506
571.404
572.321
573.238
574.163
575.166
576.216
577.173
578.106
579.066
580.038
581.022
581.955
582.919
583.938
585.059
586.16
587.242
588.292
589.327
590.342
591.373
592.4
593.349
594.278
595.235
596.281
597.269
598.198
599.112
600.029
600.892
601.708
602.532
603.371
604.273
605.159
606.01
606.873
607.763
608.708
609.586
610.461
611.32
612.152
612.944
613.736
614.552
615.407
616.262
617.172
618.023
618.917
619.831
620.729
621.596
622.459
623.287
624.099
624.907
625.692
626.461
627.183
627.917
628.627
629.353
630.11
630.988
631.796
632.577
633.342
634.068
634.708
635.524
636.254
636.961
637.652
638.253
638.866
