0
0.195
0.773
1.726
2.604
3.432
4.221
5.013
5.774
6.516
7.266
8.023
8.749
9.409
10.557
11.623
12.123
13.115
13.872
14.067
14.809
15.566
16.249
16.924
17.541
18.232
18.872
19.52
20.16
20.792
21.424
22.064
22.728
23.524
24.512
25.453
26.433
27.382
28.249
29.124
30.096
31.232
32.267
33.099
33.985
35.215
36.175
36.928
37.635
38.42
39.666
40.623
41.939
42.884
43.684
44.488
45.312
46.269
47.159
47.998
48.97
50.028
51.125
52.046
52.881
53.701
54.689
55.606
56.797
57.777
58.648
59.538
60.436
61.381
62.283
63.107
63.95
64.946
66.067
67.086
67.996
68.882
69.757
70.6
71.713
72.654
73.579
74.352
75.168
76.023
76.87
77.733
78.674
79.619
80.583
81.528
82.43
83.363
84.355
85.601
86.272
87.186
88.154
89.029
89.884
90.708
91.629
92.644
93.659
94.588
95.463
96.377
97.326
98.232
99.099
100.575
101.774
102.688
103.57
104.448
105.354
106.385
107.361
108.282
109.235
110.25
111.281
112.195
113.027
113.905
114.862
115.881
116.857
117.732
118.603
119.509
120.387
121.23
122.05
122.925
123.85
124.74
125.556
126.348
127.129
127.964
128.835
129.643
130.42
131.228
132.118
133.008
133.867
134.769
135.675
136.553
137.365
138.177
139.036
139.875
140.722
141.55
142.339
143.19
144.107
145.095
145.985
146.906
147.894
148.905
149.822
150.681
151.567
152.504
153.406
154.253
155.077
155.955
156.955
157.935
158.817
159.688
160.66
161.71
162.67
163.545
164.447
165.415
166.348
167.226
168.128
169.104
170.08
170.986
171.837
172.68
173.527
174.37
175.217
176.158
177.181
178.169
179.047
179.867
180.714
181.612
182.529
183.47
184.341
185.173
186.051
187.011
187.991
188.889
189.709
190.533
191.439
192.384
193.251
194.106
195.008
195.949
196.894
197.819
198.756
199.701
200.587
201.481
202.395
203.422
204.347
205.222
206.175
207.19
208.139
208.967
209.81
210.767
211.841
212.841
213.786
214.703
215.656
216.667
217.643
218.537
219.49
220.45
221.407
222.27
223.062
223.866
224.748
225.74
226.661
227.536
228.465
229.449
230.421
231.296
232.163
233.034
233.897
234.686
235.467
236.279
237.157
238.071
238.949
239.788
240.698
241.701
242.654
243.532
244.379
245.316
246.327
247.342
248.259
249.153
250.11
251.106
252.047
252.918
253.816
254.78
255.772
256.67
257.537
258.513
259.579
260.575
261.461
262.398
263.386
264.374
265.295
266.158
267.048
267.973
268.871
269.718
270.608
271.576
272.576
273.474
274.38
275.356
276.344
277.285
278.14
278.983
279.861
280.782
281.711
282.546
283.389
284.31
285.321
286.27
287.145
288.055
289.019
289.964
290.839
291.659
292.502
293.361
294.31
295.2
296.047
296.957
297.929
298.886
299.757
300.628
301.534
302.483
303.354
304.174
305.025
305.903
306.879
307.773
308.675
309.624
310.62
311.526
312.361
313.22
314.141
315.062
315.925
316.741
317.506
318.252
318.943
319.669
320.528
321.496
322.371
323.191
323.987
324.768
325.56
326.368
327.137
327.875
328.57
329.249
329.94
330.709
331.591
332.473
333.351
334.218
335.139
336.135
337.127
338.025
338.888
339.77
340.715
341.711
342.605
343.483
344.428
345.447
346.404
347.325
348.274
349.215
350.062
350.854
351.631
352.435
353.263
354.087
354.856
355.645
356.473
357.355
358.214
359.006
359.798
360.649
361.582
362.48
363.335
364.124
364.924
365.767
366.657
367.574
368.429
369.225
370.037
370.951
371.904
372.841
373.751
374.731
375.746
376.761
377.753
378.651
379.479
380.33
381.263
382.247
383.145
383.922
384.644
385.327
386.073
387.104
388.135
389.197
390.243
391.102
391.93
392.742
393.531
394.327
395.108
395.846
396.623
397.509
398.446
399.461
400.433
401.323
402.201
403.13
404.09
405.05
405.967
406.81
407.657
408.516
409.379
410.257
411.132
411.991
412.83
413.626
414.454
415.309
416.226
417.163
418.041
418.873
419.705
420.544
421.434
422.355
423.19
424.022
424.893
425.818
426.747
427.606
428.391
429.164
429.956
430.764
431.619
432.435
433.196
433.973
434.816
435.808
436.819
437.709
438.595
439.552
440.536
441.489
442.364
443.16
443.941
444.737
445.557
446.408
447.204
447.961
448.75
449.605
450.519
451.421
452.256
453.095
453.993
454.926
455.816
456.64
457.425
458.21
459.049
459.959
460.849
461.677
462.493
463.344
464.222
465.065
465.877
466.681
467.567
468.578
469.546
470.413
471.209
472.017
472.841
473.688
474.559
475.394
476.198
477.022
477.963
478.99
479.9
480.778
481.66
482.566
483.511
484.397
485.225
486.076
486.927
487.79
488.61
489.391
490.195
491.058
491.979
492.838
493.646
494.485
495.387
496.375
497.332
498.191
499.019
499.882
500.792
501.749
502.631
503.482
504.38
505.317
506.274
507.145
507.957
508.785
509.66
510.597
511.581
512.479
513.303
514.123
515.072
516.06
517.009
517.907
518.844
519.816
520.784
521.705
522.525
523.275
523.954
524.629
525.636
526.651
527.615
528.49
529.337
530.223
531.109
531.995
532.858
533.678
534.451
535.193
535.954
536.797
537.695
538.648
539.534
540.358
541.178
542.033
542.911
543.735
544.508
545.222
545.901
546.568
547.263
548.02
548.848
549.758
550.617
551.452
552.327
553.241
554.135
555.037
555.865
556.661
557.45
558.239
559.114
559.961
560.757
561.577
562.455
563.431
564.329
565.153
565.973
566.816
567.718
568.569
569.354
570.17
571.025
571.915
572.758
573.582
574.476
575.417
576.35
577.225
578.037
578.841
579.712
580.649
581.617
582.534
583.389
584.271
585.185
586.044
586.84
587.578
588.288
589.108
590.182
591.244
592.279
593.196
594.223
595.285
596.343
597.311
598.244
599.138
599.962
600.751
601.571
602.41
603.296
604.167
604.979
605.791
606.732
607.778
608.805
609.754
610.683
611.749
612.85
613.881
614.822
615.732
616.704
617.684
618.551
619.371
620.234
621.234
621.941
622.573
623.299
624.216
625.223
626.207
627.121
627.933
628.733
629.483
630.201
630.931
631.649
632.336
632.988
633.644
634.308
634.964
635.233
635.822
636.232
636.868
637.512
638.176
638.504
639.722
639.722
639.722
640.522
640.924
641.756
642.486
