0.000 1.199
1.199 1.199
2.468 1.269
3.662 1.194
4.732 1.07
12.225 1.226
13.176 0.951
14.019 0.843
15.253 1.234
16.558 1.305
17.619 1.061
18.808 1.189
20.035 1.227
21.114 1.079
22.383 1.269
23.566 1.183
24.637 1.071
25.919 1.282
27.12 1.201
28.309 1.189
29.607 1.298
30.7 1.093
31.947 1.247
33.157 1.21
34.328 1.171
35.58 1.252
36.796 1.216
37.998 1.202
39.25 1.252
40.392 1.142
41.585 1.193
42.805 1.22
43.945 1.14
45.148 1.203
46.351 1.203
47.488 1.137
48.747 1.259
49.965 1.218
51.141 1.176
52.46 1.319
53.593 1.133
54.775 1.182
55.967 1.192
56.999 1.032
58.218 1.219
59.461 1.243
60.603 1.142
61.846 1.243
62.987 1.141
64.169 1.182
65.439 1.27
66.569 1.13
67.836 1.267
69.014 1.178
70.185 1.171
71.495 1.31
72.703 1.208
73.853 1.15
75.114 1.261
76.32 1.206
77.394 1.074
78.703 1.309
79.866 1.163
81.024 1.158
82.197 1.173
83.13 0.933
84.162 1.032
85.465 1.303
86.694 1.229
87.827 1.133
88.989 1.162
90.252 1.263
91.342 1.09
92.507 1.165
93.695 1.188
94.762 1.067
95.945 1.183
97.131 1.186
98.186 1.055
99.46 1.274
100.618 1.158
101.732 1.114
102.991 1.259
104.054 1.063
105.175 1.121
106.367 1.192
107.471 1.104
108.595 1.124
109.841 1.246
110.851 1.01
111.945 1.094
113.131 1.186
114.187 1.056
115.422 1.235
116.663 1.241
117.775 1.112
118.915 1.14
120.126 1.211
121.256 1.13
122.338 1.082
123.579 1.241
124.761 1.182
125.846 1.085
127.054 1.208
128.148 1.094
129.171 1.023
130.396 1.225
131.652 1.256
132.691 1.039
133.898 1.207
135.025 1.127
136.05 1.025
137.26 1.21
138.323 1.063
139.317 0.994
140.568 1.251
141.598 1.03
142.749 1.151
143.981 1.232
145.079 1.098
146.328 1.249
147.477 1.149
148.573 1.096
149.757 1.184
150.972 1.215
152.108 1.136
153.238 1.13
154.411 1.173
155.426 1.015
156.384 0.958
157.361 0.977
158.502 1.141
159.529 1.027
160.693 1.164
161.727 1.034
162.652 0.925
163.648 0.996
164.707 1.059
165.701 0.994
166.648 0.947
167.871 1.223
169.004 1.133
170.018 1.014
171.151 1.133
172.273 1.122
173.227 0.954
174.448 1.221
175.608 1.16
176.533 0.925
177.626 1.093
178.84 1.214
179.899 1.059
180.943 1.044
182.179 1.236
183.292 1.113
184.278 0.986
185.433 1.155
186.611 1.178
187.66 1.049
188.879 1.219
190.057 1.178
191.057 1.0
192.278 1.221
193.38 1.102
194.442 1.062
195.703 1.261
196.797 1.094
197.868 1.071
199.088 1.22
200.236 1.148
201.29 1.054
202.443 1.153
203.481 1.038
204.642 1.161
205.784 1.142
206.806 1.022
207.96 1.154
208.851 0.891
209.67 0.819
210.567 0.897
211.653 1.086
212.582 0.929
213.557 0.975
214.672 1.115
215.668 0.996
216.699 1.031
217.766 1.067
218.72 0.954
219.768 1.048
220.692 0.924
221.786 1.094
222.831 1.045
223.807 0.976
224.965 1.158
226.149 1.184
227.171 1.022
228.152 0.981
229.06 0.908
230.26 1.2
231.339 1.079
232.559 1.22
233.834 1.275
234.908 1.074
236.042 1.134
237.246 1.204
238.392 1.146
239.488 1.096
240.774 1.286
241.968 1.194
243.089 1.121
244.31 1.221
245.395 1.085
246.489 1.094
247.713 1.224
248.762 1.049
249.799 1.037
250.732 0.933
251.744 1.012
252.767 1.023
253.843 1.076
255.108 1.265
256.136 1.028
257.195 1.059
258.337 1.142
259.394 1.057
260.45 1.056
261.671 1.221
262.73 1.059
263.726 0.996
264.887 1.161
265.988 1.101
267.011 1.023
268.162 1.151
269.218 1.056
270.144 0.926
271.274 1.13
272.311 1.037
273.301 0.99
274.476 1.175
275.52 1.044
276.52 1.0
277.578 1.058
278.614 1.036
279.491 0.877
280.485 0.994
281.588 1.103
282.568 0.98
283.545 0.977
284.693 1.148
285.824 1.131
286.821 0.997
287.93 1.109
288.98 1.05
289.861 0.881
290.846 0.985
291.979 1.133
292.921 0.942
293.897 0.976
295.072 1.175
296.11 1.038
297.103 0.993
298.202 1.099
299.155 0.953
300.096 0.941
301.139 1.043
302.237 1.098
303.149 0.912
304.186 1.037
305.362 1.176
306.409 1.047
307.328 0.919
308.471 1.143
309.549 1.078
310.453 0.904
311.543 1.09
312.664 1.121
313.642 0.978
314.562 0.92
315.682 1.12
316.797 1.115
317.734 0.937
318.8 1.066
319.871 1.071
320.895 1.024
321.827 0.932
322.939 1.112
324.019 1.08
324.848 0.829
325.842 0.994
326.717 0.875
327.576 0.859
328.428 0.852
329.497 1.069
330.685 1.188
331.712 1.027
332.724 1.012
333.896 1.172
335.051 1.155
336.035 0.984
337.238 1.203
338.389 1.151
339.36 0.971
340.493 1.133
341.634 1.141
342.664 1.03
343.875 1.211
345.102 1.227
346.178 1.076
347.234 1.056
348.411 1.177
349.291 0.88
350.379 1.088
351.497 1.118
352.387 0.89
353.44 1.053
354.496 1.056
355.404 0.908
356.196 0.792
357.066 0.87
358.234 1.168
359.347 1.113
360.437 1.09
361.446 1.009
362.588 1.142
363.681 1.093
364.652 0.971
365.806 1.154
366.933 1.127
368.001 1.068
369.167 1.166
370.12 0.953
371.159 1.039
372.335 1.176
373.31 0.975
374.457 1.147
375.581 1.124
376.46 0.879
377.633 1.173
378.714 1.081
379.722 1.008
380.843 1.121
381.905 1.062
382.918 1.013
383.941 1.023
384.925 0.984
385.79 0.865
386.575 0.785
387.371 0.796
388.331 0.96
389.534 1.203
390.573 1.039
391.566 0.993
392.655 1.089
393.599 0.944
394.495 0.896
395.511 1.016
396.502 0.991
397.377 0.875
398.476 1.099
399.511 1.035
400.425 0.914
401.483 1.058
402.556 1.073
403.512 0.956
404.458 0.946
405.575 1.117
406.553 0.978
407.427 0.874
408.434 1.007
409.399 0.965
410.223 0.824
411.286 1.063
412.437 1.151
413.363 0.926
414.497 1.134
415.614 1.117
416.574 0.96
417.541 0.967
418.576 1.035
419.504 0.928
420.489 0.985
421.457 0.968
422.372 0.915
423.141 0.769
424.082 0.941
425.205 1.123
426.232 1.027
427.199 0.967
428.2 1.001
429.192 0.992
430.061 0.869
431.101 1.04
432.153 1.052
432.996 0.843
433.968 0.972
435.027 1.059
435.943 0.916
436.912 0.969
438.029 1.117
438.908 0.879
439.918 1.01
440.886 0.968
441.773 0.887
442.732 0.959
443.75 1.018
444.631 0.881
445.607 0.976
446.69 1.083
447.662 0.972
448.663 1.001
449.741 1.078
450.709 0.968
451.635 0.926
452.662 1.027
453.526 0.864
454.367 0.841
455.248 0.881
456.228 0.98
457.293 1.065
458.401 1.108
459.378 0.977
460.404 1.026
461.491 1.087
462.467 0.976
463.309 0.842
464.455 1.146
465.604 1.149
466.688 1.084
467.881 1.193
469.013 1.132
470.106 1.093
471.153 1.047
472.307 1.154
473.388 1.081
474.385 0.997
475.623 1.238
476.726 1.103
477.794 1.068
479.038 1.244
480.202 1.164
481.354 1.152
482.59 1.236
483.708 1.118