0.000 0.877
0.877 0.877
1.845 0.968
2.813 0.968
3.75 0.937
4.568 0.818
5.308 0.74
6.074 0.766
7.139 1.065
8.278 1.139
9.34 1.062
10.391 1.051
11.519 1.128
12.562 1.043
13.741 1.179
14.879 1.138
15.936 1.057
17.123 1.187
18.246 1.123
19.353 1.107
20.551 1.198
21.619 1.068
22.816 1.197
23.945 1.129
25.14 1.195
26.325 1.185
27.504 1.179
28.759 1.255
29.915 1.156
31.157 1.242
32.384 1.227
33.512 1.128
34.753 1.241
35.916 1.163
37.12 1.204
38.232 1.112
39.359 1.127
40.577 1.218
41.775 1.198
42.855 1.08
44.029 1.174
45.19 1.161
46.353 1.163
47.634 1.281
48.793 1.159
49.961 1.168
51.186 1.225
52.369 1.183
53.587 1.218
54.841 1.254
56.034 1.193
57.283 1.249
58.482 1.199
59.644 1.162
60.882 1.238
61.967 1.085
63.108 1.141
64.256 1.148
65.424 1.168
66.655 1.231
67.85 1.195
68.988 1.138
70.237 1.249
71.441 1.204
72.584 1.143
73.834 1.25
75.048 1.214
76.254 1.206
77.547 1.293
78.741 1.194
79.971 1.23
81.214 1.243
82.367 1.153
83.573 1.206
84.753 1.18
85.906 1.153
87.179 1.273
88.387 1.208
89.552 1.165
90.767 1.215
91.879 1.112
93.023 1.144
94.214 1.191
95.303 1.089
96.514 1.211
97.688 1.174
98.806 1.118
100.006 1.2
101.098 1.092
102.319 1.221
103.554 1.235
104.73 1.176
105.986 1.256
107.142 1.156
108.319 1.177
109.341 1.022
110.441 1.1
111.667 1.226
112.863 1.196
113.976 1.113
115.198 1.222
116.364 1.166
117.505 1.141
118.749 1.244
119.93 1.181
121.076 1.146
122.287 1.211
123.437 1.15
124.621 1.184
125.843 1.222
126.99 1.147
128.21 1.22
129.48 1.27
130.652 1.172
131.871 1.219
133.083 1.212
134.23 1.147
135.453 1.223
136.616 1.163
137.749 1.133
138.984 1.235
140.141 1.157
141.265 1.124
142.487 1.222
143.645 1.158
144.759 1.114
145.919 1.16
147.021 1.102
148.167 1.146
149.366 1.199
150.447 1.081
151.62 1.173
152.778 1.158
153.836 1.058
155.023 1.187
156.181 1.158
157.271 1.09
158.477 1.206
159.687 1.21
160.858 1.171
162.091 1.233
163.263 1.172
164.449 1.186
165.677 1.228
166.82 1.143
168.041 1.221
169.224 1.183
170.295 1.071
171.486 1.191
172.661 1.175
173.829 1.168
175.062 1.233
176.208 1.146
177.365 1.157
178.566 1.201
179.61 1.044
180.547 0.937
181.554 1.007
182.705 1.151
183.81 1.105
185.052 1.242
186.21 1.158
187.411 1.201
188.624 1.213
189.769 1.145
190.981 1.212
192.203 1.222
193.314 1.111
194.518 1.204
195.69 1.172
196.874 1.184
198.185 1.311
199.36 1.175
200.576 1.216
201.798 1.222
202.986 1.188
204.268 1.282
205.417 1.149
206.672 1.255
207.865 1.193
209.04 1.175
210.272 1.232
211.415 1.143
212.648 1.233
213.871 1.223
215.044 1.173
216.293 1.249
217.463 1.17
218.639 1.176
219.827 1.188
220.871 1.044
222.036 1.165
223.271 1.235
224.376 1.105
225.576 1.2
226.768 1.192
227.866 1.098
229.071 1.205
230.356 1.285
231.546 1.19
232.817 1.271
234.013 1.196
235.191 1.178
236.433 1.242
237.612 1.179
238.77 1.158
239.965 1.195
241.122 1.157
242.384 1.262
243.638 1.254
244.776 1.138
246.008 1.232
247.261 1.253
248.381 1.12
249.594 1.213
250.785 1.191
251.926 1.141
253.125 1.199
254.31 1.185
255.469 1.159
256.639 1.17
257.623 0.984
258.663 1.04
259.857 1.194
261.115 1.258
262.211 1.096
263.412 1.201
264.671 1.259
265.835 1.164
266.982 1.147
268.246 1.264
269.42 1.174
270.63 1.21
271.812 1.182
272.973 1.161
274.206 1.233
275.391 1.185
276.607 1.216
277.922 1.315
279.139 1.217
280.326 1.187
281.357 1.031
282.544 1.187
283.695 1.151
284.856 1.161
286.091 1.235
287.236 1.145
288.38 1.144
289.578 1.198
290.732 1.154
291.848 1.116
293.03 1.182
294.185 1.155
295.364 1.179
296.583 1.219
297.751 1.168
298.928 1.177
300.104 1.176
301.263 1.159
302.447 1.184
303.658 1.211
304.846 1.188
306.178 1.332
307.399 1.221
308.57 1.171
309.835 1.265
311.027 1.192
312.221 1.194
313.425 1.204
314.6 1.175
315.744 1.144
316.868 1.124
317.89 1.022
319.075 1.185
320.234 1.159
321.396 1.162
322.609 1.213
323.794 1.185
324.968 1.174
326.16 1.192
327.33 1.17
328.495 1.165
329.66 1.165
330.815 1.155
332.004 1.189
333.203 1.199
334.376 1.173
335.55 1.174
336.696 1.146
337.813 1.117
338.95 1.137
340.089 1.139
341.44 1.351
342.702 1.262
343.882 1.18
345.083 1.201
346.24 1.157
347.436 1.196
348.607 1.171
349.763 1.156
350.919 1.156
352.069 1.15
353.209 1.14
354.362 1.153
355.419 1.057
356.595 1.176
357.608 1.013
358.666 1.058
359.765 1.099
360.938 1.173
362.091 1.153
363.27 1.179
364.475 1.205
365.645 1.17
366.816 1.171
367.986 1.17
369.159 1.173
370.339 1.18
371.5 1.161
372.68 1.18
373.852 1.172
375.014 1.162
376.412 1.398
377.681 1.269
378.846 1.165
380.04 1.194
381.201 1.161
382.351 1.15
383.554 1.203
384.771 1.217
385.944 1.173
387.131 1.187
388.329 1.198
389.485 1.156
390.507 1.022
391.614 1.107
392.79 1.176
393.951 1.161
395.107 1.156
396.306 1.199
397.648 1.342
398.82 1.172
399.979 1.159
401.19 1.211
402.366 1.176
403.528 1.162
404.887 1.359
406.142 1.255
407.242 1.1
408.443 1.201
409.818 1.375
411.038 1.22
412.204 1.166
413.538 1.334
414.836 1.298
415.993 1.157
417.173 1.18
418.514 1.341
419.798 1.284
421.024 1.226
422.348 1.324
423.626 1.278
424.787 1.161
425.975 1.188
427.142 1.167
428.298 1.156
429.481 1.183
430.808 1.327
431.96 1.152
433.246 1.286
434.482 1.236
435.649 1.167
436.867 1.218
438.044 1.177
439.21 1.166
440.406 1.196
441.566 1.16
442.727 1.161
443.899 1.172
445.259 1.36
446.524 1.265
447.584 1.06
448.767 1.183
449.915 1.148
451.048 1.133
452.188 1.14
453.347 1.159
454.512 1.165
455.673 1.161
456.82 1.147
457.961 1.141
459.108 1.147
460.277 1.169
461.574 1.297
462.725 1.151
463.973 1.248
465.196 1.223
466.357 1.161
467.53 1.173
468.882 1.352
470.071 1.189
471.336 1.265
472.554 1.218
473.727 1.173
475.063 1.336
476.263 1.2
477.447 1.184
478.657 1.21
479.822 1.165
481.002 1.18
482.341 1.339
483.517 1.176
484.82 1.303
486.047 1.227
487.212 1.165
488.388 1.176
489.558 1.17
490.882 1.324
492.194 1.312
493.432 1.238
494.531 1.099
495.571 1.04
496.733 1.162
497.855 1.122
498.979 1.124
500.099 1.12
501.172 1.073
502.22 1.048
503.402 1.182
504.55 1.148
505.71 1.16
507.029 1.319
508.243 1.214
509.439 1.196
510.636 1.197
511.785 1.149
512.933 1.148
514.084 1.151
515.223 1.139
516.385 1.162
517.543 1.158
518.702 1.159
519.866 1.164
521.023 1.157
522.177 1.154
523.349 1.172
524.508 1.159
525.664 1.156
526.832 1.168
527.989 1.157
529.148 1.159
530.313 1.165
531.468 1.155
532.627 1.159
533.646 1.019
534.576 0.93
535.753 1.177
536.917 1.164
538.073 1.156
539.225 1.152
540.409 1.184
541.566 1.157
542.716 1.15
543.881 1.165
545.036 1.155
546.19 1.154
547.354 1.164
548.518 1.164
549.671 1.153
550.837 1.166
552.0 1.163
553.156 1.156
554.319 1.163
555.48 1.161
556.635 1.155
558.039 1.404
559.281 1.242
560.486 1.205
561.647 1.161
562.8 1.153
563.955 1.155
565.355 1.4
566.612 1.257
567.825 1.213
569.13 1.305
570.356 1.226
571.62 1.264
572.855 1.235
574.017 1.162
575.176 1.159
576.367 1.191
577.537 1.17
578.7 1.163
580.056 1.356
581.329 1.273
582.517 1.188
583.728 1.211
584.886 1.158
586.033 1.147
587.204 1.171
588.408 1.204
589.582 1.174
590.765 1.183
591.964 1.199
593.139 1.175
594.319 1.18
595.492 1.173
596.643 1.151
597.79 1.147
598.95 1.16
600.269 1.319