0.000 0.712
0.712 0.712
1.397 0.685
2.082 0.685
2.761 0.679
3.511 0.75
4.525 1.014
5.336 0.811
6.092 0.756
6.833 0.741
7.563 0.73
8.307 0.744
9.069 0.762
9.697 0.628
9.969 0.272
10.282 0.313
10.562 0.28
12.015 1.453
12.324 0.309
14.332 2.008
15.972 1.64
16.406 0.434
16.667 0.261
18.047 1.38
18.424 0.377
18.773 0.349
19.437 0.664
20.236 0.799
20.536 0.3
20.834 0.298
21.123 0.289
21.685 0.562
21.958 0.273
22.28 0.322
25.001 2.721
25.874 0.873
26.732 0.858
27.56 0.828
28.397 0.837
29.241 0.844
30.123 0.882
31.085 0.962
32.006 0.921
32.938 0.932
33.842 0.904
34.752 0.91
35.667 0.915
36.561 0.894
37.497 0.936
38.414 0.917
39.255 0.841
40.137 0.882
41.073 0.936
41.929 0.856
42.656 0.727
43.664 1.008
44.262 0.598
44.515 0.253
45.34 0.825
46.133 0.793
46.955 0.822
47.446 0.491
47.766 0.32
48.137 0.371
48.58 0.443
49.003 0.423
49.485 0.482
50.427 0.942
50.902 0.475
51.181 0.279
51.439 0.258
52.597 1.158
52.936 0.339
53.308 0.372
53.743 0.435
54.095 0.352
60.999 0.708
61.691 0.692
62.38 0.689
63.076 0.696
63.782 0.706
64.47 0.688
65.165 0.695
65.864 0.699
66.577 0.713
67.338 0.761
68.221 0.883
69.162 0.941
70.054 0.892
70.9 0.846
71.683 0.783
72.431 0.748
73.182 0.751
74.03 0.848
75.637 1.607
76.899 1.262
77.989 1.09
79.039 1.05
79.956 0.917
80.789 0.833
81.573 0.784
82.343 0.77
83.188 0.845
84.741 1.553
85.925 1.184
86.975 1.05
87.918 0.943
88.756 0.838
89.559 0.803
90.355 0.796
91.226 0.871
92.32 1.094
93.388 1.068
94.401 1.013
95.411 1.01
96.399 0.988
97.301 0.902
98.134 0.833
98.954 0.82
99.776 0.822
100.655 0.879
101.603 0.948
102.471 0.868
103.234 0.763
103.987 0.753
104.815 0.828
105.73 0.915
106.599 0.869
107.405 0.806
108.183 0.778
108.934 0.751
109.671 0.737
110.387 0.716
111.1 0.713
111.853 0.753
112.74 0.887
113.726 0.986
114.732 1.006
115.805 1.073
116.807 1.002
117.738 0.931
118.601 0.863
119.46 0.859
120.304 0.844
121.147 0.843
121.989 0.842
122.793 0.804
123.778 0.985
124.999 1.221
126.057 1.058
127.097 1.04
128.106 1.009
129.039 0.933
129.964 0.925
130.856 0.892
131.68 0.824
132.544 0.864
133.597 1.053
134.602 1.005
135.492 0.89
136.358 0.866
137.294 0.936
138.359 1.065
139.324 0.965
140.205 0.881
141.072 0.867
141.921 0.849
142.751 0.83
143.583 0.832
144.469 0.886
145.366 0.897
146.297 0.931
147.193 0.896
148.115 0.922
149.028 0.913
149.91 0.882
150.747 0.837
151.571 0.824
152.374 0.803
153.172 0.798
153.959 0.787
154.756 0.797
155.573 0.817
156.533 0.96
157.715 1.182
158.645 0.93
159.553 0.908
160.412 0.859
161.201 0.789
162.67 1.469
163.401 0.731
164.112 0.711
164.809 0.697
165.484 0.675
166.15 0.666
166.806 0.656
167.471 0.665
168.228 0.757
169.116 0.888
170.044 0.928
170.93 0.886
171.787 0.857
172.598 0.811
173.342 0.744
174.053 0.711
174.766 0.713
175.515 0.749
176.586 1.071
177.588 1.002
178.528 0.94
179.288 0.76
180.512 1.224
181.625 1.113
182.654 1.029
183.575 0.921
184.422 0.847
185.299 0.877
186.236 0.937
187.169 0.933
188.078 0.909
188.971 0.893
189.852 0.881
190.697 0.845
191.519 0.822
192.331 0.812
193.133 0.802
193.966 0.833
194.813 0.847
195.612 0.799
196.418 0.806
197.227 0.809
198.032 0.805
198.803 0.771
199.543 0.74
200.298 0.755
201.089 0.791
201.898 0.809
202.707 0.809
203.543 0.836
204.406 0.863
205.323 0.917
206.274 0.951
207.184 0.91
208.011 0.827
208.799 0.788
209.576 0.777
210.391 0.815
211.882 1.491
213.111 1.229
213.373 0.262
214.116 0.743
214.934 0.818
215.695 0.761
216.426 0.731
216.686 0.26
217.119 0.433
217.404 0.285
217.733 0.329
218.162 0.429
218.429 0.267
218.729 0.3
219.074 0.345
219.922 0.848
220.74 0.818
221.523 0.783
222.272 0.749
222.99 0.718
223.692 0.702
224.375 0.683
225.049 0.674
225.393 0.344
225.709 0.316
226.364 0.655
227.038 0.674
227.77 0.732
228.607 0.837
229.457 0.85
230.334 0.877
231.223 0.889
232.102 0.879
232.959 0.857
233.825 0.866
234.69 0.865
235.515 0.825
236.364 0.849
237.193 0.829
237.974 0.781
238.837 0.863
239.841 1.004
240.805 0.964
241.751 0.946
242.644 0.893
243.514 0.87
244.371 0.857
245.218 0.847
246.11 0.892
247.001 0.891
247.988 0.987
249.092 1.104
250.091 0.999
251.045 0.954
251.982 0.937
252.838 0.856
253.628 0.79
254.398 0.77
255.204 0.806
256.027 0.823
256.912 0.885
257.8 0.888
258.695 0.895
259.602 0.907
260.424 0.822
261.224 0.8
262.009 0.785
262.782 0.773
263.518 0.736
264.253 0.735
264.965 0.712
265.672 0.707
266.408 0.736
267.302 0.894
268.28 0.978
269.303 1.023
270.219 0.916
271.095 0.876
271.949 0.854
272.772 0.823
273.39 0.618
274.33 0.94
275.08 0.75
275.828 0.748
276.569 0.741
277.328 0.759
277.77 0.442
278.143 0.373
279.029 0.886
280.062 1.033
280.956 0.894
281.872 0.916
282.74 0.868
283.568 0.828
284.376 0.808
285.141 0.765
285.903 0.762
286.667 0.764
287.403 0.736
287.817 0.414
288.201 0.384
289.673 1.472
290.49 0.817
290.753 0.263
291.102 0.349
291.418 0.316
292.173 0.755
292.431 0.258
292.845 0.414
293.643 0.798
294.161 0.518
295.099 0.938
295.819 0.72
296.118 0.299
296.388 0.27
297.224 0.836
297.935 0.711
298.702 0.767
299.549 0.847
300.413 0.864
301.251 0.838
302.109 0.858
302.903 0.794
303.651 0.748
304.365 0.714
305.06 0.695
305.747 0.687
306.433 0.686
307.131 0.698
307.871 0.74
308.645 0.774
309.432 0.787
310.226 0.794
311.039 0.813
311.817 0.778
312.577 0.76
313.312 0.735
314.032 0.72
314.756 0.724
315.528 0.772
316.506 0.978
317.894 1.388
319.068 1.174
320.091 1.023
321.054 0.963
321.968 0.914
322.848 0.88
323.714 0.866
324.573 0.859
325.44 0.867
326.364 0.924
327.286 0.922
328.135 0.849
328.969 0.834
329.763 0.794
330.524 0.761
331.285 0.761
332.041 0.756
332.807 0.766
333.56 0.753
334.347 0.787
335.121 0.774
335.879 0.758
336.623 0.744
337.364 0.741
338.105 0.741
338.844 0.739
339.583 0.739
340.298 0.715
341.065 0.767
341.898 0.833
342.748 0.85
343.648 0.9
344.5 0.852
345.331 0.831
346.164 0.833
346.971 0.807
347.773 0.802
348.614 0.841
349.522 0.908
350.453 0.931
351.463 1.01
352.442 0.979
353.332 0.89
354.225 0.893
355.15 0.925
356.047 0.897
356.908 0.861
357.811 0.903
358.765 0.954
359.742 0.977
360.75 1.008
361.696 0.946
362.665 0.969
363.622 0.957
364.531 0.909
365.492 0.961
366.473 0.981
367.428 0.955
368.397 0.969
369.303 0.906
370.203 0.9
371.077 0.874
371.944 0.867
372.81 0.866
373.731 0.921
374.685 0.954
375.611 0.926
376.565 0.954
377.442 0.877
378.3 0.858
379.174 0.874
380.026 0.852
380.895 0.869
381.789 0.894
382.658 0.869
383.556 0.898
384.473 0.917
385.328 0.855
386.169 0.841
386.964 0.795
387.728 0.764
388.476 0.748
389.211 0.735
389.955 0.744
390.75 0.795
391.647 0.897
392.561 0.914
393.52 0.959
394.465 0.945
395.377 0.912
396.263 0.886
397.105 0.842
397.935 0.83
398.782 0.847
399.65 0.868
400.624 0.974
401.641 1.017
402.659 1.018
403.698 1.039
404.686 0.988
405.667 0.981
406.584 0.917
407.465 0.881
408.363 0.898
409.265 0.902
410.212 0.947
411.217 1.005
412.135 0.918
413.046 0.911
413.903 0.857
414.721 0.818
415.536 0.815
416.32 0.784
417.083 0.763
417.832 0.749
418.559 0.727
419.277 0.718
420.009 0.732
420.79 0.781
421.671 0.881
422.616 0.945
423.51 0.894
424.455 0.945
425.371 0.916
426.23 0.859
427.102 0.872
427.924 0.822
428.745 0.821
429.603 0.858
430.518 0.915
431.524 1.006
432.559 1.035
433.572 1.013
434.573 1.001
435.524 0.951
436.45 0.926
437.371 0.921
438.232 0.861
439.095 0.863
439.974 0.879
440.875 0.901
441.848 0.973
442.861 1.013
443.824 0.963
444.796 0.972
445.704 0.908
446.589 0.885
447.464 0.875
448.305 0.841
449.162 0.857
450.034 0.872
450.901 0.867
451.817 0.916
452.69 0.873
453.488 0.798
454.291 0.803
455.074 0.783
455.853 0.779
456.638 0.785
457.443 0.805
458.231 0.788
459.026 0.795
459.802 0.776
460.553 0.751
461.314 0.761
462.08 0.766
462.885 0.805
463.784 0.899
464.781 0.997
465.805 1.024
466.862 1.057
467.89 1.028
468.847 0.957
469.788 0.941
470.688 0.9
471.61 0.922
472.558 0.948
473.499 0.941
474.549 1.05
475.533 0.984
476.522 0.989
477.47 0.948
478.367 0.897
479.287 0.92
480.167 0.88
480.98 0.813
481.778 0.798
482.634 0.856
483.645 1.011
484.651 1.006
485.553 0.902
486.393 0.84
487.251 0.858
488.151 0.9
489.044 0.893
489.894 0.85
490.751 0.857
491.638 0.887
492.502 0.864
493.373 0.871
494.254 0.881
495.154 0.9
496.106 0.952
497.061 0.955
497.96 0.899
498.857 0.897
499.749 0.892
500.604 0.855
501.49 0.886
502.374 0.884
503.238 0.864
504.141 0.903
505.055 0.914
506.007 0.952
506.961 0.954
507.85 0.889
508.716 0.866
509.511 0.795
510.271 0.76
511.018 0.747
511.774 0.756
512.522 0.748
513.315 0.793
514.237 0.922
515.302 1.065
516.201 0.899
517.064 0.863
517.904 0.84
518.714 0.81
519.508 0.794
520.302 0.794
521.068 0.766
521.836 0.768
522.621 0.785
523.455 0.834
524.343 0.888
525.276 0.933
526.168 0.892
527.075 0.907
527.985 0.91
528.835 0.85
529.696 0.861
530.541 0.845
531.348 0.807
532.167 0.819
532.998 0.831
533.844 0.846
534.774 0.93
535.698 0.924
536.669 0.971
537.611 0.942
538.516 0.905
539.429 0.913
540.296 0.867
541.141 0.845
541.999 0.858
542.835 0.836
543.691 0.856
544.593 0.902
545.507 0.914
546.494 0.987
547.458 0.964
548.366 0.908
549.275 0.909
550.124 0.849
550.974 0.85
551.83 0.856
552.676 0.846
553.586 0.91
554.486 0.9
555.315 0.829
556.135 0.82
556.943 0.808
557.742 0.799
558.56 0.818
559.383 0.823
560.211 0.828
561.033 0.822
561.82 0.787
562.603 0.783
563.39 0.787
564.171 0.781
565.006 0.835
565.916 0.91
566.855 0.939
567.835 0.98
568.829 0.994
569.782 0.953
570.696 0.914
571.588 0.892
572.452 0.864
573.295 0.843
574.1 0.805
574.893 0.793
575.697 0.804
576.494 0.797
577.312 0.818
578.207 0.895
579.099 0.892
580.07 0.971
581.151 1.081
582.159 1.008
583.045 0.886
583.929 0.884
584.798 0.869
585.662 0.864
586.521 0.859
587.392 0.871
588.27 0.878
589.163 0.893
590.122 0.959
591.081 0.959
592.02 0.939
592.963 0.943
593.906 0.943
594.82 0.914
595.77 0.95
596.738 0.968
597.657 0.919
598.626 0.969
599.634 1.008
600.603 0.969
601.58 0.977
602.494 0.914
603.368 0.874
604.181 0.813
604.972 0.791
605.776 0.804
606.608 0.832