0.000 1.117
1.117 1.117
2.133 1.016
3.014 0.881
3.904 0.89
11.109 1.11
12.117 1.008
12.991 0.874
13.929 0.938
14.911 0.982
15.819 0.908
16.66 0.841
17.471 0.811
18.242 0.771
18.991 0.749
19.753 0.762
20.562 0.809
21.432 0.87
22.288 0.856
23.156 0.868
24.066 0.91
24.968 0.902
25.838 0.87
26.652 0.814
27.523 0.871
28.51 0.987
29.561 1.051
30.47 0.909
31.418 0.948
32.363 0.945
33.277 0.914
34.219 0.942
35.15 0.931
36.073 0.923
37.027 0.954
37.968 0.941
38.972 1.004
40.016 1.044
40.915 0.899
41.856 0.941
42.862 1.006
43.745 0.883
44.64 0.895
45.55 0.91
46.411 0.861
47.361 0.95
48.374 1.013
49.3 0.926
50.136 0.836
50.919 0.783
51.7 0.781
52.556 0.856
53.5 0.944
54.503 1.003
55.526 1.023
56.504 0.978
57.332 0.828
58.152 0.82
58.987 0.835
59.831 0.844
60.668 0.837
61.597 0.929
62.571 0.974
63.421 0.85
64.187 0.766
64.942 0.755
65.822 0.88
66.767 0.945
67.739 0.972
68.74 1.001
69.696 0.956
70.624 0.928
71.504 0.88
72.369 0.865
73.213 0.844
74.129 0.916
75.108 0.979
76.131 1.023
77.058 0.927
77.99 0.932
78.907 0.917
79.853 0.946
80.805 0.952
81.675 0.87
82.494 0.819
83.348 0.854
84.232 0.884
85.204 0.972
86.128 0.924
87.049 0.921
87.971 0.922
88.846 0.875
89.72 0.874
90.55 0.83
91.369 0.819
92.168 0.799
92.927 0.759
93.756 0.829
94.691 0.935
95.552 0.861
96.409 0.857
97.251 0.842
98.038 0.787
98.83 0.792
99.669 0.839
100.526 0.857
101.356 0.83
102.247 0.891
103.207 0.96
104.178 0.971
105.061 0.883
105.952 0.891
106.875 0.923
107.76 0.885
108.621 0.861
109.597 0.976
110.759 1.162
111.767 1.008
112.752 0.985
113.76 1.008
114.681 0.921
115.602 0.921
116.494 0.892
117.377 0.883
118.351 0.974
119.387 1.036
120.328 0.941
121.302 0.974
122.291 0.989
123.187 0.896
124.114 0.927
125.051 0.937
125.97 0.919
126.915 0.945
127.897 0.982
128.817 0.92
129.731 0.914
130.644 0.913
131.575 0.931
132.48 0.905
133.444 0.964
134.437 0.993
135.348 0.911
136.279 0.931
137.199 0.92
138.042 0.843
138.895 0.853
139.772 0.877
140.636 0.864
141.54 0.904
142.463 0.923
143.356 0.893
144.283 0.927
145.241 0.958
146.121 0.88
147.022 0.901
147.916 0.894
148.759 0.843
149.623 0.864
150.509 0.886
151.428 0.919
152.402 0.974
153.355 0.953
154.279 0.924
155.227 0.948
156.117 0.89
157.033 0.916
157.906 0.873
158.76 0.854
159.661 0.901
160.56 0.899
161.423 0.863
162.32 0.897
163.23 0.91
164.13 0.9
165.066 0.936
165.989 0.923
166.822 0.833
167.66 0.838
168.511 0.851
169.369 0.858
170.226 0.857
171.147 0.921
172.08 0.933
172.974 0.894
173.913 0.939
174.842 0.929
175.766 0.924
176.703 0.937
177.588 0.885
178.452 0.864
179.34 0.888
180.205 0.865
181.071 0.866
181.986 0.915
182.961 0.975
183.928 0.967
184.889 0.961
185.777 0.888
186.64 0.863
187.515 0.875
188.399 0.884
189.302 0.903
190.27 0.968
191.22 0.95
192.088 0.868
192.996 0.908
193.925 0.929
194.823 0.898
195.741 0.918
196.644 0.903
197.482 0.838
198.291 0.809
199.068 0.777
199.813 0.745
200.55 0.737
201.291 0.741
202.043 0.752
202.816 0.773
203.606 0.79
204.396 0.79
205.175 0.779
205.936 0.761
206.691 0.755
207.429 0.738
208.18 0.751
208.941 0.761
209.718 0.777
210.542 0.824
211.413 0.871
212.319 0.906
213.195 0.876
214.077 0.882
214.918 0.841
215.701 0.783
216.457 0.756
217.209 0.752
217.99 0.781
218.836 0.846
219.812 0.976
220.733 0.921
221.652 0.919
222.559 0.907
223.409 0.85
224.238 0.829
225.069 0.831
225.929 0.86
226.812 0.883
227.794 0.982
228.781 0.987
229.756 0.975
230.745 0.989
231.667 0.922
232.569 0.902
233.461 0.892
234.316 0.855
235.164 0.848
236.036 0.872
236.991 0.955
237.932 0.941
238.961 1.029
239.995 1.034
240.941 0.946
241.876 0.935
242.736 0.86
243.493 0.757
244.204 0.711
244.91 0.706
245.64 0.73
246.45 0.81
247.406 0.956
248.449 1.043
249.467 1.018
250.501 1.034
251.515 1.014
252.447 0.932
253.348 0.901
254.218 0.87
255.066 0.848
255.931 0.865
256.862 0.931
257.854 0.992
258.87 1.016
259.863 0.993
260.771 0.908
261.713 0.942
262.65 0.937
263.637 0.987
264.64 1.003
265.624 0.984
266.569 0.945
267.511 0.942
268.441 0.93
269.322 0.881
270.222 0.9
271.14 0.918
272.055 0.915
272.918 0.863
273.857 0.939
274.894 1.037
275.864 0.97
276.814 0.95
277.743 0.929
278.623 0.88
279.468 0.845
280.357 0.889
281.327 0.97
282.264 0.937
283.255 0.991
284.222 0.967
285.055 0.833
285.87 0.815
286.68 0.81
287.494 0.814
288.261 0.767
289.018 0.757
289.867 0.849
290.83 0.963
291.806 0.976
292.741 0.935
293.69 0.949
294.639 0.949
295.491 0.852
296.34 0.849
297.197 0.857
298.078 0.881
298.966 0.888
299.909 0.943
300.923 1.014
301.963 1.04
302.941 0.978
303.965 1.024
304.948 0.983
305.839 0.891
306.714 0.875
307.622 0.908
308.571 0.949
309.503 0.932
310.486 0.983
311.524 1.038
312.532 1.008
313.539 1.007
314.512 0.973
315.397 0.885
316.236 0.839
317.116 0.88
318.064 0.948
319.028 0.964
320.047 1.019
321.068 1.021
322.027 0.959
322.989 0.962
323.943 0.954
324.818 0.875
325.706 0.888
326.64 0.934
327.612 0.972
328.581 0.969
329.57 0.989
330.458 0.888
331.266 0.808
332.064 0.798
332.869 0.805
333.655 0.786
334.453 0.798
335.334 0.881
336.358 1.024
337.35 0.992
338.378 1.028
339.334 0.956
340.234 0.9
341.129 0.895
342.009 0.88
342.842 0.833
343.712 0.87
344.61 0.898
345.548 0.938
346.514 0.966
347.522 1.008
348.532 1.01
349.487 0.955
350.453 0.966
351.413 0.96
352.309 0.896
353.189 0.88
354.067 0.878
354.913 0.846
355.819 0.906
356.827 1.008
357.809 0.982
358.851 1.042
359.865 1.014
360.849 0.984
361.807 0.958
362.685 0.878
363.565 0.88
364.476 0.911
365.355 0.879
366.2 0.845
367.13 0.93
368.246 1.116
369.223 0.977
370.172 0.949
371.104 0.932
371.96 0.856
372.823 0.863
373.698 0.875
374.56 0.862
375.455 0.895
376.365 0.91
377.26 0.895
378.169 0.909
379.103 0.934
380.012 0.909
380.92 0.908
381.835 0.915
382.717 0.882
383.587 0.87
384.466 0.879
385.375 0.909
386.284 0.909
387.229 0.945
388.192 0.963
389.096 0.904
390.023 0.927
390.941 0.918
391.822 0.881
392.745 0.923
393.673 0.928
394.55 0.877
395.471 0.921
396.409 0.938
397.315 0.906
398.182 0.867
399.081 0.899
400.002 0.921
400.881 0.879
401.782 0.901
402.653 0.871
403.473 0.82
404.305 0.832
405.148 0.843
405.975 0.827
406.841 0.866
407.78 0.939
408.736 0.956
409.686 0.95
410.636 0.95
411.53 0.894
412.426 0.896
413.309 0.883
414.109 0.8
414.855 0.746
415.585 0.73
416.313 0.728
417.096 0.783
417.931 0.835
418.893 0.962
419.876 0.983
420.816 0.94
421.738 0.922
422.648 0.91
423.495 0.847
424.279 0.784
425.083 0.804
425.933 0.85
426.889 0.956
427.827 0.938
428.778 0.951
429.738 0.96
430.692 0.954
431.642 0.95
432.56 0.918
433.409 0.849
434.276 0.867
435.154 0.878
436.013 0.859
436.845 0.832
437.735 0.89
438.698 0.963
439.661 0.963
440.58 0.919
441.521 0.941
442.424 0.903
443.259 0.835
444.098 0.839
444.941 0.843
445.745 0.804
446.533 0.788
447.377 0.844
448.3 0.923
449.233 0.933
450.154 0.921
451.014 0.86
451.845 0.831
452.668 0.823
453.46 0.792
454.239 0.779
454.978 0.739
455.717 0.739
456.524 0.807
457.351 0.827
458.263 0.912
459.251 0.988
460.173 0.922
461.121 0.948
462.047 0.926
462.897 0.85
463.743 0.846
464.586 0.843
465.412 0.826
466.261 0.849
467.162 0.901
468.09 0.928
469.058 0.968
470.043 0.985
470.945 0.902
471.904 0.959
472.864 0.96
473.779 0.915
474.699 0.92
475.573 0.874
476.393 0.82
477.247 0.854
478.181 0.934
479.18 0.999
480.242 1.062
481.335 1.093
482.333 0.998
483.255 0.922
484.162 0.907