0.000 0.784
0.784 0.784
7.728 0.729
8.429 0.701
9.116 0.687
9.789 0.673
10.459 0.67
11.129 0.67
11.811 0.682
12.499 0.688
13.226 0.727
13.989 0.763
14.781 0.792
15.573 0.792
16.341 0.768
17.084 0.743
17.807 0.723
18.513 0.706
19.187 0.674
19.853 0.666
20.507 0.654
21.15 0.643
21.826 0.676
22.559 0.733
23.375 0.816
24.288 0.913
25.213 0.925
26.082 0.869
26.911 0.829
27.715 0.804
28.473 0.758
29.222 0.749
29.954 0.732
30.678 0.724
31.402 0.724
32.136 0.734
32.858 0.722
33.589 0.731
34.338 0.749
35.142 0.804
35.966 0.824
36.789 0.823
37.613 0.824
38.388 0.775
39.116 0.728
39.825 0.709
40.51 0.685
41.164 0.654
41.809 0.645
42.453 0.644
43.131 0.678
43.834 0.703
44.535 0.701
45.237 0.702
45.966 0.729
46.752 0.786
47.594 0.842
48.474 0.88
49.333 0.859
50.162 0.829
50.96 0.798
51.724 0.764
52.457 0.733
53.155 0.698
53.831 0.676
54.479 0.648
55.117 0.638
55.762 0.645
56.46 0.698
57.302 0.842
58.3 0.998
59.297 0.997
60.226 0.929
61.086 0.86
61.912 0.826
62.702 0.79
63.463 0.761
64.194 0.731
64.908 0.714
65.602 0.694
66.28 0.678
66.954 0.674
67.606 0.652
68.283 0.677
69.034 0.751
69.891 0.857
70.785 0.894
71.643 0.858
72.465 0.822
73.254 0.789
74.019 0.765
74.756 0.737
75.463 0.707
76.159 0.696
76.844 0.685
77.535 0.691
78.249 0.714
79.041 0.792
79.88 0.839
80.709 0.829
81.527 0.818
82.316 0.789
83.057 0.741
83.784 0.727
84.48 0.696
85.167 0.687
85.83 0.663
86.492 0.662
87.153 0.661
87.823 0.67
88.527 0.704
89.272 0.745
90.053 0.781
90.867 0.814
91.694 0.827
92.497 0.803
93.278 0.781
94.042 0.764
94.781 0.739
95.495 0.714
96.202 0.707
96.897 0.695
97.595 0.698
98.327 0.732
99.096 0.769
99.921 0.825
100.803 0.882
101.654 0.851
102.5 0.846
103.327 0.827
104.126 0.799
104.868 0.742
105.605 0.737
106.319 0.714
107.027 0.708
107.734 0.707
108.449 0.715
109.194 0.745
109.979 0.785
110.798 0.819
111.593 0.795
112.405 0.812
113.195 0.79
113.943 0.748
114.683 0.74
115.41 0.727
116.116 0.706
116.801 0.685
117.492 0.691
118.197 0.705
118.936 0.739
119.68 0.744
120.456 0.776
121.237 0.781
122.042 0.805
122.815 0.773
123.594 0.779
124.345 0.751
125.066 0.721
125.769 0.703
126.455 0.686
127.125 0.67
127.822 0.697
128.548 0.726
129.322 0.774
130.121 0.799
130.94 0.819
131.754 0.814
132.598 0.844
133.429 0.831
134.238 0.809
134.985 0.747
135.718 0.733
136.429 0.711
137.118 0.689
137.795 0.677
138.487 0.692
139.218 0.731
140.023 0.805
140.846 0.823
141.687 0.841
142.508 0.821
143.288 0.78
144.065 0.777
144.819 0.754
145.552 0.733
146.257 0.705
146.964 0.707
147.668 0.704
148.399 0.731
149.122 0.723
149.88 0.758
150.654 0.774
151.452 0.798
152.233 0.781
153.024 0.791
153.815 0.791
154.578 0.763
155.333 0.755
156.064 0.731
156.764 0.7
157.456 0.692
158.142 0.686
158.833 0.691
159.563 0.73
160.321 0.758
161.136 0.815
161.982 0.846
162.803 0.821
163.604 0.801
164.385 0.781
165.127 0.742
165.839 0.712
166.538 0.699
167.219 0.681
167.898 0.679
168.577 0.679
169.293 0.716
170.022 0.729
170.778 0.756
171.536 0.758
172.316 0.78
173.102 0.786
173.89 0.788
174.663 0.773
175.429 0.766
176.165 0.736
176.86 0.695
177.548 0.688
178.21 0.662
178.866 0.656
179.518 0.652
180.183 0.665
180.865 0.682
181.587 0.722
182.367 0.78
183.17 0.803
183.953 0.783
184.712 0.759
185.456 0.744
186.167 0.711
186.875 0.708
187.568 0.693
188.25 0.682
188.923 0.673
189.608 0.685
190.312 0.704
191.041 0.729
191.807 0.766
192.618 0.811
193.477 0.859
194.281 0.804
195.098 0.817
195.884 0.786
196.626 0.742
197.357 0.731
198.07 0.713
198.776 0.706
199.477 0.701
200.167 0.69
200.87 0.703
201.582 0.712
202.337 0.755
203.096 0.759
203.884 0.788
204.684 0.8
205.497 0.813
206.266 0.769
207.04 0.774
207.798 0.758
208.517 0.719
209.236 0.719
209.947 0.711
210.658 0.711
211.367 0.709
212.108 0.741
212.88 0.772
213.687 0.807
214.482 0.795
215.287 0.805
216.103 0.816
216.889 0.786
217.678 0.789
218.44 0.762
219.171 0.731
219.88 0.709
220.582 0.702
221.282 0.7
222.006 0.724
222.751 0.745
223.561 0.81
224.401 0.84
225.277 0.876
226.099 0.822
226.931 0.832
227.738 0.807
228.524 0.786
229.267 0.743
230.008 0.741
230.729 0.721
231.454 0.725
232.177 0.723
232.951 0.774
233.763 0.812
234.607 0.844
235.473 0.866
236.341 0.868
237.18 0.839
237.973 0.793
238.758 0.785
239.52 0.762
240.249 0.729
240.972 0.723
241.67 0.698
242.356 0.686
243.051 0.695
243.812 0.761
244.603 0.791
245.416 0.813
246.302 0.886
247.188 0.886
248.043 0.855
248.893 0.85
249.697 0.804
250.453 0.756
251.196 0.743
251.918 0.722
252.636 0.718
253.358 0.722
254.12 0.762
254.914 0.794
255.753 0.839
256.58 0.827
257.436 0.856
258.286 0.85
259.091 0.805
259.882 0.791
260.65 0.768
261.4 0.75
262.126 0.726
262.843 0.717
263.575 0.732
264.339 0.764
265.147 0.808
265.947 0.8
266.781 0.834
267.641 0.86
268.491 0.85
269.317 0.826
270.135 0.818
270.931 0.796
271.683 0.752
272.432 0.749
273.17 0.738
273.933 0.763
274.69 0.757
275.457 0.767
276.269 0.812
277.06 0.791
277.841 0.781
278.617 0.776
279.359 0.742
280.064 0.705
280.745 0.681
281.438 0.693
282.134 0.696
282.823 0.689
283.502 0.679
284.187 0.685
284.874 0.687
285.568 0.694
286.264 0.696
287.003 0.739
287.79 0.787
288.633 0.843
289.436 0.803
290.247 0.811
291.034 0.787
291.819 0.785
292.564 0.745
293.314 0.75
294.053 0.739
294.788 0.735
295.51 0.722
296.238 0.728
296.985 0.747
297.771 0.786
298.573 0.802
299.399 0.826
300.219 0.82
301.001 0.782
301.776 0.775
302.531 0.755
303.269 0.738
303.976 0.707
304.682 0.706
305.375 0.693
306.092 0.717
306.848 0.756
307.635 0.787
308.47 0.835
309.325 0.855
310.128 0.803
310.943 0.815
311.735 0.792
312.488 0.753
313.239 0.751
313.975 0.736
314.706 0.731
315.418 0.712
316.133 0.715
316.851 0.718
317.595 0.744
318.389 0.794
319.198 0.809
320.038 0.84
320.869 0.831
321.697 0.828
322.504 0.807
323.089 0.585
323.991 0.902
324.706 0.715
325.4 0.694
326.103 0.703
326.853 0.75
327.586 0.733
328.33 0.744
329.03 0.7
329.731 0.701
330.424 0.693
331.088 0.664
331.745 0.657
332.388 0.643
333.03 0.642
333.672 0.642
334.319 0.647
334.987 0.668
335.651 0.664
336.346 0.695
337.068 0.722
337.82 0.752
338.624 0.804
339.395 0.771
340.138 0.743
340.868 0.73
341.564 0.696
342.273 0.709
343.023 0.75
343.828 0.805
344.7 0.872
345.585 0.885
346.475 0.89
347.324 0.849
348.16 0.836
348.978 0.818
349.778 0.8
350.574 0.796
351.352 0.778
352.119 0.767
352.846 0.727
353.588 0.742
354.331 0.743
355.153 0.822
356.114 0.961
357.052 0.938
357.939 0.887
358.749 0.81
359.548 0.799
360.329 0.781
361.105 0.776
361.841 0.736
362.568 0.727
363.271 0.703
363.969 0.698
364.689 0.72
365.416 0.727
366.162 0.746
366.938 0.776
367.778 0.84
368.672 0.894
369.515 0.843
370.326 0.811
371.142 0.816
371.921 0.779
372.685 0.764
373.428 0.743
374.171 0.743
374.93 0.759
375.703 0.773
376.512 0.809
377.38 0.868
378.295 0.915
379.178 0.883
379.999 0.821
380.794 0.795
381.563 0.769
382.303 0.74
383.029 0.726
383.747 0.718
384.499 0.752
385.499 1.0
386.545 1.046
387.405 0.86
388.199 0.794
388.948 0.749
389.66 0.712
390.357 0.697
391.031 0.674
391.689 0.658
392.332 0.643
392.958 0.626
393.613 0.655
394.279 0.666
394.936 0.657
395.599 0.663
396.269 0.67
396.948 0.679
397.648 0.7
398.372 0.724
399.126 0.754
399.891 0.765
400.626 0.735
401.35 0.724
402.058 0.708
402.764 0.706
403.467 0.703
404.169 0.702
404.879 0.71
405.577 0.698
406.281 0.704
406.998 0.717
407.731 0.733
408.486 0.755
409.251 0.765
410.01 0.759
410.766 0.756
411.511 0.745
412.247 0.736
412.992 0.745
413.759 0.767
414.564 0.805
415.366 0.802
416.138 0.772
416.89 0.752
417.632 0.742
418.373 0.741
419.1 0.727
419.8 0.7
420.515 0.715
421.223 0.708
421.959 0.736
422.721 0.762
423.499 0.778
424.261 0.762
425.012 0.751
425.727 0.715
426.44 0.713
427.136 0.696
427.831 0.695
428.513 0.682
429.19 0.677
429.864 0.674
430.529 0.665
431.169 0.64
431.802 0.633
432.43 0.628
433.064 0.634
433.729 0.665
434.459 0.73
435.313 0.854
436.232 0.919
437.084 0.852
437.904 0.82
438.701 0.797
439.444 0.743
440.146 0.702
440.836 0.69
441.524 0.688
442.208 0.684
442.908 0.7
443.643 0.735
444.381 0.738
445.131 0.75
445.904 0.773
446.709 0.805
447.503 0.794
448.289 0.786
449.091 0.802
449.889 0.798
450.639 0.75
451.385 0.746
452.111 0.726
452.848 0.737
453.562 0.714
454.296 0.734
455.036 0.74
455.809 0.773
456.622 0.813
457.421 0.799
458.252 0.831
459.067 0.815
459.87 0.803
460.651 0.781
461.393 0.742
462.127 0.734
462.841 0.714
463.564 0.723
464.291 0.727
465.04 0.749
465.816 0.776
466.658 0.842
467.469 0.811
468.295 0.826
469.113 0.818
469.912 0.799
470.659 0.747
471.398 0.739
472.119 0.721
472.82 0.701
473.508 0.688
474.199 0.691
474.909 0.71
475.684 0.775
476.493 0.809
477.337 0.844
478.177 0.84
478.998 0.821
479.796 0.798
480.569 0.773
481.324 0.755
482.037 0.713
482.746 0.709
483.439 0.693
484.136 0.697
484.852 0.716
485.587 0.735
486.357 0.77
487.154 0.797
488.006 0.852
488.868 0.862
489.692 0.824
490.5 0.808
491.287 0.787
492.063 0.776
492.821 0.758
493.552 0.731
494.264 0.712
494.957 0.693
495.655 0.698
496.35 0.695
497.047 0.697
497.74 0.693
498.433 0.693
499.125 0.692
499.824 0.699
500.519 0.695
501.208 0.689
501.902 0.694
502.596 0.694
503.294 0.698
503.979 0.685
504.662 0.683
505.361 0.699
506.103 0.742
506.951 0.848
507.847 0.896
508.725 0.878
509.545 0.82
510.343 0.798
511.117 0.774
511.857 0.74
512.573 0.716
513.275 0.702
513.975 0.7
514.688 0.713
515.417 0.729
516.199 0.782
517.036 0.837
517.914 0.878
518.729 0.815
519.555 0.826
520.369 0.814
521.151 0.782
521.921 0.77
522.666 0.745
523.384 0.718
524.086 0.702
524.785 0.699
525.52 0.735
526.328 0.808
527.17 0.842
527.963 0.793
528.761 0.798
529.534 0.773
530.312 0.778
531.056 0.744
531.788 0.732
532.506 0.718
533.209 0.703
533.895 0.686
534.573 0.678
535.245 0.672
535.936 0.691
536.647 0.711
537.388 0.741
538.146 0.758
538.922 0.776
539.715 0.793
540.491 0.776
541.27 0.779
542.054 0.784
542.816 0.762
543.555 0.739
544.266 0.711
544.96 0.694
545.648 0.688
546.334 0.686
547.057 0.723
547.836 0.779
548.667 0.831
549.486 0.819
550.306 0.82
551.115 0.809
551.907 0.792
552.679 0.772
553.437 0.758
554.172 0.735
554.875 0.703
555.572 0.697
556.267 0.695
556.977 0.71
557.722 0.745
558.565 0.843
559.45 0.885
560.375 0.925
561.254 0.879
562.048 0.794
562.817 0.769
563.535 0.718
564.226 0.691
564.9 0.674
565.556 0.656
566.204 0.648
566.855 0.651
567.542 0.687
568.275 0.733
569.036 0.761
569.853 0.817
570.658 0.805
571.459 0.801
572.229 0.77
572.983 0.754
573.722 0.739
574.452 0.73
575.155 0.703
575.848 0.693
576.537 0.689
577.246 0.709
577.996 0.75
578.782 0.786
579.528 0.746
580.29 0.762
581.065 0.775
581.818 0.753
582.56 0.742
583.287 0.727
584.03 0.743
584.765 0.735
585.487 0.722
586.199 0.712
586.897 0.698
587.595 0.698
588.278 0.683
588.967 0.689
589.643 0.676
590.32 0.677
591.005 0.685
591.724 0.719
592.493 0.769
593.285 0.792
594.073 0.788
594.833 0.76
595.577 0.744
596.297 0.72
596.997 0.7
597.676 0.679
598.335 0.659
598.987 0.652
599.631 0.644
600.31 0.679
601.096 0.786
601.98 0.884
602.833 0.853
603.63 0.797
604.35 0.72
605.057 0.707