0.000 0.895
0.895 0.895
1.726 0.831
2.556 0.83
3.411 0.855
4.263 0.852
5.074 0.811
5.9 0.826
6.728 0.828
7.514 0.786
8.281 0.767
9.029 0.748
9.802 0.773
10.619 0.817
11.505 0.886
12.401 0.896
13.253 0.852
14.098 0.845
14.905 0.807
15.703 0.798
16.505 0.802
17.32 0.815
18.205 0.885
19.133 0.928
20.064 0.931
20.977 0.913
21.837 0.86
22.659 0.822
23.439 0.78
24.196 0.757
24.951 0.755
25.701 0.75
26.444 0.743
27.239 0.795
28.221 0.982
29.133 0.912
30.1 0.967
31.048 0.948
31.918 0.87
32.767 0.849
33.622 0.855
34.439 0.817
35.298 0.859
36.178 0.88
37.011 0.833
37.808 0.797
38.598 0.79
39.385 0.787
40.205 0.82
41.065 0.86
41.964 0.899
42.872 0.908
43.726 0.854
44.622 0.896
45.546 0.924
46.51 0.964
47.486 0.976
48.377 0.891
49.299 0.922
50.173 0.874
51.016 0.843
51.786 0.77
52.895 1.109
54.002 1.107
55.119 1.117
56.196 1.077
57.226 1.03
58.204 0.978
59.117 0.913
59.959 0.842
60.773 0.814
61.576 0.803
62.374 0.798
63.177 0.803
63.991 0.814
64.845 0.854
65.715 0.87
66.621 0.906
67.548 0.927
68.447 0.899
69.283 0.836
70.131 0.848
70.973 0.842
71.814 0.841
72.6 0.786
73.408 0.808
74.232 0.824
75.113 0.881
75.916 0.803
76.735 0.819
77.534 0.799
78.359 0.825
79.135 0.776
79.912 0.777
80.683 0.771
81.479 0.796
82.286 0.807
83.074 0.788
83.899 0.825
84.751 0.852
85.612 0.861
86.412 0.8
87.205 0.793
87.949 0.744
88.661 0.712
89.377 0.716
90.112 0.735
90.839 0.727
91.597 0.758
92.41 0.813
93.545 1.135
94.598 1.053
95.552 0.954
96.507 0.955
97.456 0.949
98.394 0.938
99.252 0.858
100.086 0.834
100.917 0.831
101.799 0.882
102.658 0.859
103.516 0.858
104.393 0.877
105.3 0.907
106.231 0.931
107.097 0.866
107.963 0.866
108.82 0.857
109.702 0.882
110.562 0.86
111.394 0.832
112.246 0.852
113.124 0.878
114.063 0.939
114.936 0.873
115.8 0.864
116.665 0.865
117.558 0.893
118.488 0.93
119.33 0.842
120.193 0.863
121.045 0.852
121.933 0.888
122.811 0.878
123.63 0.819
124.471 0.841
125.31 0.839
126.209 0.899
127.162 0.953
128.04 0.878
128.91 0.87
129.776 0.866
130.658 0.882
131.55 0.892
132.388 0.838
133.236 0.848
134.064 0.828
134.914 0.85
135.778 0.864
136.595 0.817
137.448 0.853
138.311 0.863
139.191 0.88
140.034 0.843
140.897 0.863
141.763 0.866
142.639 0.876
143.502 0.863
144.304 0.802
145.12 0.816
145.932 0.812
146.762 0.83
147.525 0.763
148.287 0.762
149.012 0.725
149.709 0.697
150.389 0.68
151.111 0.722
151.847 0.736
152.653 0.806
153.554 0.901
154.496 0.942
155.416 0.92
156.311 0.895
157.186 0.875
158.03 0.844
158.844 0.814
159.631 0.787
160.406 0.775
161.169 0.763
161.94 0.771
162.711 0.771
163.491 0.78
164.293 0.802
165.106 0.813
165.933 0.827
166.74 0.807
167.569 0.829
168.404 0.835
169.206 0.802
169.967 0.761
170.716 0.749
171.452 0.736
172.216 0.764
173.008 0.792
173.874 0.866
174.683 0.809
175.522 0.839
176.368 0.846
177.209 0.841
178.014 0.805
178.824 0.81
179.648 0.824
180.437 0.789
181.227 0.79
182.017 0.79
182.822 0.805
183.66 0.838
184.451 0.791
185.287 0.836
186.139 0.852
187.045 0.906
187.929 0.884
188.775 0.846
189.631 0.856
190.506 0.875
191.427 0.921
192.345 0.918
193.206 0.861
194.055 0.849
194.901 0.846
195.763 0.862
196.64 0.877
197.477 0.837
198.322 0.845
199.175 0.853
200.061 0.886
200.939 0.878
201.805 0.866
202.691 0.886
203.597 0.906
204.49 0.893
205.329 0.839
206.181 0.852
207.031 0.85
207.874 0.843
208.675 0.801
209.495 0.82
210.307 0.812
211.137 0.83
211.959 0.822
212.736 0.777
213.536 0.8
214.348 0.812
215.215 0.867
216.103 0.888
216.939 0.836
217.785 0.846
218.6 0.815
219.415 0.815
220.248 0.833
221.038 0.79
221.851 0.813
222.632 0.781
223.43 0.798
224.188 0.758
224.958 0.77
225.724 0.766
226.542 0.818
227.422 0.88
228.257 0.835
229.12 0.863
230.0 0.88
230.9 0.9
231.806 0.906
232.645 0.839
233.467 0.822
234.281 0.814
235.1 0.819
235.957 0.857
236.789 0.832
237.653 0.864
238.514 0.861
239.4 0.886
240.264 0.864
241.092 0.828
241.942 0.85
242.815 0.873
243.727 0.912
244.581 0.854
245.439 0.858
246.281 0.842
247.146 0.865
247.99 0.844
248.797 0.807
249.618 0.821
250.445 0.827
251.308 0.863
252.129 0.821
252.968 0.839
253.819 0.851
254.678 0.859
255.523 0.845
256.318 0.795
257.118 0.8
257.919 0.801
258.747 0.828
259.627 0.88
260.478 0.851
261.308 0.83
262.138 0.83
262.979 0.841
263.804 0.825
264.593 0.789
265.385 0.792
266.15 0.765
266.9 0.75
267.627 0.727
268.364 0.737
269.109 0.745
269.841 0.732
270.598 0.757
271.38 0.782
272.2 0.82
273.017 0.817
273.793 0.776
274.596 0.803
275.388 0.792
276.21 0.822
276.985 0.775
277.79 0.805
278.615 0.825
279.473 0.858
280.274 0.801
281.094 0.82
281.903 0.809
282.719 0.816
283.479 0.76
284.258 0.779
285.042 0.784
285.88 0.838
286.71 0.83
287.51 0.8
288.323 0.813
289.143 0.82
289.98 0.837
290.762 0.782
291.54 0.778
292.319 0.779
293.113 0.794
293.926 0.813
294.714 0.788
295.536 0.822
296.378 0.842
297.247 0.869
298.081 0.834
298.882 0.801
299.671 0.789
300.459 0.788
301.254 0.795
302.014 0.76
302.76 0.746
303.512 0.752
304.271 0.759
305.088 0.817
305.935 0.847
306.747 0.812
307.592 0.845
308.423 0.831
309.269 0.846
310.047 0.778
310.814 0.767
311.577 0.763
312.344 0.767
313.12 0.776
313.863 0.743
314.625 0.762
315.398 0.773
316.22 0.822
317.021 0.801
317.815 0.794
318.623 0.808
319.434 0.811
320.238 0.804
321.001 0.763
321.771 0.77
322.532 0.761
323.267 0.735
324.017 0.75
324.753 0.736
325.489 0.736
326.229 0.74
326.942 0.713
327.673 0.731
328.415 0.742
329.189 0.774
329.992 0.803
330.784 0.792
331.567 0.783
332.365 0.798
333.168 0.803
333.986 0.818
334.794 0.808
335.588 0.794
336.395 0.807
337.211 0.816
338.046 0.835
338.854 0.808
339.672 0.818
340.487 0.815
341.335 0.848
342.2 0.865
343.042 0.842
343.898 0.856
344.763 0.865
345.601 0.838
346.401 0.8
347.206 0.805
348.016 0.81
348.826 0.81
349.594 0.768
350.39 0.796
351.204 0.814
352.074 0.87
352.903 0.829
353.748 0.845
354.584 0.836
355.421 0.837
356.205 0.784
357.007 0.802
357.797 0.79
358.628 0.831
359.448 0.82
360.288 0.84
361.16 0.872
362.081 0.921
363.002 0.921
363.849 0.847
364.704 0.855
365.555 0.851
366.425 0.87
367.277 0.852
368.108 0.831
368.951 0.843
369.816 0.865
370.706 0.89
371.558 0.852
372.417 0.859
373.283 0.866
374.169 0.886
375.023 0.854
375.855 0.832
376.707 0.852
377.583 0.876
378.485 0.902
379.38 0.895
380.226 0.846
381.089 0.863
381.949 0.86
382.818 0.869
383.67 0.852
384.487 0.817
385.325 0.838
386.165 0.84
387.037 0.872
387.879 0.842
388.715 0.836
389.548 0.833
390.414 0.866
391.231 0.817
392.046 0.815
392.863 0.817
393.646 0.783
394.453 0.807
395.269 0.816
396.051 0.782
396.785 0.734
397.497 0.712
398.199 0.702
398.907 0.708
399.63 0.723
400.397 0.767
401.206 0.809
401.968 0.762
402.744 0.776
403.522 0.778
404.322 0.8
405.111 0.789
405.864 0.753
406.632 0.768
407.403 0.771
408.194 0.791
408.977 0.783
409.729 0.752
410.498 0.769
411.278 0.78
412.07 0.792
412.867 0.797
413.616 0.749
414.384 0.768
415.152 0.768
415.941 0.789
416.755 0.814
417.566 0.811
418.334 0.768
419.129 0.795
419.926 0.797
420.784 0.858
421.651 0.867
422.472 0.821
423.312 0.84
424.167 0.855
425.034 0.867
425.84 0.806
426.663 0.823
427.492 0.829
428.339 0.847
429.176 0.837
429.959 0.783
430.764 0.805
431.574 0.81
432.417 0.843
433.252 0.835
434.04 0.788
434.865 0.825
435.67 0.805
436.429 0.759
437.16 0.731
437.897 0.737
438.622 0.725
439.35 0.728
440.109 0.759
440.926 0.817
441.875 0.949
442.849 0.974
443.73 0.881
444.586 0.856
445.435 0.849
446.288 0.853
447.138 0.85
447.975 0.837
448.749 0.774
449.516 0.767
450.282 0.766
451.083 0.801
451.947 0.864
452.84 0.893
453.659 0.819
454.49 0.831
455.321 0.831
456.179 0.858
457.022 0.843
457.828 0.806
458.646 0.818
459.473 0.827
460.352 0.879
461.173 0.821
461.962 0.789
462.745 0.783
463.539 0.794
464.373 0.834
465.187 0.814
465.958 0.771
466.742 0.784
467.525 0.783
468.314 0.789
469.078 0.764
469.866 0.788
470.655 0.789
471.484 0.829
472.337 0.853
473.187 0.85
473.972 0.785
474.766 0.794
475.557 0.791
476.371 0.814
477.213 0.842
478.034 0.821
478.853 0.819
479.684 0.831
480.532 0.848
481.397 0.865
482.202 0.805
483.019 0.817
483.849 0.83
484.732 0.883
485.588 0.856
486.401 0.813
487.225 0.824
488.061 0.836
488.921 0.86
489.724 0.803
490.543 0.819
491.379 0.836
492.245 0.866
493.178 0.933
494.053 0.875
494.901 0.848
495.745 0.844
496.607 0.862
497.474 0.867
498.302 0.828
499.118 0.816
499.95 0.832
500.816 0.866
501.744 0.928
502.613 0.869
503.484 0.871
504.356 0.872
505.233 0.877
506.071 0.838
506.915 0.844
507.773 0.858
508.663 0.89
509.545 0.882
510.372 0.827
511.206 0.834
512.051 0.845
512.935 0.884
513.824 0.889
514.666 0.842
515.525 0.859
516.414 0.889
517.308 0.894
518.126 0.818
518.951 0.825
519.772 0.821
520.612 0.84
521.395 0.783
522.215 0.82
523.022 0.807
523.848 0.826
524.641 0.793
525.432 0.791
526.219 0.787
527.024 0.805
527.814 0.79