0.000 0.368
0.368 0.368
0.663 0.295
0.962 0.299
1.565 0.603
11.999 0.796
12.987 0.988
13.93 0.943
14.909 0.979
15.857 0.948
16.725 0.868
17.603 0.878
18.576 0.973
19.71 1.134
20.745 1.035
21.579 0.834
22.465 0.886
23.696 1.231
24.657 0.961
25.408 0.751
26.116 0.708
26.901 0.785
28.151 1.25
29.345 1.194
30.423 1.078
31.367 0.944
32.169 0.802
32.975 0.806
33.798 0.823
34.755 0.957
35.645 0.89
36.487 0.842
37.462 0.975
38.519 1.057
39.618 1.099
40.538 0.92
41.374 0.836
42.195 0.821
43.183 0.988
44.244 1.061
45.292 1.048
46.274 0.982
47.147 0.873
48.035 0.888
48.937 0.902
49.88 0.943
50.783 0.903
51.605 0.822
52.451 0.846
53.449 0.998
54.566 1.117
55.587 1.021
56.499 0.912
57.384 0.885
58.261 0.877
59.196 0.935
60.219 1.023
61.158 0.939
62.089 0.931
62.858 0.769
63.675 0.817
64.07 0.395
64.377 0.307
65.376 0.999
66.241 0.865
67.181 0.94
68.128 0.947
69.094 0.966
70.037 0.943
70.941 0.904
71.877 0.936
72.869 0.992
73.867 0.998
74.783 0.916
75.701 0.918
76.67 0.969
77.546 0.876
78.399 0.853
79.223 0.824
80.145 0.922
81.161 1.016
82.177 1.016
83.106 0.929
83.982 0.876
84.897 0.915
85.847 0.95
86.752 0.905
87.619 0.867
88.471 0.852
89.368 0.897
90.299 0.931
91.211 0.912
92.092 0.881
92.972 0.88
93.881 0.909
94.91 1.029
95.885 0.975
96.809 0.924
97.761 0.952
98.777 1.016
99.809 1.032
100.722 0.913
101.555 0.833
102.436 0.881
103.392 0.956
104.413 1.021
105.387 0.974
106.265 0.878
107.136 0.871
108.044 0.908
108.922 0.878
109.764 0.842
110.585 0.821
111.463 0.878
112.388 0.925
113.276 0.888
114.095 0.819
114.888 0.793
115.669 0.781
116.506 0.837
117.373 0.867
118.183 0.81
118.961 0.778
119.771 0.81
120.662 0.891
121.554 0.892
122.413 0.859
123.317 0.904
124.22 0.903
125.099 0.879
125.911 0.812
126.726 0.815
127.585 0.859
128.427 0.842
129.272 0.845
130.1 0.828
130.891 0.791
131.741 0.85
132.662 0.921
133.648 0.986
134.539 0.891
135.461 0.922
136.449 0.988
137.461 1.012
138.379 0.918
139.237 0.858
140.126 0.889
141.06 0.934
141.964 0.904
142.813 0.849
143.639 0.826
144.517 0.878
145.516 0.999
146.499 0.983
147.38 0.881
148.252 0.872
149.223 0.971
150.273 1.05
151.235 0.962
152.111 0.876
153.013 0.902
153.982 0.969
154.916 0.934
155.795 0.879
156.696 0.901
157.673 0.977
158.648 0.975
159.555 0.907
160.408 0.853
161.251 0.843
162.1 0.849
162.945 0.845
163.791 0.846
164.734 0.943
165.759 1.025
166.746 0.987
167.624 0.878
168.447 0.823
169.296 0.849
170.194 0.898
171.113 0.919
172.053 0.94
172.923 0.87
173.757 0.834
174.636 0.879
175.598 0.962
176.576 0.978
177.474 0.898
178.294 0.82
179.121 0.827
180.025 0.904
180.971 0.946
181.838 0.867
182.696 0.858
183.597 0.901
184.541 0.944
185.484 0.943
186.41 0.926
187.349 0.939
188.294 0.945
189.179 0.885
190.074 0.895
190.991 0.917
192.018 1.027
192.941 0.923
193.817 0.876
194.772 0.955
195.785 1.013
196.733 0.948
197.564 0.831
198.408 0.844
199.363 0.955
200.441 1.078
201.443 1.002
202.389 0.946
203.308 0.919
204.26 0.952
205.272 1.012
206.246 0.974
207.142 0.896
208.097 0.955
209.056 0.959
210.014 0.958
210.878 0.864
211.674 0.796
212.476 0.802
213.361 0.885
214.352 0.991
215.276 0.924
216.153 0.877
217.082 0.929
218.067 0.985
219.04 0.973
219.917 0.877
220.784 0.867
221.654 0.87
222.519 0.865
223.307 0.788
224.09 0.783
224.903 0.813
225.779 0.876
226.694 0.915
227.57 0.876
228.413 0.843
229.323 0.91
230.325 1.002
231.28 0.955
232.16 0.88
233.01 0.85
233.947 0.937
234.958 1.011
235.973 1.015
236.888 0.915
237.788 0.9
238.745 0.957
239.74 0.995
240.68 0.94
241.552 0.872
242.452 0.9
243.414 0.962
244.407 0.993
245.306 0.899
246.175 0.869
247.149 0.974
248.216 1.067
249.214 0.998
250.099 0.885
251.038 0.939
252.028 0.99
253.013 0.985
253.935 0.922
254.803 0.868
255.695 0.892
256.622 0.927
257.521 0.899
258.368 0.847
259.261 0.893
260.228 0.967
261.226 0.998
262.125 0.899
263.035 0.91
264.009 0.974
264.999 0.99
265.939 0.94
266.793 0.854
267.639 0.846
268.519 0.88
269.44 0.921
270.367 0.927
271.207 0.84
272.049 0.842
272.973 0.924
273.982 1.009
274.931 0.949
275.807 0.876
276.719 0.912
277.686 0.967
278.629 0.943
279.503 0.874
280.326 0.823
281.169 0.843
282.029 0.86
282.977 0.948
283.87 0.893
284.717 0.847
285.627 0.91
286.6 0.973
287.557 0.957
288.43 0.873
289.304 0.874
290.206 0.902
291.157 0.951
292.027 0.87
292.849 0.822
293.699 0.85
294.579 0.88
295.555 0.976
296.45 0.895
297.353 0.903
298.302 0.949
299.298 0.996
300.205 0.907
301.042 0.837
301.902 0.86
302.823 0.921
303.743 0.92
304.608 0.865
305.424 0.816
306.19 0.766
306.933 0.743
307.629 0.696
308.355 0.726
309.216 0.861
310.184 0.968
311.058 0.874
311.879 0.821
312.676 0.797
313.458 0.782
314.252 0.794
315.058 0.806
315.831 0.773
316.567 0.736
317.262 0.695
317.943 0.681
318.635 0.692
319.406 0.771
320.289 0.883
321.169 0.88
322.046 0.877
322.914 0.868
323.841 0.927
324.835 0.994
325.827 0.992
326.725 0.898
327.589 0.864
328.474 0.885
329.419 0.945
330.412 0.993
331.313 0.901
332.192 0.879
333.137 0.945
334.155 1.018
335.114 0.959
336.036 0.922
336.986 0.95
337.928 0.942
338.774 0.846
339.569 0.795
340.349 0.78
341.15 0.801
341.978 0.828
342.804 0.826
343.573 0.769
344.362 0.789
345.188 0.826
346.073 0.885
346.934 0.861
347.725 0.791
348.52 0.795
349.369 0.849
350.304 0.935
351.204 0.9
352.057 0.853
352.848 0.791
353.651 0.803
354.492 0.841
355.383 0.891
356.3 0.917
357.155 0.855
357.954 0.799
358.769 0.815
359.681 0.912
360.633 0.952
361.571 0.938
362.484 0.913
363.463 0.979
364.478 1.015
365.495 1.017
366.484 0.989
367.384 0.9
368.213 0.829
369.065 0.852
370.001 0.936
370.985 0.984
371.881 0.896
372.657 0.776
373.382 0.725
374.065 0.683
374.814 0.749
375.843 1.029
376.877 1.034
377.94 1.063
378.986 1.046
379.844 0.858
380.673 0.829
381.487 0.814
382.276 0.789
383.073 0.797
383.852 0.779
384.591 0.739
385.372 0.781
386.256 0.884
387.196 0.94
388.21 1.014
389.181 0.971
390.074 0.893
390.955 0.881
391.886 0.931
392.845 0.959
393.805 0.96
394.724 0.919
395.567 0.843
396.414 0.847
397.274 0.86
398.139 0.865
399.02 0.881
399.893 0.873
400.754 0.861
401.592 0.838
402.391 0.799
403.217 0.826
404.072 0.855
404.992 0.92
405.928 0.936
406.806 0.878
407.638 0.832
408.473 0.835
409.312 0.839
410.2 0.888
411.121 0.921
411.96 0.839
412.794 0.834
413.664 0.87
414.589 0.925
415.52 0.931
416.377 0.857
417.162 0.785
417.935 0.773
418.73 0.795
419.537 0.807
420.396 0.859
421.209 0.813
421.972 0.763
422.749 0.777
423.596 0.847
424.588 0.992
425.598 1.01
426.489 0.891
427.375 0.886
428.332 0.957
429.317 0.985
430.27 0.953
431.142 0.872
431.941 0.799
432.723 0.782
433.519 0.796
434.339 0.82
435.191 0.852
435.988 0.797
436.748 0.76
437.538 0.79
438.392 0.854
439.306 0.914
440.208 0.902
441.043 0.835
441.886 0.843
442.785 0.899
443.717 0.932
444.606 0.889
445.43 0.824
446.223 0.793
447.008 0.785
447.848 0.84
448.758 0.91
449.647 0.889
450.475 0.828
451.295 0.82
452.147 0.852
453.023 0.876
453.867 0.844
454.679 0.812
455.485 0.806
456.374 0.889
457.383 1.009
458.353 0.97
459.218 0.865
460.018 0.8
460.827 0.809
461.652 0.825
462.496 0.844
463.368 0.872
464.203 0.835
465.006 0.803
465.834 0.828
466.777 0.943
467.803 1.026
468.713 0.91
469.592 0.879
470.475 0.883
471.381 0.906
472.327 0.946
473.211 0.884
474.04 0.829
474.894 0.854
475.744 0.85
476.607 0.863
477.428 0.821
478.215 0.787
479.017 0.802
479.881 0.864
480.804 0.923
481.661 0.857
482.473 0.812
483.312 0.839
484.214 0.902
485.203 0.989
486.157 0.954
487.019 0.862
487.849 0.83
488.712 0.863
489.623 0.911
490.577 0.954
491.46 0.883
492.316 0.856
493.215 0.899
494.153 0.938
495.11 0.957
495.978 0.868
496.795 0.817
497.622 0.827
498.498 0.876
499.434 0.936
500.423 0.989
501.318 0.895
502.145 0.827
502.966 0.821
503.917 0.951
504.904 0.987
505.852 0.948
506.752 0.9
507.691 0.939
508.662 0.971
509.633 0.971
510.551 0.918
511.374 0.823
512.124 0.75
512.801 0.677
513.48 0.679
514.488 1.008
515.505 1.017
516.468 0.963
517.347 0.879
518.195 0.848
519.084 0.889
519.968 0.884
520.859 0.891
521.721 0.862
522.541 0.82
523.314 0.773
524.056 0.742
524.818 0.762
525.661 0.843
526.561 0.9
527.512 0.951
528.399 0.887
529.225 0.826
530.042 0.817
530.898 0.856
531.775 0.877
532.6 0.825
533.373 0.773
534.09 0.717
534.767 0.677
535.439 0.672
536.132 0.693
536.89 0.758
537.72 0.83
538.63 0.91
539.489 0.859
540.325 0.836
541.2 0.875
542.113 0.913
543.01 0.897
543.908 0.898
544.737 0.829
545.536 0.799
546.324 0.788
547.115 0.791
547.987 0.872
548.834 0.847
549.634 0.8
550.453 0.819
551.334 0.881
552.31 0.976
553.207 0.897
554.031 0.824
554.854 0.823
555.698 0.844
556.601 0.903
557.45 0.849
558.241 0.791
559.056 0.815
559.911 0.855
560.801 0.89
561.647 0.846
562.471 0.824
563.368 0.897
564.311 0.943
565.243 0.932
566.118 0.875
566.93 0.812
567.739 0.809
568.607 0.868
569.547 0.94
570.514 0.967
571.431 0.917
572.288 0.857
573.173 0.885
574.087 0.914
574.943 0.856
575.741 0.798
576.477 0.736
577.194 0.717
578.016 0.822
579.089 1.073
580.151 1.062
581.187 1.036
582.105 0.918
583.131 1.026
584.196 1.065
585.254 1.058
586.222 0.968
587.157 0.935
588.05 0.893
588.875 0.825
589.666 0.791
590.485 0.819
591.331 0.846
592.214 0.883
593.086 0.872
593.9 0.814
594.712 0.812
595.655 0.943
596.702 1.047
597.728 1.026
598.675 0.947
599.609 0.934
600.672 1.063
601.778 1.106
602.807 1.029
603.749 0.942
604.661 0.912
605.63 0.969
606.613 0.983
607.478 0.865
608.303 0.825
609.169 0.866
610.165 0.996
610.706 0.541
611.506 0.8
612.239 0.733
613.154 0.915
614.161 1.007
615.147 0.986
616.06 0.913
616.872 0.812