0.000 1.1
1.1 1.1
2.162 1.062
3.204 1.042
4.129 0.925
5.157 1.028
5.682 0.525
6.726 1.044
7.699 0.973
8.737 1.038
9.809 1.072
10.837 1.028
18.04 1.041
19.041 1.001
20.072 1.031
21.033 0.961
21.889 0.856
22.739 0.85
23.674 0.935
24.812 1.138
25.93 1.118
27.18 1.25
28.474 1.294
29.725 1.251
30.972 1.247
32.094 1.122
33.135 1.041
34.3 1.165
35.462 1.162
36.61 1.148
37.849 1.239
39.033 1.184
40.061 1.028
41.037 0.976
42.133 1.096
43.369 1.236
44.681 1.312
45.91 1.229
46.942 1.032
47.97 1.028
49.175 1.205
50.502 1.327
51.775 1.273
53.024 1.249
54.22 1.196
55.302 1.082
56.309 1.007
57.364 1.055
58.441 1.077
59.434 0.993
60.495 1.061
61.736 1.241
63.001 1.265
64.284 1.283
65.542 1.258
66.661 1.119
67.834 1.173
69.13 1.296
70.322 1.192
71.541 1.219
72.73 1.189
73.94 1.21
75.221 1.281
76.386 1.165
77.537 1.151
78.748 1.211
79.818 1.07
80.927 1.109
82.11 1.183
83.259 1.149
84.422 1.163
85.634 1.212
86.844 1.21
88.005 1.161
89.187 1.182
90.303 1.116
91.457 1.154
92.603 1.146
93.672 1.069
94.83 1.158
96.051 1.221
97.24 1.189
98.353 1.113
99.558 1.205
100.758 1.2
101.932 1.174
103.204 1.272
104.426 1.222
105.651 1.225
106.971 1.32
108.202 1.231
109.411 1.209
110.652 1.241
111.842 1.19
113.131 1.289
114.323 1.192
115.553 1.23
116.744 1.191
117.933 1.189
119.158 1.225
120.265 1.107
121.336 1.071
122.557 1.221
123.796 1.239
124.973 1.177
126.158 1.185
127.171 1.013
128.244 1.073
129.308 1.064
130.419 1.111
131.527 1.108
132.68 1.153
133.867 1.187
135.039 1.172
136.189 1.15
137.362 1.173
138.542 1.18
139.712 1.17
140.726 1.014
141.771 1.045
142.88 1.109
143.98 1.1
145.014 1.034
146.029 1.015
147.128 1.099
148.179 1.051
149.234 1.055
150.324 1.09
151.391 1.067
152.439 1.048
153.583 1.144
154.716 1.133
155.763 1.047
156.836 1.073
157.927 1.091
158.899 0.972
159.865 0.966
160.758 0.893
161.806 1.048
163.013 1.207
164.047 1.034
165.153 1.106
166.193 1.04
167.248 1.055
168.392 1.144
169.48 1.088
170.544 1.064
171.678 1.134
172.693 1.015
173.777 1.084
174.973 1.196
176.162 1.189
177.352 1.19
178.631 1.279
179.749 1.118
180.871 1.122
181.996 1.125
183.115 1.119
184.227 1.112
185.255 1.028
186.276 1.021
187.325 1.049
188.408 1.083
189.484 1.076
190.515 1.031
191.439 0.924
192.401 0.962
193.458 1.057
194.57 1.112
195.777 1.207
196.87 1.093
197.937 1.067
199.006 1.069
200.124 1.118
201.21 1.086
202.275 1.065
203.228 0.953
204.201 0.973
205.387 1.186
205.976 0.589
207.109 1.133
208.135 1.026
209.249 1.114
210.366 1.117
211.464 1.098
212.55 1.086
213.577 1.027
214.579 1.002
215.547 0.968
216.437 0.89
217.405 0.968
218.608 1.203
219.728 1.12
220.795 1.067
221.833 1.038
222.785 0.952
223.813 1.028
224.909 1.096
225.982 1.073
227.03 1.048
228.135 1.105
229.208 1.073
230.244 1.036
231.376 1.132
232.571 1.195
233.674 1.103
234.739 1.065
235.901 1.162
237.032 1.131
238.115 1.083
239.288 1.173
240.428 1.14
241.447 1.019
242.475 1.028
243.424 0.949
244.665 1.241
245.804 1.139
246.984 1.18
248.186 1.202
249.337 1.151
250.444 1.107
251.637 1.193
252.826 1.189
253.903 1.077
254.97 1.067
256.105 1.135
257.286 1.181
258.481 1.195
259.637 1.156
260.86 1.223
262.043 1.183
263.26 1.217
264.358 1.098
265.593 1.235
266.833 1.24
268.042 1.209
269.119 1.077
270.262 1.143
271.444 1.182
272.489 1.045
273.58 1.091
274.811 1.231
275.993 1.182
277.122 1.129
278.24 1.118
279.309 1.069
280.293 0.984
281.312 1.019
282.393 1.081
283.467 1.074
284.528 1.061
285.61 1.082
286.708 1.098
287.714 1.006
288.768 1.054
289.986 1.218
291.274 1.288
292.493 1.219
293.59 1.097
294.546 0.956
295.453 0.907
296.379 0.926
297.444 1.065
298.53 1.086
299.514 0.984
300.55 1.036
301.651 1.101
302.771 1.12
303.814 1.043
304.97 1.156
306.123 1.153
307.188 1.065
308.232 1.044
309.297 1.065
310.2 0.903
311.127 0.927
312.115 0.988
313.266 1.151
314.426 1.16
315.555 1.129
316.646 1.091
317.648 1.002
318.593 0.945
319.484 0.891
320.355 0.871
321.374 1.019
322.477 1.103
323.596 1.119
324.72 1.124
325.838 1.118
326.947 1.109
327.984 1.037
329.093 1.109
330.263 1.17
331.3 1.037
332.448 1.148
333.637 1.189
334.773 1.136
335.985 1.212
337.153 1.168
338.267 1.114
339.412 1.145
340.555 1.143
341.726 1.171
342.83 1.104
343.955 1.125
344.99 1.035
346.03 1.04
347.091 1.061
348.143 1.052
349.109 0.966
350.102 0.993
351.18 1.078
352.324 1.144
353.422 1.098
354.588 1.166
355.792 1.204
356.933 1.141
358.01 1.077
358.941 0.931
359.832 0.891
360.74 0.908
361.743 1.003
362.761 1.018
363.827 1.066
364.893 1.066
365.916 1.023
366.887 0.971
367.912 1.025
369.001 1.089
370.126 1.125
371.329 1.203
372.428 1.099
373.541 1.113
374.651 1.11
375.729 1.078
376.768 1.039
377.785 1.017
378.771 0.986
379.699 0.928
380.582 0.883
381.459 0.877
382.457 0.998
383.54 1.083
384.667 1.127
385.794 1.127
386.869 1.075
387.898 1.029
388.799 0.901
389.67 0.871
390.561 0.891
391.661 1.1
392.647 0.986
393.567 0.92
394.452 0.885
395.456 1.004
396.634 1.178
397.793 1.159
398.862 1.069
399.98 1.118
401.078 1.098
402.146 1.068
403.209 1.063
404.357 1.148
405.354 0.997
406.457 1.103
407.707 1.25
408.797 1.09
409.925 1.128
411.021 1.096
412.134 1.113
413.207 1.073
414.219 1.012
415.332 1.113
416.536 1.204
417.66 1.124
418.831 1.171
420.057 1.226
421.232 1.175
422.347 1.115
423.442 1.095
424.608 1.166
425.824 1.216
427.009 1.185
428.188 1.179
429.305 1.117
430.465 1.16
431.603 1.138
432.684 1.081
433.81 1.126
434.958 1.148
436.059 1.101
437.145 1.086
438.343 1.198
439.513 1.17
440.604 1.091
441.739 1.135
442.818 1.079
443.912 1.094
444.926 1.014
445.883 0.957
446.89 1.007
448.218 1.328
449.443 1.225
450.521 1.078
451.616 1.095
452.677 1.061
453.73 1.053
454.773 1.043
455.843 1.07
457.01 1.167
458.194 1.184
459.28 1.086
460.434 1.154
461.54 1.106
462.611 1.071
463.802 1.191
465.005 1.203
466.121 1.116
467.293 1.172
468.464 1.171
469.535 1.071
470.626 1.091
471.805 1.179
472.934 1.129
473.874 0.94
474.858 0.984
475.901 1.043
476.896 0.995
477.834 0.938
478.817 0.983
479.4 0.583
480.483 1.083
481.537 1.054
482.664 1.127
483.787 1.123
484.924 1.137
486.023 1.099
487.151 1.128
488.247 1.096
489.289 1.042
490.326 1.037
491.312 0.986
492.295 0.983
493.37 1.075
494.421 1.051
495.498 1.077
496.629 1.131
497.76 1.131
498.891 1.131
500.062 1.171
501.196 1.134
502.26 1.064
503.187 0.927
504.077 0.89
505.003 0.926
506.022 1.019
507.04 1.018
508.078 1.038
509.16 1.082
510.288 1.128
511.388 1.1
512.411 1.023
513.437 1.026
514.401 0.964
515.372 0.971
516.39 1.018
517.432 1.042
518.546 1.114
519.675 1.129
520.794 1.119
521.814 1.02
522.721 0.907
523.689 0.968
524.885 1.196
526.115 1.23
527.303 1.188
528.469 1.166
529.565 1.096
530.532 0.967
531.491 0.959
532.551 1.06
533.632 1.081
534.6 0.968
535.532 0.932
536.226 0.694
537.482 1.256
538.668 1.186
539.804 1.136
541.019 1.215
542.246 1.227
543.436 1.19
544.514 1.078
545.665 1.151
546.863 1.198
548.02 1.157
549.158 1.138
550.388 1.23
551.65 1.262
552.801 1.151
553.943 1.142
555.121 1.178
556.196 1.075
557.321 1.125
558.527 1.206
559.706 1.179
560.761 1.055
561.87 1.109
563.048 1.178
564.141 1.093
565.374 1.233
566.627 1.253
567.748 1.121
568.847 1.099
570.08 1.233
571.314 1.234
572.363 1.049
573.513 1.15
574.672 1.159
575.807 1.135
576.901 1.094
577.977 1.076
578.912 0.935
579.836 0.924
580.854 1.018
581.98 1.126
583.119 1.139
584.232 1.113
585.373 1.141
586.481 1.108
587.527 1.046
588.532 1.005
589.413 0.881
590.28 0.867
591.16 0.88
592.075 0.915
593.053 0.978
594.112 1.059
595.212 1.1
596.398 1.186
597.571 1.173
598.643 1.072
599.716 1.073
600.795 1.079
601.827 1.032
602.943 1.116
604.092 1.149
605.183 1.091