0.000 0.74
0.74 0.74
1.489 0.749
2.323 0.834
3.104 0.781
3.916 0.812
4.812 0.896
5.651 0.839
6.401 0.75
7.146 0.745
7.888 0.742
8.641 0.753
9.445 0.804
10.31 0.865
11.156 0.846
12.012 0.856
12.81 0.798
13.574 0.764
14.32 0.746
15.054 0.734
15.762 0.708
16.455 0.693
17.148 0.693
17.858 0.71
18.689 0.831
19.851 1.162
26.93 0.931
27.861 0.931
28.698 0.837
29.5 0.802
30.245 0.745
30.99 0.745
31.725 0.735
32.472 0.747
33.237 0.765
33.973 0.736
34.728 0.755
35.509 0.781
36.308 0.799
37.168 0.86
37.996 0.828
38.793 0.797
39.549 0.756
40.292 0.743
41.012 0.72
41.705 0.693
42.375 0.67
43.035 0.66
43.692 0.657
44.372 0.68
45.149 0.777
46.137 0.988
47.092 0.955
48.017 0.925
48.955 0.938
49.934 0.979
50.922 0.988
51.824 0.902
52.697 0.873
53.521 0.824
54.303 0.782
55.036 0.733
55.749 0.713
56.457 0.708
57.155 0.698
57.923 0.768
58.836 0.913
59.735 0.899
60.595 0.86
61.441 0.846
62.282 0.841
63.097 0.815
63.841 0.744
64.58 0.739
65.299 0.719
66.028 0.729
66.765 0.737
67.477 0.712
68.19 0.713
68.93 0.74
69.794 0.864
70.84 1.046
71.73 0.89
72.599 0.869
73.429 0.83
74.226 0.797
74.96 0.734
75.686 0.726
76.386 0.7
77.079 0.693
77.785 0.706
78.577 0.792
79.492 0.915
80.645 1.153
81.635 0.99
82.651 1.016
83.63 0.979
84.504 0.874
85.288 0.784
86.064 0.776
86.834 0.77
87.619 0.785
88.365 0.746
89.095 0.73
89.818 0.723
90.559 0.741
91.357 0.798
92.157 0.8
92.99 0.833
93.837 0.847
94.702 0.865
95.497 0.795
96.241 0.744
96.963 0.722
97.679 0.716
98.42 0.741
99.204 0.784
99.942 0.738
100.695 0.753
101.414 0.719
102.123 0.709
102.822 0.699
103.516 0.694
104.209 0.693
104.899 0.69
105.605 0.706
106.391 0.786
107.244 0.853
108.24 0.996
109.216 0.976
110.114 0.898
111.02 0.906
111.86 0.84
112.649 0.789
113.38 0.731
114.095 0.715
114.8 0.705
115.496 0.696
116.206 0.71
116.96 0.754
117.788 0.828
118.777 0.989
119.87 1.093
120.794 0.924
121.778 0.984
122.745 0.967
123.673 0.928
124.497 0.824
125.315 0.818
126.146 0.831
126.954 0.808
127.756 0.802
128.507 0.751
129.243 0.736
129.98 0.737
130.729 0.749
131.641 0.912
132.611 0.97
133.503 0.892
134.389 0.886
135.27 0.881
136.148 0.878
136.967 0.819
137.77 0.803
138.562 0.792
139.335 0.773
140.106 0.771
140.882 0.776
141.672 0.79
142.451 0.779
143.198 0.747
143.914 0.716
144.627 0.713
145.325 0.698
146.031 0.706
146.787 0.756
147.504 0.717
148.2 0.696
148.93 0.73
149.7 0.77
150.584 0.884
151.457 0.873
152.32 0.863
153.172 0.852
154.021 0.849
154.87 0.849
155.724 0.854
156.557 0.833
157.321 0.764
158.091 0.77
158.863 0.772
159.7 0.837
160.556 0.856
161.381 0.825
162.164 0.783
162.921 0.757
163.647 0.726
164.375 0.728
165.093 0.718
165.84 0.747
166.642 0.802
167.477 0.835
168.319 0.842
169.158 0.839
170.013 0.855
170.858 0.845
171.697 0.839
172.495 0.798
173.269 0.774
174.037 0.768
174.777 0.74
175.533 0.756
176.319 0.786
177.158 0.839
178.069 0.911
179.103 1.034
180.096 0.993
181.032 0.936
181.955 0.923
182.87 0.915
183.763 0.893
184.597 0.834
185.371 0.774
186.155 0.784
186.97 0.815
187.843 0.873
188.777 0.934
189.661 0.884
190.5 0.839
191.333 0.833
192.173 0.84
193.061 0.888
193.911 0.85
194.768 0.857
195.626 0.858
196.425 0.799
197.238 0.813
198.067 0.829
198.977 0.91
199.94 0.963
200.878 0.938
201.703 0.825
202.494 0.791
203.266 0.772
204.044 0.778
204.806 0.762
205.568 0.762
206.347 0.779
207.161 0.814
208.028 0.867
208.91 0.882
209.832 0.922
210.706 0.874
211.537 0.831
212.36 0.823
213.181 0.821
214.014 0.833
214.858 0.844
215.691 0.833
216.481 0.79
217.234 0.753
217.969 0.735
218.711 0.742
219.49 0.779
220.294 0.804
221.113 0.819
221.956 0.843
222.807 0.851
223.637 0.83
224.443 0.806
225.184 0.741
225.908 0.724
226.603 0.695
227.281 0.678
227.952 0.671
228.627 0.675
229.33 0.703
230.32 0.99
231.411 1.091
232.468 1.057
233.453 0.985
234.399 0.946
235.288 0.889
236.093 0.805
236.852 0.759
237.592 0.74
238.311 0.719
239.05 0.739
239.887 0.837
240.768 0.881
241.63 0.862
242.476 0.846
243.309 0.833
244.106 0.797
244.889 0.783
245.664 0.775
246.432 0.768
247.253 0.821
248.068 0.815
248.866 0.798
249.672 0.806
250.451 0.779
251.249 0.798
252.042 0.793
252.779 0.737
253.539 0.76
254.258 0.719
254.947 0.689
255.628 0.681
256.3 0.672
256.971 0.671
257.65 0.679
258.348 0.698
259.092 0.744
259.933 0.841
260.825 0.892
261.72 0.895
262.59 0.87
263.419 0.829
264.16 0.741
264.892 0.732
265.608 0.716
266.337 0.729
267.145 0.808
268.03 0.885
268.901 0.871
269.747 0.846
270.592 0.845
271.433 0.841
272.275 0.842
273.087 0.812
273.862 0.775
274.653 0.791
275.43 0.777
276.198 0.768
276.92 0.722
277.634 0.714
278.333 0.699
279.024 0.691
279.716 0.692
280.426 0.71
281.189 0.763
282.191 1.002
283.327 1.136
284.33 1.003
285.216 0.886
286.051 0.835
286.861 0.81
287.612 0.751
288.334 0.722
289.028 0.694
289.715 0.687
290.386 0.671
291.043 0.657
291.714 0.671
292.464 0.75
293.246 0.782
294.022 0.776
294.829 0.807
295.658 0.829
296.544 0.886
297.401 0.857
298.198 0.797
298.969 0.771
299.737 0.768
300.505 0.768
301.295 0.79
302.058 0.763
302.832 0.774
303.602 0.77
304.421 0.819
305.209 0.788
305.973 0.764
306.761 0.788
307.586 0.825
308.442 0.856
309.239 0.797
310.005 0.766
310.745 0.74
311.524 0.779
312.354 0.83
313.292 0.938
314.157 0.865
315.022 0.865
315.854 0.832
316.675 0.821
317.435 0.76
318.191 0.756
318.946 0.755
319.712 0.766
320.57 0.858
321.405 0.835
322.18 0.775
322.943 0.763
323.722 0.779
324.537 0.815
325.443 0.906
326.379 0.936
327.328 0.949
328.193 0.865
329.009 0.816
329.796 0.787
330.572 0.776
331.331 0.759
332.053 0.722
332.792 0.739
333.57 0.778
334.4 0.83
335.231 0.831
336.074 0.843
336.962 0.888
337.88 0.918
338.808 0.928
339.668 0.86
340.445 0.777
341.205 0.76
341.954 0.749
342.724 0.77
343.494 0.77
344.234 0.74
345.022 0.788
345.814 0.792
346.688 0.874
347.553 0.865
348.405 0.852
349.268 0.863
350.137 0.869
350.992 0.855
351.805 0.813
352.577 0.772
353.321 0.744
354.075 0.754
354.87 0.795
355.683 0.813
356.482 0.799
357.279 0.797
358.078 0.799
358.87 0.792
359.643 0.773
360.409 0.766
361.198 0.789
362.025 0.827
362.961 0.936
363.878 0.917
364.803 0.925
365.711 0.908
366.608 0.897
367.447 0.839
368.25 0.803
369.057 0.807
369.874 0.817
370.718 0.844
371.558 0.84
372.388 0.83
373.261 0.873
374.128 0.867
374.953 0.825
375.701 0.748
376.448 0.747
377.185 0.737
377.922 0.737
378.666 0.744
379.421 0.755
380.161 0.74
380.902 0.741
381.624 0.722
382.345 0.721
383.073 0.728
383.795 0.722
384.518 0.723
385.28 0.762
386.073 0.793
386.948 0.875
387.792 0.844
388.598 0.806
389.387 0.789
390.169 0.782
390.939 0.77
391.71 0.771
392.444 0.734
393.194 0.75
393.952 0.758
394.743 0.791
395.532 0.789
396.339 0.807
397.191 0.852
398.087 0.896
398.986 0.899
399.828 0.842
400.641 0.813
401.443 0.802
402.251 0.808
403.033 0.782
403.828 0.795
404.643 0.815
405.494 0.851
406.399 0.905
407.233 0.834
408.048 0.815
408.843 0.795
409.618 0.775
410.351 0.733
411.103 0.752
411.852 0.749
412.615 0.763
413.361 0.746
414.124 0.763
414.926 0.802
415.79 0.864
416.621 0.831
417.418 0.797
418.197 0.779
418.962 0.765
419.712 0.75
420.416 0.704
421.118 0.702
421.812 0.694
422.509 0.697
423.214 0.705
423.935 0.721
424.646 0.711
425.366 0.72
426.079 0.713
426.813 0.734
427.597 0.784
428.391 0.794
429.225 0.834
430.097 0.872
430.965 0.868
431.761 0.796
432.531 0.77
433.275 0.744
433.998 0.723
434.726 0.728
435.428 0.702
436.17 0.742
436.924 0.754
437.711 0.787
438.49 0.779
439.255 0.765
440.024 0.769
440.816 0.792
441.618 0.802
442.397 0.779
443.132 0.735
443.871 0.739
444.595 0.724
445.333 0.738
446.04 0.707
446.805 0.765
447.611 0.806
448.497 0.886
449.344 0.847
450.161 0.817
450.949 0.788
451.719 0.77
452.453 0.734
453.17 0.717
453.897 0.727
454.628 0.731
455.379 0.751
456.208 0.829
457.116 0.908
458.027 0.911
458.905 0.878
459.784 0.879
460.631 0.847
461.401 0.77
462.18 0.779
462.965 0.785
463.741 0.776
464.472 0.731
465.203 0.731
465.932 0.729
466.673 0.741
467.459 0.786
468.219 0.76
468.938 0.719
469.677 0.739
470.411 0.734
471.142 0.731
471.886 0.744
472.672 0.786
473.467 0.795
474.253 0.786
475.039 0.786
475.774 0.735
476.517 0.743
477.253 0.736
478.007 0.754
478.779 0.772
479.549 0.77
480.333 0.784
481.125 0.792
481.945 0.82
482.753 0.808
483.548 0.795
484.329 0.781
485.106 0.777
485.942 0.836
486.745 0.803
487.508 0.763
488.247 0.739
488.989 0.742
489.736 0.747
490.536 0.8
491.449 0.913
492.463 1.014
493.47 1.007
494.438 0.968
495.312 0.874
496.129 0.817
496.902 0.773
497.632 0.73
498.359 0.727
499.088 0.729
499.82 0.732
500.595 0.775
501.386 0.791
502.183 0.797
502.985 0.802
503.813 0.828
504.675 0.862
505.502 0.827
506.322 0.82
507.129 0.807
507.879 0.75
508.658 0.779
509.467 0.809
510.28 0.813
511.077 0.797
511.864 0.787
512.68 0.816
513.528 0.848
514.398 0.87
515.256 0.858
516.09 0.834
516.924 0.834
517.753 0.829
518.562 0.809
519.312 0.75
520.083 0.771
520.831 0.748
521.601 0.77
522.337 0.736
523.123 0.786
523.917 0.794
524.754 0.837
525.64 0.886
526.485 0.845
527.338 0.853
528.175 0.837
529.019 0.844
529.832 0.813
530.583 0.751
531.334 0.751
532.089 0.755
532.898 0.809
533.75 0.852
534.577 0.827
535.382 0.805
536.181 0.799
536.968 0.787
537.76 0.792
538.52 0.76
539.287 0.767
540.062 0.775
540.851 0.789
541.635 0.784
542.436 0.801
543.247 0.811
544.083 0.836
544.911 0.828
545.681 0.77
546.397 0.716
547.108 0.711
547.805 0.697
548.491 0.686
549.194 0.703
549.878 0.684
550.562 0.684
551.256 0.694
551.966 0.71
552.658 0.692
553.349 0.691
554.036 0.687
554.718 0.682
555.384 0.666
556.059 0.675
556.742 0.683
557.458 0.716
558.214 0.756
558.985 0.771
559.765 0.78
560.561 0.796
561.35 0.789
562.123 0.773
562.919 0.796
563.755 0.836
564.614 0.859
565.439 0.825
566.232 0.793
566.994 0.762
567.784 0.79
568.536 0.752
569.273 0.737
570.04 0.767
570.816 0.776
571.616 0.8
572.422 0.806
573.26 0.838
574.122 0.862
574.961 0.839
575.816 0.855
576.68 0.864
577.534 0.854
578.32 0.786
579.053 0.733
579.772 0.719
580.481 0.709
581.179 0.698
581.882 0.703
582.597 0.715
583.379 0.782
584.336 0.957
585.504 1.168
586.514 1.01
587.529 1.015
588.527 0.998
589.442 0.915
590.256 0.814
591.018 0.762
591.774 0.756
592.541 0.767
593.312 0.771
594.065 0.753
594.817 0.752
595.57 0.753
596.346 0.776
597.121 0.775
597.879 0.758
598.608 0.729
599.338 0.73
600.095 0.757
600.862 0.767
601.65 0.788
602.408 0.758
603.138 0.73
603.914 0.776
604.699 0.785
605.499 0.8
606.261 0.762
606.985 0.724
607.709 0.724
608.415 0.706
609.097 0.682
609.777 0.68
610.455 0.678
611.138 0.683
611.847 0.709
612.56 0.713
613.267 0.707
613.983 0.716
614.7 0.717
615.415 0.715
616.151 0.736
616.962 0.811
617.819 0.857
618.679 0.86
619.562 0.883
620.401 0.839
621.154 0.753
621.883 0.729
622.594 0.711
623.305 0.711
623.991 0.686
624.665 0.674
625.348 0.683
626.096 0.748
627.103 1.007
628.113 1.01
629.132 1.019
630.163 1.031
631.107 0.944
631.953 0.846
632.78 0.827
633.576 0.796
634.39 0.814
635.168 0.778
635.951 0.783
636.74 0.789
637.533 0.793
638.298 0.765
639.056 0.758
639.814 0.758
640.56 0.746
641.288 0.728
642.029 0.741
642.805 0.776
643.594 0.789
644.385 0.791
645.206 0.821
646.011 0.805
646.852 0.841
647.719 0.867
648.585 0.866
649.415 0.83
650.211 0.796
651.004 0.793
651.778 0.774
652.553 0.775
653.282 0.729
654.034 0.752
654.828 0.794
655.634 0.806
656.456 0.822
657.244 0.788
658.021 0.777
658.808 0.787
659.614 0.806
660.409 0.795
661.168 0.759
661.921 0.753
662.733 0.812
663.623 0.89
664.501 0.878
665.398 0.897
666.298 0.9
667.209 0.911
668.106 0.897
669.007 0.901
669.88 0.873
670.723 0.843
671.534 0.811
672.315 0.781
673.037 0.722
673.757 0.72
674.463 0.706
675.161 0.698
675.881 0.72
676.647 0.766
677.403 0.756
678.169 0.766
678.946 0.777
679.724 0.778
680.509 0.785
681.316 0.807
682.12 0.804
682.975 0.855
683.825 0.85
684.637 0.812
685.443 0.806
686.272 0.829
687.137 0.865
688.012 0.875
688.849 0.837
689.629 0.78
690.363 0.734
691.086 0.723
691.786 0.7
692.474 0.688
693.159 0.685
693.849 0.69
694.544 0.695
695.248 0.704
695.957 0.709
696.663 0.706
697.363 0.7
698.062 0.699
698.767 0.705
699.472 0.705
700.186 0.714
700.917 0.731
701.706 0.789
702.586 0.88
703.56 0.974
704.521 0.961
705.394 0.873
706.247 0.853
707.1 0.853
707.981 0.881
708.916 0.935
709.831 0.915
710.701 0.87
711.525 0.824
712.312 0.787
713.067 0.755
713.863 0.796
714.676 0.813
715.506 0.83
716.296 0.79
717.061 0.765
717.817 0.756
718.572 0.755
719.324 0.752
720.046 0.722
720.769 0.723
721.495 0.726
722.23 0.735
722.978 0.748
723.741 0.763
724.486 0.745
725.201 0.715
725.904 0.703
726.586 0.682
727.265 0.679
727.962 0.697
728.683 0.721
729.459 0.776
730.297 0.838
731.229 0.932
732.117 0.888
732.991 0.874
733.881 0.89
734.753 0.872
735.592 0.839
736.378 0.786
737.174 0.796
737.999 0.825
738.828 0.829
739.66 0.832
740.411 0.751
741.153 0.742
741.894 0.741
742.667 0.773
743.515 0.848
744.317 0.802
745.143 0.826
745.961 0.818
746.766 0.805
747.585 0.819