0.000 3.969
12.968 3.969
13.88 0.912
14.69 0.81
15.458 0.768
16.203 0.745
17.054 0.851
17.929 0.875
18.795 0.866
19.667 0.872
20.497 0.83
21.258 0.761
21.946 0.688
22.607 0.661
23.114 0.507
23.923 0.809
24.586 0.663
25.25 0.664
25.923 0.673
26.578 0.655
28.104 1.526
28.968 0.864
29.794 0.826
30.536 0.742
31.232 0.696
31.904 0.672
32.621 0.717
33.047 0.426
33.571 0.524
33.85 0.279
34.487 0.637
35.315 0.828
35.589 0.274
36.203 0.614
37.101 0.898
37.958 0.857
38.872 0.914
39.829 0.957
40.744 0.915
41.586 0.842
42.378 0.792
43.152 0.774
44.104 0.952
45.207 1.103
46.298 1.091
47.322 1.024
48.232 0.91
49.096 0.864
49.94 0.844
50.717 0.777
51.481 0.764
52.228 0.747
52.992 0.764
53.969 0.977
55.188 1.219
56.235 1.047
57.204 0.969
58.09 0.886
58.92 0.83
59.739 0.819
60.499 0.76
61.214 0.715
61.937 0.723
62.665 0.728
63.364 0.699
64.038 0.674
64.716 0.678
65.369 0.653
66.03 0.661
66.713 0.683
67.444 0.731
68.422 0.978
69.383 0.961
70.256 0.873
71.025 0.769
71.77 0.745
72.489 0.719
73.304 0.815
74.034 0.73
74.809 0.775
75.673 0.864
76.639 0.966
77.66 1.021
78.583 0.923
79.479 0.896
80.375 0.896
81.214 0.839
82.073 0.859
83.019 0.946
83.941 0.922
84.814 0.873
85.617 0.803
86.414 0.797
87.322 0.908
88.178 0.856
88.965 0.787
89.714 0.749
90.434 0.72
91.236 0.802
92.133 0.897
93.077 0.944
93.918 0.841
94.742 0.824
95.546 0.804
96.31 0.764
97.056 0.746
97.848 0.792
98.701 0.853
99.525 0.824
100.288 0.763
100.993 0.705
101.688 0.695
102.374 0.686
103.063 0.689
103.871 0.808
104.639 0.768
105.405 0.766
106.14 0.735
107.053 0.913
107.817 0.764
108.256 0.439
108.555 0.299
109.27 0.715
109.976 0.706
110.643 0.667
111.289 0.646
111.926 0.637
112.567 0.641
113.21 0.643
113.871 0.661
114.529 0.658
115.171 0.642
115.82 0.649
116.453 0.633
117.079 0.626
117.705 0.626
118.349 0.644
119.024 0.675
119.81 0.786
120.826 1.016
121.719 0.893
122.508 0.789
122.795 0.287
123.894 1.099
124.567 0.673
125.254 0.687
125.919 0.665
126.56 0.641
127.191 0.631
127.821 0.63
128.457 0.636
129.091 0.634
129.693 0.602
130.291 0.598
130.882 0.591
131.482 0.6
132.081 0.599
132.755 0.674
133.655 0.9
134.492 0.837
135.379 0.887
136.259 0.88
137.092 0.833
137.912 0.82
138.788 0.876
139.613 0.825
140.351 0.738
141.046 0.695
141.695 0.649
142.3 0.605
142.893 0.593
143.474 0.581
144.058 0.584
144.717 0.659
145.481 0.764
146.214 0.733
146.991 0.777
147.737 0.746
148.399 0.662
149.06 0.661
149.732 0.672
150.414 0.682
151.115 0.701
151.783 0.668
152.479 0.696
153.193 0.714
153.923 0.73
154.655 0.732
155.379 0.724
155.663 0.284
156.103 0.44
156.915 0.812
157.719 0.804
158.486 0.767
159.196 0.71
159.878 0.682
160.53 0.652
161.157 0.627
161.761 0.604
162.342 0.581
162.915 0.573
163.482 0.567
164.046 0.564
164.61 0.564
165.19 0.58
165.805 0.615
166.437 0.632
167.078 0.641
167.741 0.663
168.397 0.656
169.071 0.674
169.732 0.661
170.469 0.737
171.175 0.706
171.891 0.716
172.551 0.66
173.174 0.623
173.803 0.629
174.451 0.648
175.287 0.836
176.172 0.885
176.979 0.807
177.704 0.725
178.473 0.769
179.328 0.855
180.186 0.858
180.947 0.761
181.659 0.712
182.342 0.683
183.004 0.662
183.663 0.659
184.329 0.666
185.093 0.764
186.251 1.158
187.317 1.066
188.245 0.928
189.045 0.8
189.753 0.708
190.456 0.703
191.171 0.715
191.925 0.754
192.64 0.715
193.347 0.707
194.094 0.747
194.926 0.832
195.803 0.877
196.608 0.805
197.435 0.827
198.26 0.825
199.013 0.753
199.742 0.729
200.439 0.697
201.172 0.733
201.964 0.792
202.799 0.835
203.598 0.799
204.414 0.816
205.212 0.798
205.991 0.779
206.763 0.772
207.511 0.748
208.243 0.732
208.959 0.716
209.615 0.656
210.288 0.673
210.983 0.695
211.828 0.845
212.686 0.858
213.7 1.014
214.722 1.022
215.683 0.961
216.609 0.926
217.499 0.89
218.315 0.816
219.051 0.736
219.778 0.727
220.472 0.694
221.149 0.677
221.86 0.711
222.687 0.827
223.758 1.071
224.826 1.068
225.767 0.941
226.707 0.94
227.582 0.875
228.328 0.746
229.067 0.739
229.773 0.706
230.507 0.734
231.266 0.759
232.0 0.734
232.745 0.745
233.544 0.799
234.351 0.807
235.092 0.741
235.796 0.704
236.547 0.751
237.322 0.775
238.101 0.779
238.861 0.76
239.655 0.794
240.429 0.774
241.141 0.712
241.893 0.752
242.655 0.762
243.44 0.785
244.176 0.736
244.889 0.713
245.617 0.728
246.343 0.726
247.022 0.679
247.717 0.695
248.4 0.683
249.07 0.67
249.813 0.743
250.658 0.845
251.545 0.887
252.507 0.962
253.466 0.959
254.399 0.933
255.206 0.807
256.009 0.803
256.79 0.781
257.57 0.78
258.336 0.766
259.154 0.818
260.048 0.894
260.926 0.878
261.719 0.793
262.477 0.758
263.243 0.766
264.127 0.884
265.013 0.886
265.888 0.875
266.72 0.832
267.527 0.807
268.286 0.759
269.009 0.723
269.742 0.733
270.783 1.041
271.878 1.095
272.844 0.966
273.749 0.905
274.689 0.94
275.585 0.896
276.417 0.832
277.279 0.862
278.1 0.821
278.892 0.792
279.611 0.719
280.323 0.712
281.019 0.696
281.729 0.71
282.409 0.68
283.087 0.678
283.748 0.661
284.404 0.656
285.085 0.681
285.779 0.694
286.569 0.79
287.479 0.91
288.433 0.954
289.303 0.87
290.118 0.815
290.861 0.743
291.567 0.706
292.244 0.677
292.898 0.654
293.581 0.683
294.287 0.706
294.963 0.676
295.624 0.661
296.265 0.641
296.881 0.616
297.495 0.614
298.104 0.609
298.713 0.609
299.327 0.614
299.956 0.629
300.604 0.648
301.269 0.665
301.92 0.651
302.633 0.713
303.359 0.726
304.104 0.745
304.793 0.689
305.516 0.723
306.188 0.672
306.881 0.693
307.656 0.775
308.421 0.765
309.335 0.914
310.34 1.005
311.258 0.918
312.147 0.889
312.989 0.842
313.733 0.744
314.475 0.742
315.296 0.821
316.098 0.802
316.829 0.731
317.584 0.755
318.374 0.79
319.14 0.766
319.859 0.719
320.516 0.657
321.163 0.647
321.797 0.634
322.483 0.686
323.153 0.67
323.825 0.672
324.539 0.714
325.295 0.756
325.988 0.693
326.703 0.715
327.488 0.785
328.226 0.738
328.967 0.741
329.768 0.801
330.623 0.855
331.491 0.868
332.258 0.767
333.008 0.75
333.745 0.737
334.468 0.723
335.176 0.708
335.873 0.697
336.678 0.805
337.46 0.782
338.261 0.801
339.157 0.896
340.197 1.04
341.173 0.976
342.002 0.829
342.755 0.753
343.47 0.715
344.143 0.673
344.79 0.647
345.422 0.632
346.031 0.609
346.633 0.602
347.233 0.6
347.829 0.596
348.425 0.596
349.048 0.623
349.781 0.733
350.55 0.769
351.387 0.837
352.282 0.895
353.196 0.914
354.074 0.878
354.988 0.914
355.945 0.957
356.817 0.872
357.73 0.913
358.641 0.911
359.469 0.828
360.219 0.75
360.946 0.727
361.64 0.694
362.307 0.667
362.972 0.665
363.69 0.718
364.397 0.707
365.078 0.681
365.804 0.726
366.661 0.857
367.464 0.803
368.203 0.739
368.937 0.734
369.668 0.731
370.384 0.716
371.084 0.7
371.851 0.767
372.733 0.882
373.697 0.964
374.604 0.907
375.541 0.937
376.498 0.957
377.434 0.936
378.234 0.8
379.1 0.866
380.017 0.917
380.898 0.881
381.693 0.795
382.53 0.837
383.332 0.802
384.106 0.774
384.908 0.802
385.729 0.821
386.655 0.926
387.57 0.915
388.401 0.831
389.169 0.768
389.957 0.788
390.737 0.78
391.451 0.714
392.122 0.671
392.787 0.665
393.438 0.651
394.079 0.641
394.709 0.63
395.323 0.614
395.939 0.616
396.563 0.624
397.185 0.622
397.819 0.634
398.462 0.643
399.123 0.661
399.85 0.727
400.564 0.714
401.322 0.758
402.155 0.833
403.032 0.877
403.9 0.868
404.766 0.866
405.525 0.759
406.224 0.699
406.876 0.652
407.488 0.612
408.092 0.604
408.685 0.593
409.277 0.592
409.89 0.613
410.548 0.658
411.242 0.694
411.976 0.734
412.711 0.735
413.478 0.767
414.206 0.728
414.901 0.695
415.572 0.671
416.223 0.651
416.854 0.631
417.469 0.615
418.097 0.628
418.809 0.712
419.613 0.804
420.482 0.869
421.292 0.81
422.02 0.728
422.73 0.71
423.46 0.73
424.177 0.717
424.872 0.695
425.644 0.772
426.511 0.867
427.592 1.081
428.645 1.053
429.54 0.895
430.395 0.855
431.219 0.824
431.981 0.762
432.756 0.775
433.566 0.81
434.362 0.796
435.133 0.771
435.901 0.768
436.697 0.796
437.455 0.758
438.193 0.738
438.889 0.696
439.554 0.665
440.218 0.664
440.943 0.725
441.775 0.832
442.593 0.818
443.365 0.772
444.094 0.729
444.827 0.733
445.65 0.823
446.423 0.773
447.143 0.72
447.824 0.681
448.477 0.653
449.116 0.639
449.749 0.633
450.369 0.62
451.0 0.631
451.672 0.672
452.508 0.836
453.43 0.922
454.316 0.886
455.15 0.834
455.945 0.795
456.704 0.759
457.417 0.713
458.114 0.697
458.793 0.679
459.442 0.649
460.077 0.635
460.707 0.63
461.356 0.649
462.176 0.82
463.194 1.018
464.124 0.93
465.072 0.948
466.037 0.965
466.904 0.867
467.707 0.803
468.46 0.753
469.203 0.743
469.92 0.717
470.63 0.71
471.324 0.694
472.049 0.725
472.798 0.749
473.514 0.716
474.237 0.723
474.971 0.734
475.748 0.777
476.527 0.779
477.264 0.737
477.99 0.726
478.712 0.722
479.42 0.708
480.096 0.676
480.795 0.699
481.545 0.75
482.299 0.754
483.139 0.84
484.009 0.87
484.849 0.84
485.668 0.819
486.552 0.884
487.445 0.893
488.236 0.791
488.965 0.729
489.685 0.72
490.362 0.677
491.0 0.638
491.627 0.627
492.243 0.616
492.859 0.616
493.493 0.634
494.15 0.657
494.818 0.668
495.48 0.662
496.148 0.668
496.835 0.687
497.497 0.662
498.134 0.637
498.758 0.624
499.371 0.613
499.974 0.603
500.578 0.604
501.194 0.616
501.816 0.622
502.494 0.678
503.242 0.748
504.082 0.84
504.979 0.897
505.89 0.911
506.813 0.923
507.7 0.887
508.518 0.818
509.294 0.776
510.047 0.753
510.851 0.804
511.694 0.843
512.493 0.799
513.3 0.807
514.219 0.919
515.042 0.823
515.814 0.772
516.579 0.765
517.338 0.759
518.128 0.79
518.913 0.785
519.668 0.755
520.449 0.781
521.174 0.725
521.86 0.686
522.54 0.68
523.203 0.663
523.854 0.651
524.53 0.676
525.298 0.768
526.061 0.763
526.927 0.866
527.841 0.914
528.761 0.92
529.665 0.904
530.562 0.897
531.458 0.896
532.403 0.945
533.282 0.879
534.08 0.798
534.871 0.791
535.641 0.77
536.502 0.861
537.435 0.933
538.377 0.942
539.192 0.815
539.946 0.754
540.696 0.75
541.448 0.752
542.16 0.712
542.88 0.72
543.615 0.735
544.417 0.802
545.187 0.77
545.951 0.764
546.708 0.757
547.524 0.816
548.32 0.796
549.136 0.816
550.01 0.874
550.878 0.868
551.729 0.851
552.557 0.828
553.316 0.759
554.042 0.726
554.749 0.707
555.458 0.709
556.252 0.794
557.042 0.79
557.792 0.75
558.474 0.682
559.174 0.7
559.876 0.702
560.56 0.684
561.22 0.66
561.866 0.646
562.51 0.644
563.153 0.643
563.818 0.665
564.561 0.743
565.318 0.757
566.09 0.772
566.886 0.796
567.635 0.749
568.323 0.688
569.015 0.692
569.789 0.774
570.637 0.848
571.423 0.786
572.177 0.754
573.013 0.836
573.849 0.836
574.634 0.785
575.358 0.724
576.072 0.714
576.844 0.772
577.769 0.925
578.663 0.894
579.455 0.792
580.185 0.73
580.873 0.688
581.529 0.656
582.164 0.635
582.793 0.629
583.438 0.645
584.108 0.67
584.784 0.676
585.445 0.661
586.092 0.647
586.72 0.628
587.351 0.631
587.998 0.647
588.676 0.678
589.424 0.748
590.216 0.792
591.049 0.833
591.856 0.807
592.614 0.758
593.405 0.791
594.194 0.789
594.982 0.788
595.768 0.786
596.594 0.826
597.482 0.888
598.335 0.853
599.188 0.853
600.104 0.916
601.084 0.98
601.965 0.881
602.803 0.838
603.65 0.847
604.565 0.915
605.567 1.002
606.492 0.925
607.352 0.86
608.22 0.868
609.089 0.869