0.000 1.136
1.136 1.136
2.231 1.095
3.361 1.13
4.316 0.955
5.351 1.035
6.381 1.03
7.477 1.096
8.421 0.944
9.363 0.942
10.365 1.002
11.371 1.006
12.422 1.051
13.341 0.919
14.462 1.121
15.503 1.041
16.471 0.968
17.323 0.852
18.179 0.856
19.282 1.103
20.332 1.05
21.346 1.014
22.436 1.09
23.385 0.949
24.406 1.021
25.493 1.087
26.55 1.057
27.668 1.118
28.764 1.096
29.844 1.08
30.96 1.116
32.031 1.071
33.204 1.173
34.261 1.057
35.37 1.109
36.489 1.119
37.561 1.072
38.563 1.002
39.426 0.863
40.583 1.157
41.719 1.136
42.827 1.108
43.856 1.029
44.854 0.998
45.987 1.133
47.053 1.066
48.182 1.129
49.358 1.176
50.398 1.04
51.507 1.109
52.571 1.064
53.617 1.046
54.749 1.132
55.718 0.969
56.844 1.126
57.996 1.152
59.118 1.122
60.243 1.125
61.32 1.077
62.367 1.047
63.357 0.99
64.514 1.157
65.566 1.052
66.706 1.14
67.763 1.057
68.873 1.11
70.018 1.145
71.12 1.102
72.308 1.188
73.349 1.041
74.449 1.1
75.467 1.018
76.58 1.113
77.71 1.13
78.763 1.053
79.95 1.187
81.05 1.1
82.153 1.103
83.293 1.14
84.338 1.045
85.483 1.145
86.535 1.052
87.657 1.122
88.833 1.176
89.96 1.127
91.121 1.161
92.188 1.067
93.328 1.14
94.431 1.103
95.597 1.166
96.744 1.147
97.85 1.106
99.055 1.205
100.17 1.115
101.292 1.122
102.41 1.118
103.499 1.089
104.656 1.157
105.689 1.033
106.808 1.119
107.853 1.045
108.911 1.058
109.945 1.034
110.837 0.892
111.946 1.109
113.081 1.135
114.119 1.038
115.294 1.175
116.439 1.145
117.568 1.129
118.718 1.15
119.776 1.058
120.956 1.18
122.077 1.121
123.097 1.02
124.161 1.064
125.104 0.943
126.216 1.112
127.409 1.193
128.465 1.056
129.606 1.141
130.693 1.087
131.769 1.076
132.752 0.983
133.583 0.831
134.551 0.968
135.413 0.862
136.589 1.176
137.806 1.217
138.904 1.098
140.023 1.119
140.984 0.961
142.044 1.06
143.063 1.019
144.118 1.055
145.315 1.197
146.385 1.07
147.549 1.164
148.704 1.155
149.854 1.15
151.018 1.164
152.105 1.087
153.28 1.175
154.364 1.084
155.449 1.085
156.586 1.137
157.619 1.033
158.731 1.112
159.765 1.034
160.871 1.106
162.042 1.171
163.104 1.062
164.249 1.145
165.254 1.005
166.366 1.112
167.438 1.072
168.489 1.051
169.66 1.171
170.742 1.082
171.937 1.195
173.025 1.088
174.167 1.142
175.28 1.113
176.347 1.067
177.498 1.151
178.554 1.056
179.667 1.113
180.749 1.082
181.862 1.113
183.036 1.174
184.105 1.069
185.29 1.185
186.377 1.087
187.537 1.16
188.71 1.173
189.739 1.029
190.853 1.114
192.034 1.181
193.124 1.09
194.244 1.12
195.346 1.102
196.304 0.958
197.346 1.042
198.349 1.003
199.371 1.022
200.494 1.123
201.546 1.052
202.679 1.133
203.759 1.08
204.856 1.097
206.006 1.15
207.056 1.05
208.199 1.143
209.273 1.074
210.354 1.081
211.409 1.055
212.463 1.054
213.585 1.122
214.594 1.009
215.664 1.07
216.66 0.996
217.653 0.993
218.808 1.155
219.907 1.099
220.983 1.076
222.11 1.127
223.13 1.02
224.203 1.073
225.34 1.137
226.429 1.089
227.572 1.143
228.61 1.038
229.691 1.081
230.777 1.086
231.837 1.06
232.989 1.152
234.035 1.046
235.128 1.093
236.242 1.114
237.301 1.059
238.424 1.123
239.374 0.95
240.164 0.79
240.925 0.761
241.646 0.721
242.462 0.816
243.26 0.798
244.485 1.225
245.552 1.067
246.642 1.09
247.751 1.109
248.726 0.975
249.8 1.074
250.756 0.956
251.836 1.08
252.938 1.102
253.95 1.012
255.116 1.166
256.143 1.027
257.274 1.131
258.286 1.012
259.396 1.11
260.539 1.143
261.531 0.992
262.649 1.118
263.76 1.111
264.866 1.106
265.948 1.082
267.073 1.125
268.265 1.192
269.336 1.071
270.452 1.116
271.526 1.074
272.561 1.035
273.708 1.147
274.763 1.055
275.926 1.163
277.016 1.09
278.036 1.02
279.198 1.162
280.263 1.065
281.34 1.077
282.371 1.031
283.427 1.056
284.552 1.125
285.596 1.044
286.73 1.134
287.778 1.048
288.884 1.106
289.973 1.089
291.057 1.084
292.094 1.037
293.113 1.019
294.216 1.103
295.238 1.022
296.348 1.11
297.349 1.001
298.327 0.978
299.443 1.116
300.518 1.075
301.651 1.133
302.847 1.196
303.988 1.141
305.209 1.221
306.267 1.058
307.318 1.051
308.4 1.082
309.41 1.01
310.545 1.135
311.55 1.005
312.663 1.113
313.804 1.141
314.904 1.1
316.049 1.145
317.057 1.008
318.168 1.111
319.18 1.012
320.264 1.084
321.312 1.048
322.332 1.02
323.428 1.096
324.403 0.975
325.53 1.127
326.569 1.039
327.549 0.98
328.625 1.076
329.634 1.009
330.817 1.183
331.878 1.061
332.989 1.111
334.086 1.097
335.155 1.069
336.31 1.155
337.383 1.073
338.556 1.173
339.658 1.102
340.789 1.131
341.955 1.166
343.0 1.045
344.134 1.134
345.218 1.084
346.248 1.03
347.336 1.088
348.334 0.998
349.382 1.048
350.496 1.114
351.505 1.009
352.626 1.121
353.678 1.052
354.76 1.082
355.875 1.115
356.877 1.002
357.962 1.085
358.977 1.015
360.029 1.052
361.167 1.138
362.142 0.975
363.183 1.041
364.179 0.996
365.105 0.926
366.312 1.207
367.374 1.062
368.59 1.216
369.731 1.141
370.844 1.113
371.974 1.13
372.99 1.016
374.088 1.098
375.079 0.991
376.147 1.068
377.22 1.073
378.288 1.068
379.415 1.127
380.494 1.079
381.708 1.214
382.811 1.103
383.867 1.056
384.975 1.108
385.959 0.984
387.077 1.118
388.141 1.064
389.271 1.13
390.422 1.151
391.414 0.992
392.526 1.112
393.48 0.954
394.468 0.988
395.514 1.046
396.39 0.876
397.296 0.906
398.189 0.893
399.094 0.905
400.228 1.134
401.25 1.022
402.353 1.103
403.387 1.034
404.411 1.024
405.49 1.079
406.477 0.987
407.501 1.024
408.478 0.977
409.454 0.976
410.573 1.119
411.597 1.024
412.71 1.113
413.682 0.972
414.735 1.053
415.752 1.017
416.759 1.007
417.66 0.901
418.557 0.897
419.673 1.116
420.655 0.982
421.718 1.063
422.75 1.032
423.798 1.048
424.991 1.193
426.055 1.064
427.132 1.077
428.287 1.155
429.319 1.032
430.509 1.19
431.603 1.094
432.8 1.197
433.977 1.177
435.065 1.088
436.246 1.181
437.338 1.092
438.43 1.092
439.59 1.16
440.649 1.059
441.802 1.153
442.861 1.059
443.966 1.105
445.048 1.082
446.158 1.11
447.324 1.166
448.312 0.988
449.323 1.011
450.199 0.876
451.0 0.801
451.948 0.948
453.064 1.116
454.064 1.0
455.157 1.093
456.221 1.064
457.23 1.009
458.3 1.07
459.229 0.929
460.261 1.032
461.348 1.087
462.414 1.066
463.512 1.098
464.578 1.066
465.716 1.138
466.714 0.998
467.829 1.115
468.964 1.135
470.007 1.043
471.131 1.124
472.161 1.03
473.255 1.094
474.399 1.144
475.399 1.0
476.53 1.131
477.586 1.056
478.625 1.039
479.779 1.154
480.816 1.037
481.921 1.105
483.07 1.149
484.143 1.073
485.293 1.15
486.302 1.009
487.437 1.135
488.599 1.162
489.688 1.089
490.881 1.193
491.945 1.064
493.022 1.077
494.135 1.113
495.014 0.879
495.915 0.901
497.022 1.107
498.017 0.995
499.245 1.228
500.331 1.086
501.471 1.14
502.523 1.052
503.517 0.994
504.626 1.109
505.672 1.046
506.772 1.1
507.855 1.083
508.912 1.057
509.992 1.08
510.941 0.949
511.999 1.058
513.045 1.046
514.095 1.05
515.111 1.016
516.048 0.937
517.095 1.047
518.173 1.078
519.248 1.075
520.416 1.168
521.462 1.046
522.632 1.17
523.738 1.106
524.818 1.08
525.928 1.11
526.948 1.02
528.048 1.1
529.052 1.004
530.124 1.072
531.277 1.153
532.35 1.073
533.525 1.175
534.587 1.062
535.697 1.11
536.776 1.079
537.743 0.967
538.887 1.144
539.895 1.008
540.951 1.056
542.079 1.128
543.055 0.976
544.099 1.044
545.128 1.029
546.139 1.011
547.277 1.138
548.291 1.014
549.312 1.021
550.381 1.069
551.333 0.952
552.317 0.984
553.377 1.06
554.327 0.95
555.368 1.041
556.409 1.041
557.488 1.079
558.512 1.024
559.511 0.999
560.632 1.121
561.628 0.996
562.684 1.056
563.786 1.102
564.778 0.992
565.879 1.101
566.855 0.976
567.855 1.0
568.808 0.953
569.756 0.948
570.868 1.112
571.9 1.032
572.966 1.066
573.959 0.993
574.914 0.955
576.044 1.13
577.103 1.059
578.154 1.051
579.285 1.131
580.268 0.983
581.235 0.967
582.285 1.05
583.231 0.946
584.3 1.069
585.344 1.044
586.211 0.867
587.02 0.809
587.782 0.762
588.889 1.107
589.865 0.976
590.92 1.055
591.887 0.967
592.892 1.005
593.988 1.096
594.971 0.983
595.999 1.028
596.946 0.947
597.982 1.036
598.963 0.981