0.000 0.629
0.629 0.629
1.239 0.61
1.948 0.709
2.593 0.645
3.251 0.658
3.91 0.659
4.572 0.662
5.244 0.672
5.909 0.665
6.58 0.671
7.25 0.67
7.911 0.661
8.569 0.658
9.218 0.649
9.864 0.646
10.489 0.625
11.111 0.622
11.724 0.613
12.338 0.614
12.945 0.607
13.549 0.604
14.174 0.625
14.815 0.641
15.442 0.627
16.09 0.648
16.753 0.663
17.421 0.668
18.068 0.647
18.722 0.654
19.398 0.676
20.086 0.688
20.75 0.664
21.406 0.656
22.065 0.659
22.759 0.694
23.473 0.714
24.152 0.679
24.887 0.735
25.661 0.774
26.461 0.8
27.203 0.742
27.923 0.72
28.665 0.742
29.44 0.775
30.231 0.791
30.979 0.748
31.693 0.714
32.442 0.749
33.238 0.796
33.993 0.755
34.708 0.715
35.458 0.75
36.215 0.757
36.955 0.74
37.671 0.716
38.426 0.755
39.183 0.757
39.897 0.714
40.641 0.744
41.41 0.769
42.163 0.753
42.878 0.715
43.621 0.743
44.398 0.777
45.151 0.753
45.871 0.72
46.634 0.763
47.408 0.774
48.155 0.747
48.87 0.715
49.617 0.747
50.382 0.765
51.097 0.715
51.837 0.74
52.586 0.749
53.339 0.753
54.057 0.718
54.822 0.765
55.605 0.783
56.387 0.782
57.111 0.724
57.864 0.753
58.636 0.772
59.384 0.748
60.085 0.701
60.81 0.725
61.563 0.753
62.346 0.783
63.088 0.742
63.785 0.697
64.485 0.7
65.213 0.728
65.93 0.717
66.623 0.693
67.379 0.756
68.12 0.741
68.826 0.706
69.502 0.676
70.169 0.667
70.841 0.672
71.527 0.686
72.191 0.664
72.862 0.671
73.565 0.703
74.317 0.752
75.056 0.739
75.763 0.707
76.504 0.741
77.27 0.766
78.035 0.765
78.758 0.723
79.48 0.722
80.203 0.723
80.926 0.723
81.618 0.692
82.325 0.707
83.057 0.732
83.772 0.715
84.468 0.696
85.21 0.742
85.964 0.754
86.685 0.721
87.383 0.698
88.106 0.723
88.849 0.743
89.591 0.742
90.286 0.695
90.999 0.713
91.747 0.748
92.485 0.738
93.19 0.705
93.924 0.734
94.679 0.755
95.418 0.739
96.125 0.707
96.843 0.718
97.562 0.719
98.251 0.689
98.96 0.709
99.679 0.719
100.398 0.719
101.093 0.695
101.804 0.711
102.506 0.702
103.183 0.677
103.863 0.68
104.544 0.681
105.222 0.678
105.886 0.664
106.577 0.691
107.294 0.717
108.022 0.728
108.714 0.692
109.428 0.714
110.15 0.722
110.824 0.674
111.489 0.665
112.146 0.657
112.817 0.671
113.505 0.688
114.178 0.673
114.874 0.696
115.622 0.748
116.345 0.723
117.042 0.697
117.761 0.719
118.488 0.727
119.187 0.699
119.874 0.687
120.552 0.678
121.21 0.658
121.867 0.657
122.539 0.672
123.236 0.697
123.935 0.699
124.626 0.691
125.403 0.777
126.217 0.814
126.953 0.736
127.656 0.703
128.382 0.726
129.116 0.734
129.824 0.708
130.513 0.689
131.227 0.714
131.986 0.759
132.727 0.741
133.441 0.714
134.195 0.754
134.954 0.759
135.716 0.762
136.423 0.707
137.135 0.712
137.855 0.72
138.567 0.712
139.307 0.74
140.094 0.787
140.847 0.753
141.576 0.729
142.365 0.789
143.126 0.761
143.846 0.72
144.629 0.783
145.391 0.762
146.111 0.72
146.846 0.735
147.595 0.749
148.307 0.712
148.995 0.688
149.691 0.696
150.404 0.713
151.115 0.711
151.829 0.714
152.58 0.751
153.321 0.741
154.026 0.705
154.776 0.75
155.524 0.748
156.237 0.713
156.927 0.69
157.637 0.71
158.367 0.73
159.082 0.715
159.768 0.686
160.465 0.697
161.176 0.711
161.884 0.708
162.566 0.682
163.292 0.726
164.029 0.737
164.756 0.727
165.459 0.703
166.204 0.745
166.963 0.759
167.739 0.776
168.455 0.716
169.18 0.725
169.922 0.742
170.684 0.762
171.393 0.709
172.119 0.726
172.882 0.763
173.638 0.756
174.346 0.708
175.064 0.718
175.803 0.739
176.515 0.712
177.216 0.701
177.94 0.724
178.642 0.702
179.313 0.671
179.974 0.661
180.626 0.652
181.265 0.639
181.913 0.648
182.571 0.658
183.216 0.645
183.885 0.669
184.593 0.708
185.281 0.688
185.96 0.679
186.691 0.731
187.448 0.757
188.144 0.696
188.877 0.733
189.631 0.754
190.356 0.725
191.05 0.694
191.781 0.731
192.548 0.767
193.259 0.711
194.019 0.76
194.811 0.792
195.548 0.737
196.273 0.725
197.039 0.766
197.808 0.769
198.515 0.707
199.251 0.736
200.026 0.775
200.767 0.741
201.49 0.723
202.242 0.752
202.965 0.723
203.66 0.695
204.376 0.716
205.123 0.747
205.843 0.72
206.575 0.732
207.361 0.786
208.146 0.785
208.869 0.723
209.627 0.758
210.395 0.768
211.112 0.717
211.812 0.7
212.52 0.708
213.251 0.731
213.942 0.691
214.689 0.747
215.426 0.737
216.141 0.715
216.846 0.705
217.583 0.737
218.332 0.749
219.027 0.695
219.73 0.703
220.437 0.707
221.124 0.687
221.802 0.678
222.505 0.703
223.217 0.712
223.899 0.682
224.606 0.707
225.323 0.717
226.02 0.697
226.706 0.686
227.41 0.704
228.13 0.72
228.819 0.689
229.522 0.703
230.238 0.716
230.97 0.732
231.666 0.696
232.395 0.729
233.146 0.751
233.879 0.733
234.591 0.712
235.321 0.73
236.055 0.734
236.758 0.703
237.448 0.69
238.159 0.711
238.89 0.731
239.612 0.722
240.327 0.715
241.106 0.779
241.885 0.779
242.607 0.722
243.334 0.727
244.048 0.714
244.733 0.685
245.423 0.69
246.13 0.707
246.819 0.689
247.509 0.69
248.227 0.718
248.946 0.719
249.646 0.7
250.376 0.73
251.126 0.75
251.853 0.727
252.553 0.7
253.263 0.71
253.97 0.707
254.664 0.694
255.329 0.665
255.985 0.656
256.647 0.662
257.295 0.648
257.943 0.648
258.613 0.67
259.361 0.748
260.11 0.749
260.828 0.718
261.621 0.793
262.406 0.785
263.153 0.747
263.865 0.712
264.552 0.687
265.229 0.677
265.898 0.669
266.559 0.661
267.219 0.66
267.896 0.677
268.595 0.699
269.27 0.675
269.969 0.699
270.698 0.729
271.424 0.726
272.117 0.693
272.826 0.709
273.553 0.727
274.269 0.716
274.959 0.69
275.662 0.703
276.395 0.733
277.139 0.744
277.843 0.704
278.57 0.727
279.303 0.733
280.026 0.723
280.729 0.703
281.467 0.738
282.23 0.763
282.961 0.731
283.678 0.717
284.418 0.74
285.168 0.75
285.883 0.715
286.581 0.698
287.3 0.719
288.061 0.761
288.786 0.725
289.503 0.717
290.232 0.729
290.953 0.721
291.653 0.7
292.388 0.735
293.135 0.747
293.87 0.735
294.588 0.718
295.328 0.74
296.092 0.764
296.837 0.745
297.55 0.713
298.311 0.761
299.065 0.754
299.786 0.721
300.488 0.702
301.206 0.718
301.975 0.769
302.708 0.733
303.435 0.727
304.236 0.801
304.979 0.743
305.68 0.701
306.379 0.699
307.101 0.722
307.816 0.715
308.52 0.704
309.278 0.758
310.073 0.795
310.802 0.729
311.515 0.713
312.208 0.693
312.888 0.68
313.573 0.685
314.277 0.704
314.946 0.669
315.611 0.665
316.299 0.688
316.993 0.694
317.679 0.686
318.408 0.729
319.189 0.781
319.912 0.723
320.645 0.733
321.405 0.76
322.147 0.742
322.851 0.704
323.588 0.737
324.375 0.787
325.204 0.829
325.969 0.765
326.761 0.792
327.561 0.8
328.351 0.79
329.092 0.741
329.898 0.806
330.715 0.817
331.493 0.778
332.227 0.734
332.998 0.771
333.805 0.807
334.552 0.747
335.297 0.745
336.079 0.782
336.901 0.822
337.638 0.737
338.418 0.78
339.188 0.77
339.913 0.725
340.619 0.706
341.343 0.724
342.081 0.738
342.79 0.709
343.525 0.735
344.316 0.791
345.065 0.749
345.8 0.735
346.607 0.807
347.434 0.827
348.19 0.756
348.945 0.755
349.744 0.799
350.539 0.795
351.295 0.756
352.081 0.786
352.881 0.8
353.681 0.8
354.423 0.742
355.222 0.799
356.036 0.814
356.848 0.812
357.61 0.762
358.401 0.791
359.244 0.843
360.075 0.831
360.835 0.76
361.55 0.715
362.298 0.748
363.129 0.831
363.997 0.868
364.817 0.82
365.614 0.797
366.444 0.83
367.286 0.842
368.137 0.851
368.908 0.771
369.684 0.776
370.471 0.787
371.245 0.774
371.977 0.732
372.692 0.715
373.468 0.776
374.276 0.808
375.118 0.842
375.887 0.769
376.62 0.733
377.425 0.805
378.232 0.807
379.01 0.778
379.754 0.744
380.542 0.788
381.358 0.816
382.142 0.784
382.862 0.72
383.574 0.712
384.33 0.756
385.109 0.779
385.928 0.819
386.668 0.74
387.373 0.705
388.078 0.705
388.863 0.785
389.73 0.867
390.577 0.847
391.378 0.801
392.149 0.771
392.933 0.784
393.717 0.784
394.474 0.757
395.206 0.732
396.007 0.801
396.869 0.862
397.663 0.794
398.391 0.728
399.116 0.725
399.899 0.783
400.716 0.817
401.471 0.755
402.19 0.719
402.955 0.765
403.738 0.783
404.557 0.819
405.287 0.73
406.009 0.722
406.76 0.751
407.53 0.77
408.339 0.809
409.109 0.77
409.886 0.777
410.692 0.806
411.479 0.787
412.22 0.741
412.945 0.725
413.712 0.767
414.522 0.81
415.31 0.788
416.048 0.738
416.822 0.774
417.569 0.747
418.274 0.705
418.961 0.687
419.67 0.709
420.391 0.721
421.119 0.728
421.834 0.715
422.539 0.705
423.228 0.689
423.928 0.7
424.636 0.708
425.362 0.726
426.085 0.723
426.789 0.704
427.519 0.73
428.269 0.75
429.023 0.754
429.738 0.715
430.473 0.735
431.262 0.789
432.072 0.81
432.817 0.745
433.561 0.744
434.333 0.772
435.076 0.743
435.782 0.706
436.489 0.707
437.228 0.739
437.997 0.769
438.717 0.72
439.44 0.723
440.189 0.749
441.018 0.829
441.811 0.793
442.583 0.772
443.467 0.884
444.317 0.85
445.083 0.766
445.831 0.748
446.572 0.741
447.279 0.707
447.981 0.702
448.728 0.747
449.609 0.881
450.394 0.785
451.164 0.77
451.968 0.804
452.792 0.824
453.564 0.772
454.346 0.782
455.139 0.793
455.899 0.76
456.624 0.725
457.396 0.772
458.2 0.804
458.987 0.787
459.719 0.732
460.496 0.777
461.284 0.788
462.016 0.732
462.784 0.768
463.546 0.762
464.281 0.735
464.992 0.711
465.736 0.744
466.517 0.781
467.237 0.72
467.933 0.696
468.635 0.702
469.374 0.739
470.088 0.714
470.81 0.722
471.651 0.841
472.418 0.767
473.159 0.741
473.938 0.779
474.699 0.761
475.42 0.721
476.151 0.731
476.876 0.725
477.583 0.707
478.287 0.704
479.048 0.761
479.808 0.76
480.535 0.727
481.313 0.778
482.141 0.828
482.871 0.73
483.625 0.754
484.416 0.791
485.173 0.757
485.907 0.734
486.676 0.769
487.478 0.802
488.223 0.745
488.96 0.737
489.731 0.771
490.499 0.768
491.224 0.725
491.977 0.753
492.737 0.76
493.45 0.713
494.169 0.719
494.91 0.741
495.643 0.733
496.352 0.709
497.097 0.745
497.863 0.766
504.711 0.72
505.463 0.752
506.218 0.755
506.929 0.711
507.657 0.728
508.399 0.742
509.121 0.722
509.838 0.717
510.601 0.763
511.356 0.755
512.071 0.715
512.79 0.719
513.529 0.739
514.265 0.736
514.972 0.707
515.743 0.771
516.566 0.823
517.386 0.82
518.128 0.742
518.87 0.742
519.681 0.811
520.477 0.796
521.245 0.768
522.008 0.763
522.837 0.829
523.665 0.828
524.432 0.767
525.203 0.771
525.983 0.78
526.791 0.808
527.562 0.771
528.334 0.772
529.179 0.845
530.013 0.834
530.792 0.779
531.521 0.729
532.31 0.789
533.113 0.803
533.908 0.795
534.638 0.73
535.392 0.754
536.154 0.762
536.921 0.767
537.65 0.729
538.369 0.719
539.166 0.797
540.02 0.854
540.816 0.796
541.623 0.807
542.497 0.874
543.333 0.836
544.111 0.778
544.872 0.761
545.643 0.771
546.456 0.813
547.187 0.731
547.919 0.732
548.77 0.851
549.649 0.879
550.437 0.788
551.188 0.751
552.02 0.832
552.883 0.863
553.652 0.769
554.449 0.797
555.335 0.886
556.179 0.844
556.959 0.78
557.801 0.842
558.632 0.831
559.418 0.786
560.166 0.748
560.925 0.759
561.712 0.787
562.464 0.752
563.18 0.716
563.918 0.738
564.715 0.797
565.46 0.745
566.194 0.734
567.0 0.806
567.823 0.823
568.568 0.745
569.376 0.808
570.202 0.826
570.97 0.768
571.694 0.724
572.435 0.741
573.174 0.739
573.872 0.698
574.557 0.685
575.268 0.711
576.029 0.761
576.749 0.72
577.489 0.74
578.318 0.829
579.091 0.773
579.838 0.747
580.69 0.852
581.553 0.863
582.35 0.797
583.107 0.757
583.903 0.796
584.68 0.777
585.415 0.735
586.139 0.724
586.97 0.831
587.816 0.846
588.588 0.772
589.356 0.768
590.177 0.821
590.98 0.803
591.725 0.745
592.484 0.759
593.279 0.795
594.036 0.757
594.785 0.749
595.593 0.808
596.42 0.827
597.169 0.749
597.921 0.752
598.678 0.757
599.41 0.732
600.12 0.71
600.857 0.737
601.624 0.767
602.345 0.721
603.069 0.724
603.905 0.836
604.613 0.708
605.335 0.722
606.09 0.755
606.831 0.741
607.562 0.731
608.255 0.693
608.933 0.678
609.302 0.369
609.609 0.307
610.267 0.658
610.915 0.648
611.557 0.642
612.187 0.63