0.000 1.186
1.186 1.186
2.429 1.243
3.671 1.242
4.997 1.326
6.285 1.288
7.575 1.29
8.83 1.255
10.096 1.266
11.407 1.311
12.698 1.291
13.972 1.274
15.161 1.189
16.256 1.095
17.373 1.117
18.577 1.204
19.728 1.151
20.886 1.158
21.986 1.1
23.215 1.229
24.55 1.335
25.815 1.265
27.116 1.301
28.43 1.314
29.689 1.259
31.047 1.358
32.394 1.347
33.703 1.309
34.967 1.264
36.299 1.332
37.604 1.305
38.818 1.214
40.028 1.21
41.292 1.264
42.548 1.256
43.817 1.269
45.041 1.224
46.372 1.331
47.687 1.315
48.929 1.242
50.242 1.313
51.598 1.356
52.891 1.293
54.213 1.322
55.533 1.32
56.775 1.242
58.058 1.283
59.422 1.364
60.742 1.32
61.957 1.215
63.247 1.29
64.588 1.341
65.886 1.298
67.114 1.228
68.46 1.346
69.844 1.384
71.172 1.328
72.431 1.259
73.756 1.325
75.117 1.361
76.414 1.297
77.632 1.218
78.915 1.283
80.227 1.312
81.517 1.29
82.75 1.233
84.067 1.317
85.462 1.395
86.818 1.356
88.076 1.258
89.405 1.329
90.726 1.321
92.026 1.3
93.253 1.227
94.582 1.329
95.82 1.238
97.004 1.184
98.123 1.119
99.272 1.149
100.422 1.15
101.624 1.202
102.861 1.237
104.192 1.331
105.481 1.289
106.668 1.187
107.921 1.253
109.177 1.256
110.382 1.205
111.478 1.096
112.624 1.146
113.962 1.338
115.308 1.346
116.573 1.265
117.913 1.34
119.335 1.422
120.708 1.373
121.991 1.283
123.375 1.384
124.757 1.382
126.123 1.366
127.421 1.298
128.666 1.245
129.978 1.312
131.353 1.375
132.699 1.346
133.96 1.261
135.32 1.36
136.701 1.381
138.039 1.338
139.288 1.249
140.571 1.283
141.929 1.358
143.28 1.351
144.576 1.296
145.802 1.226
147.055 1.253
148.332 1.277
149.615 1.283
150.89 1.275
152.091 1.201
153.353 1.262
154.691 1.338
156.065 1.374
157.371 1.306
158.552 1.181
159.796 1.244
161.085 1.289
162.385 1.3
163.619 1.234
164.898 1.279
166.102 1.204
167.144 1.042
168.252 1.108
169.368 1.116
170.466 1.098
171.579 1.113
172.681 1.102
174.027 1.346
175.454 1.427
176.813 1.359
178.096 1.283
179.521 1.425
180.91 1.389
182.235 1.325
183.495 1.26
184.907 1.412
186.332 1.425
187.7 1.368
189.001 1.301
190.345 1.344
191.625 1.28
192.824 1.199
194.161 1.337
195.582 1.421
196.907 1.325
198.09 1.183
199.364 1.274
200.757 1.393
202.131 1.374
203.412 1.281
204.63 1.218
205.819 1.189
206.933 1.114
208.01 1.077
209.073 1.063
210.035 0.962
211.08 1.045
212.484 1.404
213.922 1.438
215.336 1.414
216.676 1.34
217.932 1.256
219.085 1.153
220.187 1.102
221.244 1.057
222.208 0.964
223.246 1.038
224.635 1.389
225.952 1.317
227.182 1.23
228.583 1.401
230.026 1.443
231.36 1.334
232.58 1.22
233.857 1.277
235.204 1.347
236.525 1.321
237.797 1.272
239.176 1.379
240.553 1.377
241.908 1.355
243.164 1.256
244.415 1.251
245.744 1.329
247.031 1.287
248.256 1.225
249.609 1.353
250.964 1.355
252.245 1.281
253.593 1.348
254.985 1.392
256.297 1.312
257.631 1.334
258.996 1.365
260.333 1.337
261.609 1.276
262.957 1.348
264.345 1.388
265.654 1.309
266.95 1.296
268.257 1.307
269.44 1.183
270.509 1.069
271.698 1.189
272.954 1.256
274.384 1.43
275.806 1.422
277.174 1.368
278.447 1.273
279.792 1.345
281.242 1.45
282.669 1.427
284.021 1.352
285.283 1.262
286.675 1.392
288.095 1.42
289.455 1.36
290.723 1.268
292.03 1.307
293.34 1.31
294.689 1.349
296.006 1.317
297.259 1.253
298.615 1.356
299.981 1.366
301.271 1.29
302.552 1.281
303.804 1.252
305.1 1.296
306.481 1.381
307.791 1.31
309.042 1.251
310.296 1.254
311.709 1.413
313.081 1.372
314.367 1.286
315.62 1.253
316.936 1.316
318.29 1.354
319.617 1.327
320.839 1.222
322.121 1.282
323.503 1.382
324.872 1.369
326.194 1.322
327.449 1.255
328.762 1.313
330.198 1.436
331.637 1.439
333.038 1.401
334.36 1.322
335.781 1.421
337.264 1.483
338.683 1.419
340.015 1.332
341.27 1.255
342.612 1.342
343.877 1.265
345.049 1.172
346.299 1.25
347.653 1.354
348.998 1.345
350.26 1.262
351.609 1.349
352.786 1.177
353.928 1.142
355.057 1.129
356.257 1.2
357.476 1.219
358.737 1.261
359.976 1.239
361.369 1.393
362.805 1.436
364.213 1.408
365.569 1.356
366.833 1.264
368.235 1.402
369.692 1.457
371.105 1.413
372.455 1.35
373.774 1.319
375.092 1.318
376.362 1.27
377.729 1.367
379.098 1.369
380.419 1.321
381.755 1.336
383.012 1.257
384.04 1.028
385.073 1.033
386.265 1.192
387.523 1.258
388.834 1.311
390.113 1.279
391.341 1.228
392.662 1.321
394.023 1.361
395.408 1.385
396.78 1.372
397.978 1.198
399.128 1.15
400.386 1.258
401.771 1.385
403.155 1.384
404.468 1.313
405.723 1.255
407.07 1.347
408.476 1.406
409.842 1.366
411.195 1.353
412.456 1.261
413.772 1.316
415.086 1.314
416.432 1.346
417.744 1.312
418.986 1.242
420.242 1.256
421.521 1.279
422.831 1.31
424.054 1.223
425.413 1.359
426.827 1.414
428.246 1.419
429.617 1.371
430.904 1.287
432.245 1.341
433.614 1.369
434.89 1.276
436.043 1.153
437.244 1.201
438.5 1.256
439.734 1.234
440.938 1.204
442.091 1.153
443.413 1.322
444.831 1.418
446.208 1.377
447.51 1.302
448.834 1.324
450.143 1.309
451.364 1.221
452.44 1.076
453.6 1.16
454.806 1.206
456.147 1.341
457.584 1.437
458.961 1.377
460.217 1.256
461.491 1.274
462.802 1.311
464.075 1.273
465.267 1.192
466.576 1.309
468.003 1.427
469.377 1.374
470.679 1.302
472.003 1.324
473.391 1.388
474.781 1.39
476.089 1.308
477.45 1.361
478.839 1.389
480.174 1.335
481.378 1.204
482.661 1.283
484.079 1.418
485.429 1.35
486.655 1.226
487.897 1.242
489.203 1.306
490.557 1.354
491.86 1.303
493.044 1.184
494.202 1.158
495.547 1.345
496.948 1.401
498.292 1.344
499.597 1.305
501.026 1.429
502.447 1.421
503.832 1.385
505.196 1.364
506.496 1.3
507.871 1.375
509.326 1.455
510.752 1.426
512.136 1.384
513.488 1.352
514.782 1.294
516.121 1.339
517.465 1.344
518.832 1.367
520.17 1.338
521.417 1.247
522.776 1.359
524.108 1.332
525.384 1.276
526.629 1.245
528.029 1.4
529.447 1.418
530.832 1.385
532.113 1.281
533.472 1.359
534.9 1.428
536.287 1.387
537.595 1.308
538.95 1.355
540.405 1.455
541.834 1.429
543.215 1.381
544.47 1.255
545.957 1.487
547.403 1.446
548.778 1.375
550.095 1.317
551.349 1.254
552.717 1.368
554.206 1.489
555.651 1.445
556.963 1.312
558.245 1.282
559.442 1.197
560.675 1.233
562.055 1.38
563.44 1.385
564.75 1.31
565.967 1.217
567.308 1.341
568.677 1.369
570.079 1.402
571.32 1.241
572.521 1.201
573.8 1.279
575.008 1.208
576.236 1.228
577.73 1.494
579.231 1.501
580.629 1.398
581.907 1.278
583.288 1.381
584.694 1.406
586.072 1.378
587.382 1.31
588.607 1.225
589.928 1.321
591.386 1.458
592.78 1.394
594.095 1.315
595.461 1.366
596.88 1.419
598.254 1.374
599.56 1.306
600.93 1.37
602.125 1.195
603.184 1.059
604.296 1.112
605.439 1.143
606.437 0.998
607.413 0.976
608.358 0.945