0.000 0.778
0.778 0.778
1.543 0.765
2.315 0.772
3.067 0.752
3.843 0.776
4.608 0.765
5.357 0.749
6.076 0.719
6.794 0.718
7.516 0.722
8.25 0.734
9.005 0.755
9.75 0.745
10.496 0.746
11.23 0.734
11.949 0.719
12.665 0.716
13.379 0.714
14.083 0.704
14.795 0.712
15.518 0.723
16.267 0.749
17.061 0.794
17.895 0.834
18.773 0.878
19.695 0.922
20.669 0.974
21.683 1.014
22.678 0.995
23.584 0.906
24.463 0.879
25.361 0.898
26.427 1.066
27.36 0.933
28.216 0.856
29.074 0.858
29.962 0.888
30.89 0.928
31.778 0.888
32.626 0.848
33.466 0.84
34.305 0.839
35.146 0.841
35.979 0.833
36.836 0.857
37.756 0.92
38.762 1.006
39.746 0.984
40.766 1.02
41.789 1.023
42.75 0.961
43.686 0.936
44.639 0.953
45.605 0.966
46.461 0.856
47.322 0.861
48.234 0.912
49.214 0.98
50.15 0.936
51.073 0.923
51.987 0.914
52.844 0.857
53.647 0.803
54.43 0.783
55.218 0.788
56.063 0.845
57.101 1.038
58.15 1.049
59.179 1.029
60.166 0.987
61.068 0.902
61.949 0.881
62.826 0.877
63.678 0.852
64.507 0.829
65.337 0.83
66.179 0.842
67.01 0.831
67.883 0.873
68.829 0.946
69.857 1.028
70.846 0.989
71.775 0.929
72.672 0.897
73.547 0.875
74.49 0.943
75.444 0.954
76.37 0.926
77.304 0.934
78.267 0.963
79.187 0.92
80.057 0.87
80.946 0.889
81.898 0.952
82.876 0.978
83.821 0.945
84.79 0.969
85.771 0.981
86.656 0.885
87.521 0.865
88.401 0.88
89.33 0.929
90.24 0.91
91.171 0.931
92.13 0.959
93.1 0.97
93.994 0.894
94.87 0.876
95.743 0.873
96.587 0.844
97.397 0.81
98.21 0.813
99.037 0.827
99.928 0.891
100.909 0.981
101.808 0.899
102.696 0.888
103.599 0.903
104.519 0.92
105.387 0.868
106.256 0.869
107.147 0.891
108.064 0.917
108.951 0.887
109.867 0.916
110.786 0.919
111.728 0.942
112.63 0.902
113.477 0.847
114.301 0.824
115.121 0.82
115.966 0.845
116.915 0.949
117.923 1.008
118.939 1.016
119.902 0.963
120.825 0.923
121.677 0.852
122.512 0.835
123.33 0.818
124.158 0.828
125.032 0.874
125.987 0.955
127.082 1.095
128.2 1.118
129.287 1.087
130.295 1.008
131.25 0.955
132.196 0.946
133.166 0.97
134.137 0.971
135.014 0.877
135.853 0.839
136.703 0.85
137.609 0.906
138.656 1.047
139.704 1.048
140.654 0.95
141.589 0.935
142.521 0.932
143.43 0.909
144.288 0.858
145.153 0.865
146.058 0.905
147.047 0.989
148.047 1.0
149.071 1.024
150.15 1.079
151.133 0.983
152.059 0.926
153.003 0.944
154.035 1.032
155.082 1.047
156.027 0.945
156.936 0.909
157.862 0.926
158.81 0.948
159.682 0.872
160.543 0.861
161.449 0.906
162.43 0.981
163.435 1.005
164.373 0.938
165.261 0.888
166.145 0.884
167.067 0.922
168.009 0.942
168.957 0.948
169.861 0.904
170.739 0.878
171.612 0.873
172.486 0.874
173.335 0.849
174.158 0.823
174.996 0.838
175.887 0.891
176.859 0.972
177.83 0.971
178.718 0.888
179.599 0.881
180.519 0.92
181.464 0.945
182.42 0.956
183.333 0.913
184.19 0.857
185.023 0.833
185.87 0.847
186.761 0.891
187.732 0.971
188.729 0.997
189.715 0.986
190.722 1.007
191.733 1.011
192.724 0.991
193.715 0.991
194.693 0.978
195.671 0.978
196.595 0.924
197.522 0.927
198.482 0.96
199.46 0.978
200.365 0.905
201.309 0.944
202.344 1.035
203.459 1.115
204.44 0.981
205.377 0.937
206.322 0.945
207.267 0.945
208.177 0.91
209.036 0.859
209.905 0.869
210.825 0.92
211.856 1.031
212.903 1.047
213.943 1.04
214.997 1.054
216.056 1.059
217.04 0.984
217.988 0.948
218.936 0.948
219.917 0.981
220.849 0.932
221.797 0.948
222.834 1.037
223.868 1.034
224.783 0.915
225.656 0.873
226.554 0.898
227.539 0.985
228.666 1.127
229.763 1.097
230.764 1.001
231.749 0.985
232.714 0.965
233.619 0.905
234.504 0.885
235.39 0.886
236.325 0.935
237.252 0.927
238.231 0.979
239.293 1.062
240.344 1.051
241.357 1.013
242.369 1.012
243.37 1.001
244.281 0.911
245.193 0.912
246.103 0.91
247.006 0.903
247.877 0.871
248.735 0.858
249.578 0.843
250.421 0.843
251.336 0.915
252.288 0.952
253.245 0.957
254.187 0.942
255.046 0.859
255.863 0.817
256.671 0.808
257.484 0.813
258.324 0.84
259.236 0.912
260.195 0.959
261.186 0.991
262.13 0.944
263.135 1.005
264.258 1.123
265.347 1.089
266.417 1.07
267.451 1.034
268.428 0.977
269.362 0.934
270.299 0.937
271.258 0.959
272.286 1.028
273.326 1.04
274.346 1.02
275.27 0.924
276.18 0.91
277.132 0.952
278.104 0.972
279.057 0.953
279.963 0.906
280.884 0.921
281.84 0.956
282.773 0.933
283.721 0.948
284.715 0.994
285.674 0.959
286.611 0.937
287.546 0.935
288.446 0.9
289.314 0.868
290.183 0.869
291.04 0.857
291.894 0.854
292.782 0.888
293.751 0.969
294.7 0.949
295.674 0.974
296.712 1.038
297.697 0.985
298.587 0.89
299.465 0.878
300.347 0.882
301.209 0.862
302.113 0.904
303.063 0.95
304.05 0.987
305.025 0.975
306.077 1.052
307.176 1.099
308.229 1.053
309.296 1.067
310.348 1.052
311.316 0.968
312.301 0.985
313.339 1.038
314.368 1.029
315.327 0.959
316.321 0.994
317.377 1.056
318.386 1.009
319.4 1.014
320.39 0.99
321.307 0.917
322.229 0.922
323.168 0.939
324.074 0.906
325.003 0.929
325.933 0.93
326.809 0.876
327.685 0.876
328.555 0.87
329.402 0.847
330.209 0.807
330.995 0.786
331.767 0.772
332.566 0.799
333.442 0.876
334.378 0.936
335.335 0.957
336.282 0.947
337.2 0.918
338.083 0.883
338.944 0.861
339.77 0.826
340.593 0.823
341.434 0.841
342.319 0.885
343.247 0.928
344.172 0.925
345.099 0.927
346.035 0.936
346.961 0.926
347.856 0.895
348.731 0.875
349.599 0.868
350.442 0.843
351.28 0.838
352.155 0.875
353.136 0.981
354.093 0.957
355.084 0.991
356.076 0.992
356.998 0.922
357.908 0.91
358.81 0.902
359.661 0.851
360.498 0.837
361.323 0.825
362.122 0.799
362.943 0.821
363.799 0.856
364.769 0.97
365.741 0.972
366.778 1.037
367.835 1.057
368.797 0.962
369.732 0.935
370.628 0.896
371.476 0.848
372.346 0.87
373.287 0.941
374.199 0.912
375.124 0.925
376.114 0.99
377.069 0.955
377.973 0.904
378.829 0.856
379.695 0.866
380.578 0.883
381.441 0.863
382.279 0.838
383.117 0.838
383.954 0.837
384.778 0.824
385.579 0.801
386.362 0.783
387.129 0.767
387.876 0.747
388.646 0.77
389.412 0.766
390.203 0.791
391.067 0.864
392.006 0.939
392.956 0.95
393.872 0.916
394.774 0.902
395.659 0.885
396.48 0.821
397.294 0.814
398.161 0.867
399.209 1.048
400.293 1.084
401.389 1.096
402.498 1.109
403.572 1.074
404.619 1.047
405.622 1.003
406.583 0.961
407.509 0.926
408.428 0.919
409.324 0.896
410.184 0.86
411.058 0.874
411.979 0.921
412.946 0.967
413.977 1.031
415.116 1.139
416.138 1.022
417.066 0.928
417.992 0.926
418.95 0.958
419.958 1.008
420.908 0.95
421.863 0.955
422.843 0.98
423.781 0.938
424.688 0.907
425.591 0.903
426.511 0.92
427.405 0.894
428.304 0.899
429.244 0.94
430.241 0.997
431.181 0.94
432.143 0.962
433.13 0.987
434.091 0.961
435.005 0.914
435.914 0.909
436.833 0.919
437.745 0.912
438.62 0.875
439.464 0.844
440.296 0.832
441.154 0.858
442.095 0.941
443.085 0.99
444.01 0.925
444.929 0.919
445.86 0.931
446.768 0.908
447.608 0.84
448.421 0.813
449.223 0.802
450.04 0.817
450.875 0.835
451.725 0.85
452.566 0.841
453.424 0.858
454.318 0.894
455.269 0.951
456.236 0.967
457.225 0.989
458.24 1.015
459.27 1.03
460.226 0.956
461.14 0.914
462.081 0.941
463.098 1.017
464.151 1.053
465.121 0.97
466.059 0.938
466.979 0.92
467.899 0.92
468.804 0.905
469.703 0.899
470.621 0.918
471.557 0.936
472.434 0.877
473.304 0.87
474.175 0.871
475.049 0.874
475.942 0.893
476.797 0.855
477.647 0.85
478.491 0.844
479.333 0.842
480.157 0.824
480.971 0.814
481.78 0.809
482.599 0.819
483.429 0.83
484.236 0.807
485.044 0.808
485.899 0.855
486.87 0.971
487.895 1.025
488.858 0.963
489.761 0.903
490.632 0.871
491.501 0.869
492.375 0.874
493.238 0.863
494.122 0.884
495.05 0.928
496.059 1.009
497.03 0.971
497.99 0.96
498.918 0.928
499.78 0.862
500.611 0.831
501.414 0.803
502.208 0.794
503.027 0.819
503.886 0.859
504.724 0.838
505.574 0.85
506.455 0.881
507.386 0.931
508.289 0.903
509.141 0.852
509.981 0.84
510.889 0.908
511.834 0.945
512.841 1.007
513.867 1.026
514.855 0.988
515.791 0.936
516.68 0.889
517.518 0.838
518.347 0.829
519.192 0.845
520.078 0.886
520.977 0.899
521.903 0.926
522.875 0.972
523.928 1.053
524.971 1.043
526.025 1.054
527.051 1.026
528.04 0.989
528.952 0.912
529.865 0.913
530.805 0.94
531.817 1.012
532.735 0.918
533.647 0.912
534.613 0.966
535.601 0.988
536.512 0.911
537.421 0.909
538.322 0.901
539.215 0.893
540.061 0.846
540.894 0.833
541.719 0.825
542.569 0.85
543.454 0.885
544.35 0.896
545.318 0.968
546.436 1.118
547.506 1.07
548.512 1.006
549.484 0.972
550.452 0.968
551.358 0.906
552.257 0.899
553.178 0.921
554.095 0.917
555.021 0.926
556.025 1.004
557.072 1.047
558.029 0.957
558.965 0.936
559.924 0.959
560.898 0.974
561.883 0.985
562.817 0.934
563.78 0.963
564.802 1.022
565.924 1.122
567.024 1.1
568.108 1.084
569.158 1.05
570.194 1.036
571.21 1.016
572.24 1.03
573.268 1.028
574.218 0.95
575.147 0.929
576.105 0.958
577.149 1.044
578.141 0.992
579.07 0.929
579.985 0.915
580.903 0.918
581.766 0.863
582.585 0.819
583.406 0.821
584.249 0.843
585.149 0.9
586.036 0.887
586.889 0.853
587.752 0.863
588.643 0.891
589.589 0.946
590.471 0.882
591.342 0.871
592.203 0.861
593.035 0.832
593.828 0.793
594.622 0.794
595.438 0.816
596.293 0.855
597.151 0.858
598.059 0.908
598.914 0.855
599.805 0.891
600.721 0.916
601.619 0.898
602.485 0.866
603.35 0.865
604.177 0.827
604.993 0.816