0.000 0.796
0.796 0.796
1.589 0.793
2.382 0.793
3.191 0.809
4.034 0.843
4.854 0.82
5.713 0.859
6.643 0.93
7.587 0.944
8.525 0.938
9.467 0.942
10.31 0.843
11.118 0.808
11.896 0.778
12.666 0.77
13.42 0.754
14.191 0.771
14.958 0.767
15.759 0.801
16.564 0.805
17.357 0.793
18.106 0.749
18.872 0.766
19.644 0.772
20.432 0.788
21.254 0.822
22.106 0.852
23.022 0.916
24.182 1.16
25.356 1.174
26.521 1.165
27.684 1.163
28.818 1.134
29.934 1.116
31.094 1.16
32.164 1.07
33.197 1.033
34.389 1.192
35.505 1.116
36.41 0.905
37.246 0.836
38.089 0.843
38.989 0.9
40.113 1.124
41.07 0.957
42.136 1.066
43.198 1.062
44.13 0.932
45.067 0.937
45.961 0.894
46.821 0.86
47.733 0.912
48.684 0.951
49.665 0.981
50.804 1.139
51.836 1.032
52.908 1.072
53.978 1.07
54.946 0.968
55.96 1.014
56.871 0.911
57.802 0.931
58.848 1.046
59.878 1.03
61.105 1.227
62.211 1.106
63.293 1.082
64.364 1.071
65.343 0.979
66.338 0.995
67.38 1.042
68.391 1.011
69.533 1.142
70.699 1.166
71.849 1.15
73.045 1.196
74.093 1.048
75.079 0.986
75.992 0.913
76.896 0.904
77.764 0.868
78.675 0.911
79.773 1.098
80.907 1.134
81.954 1.047
82.91 0.956
83.826 0.916
84.703 0.877
85.521 0.818
86.345 0.824
87.197 0.852
88.075 0.878
89.002 0.927
90.228 1.226
91.413 1.185
92.521 1.108
93.726 1.205
94.806 1.08
95.756 0.95
96.773 1.017
98.088 1.315
99.227 1.139
100.43 1.203
101.573 1.143
102.65 1.077
103.912 1.262
105.109 1.197
106.096 0.987
107.105 1.009
108.242 1.137
109.271 1.029
110.399 1.128
111.705 1.306
112.857 1.152
114.013 1.156
115.233 1.22
116.338 1.105
117.539 1.201
118.744 1.205
119.796 1.052
120.861 1.065
121.964 1.103
123.002 1.038
124.189 1.187
125.315 1.126
126.333 1.018
127.386 1.053
128.42 1.034
129.417 0.997
130.537 1.12
131.642 1.105
132.74 1.098
133.713 0.973
134.795 1.082
135.908 1.113
137.109 1.201
138.269 1.16
139.216 0.947
140.136 0.92
141.06 0.924
142.021 0.961
142.976 0.955
143.969 0.993
145.276 1.307
146.463 1.187
147.598 1.135
148.748 1.15
149.839 1.091
150.836 0.997
151.913 1.077
153.111 1.198
154.229 1.118
155.358 1.129
156.362 1.004
157.302 0.94
158.327 1.025
159.445 1.118
160.466 1.021
161.59 1.124
162.673 1.083
163.611 0.938
164.459 0.848
165.262 0.803
166.05 0.788
166.841 0.791
167.689 0.848
168.715 1.026
169.855 1.14
170.859 1.004
171.881 1.022
172.992 1.111
174.071 1.079
175.213 1.142
176.362 1.149
177.516 1.154
178.659 1.143
179.751 1.092
180.804 1.053
181.863 1.059
182.764 0.901
183.69 0.926
184.819 1.129
185.798 0.979
187.006 1.208
188.038 1.032
189.082 1.044
190.156 1.074
191.148 0.992
192.106 0.958
193.066 0.96
193.981 0.915
194.8 0.819
195.623 0.823
196.45 0.827
197.257 0.807
198.09 0.833
198.996 0.906
199.976 0.98
200.932 0.956
201.968 1.036
203.0 1.032
203.954 0.954
204.933 0.979
205.942 1.009
206.928 0.986
208.033 1.105
209.07 1.037
210.021 0.951
211.008 0.987
212.028 1.02
212.983 0.955
214.052 1.069
215.117 1.065
216.117 1.0
217.126 1.009
218.029 0.903
218.891 0.862
219.757 0.866
220.703 0.946
221.579 0.876
222.606 1.027
223.898 1.292
225.052 1.154
226.065 1.013
227.115 1.05
228.14 1.025
229.035 0.895
229.97 0.935
230.96 0.99
231.925 0.965
232.938 1.013
234.061 1.123
235.045 0.984
235.962 0.917
236.934 0.972
237.997 1.063
238.946 0.949
239.843 0.897
240.686 0.843
241.521 0.835
242.469 0.948
243.511 1.042
244.58 1.069
245.559 0.979
246.431 0.872
247.256 0.825
248.066 0.81
248.877 0.811
249.666 0.789
250.461 0.795
251.258 0.797
252.076 0.818
252.891 0.815
253.807 0.916
254.931 1.124
256.009 1.078
257.073 1.064
258.18 1.107
259.181 1.001
260.242 1.061
261.322 1.08
262.297 0.975
263.338 1.041
264.428 1.09
265.406 0.978
266.426 1.02
267.522 1.096
268.513 0.991
269.503 0.99
270.56 1.057
271.584 1.024
272.576 0.992
273.576 1.0
274.528 0.952
275.545 1.017
276.627 1.082
277.583 0.956
278.615 1.032
279.737 1.122
280.778 1.041
281.676 0.898
282.547 0.871
283.406 0.859
284.212 0.806
285.013 0.801
285.815 0.802
286.653 0.838
287.52 0.867
288.692 1.172
289.877 1.185
291.035 1.158
292.264 1.229
293.339 1.075
294.368 1.029
295.422 1.054
296.366 0.944
297.365 0.999
298.677 1.312
299.867 1.19
301.036 1.169
302.285 1.249
303.456 1.171
304.503 1.047
305.588 1.085
306.73 1.142
307.754 1.024
308.885 1.131
310.088 1.203
311.22 1.132
312.482 1.262
313.567 1.085
314.613 1.046
315.822 1.209
316.867 1.045
317.927 1.06
319.121 1.194
320.244 1.123
321.323 1.079
322.558 1.235
323.757 1.199
324.887 1.13
326.106 1.219
327.343 1.237
328.419 1.076
329.553 1.134
330.678 1.125
331.642 0.964
332.674 1.032
333.89 1.216
334.965 1.075
336.162 1.197
337.302 1.14
338.308 1.006
339.304 0.996
340.32 1.016
341.244 0.924
342.283 1.039
343.456 1.173
344.488 1.032
345.5 1.012
346.45 0.95
347.317 0.867
348.209 0.892
349.129 0.92
350.029 0.9
350.996 0.967
352.048 1.052
353.0 0.952
353.987 0.987
354.96 0.973
355.835 0.875
356.738 0.903
357.702 0.964
358.615 0.913
359.712 1.097
360.867 1.155
361.985 1.118
363.142 1.157
364.239 1.097
365.168 0.929
366.101 0.933
367.078 0.977
367.999 0.921
368.975 0.976
370.078 1.103
371.128 1.05
372.176 1.048
373.327 1.151
374.344 1.017
375.359 1.015
376.439 1.08
377.432 0.993
378.385 0.953
379.345 0.96
380.283 0.938
381.153 0.87
382.08 0.927
383.11 1.03
384.078 0.968
384.997 0.919
385.954 0.957
386.971 1.017
387.888 0.917
388.747 0.859
389.649 0.902
390.634 0.985
391.593 0.959
392.478 0.885
393.359 0.881
394.351 0.992
395.261 0.91
396.119 0.858
396.946 0.827
397.764 0.818
398.567 0.803
399.334 0.767
400.114 0.78
400.901 0.787
401.695 0.794
402.47 0.775
403.265 0.795
404.11 0.845
405.008 0.898
405.872 0.864
406.794 0.922
407.737 0.943
408.614 0.877
409.514 0.9
410.465 0.951
411.454 0.989
412.399 0.945
413.387 0.988
414.425 1.038
415.399 0.974
416.466 1.067
417.557 1.091
418.507 0.95
419.458 0.951
420.458 1.0
421.402 0.944
422.308 0.906
423.319 1.011
424.338 1.019
425.233 0.895
426.16 0.927
427.226 1.066
428.184 0.958
429.207 1.023
430.277 1.07
431.217 0.94
432.159 0.942
433.122 0.963
434.035 0.913
434.942 0.907
435.94 0.998
436.977 1.037
437.972 0.995
439.004 1.032
440.073 1.069
441.011 0.938
441.964 0.953
442.995 1.031
444.019 1.024
445.064 1.045
446.216 1.152
447.264 1.048
448.291 1.027
449.389 1.098
450.446 1.057
451.458 1.012
452.729 1.271
453.882 1.153
454.907 1.025
455.987 1.08
457.184 1.197
458.277 1.093
459.435 1.158
460.512 1.077
461.508 0.996
462.563 1.055
463.612 1.049
464.57 0.958
465.534 0.964
466.499 0.965
467.393 0.894
468.346 0.953
469.479 1.133
470.531 1.052
471.648 1.117
472.818 1.17
473.898 1.08
474.843 0.945
475.779 0.936
476.753 0.974
477.678 0.925
478.581 0.903
479.592 1.011
480.676 1.084
481.64 0.964
482.648 1.008
483.689 1.041
484.621 0.932
485.455 0.834
486.25 0.795
487.047 0.797
487.919 0.872
488.963 1.044
490.11 1.147
491.255 1.145
492.325 1.07
493.333 1.008
494.337 1.004
495.343 1.006
496.36 1.017
497.422 1.062
498.548 1.126
499.699 1.151
500.811 1.112
501.785 0.974
502.758 0.973
503.771 1.013
504.64 0.869
505.517 0.877
506.445 0.928
507.304 0.859
508.159 0.855
509.021 0.862
509.887 0.866
510.744 0.857
511.535 0.791
512.315 0.78
513.079 0.764
513.832 0.753
514.566 0.734
515.292 0.726
516.031 0.739
516.813 0.782
517.648 0.835
518.627 0.979
519.76 1.133
520.772 1.012
521.775 1.003
522.803 1.028
523.718 0.915
529.993 0.896
530.895 0.902
531.735 0.84
532.564 0.829
533.366 0.802
534.156 0.79
535.029 0.873
536.231 1.202
537.299 1.068
538.406 1.107
539.439 1.033
540.452 1.013
541.355 0.903
542.227 0.872
543.078 0.851
543.906 0.828
544.685 0.779
545.463 0.778
546.237 0.774
547.019 0.782
547.781 0.762
548.589 0.808
549.472 0.883
550.481 1.009
551.411 0.93
552.445 1.034
553.509 1.064
554.495 0.986
555.491 0.996
556.417 0.926
557.282 0.865
558.145 0.863
559.02 0.875
559.84 0.82
560.646 0.806
561.496 0.85
562.436 0.94
563.365 0.929
564.355 0.99
565.519 1.164
566.67 1.151
567.635 0.965
568.556 0.921
569.461 0.905
570.365 0.904
571.221 0.856
572.043 0.822
572.85 0.807
573.68 0.83
574.567 0.887
575.456 0.889
576.358 0.902
577.34 0.982
578.232 0.892
579.114 0.882
580.013 0.899
580.978 0.965
581.892 0.914
582.748 0.856
583.597 0.849
584.497 0.9
585.57 1.073
586.523 0.953
587.468 0.945
588.407 0.939
589.328 0.921
590.234 0.906
591.22 0.986
592.137 0.917
593.051 0.914
594.035 0.984
594.962 0.927
595.913 0.951
596.853 0.94
597.779 0.926
598.764 0.985
599.823 1.059
600.788 0.965
601.779 0.991
602.774 0.995
603.715 0.941
604.672 0.957
605.598 0.926
606.555 0.957
607.545 0.99
608.576 1.031
609.568 0.992
610.454 0.886
611.307 0.853
612.157 0.85
613.007 0.85
613.89 0.883
614.705 0.815
615.562 0.857
616.508 0.946
617.491 0.983
618.429 0.938
619.282 0.853