0.000 0.959
0.959 0.959
1.849 0.89
2.693 0.844
3.537 0.844
4.455 0.918
5.535 1.08
6.67 1.135
7.735 1.065
8.781 1.046
9.798 1.017
10.748 0.95
11.738 0.99
12.755 1.017
13.765 1.01
14.779 1.014
15.803 1.024
16.712 0.909
17.78 1.068
18.997 1.217
20.174 1.177
21.344 1.17
22.498 1.154
23.628 1.13
24.677 1.049
25.713 1.036
26.766 1.053
27.839 1.073
28.894 1.055
29.855 0.961
30.857 1.002
31.925 1.068
33.109 1.184
34.105 0.996
34.916 0.811
35.774 0.858
36.787 1.013
37.952 1.165
39.108 1.156
40.262 1.154
41.35 1.088
42.426 1.076
43.429 1.003
44.446 1.017
45.462 1.016
46.44 0.978
47.415 0.975
48.405 0.99
49.366 0.961
50.269 0.903
51.098 0.829
51.814 0.716
52.499 0.685
53.224 0.725
54.116 0.892
55.239 1.123
56.233 0.994
57.163 0.93
58.141 0.978
59.091 0.95
59.995 0.904
60.976 0.981
61.973 0.997
62.909 0.936
63.799 0.89
64.829 1.03
65.965 1.136
67.14 1.175
68.297 1.157
69.352 1.055
70.442 1.09
71.579 1.137
72.726 1.147
73.75 1.024
74.81 1.06
75.929 1.119
77.129 1.2
78.261 1.132
79.243 0.982
80.268 1.025
81.438 1.17
82.689 1.251
83.941 1.252
85.06 1.119
86.204 1.144
87.399 1.195
88.615 1.216
89.794 1.179
90.81 1.016
91.739 0.929
92.899 1.16
94.06 1.161
95.22 1.16
96.282 1.062
97.423 1.141
98.594 1.171
99.762 1.168
100.702 0.94
101.506 0.804
102.401 0.895
103.379 0.978
104.572 1.193
105.684 1.112
106.66 0.976
107.782 1.122
108.972 1.19
110.074 1.102
111.277 1.203
112.481 1.204
113.601 1.12
114.745 1.144
115.944 1.199
117.092 1.148
118.09 0.998
119.113 1.023
120.29 1.177
121.512 1.222
122.662 1.15
123.811 1.149
125.062 1.251
126.265 1.203
127.449 1.184
128.677 1.228
129.876 1.199
131.058 1.182
132.276 1.218
133.507 1.231
134.657 1.15
135.866 1.209
137.092 1.226
138.189 1.097
139.35 1.161
140.514 1.164
141.47 0.956
142.382 0.912
143.449 1.067
144.731 1.282
145.984 1.253
147.107 1.123
148.251 1.144
149.472 1.221
150.634 1.162
151.768 1.134
152.834 1.066
153.972 1.138
155.185 1.213
156.436 1.251
157.615 1.179
158.832 1.217
160.048 1.216
161.226 1.178
162.461 1.235
163.624 1.163
164.71 1.086
165.968 1.258
167.247 1.279
168.404 1.157
169.537 1.133
170.712 1.175
171.92 1.208
173.006 1.086
174.203 1.197
175.374 1.171
176.428 1.054
177.555 1.127
178.749 1.194
179.911 1.162
181.058 1.147
182.265 1.207
183.42 1.155
184.537 1.117
185.657 1.12
186.747 1.09
187.706 0.959
188.863 1.157
190.119 1.256
191.253 1.134
192.462 1.209
193.683 1.221
194.847 1.164
195.896 1.049
196.962 1.066
197.929 0.967
198.787 0.858
199.673 0.886
200.63 0.957
201.527 0.897
202.388 0.861
203.214 0.826
203.983 0.769
204.685 0.702
205.41 0.725
206.196 0.786
206.983 0.787
207.73 0.747
208.478 0.748
209.3 0.822
210.14 0.84
210.96 0.82
211.725 0.765
212.476 0.751
213.192 0.716
213.898 0.706
214.611 0.713
215.337 0.726
216.092 0.755
216.82 0.728
217.591 0.771
218.421 0.83
219.279 0.858
220.184 0.905
221.179 0.995
222.19 1.011
223.077 0.887
223.979 0.902
225.013 1.034
226.151 1.138
227.274 1.123
228.426 1.152
229.529 1.103
230.598 1.069
231.544 0.946
232.512 0.968
233.644 1.132
234.865 1.221
235.983 1.118
237.064 1.081
238.187 1.123
239.242 1.055
240.286 1.044
241.365 1.079
242.49 1.125
243.551 1.061
244.668 1.117
245.79 1.122
246.802 1.012
247.884 1.082
249.059 1.175
250.248 1.189
251.326 1.078
252.46 1.134
253.56 1.1
254.613 1.053
255.8 1.187
257.054 1.254
258.226 1.172
259.306 1.08
260.384 1.078
261.574 1.19
262.755 1.181
263.9 1.145
265.074 1.174
266.257 1.183
267.38 1.123
268.474 1.094
269.489 1.015
270.5 1.011
271.544 1.044
272.679 1.135
273.748 1.069
274.755 1.007
275.874 1.119
277.029 1.155
278.137 1.108
279.288 1.151
280.417 1.129
281.45 1.033
282.517 1.067
283.64 1.123
284.672 1.032
285.687 1.015
286.719 1.032
287.753 1.034
288.698 0.945
289.701 1.003
290.735 1.034
291.782 1.047
292.786 1.004
293.834 1.048
294.859 1.025
295.796 0.937
296.732 0.936
297.693 0.961
298.665 0.972
299.605 0.94
300.58 0.975
301.537 0.957
302.426 0.889
303.355 0.929
304.271 0.916
305.144 0.873
305.998 0.854
306.813 0.815
307.686 0.873
308.556 0.87
309.395 0.839
310.201 0.806
311.087 0.886
312.046 0.959
312.981 0.935
313.956 0.975
314.939 0.983
315.922 0.983
316.841 0.919
317.63 0.789
318.328 0.698
318.99 0.662
319.683 0.693
320.882 1.199
322.062 1.18
323.267 1.205
324.427 1.16
325.586 1.159
326.717 1.131
327.791 1.074
328.824 1.033
329.823 0.999
330.742 0.919
331.634 0.892
332.544 0.91
333.552 1.008
334.605 1.053
335.692 1.087
336.805 1.113
337.94 1.135
338.947 1.007
339.919 0.972
340.928 1.009
342.018 1.09
343.135 1.117
344.269 1.134
345.425 1.156
346.573 1.148
347.691 1.118
348.777 1.086
349.845 1.068
350.848 1.003
351.935 1.087
353.081 1.146
354.189 1.108
355.308 1.119
356.385 1.077
357.482 1.097
358.645 1.163
359.836 1.191
360.949 1.113
362.004 1.055
362.913 0.909
363.798 0.885
364.692 0.894
365.619 0.927
366.556 0.937
367.407 0.851
368.312 0.905
369.355 1.043
370.417 1.062
371.398 0.981
372.238 0.84
373.088 0.85
373.939 0.851
374.843 0.904
375.847 1.004
376.781 0.934
377.707 0.926
378.713 1.006
379.775 1.062
380.782 1.007
381.794 1.012
382.833 1.039
383.779 0.946
384.692 0.913
385.669 0.977
386.713 1.044
387.723 1.01
388.731 1.008
389.832 1.101
390.924 1.092
391.94 1.016
393.003 1.063
394.117 1.114
395.247 1.13
396.297 1.05
397.379 1.082
398.529 1.15
399.645 1.116
400.7 1.055
401.755 1.055
402.817 1.062
403.89 1.073
404.871 0.981
405.897 1.026
406.995 1.098
408.085 1.09
409.176 1.091
410.242 1.066
411.352 1.11
412.406 1.054
413.436 1.03
414.431 0.995
415.349 0.918
416.154 0.805
416.93 0.776
417.761 0.831
418.798 1.037
419.757 0.959
420.788 1.031
421.807 1.019
422.752 0.945
423.707 0.955
424.678 0.971
425.578 0.9
426.443 0.865
427.296 0.853
428.164 0.868
429.076 0.912
429.919 0.843
430.772 0.853
431.647 0.875
432.462 0.815
433.284 0.822
434.134 0.85
435.058 0.924
435.988 0.93
436.898 0.91
437.882 0.984
438.899 1.017
439.83 0.931
440.792 0.962
441.723 0.931
442.518 0.795
443.241 0.723
443.916 0.675
444.571 0.655
445.257 0.686
446.279 1.022
447.204 0.925
447.991 0.787
448.859 0.868
449.816 0.957
450.9 1.084
451.99 1.09
452.999 1.009
454.001 1.002
455.038 1.037
456.076 1.038
457.072 0.996
457.961 0.889
458.883 0.922
459.87 0.987
460.93 1.06
461.924 0.994
462.885 0.961
463.877 0.992
464.832 0.955
465.813 0.981
466.895 1.082
467.977 1.082
468.989 1.012
470.028 1.039
471.016 0.988
471.885 0.869
472.655 0.77
473.345 0.69
474.193 0.848
475.495 1.302
476.751 1.256
477.932 1.181
478.995 1.063
480.035 1.04
480.977 0.942
481.922 0.945
482.92 0.998
483.94 1.02
484.982 1.042
486.02 1.038
487.05 1.03
488.031 0.981
489.029 0.998
490.026 0.997
490.989 0.963
491.962 0.973
493.021 1.059
494.133 1.112
495.173 1.04
496.255 1.082
497.365 1.11
498.406 1.041
499.422 1.016
500.513 1.091
501.635 1.122
502.721 1.086
503.757 1.036
504.822 1.065
505.907 1.085
506.999 1.092
508.111 1.112
509.227 1.116
510.341 1.114
511.424 1.083
512.554 1.13
513.694 1.14
514.811 1.117
515.84 1.029
516.969 1.129
518.124 1.155
519.231 1.107
520.358 1.127
521.469 1.111
522.541 1.072
523.524 0.983
524.475 0.951
525.423 0.948
526.325 0.902
527.117 0.792
527.916 0.799
528.768 0.852
529.898 1.13
531.022 1.124
532.148 1.126
533.113 0.965
534.063 0.95
535.05 0.987
536.032 0.982
536.98 0.948
537.862 0.882
538.734 0.872
539.594 0.86
540.527 0.933
541.408 0.881
542.315 0.907
543.316 1.001
544.378 1.062
545.445 1.067
546.397 0.952
547.373 0.976
548.362 0.989
549.362 1.0
550.334 0.972
551.351 1.017
552.447 1.096
553.524 1.077
554.52 0.996
555.563 1.043
556.598 1.035
557.69 1.092
558.68 0.99
559.67 0.99
560.697 1.027
561.665 0.968
562.636 0.971
563.709 1.073
564.663 0.954
565.637 0.974
566.726 1.089
567.799 1.073
568.791 0.992
569.798 1.007
570.845 1.047
571.809 0.964
572.768 0.959
573.76 0.992
574.802 1.042
575.724 0.922
576.67 0.946
577.685 1.015
578.606 0.921
579.457 0.851
580.419 0.962
581.495 1.076
582.577 1.082
583.529 0.952
584.415 0.886
585.241 0.826
586.173 0.932
587.18 1.007
588.284 1.104
589.411 1.127
590.459 1.048
591.483 1.024
592.512 1.029
593.52 1.008
594.49 0.97
595.478 0.988
596.404 0.926
597.318 0.914
598.163 0.845
598.913 0.75
599.654 0.741
600.545 0.891
601.723 1.178
602.914 1.191
603.978 1.064
604.972 0.994
605.937 0.965
606.975 1.038
607.986 1.011
608.874 0.888
609.64 0.766
610.424 0.784
611.261 0.837
612.302 1.041
613.347 1.045
614.362 1.015
615.333 0.971
616.303 0.97
617.303 1.0
618.194 0.891
619.138 0.944
620.125 0.987
621.15 1.025
622.133 0.983
623.136 1.003
624.128 0.992
624.991 0.863
625.896 0.905