0.000 0.945
0.945 0.945
1.895 0.95
2.814 0.919
3.733 0.919
4.639 0.906
5.566 0.927
6.418 0.852
7.265 0.847
7.987 0.722
8.608 0.621
9.197 0.589
9.809 0.612
10.457 0.648
11.182 0.725
12.031 0.849
12.911 0.88
13.793 0.882
14.609 0.816
15.371 0.762
16.108 0.737
16.897 0.789
17.74 0.843
18.569 0.829
19.392 0.823
20.219 0.827
20.986 0.767
21.818 0.832
22.676 0.858
23.61 0.934
24.586 0.976
25.541 0.955
26.508 0.967
27.356 0.848
28.061 0.705
28.693 0.632
29.351 0.658
30.497 1.146
31.595 1.098
32.702 1.107
33.669 0.967
34.615 0.946
35.682 1.067
36.693 1.011
37.728 1.035
38.682 0.954
39.448 0.766
40.147 0.699
41.06 0.913
42.129 1.069
43.162 1.033
44.192 1.03
45.184 0.992
46.094 0.91
47.012 0.918
47.961 0.949
49.042 1.081
50.131 1.089
51.131 1.0
52.02 0.889
52.819 0.799
53.654 0.835
54.524 0.87
55.359 0.835
56.173 0.814
57.084 0.911
58.165 1.081
59.313 1.148
60.43 1.117
61.548 1.118
62.603 1.055
63.556 0.953
64.557 1.001
65.587 1.03
66.696 1.109
67.825 1.129
68.905 1.08
69.943 1.038
70.899 0.956
71.848 0.949
72.906 1.058
74.146 1.24
75.35 1.204
76.495 1.145
77.644 1.149
78.725 1.081
79.791 1.066
80.856 1.065
81.855 0.999
82.9 1.045
84.056 1.156
85.171 1.115
86.235 1.064
87.242 1.007
88.217 0.975
89.152 0.935
90.269 1.117
91.531 1.262
92.734 1.203
93.912 1.178
94.983 1.071
95.995 1.012
96.98 0.985
98.005 1.025
99.063 1.058
100.131 1.068
101.199 1.068
102.169 0.97
103.144 0.975
104.211 1.067
105.31 1.099
106.401 1.091
107.417 1.016
108.33 0.913
109.216 0.886
110.141 0.925
111.133 0.992
112.227 1.094
113.339 1.112
114.45 1.111
115.49 1.04
116.463 0.973
117.414 0.951
118.487 1.073
119.605 1.118
120.795 1.19
121.982 1.187
123.091 1.109
124.158 1.067
125.122 0.964
125.984 0.862
126.841 0.857
127.899 1.058
129.243 1.344
130.536 1.293
131.692 1.156
132.823 1.131
133.782 0.959
134.644 0.862
135.465 0.821
136.253 0.788
137.102 0.849
138.127 1.025
139.038 0.911
139.847 0.809
140.735 0.888
141.741 1.006
142.8 1.059
143.836 1.036
144.832 0.996
145.795 0.963
146.655 0.86
147.461 0.806
148.329 0.868
149.309 0.98
150.477 1.168
151.612 1.135
152.729 1.117
153.787 1.058
154.795 1.008
155.777 0.982
156.706 0.929
157.646 0.94
158.67 1.024
159.753 1.083
160.86 1.107
161.889 1.029
162.856 0.967
163.804 0.948
164.849 1.045
165.994 1.145
167.154 1.16
168.233 1.079
169.146 0.913
170.054 0.908
171.036 0.982
172.094 1.058
173.095 1.001
174.046 0.951
175.012 0.966
175.977 0.965
176.877 0.9
177.722 0.845
178.62 0.898
179.626 1.006
180.708 1.082
181.761 1.053
182.781 1.02
183.762 0.981
184.741 0.979
185.67 0.929
186.515 0.845
187.323 0.808
188.147 0.824
189.1 0.953
190.221 1.121
191.338 1.117
192.419 1.081
193.498 1.079
194.554 1.056
195.566 1.012
196.514 0.948
197.336 0.822
198.08 0.744
198.834 0.754
199.931 1.097
201.097 1.166
202.282 1.185
203.402 1.12
204.49 1.088
205.544 1.054
206.511 0.967
207.334 0.823
208.047 0.713
208.797 0.75
209.655 0.858
210.861 1.206
212.077 1.216
213.227 1.15
214.321 1.094
215.333 1.012
216.317 0.984
217.269 0.952
218.189 0.92
219.094 0.905
219.92 0.826
220.673 0.753
221.467 0.794
222.509 1.042
223.589 1.08
224.754 1.165
225.884 1.13
226.966 1.082
227.978 1.012
228.959 0.981
229.841 0.882
230.619 0.778
231.35 0.731
232.114 0.764
233.146 1.032
234.266 1.12
235.384 1.118
236.489 1.105
237.525 1.036
238.549 1.024
239.531 0.982
240.435 0.904
241.302 0.867
242.215 0.913
243.242 1.027
244.394 1.152
245.503 1.109
246.584 1.081
247.573 0.989
248.469 0.896
249.306 0.837
250.037 0.731
250.707 0.67
251.402 0.695
252.28 0.878
253.467 1.187
254.582 1.115
255.603 1.021
256.542 0.939
257.47 0.928
258.335 0.865
259.129 0.794
259.845 0.716
260.535 0.69
261.322 0.787
262.522 1.2
263.694 1.172
264.813 1.119
265.854 1.041
266.742 0.888
267.554 0.812
268.28 0.726
269.035 0.755
269.867 0.832
270.657 0.79
271.388 0.731
272.126 0.738
272.991 0.865
274.02 1.029
275.075 1.055
276.133 1.058
277.151 1.018
278.132 0.981
279.105 0.973
280.067 0.962
280.985 0.918
281.908 0.923
282.833 0.925
283.788 0.955
284.737 0.949
285.633 0.896
286.386 0.753
287.039 0.653
287.669 0.63
288.338 0.669
289.506 1.168
290.589 1.083
291.602 1.013
292.602 1.0
293.602 1.0
294.544 0.942
295.352 0.808
296.045 0.693
296.704 0.659
297.361 0.657
298.333 0.972
299.405 1.072
300.524 1.119
301.592 1.068
302.646 1.054
303.632 0.986
304.601 0.969
305.521 0.92
306.407 0.886
307.203 0.796
307.921 0.718
308.581 0.66
309.213 0.632
309.838 0.625
310.473 0.635
311.266 0.793
312.493 1.227
313.646 1.153
314.775 1.129
315.904 1.129
316.967 1.063
317.893 0.926
318.771 0.878
319.642 0.871
320.439 0.797
321.16 0.721
321.854 0.694
322.645 0.791
323.701 1.056
324.759 1.058
325.791 1.032
326.82 1.029
327.815 0.995
328.773 0.958
329.679 0.906
330.519 0.84
331.333 0.814
332.073 0.74
332.76 0.687
333.397 0.637
334.033 0.636
334.908 0.875
336.151 1.243
337.273 1.122
338.33 1.057
339.358 1.028
340.329 0.971
341.252 0.923
342.053 0.801
342.832 0.779
343.665 0.833
344.671 1.006
345.698 1.027
346.678 0.98
347.655 0.977
348.619 0.964
349.6 0.981
350.542 0.942
351.443 0.901
352.329 0.886
353.245 0.916
354.217 0.972
355.219 1.002
356.242 1.023
357.283 1.041
358.255 0.972
359.198 0.943
360.166 0.968
361.152 0.986
362.161 1.009
363.19 1.029
364.182 0.992
365.154 0.972
366.063 0.909
366.943 0.88
367.833 0.89
368.812 0.979
369.814 1.002
370.865 1.051
371.907 1.042
372.902 0.995
373.906 1.004
374.919 1.013
375.933 1.014
376.976 1.043
378.0 1.024
379.002 1.002
379.987 0.985
380.936 0.949
381.852 0.916
382.708 0.856
383.552 0.844
384.454 0.902
385.481 1.027
386.57 1.089
387.666 1.096
388.737 1.071
389.775 1.038
390.783 1.008
391.724 0.941
392.656 0.932
393.547 0.891
394.396 0.849
395.225 0.829
396.055 0.83
396.938 0.883
397.896 0.958
398.953 1.057
400.005 1.052
401.046 1.041
402.073 1.027
403.055 0.982
403.998 0.943
404.9 0.902
405.76 0.86
406.583 0.823
407.371 0.788
408.212 0.841
409.084 0.872
410.035 0.951
410.988 0.953
411.865 0.877
412.669 0.804
413.403 0.734
414.101 0.698
414.786 0.685
415.446 0.66
416.111 0.665
416.778 0.667
417.561 0.783
418.623 1.062
419.637 1.014
420.67 1.033
421.701 1.031
422.719 1.018
423.678 0.959
424.626 0.948
425.55 0.924
426.457 0.907
427.325 0.868
428.158 0.833
428.931 0.773
429.691 0.76
430.546 0.855
431.533 0.987
432.608 1.075
433.698 1.09
434.779 1.081
435.82 1.041
436.788 0.968
437.701 0.913
438.497 0.796
439.187 0.69
439.849 0.662
440.547 0.698
441.695 1.148
442.864 1.169
444.008 1.144
445.102 1.094
446.163 1.061
447.196 1.033
448.178 0.982
449.116 0.938
449.913 0.797
450.664 0.751
451.484 0.82
452.487 1.003
453.515 1.028
454.547 1.032
455.572 1.025
456.514 0.942
457.358 0.844
458.079 0.721
458.733 0.654
459.363 0.63
459.986 0.623
460.718 0.732
461.787 1.069
462.775 0.988
463.732 0.957
464.688 0.956
465.631 0.943
466.519 0.888
467.373 0.854
468.167 0.794
468.944 0.777
469.673 0.729
470.362 0.689
471.017 0.655
471.655 0.638
472.274 0.619
472.907 0.633
473.611 0.704
474.831 1.22
475.966 1.135
477.104 1.138
478.203 1.099
479.275 1.072
480.275 1.0
481.242 0.967
482.123 0.881
482.878 0.755
483.563 0.685
484.229 0.666
484.937 0.708
485.853 0.916
486.95 1.097
488.058 1.108
489.092 1.034
490.087 0.995
491.043 0.956
491.935 0.892
492.695 0.76
493.384 0.689
494.013 0.629
494.618 0.605
495.213 0.595
495.81 0.597
496.421 0.611
497.065 0.644
497.848 0.783
498.989 1.141
500.014 1.025
501.014 1.0
501.957 0.943
502.893 0.936
503.835 0.942
504.745 0.91
505.622 0.877
506.514 0.892
507.412 0.898
508.304 0.892
509.206 0.902
510.101 0.895
510.993 0.892
511.856 0.863
512.712 0.856
513.534 0.822
514.382 0.848
515.281 0.899
516.175 0.894
517.07 0.895
518.023 0.953
518.955 0.932
519.878 0.923
520.799 0.921
521.649 0.85
522.415 0.766
523.132 0.717
523.878 0.746
524.755 0.877
525.881 1.126
526.928 1.047
527.865 0.937
528.756 0.891
529.578 0.822
530.413 0.835
531.282 0.869
532.18 0.898
533.076 0.896
534.015 0.939
534.901 0.886
535.781 0.88
536.67 0.889
537.55 0.88
538.418 0.868
539.254 0.836
540.027 0.773
540.758 0.731
541.528 0.77
542.47 0.942
543.565 1.095
544.638 1.073
545.687 1.049
546.726 1.039
547.745 1.019
548.702 0.957
549.624 0.922
550.51 0.886
551.369 0.859
552.243 0.874
553.137 0.894
554.12 0.983
555.113 0.993
556.126 1.013
557.078 0.952
557.985 0.907
558.882 0.897
559.799 0.917
560.729 0.93
561.643 0.914
562.551 0.908
563.428 0.877
564.246 0.818
565.081 0.835
565.957 0.876
566.866 0.909
567.851 0.985
568.884 1.033
569.886 1.002
570.846 0.96
571.758 0.912
572.607 0.849
573.385 0.778
574.161 0.776
575.009 0.848
575.923 0.914
576.896 0.973
577.879 0.983
578.824 0.945
579.689 0.865
580.501 0.812
581.332 0.831
582.206 0.874
583.114 0.908
584.025 0.911
584.957 0.932
585.891 0.934
586.81 0.919
587.701 0.891
588.564 0.863
589.398 0.834
590.197 0.799
591.003 0.806
591.818 0.815
592.653 0.835
593.547 0.894
594.473 0.926
595.372 0.899
596.248 0.876
597.162 0.914
598.152 0.99
599.2 1.048
600.271 1.071
601.334 1.063
602.374 1.04
603.358 0.984
604.278 0.92
605.127 0.849
605.944 0.817
606.76 0.816
607.704 0.944
608.717 1.013
609.758 1.041
610.798 1.04
611.704 0.906
612.527 0.823
613.348 0.821
614.224 0.876
615.098 0.874
615.972 0.874
616.738 0.766