0.000 0.898
0.898 0.898
1.779 0.881
2.656 0.877
3.505 0.849
4.337 0.832
5.187 0.85
6.042 0.855
6.861 0.819
7.696 0.835
8.555 0.859
9.39 0.835
10.234 0.844
11.133 0.899
12.013 0.88
12.871 0.858
13.77 0.899
14.68 0.91
15.607 0.927
16.492 0.885
17.313 0.821
18.108 0.795
18.902 0.794
19.725 0.823
20.568 0.843
21.369 0.801
22.129 0.76
22.906 0.777
23.744 0.838
24.673 0.929
25.605 0.932
26.435 0.83
27.191 0.756
27.925 0.734
28.684 0.759
29.484 0.8
30.378 0.894
31.335 0.957
32.353 1.018
33.27 0.917
34.105 0.835
34.873 0.768
35.635 0.762
36.45 0.815
37.388 0.938
38.416 1.028
39.428 1.012
40.377 0.949
41.224 0.847
42.019 0.795
42.796 0.777
43.617 0.821
44.509 0.892
45.479 0.97
46.468 0.989
47.387 0.919
48.225 0.838
49.015 0.79
49.804 0.789
50.66 0.856
51.582 0.922
52.525 0.943
53.431 0.906
54.282 0.851
55.072 0.79
55.835 0.763
56.63 0.795
57.468 0.838
58.365 0.897
59.298 0.933
60.21 0.912
61.039 0.829
61.831 0.792
62.551 0.72
63.301 0.75
64.086 0.785
65.015 0.929
66.011 0.996
66.972 0.961
67.855 0.883
68.69 0.835
69.517 0.827
70.348 0.831
71.24 0.892
72.155 0.915
73.088 0.933
73.954 0.866
74.765 0.811
75.529 0.764
76.311 0.782
77.125 0.814
78.018 0.893
78.958 0.94
79.882 0.924
80.716 0.834
81.501 0.785
82.261 0.76
83.063 0.802
83.911 0.848
84.832 0.921
85.762 0.93
86.628 0.866
87.44 0.812
88.207 0.767
88.975 0.768
89.804 0.829
90.715 0.911
91.707 0.992
92.709 1.002
93.628 0.919
94.468 0.84
95.255 0.787
96.025 0.77
96.819 0.794
97.697 0.878
98.624 0.927
99.569 0.945
100.463 0.894
101.281 0.818
102.077 0.796
102.863 0.786
103.696 0.833
104.605 0.909
105.548 0.943
106.46 0.912
107.281 0.821
108.056 0.775
108.808 0.752
109.595 0.787
110.456 0.861
111.413 0.957
112.416 1.003
113.406 0.99
114.292 0.886
115.099 0.807
115.889 0.79
116.663 0.774
117.482 0.819
118.384 0.902
119.309 0.925
120.21 0.901
121.024 0.814
121.859 0.835
122.717 0.858
123.618 0.901
124.539 0.921
125.42 0.881
126.253 0.833
127.04 0.787
127.824 0.784
128.665 0.841
129.603 0.938
130.597 0.994
131.578 0.981
132.463 0.885
133.292 0.829
134.124 0.832
134.972 0.848
135.892 0.92
136.851 0.959
137.771 0.92
138.637 0.866
139.514 0.877
140.435 0.921
141.371 0.936
142.3 0.929
143.163 0.863
144.003 0.84
144.868 0.865
145.779 0.911
146.698 0.919
147.665 0.967
148.553 0.888
149.418 0.865
150.31 0.892
151.248 0.938
152.219 0.971
153.168 0.949
154.046 0.878
154.866 0.82
155.684 0.818
156.545 0.861
157.488 0.943
158.465 0.977
159.419 0.954
160.279 0.86
161.137 0.858
161.993 0.856
162.905 0.912
163.856 0.951
164.764 0.908
165.631 0.867
166.468 0.837
167.35 0.882
168.269 0.919
169.232 0.963
170.203 0.971
171.111 0.908
171.949 0.838
172.804 0.855
173.698 0.894
174.63 0.932
175.587 0.957
176.494 0.907
177.344 0.85
178.207 0.863
179.09 0.883
180.055 0.965
181.032 0.977
181.948 0.916
182.816 0.868
183.694 0.878
184.567 0.873
185.464 0.897
186.348 0.884
187.172 0.824
187.982 0.81
188.823 0.841
189.695 0.872
190.595 0.9
191.46 0.865
192.275 0.815
193.097 0.822
193.937 0.84
194.791 0.854
195.639 0.848
196.446 0.807
197.238 0.792
198.052 0.814
198.937 0.885
199.841 0.904
200.734 0.893
201.58 0.846
202.368 0.788
203.124 0.756
203.898 0.774
204.76 0.862
205.691 0.931
206.656 0.965
207.574 0.918
208.401 0.827
209.182 0.781
209.955 0.773
210.761 0.806
211.64 0.879
212.581 0.941
213.554 0.973
214.503 0.949
215.362 0.859
216.176 0.814
216.947 0.771
217.714 0.767
218.519 0.805
219.397 0.878
220.325 0.928
221.266 0.941
222.158 0.892
222.977 0.819
223.783 0.806
224.605 0.822
225.483 0.878
226.417 0.934
227.343 0.926
228.223 0.88
229.036 0.813
229.811 0.775
230.588 0.777
231.41 0.822
232.32 0.91
233.291 0.971
234.246 0.955
235.12 0.874
236.004 0.884
236.897 0.893
237.791 0.894
238.705 0.914
239.573 0.868
240.4 0.827
241.254 0.854
242.144 0.89
243.072 0.928
243.993 0.921
244.848 0.855
245.68 0.832
246.524 0.844
247.396 0.872
248.323 0.927
249.225 0.902
250.075 0.85
250.92 0.845
251.805 0.885
252.735 0.93
253.678 0.943
254.583 0.905
255.418 0.835
256.253 0.835
257.131 0.878
258.074 0.943
259.045 0.971
260.002 0.957
260.887 0.885
261.715 0.828
262.527 0.812
263.367 0.84
264.297 0.93
265.295 0.998
266.307 1.012
267.285 0.978
268.172 0.887
268.988 0.816
269.761 0.773
270.525 0.764
271.36 0.835
272.256 0.896
273.205 0.949
274.153 0.948
275.062 0.909
275.88 0.818
276.638 0.758
277.377 0.739
278.168 0.791
279.023 0.855
279.977 0.954
280.941 0.964
281.891 0.95
282.77 0.879
283.569 0.799
284.342 0.773
285.125 0.783
285.973 0.848
286.869 0.896
287.81 0.941
288.729 0.919
289.587 0.858
290.384 0.797
291.15 0.766
291.951 0.801
292.832 0.881
293.769 0.937
294.723 0.954
295.639 0.916
296.483 0.844
297.279 0.796
298.093 0.814
298.944 0.851
299.839 0.895
300.755 0.916
301.64 0.885
302.482 0.842
303.318 0.836
304.176 0.858
305.105 0.929
306.085 0.98
307.069 0.984
307.989 0.92
308.832 0.843
309.621 0.789
310.419 0.798
311.254 0.835
312.161 0.907
313.128 0.967
314.067 0.939
314.971 0.904
315.798 0.827
316.632 0.834
317.486 0.854
318.361 0.875
319.253 0.892
320.129 0.876
320.959 0.83
321.732 0.773
322.48 0.748
323.207 0.727
323.987 0.78
324.837 0.85
325.814 0.977
326.83 1.016
327.815 0.985
328.76 0.945
329.631 0.871
330.423 0.792
331.198 0.775
331.987 0.789
332.809 0.822
333.681 0.872
334.563 0.882
335.455 0.892
336.307 0.852
337.122 0.815
337.922 0.8
338.75 0.828
339.624 0.874
340.538 0.914
341.465 0.927
342.357 0.892
343.192 0.835
343.964 0.772
344.72 0.756
345.488 0.768
346.269 0.781
347.012 0.743
347.734 0.722
348.5 0.766
349.307 0.807
350.127 0.82
350.92 0.793
351.666 0.746
352.39 0.724
353.127 0.737
353.936 0.809
354.83 0.894
355.772 0.942
356.719 0.947
357.651 0.932
358.527 0.876
359.323 0.796
360.075 0.752
360.817 0.742
361.576 0.759
362.432 0.856
363.377 0.945
364.38 1.003
365.387 1.007
366.36 0.973
367.259 0.899
368.079 0.82
368.849 0.77
369.603 0.754
370.387 0.784
371.248 0.861
372.206 0.958
373.206 1.0
374.198 0.992
375.152 0.954
376.023 0.871
376.825 0.802
377.594 0.769
378.375 0.781
379.224 0.849
380.165 0.941
381.138 0.973
382.117 0.979
383.03 0.913
383.865 0.835
384.676 0.811
385.513 0.837
386.396 0.883
387.334 0.938
388.283 0.949
389.212 0.929
390.075 0.863
390.908 0.833
391.756 0.848
392.656 0.9
393.636 0.98
394.65 1.014
395.657 1.007
396.613 0.956
397.526 0.913
398.443 0.917
399.335 0.892
400.219 0.884
401.045 0.826
401.849 0.804
402.634 0.785
403.457 0.823
404.354 0.897
405.285 0.931
406.202 0.917
407.069 0.867
407.865 0.796
408.643 0.778
409.427 0.784
410.252 0.825
411.125 0.873
412.023 0.898
412.903 0.88
413.741 0.838
414.524 0.783
415.279 0.755
416.041 0.762
416.85 0.809
417.736 0.886
418.684 0.948
419.629 0.945
420.517 0.888
421.319 0.802
422.08 0.761
422.839 0.759
423.636 0.797
424.503 0.867
425.42 0.917
426.356 0.936
427.246 0.89
428.075 0.829
428.857 0.782
429.632 0.775
430.435 0.803
431.293 0.858
432.208 0.915
433.131 0.923
433.998 0.867
434.827 0.829
435.673 0.846
436.527 0.854
437.407 0.88
438.252 0.845
439.079 0.827
439.932 0.853
440.8 0.868
441.684 0.884
442.528 0.844
443.329 0.801
444.088 0.759
444.834 0.746
445.645 0.811
446.551 0.906
447.535 0.984
448.523 0.988
449.482 0.959
450.381 0.899
451.188 0.807
451.978 0.79
452.779 0.801
453.625 0.846
454.524 0.899
455.435 0.911
456.32 0.885
457.159 0.839
457.944 0.785
458.7 0.756
459.457 0.757
460.278 0.821
461.193 0.915
462.161 0.968
463.107 0.946
463.996 0.889
464.824 0.828
465.648 0.824
466.483 0.835
467.339 0.856
468.187 0.848
469.008 0.821
469.813 0.805
470.631 0.818
471.482 0.851
472.377 0.895
473.287 0.91
474.163 0.876
474.972 0.809
475.761 0.789
476.575 0.814
477.443 0.868
478.413 0.97
479.389 0.976
480.314 0.925
481.221 0.907
482.137 0.916
483.07 0.933
484.008 0.938
484.948 0.94
485.832 0.884
486.71 0.878
487.614 0.904
488.546 0.932
489.467 0.921
490.336 0.869
491.207 0.871
492.125 0.918
493.036 0.911
493.946 0.91
494.794 0.848
495.578 0.784
496.343 0.765
497.114 0.771
497.945 0.831
498.856 0.911
499.798 0.942
500.704 0.906
501.543 0.839
502.332 0.789
503.117 0.785
503.922 0.805
504.767 0.845
505.637 0.87
506.493 0.856
507.294 0.801
508.067 0.773
508.853 0.786
509.68 0.827
510.54 0.86
511.412 0.872
512.247 0.835
513.037 0.79
513.808 0.771
514.598 0.79
515.428 0.83
516.293 0.865
517.151 0.858
517.962 0.811
518.719 0.757
519.473 0.754
520.258 0.785
521.106 0.848
521.979 0.873
522.861 0.882
523.702 0.841
524.493 0.791
525.28 0.787
526.087 0.807
526.926 0.839
527.795 0.869
528.657 0.862
529.482 0.825
530.25 0.768
530.999 0.749
531.767 0.768
532.617 0.85
533.525 0.908
534.471 0.946
535.396 0.925
536.246 0.85
537.105 0.859
537.974 0.869
538.871 0.897
539.776 0.905
540.65 0.874
541.496 0.846
542.373 0.877
543.276 0.903
544.226 0.95
545.19 0.964
546.107 0.917
546.993 0.886
547.901 0.908
548.853 0.952
549.828 0.975
550.744 0.916
551.599 0.855
552.485 0.886
553.398 0.913
554.338 0.94
555.263 0.925
556.146 0.883
556.968 0.822
557.798 0.83
558.649 0.851
559.567 0.918
560.513 0.946
561.424 0.911
562.264 0.84
563.103 0.839
563.949 0.846
564.831 0.882
565.732 0.901
566.594 0.862
567.479 0.885
568.377 0.898
569.28 0.903
570.168 0.888
571.012 0.844
571.815 0.803
572.643 0.828
573.527 0.884
574.461 0.934
575.369 0.908
576.224 0.855
577.084 0.86
577.974 0.89
578.874 0.9
579.8 0.926
580.646 0.846
581.434 0.788
582.227 0.793
583.039 0.812
583.883 0.844
584.748 0.865
585.574 0.826
586.363 0.789
587.163 0.8
587.995 0.832
588.862 0.867
589.728 0.866
590.551 0.823
591.328 0.777
592.07 0.742
592.807 0.737
593.598 0.791
594.47 0.872
595.436 0.966
596.432 0.996
597.422 0.99
598.338 0.916
599.132 0.794
599.936 0.804
600.76 0.824
601.627 0.867
602.54 0.913
603.38 0.84
604.169 0.789
604.959 0.79
605.741 0.782
606.547 0.806
607.327 0.78
608.099 0.772
608.886 0.787
609.685 0.799
610.473 0.788
611.226 0.753
611.922 0.696
612.615 0.693
613.326 0.711
614.065 0.739