0.000 2.999
2.999 2.999
3.669 0.67
4.354 0.685
5.74 1.386
6.458 0.718
7.16 0.702
7.864 0.704
8.558 0.694
9.245 0.687
9.905 0.66
10.551 0.646
11.2 0.649
11.858 0.658
12.535 0.677
13.245 0.71
13.958 0.713
14.642 0.684
15.33 0.688
16.03 0.7
16.732 0.702
18.103 1.371
18.762 0.659
19.44 0.678
20.114 0.674
20.81 0.696
21.518 0.708
22.219 0.701
23.587 1.368
24.3 0.713
25.028 0.728
25.777 0.749
26.493 0.716
27.194 0.701
27.926 0.732
28.66 0.734
29.403 0.743
30.144 0.741
30.85 0.706
31.572 0.722
32.276 0.704
32.981 0.705
33.648 0.667
34.297 0.649
34.971 0.674
35.643 0.672
36.328 0.685
37.724 1.396
38.402 0.678
39.088 0.686
39.77 0.682
40.452 0.682
41.133 0.681
41.784 0.651
42.446 0.662
43.121 0.675
44.363 1.242
45.524 1.161
46.089 0.565
46.649 0.56
48.317 1.668
48.876 0.559
49.43 0.554
49.992 0.562
51.113 1.121
51.678 0.565
52.239 0.561
52.566 0.327
52.822 0.256
56.283 3.461
56.854 0.571
57.283 0.429
57.551 0.268
57.846 0.295
58.096 0.25
58.49 0.394
58.796 0.306
59.361 0.565
59.769 0.408
66.999 7.23
67.601 0.602
68.23 0.629
68.842 0.612
69.427 0.585
70.572 1.145
78.999 8.427
80.255 1.256
80.869 0.614
81.464 0.595
82.049 0.585
82.637 0.588
83.235 0.598
83.847 0.612
84.509 0.662
85.191 0.682
85.897 0.706
86.626 0.729
87.362 0.736
88.086 0.724
88.81 0.724
90.217 1.407
90.908 0.691
91.572 0.664
92.222 0.65
92.867 0.645
93.535 0.668
94.199 0.664
94.863 0.664
95.526 0.663
96.176 0.65
96.837 0.661
97.529 0.692
98.228 0.699
98.933 0.705
99.634 0.701
100.324 0.69
100.972 0.648
101.621 0.649
102.29 0.669
102.966 0.676
103.647 0.681
104.313 0.666
104.992 0.679
105.675 0.683
106.363 0.688
107.054 0.691
107.724 0.67
108.379 0.655
109.021 0.642
109.659 0.638
110.333 0.674
111.055 0.722
111.809 0.754
112.568 0.759
113.303 0.735
114.019 0.716
114.747 0.728
115.448 0.701
116.805 1.357
117.48 0.675
118.141 0.661
118.794 0.653
119.482 0.688
120.164 0.682
120.856 0.692
121.544 0.688
122.213 0.669
122.899 0.686
123.616 0.717
124.337 0.721
125.052 0.715
125.745 0.693
126.453 0.708
127.143 0.69
127.828 0.685
128.494 0.666
129.147 0.653
129.795 0.648
130.461 0.666
131.17 0.709
131.945 0.775
132.723 0.778
133.461 0.738
134.193 0.732
134.957 0.764
135.75 0.793
136.549 0.799
137.333 0.784
138.071 0.738
138.78 0.709
139.496 0.716
140.221 0.725
140.944 0.723
141.659 0.715
142.368 0.709
143.052 0.684
143.746 0.694
144.457 0.711
145.171 0.714
145.895 0.724
146.597 0.702
147.287 0.69
148.013 0.726
148.751 0.738
149.485 0.734
150.188 0.703
150.887 0.699
151.609 0.722
152.32 0.711
153.013 0.693
153.722 0.709
154.421 0.699
155.12 0.699
155.786 0.666
156.456 0.67
157.152 0.696
157.867 0.715
158.613 0.746
159.338 0.725
160.042 0.704
160.779 0.737
161.533 0.754
162.318 0.785
163.085 0.767
163.816 0.731
164.551 0.735
165.314 0.763
166.081 0.767
166.848 0.767
167.568 0.72
168.289 0.721
169.048 0.759
169.803 0.755
170.531 0.728
171.228 0.697
171.938 0.71
172.659 0.721
173.378 0.719
174.098 0.72
174.787 0.689
175.477 0.69
176.188 0.711
176.908 0.72
177.627 0.719
178.328 0.701
179.01 0.682
179.703 0.693
180.408 0.705
181.118 0.71
181.831 0.713
182.529 0.698
183.206 0.677
183.879 0.673
184.572 0.693
185.272 0.7
185.983 0.711
186.696 0.713
187.389 0.693
188.063 0.674
188.737 0.674
189.432 0.695
190.132 0.7
190.842 0.71
191.562 0.72
192.245 0.683
192.931 0.686
193.63 0.699
194.331 0.701
195.04 0.709
195.728 0.688
196.41 0.682
197.119 0.709
197.815 0.696
198.335 0.52
199.152 0.817
199.844 0.692
200.542 0.698
201.258 0.716
201.985 0.727
202.702 0.717
203.385 0.683
204.07 0.685
204.762 0.692
205.455 0.693
206.157 0.702
206.863 0.706
207.547 0.684
208.229 0.682
208.937 0.708
209.662 0.725
210.376 0.714
211.087 0.711
211.764 0.677
212.427 0.663
213.114 0.687
213.798 0.684
214.487 0.689
215.191 0.704
215.886 0.695
216.539 0.653
217.177 0.638
217.848 0.671
218.522 0.674
219.226 0.704
219.923 0.697
220.552 0.629
221.307 0.755
222.036 0.729
222.82 0.784
223.644 0.824
224.472 0.828
225.299 0.827
226.106 0.807
226.892 0.786
227.645 0.753
228.367 0.722
229.04 0.673
229.697 0.657
230.36 0.663
231.031 0.671
231.704 0.673
231.978 0.274
232.348 0.37
233.648 1.3
234.284 0.636
234.908 0.624
235.545 0.637
236.188 0.643
236.855 0.667
237.506 0.651
238.167 0.661
238.832 0.665
239.467 0.635
240.114 0.647
240.745 0.631
241.391 0.646
242.027 0.636
242.658 0.631
243.28 0.622
243.894 0.614
244.51 0.616
245.133 0.623
245.765 0.632
246.408 0.643
247.063 0.655
247.704 0.641
248.351 0.647
249.001 0.65
249.256 0.255
249.51 0.254
249.775 0.265
250.517 0.742
251.41 0.893
252.298 0.888
253.172 0.874
254.011 0.839
254.819 0.808
255.54 0.721
256.229 0.689
256.916 0.687
257.601 0.685
258.299 0.698
259.024 0.725
259.743 0.719
260.469 0.726
261.179 0.71
261.856 0.677
262.535 0.679
263.231 0.696
263.944 0.713
264.698 0.754
265.478 0.78
266.22 0.742
266.934 0.714
267.201 0.267
267.672 0.471
268.424 0.752
269.183 0.759
269.937 0.754
270.665 0.728
271.356 0.691
272.041 0.685
272.747 0.706
273.466 0.719
274.214 0.748
274.961 0.747
275.539 0.578
275.861 0.322
276.139 0.278
276.407 0.268
276.79 0.383
277.143 0.353
277.565 0.422
277.817 0.252
278.254 0.437
279.208 0.954
279.955 0.747
280.679 0.724
281.064 0.385
281.375 0.311
281.85 0.475
282.176 0.326
282.625 0.449
283.276 0.651
284.251 0.975
284.998 0.747
285.706 0.708
285.985 0.279
286.313 0.328
286.569 0.256
286.848 0.279
287.791 0.943
288.515 0.724
289.263 0.748
290.029 0.766
290.766 0.737
291.469 0.703
292.16 0.691
292.854 0.694
293.57 0.716
294.292 0.722
295.047 0.755
295.815 0.768
296.549 0.734
297.013 0.464
297.469 0.456
297.96 0.491
298.537 0.577
298.854 0.317
299.38 0.526
300.005 0.625
300.511 0.506
300.845 0.334
301.577 0.732
301.861 0.284
302.131 0.27
302.467 0.336
302.789 0.322
303.095 0.306
304.381 1.286
305.156 0.775
305.96 0.804
306.757 0.797
307.548 0.791
308.332 0.784
309.113 0.781
309.84 0.727
310.185 0.345
310.484 0.299
310.752 0.268
311.004 0.252
311.915 0.911
312.631 0.716
313.37 0.739
313.624 0.254
314.126 0.502
314.899 0.773
315.625 0.726
316.333 0.708
317.055 0.722
317.773 0.718
318.484 0.711
319.175 0.691
319.884 0.709
321.313 1.429
322.001 0.688
322.681 0.68
323.393 0.712
324.139 0.746
324.913 0.774
325.693 0.78
326.452 0.759
327.162 0.71
327.851 0.689
328.544 0.693
329.256 0.712
329.989 0.733
330.743 0.754
331.491 0.748
332.232 0.741
332.933 0.701
333.63 0.697
334.313 0.683
335.007 0.694
335.695 0.688
336.357 0.662
337.034 0.677
337.748 0.714
338.481 0.733
339.236 0.755
339.951 0.715
340.705 0.754
341.429 0.724
342.179 0.75
342.933 0.754
343.696 0.763
344.437 0.741
345.156 0.719
345.879 0.723
346.595 0.716
347.283 0.688
347.98 0.697
348.712 0.732
349.464 0.752
350.233 0.769
351.012 0.779
351.759 0.747
352.461 0.702
353.145 0.684
353.838 0.693
354.549 0.711
355.281 0.732
356.027 0.746
356.749 0.722
357.446 0.697
358.131 0.685
358.831 0.7
359.545 0.714
360.271 0.726
361.005 0.734
361.704 0.699
362.4 0.696
363.137 0.737
363.898 0.761
364.704 0.806
365.428 0.724
366.122 0.694
366.821 0.699
367.536 0.715
368.272 0.736
369.033 0.761
369.76 0.727
370.482 0.722
371.221 0.739
371.999 0.778
372.798 0.799
373.568 0.77
374.305 0.737
375.058 0.753
375.807 0.749
376.518 0.711
377.201 0.683
377.903 0.702
390.993 13.09
392.331 1.338
392.992 0.661
393.656 0.664
394.318 0.662
394.971 0.653
395.625 0.654
396.279 0.654
396.97 0.691
397.714 0.744
400.042 2.328
402.974 2.932
404.378 1.404
405.081 0.703
408.038 2.957
408.74 0.702
417.718 0.725
418.43 0.712
419.136 0.706
419.831 0.695
420.51 0.679
421.195 0.685
421.881 0.686
422.563 0.682
423.247 0.684
423.927 0.68
424.609 0.682
425.295 0.686
425.979 0.684
426.663 0.684
427.347 0.684
428.023 0.676
428.695 0.672
429.351 0.656
430.008 0.657
430.66 0.652
431.313 0.653
431.976 0.663
432.645 0.669
433.319 0.674
433.991 0.672
434.651 0.66
435.313 0.662
435.98 0.667
436.642 0.662
437.301 0.659
437.956 0.655
438.607 0.651
439.256 0.649
439.906 0.65
440.558 0.652
441.214 0.656
441.869 0.655
442.518 0.649
443.158 0.64
443.795 0.637
444.435 0.64
445.086 0.651
445.757 0.671
446.429 0.672
447.101 0.672
447.764 0.663
448.436 0.672
449.088 0.652
449.727 0.639
450.358 0.631
450.995 0.637
451.643 0.648
452.319 0.676
452.999 0.68
453.679 0.68
454.365 0.686
455.042 0.677
455.702 0.66
456.355 0.653
457.023 0.668
457.708 0.685
458.4 0.692
459.101 0.701
459.806 0.705
460.506 0.7
461.183 0.677
461.841 0.658
462.49 0.649
463.146 0.656
463.809 0.663
464.491 0.682
465.187 0.696
465.907 0.72
466.626 0.719
467.32 0.694
467.997 0.677
468.666 0.669
469.35 0.684
470.042 0.692
471.424 1.382
472.107 0.683
472.779 0.672
473.442 0.663
474.123 0.681
474.803 0.68
475.491 0.688
476.189 0.698
476.891 0.702
477.575 0.684
478.244 0.669
478.902 0.658
479.569 0.667
480.248 0.679
480.946 0.698
481.663 0.717
482.38 0.717
483.106 0.726
483.831 0.725
484.55 0.719
485.268 0.718
485.997 0.729
486.722 0.725
487.42 0.698
488.1 0.68
488.771 0.671
489.459 0.688
490.157 0.698
490.866 0.709
491.576 0.71
492.277 0.701
492.972 0.695
493.683 0.711
494.395 0.712
495.118 0.723
495.834 0.716
496.527 0.693
497.235 0.708
497.937 0.702
498.638 0.701
499.322 0.684
499.994 0.672
500.665 0.671
501.359 0.694
502.068 0.709
502.791 0.723
503.52 0.729
504.22 0.7
504.902 0.682
505.6 0.698
506.298 0.698
506.995 0.697
507.686 0.691
508.373 0.687
509.044 0.671
509.698 0.654
510.358 0.66
511.04 0.682
511.739 0.699
512.465 0.726
513.202 0.737
513.914 0.712
514.609 0.695
515.321 0.712
516.036 0.715
516.762 0.726
517.489 0.727
518.193 0.704
518.882 0.689
519.587 0.705
520.3 0.713
521.019 0.719
521.758 0.739
522.475 0.717
523.168 0.693
523.849 0.681
524.54 0.691
525.238 0.698
525.943 0.705
526.654 0.711
527.364 0.71
528.047 0.683
528.717 0.67
529.404 0.687
530.099 0.695
530.815 0.716
531.551 0.736
532.294 0.743
533.015 0.721
533.731 0.716
534.465 0.734
535.199 0.734
535.937 0.738
536.677 0.74
537.39 0.713
538.076 0.686
538.762 0.686
539.453 0.691
540.152 0.699
540.848 0.696
541.558 0.71
542.248 0.69
542.931 0.683
543.629 0.698
544.349 0.72
545.084 0.735
545.855 0.771
546.625 0.77
547.35 0.725
548.052 0.702
548.758 0.706
549.458 0.7
550.16 0.702
550.862 0.702
551.576 0.714
552.259 0.683
552.934 0.675
553.622 0.688
554.336 0.714
555.086 0.75
556.646 1.56
557.388 0.742
558.097 0.709
558.798 0.701
559.511 0.713
560.239 0.728
560.989 0.75
561.739 0.75
562.473 0.734
563.176 0.703
563.869 0.693
564.575 0.706
565.284 0.709
566.01 0.726
566.735 0.725
567.471 0.736
568.191 0.72
568.881 0.69
569.592 0.711
570.319 0.727
571.066 0.747
571.824 0.758
572.585 0.761
573.311 0.726
574.007 0.696
574.692 0.685
575.389 0.697
576.101 0.712
576.84 0.739
577.617 0.777
578.422 0.805
579.216 0.794
579.955 0.739
580.671 0.716
581.404 0.733
582.13 0.726
582.859 0.729
583.589 0.73
584.304 0.715
585.013 0.709
585.738 0.725
586.464 0.726
587.21 0.746
587.939 0.729
588.636 0.697
589.348 0.712
591.505 2.157
592.225 0.72
592.913 0.688
593.63 0.717
594.354 0.724
595.831 1.477
596.53 0.699
597.217 0.687
598.644 1.427
599.356 0.712
600.069 0.713
600.785 0.716
601.487 0.702
602.212 0.725
602.922 0.71
603.609 0.687
604.323 0.714
605.068 0.745
605.847 0.779
606.616 0.769
607.024 0.408
607.396 0.372
608.171 0.775