0.000 0.645
0.645 0.645
1.316 0.671
1.989 0.673
2.679 0.69
3.448 0.769
4.208 0.76
4.91 0.702
5.283 0.373
5.592 0.309
6.261 0.669
6.935 0.674
7.625 0.69
8.325 0.7
8.999 0.674
9.685 0.686
10.367 0.682
11.043 0.676
11.708 0.665
12.401 0.693
13.106 0.705
13.878 0.772
14.692 0.814
15.515 0.823
16.366 0.851
17.206 0.84
17.982 0.776
18.719 0.737
19.419 0.7
20.08 0.661
20.733 0.653
21.371 0.638
22.022 0.651
22.69 0.668
23.359 0.669
24.052 0.693
24.778 0.726
25.514 0.736
26.242 0.728
26.975 0.733
27.722 0.747
28.423 0.701
29.135 0.712
29.824 0.689
30.519 0.695
31.2 0.681
31.859 0.659
32.52 0.661
33.23 0.71
33.963 0.733
34.708 0.745
35.534 0.826
36.343 0.809
37.241 0.898
38.1 0.859
38.953 0.853
39.794 0.841
40.625 0.831
41.374 0.749
42.106 0.732
42.837 0.731
43.594 0.757
44.355 0.761
45.152 0.797
45.933 0.781
46.777 0.844
47.617 0.84
48.43 0.813
49.218 0.788
50.007 0.789
50.786 0.779
51.548 0.762
52.324 0.776
53.108 0.784
53.888 0.78
54.626 0.738
55.31 0.684
55.981 0.671
56.625 0.644
57.306 0.681
57.987 0.681
58.684 0.697
59.485 0.801
60.356 0.871
61.263 0.907
62.094 0.831
62.87 0.776
63.596 0.726
64.291 0.695
64.963 0.672
65.61 0.647
66.234 0.624
66.836 0.602
67.434 0.598
68.014 0.58
68.589 0.575
69.202 0.613
69.882 0.68
70.545 0.663
71.242 0.697
72.024 0.782
72.955 0.931
73.961 1.006
74.916 0.955
75.852 0.936
76.736 0.884
77.559 0.823
78.314 0.755
79.016 0.702
79.703 0.687
80.431 0.728
81.224 0.793
82.063 0.839
82.922 0.859
83.747 0.825
84.604 0.857
85.485 0.881
86.36 0.875
87.205 0.845
88.015 0.81
88.753 0.738
89.492 0.739
90.225 0.733
91.079 0.854
92.063 0.984
93.036 0.973
93.973 0.937
94.875 0.902
95.736 0.861
96.519 0.783
97.304 0.785
98.087 0.783
98.869 0.782
99.617 0.748
100.317 0.7
101.012 0.695
101.736 0.724
102.503 0.767
103.299 0.796
104.131 0.832
104.886 0.755
105.648 0.762
106.407 0.759
107.136 0.729
107.853 0.717
108.603 0.75
109.357 0.754
110.112 0.755
110.824 0.712
111.546 0.722
112.282 0.736
113.014 0.732
113.765 0.751
114.552 0.787
115.392 0.84
116.165 0.773
116.964 0.799
117.739 0.775
118.502 0.763
119.252 0.75
119.959 0.707
120.681 0.722
121.397 0.716
122.096 0.699
122.765 0.669
123.45 0.685
124.142 0.692
124.827 0.685
125.545 0.718
126.285 0.74
127.048 0.763
127.864 0.816
128.664 0.8
129.459 0.795
130.243 0.784
131.007 0.764
131.748 0.741
132.488 0.74
133.234 0.746
133.964 0.73
134.72 0.756
135.483 0.763
136.274 0.791
137.027 0.753
137.79 0.763
138.546 0.756
139.341 0.795
140.185 0.844
141.02 0.835
141.809 0.789
142.57 0.761
143.313 0.743
144.055 0.742
144.796 0.741
145.514 0.718
146.264 0.75
147.018 0.754
147.825 0.807
148.685 0.86
149.516 0.831
150.32 0.804
151.148 0.828
151.945 0.797
152.727 0.782
153.547 0.82
154.374 0.827
155.158 0.784
155.967 0.809
156.817 0.85
157.646 0.829
158.463 0.817
159.317 0.854
160.144 0.827
160.882 0.738
161.593 0.711
162.317 0.724
163.079 0.762
163.866 0.787
164.678 0.812
165.469 0.791
166.257 0.788
167.059 0.802
167.857 0.798
168.615 0.758
169.35 0.735
170.083 0.733
170.808 0.725
171.545 0.737
172.291 0.746
173.147 0.856
174.062 0.915
174.911 0.849
175.706 0.795
176.5 0.794
177.302 0.802
178.059 0.757
178.77 0.711
179.471 0.701
180.238 0.767
180.99 0.752
181.779 0.789
182.596 0.817
183.373 0.777
184.174 0.801
184.966 0.792
185.775 0.809
186.579 0.804
187.389 0.81
188.187 0.798
188.982 0.795
189.762 0.78
190.537 0.775
191.264 0.727
191.98 0.716
192.687 0.707
193.415 0.728
194.186 0.771
194.964 0.778
195.74 0.776
196.491 0.751
197.214 0.723
197.89 0.676
198.563 0.673
199.223 0.66
199.906 0.683
200.63 0.724
201.411 0.781
202.261 0.85
203.109 0.848
203.899 0.79
204.698 0.799
205.516 0.818
206.33 0.814
207.109 0.779
207.891 0.782
208.669 0.778
209.467 0.798
210.256 0.789
211.017 0.761
211.749 0.732
212.489 0.74
213.243 0.754
214.047 0.804
214.91 0.863
215.846 0.936
216.743 0.897
217.641 0.898
218.52 0.879
219.388 0.868
220.213 0.825
221.032 0.819
221.848 0.816
222.651 0.803
223.426 0.775
224.201 0.775
224.966 0.765
225.782 0.816
226.555 0.773
227.362 0.807
228.168 0.806
229.007 0.839
229.829 0.822
230.634 0.805
231.448 0.814
232.234 0.786
233.028 0.794
233.799 0.771
234.551 0.752
235.3 0.749
235.992 0.692
236.689 0.697
237.382 0.693
238.083 0.701
238.838 0.755
239.619 0.781
240.381 0.762
241.157 0.776
241.912 0.755
242.642 0.73
243.363 0.721
244.08 0.717
244.803 0.723
245.531 0.728
246.267 0.736
246.971 0.704
247.671 0.7
248.388 0.717
249.092 0.704
249.824 0.732
250.524 0.7
251.202 0.678
251.859 0.657
252.509 0.65
253.168 0.659
253.846 0.678
254.546 0.7
255.244 0.698
255.971 0.727
256.726 0.755
257.487 0.761
258.222 0.735
258.941 0.719
259.652 0.711
260.338 0.686
261.029 0.691
261.705 0.676
262.403 0.698
263.117 0.714
263.858 0.741
264.588 0.73
265.302 0.714
266.0 0.698
266.707 0.707
267.426 0.719
268.133 0.707
268.85 0.717
269.556 0.706
270.263 0.707
270.966 0.703
271.647 0.681
272.333 0.686
273.003 0.67
273.678 0.675
274.383 0.705
275.078 0.695
275.783 0.705
276.517 0.734
277.27 0.753
278.019 0.749
278.749 0.73
279.489 0.74
280.238 0.749
280.998 0.76
281.731 0.733
282.46 0.729
283.186 0.726
283.918 0.732
284.617 0.699
285.324 0.707
286.045 0.721
286.785 0.74
287.515 0.73
288.257 0.742
289.006 0.749
289.723 0.717
290.423 0.7
291.139 0.716
291.857 0.718
292.584 0.727
293.323 0.739
294.091 0.768
294.85 0.759
295.568 0.718
296.272 0.704
297.006 0.734
297.741 0.735
298.471 0.73
299.232 0.761
300.009 0.777
300.758 0.749
301.469 0.711
302.172 0.703
302.857 0.685
303.367 0.51
303.701 0.334
304.218 0.517
304.895 0.677
305.588 0.693
306.294 0.706
306.996 0.702
307.675 0.679
308.351 0.676
309.028 0.677
309.689 0.661
310.333 0.644
310.957 0.624
311.567 0.61
312.179 0.612
312.817 0.638
313.499 0.682
314.226 0.727
314.967 0.741
315.686 0.719
316.422 0.736
317.168 0.746
317.922 0.754
318.661 0.739
319.405 0.744
320.157 0.752
320.906 0.749
321.649 0.743
329.995 8.346
330.737 0.742
331.455 0.718
332.174 0.719
332.87 0.696
333.565 0.695
334.243 0.678
334.881 0.638
335.555 0.674
336.31 0.755
337.072 0.762
337.8 0.728
338.558 0.758
339.343 0.785
340.117 0.774
340.895 0.778
341.647 0.752
342.392 0.745
343.101 0.709
343.822 0.721
344.52 0.698
345.198 0.678
345.871 0.673
346.551 0.68
347.213 0.662
347.886 0.673
348.582 0.696
349.327 0.745
350.083 0.756
350.848 0.765
351.553 0.705
352.258 0.705
352.965 0.707
353.701 0.736
354.439 0.738
355.172 0.733
355.895 0.723
356.626 0.731
357.334 0.708
358.019 0.685
358.732 0.713
359.493 0.761
360.309 0.816
361.137 0.828
361.892 0.755
362.681 0.789
363.508 0.827
364.317 0.809
365.141 0.824
365.926 0.785
366.699 0.773
367.496 0.797
368.223 0.727
368.918 0.695
369.628 0.71
370.433 0.805
371.249 0.816
372.095 0.846
372.929 0.834
373.684 0.755
374.442 0.758
375.208 0.766
375.967 0.759
376.835 0.868
377.693 0.858
378.613 0.92
379.56 0.947
380.468 0.908
381.393 0.925
382.288 0.895
383.093 0.805
383.929 0.836
384.799 0.87
385.631 0.832
386.437 0.806
387.194 0.757
387.949 0.755
388.939 0.99
389.881 0.942
390.851 0.97
391.788 0.937
392.645 0.857
393.453 0.808
394.321 0.868
395.204 0.883
396.1 0.896
397.104 1.004
398.114 1.01
399.126 1.012
399.991 0.865
400.873 0.882
401.702 0.829
402.509 0.807
403.312 0.803
404.365 1.053
405.347 0.982
406.419 1.072
407.429 1.01
408.41 0.981
409.447 1.037
410.396 0.949
411.23 0.834
412.065 0.835
412.953 0.888
413.887 0.934
414.842 0.955
415.898 1.056
416.842 0.944
417.823 0.981
418.661 0.838
419.46 0.799
420.255 0.795
421.049 0.794
421.8 0.751
422.555 0.755
423.366 0.811
424.515 1.149
425.589 1.074
426.64 1.051
427.557 0.917
428.365 0.808
429.117 0.752
429.85 0.733
430.635 0.785
431.538 0.903
432.79 1.252
433.891 1.101
434.94 1.049
435.981 1.041
436.981 1.0
437.86 0.879
438.767 0.907
439.716 0.949
440.643 0.927
441.572 0.929
442.496 0.924
443.368 0.872
444.305 0.937
445.271 0.966
446.161 0.89
447.022 0.861
447.829 0.807
448.625 0.796
449.426 0.801
450.209 0.783
451.024 0.815
451.865 0.841
452.65 0.785
453.459 0.809
454.281 0.822
455.136 0.855
456.006 0.87
456.782 0.776
457.55 0.768
458.326 0.776
459.084 0.758
459.858 0.774
460.64 0.782
461.437 0.797
462.162 0.725
462.85 0.688
463.541 0.691
464.276 0.735
465.073 0.797
465.889 0.816
466.737 0.848
467.649 0.912
468.587 0.938
469.519 0.932
470.418 0.899
471.306 0.888
472.125 0.819
472.952 0.827
473.784 0.832
474.589 0.805
475.355 0.766
476.065 0.71
476.832 0.767
477.658 0.826
478.477 0.819
479.279 0.802
480.033 0.754
480.772 0.739
481.521 0.749
482.291 0.77
483.125 0.834
483.961 0.836
484.744 0.783
485.517 0.773
486.242 0.725
487.026 0.784
487.847 0.821
488.668 0.821
489.551 0.883
490.502 0.951
491.346 0.844
492.167 0.821
492.969 0.802
493.799 0.83
494.574 0.775
495.456 0.882
496.397 0.941
497.385 0.988
498.198 0.813
498.968 0.77
499.762 0.794
500.597 0.835
501.401 0.804
502.204 0.803
503.019 0.815
503.8 0.781
504.561 0.761
511.305 0.313
511.958 0.653
512.677 0.719
513.38 0.703
514.083 0.703
514.787 0.704
515.504 0.717
516.207 0.703
516.932 0.725
517.691 0.759
518.502 0.811
519.33 0.828
520.165 0.835
520.916 0.751
521.697 0.781
522.468 0.771
523.229 0.761
523.952 0.723
524.679 0.727
525.519 0.84
526.368 0.849
527.347 0.979
528.342 0.995
528.643 0.301
528.895 0.252
529.169 0.274
529.422 0.253