0.000 0.928
0.928 0.928
1.794 0.866
2.698 0.904
3.602 0.904
4.498 0.896
5.341 0.843
6.271 0.93
7.191 0.92
8.014 0.823
8.881 0.867
9.768 0.887
10.655 0.887
11.457 0.802
12.311 0.854
13.237 0.926
14.073 0.836
14.894 0.821
15.78 0.886
16.627 0.847
17.471 0.844
18.368 0.897
19.241 0.873
20.018 0.777
20.764 0.746
21.631 0.867
22.416 0.785
23.254 0.838
24.096 0.842
24.902 0.806
25.66 0.758
26.358 0.698
26.609 0.251
27.029 0.42
27.379 0.35
27.676 0.297
28.084 0.408
28.976 0.892
29.63 0.654
30.288 0.658
30.989 0.701
31.743 0.754
32.503 0.76
33.271 0.768
34.034 0.763
34.771 0.737
35.517 0.746
36.248 0.731
36.997 0.749
37.722 0.725
38.492 0.77
39.35 0.858
40.272 0.922
41.326 1.054
42.345 1.019
43.329 0.984
44.304 0.975
45.195 0.891
45.974 0.779
46.683 0.709
47.366 0.683
48.039 0.673
48.7 0.661
49.4 0.7
50.122 0.722
50.818 0.696
51.539 0.721
52.287 0.748
53.009 0.722
53.712 0.703
54.407 0.695
55.1 0.693
55.781 0.681
56.456 0.675
57.129 0.673
57.798 0.669
58.456 0.658
59.093 0.637
59.717 0.624
60.338 0.621
60.954 0.616
61.575 0.621
62.2 0.625
62.818 0.618
63.445 0.627
64.077 0.632
64.693 0.616
65.314 0.621
65.941 0.627
66.585 0.644
67.219 0.634
67.845 0.626
68.465 0.62
69.078 0.613
69.679 0.601
70.27 0.591
70.858 0.588
71.44 0.582
72.025 0.585
72.614 0.589
73.207 0.593
73.812 0.605
74.425 0.613
75.064 0.639
75.705 0.641
76.357 0.652
77.0 0.643
77.637 0.637
78.267 0.63
78.885 0.618
79.493 0.608
80.091 0.598
80.675 0.584
81.253 0.578
81.825 0.572
82.393 0.568
82.957 0.564
83.523 0.566
84.097 0.574
84.677 0.58
85.275 0.598
85.925 0.65
86.598 0.673
87.261 0.663
87.908 0.647
88.538 0.63
89.173 0.635
89.841 0.668
90.524 0.683
91.191 0.667
91.853 0.662
92.513 0.66
93.173 0.66
93.858 0.685
94.534 0.676
95.209 0.675
95.88 0.671
96.563 0.683
97.299 0.736
98.088 0.789
98.951 0.863
99.832 0.881
100.636 0.804
101.43 0.794
102.179 0.749
102.887 0.708
103.622 0.735
104.337 0.715
105.087 0.75
105.958 0.871
106.882 0.924
107.691 0.809
108.564 0.873
109.443 0.879
110.284 0.841
111.156 0.872
111.989 0.833
112.882 0.893
113.661 0.779
114.424 0.763
115.161 0.737
115.902 0.741
116.678 0.776
117.641 0.963
118.858 1.217
119.72 0.862
120.553 0.833
121.338 0.785
122.117 0.779
122.879 0.762
123.676 0.797
124.443 0.767
125.236 0.793
126.045 0.809
126.845 0.8
127.649 0.804
128.47 0.821
129.254 0.784
130.08 0.826
130.941 0.861
131.793 0.852
132.654 0.861
133.552 0.898
134.406 0.854
135.254 0.848
136.128 0.874
136.958 0.83
137.79 0.832
138.593 0.803
139.35 0.757
140.071 0.721
140.799 0.728
141.529 0.73
142.29 0.761
143.049 0.759
143.809 0.76
144.597 0.788
145.421 0.824
146.22 0.799
147.063 0.843
147.947 0.884
148.795 0.848
149.585 0.79
150.424 0.839
151.34 0.916
152.284 0.944
153.143 0.859
153.985 0.842
154.855 0.87
155.662 0.807
156.519 0.857
157.385 0.866
158.245 0.86
159.056 0.811
159.882 0.826
160.661 0.779
161.427 0.766
162.207 0.78
163.002 0.795
163.791 0.789
164.605 0.814
165.461 0.856
166.25 0.789
167.059 0.809
167.869 0.81
168.649 0.78
169.428 0.779
170.224 0.796
170.995 0.771
171.77 0.775
172.578 0.808
173.368 0.79
174.143 0.775
174.97 0.827
175.825 0.855
176.634 0.809
177.485 0.851
178.299 0.814
179.046 0.747
179.758 0.712
180.497 0.739
181.193 0.696
181.851 0.658
182.496 0.645
183.16 0.664
183.969 0.809
184.801 0.832
185.546 0.745
186.254 0.708
186.996 0.742
187.78 0.784
188.602 0.822
189.436 0.834
190.363 0.927
191.34 0.977
192.288 0.948
193.101 0.813
193.885 0.784
194.637 0.752
195.375 0.738
196.231 0.856
197.162 0.931
198.047 0.885
199.077 1.03
200.215 1.138
201.317 1.102
202.318 1.001
203.268 0.95
204.209 0.941
205.131 0.922
205.982 0.851
206.846 0.864
207.731 0.885
208.619 0.888
209.549 0.93
210.427 0.878
211.26 0.833
212.159 0.899
213.052 0.893
213.831 0.779
214.592 0.761
215.358 0.766
216.221 0.863
217.083 0.862
217.874 0.791
218.731 0.857
219.606 0.875
220.515 0.909
221.367 0.852
222.239 0.872
223.151 0.912
224.006 0.855
224.842 0.836
225.714 0.872
226.538 0.824
227.309 0.771
228.051 0.742
228.83 0.779
229.636 0.806
230.385 0.749
231.147 0.762
231.916 0.769
232.698 0.782
233.453 0.755
234.204 0.751
234.999 0.795
235.876 0.877
236.7 0.824
237.643 0.943
238.562 0.919
239.444 0.882
240.358 0.914
241.233 0.875
242.167 0.934
243.144 0.977
244.076 0.932
244.976 0.9
245.843 0.867
246.663 0.82
247.506 0.843
248.343 0.837
249.162 0.819
250.046 0.884
250.96 0.914
251.839 0.879
252.744 0.905
253.641 0.897
254.585 0.944
255.533 0.948
256.399 0.866
257.204 0.805
258.026 0.822
258.882 0.856
259.7 0.818
260.578 0.878
261.49 0.912
262.351 0.861
263.221 0.87
264.116 0.895
264.991 0.875
265.813 0.822
266.664 0.851
267.541 0.877
268.381 0.84
269.252 0.871
270.168 0.916
271.089 0.921
271.893 0.804
272.684 0.791
273.466 0.782
274.272 0.806
275.04 0.768
275.809 0.769
276.582 0.773
277.38 0.798
278.156 0.776
279.001 0.845
279.91 0.909
280.709 0.799
281.52 0.811
282.292 0.772
283.025 0.733
283.734 0.709
284.43 0.696
285.143 0.713
285.874 0.731
286.63 0.756
287.422 0.792
288.29 0.868
289.188 0.898
290.152 0.964
291.121 0.969
292.061 0.94
292.96 0.899
293.825 0.865
294.637 0.812
295.486 0.849
296.315 0.829
297.082 0.767
297.844 0.762
298.574 0.73
299.311 0.737
300.074 0.763
300.89 0.816
301.693 0.803
302.516 0.823
303.379 0.863
304.18 0.801
305.016 0.836
305.799 0.783
306.563 0.764
307.322 0.759
308.065 0.743
308.794 0.729
309.551 0.757
310.313 0.762
311.087 0.774
311.85 0.763
312.666 0.816
313.502 0.836
314.322 0.82
315.176 0.854
316.04 0.864
316.837 0.797
317.641 0.804
318.42 0.779
319.175 0.755
319.919 0.744
320.694 0.775
321.46 0.766
322.209 0.749
322.974 0.765
323.748 0.774
324.537 0.789
325.3 0.763
326.086 0.786
326.873 0.787
327.634 0.761
328.413 0.779
329.183 0.77
329.935 0.752
330.694 0.759
331.447 0.753
332.214 0.767
332.945 0.731
333.709 0.764
334.494 0.785
335.274 0.78
336.062 0.788
336.877 0.815
337.71 0.833
338.498 0.788
339.318 0.82
340.138 0.82
340.914 0.776
341.699 0.785
342.501 0.802
343.305 0.804
344.068 0.763
344.855 0.787
345.645 0.79
346.431 0.786
347.196 0.765
347.999 0.803
348.754 0.755
349.498 0.744
350.206 0.708
350.903 0.697
351.564 0.661
352.206 0.642
352.871 0.665
353.593 0.722
354.305 0.712
355.078 0.773
355.891 0.813
356.688 0.797
357.585 0.897
358.48 0.895
359.364 0.884
360.273 0.909
361.089 0.816
361.941 0.852
362.802 0.861
363.612 0.81
364.418 0.806
365.262 0.844
366.123 0.861
366.948 0.825
367.826 0.878
368.68 0.854
369.513 0.833
370.426 0.913
371.325 0.899
372.189 0.864
373.086 0.897
373.959 0.873
374.779 0.82
375.644 0.865
376.543 0.899
377.403 0.86
378.315 0.912
379.217 0.902
380.091 0.874
380.998 0.907
381.838 0.84
382.644 0.806
383.477 0.833
384.312 0.835
385.119 0.807
385.969 0.85
386.817 0.848
387.668 0.851
388.584 0.916
389.494 0.91
390.354 0.86
391.238 0.884
392.13 0.892
392.951 0.821
393.8 0.849
394.702 0.902
395.541 0.839
396.438 0.897
397.383 0.945
398.282 0.899
399.227 0.945
400.225 0.998
401.101 0.876
401.995 0.894
402.857 0.862
403.666 0.809
404.511 0.845
405.366 0.855
406.21 0.844
407.044 0.834
407.921 0.877
408.798 0.877
409.608 0.81
410.462 0.854
411.306 0.844
412.109 0.803
412.96 0.851
413.859 0.899
414.708 0.849
415.605 0.897
416.517 0.912
417.344 0.827
418.192 0.848
419.063 0.871
419.916 0.853
420.717 0.801
421.568 0.851
422.405 0.837
423.221 0.816
424.069 0.848
424.908 0.839
425.719 0.811
426.538 0.819
427.364 0.826
428.16 0.796
428.96 0.8
429.785 0.825
430.587 0.802
431.358 0.771
432.151 0.793
432.955 0.804
433.724 0.769
434.512 0.788
435.314 0.802
436.086 0.772
436.862 0.776
437.666 0.804
438.476 0.81
439.25 0.774
440.059 0.809
440.881 0.822
441.693 0.812
442.532 0.839
443.415 0.883
444.273 0.858
445.101 0.828
445.96 0.859
446.805 0.845
447.589 0.784
448.329 0.74
449.076 0.747
449.848 0.772
450.675 0.827
451.519 0.844
452.331 0.812
453.205 0.874
454.096 0.891
454.937 0.841
455.786 0.849
456.646 0.86
457.457 0.811
458.231 0.774
459.038 0.807
459.861 0.823
460.678 0.817
461.474 0.796
462.306 0.832
463.182 0.876
464.015 0.833
464.861 0.846
465.717 0.856
466.552 0.835
467.341 0.789
468.146 0.805
468.931 0.785
469.692 0.761
470.46 0.768
471.236 0.776
471.989 0.753
472.762 0.773
473.599 0.837
474.449 0.85
475.276 0.827
476.121 0.845
477.021 0.9
477.927 0.906
478.775 0.848
479.633 0.858
480.483 0.85
481.26 0.777
482.092 0.832
482.932 0.84
483.768 0.836
484.711 0.943
485.653 0.942
486.577 0.924
487.387 0.81
488.225 0.838
489.089 0.864
489.917 0.828
490.783 0.866
491.711 0.928
492.581 0.87
493.49 0.909
494.395 0.905
495.266 0.871
496.181 0.915
497.06 0.879
497.913 0.853
498.822 0.909
499.731 0.909
500.554 0.823
501.385 0.831
502.222 0.837
503.043 0.821
503.868 0.825
504.769 0.901
505.675 0.906
506.525 0.85
507.419 0.894
508.342 0.923
509.191 0.849
510.05 0.859
510.956 0.906
511.826 0.87
512.712 0.886
513.646 0.934
514.496 0.85
515.354 0.858
516.237 0.883
517.086 0.849
517.956 0.87
518.934 0.978
519.95 1.016
520.868 0.918
521.773 0.905
522.664 0.891
523.471 0.807
524.335 0.864
525.222 0.887
526.055 0.833
526.929 0.874
527.745 0.816
528.555 0.81
529.38 0.825
530.229 0.849
531.035 0.806
531.862 0.827
532.66 0.798
533.433 0.773
534.249 0.816
535.083 0.834
535.88 0.797
536.744 0.864
537.662 0.918
538.497 0.835
539.382 0.885
540.299 0.917
541.137 0.838
541.98 0.843
542.863 0.883
543.694 0.831
544.527 0.833
545.402 0.875
546.225 0.823
547.068 0.843
547.976 0.908
548.812 0.836
549.611 0.799
550.394 0.783
551.121 0.727
551.824 0.703
552.542 0.718
553.272 0.73
554.055 0.783
554.89 0.835
555.714 0.824
556.547 0.833
557.415 0.868
558.218 0.803
559.03 0.812
559.885 0.855
560.725 0.84
561.543 0.818
562.441 0.898
563.34 0.899
564.171 0.831
565.059 0.888
565.967 0.908
566.812 0.845
567.709 0.897
568.682 0.973
569.554 0.872
570.383 0.829
571.264 0.881
572.149 0.885
573.013 0.864
573.977 0.964
574.886 0.909
575.817 0.931
576.78 0.963
577.645 0.865
578.551 0.906
579.483 0.932
580.332 0.849
581.263 0.931
582.229 0.966
583.102 0.873
583.99 0.888
584.901 0.911
585.808 0.907
586.648 0.84
587.551 0.903
588.48 0.929
589.341 0.861
590.234 0.893
591.1 0.866
591.952 0.852
592.783 0.831
593.69 0.907
594.646 0.956
595.521 0.875
596.434 0.913
597.345 0.911
598.188 0.843
599.072 0.884
599.99 0.918
600.872 0.882
601.784 0.912
602.718 0.934
603.597 0.879
604.489 0.892
605.451 0.962
606.352 0.901
607.259 0.907
608.158 0.899
608.967 0.809
609.78 0.813
610.724 0.944
611.786 1.062
612.827 1.041
613.839 1.012
614.712 0.873
615.586 0.874
616.441 0.855
617.236 0.795
618.041 0.805
618.861 0.82
619.692 0.831
620.705 1.013
621.746 1.041
622.846 1.1