0.000 0.918
0.918 0.918
1.783 0.865
2.647 0.864
3.6 0.953
4.492 0.892
5.358 0.866
6.296 0.938
7.42 1.124
8.343 0.923
9.251 0.908
10.098 0.847
10.903 0.805
11.882 0.979
12.78 0.898
13.821 1.041
15.027 1.206
16.115 1.088
17.284 1.169
18.385 1.101
19.506 1.121
20.629 1.123
21.771 1.142
22.915 1.144
23.964 1.049
25.096 1.132
26.244 1.148
27.252 1.008
28.348 1.096
29.424 1.076
30.486 1.062
31.549 1.063
32.521 0.972
33.543 1.022
34.583 1.04
35.542 0.959
36.584 1.042
37.749 1.165
38.769 1.02
39.752 0.983
40.757 1.005
41.691 0.934
42.666 0.975
43.714 1.048
44.681 0.967
45.682 1.001
46.708 1.026
47.686 0.978
48.68 0.994
49.677 0.997
50.773 1.096
51.784 1.011
52.739 0.955
53.739 1.0
54.758 1.019
55.726 0.968
56.805 1.079
64.006 1.007
64.967 0.961
66.04 1.073
67.001 0.961
68.029 1.028
69.072 1.043
70.029 0.957
71.032 1.003
72.015 0.983
73.019 1.004
74.074 1.055
75.017 0.943
76.071 1.054
77.071 1.0
78.113 1.042
79.165 1.052
80.117 0.952
81.091 0.974
81.974 0.883
82.798 0.824
83.714 0.916
84.775 1.061
85.72 0.945
86.722 1.002
87.704 0.982
88.598 0.894
89.548 0.95
90.419 0.871
91.39 0.971
92.278 0.888
93.121 0.843
94.105 0.984
95.119 1.014
96.106 0.987
97.154 1.048
98.098 0.944
99.051 0.953
100.01 0.959
100.941 0.931
102.038 1.097
103.061 1.023
104.078 1.017
105.186 1.108
106.148 0.962
107.157 1.009
108.194 1.037
109.108 0.914
110.069 0.961
111.021 0.952
111.907 0.886
112.891 0.984
113.793 0.902
114.79 0.997
115.707 0.917
116.621 0.914
117.464 0.843
118.335 0.871
119.154 0.819
120.095 0.941
121.067 0.972
122.044 0.977
122.915 0.871
123.723 0.808
124.535 0.812
125.441 0.906
126.393 0.952
127.262 0.869
128.163 0.901
129.086 0.923
129.944 0.858
130.868 0.924
131.755 0.887
132.566 0.811
133.419 0.853
134.239 0.82
134.989 0.75
135.734 0.745
136.481 0.747
137.219 0.738
137.939 0.72
138.691 0.752
139.506 0.815
140.282 0.776
141.047 0.765
141.81 0.763
142.575 0.765
143.292 0.717
144.029 0.737
144.775 0.746
145.555 0.78
146.453 0.898
147.312 0.859
148.286 0.974
149.254 0.968
150.079 0.825
150.956 0.877
151.929 0.973
152.804 0.875
153.663 0.859
154.645 0.982
155.537 0.892
156.46 0.923
157.474 1.014
158.395 0.921
159.255 0.86
160.235 0.98
161.165 0.93
162.058 0.893
163.22 1.162
164.236 1.016
165.109 0.873
165.926 0.817
166.683 0.757
167.991 1.308
169.186 1.195
170.293 1.107
171.453 1.16
172.537 1.084
173.618 1.081
174.673 1.055
175.617 0.944
176.665 1.048
177.737 1.072
178.743 1.006
179.787 1.044
180.8 1.013
181.891 1.091
182.984 1.093
184.041 1.057
185.075 1.034
186.09 1.015
187.167 1.077
188.178 1.011
189.056 0.878
189.95 0.894
191.062 1.112
192.143 1.081
193.231 1.088
194.189 0.958
194.998 0.809
195.753 0.755
196.589 0.836
197.495 0.906
198.358 0.863
199.316 0.958
200.336 1.02
201.264 0.928
202.216 0.952
203.223 1.007
204.113 0.89
205.236 1.123
206.35 1.114
207.282 0.932
208.197 0.915
209.181 0.984
210.119 0.938
211.068 0.949
212.245 1.177
213.217 0.972
214.227 1.01
215.096 0.869
216.006 0.91
217.012 1.006
217.896 0.884
218.835 0.939
219.915 1.08
220.906 0.991
221.803 0.897
222.732 0.929
223.698 0.966
224.527 0.829
225.432 0.905
226.386 0.954
227.27 0.884
228.254 0.984
229.352 1.098
230.4 1.048
231.494 1.094
232.467 0.973
233.404 0.937
234.375 0.971
235.272 0.897
236.155 0.883
237.09 0.935
238.099 1.009
239.146 1.047
240.077 0.931
241.022 0.945
242.023 1.001
242.95 0.927
243.906 0.956
244.994 1.088
245.989 0.995
247.025 1.036
248.097 1.072
249.073 0.976
249.951 0.878
250.83 0.879
251.781 0.951
252.819 1.038
253.728 0.909
254.69 0.962
255.791 1.101
256.839 1.048
257.927 1.088
258.926 0.999
259.8 0.874
260.574 0.774
261.474 0.9
262.284 0.81
263.174 0.89
264.213 1.039
265.064 0.851
265.875 0.811
266.702 0.827
267.591 0.889
268.447 0.856
269.317 0.87
270.253 0.936
271.087 0.834
271.947 0.86
272.831 0.884
273.651 0.82
274.448 0.797
275.368 0.92
276.271 0.903
277.322 1.051
278.275 0.953
279.186 0.911
280.309 1.123
281.269 0.96
282.276 1.007
283.359 1.083
284.256 0.897
285.199 0.943
286.147 0.948
286.987 0.84
287.923 0.936
288.883 0.96
289.722 0.839
290.725 1.003
291.801 1.076
292.805 1.004
293.729 0.924
294.657 0.928
295.571 0.914
296.449 0.878
297.408 0.959
298.54 1.132
299.482 0.942
300.479 0.997
301.449 0.97
302.387 0.938
303.416 1.029
304.529 1.113
305.523 0.994
306.558 1.035
307.589 1.031
308.53 0.941
309.499 0.969
310.452 0.953
311.355 0.903
312.423 1.068
313.464 1.041
314.422 0.958
315.418 0.996
316.4 0.982
317.344 0.944
318.326 0.982
319.271 0.945
320.172 0.901
321.168 0.996
322.295 1.127
323.348 1.053
324.397 1.049
325.419 1.022
326.337 0.918
327.303 0.966
328.175 0.872
329.049 0.874
330.002 0.953
330.828 0.826
331.643 0.815
332.504 0.861
333.44 0.936
334.323 0.883
335.274 0.951
336.344 1.07
337.389 1.045
338.441 1.052
339.387 0.946
340.31 0.923
341.236 0.926
342.056 0.82
342.933 0.877
343.767 0.834
344.536 0.769
345.252 0.716
346.045 0.793
346.957 0.912
347.936 0.979
348.795 0.859
349.737 0.942
350.708 0.971
351.539 0.831
352.41 0.871
353.28 0.87
354.106 0.826
355.107 1.001
356.185 1.078
357.156 0.971
358.119 0.963
359.107 0.988
360.004 0.897
361.048 1.044
362.095 1.047
362.958 0.863
363.891 0.933
364.847 0.956
365.732 0.885
366.677 0.945
367.754 1.077
368.781 1.027
369.678 0.897
370.648 0.97
371.756 1.108
372.71 0.954
373.54 0.83
374.406 0.866
375.395 0.989
376.443 1.048
377.451 1.008
378.502 1.051
379.56 1.058
380.496 0.936
381.446 0.95
382.355 0.909
383.261 0.906
384.137 0.876
385.122 0.985
386.219 1.097
387.168 0.949
388.099 0.931
389.092 0.993
390.106 1.014
390.962 0.856
391.845 0.883
392.792 0.947
393.61 0.818
394.489 0.879
395.516 1.027
396.624 1.108
397.525 0.901
398.359 0.834
399.329 0.97
400.265 0.936
401.176 0.911
402.07 0.894
403.074 1.004
404.031 0.957
404.905 0.874
405.856 0.951
406.773 0.917
407.601 0.828
408.508 0.907
409.416 0.908
410.26 0.844
411.195 0.935
412.177 0.982
413.03 0.853
413.985 0.955
414.937 0.952
415.812 0.875
416.757 0.945
417.653 0.896
418.505 0.852
419.469 0.964
420.472 1.003
421.322 0.85
422.206 0.884
423.094 0.888
423.947 0.853
424.931 0.984
425.948 1.017
426.837 0.889
427.847 1.01
428.932 1.085
429.869 0.937
430.836 0.967
431.827 0.991
432.685 0.858
433.588 0.903
434.534 0.946
435.425 0.891
436.451 1.026
437.538 1.087
438.51 0.972
439.566 1.056
440.52 0.954
441.343 0.823
442.217 0.874
443.213 0.996
444.13 0.917
445.248 1.118
446.374 1.126
447.348 0.974
448.332 0.984
449.26 0.928
450.098 0.838
450.98 0.882
451.929 0.949
452.826 0.897
453.801 0.975
454.856 1.055
455.759 0.903
456.662 0.903
457.576 0.914
458.408 0.832
459.3 0.892
460.348 1.048
461.327 0.979
462.283 0.956
463.28 0.997
464.261 0.981
465.148 0.887
466.138 0.99
467.181 1.043
468.074 0.893
468.994 0.92
469.935 0.941
470.927 0.992
471.784 0.857
472.577 0.793
473.391 0.814
474.176 0.785
474.921 0.745
475.639 0.718
476.51 0.871
477.563 1.053
478.473 0.91
479.573 1.1
480.593 1.02
481.596 1.003
482.643 1.047
483.572 0.929
484.574 1.002
485.627 1.053
486.591 0.964
487.661 1.07
488.582 0.921
489.589 1.007
490.739 1.15
491.699 0.96
492.636 0.937
493.647 1.011
494.523 0.876
495.496 0.973
496.671 1.175
497.615 0.944
498.581 0.966
499.722 1.141
500.677 0.955
501.722 1.045
502.833 1.111
503.825 0.992
504.934 1.109
505.94 1.006
506.994 1.054
508.042 1.048
508.95 0.908
509.964 1.014
511.159 1.195
512.171 1.012
513.297 1.126
514.318 1.021
515.225 0.907
516.123 0.898
516.952 0.829
517.835 0.883
518.78 0.945
519.645 0.865
520.432 0.787
521.244 0.812
522.12 0.876
523.011 0.891
523.885 0.874
524.674 0.789
525.447 0.773
526.172 0.725
526.865 0.693
527.578 0.713
528.408 0.83
529.19 0.782
530.061 0.871
531.027 0.966
531.872 0.845
532.793 0.921
533.849 1.056
534.823 0.974
535.735 0.912
536.739 1.004
537.672 0.933
538.634 0.962
539.642 1.008
540.527 0.885
541.461 0.934
542.467 1.006
543.301 0.834
544.232 0.931
545.136 0.904
546.156 1.02
547.172 1.016
548.216 1.044
549.161 0.945
549.945 0.784
550.686 0.741
551.485 0.799
552.436 0.951
553.432 0.996
554.435 1.003
555.615 1.18
556.68 1.065
557.741 1.061
558.749 1.008
559.843 1.094
560.93 1.087
561.934 1.004
562.841 0.907
563.689 0.848
564.611 0.922
565.445 0.834
566.44 0.995
567.506 1.066
568.492 0.986
569.369 0.877
570.129 0.76
570.899 0.77
571.623 0.724
572.351 0.728
573.1 0.749
573.872 0.772
574.658 0.786
575.4 0.742
576.169 0.769
576.915 0.746
577.633 0.718
578.345 0.712
579.044 0.699
579.735 0.691
580.509 0.774
581.306 0.797
582.432 1.126
583.578 1.146
584.68 1.102
585.821 1.141
586.964 1.143
588.077 1.113
589.089 1.012
590.115 1.026
591.221 1.106
592.225 1.004
593.095 0.87
593.948 0.853
595.173 1.225
596.324 1.151
597.392 1.068
598.384 0.992
599.316 0.932
600.195 0.879
600.972 0.777
601.741 0.769
602.474 0.733
603.21 0.736
603.93 0.72
604.714 0.784
605.605 0.891
606.445 0.84
607.357 0.912
608.298 0.941
609.153 0.855
610.081 0.928
610.996 0.915
611.842 0.846
612.728 0.886
613.608 0.88
614.417 0.809
615.249 0.832
616.114 0.865
616.967 0.853
617.895 0.928
618.962 1.067
619.999 1.037
620.916 0.917
621.803 0.887
622.691 0.888
623.502 0.811
624.353 0.851
625.256 0.903
626.172 0.916
627.157 0.985
628.147 0.99
629.018 0.871
629.914 0.896
630.832 0.918
631.655 0.823
632.508 0.853
633.403 0.895
634.292 0.889
635.126 0.834
636.037 0.911
636.931 0.894
637.77 0.839
638.582 0.812
639.432 0.85
640.337 0.905
641.173 0.836
642.005 0.832
642.828 0.823
643.685 0.857
644.493 0.808
645.388 0.895
646.231 0.843
647.034 0.803
647.908 0.874
648.869 0.961
649.697 0.828
650.58 0.883
651.412 0.832