0.000 0.814
0.814 0.814
1.598 0.784
2.38 0.782
3.163 0.783
3.889 0.726
4.69 0.801
5.503 0.813
6.296 0.793
7.169 0.873
8.041 0.872
8.975 0.934
9.903 0.928
10.778 0.875
11.624 0.846
12.395 0.771
13.144 0.749
14.041 0.897
14.886 0.845
15.837 0.951
16.842 1.005
17.813 0.971
18.671 0.858
19.476 0.805
20.304 0.828
21.354 1.05
22.357 1.003
23.347 0.99
24.286 0.939
25.128 0.842
25.91 0.782
26.736 0.826
27.604 0.868
28.492 0.888
29.251 0.759
29.957 0.706
31.008 1.051
31.992 0.984
32.878 0.886
33.825 0.947
34.744 0.919
35.601 0.857
36.582 0.981
37.565 0.983
38.53 0.965
39.547 1.017
40.523 0.976
41.543 1.02
42.525 0.982
43.486 0.961
44.473 0.987
45.466 0.993
46.387 0.921
47.335 0.948
48.34 1.005
49.329 0.989
50.302 0.973
51.326 1.024
52.354 1.028
53.309 0.955
54.263 0.954
55.271 1.008
56.25 0.979
57.206 0.956
58.145 0.939
59.144 0.999
60.108 0.964
61.059 0.951
62.07 1.011
63.031 0.961
63.984 0.953
64.963 0.979
65.912 0.949
66.837 0.925
67.837 1.0
68.838 1.001
69.777 0.939
70.663 0.886
71.546 0.883
72.51 0.964
73.419 0.909
74.287 0.868
75.206 0.919
76.077 0.871
77.007 0.93
77.941 0.934
78.844 0.903
79.784 0.94
80.7 0.916
81.601 0.901
82.512 0.911
83.377 0.865
84.281 0.904
85.218 0.937
86.11 0.892
87.027 0.917
87.922 0.895
88.784 0.862
89.729 0.945
90.668 0.939
91.596 0.928
92.584 0.988
93.532 0.948
94.484 0.952
95.453 0.969
96.419 0.966
97.319 0.9
98.222 0.903
99.179 0.957
100.133 0.954
101.068 0.935
102.029 0.961
102.991 0.962
103.896 0.905
104.787 0.891
105.755 0.968
106.671 0.916
107.592 0.921
108.576 0.984
109.564 0.988
110.495 0.931
111.453 0.958
112.44 0.987
113.372 0.932
114.289 0.917
115.249 0.96
116.165 0.916
117.058 0.893
118.012 0.954
118.971 0.959
119.839 0.868
120.718 0.879
121.646 0.928
122.526 0.88
123.488 0.962
124.459 0.971
125.396 0.937
126.39 0.994
127.327 0.937
128.263 0.936
129.255 0.992
130.208 0.953
131.161 0.953
132.158 0.997
133.124 0.966
134.062 0.938
135.048 0.986
136.003 0.955
136.904 0.901
137.842 0.938
138.771 0.929
139.693 0.922
140.613 0.92
141.463 0.85
142.383 0.92
143.286 0.903
144.142 0.856
145.078 0.936
145.991 0.913
146.913 0.922
147.717 0.804
148.41 0.693
149.108 0.698
150.067 0.959
150.939 0.872
151.807 0.868
152.773 0.966
153.677 0.904
154.596 0.919
155.567 0.971
156.543 0.976
157.487 0.944
158.468 0.981
159.45 0.982
160.403 0.953
161.394 0.991
162.39 0.996
163.332 0.942
164.182 0.85
164.964 0.782
166.013 1.049
167.021 1.008
167.983 0.962
168.886 0.903
169.682 0.796
170.542 0.86
171.489 0.947
172.467 0.978
173.421 0.954
174.308 0.887
175.175 0.867
176.106 0.931
177.073 0.967
178.031 0.958
178.963 0.932
179.91 0.947
180.803 0.893
181.651 0.848
182.475 0.824
183.353 0.878
184.241 0.888
185.105 0.864
185.981 0.876
186.889 0.908
187.771 0.882
188.645 0.874
189.565 0.92
190.453 0.888
191.313 0.86
192.21 0.897
193.047 0.837
193.799 0.752
194.522 0.723
195.214 0.692
195.982 0.768
196.819 0.837
197.705 0.886
198.685 0.98
199.601 0.916
200.507 0.906
201.407 0.9
202.254 0.847
203.142 0.888
204.077 0.935
204.976 0.899
205.925 0.949
206.891 0.966
207.824 0.933
208.777 0.953
209.745 0.968
210.681 0.936
211.558 0.877
212.503 0.945
213.442 0.939
214.332 0.89
215.249 0.917
216.2 0.951
217.12 0.92
217.972 0.852
218.86 0.888
219.804 0.944
220.711 0.907
221.568 0.857
222.478 0.91
223.414 0.936
224.305 0.891
225.22 0.915
226.148 0.928
227.025 0.877
227.868 0.843
228.781 0.913
229.711 0.93
230.617 0.906
231.497 0.88
232.434 0.937
233.382 0.948
234.276 0.894
235.206 0.93
236.177 0.971
237.122 0.945
237.999 0.877
238.836 0.837
239.794 0.958
240.745 0.951
241.626 0.881
242.436 0.81
243.229 0.793
244.172 0.943
245.091 0.919
245.956 0.865
246.867 0.911
247.786 0.919
248.647 0.861
249.579 0.932
250.522 0.943
251.422 0.9
252.327 0.905
253.235 0.908
254.063 0.828
254.94 0.877
255.839 0.899
256.692 0.853
257.58 0.888
258.463 0.883
259.299 0.836
260.176 0.877
261.077 0.901
261.914 0.837
262.794 0.88
263.709 0.915
264.538 0.829
265.4 0.862
266.326 0.926
267.165 0.839
268.082 0.917
268.99 0.908
269.828 0.838
270.695 0.867
271.581 0.886
272.418 0.837
273.293 0.875
274.188 0.895
275.037 0.849
275.897 0.86
276.748 0.851
277.556 0.808
278.393 0.837
279.223 0.83
280.043 0.82
280.93 0.887
281.866 0.936
282.77 0.904
283.731 0.961
284.708 0.977
285.654 0.946
286.617 0.963
287.62 1.003
288.632 1.012
289.607 0.975
290.535 0.928
291.47 0.935
292.457 0.987
293.448 0.991
294.384 0.936
295.331 0.947
296.316 0.985
297.3 0.984
298.234 0.934
299.212 0.978
300.219 1.007
301.182 0.963
302.089 0.907
303.033 0.944
304.009 0.976
304.958 0.949
305.831 0.873
306.74 0.909
307.715 0.975
308.677 0.962
309.619 0.942
310.564 0.945
311.556 0.992
312.49 0.934
313.427 0.937
314.252 0.825
315.032 0.78
315.802 0.77
316.698 0.896
317.675 0.977
318.638 0.963
319.525 0.887
320.369 0.844
321.318 0.949
322.28 0.962
323.187 0.907
324.057 0.87
325.022 0.965
326.004 0.982
326.923 0.919
327.87 0.947
328.796 0.926
329.658 0.862
330.577 0.919
331.524 0.947
332.414 0.89
333.344 0.93
334.239 0.895
335.122 0.883
336.041 0.919
336.916 0.875
337.798 0.882
338.722 0.924
339.578 0.856
340.431 0.853
341.25 0.819
342.045 0.795
342.868 0.823
343.691 0.823
344.502 0.811
345.438 0.936
346.383 0.945
347.288 0.905
348.25 0.962
349.205 0.955
350.104 0.899
351.024 0.92
351.95 0.926
352.814 0.864
353.595 0.781
354.416 0.821
355.356 0.94
356.237 0.881
357.095 0.858
357.997 0.902
358.841 0.844
359.681 0.84
360.589 0.908
361.487 0.898
362.318 0.831
363.169 0.851
364.057 0.888
364.924 0.867
365.854 0.93
366.786 0.932
367.661 0.875
368.548 0.887
369.45 0.902
370.314 0.864
371.218 0.904
372.111 0.893
372.942 0.831
373.754 0.812
374.52 0.766
375.245 0.725
375.952 0.707
376.716 0.764
377.63 0.914
378.521 0.891
379.464 0.943
380.395 0.931
381.266 0.871
382.173 0.907
383.059 0.886
383.883 0.824
384.743 0.86
385.599 0.856
386.412 0.813
387.295 0.883
388.159 0.864
388.997 0.838
389.868 0.871
390.74 0.872
391.559 0.819
392.436 0.877
393.305 0.869
394.138 0.833
395.016 0.878
395.921 0.905
396.811 0.89
397.762 0.951
398.72 0.958
399.634 0.914
400.58 0.946
401.506 0.926
402.398 0.892
403.337 0.939
404.297 0.96
405.226 0.929
406.203 0.977
407.168 0.965
408.073 0.905
409.001 0.928
409.96 0.959
410.912 0.952
411.863 0.951
412.79 0.927
413.602 0.812
414.32 0.718
415.137 0.817
416.147 1.01
417.08 0.933
418.053 0.973
418.997 0.944
419.908 0.911
420.869 0.961
421.791 0.922
422.688 0.897
423.626 0.938
424.511 0.885
425.436 0.925
426.386 0.95
427.346 0.96
428.237 0.891
429.076 0.839
429.969 0.893
430.83 0.861
431.663 0.833
432.529 0.866
433.414 0.885
434.294 0.88
435.216 0.922
436.083 0.867
436.924 0.841
437.768 0.844
438.554 0.786
439.419 0.865
440.282 0.863
441.12 0.838
442.057 0.937
442.976 0.919
443.849 0.873
444.8 0.951
445.721 0.921
446.575 0.854
447.487 0.912
448.364 0.877
449.231 0.867
450.176 0.945
451.088 0.912
452.059 0.971
453.004 0.945
453.941 0.937
454.893 0.952
455.851 0.958
456.71 0.859
457.511 0.801
458.374 0.863
459.172 0.798
459.97 0.798
460.858 0.888
461.712 0.854
462.67 0.958
463.591 0.921
464.465 0.874
465.354 0.889
466.14 0.786
466.877 0.737
467.622 0.745
468.322 0.7
469.038 0.716
470.082 1.044
471.034 0.952
471.992 0.958
472.955 0.963
473.845 0.89
474.808 0.963
475.721 0.913
476.619 0.898
477.532 0.913
478.334 0.802
479.168 0.834
480.008 0.84
480.821 0.813
481.768 0.947
482.72 0.952
483.616 0.896
484.559 0.943
485.432 0.873
486.277 0.845
487.197 0.92
488.142 0.945
489.073 0.931
490.025 0.952
490.924 0.899
491.789 0.865
492.706 0.917
493.611 0.905
494.475 0.864
495.404 0.929
496.35 0.946
497.23 0.88
498.154 0.924
499.057 0.903
499.935 0.878
500.872 0.937
501.794 0.922
502.739 0.945
503.704 0.965
504.618 0.914
505.568 0.95
506.518 0.95
507.479 0.961
508.473 0.994
509.404 0.931
510.377 0.973
511.316 0.939
512.211 0.895
513.171 0.96
514.099 0.928
515.025 0.926
515.967 0.942
516.875 0.908
517.833 0.958
518.766 0.933
519.683 0.917
520.667 0.984
521.593 0.926
522.521 0.928
523.48 0.959
524.355 0.875
525.274 0.919
526.157 0.883
527.067 0.91
528.013 0.946
528.937 0.924
529.924 0.987
530.838 0.914
531.809 0.971
532.758 0.949
533.674 0.916
534.644 0.97
535.584 0.94
536.542 0.958
537.487 0.945
538.38 0.893
539.326 0.946
540.215 0.889
541.06 0.845
541.922 0.862
542.776 0.854
543.59 0.814
544.466 0.876
545.411 0.945
546.289 0.878
547.161 0.872
548.003 0.842
548.79 0.787
549.616 0.826
550.396 0.78
551.205 0.809
552.081 0.876
552.902 0.821
553.751 0.849
554.639 0.888
555.49 0.851
556.389 0.899
557.296 0.907
558.17 0.874
559.068 0.898
559.94 0.872
560.75 0.81
561.645 0.895
562.511 0.866
563.367 0.856
564.282 0.915
565.206 0.924
566.153 0.947
567.129 0.976
568.048 0.919
568.971 0.923
569.843 0.872
570.7 0.857
571.464 0.764
572.177 0.713
572.884 0.707
573.703 0.819
574.55 0.847
575.422 0.872
576.407 0.985
577.333 0.926
578.253 0.92
579.182 0.929
580.067 0.885
581.005 0.938
581.889 0.884
582.766 0.877
583.67 0.904
584.524 0.854
585.474 0.95
586.404 0.93
587.333 0.929
588.262 0.929
589.144 0.882
590.063 0.919
590.966 0.903
591.887 0.921
592.802 0.915
593.67 0.868
594.519 0.849
595.374 0.855
596.277 0.903
597.125 0.848
597.941 0.816
598.876 0.935
599.762 0.886
600.686 0.924
601.638 0.952
602.516 0.878