0.000 0.794
0.794 0.794
1.576 0.782
2.455 0.879
3.333 0.878
4.214 0.881
5.076 0.862
6.006 0.93
6.885 0.879
7.822 0.937
8.735 0.913
9.67 0.935
10.682 1.012
11.692 1.01
12.627 0.935
13.632 1.005
14.683 1.051
15.676 0.993
16.616 0.94
17.639 1.023
18.687 1.048
19.647 0.96
20.672 1.025
21.711 1.039
22.831 1.12
23.974 1.143
25.009 1.035
26.004 0.995
27.072 1.068
28.186 1.114
29.211 1.025
30.155 0.944
31.172 1.017
32.306 1.134
33.322 1.016
34.286 0.964
35.279 0.993
36.406 1.127
37.484 1.078
38.573 1.089
39.633 1.06
40.698 1.065
41.792 1.094
42.769 0.977
43.703 0.934
44.771 1.068
45.802 1.031
46.755 0.953
47.748 0.993
48.858 1.11
49.929 1.071
50.864 0.935
51.872 1.008
52.94 1.068
53.887 0.947
54.771 0.884
55.799 1.028
56.867 1.068
57.853 0.986
58.755 0.902
59.727 0.972
60.781 1.054
61.827 1.046
62.792 0.965
63.759 0.967
64.837 1.078
65.899 1.062
66.883 0.984
67.777 0.894
68.719 0.942
69.749 1.03
70.751 1.002
71.775 1.024
72.809 1.034
73.796 0.987
74.841 1.045
75.845 1.004
76.848 1.003
77.871 1.023
78.836 0.965
79.792 0.956
80.851 1.059
81.842 0.991
82.779 0.937
83.825 1.046
84.808 0.983
85.766 0.958
86.82 1.054
87.891 1.071
88.849 0.958
89.899 1.05
90.949 1.05
91.92 0.971
92.868 0.948
93.914 1.046
94.974 1.06
95.947 0.973
96.948 1.001
98.047 1.099
99.079 1.032
100.07 0.991
101.088 1.018
102.15 1.062
103.191 1.041
104.148 0.957
105.08 0.932
106.098 1.018
107.12 1.022
108.074 0.954
108.976 0.902
109.937 0.961
110.934 0.997
111.868 0.934
112.793 0.925
113.773 0.98
114.755 0.982
115.734 0.979
116.75 1.016
117.734 0.984
118.665 0.931
119.645 0.98
120.598 0.953
121.539 0.941
122.516 0.977
123.462 0.946
124.352 0.89
125.292 0.94
126.252 0.96
127.137 0.885
128.085 0.948
129.093 1.008
130.019 0.926
130.969 0.95
131.948 0.979
132.893 0.945
133.84 0.947
134.802 0.962
135.73 0.928
136.716 0.986
137.695 0.979
138.643 0.948
139.647 1.004
140.657 1.01
141.576 0.919
142.55 0.974
143.527 0.977
144.436 0.909
145.425 0.989
146.394 0.969
147.327 0.933
148.301 0.974
149.236 0.935
150.202 0.966
151.153 0.951
152.081 0.928
153.054 0.973
153.984 0.93
154.926 0.942
155.919 0.993
156.84 0.921
157.779 0.939
158.731 0.952
159.627 0.896
160.579 0.952
161.557 0.978
162.467 0.91
163.445 0.978
164.41 0.965
165.318 0.908
166.274 0.956
167.232 0.958
168.126 0.894
169.076 0.95
170.036 0.96
170.946 0.91
171.828 0.882
172.757 0.929
173.689 0.932
174.605 0.916
175.595 0.99
176.612 1.017
177.585 0.973
178.531 0.946
179.513 0.982
180.517 1.004
181.486 0.969
182.453 0.967
183.46 1.007
184.474 1.014
185.417 0.943
186.353 0.936
187.348 0.995
188.338 0.99
189.254 0.916
190.213 0.959
191.224 1.011
192.187 0.963
193.17 0.983
194.181 1.011
195.15 0.969
196.082 0.932
197.079 0.997
198.088 1.009
199.049 0.961
199.989 0.94
201.026 1.037
202.056 1.03
202.996 0.94
203.966 0.97
204.986 1.02
205.964 0.978
206.884 0.92
207.863 0.979
208.864 1.001
209.793 0.929
210.771 0.978
211.79 1.019
212.77 0.98
213.731 0.961
214.765 1.034
215.777 1.012
216.701 0.924
217.699 0.998
218.716 1.017
219.666 0.95
220.587 0.921
221.577 0.99
222.536 0.959
223.508 0.972
224.524 1.016
225.476 0.952
226.411 0.935
227.396 0.985
228.356 0.96
229.319 0.963
230.341 1.022
231.301 0.96
232.297 0.996
233.3 1.003
234.226 0.926
235.159 0.933
236.13 0.971
237.087 0.957
238.009 0.922
239.0 0.991
239.974 0.974
240.921 0.947
241.942 1.021
242.956 1.014
243.898 0.942
244.849 0.951
245.846 0.997
246.851 1.005
247.808 0.957
248.794 0.986
249.821 1.027
250.81 0.989
251.782 0.972
252.78 0.998
253.787 1.007
254.728 0.941
255.695 0.967
256.711 1.016
257.71 0.999
258.654 0.944
259.622 0.968
260.649 1.027
261.67 1.021
262.632 0.962
263.609 0.977
264.61 1.001
265.586 0.976
266.506 0.92
267.446 0.94
268.461 1.015
269.492 1.031
270.511 1.019
271.467 0.956
272.383 0.916
273.301 0.918
274.29 0.989
275.244 0.954
276.08 0.836
276.988 0.908
277.924 0.936
278.861 0.937
279.862 1.001
280.833 0.971
281.776 0.943
282.748 0.972
283.672 0.924
284.619 0.947
285.592 0.973
286.543 0.951
287.534 0.991
288.485 0.951
289.459 0.974
290.424 0.965
291.322 0.898
292.263 0.941
293.265 1.002
294.217 0.952
295.246 1.029
296.331 1.085
297.387 1.056
298.339 0.952
299.327 0.988
300.353 1.026
301.299 0.946
302.23 0.931
303.274 1.044
304.292 1.018
305.254 0.962
306.268 1.014
307.254 0.986
308.264 1.01
309.304 1.04
310.3 0.996
311.337 1.037
312.373 1.036
313.372 0.999
314.402 1.03
315.378 0.976
316.336 0.958
317.38 1.044
318.462 1.082
319.427 0.965
320.45 1.023
321.498 1.048
322.466 0.968
323.471 1.005
324.548 1.077
325.53 0.982
326.465 0.935
327.462 0.997
328.456 0.994
329.377 0.921
330.389 1.012
331.384 0.995
332.293 0.909
333.285 0.992
334.282 0.997
335.219 0.937
336.233 1.014
337.241 1.008
338.201 0.96
339.227 1.026
340.209 0.982
341.178 0.969
342.167 0.989
343.116 0.949
344.136 1.02
345.12 0.984
346.129 1.009
347.198 1.069
348.171 0.973
349.209 1.038
350.178 0.969
351.155 0.977
352.162 1.007
353.105 0.943
354.101 0.996
355.062 0.961
356.003 0.941
357.01 1.007
357.98 0.97
358.991 1.011
360.026 1.035
361.002 0.976
361.999 0.997
363.045 1.046
364.022 0.977
365.05 1.028
366.106 1.056
367.06 0.954
368.081 1.021
369.081 1.0
370.102 1.021
371.11 1.008
372.065 0.955
373.093 1.028
374.08 0.987
375.038 0.958
376.065 1.027
377.05 0.985
378.035 0.985
379.08 1.045
380.08 1.0
381.086 1.006
382.126 1.04
383.119 0.993
384.166 1.047
385.233 1.067
386.221 0.988
387.216 0.995
388.244 1.028
389.222 0.978
390.182 0.96
391.195 1.013
392.164 0.969
393.143 0.979
394.183 1.04
395.184 1.001
396.255 1.071
397.31 1.055
398.302 0.992
399.293 0.991
400.334 1.041
401.36 1.026
402.34 0.98
403.365 1.025
404.396 1.031
405.382 0.986
406.399 1.017
407.457 1.058
408.504 1.047
409.477 0.973
410.532 1.055
411.557 1.025
412.54 0.983
413.563 1.023
414.562 0.999
415.532 0.97
416.585 1.053
417.612 1.027
418.612 1.0
419.66 1.048
420.674 1.014
421.56 0.886
422.532 0.972
423.513 0.981
424.443 0.93
425.481 1.038
426.488 1.007
427.47 0.982
428.49 1.02
429.444 0.954
430.403 0.959
431.356 0.953
432.235 0.879
433.198 0.963
434.147 0.949
435.055 0.908
435.994 0.939
437.032 1.038
438.015 0.983
439.025 1.01
440.061 1.036
441.001 0.94
442.0 0.999
443.004 1.004
443.964 0.96
444.985 1.021
445.987 1.002
446.974 0.987
448.005 1.031
448.981 0.976
450.013 1.032
450.989 0.976
451.991 1.002
452.996 1.005
453.966 0.97
454.99 1.024
455.981 0.991
456.941 0.96
457.956 1.015
458.918 0.962
459.904 0.986
460.86 0.956
461.817 0.957
462.827 1.01
463.796 0.969
464.798 1.002
465.767 0.969
466.655 0.888
467.641 0.986
468.733 1.092
469.776 1.043
470.712 0.936
471.709 0.997
472.699 0.99
473.672 0.973
474.687 1.015
475.725 1.038
476.694 0.969
477.744 1.05
478.779 1.035
479.795 1.016
480.864 1.069
481.907 1.043
482.927 1.02
484.004 1.077
485.056 1.052
486.039 0.983
487.07 1.031
488.143 1.073
489.19 1.047
490.285 1.095
491.388 1.103
492.386 0.998
493.417 1.031
494.486 1.069
495.48 0.994
496.562 1.082
497.577 1.015
498.565 0.988
499.621 1.056
500.628 1.007
501.67 1.042
502.718 1.048
503.712 0.994
504.762 1.05
505.77 1.008
506.803 1.033
507.791 0.988
508.807 1.016
509.86 1.053
510.839 0.979
511.86 1.021
512.854 0.994
513.828 0.974
514.819 0.991
515.782 0.963
516.819 1.037
517.79 0.971
518.806 1.016
519.758 0.952
520.758 1.0
521.738 0.98
522.705 0.967
523.705 1.0
524.651 0.946
525.665 1.014
526.637 0.972
527.65 1.013
528.66 1.01
529.622 0.962
530.629 1.007
531.591 0.962
532.607 1.016
533.557 0.95
534.455 0.898
535.449 0.994
536.419 0.97
537.367 0.948
538.414 1.047
539.41 0.996
540.329 0.919
541.314 0.985
542.305 0.991
543.232 0.927
544.229 0.997
545.197 0.968
546.139 0.942
547.147 1.008
548.132 0.985
549.082 0.95
550.091 1.009
551.056 0.965
552.06 1.004
553.045 0.985
554.003 0.958
555.038 1.035
556.038 1.0
556.987 0.949
558.077 1.09
559.152 1.075
560.129 0.977
561.154 1.025
562.213 1.059
563.209 0.996
564.157 0.948
565.187 1.03
566.219 1.032
567.224 1.005
568.263 1.039
569.235 0.972
570.264 1.029
571.277 1.013
572.255 0.978
573.31 1.055
574.328 1.018
575.304 0.976
576.314 1.01
577.349 1.035
578.355 1.006
579.347 0.992
580.409 1.062
581.463 1.054
582.46 0.997
583.454 0.994
584.503 1.049
585.494 0.991
586.522 1.028
587.531 1.009
588.501 0.97
589.512 1.011
590.493 0.981
591.47 0.977
592.435 0.965
593.363 0.928
594.326 0.963
595.195 0.869
596.009 0.814
596.933 0.924
597.99 1.057
599.001 1.011
600.018 1.017