0.000 0.712
0.712 0.712
1.493 0.781
2.279 0.786
3.079 0.8
3.822 0.743
4.586 0.764
5.389 0.803
6.205 0.816
6.964 0.759
7.773 0.809
8.657 0.884
9.504 0.847
10.4 0.896
11.313 0.913
12.162 0.849
12.98 0.818
13.86 0.88
14.691 0.831
15.524 0.833
16.413 0.889
17.281 0.868
18.156 0.875
19.077 0.921
19.994 0.917
20.82 0.826
21.693 0.873
22.607 0.914
23.562 0.955
24.463 0.901
25.277 0.814
26.168 0.891
27.14 0.972
28.071 0.931
28.967 0.896
29.902 0.935
30.864 0.962
31.757 0.893
32.69 0.933
33.603 0.913
34.429 0.826
35.328 0.899
36.255 0.927
37.121 0.866
38.008 0.887
38.954 0.946
39.888 0.934
40.756 0.868
41.659 0.903
42.511 0.852
43.329 0.818
44.218 0.889
45.136 0.918
45.985 0.849
46.865 0.88
47.799 0.934
54.9 0.901
55.784 0.884
56.616 0.832
57.394 0.778
58.228 0.834
59.092 0.864
59.907 0.815
60.767 0.86
61.641 0.874
62.461 0.82
63.277 0.816
64.164 0.887
65.069 0.905
65.895 0.826
66.715 0.82
67.559 0.844
68.455 0.896
69.271 0.816
70.096 0.825
70.945 0.849
71.802 0.857
72.605 0.803
73.47 0.865
74.315 0.845
75.119 0.804
75.877 0.758
76.623 0.746
77.334 0.711
78.027 0.693
78.74 0.713
79.435 0.695
80.169 0.734
80.981 0.812
81.856 0.875
82.666 0.81
83.462 0.796
84.298 0.836
85.136 0.838
85.939 0.803
86.711 0.772
87.513 0.802
88.331 0.818
89.123 0.792
89.915 0.792
90.739 0.824
91.584 0.845
92.406 0.822
93.218 0.812
94.059 0.841
94.898 0.839
95.7 0.802
96.55 0.85
97.402 0.852
98.212 0.81
99.035 0.823
99.892 0.857
100.777 0.885
101.6 0.823
102.433 0.833
103.305 0.872
104.17 0.865
104.994 0.824
105.858 0.864
106.733 0.875
107.599 0.866
108.417 0.818
109.273 0.856
110.142 0.869
110.969 0.827
111.779 0.81
112.634 0.855
113.487 0.853
114.302 0.815
115.187 0.885
116.063 0.876
116.871 0.808
117.743 0.872
118.607 0.864
119.454 0.847
120.241 0.787
121.05 0.809
121.902 0.852
122.803 0.901
123.645 0.842
124.422 0.777
125.236 0.814
126.041 0.805
126.825 0.784
127.557 0.732
128.33 0.773
129.132 0.802
129.909 0.777
130.705 0.796
131.55 0.845
132.426 0.876
133.258 0.832
134.094 0.836
134.929 0.835
135.754 0.825
136.526 0.772
137.299 0.773
138.08 0.781
138.879 0.799
139.682 0.803
140.462 0.78
141.287 0.825
142.141 0.854
142.991 0.85
143.806 0.815
144.62 0.814
145.468 0.848
146.317 0.849
146.997 0.68
147.766 0.769
148.491 0.725
149.246 0.755
150.024 0.778
150.781 0.757
151.552 0.771
152.435 0.883
153.348 0.913
154.269 0.921
155.123 0.854
155.957 0.834
156.765 0.808
157.627 0.862
158.497 0.87
159.362 0.865
160.215 0.853
161.038 0.823
161.864 0.826
162.731 0.867
163.606 0.875
164.491 0.885
165.383 0.892
166.229 0.846
167.079 0.85
167.966 0.887
168.846 0.88
169.745 0.899
170.589 0.844
171.422 0.833
172.288 0.866
173.169 0.881
174.025 0.856
174.853 0.828
175.732 0.879
176.616 0.884
177.473 0.857
178.302 0.829
179.116 0.814
179.935 0.819
180.802 0.867
181.671 0.869
182.557 0.886
183.437 0.88
184.29 0.853
185.141 0.851
186.022 0.881
186.878 0.856
187.723 0.845
188.554 0.831
189.355 0.801
190.152 0.797
190.952 0.8
191.758 0.806
192.583 0.825
193.401 0.818
194.223 0.822
195.015 0.792
195.822 0.807
196.627 0.805
197.435 0.808
198.247 0.812
199.031 0.784
199.824 0.793
200.648 0.824
201.49 0.842
202.323 0.833
203.139 0.816
203.925 0.786
204.72 0.795
205.515 0.795
206.327 0.812
207.143 0.816
207.952 0.809
208.762 0.81
209.605 0.843
210.445 0.84
211.295 0.85
212.1 0.805
212.888 0.788
213.711 0.823
214.522 0.811
215.358 0.836
216.194 0.836
217.014 0.82
217.872 0.858
218.733 0.861
219.602 0.869
220.447 0.845
221.266 0.819
222.067 0.801
222.894 0.827
223.726 0.832
224.565 0.839
225.412 0.847
226.239 0.827
227.03 0.791
227.819 0.789
228.631 0.812
229.466 0.835
230.323 0.857
231.186 0.863
232.0 0.814
232.784 0.784
233.598 0.814
234.418 0.82
235.202 0.784
235.96 0.758
236.711 0.751
237.466 0.755
238.218 0.752
239.009 0.791
239.822 0.813
240.657 0.835
241.442 0.785
242.256 0.814
243.087 0.831
243.89 0.803
244.672 0.782
245.462 0.79
246.303 0.841
247.162 0.859
248.048 0.886
248.943 0.895
249.877 0.934
250.79 0.913
251.723 0.933
252.598 0.875
253.431 0.833
254.228 0.797
255.044 0.816
255.913 0.869
256.807 0.894
257.728 0.921
258.684 0.956
259.658 0.974
260.644 0.986
261.605 0.961
262.523 0.918
263.404 0.881
264.271 0.867
265.1 0.829
265.904 0.804
266.749 0.845
267.63 0.881
268.527 0.897
269.446 0.919
270.369 0.923
271.233 0.864
272.067 0.834
272.911 0.844
273.749 0.838
274.601 0.852
275.465 0.864
276.29 0.825
277.086 0.796
277.887 0.801
278.713 0.826
279.588 0.875
280.471 0.883
281.338 0.867
282.168 0.83
282.944 0.776
283.696 0.752
284.454 0.758
285.263 0.809
286.084 0.821
286.899 0.815
287.724 0.825
288.545 0.821
289.346 0.801
290.141 0.795
290.89 0.749
291.597 0.707
292.296 0.699
292.975 0.679
293.7 0.725
294.481 0.781
295.307 0.826
296.194 0.887
297.088 0.894
297.995 0.907
298.901 0.906
299.81 0.909
300.696 0.886
301.524 0.828
302.38 0.856
303.247 0.867
304.127 0.88
305.039 0.912
305.952 0.913
306.827 0.875
307.698 0.871
308.569 0.871
309.426 0.857
310.28 0.854
311.122 0.842
311.989 0.867
312.874 0.885
313.777 0.903
314.683 0.906
315.579 0.896
316.431 0.852
317.295 0.864
318.158 0.863
319.02 0.862
319.893 0.873
320.749 0.856
321.597 0.848
322.459 0.862
323.321 0.862
324.178 0.857
325.025 0.847
325.853 0.828
326.676 0.823
327.513 0.837
328.352 0.839
329.187 0.835
330.008 0.821
330.803 0.795
331.605 0.802
332.44 0.835
333.283 0.843
334.13 0.847
334.971 0.841
335.826 0.855
336.696 0.87
337.579 0.883
338.461 0.882
339.31 0.849
340.135 0.825
340.957 0.822
341.793 0.836
342.647 0.854
343.49 0.843
344.334 0.844
345.137 0.803
345.917 0.78
346.722 0.805
347.552 0.83
348.406 0.854
349.252 0.846
350.085 0.833
350.922 0.837
351.779 0.857
352.635 0.856
353.469 0.834
354.277 0.808
355.046 0.769
355.784 0.738
356.492 0.708
357.174 0.682
357.893 0.719
358.706 0.813
359.553 0.847
360.409 0.856
361.3 0.891
362.218 0.918
363.154 0.936
364.083 0.929
365.004 0.921
365.921 0.917
366.829 0.908
367.71 0.881
368.562 0.852
369.374 0.812
370.174 0.8
370.929 0.755
371.65 0.721
372.401 0.751
373.22 0.819
374.088 0.868
374.971 0.883
375.809 0.838
376.61 0.801
377.359 0.749
378.099 0.74
378.939 0.84
379.84 0.901
380.677 0.837
381.474 0.797
382.284 0.81
383.138 0.854
384.064 0.926
384.994 0.93
385.891 0.897
386.698 0.807
387.474 0.776
388.283 0.809
389.148 0.865
390.027 0.879
390.903 0.876
391.717 0.814
392.508 0.791
393.318 0.81
394.161 0.843
395.018 0.857
395.881 0.863
396.701 0.82
397.493 0.792
398.302 0.809
399.128 0.826
399.968 0.84
400.825 0.857
401.68 0.855
402.533 0.853
403.413 0.88
404.294 0.881
405.155 0.861
406.015 0.86
406.884 0.869
407.748 0.864
408.622 0.874
409.491 0.869
410.315 0.824
411.14 0.825
411.996 0.856
412.864 0.868
413.73 0.866
414.616 0.886
415.502 0.886
416.377 0.875
417.209 0.832
418.012 0.803
418.809 0.797
419.665 0.856
420.534 0.869
421.417 0.883
422.244 0.827
423.032 0.788
423.803 0.771
424.577 0.774
425.348 0.771
426.1 0.752
426.855 0.755
427.584 0.729
428.324 0.74
429.09 0.766
429.853 0.763
430.628 0.775
431.414 0.786
432.176 0.762
432.936 0.76
433.689 0.753
434.433 0.744
435.17 0.737
435.921 0.751
436.699 0.778
437.476 0.777
438.256 0.78
439.033 0.777
439.821 0.788
440.64 0.819
441.435 0.795
442.209 0.774
442.951 0.742
443.677 0.726
444.411 0.734
445.177 0.766
445.963 0.786
446.721 0.758
447.503 0.782
448.302 0.799
449.116 0.814
449.905 0.789
450.706 0.801
451.531 0.825
452.378 0.847
453.207 0.829
454.032 0.825
454.887 0.855
455.73 0.843
456.605 0.875
457.462 0.857
458.304 0.842
459.178 0.874
460.029 0.851
460.872 0.843
461.662 0.79
462.416 0.754
463.192 0.776
464.028 0.836
464.851 0.823
465.665 0.814
466.432 0.767
467.164 0.732
467.887 0.723
468.673 0.786
469.457 0.784
470.23 0.773
471.016 0.786
471.794 0.778
472.543 0.749
473.338 0.795
474.259 0.921
475.132 0.873
475.942 0.81
476.776 0.834
477.633 0.857
478.509 0.876
479.389 0.88
480.296 0.907
481.211 0.915
482.142 0.931
483.085 0.943
484.0 0.915
484.914 0.914
485.783 0.869
486.668 0.885
487.575 0.907
488.495 0.92
489.419 0.924
490.323 0.904
491.179 0.856
492.076 0.897
492.996 0.92
493.945 0.949
494.887 0.942
495.781 0.894
496.647 0.866
497.535 0.888
498.456 0.921
499.378 0.922
500.303 0.925
501.166 0.863
502.041 0.875
502.969 0.928
503.883 0.914
504.756 0.873
505.623 0.867
506.471 0.848
507.267 0.796
508.038 0.771
508.792 0.754
509.608 0.816
510.394 0.786
511.061 0.667
511.814 0.753
512.488 0.674
513.151 0.663
513.848 0.697
514.566 0.718
515.29 0.724
515.995 0.705
516.665 0.67
517.369 0.704
518.052 0.683
518.695 0.643
519.365 0.67
519.995 0.63
520.618 0.623
521.257 0.639
521.878 0.621
522.507 0.629
523.129 0.622
523.745 0.616
524.367 0.622
524.978 0.611
525.597 0.619
526.227 0.63
526.84 0.613
527.45 0.61
528.06 0.61
528.705 0.645
529.371 0.666
530.032 0.661
530.667 0.635
531.298 0.631
531.94 0.642
532.568 0.628
533.189 0.621
533.836 0.647
534.468 0.632
535.117 0.649
535.808 0.691
536.514 0.706
537.185 0.671
537.853 0.668
538.538 0.685
539.245 0.707
539.967 0.722
540.656 0.689
541.316 0.66
541.974 0.658
542.628 0.654
543.275 0.647
543.942 0.667
544.61 0.668
545.264 0.654
545.941 0.677
546.648 0.707
547.412 0.764
548.21 0.798
549.005 0.795
549.769 0.764
550.519 0.75
551.327 0.808
552.119 0.792
552.895 0.776
553.615 0.72
554.358 0.743
555.221 0.863
556.189 0.968
557.153 0.964
558.111 0.958
558.936 0.825
559.728 0.792
560.56 0.832
561.509 0.949
562.458 0.949
563.405 0.947
564.292 0.887
565.163 0.871
566.136 0.973
567.142 1.006
568.158 1.016
569.185 1.027
570.204 1.019
571.205 1.001
572.1 0.895
572.958 0.858
573.855 0.897
574.718 0.863
575.573 0.855
576.502 0.929
577.445 0.943
578.41 0.965
579.395 0.985
580.313 0.918
581.206 0.893
582.159 0.953
583.095 0.936
584.026 0.931
584.906 0.88
585.759 0.853
586.626 0.867
587.57 0.944
588.54 0.97
589.492 0.952
590.423 0.931
591.331 0.908
592.26 0.929
593.197 0.937
594.13 0.933
594.994 0.864
595.839 0.845
596.707 0.868
597.631 0.924
598.575 0.944
599.523 0.948
600.426 0.903
601.335 0.909
602.264 0.929
603.179 0.915
604.095 0.916
604.947 0.852
605.728 0.781
606.49 0.762
607.296 0.806
608.189 0.893
609.076 0.887
609.906 0.83
610.757 0.851
611.552 0.795
612.31 0.758
613.083 0.773
613.922 0.839
614.758 0.836
615.517 0.759
616.224 0.707
616.901 0.677
617.601 0.7
618.316 0.715