0.000 1.355
1.355 1.355
2.622 1.267
3.821 1.199
16.047 1.048
17.282 1.235
18.412 1.13
19.548 1.136
20.835 1.287
22.169 1.334
23.452 1.283
24.679 1.227
25.901 1.222
27.009 1.108
28.17 1.161
29.489 1.319
30.799 1.31
32.088 1.289
33.276 1.188
34.4 1.124
35.647 1.247
36.858 1.211
38.027 1.169
39.194 1.167
40.257 1.063
41.341 1.084
42.543 1.202
43.743 1.2
44.951 1.208
46.03 1.079
47.067 1.037
48.203 1.136
49.374 1.171
50.424 1.05
51.548 1.124
52.735 1.187
53.937 1.202
55.014 1.077
56.087 1.073
57.046 0.959
57.968 0.922
58.975 1.007
60.143 1.168
61.435 1.292
62.604 1.169
63.799 1.195
64.981 1.182
66.035 1.054
67.146 1.111
68.292 1.146
69.335 1.043
70.503 1.168
71.707 1.204
72.856 1.149
74.125 1.269
75.326 1.201
76.5 1.174
77.725 1.225
78.881 1.156
80.052 1.171
81.273 1.221
82.397 1.124
83.609 1.212
84.865 1.256
86.031 1.166
87.225 1.194
88.448 1.223
89.601 1.153
90.864 1.263
92.12 1.256
93.29 1.17
94.481 1.191
95.656 1.175
96.746 1.09
97.979 1.233
99.247 1.268
100.391 1.144
101.585 1.194
102.822 1.237
103.935 1.113
104.993 1.058
106.066 1.073
107.028 0.962
108.206 1.178
109.401 1.195
110.506 1.105
111.647 1.141
112.802 1.155
113.876 1.074
114.89 1.014
116.017 1.127
117.222 1.205
118.43 1.208
119.716 1.286
120.905 1.189
122.068 1.163
123.279 1.211
124.391 1.112
125.567 1.176
126.848 1.281
128.148 1.3
129.42 1.272
130.715 1.295
131.961 1.246
133.169 1.208
134.448 1.279
135.756 1.308
136.977 1.221
138.198 1.221
139.466 1.268
140.735 1.269
142.01 1.275
143.228 1.218
144.505 1.277
145.743 1.238
146.947 1.204
148.113 1.166
149.383 1.27
150.58 1.197
151.75 1.17
152.802 1.052
153.953 1.151
155.261 1.308
156.53 1.269
157.774 1.244
158.974 1.2
160.046 1.072
161.206 1.16
162.36 1.154
163.393 1.033
164.477 1.084
165.624 1.147
166.752 1.128
167.758 1.006
168.821 1.063
169.94 1.119
171.011 1.071
172.05 1.039
173.151 1.101
174.27 1.119
175.306 1.036
176.335 1.029
177.42 1.085
178.525 1.105
179.581 1.056
180.68 1.099
181.858 1.178
183.007 1.149
184.112 1.105
185.275 1.163
186.432 1.157
187.446 1.014
188.502 1.056
189.606 1.104
190.765 1.159
191.884 1.119
193.111 1.227
194.367 1.256
195.534 1.167
196.738 1.204
197.96 1.222
199.13 1.17
200.358 1.228
201.592 1.234
202.784 1.192
203.845 1.061
204.961 1.116
206.112 1.151
207.26 1.148
208.373 1.113
209.545 1.172
210.705 1.16
211.816 1.111
212.879 1.063
213.983 1.104
215.128 1.145
216.182 1.054
217.299 1.117
218.442 1.143
219.559 1.117
220.569 1.01
221.625 1.056
222.741 1.116
223.912 1.171
225.021 1.109
226.189 1.168
227.349 1.16
228.473 1.124
229.47 0.997
230.454 0.984
231.472 1.018
232.548 1.076
233.571 1.023
234.662 1.091
235.774 1.112
236.774 1.0
237.776 1.002
238.75 0.974
239.63 0.88
240.541 0.911
241.466 0.925
242.475 1.009
243.518 1.043
244.492 0.974
245.493 1.001
246.534 1.041
247.566 1.032
248.556 0.99
249.626 1.07
250.756 1.13
251.834 1.078
252.973 1.139
254.179 1.206
255.328 1.149
256.437 1.109
257.555 1.118
258.67 1.115
259.699 1.029
260.814 1.115
262.002 1.188
263.196 1.194
264.306 1.11
265.439 1.133
266.608 1.169
267.722 1.114
268.795 1.073
269.909 1.114
271.044 1.135
272.117 1.073
273.149 1.032
274.273 1.124
275.418 1.145
276.512 1.094
277.664 1.152
278.852 1.188
279.989 1.137
281.058 1.069
282.145 1.087
283.275 1.13
284.327 1.052
285.393 1.066
286.498 1.105
287.571 1.073
288.729 1.158
289.955 1.226
291.129 1.174
292.312 1.183
293.509 1.197
294.682 1.173
295.751 1.069
296.87 1.119
298.009 1.139
299.049 1.04
300.18 1.131
301.357 1.177
302.447 1.09
303.575 1.128
304.74 1.165
305.831 1.091
306.998 1.167
308.194 1.196
309.283 1.089
310.383 1.1
311.496 1.113
312.549 1.053
313.623 1.074
314.764 1.141
315.918 1.154
317.007 1.089
318.133 1.126
319.298 1.165
320.412 1.114
321.564 1.152
322.723 1.159
323.781 1.058
324.848 1.067
325.918 1.07
326.925 1.007
327.931 1.006
328.998 1.067
330.103 1.105
331.207 1.104
332.305 1.098
333.358 1.053
334.463 1.105
335.573 1.11
336.663 1.09
337.704 1.041
338.682 0.978
339.623 0.941
340.647 1.024
341.808 1.161
343.03 1.222
344.254 1.224
345.499 1.245
346.711 1.212
347.893 1.182
349.033 1.14
350.104 1.071
351.093 0.989
352.113 1.02
353.224 1.111
354.383 1.159
355.541 1.158
356.647 1.106
357.661 1.014
358.703 1.042
359.801 1.098
360.919 1.118
362.031 1.112
362.991 0.96
363.843 0.852
364.645 0.802
365.459 0.814
366.352 0.893
367.5 1.148
368.69 1.19
369.855 1.165
370.99 1.135
372.04 1.05
373.044 1.004
373.98 0.936
374.863 0.883
375.705 0.842
376.581 0.876
377.578 0.997
378.667 1.089
379.798 1.131
380.938 1.14
382.066 1.128
383.181 1.115
384.263 1.082
385.292 1.029
386.309 1.017
387.308 0.999
388.325 1.017
389.362 1.037
390.385 1.023
391.368 0.983
392.306 0.938
393.262 0.956
394.222 0.96
395.192 0.97
396.164 0.972
397.089 0.925
397.991 0.902
398.902 0.911
399.851 0.949
400.881 1.03
401.839 0.958
402.781 0.942
403.75 0.969
404.746 0.996
405.683 0.937
406.59 0.907
407.521 0.931
408.502 0.981
409.508 1.006
410.435 0.927
411.384 0.949
412.37 0.986
413.375 1.005
414.344 0.969
415.318 0.974
416.319 1.001
417.335 1.016
418.31 0.975
419.224 0.914
420.16 0.936
421.117 0.957
422.114 0.997
423.042 0.928
424.019 0.977
425.01 0.991
425.957 0.947
426.902 0.945
427.866 0.964
428.862 0.996
429.79 0.928
430.77 0.98
431.797 1.027
432.783 0.986
433.76 0.977
434.758 0.998
435.747 0.989
436.683 0.936
437.618 0.935
438.547 0.929
439.472 0.925
440.366 0.894
441.302 0.936
442.282 0.98
443.316 1.034
444.304 0.988
445.318 1.014
446.349 1.031
447.378 1.029
448.42 1.042
449.428 1.008
450.39 0.962
451.312 0.922
452.246 0.934
453.161 0.915
454.129 0.968
455.162 1.033
456.25 1.088
457.279 1.029
458.34 1.061
459.421 1.081
460.456 1.035
461.551 1.095
462.742 1.191
463.89 1.148
464.978 1.088
466.077 1.099
467.212 1.135
468.331 1.119
469.401 1.07
470.513 1.112
471.648 1.135
472.707 1.059
473.772 1.065
474.895 1.123
476.055 1.16
477.116 1.061
478.218 1.102
479.361 1.143
480.41 1.049
481.532 1.122
482.701 1.169
483.845 1.144
484.937 1.092
486.056 1.119
487.197 1.141
488.252 1.055
489.374 1.122
490.571 1.197
491.718 1.147
492.844 1.126
493.998 1.154
495.129 1.131
496.243 1.114
497.402 1.159
498.552 1.15
499.65 1.098
500.788 1.138
501.947 1.159
503.039 1.092
504.201 1.162
505.388 1.187
506.476 1.088
507.59 1.114
508.727 1.137
509.803 1.076
510.861 1.058
511.97 1.109
513.145 1.175
514.243 1.098
515.387 1.144
516.536 1.149
517.633 1.097
518.764 1.131
519.916 1.152
521.068 1.152
522.2 1.132
523.384 1.184
524.55 1.166
525.666 1.116
526.796 1.13
527.934 1.138
529.005 1.071
530.1 1.095
531.234 1.134
532.343 1.109
533.427 1.084
534.423 0.996
535.443 1.02
536.515 1.072
537.627 1.112
538.719 1.092
539.759 1.04
540.694 0.935
541.576 0.882
542.403 0.827
543.207 0.804
544.046 0.839
544.87 0.824
545.682 0.812
546.474 0.792
547.222 0.748
547.994 0.772
548.809 0.815
549.705 0.896
550.584 0.879
551.491 0.907
552.405 0.914
553.333 0.928
554.214 0.881
555.164 0.95
556.137 0.973
557.057 0.92
557.98 0.923
558.942 0.962
559.943 1.001
560.933 0.99
561.971 1.038
563.066 1.095
564.129 1.063
565.166 1.037
566.201 1.035
567.223 1.022
568.168 0.945
569.168 1.0
570.239 1.071
571.245 1.006
572.312 1.067
573.422 1.11
574.444 1.022
575.479 1.035
576.503 1.024
577.474 0.971
578.561 1.087
579.687 1.126
580.841 1.154
581.977 1.136
583.154 1.177
584.323 1.169
585.428 1.105
586.539 1.111
587.645 1.106
588.653 1.008
589.659 1.006
590.689 1.03
591.737 1.048
592.732 0.995
593.753 1.021
594.839 1.086
595.938 1.099
596.943 1.005
597.969 1.026
599.014 1.045
600.085 1.071
601.154 1.069
602.226 1.072
603.275 1.049
604.281 1.006
605.319 1.038
606.322 1.003
607.258 0.936
608.193 0.935
609.045 0.852
609.642 0.597