0.000 0.823
0.823 0.823
1.585 0.762
2.456 0.871
3.326 0.87
4.107 0.781
4.948 0.841
5.822 0.874
6.597 0.775
7.322 0.725
8.33 1.008
9.273 0.943
10.28 1.007
11.209 0.929
12.17 0.961
13.065 0.895
13.978 0.913
14.85 0.872
15.553 0.703
16.275 0.722
17.447 1.172
18.616 1.169
19.727 1.111
20.818 1.091
21.916 1.098
22.936 1.02
23.758 0.822
24.505 0.747
25.354 0.849
26.531 1.177
27.667 1.136
28.593 0.926
29.396 0.803
30.188 0.792
31.271 1.083
32.346 1.075
33.169 0.823
34.064 0.895
34.861 0.797
35.735 0.874
36.574 0.839
37.496 0.922
38.444 0.948
39.305 0.861
40.281 0.976
41.182 0.901
42.149 0.967
43.066 0.917
43.86 0.794
44.577 0.717
45.295 0.718
46.11 0.815
47.102 0.992
48.044 0.942
49.055 1.011
49.914 0.859
50.898 0.984
51.912 1.014
52.712 0.8
53.796 1.084
54.832 1.036
55.923 1.091
57.021 1.098
57.99 0.969
59.092 1.102
60.118 1.026
61.157 1.039
62.086 0.929
62.955 0.869
63.739 0.784
64.615 0.876
65.484 0.869
66.533 1.049
67.689 1.156
68.733 1.044
69.678 0.945
70.553 0.875
71.294 0.741
72.007 0.713
72.705 0.698
73.907 1.202
74.974 1.067
76.088 1.114
77.137 1.049
78.18 1.043
79.08 0.9
80.137 1.057
81.046 0.909
81.841 0.795
82.765 0.924
84.052 1.287
85.295 1.243
86.389 1.094
87.428 1.039
88.521 1.093
89.505 0.984
90.3 0.795
91.278 0.978
92.086 0.808
92.85 0.764
94.034 1.184
95.293 1.259
96.506 1.213
97.636 1.13
98.661 1.025
99.751 1.09
100.865 1.114
101.776 0.911
102.805 1.029
104.033 1.228
105.179 1.146
106.286 1.107
107.315 1.029
108.443 1.128
109.522 1.079
110.402 0.88
111.448 1.046
112.678 1.23
113.788 1.11
114.692 0.904
115.713 1.021
116.921 1.208
117.965 1.044
119.103 1.138
120.236 1.133
121.193 0.957
122.073 0.88
123.177 1.104
124.235 1.058
125.094 0.859
126.033 0.939
127.111 1.078
128.146 1.035
129.221 1.075
130.321 1.1
131.321 1.0
132.304 0.983
133.468 1.164
134.474 1.006
135.334 0.86
136.399 1.065
137.571 1.172
138.632 1.061
139.706 1.074
140.766 1.06
141.804 1.038
142.875 1.071
143.939 1.064
144.887 0.948
145.686 0.799
146.413 0.727
147.29 0.877
148.391 1.101
149.281 0.89
150.029 0.748
150.829 0.8
151.586 0.757
152.491 0.905
153.355 0.864
154.191 0.836
155.057 0.866
155.879 0.822
156.625 0.746
157.331 0.706
158.077 0.746
159.199 1.122
160.316 1.117
161.382 1.066
162.436 1.054
163.422 0.986
164.243 0.821
165.094 0.851
166.205 1.111
167.348 1.143
168.347 0.999
169.255 0.908
170.286 1.031
171.346 1.06
172.283 0.937
173.233 0.95
174.347 1.114
175.472 1.125
176.504 1.032
177.426 0.922
178.474 1.048
179.596 1.122
180.573 0.977
181.518 0.945
182.622 1.104
183.774 1.152
184.798 1.024
185.77 0.972
186.85 1.08
187.901 1.051
188.754 0.853
189.623 0.869
190.59 0.967
191.842 1.252
192.946 1.104
193.942 0.996
194.824 0.882
195.75 0.926
196.563 0.813
197.561 0.998
198.373 0.812
199.106 0.733
199.917 0.811
200.769 0.852
201.519 0.75
202.277 0.758
203.243 0.966
204.392 1.149
205.53 1.138
206.558 1.028
207.564 1.006
208.621 1.057
209.593 0.972
210.436 0.843
211.285 0.849
212.372 1.087
213.508 1.136
214.569 1.061
215.6 1.031
216.662 1.062
217.64 0.978
218.526 0.886
219.541 1.015
220.611 1.07
221.516 0.905
222.428 0.912
223.267 0.839
224.14 0.873
225.069 0.929
225.846 0.777
226.718 0.872
227.635 0.917
228.446 0.811
229.37 0.924
230.376 1.006
231.274 0.898
232.198 0.924
233.131 0.933
234.007 0.876
234.777 0.77
235.687 0.91
237.034 1.347
238.245 1.211
239.289 1.044
240.274 0.985
241.41 1.136
242.52 1.11
243.446 0.926
244.401 0.955
245.471 1.07
246.47 0.999
247.335 0.865
248.209 0.874
249.28 1.071
250.392 1.112
251.405 1.013
252.322 0.917
253.348 1.026
254.299 0.951
255.205 0.906
256.205 1.0
257.11 0.905
258.011 0.901
258.867 0.856
259.649 0.782
260.514 0.865
261.349 0.835
262.282 0.933
263.239 0.957
263.998 0.759
264.709 0.711
265.386 0.677
266.092 0.706
267.186 1.094
268.075 0.889
268.9 0.825
269.911 1.011
271.024 1.113
272.101 1.077
273.097 0.996
273.955 0.858
274.818 0.863
275.833 1.015
276.864 1.031
277.796 0.932
278.609 0.813
279.454 0.845
280.552 1.098
281.581 1.029
282.584 1.003
283.609 1.025
284.62 1.011
285.599 0.979
286.551 0.952
287.474 0.923
288.361 0.887
289.347 0.986
290.278 0.931
291.281 1.003
292.254 0.973
293.1 0.846
293.994 0.894
295.015 1.021
296.015 1.0
296.993 0.978
297.965 0.972
298.747 0.782
299.572 0.825
300.638 1.066
301.704 1.066
302.658 0.954
303.55 0.892
304.548 0.998
305.638 1.09
306.616 0.978
307.426 0.81
308.147 0.721
309.362 1.215
310.458 1.096
311.511 1.053
312.565 1.054
313.622 1.057
314.605 0.983
315.626 1.021
316.687 1.061
317.66 0.973
318.484 0.824
319.442 0.958
320.56 1.118
321.622 1.062
322.634 1.012
323.569 0.935
324.558 0.989
325.434 0.876
326.205 0.771
327.026 0.821
328.232 1.206
329.326 1.094
330.396 1.07
331.278 0.882
332.151 0.873
332.898 0.747
333.613 0.715
334.349 0.736
335.071 0.722
335.916 0.845
336.886 0.97
337.874 0.988
338.827 0.953
339.698 0.871
340.53 0.832
341.417 0.887
342.359 0.942
343.308 0.949
344.162 0.854
345.05 0.888
345.968 0.918
346.772 0.804
347.697 0.925
348.722 1.025
349.702 0.98
350.588 0.886
351.52 0.932
352.474 0.954
353.426 0.952
354.257 0.831
355.109 0.852
356.106 0.997
357.156 1.05
358.08 0.924
359.072 0.992
360.034 0.962
360.879 0.845
361.778 0.899
362.81 1.032
363.847 1.037
364.704 0.857
365.571 0.867
366.575 1.004
367.627 1.052
368.666 1.039
369.814 1.148
370.933 1.119
371.883 0.95
372.819 0.936
373.804 0.985
374.759 0.955
375.617 0.858
376.654 1.037
377.725 1.071
378.656 0.931
379.609 0.953
380.632 1.023
381.526 0.894
382.458 0.932
383.456 0.998
384.398 0.942
385.204 0.806
385.992 0.788
386.898 0.906
387.954 1.056
389.007 1.053
389.962 0.955
390.83 0.868
391.658 0.828
392.594 0.936
393.658 1.064
394.718 1.06
395.753 1.035
396.708 0.955
397.528 0.82
398.298 0.77
399.102 0.804
400.038 0.936
401.085 1.047
402.077 0.992
403.002 0.925
403.946 0.944
404.936 0.99
405.836 0.9
406.649 0.813
407.508 0.859
408.411 0.903
409.289 0.878
410.255 0.966
411.164 0.909
412.07 0.906
412.949 0.879
413.794 0.845
414.696 0.902
415.647 0.951
416.54 0.893
417.491 0.951
418.464 0.973
419.443 0.979
420.368 0.925
421.291 0.923
422.27 0.979
423.128 0.858
423.917 0.789
424.818 0.901
425.978 1.16
427.014 1.036
427.993 0.979
429.007 1.014
429.854 0.847
430.819 0.965
431.848 1.029
432.764 0.916
433.757 0.993
434.673 0.916
435.472 0.799
436.394 0.922
437.57 1.176
438.588 1.018
439.544 0.956
440.591 1.047
441.613 1.022
442.545 0.932
443.637 1.092
444.728 1.091
445.633 0.905
446.472 0.839
447.533 1.061
448.665 1.132
449.683 1.018
450.566 0.883
451.561 0.995
452.62 1.059
453.605 0.985
454.599 0.994
455.595 0.996
456.513 0.918
457.511 0.998
458.459 0.948
459.34 0.881
460.252 0.912
461.111 0.859
461.873 0.762
462.71 0.837
463.811 1.101
464.758 0.947
465.643 0.885
466.672 1.029
467.69 1.018
468.527 0.837
469.278 0.751
470.019 0.741
470.802 0.783
471.556 0.754
472.464 0.908
473.496 1.032
474.442 0.946
475.423 0.981
476.396 0.973
477.239 0.843
478.097 0.858
479.041 0.944
479.933 0.892
480.809 0.876
481.834 1.025
482.885 1.051
483.756 0.871
484.593 0.837
485.565 0.972
486.718 1.153
487.692 0.974
488.698 1.006
489.749 1.051
490.711 0.962
491.594 0.883
492.55 0.956
493.524 0.974
494.439 0.915
495.456 1.017
496.435 0.979
497.296 0.861
498.188 0.892
499.227 1.039
500.209 0.982
501.061 0.852
501.938 0.877
502.998 1.06
504.1 1.102
505.071 0.971
506.019 0.948
507.018 0.999
507.919 0.901
508.771 0.852
509.69 0.919
510.674 0.984
511.527 0.853
512.461 0.934
513.452 0.991
514.363 0.911
515.358 0.995
516.327 0.969
517.201 0.874
518.112 0.911
519.048 0.936
519.893 0.845
520.845 0.952
521.888 1.043
522.86 0.972
523.769 0.909
524.741 0.972
525.64 0.899
526.426 0.786
527.159 0.733
527.912 0.753
528.727 0.815
529.564 0.837
530.338 0.774
531.043 0.705
531.722 0.679
532.388 0.666
533.036 0.648
533.764 0.728
534.786 1.022
535.629 0.843
536.534 0.905
537.465 0.931
538.305 0.84
539.033 0.728
539.718 0.685
540.383 0.665
541.064 0.681
542.249 1.185
543.287 1.038
544.332 1.045
545.383 1.051
546.432 1.049
547.373 0.941
548.227 0.854
549.124 0.897
550.148 1.024
551.182 1.034
552.116 0.934
553.04 0.924
553.945 0.905
554.846 0.901
555.789 0.943
556.777 0.988
557.662 0.885
558.548 0.886
559.415 0.867
560.233 0.818
561.155 0.922
562.088 0.933
562.979 0.891
564.022 1.043
565.025 1.003
565.832 0.807
566.645 0.813
567.562 0.917
568.581 1.019
569.547 0.966
570.408 0.861
571.349 0.941
572.248 0.899
573.024 0.776
573.785 0.761
574.636 0.851
575.727 1.091
576.643 0.916
577.483 0.84
578.333 0.85
579.176 0.843
579.974 0.798
580.711 0.737
581.422 0.711
582.24 0.818
583.247 1.007
584.181 0.934
585.0 0.819
585.872 0.872
586.854 0.982
587.837 0.983
588.681 0.844
589.514 0.833
590.399 0.885
591.397 0.998
592.351 0.954
593.248 0.897
594.298 1.05
595.362 1.064
596.277 0.915
597.184 0.907
598.2 1.016
599.166 0.966
600.039 0.873