0.000 0.664
0.664 0.664
1.374 0.71
2.211 0.837
2.92 0.709
3.63 0.71
4.345 0.715
5.039 0.694
5.765 0.726
6.514 0.749
7.317 0.803
8.191 0.874
9.001 0.81
9.915 0.914
10.893 0.978
11.801 0.908
12.697 0.896
13.595 0.898
14.488 0.893
15.475 0.987
16.465 0.99
17.364 0.899
18.298 0.934
19.154 0.856
20.02 0.866
20.901 0.881
21.819 0.918
22.78 0.961
23.682 0.902
24.663 0.981
25.678 1.015
26.601 0.923
27.517 0.916
28.388 0.871
29.249 0.861
30.136 0.887
30.897 0.761
31.738 0.841
32.642 0.904
33.478 0.836
34.281 0.803
35.172 0.891
36.279 1.107
37.388 1.109
38.381 0.993
39.289 0.908
40.26 0.971
41.258 0.998
42.227 0.969
43.089 0.862
43.897 0.808
44.737 0.84
45.699 0.962
46.665 0.966
47.654 0.989
48.535 0.881
49.48 0.945
50.563 1.083
51.561 0.998
52.445 0.884
53.403 0.958
54.471 1.068
55.447 0.976
56.329 0.882
57.313 0.984
58.388 1.075
59.423 1.035
60.32 0.897
61.117 0.797
61.882 0.765
62.944 1.062
64.012 1.068
65.046 1.034
66.053 1.007
66.979 0.926
67.943 0.964
68.863 0.92
69.783 0.92
70.669 0.886
71.478 0.809
72.307 0.829
73.412 1.105
74.51 1.098
75.593 1.083
76.661 1.068
77.714 1.053
78.748 1.034
79.683 0.935
80.662 0.979
81.556 0.894
82.47 0.914
83.399 0.929
84.243 0.844
85.069 0.826
85.969 0.9
86.833 0.864
87.764 0.931
88.677 0.913
89.627 0.95
90.581 0.954
91.443 0.862
92.218 0.775
92.932 0.714
93.867 0.935
94.671 0.804
95.653 0.982
96.548 0.895
97.494 0.946
98.478 0.984
99.442 0.964
100.314 0.872
101.246 0.932
102.229 0.983
103.196 0.967
104.07 0.874
104.879 0.809
105.773 0.894
106.721 0.948
107.611 0.89
108.446 0.835
109.392 0.946
110.425 1.033
111.463 1.038
112.472 1.009
113.399 0.927
114.246 0.847
115.138 0.892
116.108 0.97
117.129 1.021
118.117 0.988
119.073 0.956
119.941 0.868
120.792 0.851
121.724 0.932
122.684 0.96
123.646 0.962
124.549 0.903
125.346 0.797
126.144 0.798
127.102 0.958
128.117 1.015
129.114 0.997
130.074 0.96
130.916 0.842
131.753 0.837
132.654 0.901
133.554 0.9
134.43 0.876
135.252 0.822
136.012 0.76
136.833 0.821
137.754 0.921
138.719 0.965
139.627 0.908
140.488 0.861
141.427 0.939
142.403 0.976
143.354 0.951
144.27 0.916
145.089 0.819
145.913 0.824
146.855 0.942
147.817 0.962
148.759 0.942
149.588 0.829
150.447 0.859
151.432 0.985
152.464 1.032
153.477 1.013
154.437 0.96
155.471 1.034
156.539 1.068
157.556 1.017
158.429 0.873
159.352 0.923
160.368 1.016
161.366 0.998
162.222 0.856
163.003 0.781
163.734 0.731
164.492 0.758
165.632 1.14
166.731 1.099
167.768 1.037
168.759 0.991
169.711 0.952
170.529 0.818
171.281 0.752
172.073 0.792
173.037 0.964
174.044 1.007
175.045 1.001
175.952 0.907
176.905 0.953
177.892 0.987
178.886 0.994
179.85 0.964
180.741 0.891
181.569 0.828
182.415 0.846
183.326 0.911
184.268 0.942
185.202 0.934
186.153 0.951
187.034 0.881
187.938 0.904
188.861 0.923
189.792 0.931
190.697 0.905
191.555 0.858
192.496 0.941
193.485 0.989
194.479 0.994
195.455 0.976
196.321 0.866
197.158 0.837
198.01 0.852
198.888 0.878
199.753 0.865
200.551 0.798
201.404 0.853
202.346 0.942
203.336 0.99
204.303 0.967
205.211 0.908
206.011 0.8
206.783 0.772
207.587 0.804
208.471 0.884
209.301 0.83
210.293 0.992
211.41 1.117
212.481 1.071
213.451 0.97
214.306 0.855
215.207 0.901
216.089 0.882
217.002 0.913
217.82 0.818
218.66 0.84
219.615 0.955
220.576 0.961
221.414 0.838
222.295 0.881
223.256 0.961
224.216 0.96
225.075 0.859
225.98 0.905
226.897 0.917
227.805 0.908
228.667 0.862
229.433 0.766
230.164 0.731
230.941 0.777
231.919 0.978
232.933 1.014
233.921 0.988
234.846 0.925
235.822 0.976
236.817 0.995
237.739 0.922
238.545 0.806
239.348 0.803
240.244 0.896
241.211 0.967
242.131 0.92
242.933 0.802
243.702 0.769
244.524 0.822
245.338 0.814
246.077 0.739
246.81 0.733
247.551 0.741
248.341 0.79
249.24 0.899
250.062 0.822
250.848 0.786
251.626 0.778
252.348 0.722
253.036 0.688
253.699 0.663
254.331 0.632
254.972 0.641
255.643 0.671
256.388 0.745
257.232 0.844
258.101 0.869
258.954 0.853
259.727 0.773
260.425 0.698
261.099 0.674
261.758 0.659
262.421 0.663
263.12 0.699
263.811 0.691
264.513 0.702
265.259 0.746
266.173 0.914
267.092 0.919
268.014 0.922
268.929 0.915
269.805 0.876
270.64 0.835
271.428 0.788
272.171 0.743
272.92 0.749
273.792 0.872
274.794 1.002
275.794 1.0
276.787 0.993
277.738 0.951
278.606 0.868
279.405 0.799
280.213 0.808
281.094 0.881
282.037 0.943
282.967 0.93
283.874 0.907
284.753 0.879
285.547 0.794
286.318 0.771
287.148 0.83
288.064 0.916
289.004 0.94
289.894 0.89
290.677 0.783
291.464 0.787
292.299 0.835
293.188 0.889
294.038 0.85
294.825 0.787
295.688 0.863
296.687 0.999
297.661 0.974
298.58 0.919
299.419 0.839
300.212 0.793
301.054 0.842
301.926 0.872
302.855 0.929
303.72 0.865
304.54 0.82
305.385 0.845
306.279 0.894
307.176 0.897
307.962 0.786
308.727 0.765
309.542 0.815
310.458 0.916
311.398 0.94
312.31 0.912
313.123 0.813
313.938 0.815
314.769 0.831
315.626 0.857
316.455 0.829
317.271 0.816
318.185 0.914
319.141 0.956
320.076 0.935
320.923 0.847
321.746 0.823
322.626 0.88
323.54 0.914
324.39 0.85
325.195 0.805
326.016 0.821
326.922 0.906
327.844 0.922
328.738 0.894
329.536 0.798
330.331 0.795
331.162 0.831
332.026 0.864
332.868 0.842
333.637 0.769
334.378 0.741
335.148 0.77
336.03 0.882
336.985 0.955
337.954 0.969
338.858 0.904
339.722 0.864
340.628 0.906
341.595 0.967
342.537 0.942
343.409 0.872
344.21 0.801
345.015 0.805
345.883 0.868
346.788 0.905
347.633 0.845
348.445 0.812
349.294 0.849
350.183 0.889
351.087 0.904
351.962 0.875
352.789 0.827
353.575 0.786
354.315 0.74
355.095 0.78
356.042 0.947
357.018 0.976
357.967 0.949
358.886 0.919
359.773 0.887
360.593 0.82
361.369 0.776
362.173 0.804
363.051 0.878
363.949 0.898
364.819 0.87
365.655 0.836
366.414 0.759
367.138 0.724
367.884 0.746
368.701 0.817
369.577 0.876
370.472 0.895
371.361 0.889
372.164 0.803
372.946 0.782
373.797 0.851
374.737 0.94
375.683 0.946
376.571 0.888
377.369 0.798
378.161 0.792
378.944 0.783
379.751 0.807
380.589 0.838
381.407 0.818
382.219 0.812
383.135 0.916
384.097 0.962
384.986 0.889
385.773 0.787
386.567 0.794
387.39 0.823
388.235 0.845
389.018 0.783
389.778 0.76
390.578 0.8
391.404 0.826
392.257 0.853
393.068 0.811
393.912 0.844
394.767 0.855
395.571 0.804
396.446 0.875
397.335 0.889
398.089 0.754
398.826 0.737
399.567 0.741
400.343 0.776
401.091 0.748
401.905 0.814
402.786 0.881
403.708 0.922
404.606 0.898
405.429 0.823
406.25 0.821
407.149 0.899
408.057 0.908
408.888 0.831
409.693 0.805
410.539 0.846
411.435 0.896
412.293 0.858
413.128 0.835
413.883 0.755
414.616 0.733
415.345 0.729
416.138 0.793
416.981 0.843
417.791 0.81
418.578 0.787
419.394 0.816
420.237 0.843
421.065 0.828
421.889 0.824
422.757 0.868
423.554 0.797
424.401 0.847
425.318 0.917
426.206 0.888
426.977 0.771
427.745 0.768
428.538 0.793
429.411 0.873
430.281 0.87
431.083 0.802
431.912 0.829
432.784 0.872
433.651 0.867
434.457 0.806
435.284 0.827
436.125 0.841
436.973 0.848
437.77 0.797
438.488 0.718
439.153 0.665
439.871 0.718
440.688 0.817
441.4 0.712
442.064 0.664
442.754 0.69
443.519 0.765
444.323 0.804
445.031 0.708
445.723 0.692
446.435 0.712
447.227 0.792
448.111 0.884
449.002 0.891
449.886 0.884
450.742 0.856
451.6 0.858
452.424 0.824
453.223 0.799
454.003 0.78
454.754 0.751
455.499 0.745
456.267 0.768
457.145 0.878
458.079 0.934
459.023 0.944
459.916 0.893
460.69 0.774
461.45 0.76
462.252 0.802
463.1 0.848
463.995 0.895
464.892 0.897
465.778 0.886
466.655 0.877
467.516 0.861
468.331 0.815
469.097 0.766
469.854 0.757
470.662 0.808
471.494 0.832
472.272 0.778
473.134 0.862
474.084 0.95
475.039 0.955
475.966 0.927
476.864 0.898
477.711 0.847
478.481 0.77
479.229 0.748
480.027 0.798
481.03 1.003
482.029 0.999
482.996 0.967
483.897 0.901
484.693 0.796
485.484 0.791
486.34 0.856
487.194 0.854
488.077 0.883
488.898 0.821
489.707 0.809
490.58 0.873
491.585 1.005
492.574 0.989
493.459 0.885
494.244 0.785
495.009 0.765
495.884 0.875
496.835 0.951
497.76 0.925
498.675 0.915
499.572 0.897
500.429 0.857
501.278 0.849
502.109 0.831
502.954 0.845
503.785 0.831
504.573 0.788
505.361 0.788
506.242 0.881
507.192 0.95
508.09 0.898
508.889 0.799
509.641 0.752
510.42 0.779
511.285 0.865
512.172 0.887
513.047 0.875
513.84 0.793
514.672 0.832
515.533 0.861
516.423 0.89
517.2 0.777
517.969 0.769
518.751 0.782
519.55 0.799
520.385 0.835
521.177 0.792
522.071 0.894
523.002 0.931
523.867 0.865
524.69 0.823
525.521 0.831
526.349 0.828
527.186 0.837
528.002 0.816
528.778 0.776
529.597 0.819
530.464 0.867
531.317 0.853
532.13 0.813
533.003 0.873
533.911 0.908
534.754 0.843
535.558 0.804
536.369 0.811
537.195 0.826
538.025 0.83
538.789 0.764
539.541 0.752
540.326 0.785
541.184 0.858
542.092 0.908
542.952 0.86
543.752 0.8
544.544 0.792
545.406 0.862
546.303 0.897
547.189 0.886
548.005 0.816
548.854 0.849
549.757 0.903
550.644 0.887
551.427 0.783
552.213 0.786
553.028 0.815
553.884 0.856
554.716 0.832
555.485 0.769
556.282 0.797
557.174 0.892
558.079 0.905
558.992 0.913
559.862 0.87
560.628 0.766
561.422 0.794
562.246 0.824
563.112 0.866
563.959 0.847
564.738 0.779
565.541 0.803
566.357 0.816
567.188 0.831
568.013 0.825
568.805 0.792
569.703 0.898
570.701 0.998
571.625 0.924
572.495 0.87
573.411 0.916
574.254 0.843
575.041 0.787
575.837 0.796
576.664 0.827
577.511 0.847
578.3 0.789
579.187 0.887
580.045 0.858
580.902 0.857
581.675 0.773
582.474 0.799
583.269 0.795
584.054 0.785
584.807 0.753
585.623 0.816
586.552 0.929
587.49 0.938
588.359 0.869
589.277 0.918
590.181 0.904
590.974 0.793
591.733 0.759
592.506 0.773
593.38 0.874
594.35 0.97
595.282 0.932
596.157 0.875
597.097 0.94
598.055 0.958
598.881 0.826
599.779 0.898
600.688 0.909
601.55 0.862
602.343 0.793
603.182 0.839
604.077 0.895
604.977 0.9
605.853 0.876
606.632 0.779
607.374 0.742
608.058 0.684
608.724 0.666
609.37 0.646