0.000 3.214
3.214 3.214
4.507 1.293
4.766 0.259
11.691 6.925
11.999 0.308
17.742 5.743
18.548 0.806
19.352 0.804
20.198 0.846
20.982 0.784
21.718 0.736
22.672 0.954
23.59 0.918
24.406 0.816
25.249 0.843
26.167 0.918
27.067 0.9
27.936 0.869
28.858 0.922
29.782 0.924
30.323 0.541
30.598 0.275
31.523 0.925
32.436 0.913
32.773 0.337
33.176 0.403
33.495 0.319
33.893 0.398
34.199 0.306
35.072 0.873
36.027 0.955
36.997 0.97
37.931 0.934
38.821 0.89
39.83 1.009
40.818 0.988
41.722 0.904
42.631 0.909
43.542 0.911
44.44 0.898
45.276 0.836
46.18 0.904
47.127 0.947
48.038 0.911
48.918 0.88
49.884 0.966
50.851 0.967
51.713 0.862
52.605 0.892
53.479 0.874
53.732 0.253
53.992 0.26
54.27 0.278
55.132 0.862
55.968 0.836
56.911 0.943
57.223 0.312
60.508 3.285
63.853 3.345
64.285 0.432
64.542 0.257
66.406 1.864
67.307 0.901
67.646 0.339
68.164 0.518
69.1 0.936
70.066 0.966
70.459 0.393
70.971 0.512
71.383 0.412
71.862 0.479
72.82 0.958
73.726 0.906
74.021 0.295
74.479 0.458
74.744 0.265
76.896 2.152
77.646 0.75
78.019 0.373
78.384 0.365
78.748 0.364
84.998 6.25
85.282 0.284
88.549 3.267
91.224 2.675
91.713 0.489
92.02 0.307
95.412 3.392
95.868 0.456
98.922 3.054
99.467 0.545
102.881 3.414
103.323 0.442
105.675 2.352
106.218 0.543
109.129 2.911
109.65 0.521
112.925 3.275
113.569 0.644
116.313 2.744
117.025 0.712
119.309 2.284
122.614 3.305
123.231 0.617
126.582 3.351
127.264 0.682
130.748 3.484
131.014 0.266
131.285 0.271
131.567 0.282
131.909 0.342
132.262 0.353
142.998 10.736
143.963 0.965
145.029 1.066
146.068 1.039
146.502 0.434
147.0 0.498
147.937 0.937
148.921 0.984
149.871 0.95
150.369 0.498
153.824 3.455
154.601 0.777
157.677 3.076
158.162 0.485
158.442 0.28
161.183 2.741
161.916 0.733
164.354 2.438
165.051 0.697
167.936 2.885
168.69 0.754
171.347 2.657
172.133 0.786
174.753 2.62
175.587 0.834
177.886 2.299
181.337 3.451
184.777 3.44
185.221 0.444
185.617 0.396
188.634 3.017
188.94 0.306
189.59 0.65
192.039 2.449
192.347 0.308
192.644 0.297
192.957 0.313
193.308 0.351
193.588 0.28
193.943 0.355
195.262 1.319
195.628 0.366
195.953 0.325
196.567 0.614
199.751 3.184
200.303 0.552
201.209 0.906
202.113 0.904
203.052 0.939
203.864 0.812
204.808 0.944
205.727 0.919
206.344 0.617
206.596 0.252
207.132 0.536
207.419 0.287
208.255 0.836
209.086 0.831
209.643 0.557
210.582 0.939
211.478 0.896
212.269 0.791
213.112 0.843
213.505 0.393
213.917 0.412
214.779 0.862
215.6 0.821
216.456 0.856
216.991 0.535
217.264 0.273
217.786 0.522
218.096 0.31
218.909 0.813
219.732 0.823
220.456 0.724
220.917 0.461
221.328 0.411
221.587 0.259
221.859 0.272
222.156 0.297
222.429 0.273
222.931 0.502
223.796 0.865
224.081 0.285
224.552 0.471
225.434 0.882
225.737 0.303
226.328 0.591
227.437 1.109
228.456 1.019
229.387 0.931
229.73 0.343
230.245 0.515
230.728 0.483
231.065 0.337
231.937 0.872
232.206 0.269
232.681 0.475
233.786 1.105
234.187 0.401
234.682 0.495
234.962 0.28
235.674 0.712
236.638 0.964
237.05 0.412
237.507 0.457
237.785 0.278
238.259 0.474
239.966 1.707
241.416 1.45
242.841 1.425
243.435 0.594
243.725 0.29
244.29 0.565
244.563 0.273
244.835 0.272
245.419 0.584
247.159 1.74
247.8 0.641
248.646 0.846
249.526 0.88
250.449 0.923
251.155 0.706
252.034 0.879
252.875 0.841
253.255 0.38
253.713 0.458
254.146 0.433
254.555 0.409
255.422 0.867
255.713 0.291
256.105 0.392
256.431 0.326
257.185 0.754
258.025 0.84
258.861 0.836
259.296 0.435
259.732 0.436
260.584 0.852
261.433 0.849
261.684 0.251
261.953 0.269
262.215 0.262
263.001 0.786
263.791 0.79
264.077 0.286
264.6 0.523
264.856 0.256
265.433 0.577
265.81 0.377
266.216 0.406
266.629 0.413
266.928 0.299
267.553 0.625
268.962 1.409
269.702 0.74
270.001 0.299
272.094 2.093
272.354 0.26
272.897 0.543
273.688 0.791
274.56 0.872
275.383 0.823
275.773 0.39
276.051 0.278
276.878 0.827
277.171 0.293
278.612 1.441
279.291 0.679
280.038 0.747
280.408 0.37
281.912 1.504
282.795 0.883
283.24 0.445
283.585 0.345
284.398 0.813
285.171 0.773
285.989 0.818
286.55 0.561
287.016 0.466
287.59 0.574
288.447 0.857
289.271 0.824
289.552 0.281
290.174 0.622
291.016 0.842
291.867 0.851
292.755 0.888
293.005 0.25
293.635 0.63
294.526 0.891
295.051 0.525
295.36 0.309
295.806 0.446
296.195 0.389
297.041 0.846
297.952 0.911
298.849 0.897
299.185 0.336
299.447 0.262
299.74 0.293
300.095 0.355
300.347 0.252
300.88 0.533
301.511 0.631
301.791 0.28
302.481 0.69
303.444 0.963
304.293 0.849
304.558 0.265
304.908 0.35
305.265 0.357
305.582 0.317
305.996 0.414
306.866 0.87
307.13 0.264
309.466 2.336
310.33 0.864
311.272 0.942
312.021 0.749
312.578 0.557
313.098 0.52
313.996 0.898
314.918 0.922
315.79 0.872
316.171 0.381
316.616 0.445
317.453 0.837
318.27 0.817
318.617 0.347
319.112 0.495
319.754 0.642
320.716 0.962
321.555 0.839
321.923 0.368
322.405 0.482
323.214 0.809
323.937 0.723
324.234 0.297
324.893 0.659
325.758 0.865
326.562 0.804
327.387 0.825
328.216 0.829
329.005 0.789
329.809 0.804
330.079 0.27
330.584 0.505
331.386 0.802
332.176 0.79
332.993 0.817
333.747 0.754
334.611 0.864
335.427 0.816
336.18 0.753
337.096 0.916
337.384 0.288
337.941 0.557
338.779 0.838
339.573 0.794
340.39 0.817
340.852 0.462
341.163 0.311
341.982 0.819
342.753 0.771
343.04 0.287
343.582 0.542
344.383 0.801
345.215 0.832
345.472 0.257
346.098 0.626
346.4 0.302
346.662 0.262
346.962 0.3
347.674 0.712
347.953 0.279
348.238 0.285
350.037 1.799
350.336 0.299
351.426 1.09
353.239 1.813
353.598 0.359
354.007 0.409
354.384 0.377
354.664 0.28
354.969 0.305
355.601 0.632
356.162 0.561
357.157 0.995
358.279 1.122
358.792 0.513
361.853 3.061
365.424 3.571
366.153 0.729
367.782 1.629
369.292 1.51
369.614 0.322
369.889 0.275
370.693 0.804
372.327 1.634
376.054 3.727
377.222 1.168
377.711 0.489
378.335 0.624
378.609 0.274
380.694 2.085
381.484 0.79
381.985 0.501
384.593 2.608
385.833 1.24
388.343 2.51
389.411 1.068
393.24 3.829
394.059 0.819
394.874 0.815
395.701 0.827
396.53 0.829
397.329 0.799
398.147 0.818
399.002 0.855
399.839 0.837
400.692 0.853
401.231 0.539
401.918 0.687
402.364 0.446
405.678 3.314
406.438 0.76
407.29 0.852
408.132 0.842
408.911 0.779
409.752 0.841
410.588 0.836
411.4 0.812
412.265 0.865
412.702 0.437
413.096 0.394
413.395 0.299
413.735 0.34
414.711 0.976
415.583 0.872
416.385 0.802
421.15 4.765
421.447 0.297
424.561 3.114
430.248 5.687
430.994 0.746
432.089 1.095
432.553 0.464
433.017 0.464
433.285 0.268
434.764 1.479
435.06 0.296
435.436 0.376
436.192 0.756
436.561 0.369
437.268 0.707
437.544 0.276
437.899 0.355
438.463 0.564
445.994 7.531
446.276 0.282
446.539 0.263
452.331 5.792
453.443 1.112
454.87 1.427
456.167 1.297
456.598 0.431
458.846 2.248
459.411 0.565
460.9 1.489
461.807 0.907
462.421 0.614
463.586 1.165
464.906 1.32
468.789 3.883
469.513 0.724
470.314 0.801
470.75 0.436
472.765 2.015
473.6 0.835
474.501 0.901
476.593 2.092
477.564 0.971
479.337 1.773
480.686 1.349
481.587 0.901
485.25 3.663
485.507 0.257
486.091 0.584
486.531 0.44
486.846 0.315
488.978 2.132
489.243 0.265
489.972 0.729
490.326 0.354
492.486 2.16
492.739 0.253
493.956 1.217
496.18 2.224
496.727 0.547
500.047 3.32
500.431 0.384
500.874 0.443
501.441 0.567
501.913 0.472
502.3 0.387
504.061 1.761
504.322 0.261
512.993 8.671
513.839 0.846
514.715 0.876
515.62 0.905
516.5 0.88
517.338 0.838
518.16 0.822
519.016 0.856
519.908 0.892
520.827 0.919
521.678 0.851
522.568 0.89
523.498 0.93
524.43 0.932
525.126 0.696
525.585 0.459
525.905 0.32
526.48 0.575
526.814 0.334
532.378 5.564
533.633 1.255
534.4 0.767
536.103 1.703
536.392 0.289
538.554 2.162
543.641 5.087
544.42 0.779
546.784 2.364
549.875 3.091
550.126 0.251
551.664 1.538
553.464 1.8
555.333 1.869
558.335 3.002
558.901 0.566
559.677 0.776
567.993 8.316
568.858 0.865
569.759 0.901
570.767 1.008
571.778 1.011
572.464 0.686
572.743 0.279
573.082 0.339
573.526 0.444
573.78 0.254
574.056 0.276
575.396 1.34
576.149 0.753
576.957 0.808
577.288 0.331
577.541 0.253
577.808 0.267
578.919 1.111
581.644 2.725
585.108 3.464
586.1 0.992
587.711 1.611
587.981 0.27
588.936 0.955
592.537 3.601
592.849 0.312
594.539 1.69
594.986 0.447
595.871 0.885
596.22 0.349
596.898 0.678
604.193 2.562