0.000 3.767
3.767 3.767
4.572 0.805
4.871 0.299
6.473 1.602
7.478 1.005
9.271 1.793
10.2 0.929
11.115 0.915
11.958 0.843
12.866 0.908
13.93 1.064
14.866 0.936
15.818 0.952
16.785 0.967
17.649 0.864
18.619 0.97
19.516 0.897
20.361 0.845
21.203 0.842
22.236 1.033
23.198 0.962
24.124 0.926
24.969 0.845
25.81 0.841
26.707 0.897
27.549 0.842
28.429 0.88
29.417 0.988
30.275 0.858
31.165 0.89
32.075 0.91
32.938 0.863
33.833 0.895
34.643 0.81
35.398 0.755
36.164 0.766
36.948 0.784
37.748 0.8
38.66 0.912
39.769 1.109
40.743 0.974
41.658 0.915
42.65 0.992
43.557 0.907
44.389 0.832
45.262 0.873
46.126 0.864
46.917 0.791
47.736 0.819
48.707 0.971
49.525 0.818
49.802 0.277
50.12 0.318
50.422 0.302
51.186 0.764
51.47 0.284
51.738 0.268
52.053 0.315
52.321 0.268
52.62 0.299
52.979 0.359
54.439 1.46
55.247 0.808
56.214 0.967
57.164 0.95
57.976 0.812
58.883 0.907
59.744 0.861
60.626 0.882
61.432 0.806
62.327 0.895
62.852 0.525
63.26 0.408
64.421 1.161
65.434 1.013
66.287 0.853
67.126 0.839
68.289 1.163
69.274 0.985
70.109 0.835
71.015 0.906
72.249 1.234
73.335 1.086
74.382 1.047
75.504 1.122
76.626 1.122
77.522 0.896
78.347 0.825
79.193 0.846
80.081 0.888
81.26 1.179
82.365 1.105
83.341 0.976
84.358 1.017
85.492 1.134
86.552 1.06
87.505 0.953
88.398 0.893
89.495 1.097
90.668 1.173
91.702 1.034
92.553 0.851
93.727 1.174
94.806 1.079
95.717 0.911
96.59 0.873
96.89 0.3
97.241 0.351
98.353 1.112
99.211 0.858
99.489 0.278
100.183 0.694
101.149 0.966
102.038 0.889
102.515 0.477
103.054 0.539
104.016 0.962
104.812 0.796
105.638 0.826
106.362 0.724
106.771 0.409
107.204 0.433
107.557 0.353
107.836 0.279
110.211 2.375
110.868 0.657
111.554 0.686
112.303 0.749
113.033 0.73
113.818 0.785
114.89 1.072
115.895 1.005
116.813 0.918
117.589 0.776
118.362 0.773
119.118 0.756
119.87 0.752
120.597 0.727
121.386 0.789
122.501 1.115
123.377 0.876
124.196 0.819
125.03 0.834
125.915 0.885
126.753 0.838
127.636 0.883
128.526 0.89
129.385 0.859
130.227 0.842
131.031 0.804
131.797 0.766
132.637 0.84
133.563 0.926
134.406 0.843
135.236 0.83
136.073 0.837
136.889 0.816
137.734 0.845
138.584 0.85
139.407 0.823
140.263 0.856
141.119 0.856
141.956 0.837
142.755 0.799
143.556 0.801
144.223 0.667
145.157 0.934
145.911 0.754
146.658 0.747
147.351 0.693
148.015 0.664
148.667 0.652
149.313 0.646
149.978 0.665
150.549 0.571
151.384 0.835
152.113 0.729
152.843 0.73
153.59 0.747
154.362 0.772
155.125 0.763
155.851 0.726
156.555 0.704
157.287 0.732
158.086 0.799
158.907 0.821
159.7 0.793
160.562 0.862
161.559 0.997
162.49 0.931
163.326 0.836
164.174 0.848
165.048 0.874
165.977 0.929
166.876 0.899
167.728 0.852
168.712 0.984
169.798 1.086
170.856 1.058
171.877 1.021
172.791 0.914
173.611 0.82
174.447 0.836
175.663 1.216
176.737 1.074
177.654 0.917
178.592 0.938
179.69 1.098
180.787 1.097
181.798 1.011
182.68 0.882
183.469 0.789
184.29 0.821
185.384 1.094
186.419 1.035
187.313 0.894
188.148 0.835
189.065 0.917
190.159 1.094
191.13 0.971
192.02 0.89
192.906 0.886
193.769 0.863
194.63 0.861
195.44 0.81
196.273 0.833
197.204 0.931
198.141 0.937
198.996 0.855
199.856 0.86
200.803 0.947
201.755 0.952
202.612 0.857
203.501 0.889
204.43 0.929
205.329 0.899
206.166 0.837
207.035 0.869
207.98 0.945
208.99 1.01
209.932 0.942
210.873 0.941
211.873 1.0
212.838 0.965
213.707 0.869
214.592 0.885
215.442 0.85
216.303 0.861
217.115 0.812
217.928 0.813
218.85 0.922
220.041 1.191
221.088 1.047
222.094 1.006
222.978 0.884
223.774 0.796
224.593 0.819
225.426 0.833
226.34 0.914
227.267 0.927
228.162 0.895
229.138 0.976
230.175 1.037
231.205 1.03
232.18 0.975
233.034 0.854
233.914 0.88
234.764 0.85
235.638 0.874
236.495 0.857
237.342 0.847
238.263 0.921
239.233 0.97
240.195 0.962
241.077 0.882
241.922 0.845
242.714 0.792
243.414 0.7
244.168 0.754
244.984 0.816
245.804 0.82
246.602 0.798
247.388 0.786
248.307 0.919
249.375 1.068
250.377 1.002
251.316 0.939
252.171 0.855
252.984 0.813
253.862 0.878
254.911 1.049
255.985 1.074
256.964 0.979
257.877 0.913
258.954 1.077
260.038 1.084
261.081 1.043
262.017 0.936
262.932 0.915
263.978 1.046
264.998 1.02
265.95 0.952
266.814 0.864
267.62 0.806
268.388 0.768
269.384 0.996
270.396 1.012
271.431 1.035
272.438 1.007
273.442 1.004
274.342 0.9
275.152 0.81
275.889 0.737
276.58 0.691
277.416 0.836
278.385 0.969
279.285 0.9
280.298 1.013
281.327 1.029
282.277 0.95
283.134 0.857
283.982 0.848
284.823 0.841
285.695 0.872
286.527 0.832
287.321 0.794
288.174 0.853
289.075 0.901
289.917 0.842
290.789 0.872
291.714 0.925
292.623 0.909
293.461 0.838
294.331 0.87
295.244 0.913
296.128 0.884
296.946 0.818
297.776 0.83
298.675 0.899
299.627 0.952
300.575 0.948
301.431 0.856
302.224 0.793
303.011 0.787
303.85 0.839
304.739 0.889
305.623 0.884
306.737 1.114
307.768 1.031
308.688 0.92
309.588 0.9
310.485 0.897
311.321 0.836
312.117 0.796
312.935 0.818
313.902 0.967
314.853 0.951
315.736 0.883
316.631 0.895
317.717 1.086
318.784 1.067
319.729 0.945
320.745 1.016
321.737 0.992
322.602 0.865
323.424 0.822
324.539 1.115
325.704 1.165
326.729 1.025
327.69 0.961
328.729 1.039
329.744 1.015
330.678 0.934
331.609 0.931
332.53 0.921
333.461 0.931
334.369 0.908
335.205 0.836
336.118 0.913
337.007 0.889
337.944 0.937
338.821 0.877
339.713 0.892
340.637 0.924
341.596 0.959
342.47 0.874
343.302 0.832
344.197 0.895
345.131 0.934
346.084 0.953
346.955 0.871
347.889 0.934
348.868 0.979
349.826 0.958
350.726 0.9
351.651 0.925
352.605 0.954
353.517 0.912
354.399 0.882
355.198 0.799
356.056 0.858
356.896 0.84
357.938 1.042
358.83 0.892
359.851 1.021
360.993 1.142
362.013 1.02
362.913 0.9
363.844 0.931
364.77 0.926
365.69 0.92
366.54 0.85
367.415 0.875
368.298 0.883
369.175 0.877
370.033 0.858
370.956 0.923
371.883 0.927
372.791 0.908
373.637 0.846
374.525 0.888
375.433 0.908
376.303 0.87
377.174 0.871
378.128 0.954
379.112 0.984
380.019 0.907
380.948 0.929
381.869 0.921
382.777 0.908
383.617 0.84
384.493 0.876
385.377 0.884
386.268 0.891
387.136 0.868
387.978 0.842
388.893 0.915
389.827 0.934
390.813 0.986
391.84 1.027
392.743 0.903
393.666 0.923
394.64 0.974
395.64 1.0
396.556 0.916
397.526 0.97
398.478 0.952
399.356 0.878
400.257 0.901
401.245 0.988
402.214 0.969
403.08 0.866
403.874 0.794
404.635 0.761
405.424 0.789
406.299 0.875
407.338 1.039
408.244 0.906
409.218 0.974
410.206 0.988
411.221 1.015
412.236 1.015
413.152 0.916
414.166 1.014
415.159 0.993
416.158 0.999
417.14 0.982
418.01 0.87
418.864 0.854
420.027 1.163
421.094 1.067
422.014 0.92
423.072 1.058
424.22 1.148
425.28 1.06
426.172 0.892
427.063 0.891
428.008 0.945
428.942 0.934
429.821 0.879
430.748 0.927
431.81 1.062
432.8 0.99
433.784 0.984
434.688 0.904
435.578 0.89
436.418 0.84
437.289 0.871
438.48 1.191
439.476 0.996
440.448 0.972
441.309 0.861
442.207 0.898
443.331 1.124
444.329 0.998
445.259 0.93
446.102 0.843
446.955 0.853
447.867 0.912
448.688 0.821
449.438 0.75
450.229 0.791
451.225 0.996
452.25 1.025
453.194 0.944
454.028 0.834
454.848 0.82
455.694 0.846
456.579 0.885
457.421 0.842
458.243 0.822
459.147 0.904
460.152 1.005
461.138 0.986
462.038 0.9
462.904 0.866
463.794 0.89
464.745 0.951
465.718 0.973
466.618 0.9
467.578 0.96
468.63 1.052
469.623 0.993
470.506 0.883
471.443 0.937
472.39 0.947
473.366 0.976
474.247 0.881
475.165 0.918
476.058 0.893
477.087 1.029
478.047 0.96
479.024 0.977
480.277 1.253
481.397 1.12
482.336 0.939
483.259 0.923
484.26 1.001
485.213 0.953
486.062 0.849
486.893 0.831
487.745 0.852
488.74 0.995
489.74 1.0
490.886 1.146
491.953 1.067
492.804 0.851
493.554 0.75
494.313 0.759
495.066 0.753
495.858 0.792
496.643 0.785
497.453 0.81
498.652 1.199
499.722 1.07
500.705 0.983
501.555 0.85
502.391 0.836
503.14 0.749
504.024 0.884
504.805 0.781
505.602 0.797
506.85 1.248
508.039 1.189
508.912 0.873
509.827 0.915
510.734 0.907
511.615 0.881
512.437 0.822
513.348 0.911
514.36 1.012
515.311 0.951
516.178 0.867
517.112 0.934
518.113 1.001
519.11 0.997
520.009 0.899
520.87 0.861
521.856 0.986
522.832 0.976
523.767 0.935
524.637 0.87
525.569 0.932
526.634 1.065
527.733 1.099
528.588 0.855
529.457 0.869
530.313 0.856
531.334 1.021
532.272 0.938
533.124 0.852
534.085 0.961
534.982 0.897
535.813 0.831
536.646 0.833
537.852 1.206
539.019 1.167
540.039 1.02
540.837 0.798
541.732 0.895
542.932 1.2
543.953 1.021
544.856 0.903
545.765 0.909
547.031 1.266
548.073 1.042
549.044 0.971
550.023 0.979
550.977 0.954
551.816 0.839
552.638 0.822
553.534 0.896
554.637 1.103
555.491 0.854
556.327 0.836
557.265 0.938
558.356 1.091
559.325 0.969
560.198 0.873
561.103 0.905
562.042 0.939
562.954 0.912
563.943 0.989
565.006 1.063
565.933 0.927
566.897 0.964
568.006 1.109
569.041 1.035
569.921 0.88
570.806 0.885
571.701 0.895
572.643 0.942
573.524 0.881
574.464 0.94
575.657 1.193
576.782 1.125
577.752 0.97
578.687 0.935
579.593 0.906
580.597 1.004
581.569 0.972
582.459 0.89
583.705 1.246
584.826 1.121
585.741 0.915
586.602 0.861
587.514 0.912
588.508 0.994
589.507 0.999
590.423 0.916
591.299 0.876
592.254 0.955
593.215 0.961
594.172 0.957
595.027 0.855
595.877 0.85
596.857 0.98
597.813 0.956
598.744 0.931
599.617 0.873
600.575 0.958
601.57 0.995
602.544 0.974
603.517 0.973
604.4 0.883
605.341 0.941
606.424 1.083
607.462 1.038
608.404 0.942
609.288 0.884
610.307 1.019
611.316 1.009
612.226 0.91
613.159 0.933
614.216 1.057
615.224 1.008
616.145 0.921
617.055 0.91
618.068 1.013
619.081 1.013
619.966 0.885
620.892 0.926
621.868 0.976
622.808 0.94
623.675 0.867
624.614 0.939
625.608 0.994