0.000 0.79
0.79 0.79
1.635 0.845
2.499 0.864
3.412 0.913
4.325 0.913
5.257 0.932
6.135 0.878
6.984 0.849
7.846 0.862
8.745 0.899
9.654 0.909
10.643 0.989
11.708 1.065
12.747 1.039
13.798 1.051
14.854 1.056
15.911 1.057
17.01 1.099
18.151 1.141
19.275 1.124
20.313 1.038
21.317 1.004
22.301 0.984
23.261 0.96
24.227 0.966
25.256 1.029
26.339 1.083
27.44 1.101
28.557 1.117
29.663 1.106
30.666 1.003
31.614 0.948
32.533 0.919
33.473 0.94
34.43 0.957
35.499 1.069
36.617 1.118
37.638 1.021
38.594 0.956
39.537 0.943
40.475 0.938
41.409 0.934
42.353 0.944
43.352 0.999
44.407 1.055
45.495 1.088
46.54 1.045
47.532 0.992
48.448 0.916
49.385 0.937
50.379 0.994
51.419 1.04
52.365 0.946
53.257 0.892
54.151 0.894
55.082 0.931
56.079 0.997
57.168 1.089
58.273 1.105
59.388 1.115
60.475 1.087
61.519 1.044
62.471 0.952
63.409 0.938
64.344 0.935
65.299 0.955
66.27 0.971
67.297 1.027
68.379 1.082
69.473 1.094
70.575 1.102
71.655 1.08
72.647 0.992
73.601 0.954
74.546 0.945
75.486 0.94
76.422 0.936
77.368 0.946
78.358 0.99
79.369 1.011
80.408 1.039
81.451 1.043
82.48 1.029
83.414 0.934
84.322 0.908
85.225 0.903
86.078 0.853
86.989 0.911
88.033 1.044
89.054 1.021
90.081 1.027
91.119 1.038
92.18 1.061
93.238 1.058
94.289 1.051
95.246 0.957
96.138 0.892
97.017 0.879
97.904 0.887
98.956 1.052
100.053 1.097
101.156 1.103
102.157 1.001
103.171 1.014
104.226 1.055
105.162 0.936
106.05 0.888
106.953 0.903
107.929 0.976
108.962 1.033
110.064 1.102
111.163 1.099
112.186 1.023
113.145 0.959
114.107 0.962
115.127 1.02
116.201 1.074
117.268 1.067
118.296 1.028
119.237 0.941
120.19 0.953
121.229 1.039
122.297 1.068
123.341 1.044
124.301 0.96
125.249 0.948
126.258 1.009
127.348 1.09
128.438 1.09
129.471 1.033
130.461 0.99
131.519 1.058
132.613 1.094
133.691 1.078
134.657 0.966
135.582 0.925
136.574 0.992
137.628 1.054
138.718 1.09
139.812 1.094
140.894 1.082
141.893 0.999
142.863 0.97
143.827 0.964
144.721 0.894
145.68 0.959
146.828 1.148
147.916 1.088
148.971 1.055
149.963 0.992
151.002 1.039
151.984 0.982
152.875 0.891
153.691 0.816
154.66 0.969
155.843 1.183
156.969 1.126
158.028 1.059
159.007 0.979
159.999 0.992
161.054 1.055
162.187 1.133
163.329 1.142
164.422 1.093
165.441 1.019
166.434 0.993
167.448 1.014
168.498 1.05
169.594 1.096
170.73 1.136
171.871 1.141
172.999 1.128
174.071 1.072
175.097 1.026
176.121 1.024
177.135 1.014
178.152 1.017
179.164 1.012
180.191 1.027
181.252 1.061
182.344 1.092
183.481 1.137
184.588 1.107
185.67 1.082
186.688 1.018
187.651 0.963
188.551 0.9
189.445 0.894
190.377 0.932
191.348 0.971
192.353 1.005
193.352 0.999
194.375 1.023
195.424 1.049
196.511 1.087
197.566 1.055
198.607 1.041
199.572 0.965
200.373 0.801
201.16 0.787
201.989 0.829
202.89 0.901
203.836 0.946
204.933 1.097
205.971 1.038
207.049 1.078
208.135 1.086
209.154 1.019
210.108 0.954
211.053 0.945
212.045 0.992
213.077 1.032
214.177 1.1
215.283 1.106
216.332 1.049
217.31 0.978
218.272 0.962
219.237 0.965
220.248 1.011
221.317 1.069
222.408 1.091
223.426 1.018
224.397 0.971
225.362 0.965
226.313 0.951
227.292 0.979
228.292 1.0
229.34 1.048
230.415 1.075
231.498 1.083
232.561 1.063
233.552 0.991
234.496 0.944
235.419 0.923
236.299 0.88
237.296 0.997
238.419 1.123
239.506 1.087
240.587 1.081
241.608 1.021
242.616 1.008
243.656 1.04
244.679 1.023
245.66 0.981
246.563 0.903
247.452 0.889
248.357 0.905
249.423 1.066
250.537 1.114
251.629 1.092
252.717 1.088
253.801 1.084
254.88 1.079
255.947 1.067
257.0 1.053
257.954 0.954
258.857 0.903
259.774 0.917
260.74 0.966
261.782 1.042
262.807 1.025
263.85 1.043
264.907 1.057
265.989 1.082
267.092 1.103
268.173 1.081
269.247 1.074
270.295 1.048
271.241 0.946
272.099 0.858
272.933 0.834
273.787 0.854
274.667 0.88
275.646 0.979
276.747 1.101
277.764 1.017
278.809 1.045
279.865 1.056
280.858 0.993
281.868 1.01
282.912 1.044
283.957 1.045
284.942 0.985
285.872 0.93
286.747 0.875
287.525 0.778
288.325 0.8
289.187 0.862
290.074 0.887
291.248 1.174
292.361 1.113
293.341 0.98
294.277 0.936
295.272 0.995
296.348 1.076
297.436 1.088
298.486 1.05
299.427 0.941
300.352 0.925
301.321 0.969
302.422 1.101
303.524 1.102
304.643 1.119
305.75 1.107
306.842 1.092
307.847 1.005
308.835 0.988
309.85 1.015
310.955 1.105
312.043 1.088
313.072 1.029
314.071 0.999
315.118 1.047
316.209 1.091
317.302 1.093
318.384 1.082
319.429 1.045
320.464 1.035
321.486 1.022
322.565 1.079
323.656 1.091
324.766 1.11
325.84 1.074
326.84 1.0
327.864 1.024
328.95 1.086
330.042 1.092
331.116 1.074
332.101 0.985
333.055 0.954
334.047 0.992
335.126 1.079
336.235 1.109
337.285 1.05
338.334 1.049
339.449 1.115
340.554 1.105
341.581 1.027
342.553 0.972
343.527 0.974
344.537 1.01
345.585 1.048
346.616 1.031
347.584 0.968
348.539 0.955
349.558 1.019
350.611 1.053
351.623 1.012
352.588 0.965
353.603 1.015
354.593 0.99
355.593 1.0
356.531 0.938
357.404 0.873
358.259 0.855
359.122 0.863
360.128 1.006
361.311 1.183
362.411 1.1
363.477 1.066
364.537 1.06
365.583 1.046
366.625 1.042
367.624 0.999
368.512 0.888
369.371 0.859
370.232 0.861
371.129 0.897
372.294 1.165
373.405 1.111
374.376 0.971
375.31 0.934
376.318 1.008
377.382 1.064
378.449 1.067
379.443 0.994
380.367 0.924
381.267 0.9
382.09 0.823
382.966 0.876
383.846 0.88
384.858 1.012
385.956 1.098
386.966 1.01
387.841 0.875
388.761 0.92
389.702 0.941
390.621 0.919
391.467 0.846
392.271 0.804
393.091 0.82
393.985 0.894
395.111 1.126
396.227 1.116
397.297 1.07
398.295 0.998
399.257 0.962
400.224 0.967
401.157 0.933
402.083 0.926
403.123 1.04
404.252 1.129
405.318 1.066
406.289 0.971
407.231 0.942
408.171 0.94
409.127 0.956
410.117 0.99
411.132 1.015
412.194 1.062
413.272 1.078
414.347 1.075
415.406 1.059
416.396 0.99
417.317 0.921
418.206 0.889
419.082 0.876
419.885 0.803
420.654 0.769
421.458 0.804
422.332 0.874
423.331 0.999
424.197 0.866
425.054 0.857
425.933 0.879
426.836 0.903
427.771 0.935
428.746 0.975
429.719 0.973
430.647 0.928
431.518 0.871
432.378 0.86
433.242 0.864
434.13 0.888
435.05 0.92
436.061 1.011
437.15 1.089
438.226 1.076
439.284 1.058
440.335 1.051
441.37 1.035
442.403 1.033
443.435 1.032
444.381 0.946
445.319 0.938
446.28 0.961
447.23 0.95
448.178 0.948
449.141 0.963
450.141 1.0
451.201 1.06
452.286 1.085
453.366 1.08
454.373 1.007
455.35 0.977
456.3 0.95
457.194 0.894
458.139 0.945
459.304 1.165
460.395 1.091
461.477 1.082
462.508 1.031
463.417 0.909
464.264 0.847
465.114 0.85
466.076 0.962
467.24 1.164
468.39 1.15
469.464 1.074
470.531 1.067
471.515 0.984
472.461 0.946
473.342 0.881
474.258 0.916
475.404 1.146
476.478 1.074
477.543 1.065
478.623 1.08
479.683 1.06
480.65 0.967
481.579 0.929
482.502 0.923
483.517 1.015
484.664 1.147
485.663 0.999
486.628 0.965
487.618 0.99
488.68 1.062
489.813 1.133
490.894 1.081
491.927 1.033
493.058 1.131
494.18 1.122
495.285 1.105
496.343 1.058
497.281 0.938
498.136 0.855
499.002 0.866
499.971 0.969
500.973 1.002
502.089 1.116
503.145 1.056
504.245 1.1
505.316 1.071
506.32 1.004
507.221 0.901
508.119 0.898
508.979 0.86
509.804 0.825
510.674 0.87
511.542 0.868
512.496 0.954
513.555 1.059
514.644 1.089
515.7 1.056
516.739 1.039
517.701 0.962
518.588 0.887
519.386 0.798
520.156 0.77
520.964 0.808
521.938 0.974
523.071 1.133
524.13 1.059
525.204 1.074
526.175 0.971
527.171 0.996
528.228 1.057
529.275 1.047
530.222 0.947
531.074 0.852
531.907 0.833
532.772 0.865
533.033 0.261
533.519 0.486
534.03 0.511
534.609 0.579
535.756 1.147
536.874 1.118
537.97 1.096
539.046 1.076
540.13 1.084
541.174 1.044
542.195 1.021
543.129 0.934
543.984 0.855
544.793 0.809
545.644 0.851
546.599 0.955
547.646 1.047
548.669 1.023
549.683 1.014
550.62 0.937
551.552 0.932
552.555 1.003
553.593 1.038
554.578 0.985
555.394 0.816
556.192 0.798
557.009 0.817
557.955 0.946
559.078 1.123
560.16 1.082
561.177 1.017
562.173 0.996
563.2 1.027
564.259 1.059
565.307 1.048
566.285 0.978
567.244 0.959
568.245 1.001
569.306 1.061
570.349 1.043
571.343 0.994
572.326 0.983
573.286 0.96
574.21 0.924
575.125 0.915
576.049 0.924
577.165 1.116
578.247 1.082
579.339 1.092
580.419 1.08
581.425 1.006
582.392 0.967
583.235 0.843
584.062 0.827
584.947 0.885
586.031 1.084
587.185 1.154
588.253 1.068
589.302 1.049
590.325 1.023
591.305 0.98
592.222 0.917
593.092 0.87
593.939 0.847
594.791 0.852
595.724 0.933
596.75 1.026
597.816 1.066
598.85 1.034
599.895 1.045
600.956 1.061
601.978 1.022
602.921 0.943
603.82 0.899
604.691 0.871
605.616 0.925