0.000 0.84
0.84 0.84
2.351 1.511
3.081 0.73
3.831 0.75
4.638 0.807
5.574 0.936
6.528 0.954
7.455 0.927
8.311 0.856
9.199 0.888
10.09 0.891
10.905 0.815
11.809 0.904
12.755 0.946
13.746 0.991
14.747 1.001
15.711 0.964
16.56 0.849
17.318 0.758
18.108 0.79
19.082 0.974
20.095 1.013
21.044 0.949
21.959 0.915
22.847 0.888
23.762 0.915
24.667 0.905
25.511 0.844
26.298 0.787
27.146 0.848
28.029 0.883
29.021 0.992
29.988 0.967
30.893 0.905
31.755 0.862
32.586 0.831
33.373 0.787
34.093 0.72
34.827 0.734
35.927 1.1
36.975 1.048
37.893 0.918
38.846 0.953
39.866 1.02
40.865 0.999
41.726 0.861
42.6 0.874
43.559 0.959
44.611 1.052
45.609 0.998
46.515 0.906
47.428 0.913
48.409 0.981
49.455 1.046
50.513 1.058
51.543 1.03
52.5 0.957
53.361 0.861
54.254 0.893
55.304 1.05
56.329 1.025
57.283 0.954
58.144 0.861
59.016 0.872
60.003 0.987
61.054 1.051
62.046 0.992
63.083 1.037
64.115 1.032
65.075 0.96
65.927 0.852
66.762 0.835
67.778 1.016
68.908 1.13
69.936 1.028
70.878 0.942
71.839 0.961
72.804 0.965
73.749 0.945
74.574 0.825
75.443 0.869
76.521 1.078
77.582 1.061
78.589 1.007
79.508 0.919
80.451 0.943
81.472 1.021
82.447 0.975
83.357 0.91
84.212 0.855
85.182 0.97
86.174 0.992
87.085 0.911
87.953 0.868
88.918 0.965
89.864 0.946
90.67 0.806
91.48 0.81
92.382 0.902
93.451 1.069
94.476 1.025
95.369 0.893
96.166 0.797
96.983 0.817
97.947 0.964
98.934 0.987
99.901 0.967
100.83 0.929
101.687 0.857
102.563 0.876
103.475 0.912
104.413 0.938
105.295 0.882
106.187 0.892
107.094 0.907
108.02 0.926
108.932 0.912
109.827 0.895
110.795 0.968
111.751 0.956
112.616 0.865
113.413 0.797
114.24 0.827
115.193 0.953
116.325 1.132
117.409 1.084
118.436 1.027
119.478 1.042
120.54 1.062
121.541 1.001
122.441 0.9
123.284 0.843
124.206 0.922
125.28 1.074
126.341 1.061
127.315 0.974
128.179 0.864
129.039 0.86
130.018 0.979
131.083 1.065
132.1 1.017
133.032 0.932
133.931 0.899
134.889 0.958
135.866 0.977
136.802 0.936
137.674 0.872
138.569 0.895
139.555 0.986
140.536 0.981
141.472 0.936
142.299 0.827
143.1 0.801
143.949 0.849
144.978 1.029
146.098 1.12
147.119 1.021
148.097 0.978
149.113 1.016
150.144 1.031
151.143 0.999
152.072 0.929
152.977 0.905
153.975 0.998
155.022 1.047
156.081 1.059
157.091 1.01
158.039 0.948
158.955 0.916
159.915 0.96
160.885 0.97
161.74 0.855
162.546 0.806
163.333 0.787
164.134 0.801
165.003 0.869
166.053 1.05
167.071 1.018
168.045 0.974
168.999 0.954
169.875 0.876
170.749 0.874
171.656 0.907
172.557 0.901
173.404 0.847
174.213 0.809
175.047 0.834
175.911 0.864
176.767 0.856
177.578 0.811
178.478 0.9
179.44 0.962
180.386 0.946
181.277 0.891
182.156 0.879
183.069 0.913
184.037 0.968
184.977 0.94
185.835 0.858
186.685 0.85
187.465 0.78
188.26 0.795
189.123 0.863
190.069 0.946
191.024 0.955
191.889 0.865
192.697 0.808
193.571 0.874
194.578 1.007
195.645 1.067
196.674 1.029
197.625 0.951
198.58 0.955
199.55 0.97
200.539 0.989
201.471 0.932
202.376 0.905
203.39 1.014
204.416 1.026
205.399 0.983
206.279 0.88
207.175 0.896
208.077 0.902
208.956 0.879
209.718 0.762
210.465 0.747
211.269 0.804
212.176 0.907
213.115 0.939
213.992 0.877
214.909 0.917
215.858 0.949
216.734 0.876
217.569 0.835
218.452 0.883
219.258 0.806
220.013 0.755
220.756 0.743
221.553 0.797
222.615 1.062
223.678 1.063
224.711 1.033
225.675 0.964
226.611 0.936
227.579 0.968
228.549 0.97
229.525 0.976
230.433 0.908
231.32 0.887
232.28 0.96
233.276 0.996
234.277 1.001
235.246 0.969
236.145 0.899
237.04 0.895
238.012 0.972
239.084 1.072
240.137 1.053
241.113 0.976
242.084 0.971
243.095 1.011
244.139 1.044
245.169 1.03
246.055 0.886
246.839 0.784
247.702 0.863
248.822 1.12
249.855 1.033
250.795 0.94
251.632 0.837
252.522 0.89
253.481 0.959
254.417 0.936
255.228 0.811
256.041 0.813
256.901 0.86
257.803 0.902
258.648 0.845
259.515 0.867
260.531 1.016
261.589 1.058
262.604 1.015
263.567 0.963
264.484 0.917
265.42 0.936
266.314 0.894
267.139 0.825
268.095 0.956
269.191 1.096
270.261 1.07
271.268 1.007
272.29 1.022
273.31 1.02
274.296 0.986
275.238 0.942
276.219 0.981
277.262 1.043
278.334 1.072
279.328 0.994
280.367 1.039
281.452 1.085
282.545 1.093
283.594 1.049
284.644 1.05
285.709 1.065
286.764 1.055
287.787 1.023
288.807 1.02
289.854 1.047
290.929 1.075
291.933 1.004
292.876 0.943
293.883 1.007
294.941 1.058
295.886 0.945
296.767 0.881
297.773 1.006
298.803 1.03
299.76 0.957
300.677 0.917
301.739 1.062
302.792 1.053
303.808 1.016
304.73 0.922
305.586 0.856
306.546 0.96
307.607 1.061
308.638 1.031
309.585 0.947
310.536 0.951
311.458 0.922
312.375 0.917
313.214 0.839
314.071 0.857
315.049 0.978
316.09 1.041
317.043 0.953
317.988 0.945
318.967 0.979
319.917 0.95
320.804 0.887
321.749 0.945
322.737 0.988
323.686 0.949
324.577 0.891
325.542 0.965
326.509 0.967
327.425 0.916
328.276 0.851
329.248 0.972
330.308 1.06
331.292 0.984
332.216 0.924
333.183 0.967
334.209 1.026
335.203 0.994
336.123 0.92
337.012 0.889
337.94 0.928
338.895 0.955
339.875 0.98
340.88 1.005
341.794 0.914
342.745 0.951
343.777 1.032
344.809 1.032
345.776 0.967
346.672 0.896
347.572 0.9
348.51 0.938
349.427 0.917
350.296 0.869
351.107 0.811
351.981 0.874
352.974 0.993
353.989 1.015
354.937 0.948
355.835 0.898
356.8 0.965
357.802 1.002
358.715 0.913
359.568 0.853
360.447 0.879
361.453 1.006
362.457 1.004
363.428 0.971
364.391 0.963
365.283 0.892
366.098 0.815
366.955 0.857
367.966 1.011
368.952 0.986
369.902 0.95
370.802 0.9
371.759 0.957
372.757 0.998
373.722 0.965
374.604 0.882
375.47 0.866
376.369 0.899
377.381 1.012
378.359 0.978
379.272 0.913
380.085 0.813
380.988 0.903
381.843 0.855
382.635 0.792
383.562 0.927
384.569 1.007
385.545 0.976
386.44 0.895
387.343 0.903
388.356 1.013
389.274 0.918
390.084 0.81
391.018 0.934
392.049 1.031
393.06 1.011
394.032 0.972
394.857 0.825
395.66 0.803
396.552 0.892
397.491 0.939
398.314 0.823
399.128 0.814
400.041 0.913
400.962 0.921
401.819 0.857
402.669 0.85
403.609 0.94
404.543 0.934
405.424 0.881
406.277 0.853
407.165 0.888
408.064 0.899
408.876 0.812
409.694 0.818
410.601 0.907
411.532 0.931
412.4 0.868
413.276 0.876
414.182 0.906
415.088 0.906
415.914 0.826
416.756 0.842
417.625 0.869
418.495 0.87
419.311 0.816
420.113 0.802
421.055 0.942
422.067 1.012
423.088 1.021
424.049 0.961
424.985 0.936
425.897 0.912
426.837 0.94
427.765 0.928
428.646 0.881
429.499 0.853
430.433 0.934
431.432 0.999
432.397 0.965
433.302 0.905
434.15 0.848
434.998 0.848
435.879 0.881
436.68 0.801
437.454 0.774
438.257 0.803
439.119 0.862
440.031 0.912
440.915 0.884
441.824 0.909
442.782 0.958
443.719 0.937
444.562 0.843
445.4 0.838
446.295 0.895
447.198 0.903
448.041 0.843
448.824 0.783
449.644 0.82
450.519 0.875
451.448 0.929
452.353 0.905
453.22 0.867
454.091 0.871
454.984 0.893
455.862 0.878
456.674 0.812
457.484 0.81
458.35 0.866
459.285 0.935
460.225 0.94
461.157 0.932
462.047 0.89
462.94 0.893
463.887 0.947
464.813 0.926
465.721 0.908
466.626 0.905
467.526 0.9
468.394 0.868
469.185 0.791
469.962 0.777
470.912 0.95
471.944 1.032
472.869 0.925
473.728 0.859
474.613 0.885
475.596 0.983
476.619 1.023
477.622 1.003
478.621 0.999
479.587 0.966
480.507 0.92
481.451 0.944
482.49 1.039
483.543 1.053
484.586 1.043
485.582 0.996
486.525 0.943
487.396 0.871
488.26 0.864
489.371 1.111
490.495 1.124
491.6 1.105
492.602 1.002
493.474 0.872
494.381 0.907
495.462 1.081
496.587 1.125
497.671 1.084
498.68 1.009
499.679 0.999
500.733 1.054
501.802 1.069
502.872 1.07
503.877 1.005
504.89 1.013
505.924 1.034
506.981 1.057
507.983 1.002
509.019 1.036
510.084 1.065
511.17 1.086
512.194 1.024
513.163 0.969
514.124 0.961
515.166 1.042
516.217 1.051
517.277 1.06
518.271 0.994
519.273 1.002
520.318 1.045
521.368 1.05
522.368 1.0
523.31 0.942
524.326 1.016
525.373 1.047
526.423 1.05
527.429 1.006
528.372 0.943
529.373 1.001
530.461 1.088
531.574 1.113
532.639 1.065
533.609 0.97
534.584 0.975
535.634 1.05
536.721 1.087
537.776 1.055
538.771 0.995
539.787 1.016
540.853 1.066
541.914 1.061
542.912 0.998
543.854 0.942
544.814 0.96
545.889 1.075
546.97 1.081
548.033 1.063
549.037 1.004
549.997 0.96
550.979 0.982
552.011 1.032
553.022 1.011
553.975 0.953
554.93 0.955
555.95 1.02
556.995 1.045
558.0 1.005
558.946 0.946
559.93 0.984
560.944 1.014
561.987 1.043
562.97 0.983
563.894 0.924
564.791 0.897
565.771 0.98
566.813 1.042
567.868 1.055
568.878 1.01
569.83 0.952
570.713 0.883
571.628 0.915
572.664 1.036
573.688 1.024
574.706 1.018
575.634 0.928
576.51 0.876
577.453 0.943
578.455 1.002
579.451 0.996
580.385 0.934
581.348 0.963
582.347 0.999
583.349 1.002
584.301 0.952
585.269 0.968
586.297 1.028
587.345 1.048
588.356 1.011
589.303 0.947
590.286 0.983
591.286 1.0
592.282 0.996
593.193 0.911
594.077 0.884
595.066 0.989
596.13 1.064
597.176 1.046
598.114 0.938
598.987 0.873
599.951 0.964
600.96 1.009