0.000 0.886
0.886 0.886
2.635 1.749
3.518 0.883
4.386 0.868
5.221 0.835
5.982 0.761
6.831 0.849
7.733 0.902
8.664 0.931
9.588 0.924
10.66 1.072
11.777 1.117
12.772 0.995
13.79 1.018
14.941 1.151
16.014 1.073
17.006 0.992
17.961 0.955
19.188 1.227
20.418 1.23
21.559 1.141
22.631 1.072
23.74 1.109
24.947 1.207
26.1 1.153
27.152 1.052
28.211 1.059
29.44 1.229
30.602 1.162
31.672 1.07
32.71 1.038
33.843 1.133
35.046 1.203
36.162 1.116
37.246 1.084
38.419 1.173
39.562 1.143
40.665 1.103
41.719 1.054
42.875 1.156
44.038 1.163
45.105 1.067
46.182 1.077
47.401 1.219
48.583 1.182
49.666 1.083
50.613 0.947
51.448 0.835
52.405 0.957
53.755 1.35
55.095 1.34
56.348 1.253
57.524 1.176
58.635 1.111
59.75 1.115
60.977 1.227
62.22 1.243
63.388 1.168
64.463 1.075
65.554 1.091
66.811 1.257
68.063 1.252
69.22 1.157
70.303 1.083
71.272 0.969
72.488 1.216
73.689 1.201
74.82 1.131
75.835 1.015
76.824 0.989
78.084 1.26
79.346 1.262
80.564 1.218
81.662 1.098
82.775 1.113
84.012 1.237
85.187 1.175
86.293 1.106
87.442 1.149
88.642 1.2
89.756 1.114
90.775 1.019
91.874 1.099
92.979 1.105
93.999 1.02
95.039 1.04
96.175 1.136
97.27 1.095
98.323 1.053
99.413 1.09
100.469 1.056
101.483 1.014
102.597 1.114
103.726 1.129
104.797 1.071
105.919 1.122
107.078 1.159
108.161 1.083
109.253 1.092
110.422 1.169
111.549 1.127
112.649 1.1
113.821 1.172
114.974 1.153
116.011 1.037
117.187 1.176
118.38 1.193
119.523 1.143
120.69 1.167
121.879 1.189
122.985 1.106
123.994 1.009
124.889 0.895
126.093 1.204
127.325 1.232
128.479 1.154
129.605 1.126
130.643 1.038
131.772 1.129
133.002 1.23
134.18 1.178
135.312 1.132
136.385 1.073
137.504 1.119
138.666 1.162
139.794 1.128
140.955 1.161
142.15 1.195
143.311 1.161
144.405 1.094
145.455 1.05
146.564 1.109
147.774 1.21
148.949 1.175
150.065 1.116
151.137 1.072
152.284 1.147
153.406 1.122
154.403 0.997
155.436 1.033
156.511 1.075
157.598 1.087
158.777 1.179
159.981 1.204
161.178 1.197
162.282 1.104
163.349 1.067
164.455 1.106
165.655 1.2
166.794 1.139
167.849 1.055
168.946 1.097
170.138 1.192
171.295 1.157
172.394 1.099
173.4 1.006
174.423 1.023
175.626 1.203
176.825 1.199
177.962 1.137
179.029 1.067
180.004 0.975
180.907 0.903
182.129 1.222
183.373 1.244
184.577 1.204
185.668 1.091
186.628 0.96
187.713 1.085
188.969 1.256
190.176 1.207
191.26 1.084
192.197 0.937
193.061 0.864
194.04 0.979
195.098 1.058
196.172 1.074
197.096 0.924
197.957 0.861
199.091 1.134
200.261 1.17
201.361 1.1
202.339 0.978
203.165 0.826
203.922 0.757
204.727 0.805
205.964 1.237
207.208 1.244
208.339 1.131
209.355 1.016
210.281 0.926
211.343 1.062
212.506 1.163
213.673 1.167
214.761 1.088
215.743 0.982
216.635 0.892
217.683 1.048
218.865 1.182
220.029 1.164
221.099 1.07
222.091 0.992
223.128 1.037
224.305 1.177
225.414 1.109
226.501 1.087
227.494 0.993
228.441 0.947
229.354 0.913
230.321 0.967
231.419 1.098
232.479 1.06
233.48 1.001
234.429 0.949
235.33 0.901
236.395 1.065
237.539 1.144
238.642 1.103
239.66 1.018
240.609 0.949
241.574 0.965
242.605 1.031
243.632 1.027
244.606 0.974
245.46 0.854
246.278 0.818
247.271 0.993
248.437 1.166
249.542 1.105
250.583 1.041
251.506 0.923
252.335 0.829
253.129 0.794
254.194 1.065
255.455 1.261
256.626 1.171
257.711 1.085
258.65 0.939
259.49 0.84
260.31 0.82
261.236 0.926
262.392 1.156
263.532 1.14
264.575 1.043
265.59 1.015
266.65 1.06
267.728 1.078
268.758 1.03
269.631 0.873
270.423 0.792
271.291 0.868
272.414 1.123
273.586 1.172
274.678 1.092
275.687 1.009
276.717 1.03
277.777 1.06
278.836 1.059
279.84 1.004
280.763 0.923
281.608 0.845
282.531 0.923
283.721 1.19
284.852 1.131
285.863 1.011
286.707 0.844
287.462 0.755
288.306 0.844
289.431 1.125
290.636 1.205
291.733 1.097
292.719 0.986
293.728 1.009
294.796 1.068
295.851 1.055
296.806 0.955
297.752 0.946
298.756 1.004
299.784 1.028
300.728 0.944
301.611 0.883
302.549 0.938
303.498 0.949
304.492 0.994
305.451 0.959
306.487 1.036
307.553 1.066
308.573 1.02
309.421 0.848
310.2 0.779
310.96 0.76
311.717 0.757
312.88 1.163
314.039 1.159
315.142 1.103
316.135 0.993
317.0 0.865
317.807 0.807
318.632 0.825
319.83 1.198
321.035 1.205
322.166 1.131
323.246 1.08
324.224 0.978
325.03 0.806
325.801 0.771
326.658 0.857
327.881 1.223
329.01 1.129
330.049 1.039
330.903 0.854
331.811 0.908
332.824 1.013
333.915 1.091
334.936 1.021
335.919 0.983
336.781 0.862
337.607 0.826
338.63 1.023
339.852 1.222
341.013 1.161
342.086 1.073
343.06 0.974
344.067 1.007
345.141 1.074
346.177 1.036
347.075 0.898
347.854 0.779
348.721 0.867
349.752 1.031
350.92 1.168
351.96 1.04
353.003 1.043
354.153 1.15
355.266 1.113
356.316 1.05
357.347 1.031
358.413 1.066
359.507 1.094
360.515 1.008
361.357 0.842
362.154 0.797
362.984 0.83
364.245 1.261
365.466 1.221
366.605 1.139
367.646 1.041
368.581 0.935
369.408 0.827
370.319 0.911
371.351 1.032
372.382 1.031
373.39 1.008
374.375 0.985
375.276 0.901
376.088 0.812
376.882 0.794
377.708 0.826
378.908 1.2
380.11 1.202
381.289 1.179
382.412 1.123
383.433 1.021
384.236 0.803
384.928 0.692
385.713 0.785
386.87 1.157
388.057 1.187
389.153 1.096
390.175 1.022
391.128 0.953
392.049 0.921
393.002 0.953
394.089 1.087
395.23 1.141
396.326 1.096
397.311 0.985
398.161 0.85
398.983 0.822
400.03 1.047
401.171 1.141
402.223 1.052
403.192 0.969
404.084 0.892
404.892 0.808
405.707 0.815
406.526 0.819
407.517 0.991
408.582 1.065
409.62 1.038
410.634 1.014
411.605 0.971
412.465 0.86
413.327 0.862
414.262 0.935
415.269 1.007
416.319 1.05
417.366 1.047
418.365 0.999
419.239 0.874
420.026 0.787
420.789 0.763
421.56 0.771
422.464 0.904
423.564 1.1
424.698 1.134
425.74 1.042
426.706 0.966
427.557 0.851
428.334 0.777
429.09 0.756
429.873 0.783
431.017 1.144
432.185 1.168
433.282 1.097
434.328 1.046
435.307 0.979
436.184 0.877
436.973 0.789
437.727 0.754
438.482 0.755
439.291 0.809
440.338 1.047
441.498 1.16
442.606 1.108
443.651 1.045
444.616 0.965
445.474 0.858
446.264 0.79
447.067 0.803
447.922 0.855
448.919 0.997
450.056 1.137
451.147 1.091
452.145 0.998
453.064 0.919
453.922 0.858
454.791 0.869
455.726 0.935
456.708 0.982
457.642 0.934
458.477 0.835
459.342 0.865
460.255 0.913
461.212 0.957
462.225 1.013
463.085 0.86
463.852 0.767
464.635 0.783
465.491 0.856
466.685 1.194
467.874 1.189
468.988 1.114
470.038 1.05
470.979 0.941
471.875 0.896
472.814 0.939
473.904 1.09
475.042 1.138
476.129 1.087
477.118 0.989
478.018 0.9
478.862 0.844
479.738 0.876
480.723 0.985
481.79 1.067
482.857 1.067
483.866 1.009
484.742 0.876
485.499 0.757
486.225 0.726
486.968 0.743
487.847 0.879
489.052 1.205
490.217 1.165
491.331 1.114
492.387 1.056
493.35 0.963
494.186 0.836
494.955 0.769
495.699 0.744
496.502 0.803
497.45 0.948
498.514 1.064
499.588 1.074
500.595 1.007
501.486 0.891
502.249 0.763
502.969 0.72
503.718 0.749
504.581 0.863
505.573 0.992
506.698 1.125
507.796 1.098
508.787 0.991
509.624 0.837
510.372 0.748
511.084 0.712
511.799 0.715
512.589 0.79
513.629 1.04
514.707 1.078
515.735 1.028
516.667 0.932
517.477 0.81
518.266 0.789
519.109 0.843
520.064 0.955
521.066 1.002
521.926 0.86
522.844 0.918
523.796 0.952
524.716 0.92
525.543 0.827
526.342 0.799
527.193 0.851
528.15 0.957
529.128 0.978
530.124 0.996
531.126 1.002
532.105 0.979
533.041 0.936
533.876 0.835
534.645 0.769
535.381 0.736
536.102 0.721
536.882 0.78
537.845 0.963
538.845 1.0
539.836 0.991
540.826 0.99
541.712 0.886
542.466 0.754
543.18 0.714
543.901 0.721
544.728 0.827
545.689 0.961
546.81 1.121
547.929 1.119
548.942 1.013
549.783 0.841
550.506 0.723
551.202 0.696
551.963 0.761
552.839 0.876
553.924 1.085
555.05 1.126
556.019 0.969
556.868 0.849
557.602 0.734
558.293 0.691
559.013 0.72
559.9 0.887
561.107 1.207
562.267 1.16
563.347 1.08
564.348 1.001
565.247 0.899
566.071 0.824
566.815 0.744
567.518 0.703
568.224 0.706
568.987 0.763
569.849 0.862
570.752 0.903
571.664 0.912
572.515 0.851
573.322 0.807
574.078 0.756
574.836 0.758
575.689 0.853
576.636 0.947
577.612 0.976
578.523 0.911
579.411 0.888
580.257 0.846
580.996 0.739
581.697 0.701
582.397 0.7
583.16 0.763
583.982 0.822
584.881 0.899
585.789 0.908
586.668 0.879
587.528 0.86
588.345 0.817
589.085 0.74
589.802 0.717
590.5 0.698
591.201 0.701
592.005 0.804
592.952 0.947
593.997 1.045
595.047 1.05
596.018 0.971
596.923 0.905
597.726 0.803
598.475 0.749
599.172 0.697
599.862 0.69
600.617 0.755
601.545 0.928
602.608 1.063
603.734 1.126
604.81 1.076
605.818 1.008
606.78 0.962
607.731 0.951
608.676 0.945
609.556 0.88
610.393 0.837
611.282 0.889
612.243 0.961
613.189 0.946
614.055 0.866
615.042 0.987
616.143 1.101
617.228 1.085
618.188 0.96
619.235 1.047
620.348 1.113
621.4 1.052
622.331 0.931
623.333 1.002
624.377 1.044
625.35 0.973
626.286 0.936
627.125 0.839
627.934 0.809
628.849 0.915
629.864 1.015
630.873 1.009