0.000 1.08
1.08 1.08
2.28 1.2
3.456 1.176
4.586 1.13
5.666 1.08
6.69 1.024
7.781 1.091
8.874 1.093
9.924 1.05
11.006 1.082
12.057 1.051
13.143 1.086
14.228 1.085
15.259 1.031
16.303 1.044
17.367 1.064
18.303 0.936
19.279 0.976
20.3 1.021
21.187 0.887
22.105 0.918
23.087 0.982
24.123 1.036
25.189 1.066
26.213 1.024
27.196 0.983
28.155 0.959
29.157 1.002
30.257 1.1
31.337 1.08
32.4 1.063
33.504 1.104
34.619 1.115
35.696 1.077
36.789 1.093
37.947 1.158
45.066 1.067
46.192 1.126
47.298 1.106
48.332 1.034
49.49 1.158
50.65 1.16
51.734 1.084
52.81 1.076
53.807 0.997
54.736 0.929
55.678 0.942
56.655 0.977
57.75 1.095
58.843 1.093
59.887 1.044
60.923 1.036
61.962 1.039
63.022 1.06
64.087 1.065
65.109 1.022
66.096 0.987
67.119 1.023
68.142 1.023
69.129 0.987
70.159 1.03
71.278 1.119
72.369 1.091
73.415 1.046
74.505 1.09
75.602 1.097
76.646 1.044
77.714 1.068
78.827 1.113
79.878 1.051
80.922 1.044
81.999 1.077
83.045 1.046
84.07 1.025
85.129 1.059
86.189 1.06
87.207 1.018
88.27 1.063
89.337 1.067
90.363 1.026
91.424 1.061
92.547 1.123
93.627 1.08
94.646 1.019
95.681 1.035
96.728 1.047
97.728 1.0
98.651 0.923
99.552 0.901
100.447 0.895
101.412 0.965
102.46 1.048
103.49 1.03
104.514 1.024
105.445 0.931
106.297 0.852
107.125 0.828
107.965 0.84
108.78 0.815
109.554 0.774
110.399 0.845
111.316 0.917
112.415 1.099
113.466 1.051
114.429 0.963
115.394 0.965
116.414 1.02
117.497 1.083
118.559 1.062
119.615 1.056
120.618 1.003
121.576 0.958
122.499 0.923
123.388 0.889
124.206 0.818
125.0 0.794
125.837 0.837
126.754 0.917
127.765 1.011
128.781 1.016
129.846 1.065
130.948 1.102
131.989 1.041
132.968 0.979
133.963 0.995
135.055 1.092
136.077 1.022
137.062 0.985
138.128 1.066
139.192 1.064
140.181 0.989
141.182 1.001
142.226 1.044
143.282 1.056
143.697 0.415
144.257 0.56
145.238 0.981
146.233 0.995
147.247 1.014
148.004 0.757
148.321 0.317
149.232 0.911
150.236 1.004
151.245 1.009
151.773 0.528
152.208 0.435
153.199 0.991
154.205 1.006
155.059 0.854
156.191 1.132
157.211 1.02
157.6 0.389
157.893 0.293
158.184 0.291
158.731 0.547
159.103 0.372
160.042 0.939
160.985 0.943
161.891 0.906
162.704 0.813
163.01 0.306
163.895 0.885
164.179 0.284
164.977 0.798
165.396 0.419
166.621 1.225
167.79 1.169
168.725 0.935
169.605 0.88
169.939 0.334
170.291 0.352
170.902 0.611
171.859 0.957
172.129 0.27
172.723 0.594
173.671 0.948
174.694 1.023
175.682 0.988
176.654 0.972
177.547 0.893
178.487 0.94
179.488 1.001
180.546 1.058
181.638 1.092
182.705 1.067
183.738 1.033
184.731 0.993
185.718 0.987
186.713 0.995
187.707 0.994
188.705 0.998
189.71 1.005
190.712 1.002
191.709 0.997
192.687 0.978
193.578 0.891
194.436 0.858
195.444 1.008
196.666 1.222
197.74 1.074
198.685 0.945
199.652 0.967
200.715 1.063
201.81 1.095
202.821 1.011
203.789 0.968
204.818 1.029
205.903 1.085
206.969 1.066
208.038 1.069
209.152 1.114
210.28 1.128
211.348 1.068
212.427 1.079
213.5 1.073
214.527 1.027
215.551 1.024
216.63 1.079
217.705 1.075
218.714 1.009
219.754 1.04
220.806 1.052
221.8 0.994
222.835 1.035
223.919 1.084
224.979 1.06
225.503 0.524
225.882 0.379
226.965 1.083
227.989 1.024
228.987 0.998
229.969 0.982
231.005 1.036
232.04 1.035
233.027 0.987
234.097 1.07
235.181 1.084
236.163 0.982
237.045 0.882
237.883 0.838
238.717 0.834
239.556 0.839
240.496 0.94
241.576 1.08
242.621 1.045
243.624 1.003
244.625 1.001
245.672 1.047
246.7 1.028
247.41 0.71
247.855 0.445
248.46 0.605
249.28 0.82
250.156 0.876
251.277 1.121
252.642 1.365
252.911 0.269
253.52 0.609
254.693 1.173
255.831 1.138
256.956 1.125
258.018 1.062
259.042 1.024
260.089 1.047
261.115 1.026
261.693 0.578
262.067 0.374
263.028 0.961
264.099 1.071
265.287 1.188
266.388 1.101
267.511 1.123
268.653 1.142
269.752 1.099
270.754 1.002
271.052 0.298
271.333 0.281
271.671 0.338
272.716 1.045
272.985 0.269
273.713 0.728
273.969 0.256
274.246 0.277
275.092 0.846
276.248 1.156
277.325 1.077
278.276 0.951
278.551 0.275
279.02 0.469
280.061 1.041
280.994 0.933
281.278 0.284
281.542 0.264
281.828 0.286
282.239 0.411
282.535 0.296
283.548 1.013
284.059 0.511
285.056 0.997
285.972 0.916
287.102 1.13
287.469 0.367
287.722 0.253
288.029 0.307
289.232 1.203
290.231 0.999
291.226 0.995
292.264 1.038
293.298 1.034
294.327 1.029
295.36 1.033
296.377 1.017
297.388 1.011
298.4 1.012
299.394 0.994
300.4 1.006
301.475 1.075
302.559 1.084
302.945 0.386
303.477 0.532
304.604 1.127
305.68 1.076
306.779 1.099
307.331 0.552
307.617 0.286
308.037 0.42
308.371 0.334
308.702 0.331
309.987 1.285
311.161 1.174
312.227 1.066
312.524 0.297
313.293 0.769
314.371 1.078
315.419 1.048
316.552 1.133
316.885 0.333
317.179 0.294
317.457 0.278
318.314 0.857
318.701 0.387
319.405 0.704
320.377 0.972
321.371 0.994
321.754 0.383
322.247 0.493
322.613 0.366
323.095 0.482
324.012 0.917
325.19 1.178
326.322 1.132
327.383 1.061
328.485 1.102
329.651 1.166
330.786 1.135
331.826 1.04
332.858 1.032
333.932 1.074
335.022 1.09
336.063 1.041
337.086 1.023
338.152 1.066
339.215 1.063
340.244 1.029
341.369 1.125
342.518 1.149
343.592 1.074
344.588 0.996
345.605 1.017
346.663 1.058
347.707 1.044
348.706 0.999
349.746 1.04
350.748 1.002
351.657 0.909
352.568 0.911
353.625 1.057
354.799 1.174
355.936 1.137
357.001 1.065
358.055 1.054
359.101 1.046
360.146 1.045
361.168 1.022
362.182 1.014
363.245 1.063
364.278 1.033
365.309 1.031
366.317 1.008
367.419 1.102
368.538 1.119
369.594 1.056
370.656 1.062
371.732 1.076
372.297 0.565
372.736 0.439
372.996 0.26
373.627 0.631
373.897 0.27
374.486 0.589
375.398 0.912
376.52 1.122
377.619 1.099
378.669 1.05
379.739 1.07
380.789 1.05
381.775 0.986
382.767 0.992
383.768 1.001
384.612 0.844
384.921 0.309
385.278 0.357
385.574 0.296
387.579 2.005
388.666 1.087
389.695 1.029
390.7 1.005
391.727 1.027
392.785 1.058
393.795 1.01
394.747 0.952
395.253 0.506
395.658 0.405
396.581 0.923
397.542 0.961
398.616 1.074
399.64 1.024
400.568 0.928
401.408 0.84
401.748 0.34
402.007 0.259
402.339 0.332
402.652 0.313
403.009 0.357
403.281 0.272
403.654 0.373
403.911 0.257
404.261 0.35
404.558 0.297
404.871 0.313
405.57 0.699
406.588 1.018
406.902 0.314
407.562 0.66
408.49 0.928
409.412 0.922
410.328 0.916
411.079 0.751
412.089 1.01
412.433 0.344
412.81 0.377
413.062 0.252
413.823 0.761
414.755 0.932
415.686 0.931
416.602 0.916
417.497 0.895
418.418 0.921
419.367 0.949
419.995 0.628
420.545 0.55
421.2 0.655
422.136 0.936
423.105 0.969
424.049 0.944
424.942 0.893
425.835 0.893
426.746 0.911
427.646 0.9
428.525 0.879
429.48 0.955
430.498 1.018
431.515 1.017
432.486 0.971
433.472 0.986
434.46 0.988
435.431 0.971
436.374 0.943
437.345 0.971
438.349 1.004
439.304 0.955
440.197 0.893
441.102 0.905
442.033 0.931
443.005 0.972
443.96 0.955
444.896 0.936
445.832 0.936
446.772 0.94
447.674 0.902
448.584 0.91
449.51 0.926
450.463 0.953
451.395 0.932
452.186 0.791
453.237 1.051
454.129 0.892
454.993 0.864
455.792 0.799
456.636 0.844
457.582 0.946
458.623 1.041
459.63 1.007
460.645 1.015
461.674 1.029
462.652 0.978
463.56 0.908
464.485 0.925
465.447 0.962
466.432 0.985
467.377 0.945
468.29 0.913
469.213 0.923
470.143 0.93
471.025 0.882
471.915 0.89
472.854 0.939
473.832 0.978
474.778 0.946
475.653 0.875
476.532 0.879
477.403 0.871
478.266 0.863
479.097 0.831
479.991 0.894
480.989 0.998
482.031 1.042
483.04 1.009
483.992 0.952
484.939 0.947
485.871 0.932
486.776 0.905
487.486 0.71
488.471 0.985
489.338 0.867
490.34 1.002
491.388 1.048
492.41 1.022
493.423 1.013
494.405 0.982
495.352 0.947
496.257 0.905
496.752 0.495
497.028 0.276
497.932 0.904
498.791 0.859
499.705 0.914
500.637 0.932
501.545 0.908
502.46 0.915
503.386 0.926
504.315 0.929
505.235 0.92
506.122 0.887
507.015 0.893
507.925 0.91
508.834 0.909
509.738 0.904
510.173 0.435
510.667 0.494
511.618 0.951
512.584 0.966
513.088 0.504
513.523 0.435
514.012 0.489
514.466 0.454
515.451 0.985
516.441 0.99
517.386 0.945
518.311 0.925
519.29 0.979
520.232 0.942
521.116 0.884
522.045 0.929
523.037 0.992
524.011 0.974
524.905 0.894
525.743 0.838
526.805 1.062
527.739 0.934
528.642 0.903
529.539 0.897
530.47 0.931
531.434 0.964
532.159 0.725
533.116 0.957
533.709 0.593
534.614 0.905
535.407 0.793
536.307 0.9
537.435 1.128
538.455 1.02
539.394 0.939
540.305 0.911
541.219 0.914
542.098 0.879
542.944 0.846
543.778 0.834
544.632 0.854
545.506 0.874
546.398 0.892
547.326 0.928
548.271 0.945
549.233 0.962
550.167 0.934
551.09 0.923
551.996 0.906
552.928 0.932
553.867 0.939
554.506 0.639
555.279 0.773
555.655 0.376
556.072 0.417
556.438 0.366
557.4 0.962
558.402 1.002
559.418 1.016
560.421 1.003
561.394 0.973
562.364 0.97
563.313 0.949
564.231 0.918
565.11 0.879
565.997 0.887
566.297 0.3
566.919 0.622
567.834 0.915
568.611 0.777
568.914 0.303
569.17 0.256
569.515 0.345
570.511 0.996
571.436 0.925
572.162 0.726
572.833 0.671
573.193 0.36
574.295 1.102
575.278 0.983
575.81 0.532
576.138 0.328
576.444 0.306
576.722 0.278
577.049 0.327
578.126 1.077
579.089 0.963
580.036 0.947
580.848 0.812
581.162 0.314
581.496 0.334
581.911 0.415
582.846 0.935
583.269 0.423
583.541 0.272
583.807 0.266
584.074 0.267
584.479 0.405
584.847 0.368
585.143 0.296
585.428 0.285
585.683 0.255
586.537 0.854
587.203 0.666
587.453 0.25
587.735 0.282
588.137 0.402
588.408 0.271
589.091 0.683
590.375 1.284
591.154 0.779
591.492 0.338
591.777 0.285
592.095 0.318
592.456 0.361
592.831 0.375
593.111 0.28
593.743 0.632
594.554 0.811
595.422 0.868
596.405 0.983
597.27 0.865
597.787 0.517
598.353 0.566
598.978 0.625
599.281 0.303
600.224 0.943
601.151 0.927
602.041 0.89
602.747 0.706
603.048 0.301
603.483 0.435
604.026 0.543
604.562 0.536
605.434 0.872
606.317 0.883
606.971 0.654
607.289 0.318
607.628 0.339
608.093 0.465
609.0 0.907
609.923 0.923
610.815 0.892
611.161 0.346
611.633 0.472
611.888 0.255
612.401 0.513
612.996 0.595
613.558 0.562
614.431 0.873
614.942 0.511
616.097 1.155
617.179 1.082
617.901 0.722
618.166 0.265
618.66 0.494
618.925 0.265
619.198 0.273
619.966 0.768
620.84 0.874
621.72 0.88
622.582 0.862
622.936 0.354
623.431 0.495
623.71 0.279
624.295 0.585
625.183 0.888
626.131 0.948
627.065 0.934
628.003 0.938
628.926 0.923
629.882 0.956
630.859 0.977
631.809 0.95
632.78 0.971
633.762 0.982
634.71 0.948
635.641 0.931
636.554 0.913
637.513 0.959
638.506 0.993
639.479 0.973
640.438 0.959
641.412 0.974
642.357 0.945
644.154 1.797
645.087 0.933
646.057 0.97
647.011 0.954
647.938 0.927
648.85 0.912
649.763 0.913
650.682 0.919
651.605 0.923
652.557 0.952
653.51 0.953
654.437 0.927
655.323 0.886
656.181 0.858
657.066 0.885
657.981 0.915
658.933 0.952
659.857 0.924
660.771 0.914
661.672 0.901
662.568 0.896
663.425 0.857
664.302 0.877
665.246 0.944
666.227 0.981
667.192 0.965
668.13 0.938
669.084 0.954
670.051 0.967
670.981 0.93
671.869 0.888
672.769 0.9
673.682 0.913
674.639 0.957
675.452 0.813
675.751 0.299
676.074 0.323
676.447 0.373
677.447 1.0
678.163 0.716
678.505 0.342
679.147 0.642
679.4 0.253
680.278 0.878
681.162 0.884
682.086 0.924
683.034 0.948
683.672 0.638
684.18 0.508
684.911 0.731
685.179 0.268
685.884 0.705
686.867 0.983
687.854 0.987
688.215 0.361
688.732 0.517
689.599 0.867
690.164 0.565
690.687 0.523
691.06 0.373
691.396 0.336
692.448 1.052
693.395 0.947
694.358 0.963
694.714 0.356
695.101 0.387
695.378 0.277
695.871 0.493
696.137 0.266
696.616 0.479
696.896 0.28
697.305 0.409
698.355 1.05
698.786 0.431
699.042 0.256
699.469 0.427
700.252 0.783
700.677 0.425
701.177 0.5
702.129 0.952
703.074 0.945
703.54 0.466
704.078 0.538
704.501 0.423
704.889 0.388
705.842 0.953
706.834 0.992
707.799 0.965
708.084 0.285
708.732 0.648
709.287 0.555
709.668 0.381
710.639 0.971
711.572 0.933
712.468 0.896
712.959 0.491
713.344 0.385
714.203 0.859
715.068 0.865
715.407 0.339
716.036 0.629
716.553 0.517
717.086 0.533
718.133 1.047
718.952 0.819
719.284 0.332
719.906 0.622
720.159 0.253
720.427 0.268
720.69 0.263
720.972 0.282
721.24 0.268
721.533 0.293
721.81 0.277
722.25 0.44
723.361 1.111
725.556 2.195
725.903 0.347
726.276 0.373
726.569 0.293
727.531 0.962
728.583 1.052
728.859 0.276
729.188 0.329
729.509 0.321
729.784 0.275
730.08 0.296
730.425 0.345
730.701 0.276
731.422 0.721
732.328 0.906
732.686 0.358
733.009 0.323
733.366 0.357
733.627 0.261
733.883 0.256
734.367 0.484
735.381 1.014
735.857 0.476
736.381 0.524
736.72 0.339
737.088 0.368
737.632 0.544
737.916 0.284
738.222 0.306
738.486 0.264
738.793 0.307
739.064 0.271
739.329 0.265
739.688 0.359
740.034 0.346
740.809 0.775
741.762 0.953
742.311 0.549
742.735 0.424
743.064 0.329
743.322 0.258
743.602 0.28
744.105 0.503
744.615 0.51
744.894 0.279
745.195 0.301
745.583 0.388
745.985 0.402
746.238 0.253
746.547 0.309
746.861 0.314
747.302 0.441
747.554 0.252
747.808 0.254
748.1 0.292
748.543 0.443
748.871 0.328
749.34 0.469
749.657 0.317
749.918 0.261
750.527 0.609
750.797 0.27
752.517 1.72
753.235 0.718
753.508 0.273
754.165 0.657
754.438 0.273
754.856 0.418
755.126 0.27
755.458 0.332
756.075 0.617
756.647 0.572
757.147 0.5
757.834 0.687
758.119 0.285
758.47 0.351
758.744 0.274
759.039 0.295
759.406 0.367
759.813 0.407
760.358 0.545
760.926 0.568
761.236 0.31
761.538 0.302
761.848 0.31
762.145 0.297
762.438 0.293
762.76 0.322
763.039 0.279
763.296 0.257
763.633 0.337
764.017 0.384
764.328 0.311
764.585 0.257
764.852 0.267
765.245 0.393
765.514 0.269
765.839 0.325
766.116 0.277
766.396 0.28
766.691 0.295
766.977 0.286
767.272 0.295
768.453 1.181
769.337 0.884
769.892 0.555
770.17 0.278
770.563 0.393
771.267 0.704
772.259 0.992
773.242 0.983
773.519 0.277
773.986 0.467
774.289 0.303
774.602 0.313
775.023 0.421
775.407 0.384
777.083 1.676
777.505 0.422
777.789 0.284
778.2 0.411
778.471 0.271
778.876 0.405
779.166 0.29
779.919 0.753
780.956 1.037
781.309 0.353
781.797 0.488
782.155 0.358
782.45 0.295
782.763 0.313
783.133 0.37
783.859 0.726
784.511 0.652
784.808 0.297
785.096 0.288
785.613 0.517
786.051 0.438
786.355 0.304
786.762 0.407
787.182 0.42
788.93 1.748
789.222 0.292
789.474 0.252
789.735 0.261
790.053 0.318
790.323 0.27
790.689 0.366
791.339 0.65
792.378 1.039
792.76 0.382
793.057 0.297
793.37 0.313
793.852 0.482
794.315 0.463
794.748 0.433
795.362 0.614
795.636 0.274
796.369 0.733
796.859 0.49
797.22 0.361
797.543 0.323
797.96 0.417
798.217 0.257
798.716 0.499
799.277 0.561
799.662 0.385
800.267 0.605
801.22 0.953
801.542 0.322
801.871 0.329
802.158 0.287
802.421 0.263
802.677 0.256
802.949 0.272
803.389 0.44
804.6 1.211
805.09 0.49
805.421 0.331
805.868 0.447
806.2 0.332
806.474 0.274
806.778 0.304
807.046 0.268
808.261 1.215
810.366 2.105
810.817 0.451
811.395 0.578
811.905 0.51
812.392 0.487
813.257 0.865
813.583 0.326
813.95 0.367
814.512 0.562
814.805 0.293
815.09 0.285
815.35 0.26
815.619 0.269
815.936 0.317
816.499 0.563