0.000 5.114
5.114 5.114
6.29 1.176
7.523 1.233
8.696 1.173
9.881 1.185
11.114 1.233
12.312 1.198
13.53 1.218
14.77 1.24
15.98 1.21
17.154 1.174
18.37 1.216
19.606 1.236
20.774 1.168
21.839 1.065
22.923 1.084
24.103 1.18
25.232 1.129
26.451 1.219
27.614 1.163
28.789 1.175
29.908 1.119
30.967 1.059
32.092 1.125
33.256 1.164
34.393 1.137
35.444 1.051
37.632 2.188
38.794 1.162
46.095 1.096
47.112 1.017
48.148 1.036
49.179 1.031
51.22 2.041
52.227 1.007
53.273 1.046
54.371 1.098
55.42 1.049
56.353 0.933
57.295 0.942
58.337 1.042
59.481 1.144
60.6 1.119
61.707 1.107
62.858 1.151
63.984 1.126
65.067 1.083
66.095 1.028
67.121 1.026
68.172 1.051
69.276 1.104
70.329 1.053
71.414 1.085
72.529 1.115
73.579 1.05
74.597 1.018
75.727 1.13
76.917 1.19
78.118 1.201
79.291 1.173
80.446 1.155
81.58 1.134
82.742 1.162
83.881 1.139
84.975 1.094
85.937 0.962
87.006 1.069
88.212 1.206
89.377 1.165
90.477 1.1
91.576 1.099
92.69 1.114
93.765 1.075
94.813 1.048
95.875 1.062
96.883 1.008
97.862 0.979
98.899 1.037
99.962 1.063
101.022 1.06
102.076 1.054
103.063 0.987
103.996 0.933
104.849 0.853
105.633 0.784
106.676 1.043
107.827 1.151
108.963 1.136
110.1 1.137
111.239 1.139
112.339 1.1
113.399 1.06
114.445 1.046
115.526 1.081
116.51 0.984
117.495 0.985
118.658 1.163
119.902 1.244
121.11 1.208
122.335 1.225
123.534 1.199
124.7 1.166
125.822 1.122
126.868 1.046
127.896 1.028
129.028 1.132
130.178 1.15
131.306 1.128
132.445 1.139
133.493 1.048
134.508 1.015
135.53 1.022
136.584 1.054
137.653 1.069
138.785 1.132
139.907 1.122
141.008 1.101
142.082 1.074
143.163 1.081
144.256 1.093
145.342 1.086
146.435 1.093
147.411 0.976
148.364 0.953
149.367 1.003
150.476 1.109
151.612 1.136
152.729 1.117
153.734 1.005
154.729 0.995
155.812 1.083
156.953 1.141
158.1 1.147
159.163 1.063
160.267 1.104
161.434 1.167
162.504 1.07
163.404 0.9
164.245 0.841
165.552 1.307
166.781 1.229
167.843 1.062
168.755 0.912
169.744 0.989
170.826 1.082
171.905 1.079
172.856 0.951
173.83 0.974
174.852 1.022
175.908 1.056
176.969 1.061
177.981 1.012
178.99 1.009
180.124 1.134
181.36 1.236
182.631 1.271
183.855 1.224
185.047 1.192
186.287 1.24
187.518 1.231
188.778 1.26
190.018 1.24
191.23 1.212
192.503 1.273
193.689 1.186
194.807 1.118
196.067 1.26
197.343 1.276
198.609 1.266
199.784 1.175
200.998 1.214
202.234 1.236
203.417 1.183
204.468 1.051
205.414 0.946
206.566 1.152
207.791 1.225
208.99 1.199
210.195 1.205
211.375 1.18
212.546 1.171
213.684 1.138
214.7 1.016
215.725 1.025
216.866 1.141
218.027 1.161
219.177 1.15
220.33 1.153
221.439 1.109
222.443 1.004
223.42 0.977
224.465 1.045
225.707 1.242
227.04 1.333
228.261 1.221
229.45 1.189
230.628 1.178
231.786 1.158
232.951 1.165
234.137 1.186
235.274 1.137
236.365 1.091
237.426 1.061
238.462 1.036
239.451 0.989
240.416 0.965
241.427 1.011
242.413 0.986
243.334 0.921
244.155 0.821
245.028 0.873
245.977 0.949
246.967 0.99
247.982 1.015
249.037 1.055
250.074 1.037
251.12 1.046
252.185 1.065
253.293 1.108
254.449 1.156
255.619 1.17
256.712 1.093
257.717 1.005
258.706 0.989
259.892 1.186
261.129 1.237
262.326 1.197
263.463 1.137
264.474 1.011
265.51 1.036
266.639 1.129
267.809 1.17
268.936 1.127
270.051 1.115
271.066 1.015
271.965 0.899
272.842 0.877
273.73 0.888
274.665 0.935
275.67 1.005
276.624 0.954
277.508 0.884
278.417 0.909
279.362 0.945
280.345 0.983
281.311 0.966
282.211 0.9
283.182 0.971
284.258 1.076
285.448 1.19
286.636 1.188
287.729 1.093
288.824 1.095
289.997 1.173
291.24 1.243
292.397 1.157
293.419 1.022
294.558 1.139
295.83 1.272
297.046 1.216
298.24 1.194
299.493 1.253
300.695 1.202
301.816 1.121
303.041 1.225
304.288 1.247
305.45 1.162
306.66 1.21
307.9 1.24
309.044 1.144
310.037 0.993
310.982 0.945
312.12 1.138
313.369 1.249
314.596 1.227
315.749 1.153
316.877 1.128
317.894 1.017
318.948 1.054
320.069 1.121
321.186 1.117
322.231 1.045
323.391 1.16
324.58 1.189
325.719 1.139
326.805 1.086
327.993 1.188
329.18 1.187
330.279 1.099
331.41 1.131
332.596 1.186
333.709 1.113
334.705 0.996
335.71 1.005
336.973 1.263
338.244 1.271
339.482 1.238
340.598 1.116
341.744 1.146
342.918 1.174
343.976 1.058
344.932 0.956
345.958 1.026
347.129 1.171
348.309 1.18
349.395 1.086
350.508 1.113
351.604 1.096
352.668 1.064
353.827 1.159
354.969 1.142
356.042 1.073
357.236 1.194
358.467 1.231
359.638 1.171
360.611 0.973
361.579 0.968
362.7 1.121
363.869 1.169
365.067 1.198
366.252 1.185
367.332 1.08
368.365 1.033
369.387 1.022
370.49 1.103
371.595 1.105
372.65 1.055
373.611 0.961
374.648 1.037
375.747 1.099
376.876 1.129
377.933 1.057
378.922 0.989
379.966 1.044
381.131 1.165
382.303 1.172
383.411 1.108
384.447 1.036
385.587 1.14
386.769 1.182
387.905 1.136
389.051 1.146
390.127 1.076
391.149 1.022
392.239 1.09
393.48 1.241
394.732 1.252
395.884 1.152
396.976 1.092
397.991 1.015
398.863 0.872
399.779 0.916
400.869 1.09
401.886 1.017
402.894 1.008
404.057 1.163
405.304 1.247
406.503 1.199
407.661 1.158
408.754 1.093
409.789 1.035
410.883 1.094
412.0 1.117
413.122 1.122
414.149 1.027
415.207 1.058
416.373 1.166
417.484 1.111
418.656 1.172
419.903 1.247
421.095 1.192
422.233 1.138
423.412 1.179
424.636 1.224
425.701 1.065
426.599 0.898
427.554 0.955
428.882 1.328
430.141 1.259
431.344 1.203
432.522 1.178
433.651 1.129
434.795 1.144
435.929 1.134
437.045 1.116
438.182 1.137
439.269 1.087
440.413 1.144
441.626 1.213
442.835 1.209
444.049 1.214
445.246 1.197
446.486 1.24
447.692 1.206
448.9 1.208
450.134 1.234
451.378 1.244
452.56 1.182
453.788 1.228
455.006 1.218
456.103 1.097
457.215 1.112
458.386 1.171
459.454 1.068
460.437 0.983
461.564 1.127
462.777 1.213
463.968 1.191
465.076 1.108
466.197 1.121
467.395 1.198
468.558 1.163
469.72 1.162
470.904 1.184
472.025 1.121
473.094 1.069
474.243 1.149
475.477 1.234
476.655 1.178
477.769 1.114
478.992 1.223
480.246 1.254
481.436 1.19
482.671 1.235
483.925 1.254
485.079 1.154
486.263 1.184
487.509 1.246
488.65 1.141
489.85 1.2
491.057 1.207
492.182 1.125
493.399 1.217
495.779 2.38
497.025 1.246
498.187 1.162
499.413 1.226
500.587 1.174
501.735 1.148
502.949 1.214
504.069 1.12
505.227 1.158
506.396 1.169
507.524 1.128
508.734 1.21
509.853 1.119
510.901 1.048
512.039 1.138
513.233 1.194
514.407 1.174
515.59 1.183
516.731 1.141
517.703 0.972
518.594 0.891
519.617 1.023
520.822 1.205
522.006 1.184
523.113 1.107
524.167 1.054
525.235 1.068
526.373 1.138
527.507 1.134
528.569 1.062
529.635 1.066
530.752 1.117
531.899 1.147
533.001 1.102
534.102 1.101
535.202 1.1
536.274 1.072
537.417 1.143
538.595 1.178
539.738 1.143
540.878 1.14
542.119 1.241
543.338 1.219
544.468 1.13
545.674 1.206
546.887 1.213
548.095 1.208
549.275 1.18
550.462 1.187
551.547 1.085
552.551 1.004
553.599 1.048
554.87 1.271
556.14 1.27
557.36 1.22
558.554 1.194
559.765 1.211
560.898 1.133
561.93 1.032
563.027 1.097
564.169 1.142
565.272 1.103
566.262 0.99
567.214 0.952
568.28 1.066
569.498 1.218
570.665 1.167
571.757 1.092
572.872 1.115
573.954 1.082
574.917 0.963
575.921 1.004
576.968 1.047
577.962 0.994
578.927 0.965
580.007 1.08
581.138 1.131
582.191 1.053
583.161 0.97
584.167 1.006
585.313 1.146
586.476 1.163
587.656 1.18
588.715 1.059
589.786 1.071
590.956 1.17
592.067 1.111
593.161 1.094
594.398 1.237
595.631 1.233
596.71 1.079
597.792 1.082
598.992 1.2
600.16 1.168
601.327 1.167
602.499 1.172
603.58 1.081
604.585 1.005
605.691 1.106
606.818 1.127
607.913 1.095
608.929 1.016
609.973 1.044
611.025 1.052