0.000 0.756
0.756 0.756
1.514 0.758
2.267 0.753
3.016 0.749
3.815 0.799
4.612 0.797
5.391 0.779
6.192 0.801
7.057 0.865
7.969 0.912
8.84 0.871
9.745 0.905
10.632 0.887
11.506 0.874
12.407 0.901
13.223 0.816
14.135 0.912
15.186 1.051
16.313 1.127
17.332 1.019
18.36 1.028
19.344 0.984
20.216 0.872
21.134 0.918
22.09 0.956
23.11 1.02
24.019 0.909
24.95 0.931
25.953 1.003
26.998 1.045
27.976 0.978
28.949 0.973
29.96 1.011
30.96 1.0
31.928 0.968
32.918 0.99
33.94 1.022
34.919 0.979
35.932 1.013
36.963 1.031
37.93 0.967
38.893 0.963
39.852 0.959
40.736 0.884
41.561 0.825
42.333 0.772
43.064 0.731
44.231 1.167
45.196 0.965
46.147 0.951
47.158 1.011
48.153 0.995
49.118 0.965
50.117 0.999
51.046 0.929
51.892 0.846
52.807 0.915
53.807 1.0
54.867 1.06
55.846 0.979
56.887 1.041
57.971 1.084
58.939 0.968
59.897 0.958
60.896 0.999
61.844 0.948
62.794 0.95
63.8 1.006
64.786 0.986
65.831 1.045
66.876 1.045
67.844 0.968
68.823 0.979
69.786 0.963
70.67 0.884
71.602 0.932
72.54 0.938
73.488 0.948
74.383 0.895
75.32 0.937
76.293 0.973
76.976 0.683
77.993 1.017
78.944 0.951
79.877 0.933
80.849 0.972
81.817 0.968
82.734 0.917
83.71 0.976
84.708 0.998
85.657 0.949
86.644 0.987
87.726 1.082
88.78 1.054
89.758 0.978
90.707 0.949
91.658 0.951
92.541 0.883
93.409 0.868
94.219 0.81
94.998 0.779
96.07 1.072
97.121 1.051
98.109 0.988
99.155 1.046
100.236 1.081
101.284 1.048
102.257 0.973
103.268 1.011
104.35 1.082
105.404 1.054
106.497 1.093
107.591 1.094
108.598 1.007
109.536 0.938
110.506 0.97
111.547 1.041
112.623 1.076
113.614 0.991
114.643 1.029
115.681 1.038
116.704 1.023
117.69 0.986
118.731 1.041
119.744 1.013
120.678 0.934
121.658 0.98
122.683 1.025
123.632 0.949
124.602 0.97
125.545 0.943
126.467 0.922
127.453 0.986
128.439 0.986
129.398 0.959
130.355 0.957
131.28 0.925
132.106 0.826
132.992 0.886
134.033 1.041
135.147 1.114
136.174 1.027
137.166 0.992
138.128 0.962
139.089 0.961
139.956 0.867
140.844 0.888
141.75 0.906
142.683 0.933
143.561 0.878
144.468 0.907
145.416 0.948
146.345 0.929
147.216 0.871
148.145 0.929
149.18 1.035
150.213 1.033
151.182 0.969
152.172 0.99
153.182 1.01
154.132 0.95
155.106 0.974
156.145 1.039
157.176 1.031
158.167 0.991
159.21 1.043
160.25 1.04
161.182 0.932
162.113 0.931
163.057 0.944
164.022 0.965
164.929 0.907
165.882 0.953
166.852 0.97
167.72 0.868
168.567 0.847
169.472 0.905
170.451 0.979
171.486 1.035
172.481 0.995
173.38 0.899
174.268 0.888
175.128 0.86
175.972 0.844
176.894 0.922
177.76 0.866
178.526 0.766
179.284 0.758
180.018 0.734
180.835 0.817
181.609 0.774
182.538 0.929
183.473 0.935
184.519 1.046
185.472 0.953
186.489 1.017
187.487 0.998
188.424 0.937
189.321 0.897
190.146 0.825
190.93 0.784
191.712 0.782
192.51 0.798
193.313 0.803
194.104 0.791
194.904 0.8
195.696 0.792
196.495 0.799
197.265 0.77
198.053 0.788
198.849 0.796
199.614 0.765
200.345 0.731
201.105 0.76
201.884 0.779
202.719 0.835
203.486 0.767
204.263 0.777
205.051 0.788
205.915 0.864
206.703 0.788
207.505 0.802
208.359 0.854
209.186 0.827
209.995 0.809
210.788 0.793
211.629 0.841
212.507 0.878
213.411 0.904
214.236 0.825
215.057 0.821
215.872 0.815
216.67 0.798
217.473 0.803
218.328 0.855
219.179 0.851
220.017 0.838
220.929 0.912
221.898 0.969
222.878 0.98
223.247 0.369
223.723 0.476
224.497 0.774
225.349 0.852
226.257 0.908
227.308 1.051
228.401 1.093
229.446 1.045
230.472 1.026
231.457 0.985
232.456 0.999
233.437 0.981
234.329 0.892
235.203 0.874
236.189 0.986
237.188 0.999
238.227 1.039
239.149 0.922
239.971 0.822
240.762 0.791
241.515 0.753
242.273 0.758
243.185 0.912
244.009 0.824
244.942 0.933
245.896 0.954
246.927 1.031
247.917 0.99
248.779 0.862
249.705 0.926
250.738 1.033
251.775 1.037
252.766 0.991
253.847 1.081
254.918 1.071
255.829 0.911
256.754 0.925
257.724 0.97
258.702 0.978
259.595 0.893
260.525 0.93
261.538 1.013
262.484 0.946
263.423 0.939
264.379 0.956
265.267 0.888
266.215 0.948
267.254 1.039
268.233 0.979
269.265 1.032
270.294 1.029
271.276 0.982
272.205 0.929
273.0 0.795
273.742 0.742
274.617 0.875
275.46 0.843
276.327 0.867
277.182 0.855
278.02 0.838
278.9 0.88
279.779 0.879
280.668 0.889
281.552 0.884
282.507 0.955
283.521 1.014
284.525 1.004
285.511 0.986
286.473 0.962
287.438 0.965
288.471 1.033
289.545 1.074
290.606 1.061
291.748 1.142
292.896 1.148
294.013 1.117
295.09 1.077
296.203 1.113
297.334 1.131
298.358 1.024
299.343 0.985
300.28 0.937
301.101 0.821
301.941 0.84
302.828 0.887
303.749 0.921
304.631 0.882
305.445 0.814
306.347 0.902
307.287 0.94
308.249 0.962
309.212 0.963
310.133 0.921
311.044 0.911
311.951 0.907
312.802 0.851
313.601 0.799
314.456 0.855
315.351 0.895
316.236 0.885
317.038 0.802
317.929 0.891
318.839 0.91
319.805 0.966
320.69 0.885
321.602 0.912
322.556 0.954
323.497 0.941
324.398 0.901
325.285 0.887
326.231 0.946
327.127 0.896
328.107 0.98
329.178 1.071
330.209 1.031
331.274 1.065
332.357 1.083
333.374 1.017
334.399 1.025
335.556 1.157
336.676 1.12
337.825 1.149
338.907 1.082
339.844 0.937
340.785 0.941
341.792 1.007
342.792 1.0
343.741 0.949
344.891 1.15
345.956 1.065
346.863 0.907
347.771 0.908
348.718 0.947
349.64 0.922
350.555 0.915
351.53 0.975
352.506 0.976
353.471 0.965
354.494 1.023
355.552 1.058
356.519 0.967
357.481 0.962
358.471 0.99
359.395 0.924
360.316 0.921
361.351 1.035
362.401 1.05
363.358 0.957
364.355 0.997
365.404 1.049
366.431 1.027
367.378 0.947
368.337 0.959
369.247 0.91
370.095 0.848
371.008 0.913
372.02 1.012
373.142 1.122
374.233 1.091
375.243 1.01
376.25 1.007
377.245 0.995
378.125 0.88
379.028 0.903
379.9 0.872
380.844 0.944
382.033 1.189
383.187 1.154
384.216 1.029
385.218 1.002
386.159 0.941
386.968 0.809
387.776 0.808
388.666 0.89
389.596 0.93
390.692 1.096
391.719 1.027
392.672 0.953
393.553 0.881
394.463 0.91
395.421 0.958
396.439 1.018
397.339 0.9
398.302 0.963
399.311 1.009
400.319 1.008
401.301 0.982
402.37 1.069
403.467 1.097
404.528 1.061
405.581 1.053
406.57 0.989
407.567 0.997
408.562 0.995
409.538 0.976
410.448 0.91
411.393 0.945
412.381 0.988
413.389 1.008
414.379 0.99
415.395 1.016
416.365 0.97
417.192 0.827
418.042 0.85
418.937 0.895
419.854 0.917
420.776 0.922
421.846 1.07
422.919 1.073
423.924 1.005
424.958 1.034
425.952 0.994
426.813 0.861
427.619 0.806
428.392 0.773
429.136 0.744
429.865 0.729
430.672 0.807
431.553 0.881
432.531 0.978
433.537 1.006
434.47 0.933
435.401 0.931
436.378 0.977
437.359 0.981
438.271 0.912
439.169 0.898
440.162 0.993
441.298 1.136
442.481 1.183
443.601 1.12
444.621 1.02
445.631 1.01
446.649 1.018
447.669 1.02
448.625 0.956
449.619 0.994
450.67 1.051
451.649 0.979
452.606 0.957
453.604 0.998
454.642 1.038
455.587 0.945
456.559 0.972
457.598 1.039
458.539 0.941
459.134 0.595
459.399 0.265
460.353 0.954
461.362 1.009
462.408 1.046
463.463 1.055
464.525 1.062
465.569 1.044
466.574 1.005
467.526 0.952
468.431 0.905
469.324 0.893
470.218 0.894
471.167 0.949
472.173 1.006
473.191 1.018
474.233 1.042
475.277 1.044
476.365 1.088
477.4 1.035
478.411 1.011
479.385 0.974
480.311 0.926
481.192 0.881
482.15 0.958
483.212 1.062
484.348 1.136
485.421 1.073
486.365 0.944
487.34 0.975
488.288 0.948
489.283 0.995
490.313 1.03
491.308 0.995
492.269 0.961
493.159 0.89
494.035 0.876
494.991 0.956
496.074 1.083
497.177 1.103
498.263 1.086
499.343 1.08
500.385 1.042
501.409 1.024
502.422 1.013
503.394 0.972
504.268 0.874
505.09 0.822
505.94 0.85
506.875 0.935
507.955 1.08
509.057 1.102
510.102 1.045
511.142 1.04
512.182 1.04
513.113 0.931
513.929 0.816
514.755 0.826
515.684 0.929
516.726 1.042
517.811 1.085
518.796 0.985
519.768 0.972
520.756 0.988
521.766 1.01
522.752 0.986
523.672 0.92
524.582 0.91
525.488 0.906
526.359 0.871
527.159 0.8
528.149 0.99
529.149 1.0
530.173 1.024
531.191 1.018
532.113 0.922
532.985 0.872
533.832 0.847
534.672 0.84
535.439 0.767
536.261 0.822
537.122 0.861
538.143 1.021
539.192 1.049
540.26 1.068
541.282 1.022
542.254 0.972
543.202 0.948
544.074 0.872
544.991 0.917
545.932 0.941
546.967 1.035
547.91 0.943
548.902 0.992
549.907 1.005
550.926 1.019
551.867 0.941
552.804 0.937
553.849 1.045
554.876 1.027
555.738 0.862
556.596 0.858
557.478 0.882
558.382 0.904
559.222 0.84
560.033 0.811
560.948 0.915
561.888 0.94
562.831 0.943
563.712 0.881
564.526 0.814
565.299 0.773
566.111 0.812
567.009 0.898
567.999 0.99
568.929 0.93
569.904 0.975
570.88 0.976
571.774 0.894
572.667 0.893
573.559 0.892
574.467 0.908
575.328 0.861
576.254 0.926
577.246 0.992
578.279 1.033
579.259 0.98
580.281 1.022
581.317 1.036
582.32 1.003
583.24 0.92
584.208 0.968
585.266 1.058
586.336 1.07
587.379 1.043
588.475 1.096
589.532 1.057
590.536 1.004
591.559 1.023
592.561 1.002
593.494 0.933
594.52 1.026
595.557 1.037
596.524 0.967
597.592 1.068
598.699 1.107
599.763 1.064
600.823 1.06
601.902 1.079
602.957 1.055
604.004 1.047
604.973 0.969
605.944 0.971
606.882 0.938
607.717 0.835
608.491 0.774
609.435 0.944
610.411 0.976
611.363 0.952
612.273 0.91
613.141 0.868
613.956 0.815
614.746 0.79
615.292 0.546
615.615 0.323
616.26 0.645
616.567 0.307
616.841 0.274
624.55 0.558