0.000 0.651
0.651 0.651
1.308 0.657
1.975 0.667
2.661 0.686
3.398 0.737
4.195 0.797
5.035 0.84
5.834 0.799
6.674 0.84
7.526 0.852
8.382 0.856
9.284 0.902
10.205 0.921
11.094 0.889
12.029 0.935
12.94 0.911
13.735 0.795
14.518 0.783
15.399 0.881
16.274 0.875
17.091 0.817
17.901 0.81
18.731 0.83
19.575 0.844
20.36 0.785
21.107 0.747
22.299 1.192
23.3 1.001
24.196 0.896
25.018 0.822
25.859 0.841
26.744 0.885
27.528 0.784
28.285 0.757
29.093 0.808
29.949 0.856
31.139 1.19
32.223 1.084
33.242 1.019
34.134 0.892
34.999 0.865
35.896 0.897
36.803 0.907
37.733 0.93
38.705 0.972
39.667 0.962
40.647 0.98
41.603 0.956
42.512 0.909
43.375 0.863
44.275 0.9
45.281 1.006
46.284 1.003
47.171 0.887
48.142 0.971
49.232 1.09
50.268 1.036
51.203 0.935
52.189 0.986
53.145 0.956
53.918 0.773
54.646 0.728
55.372 0.726
56.133 0.761
57.099 0.966
58.254 1.155
59.318 1.064
60.264 0.946
61.177 0.913
62.049 0.872
62.908 0.859
63.766 0.858
64.611 0.845
65.481 0.87
66.456 0.975
67.467 1.011
68.385 0.918
69.27 0.885
70.13 0.86
70.957 0.827
71.824 0.867
72.671 0.847
73.503 0.832
74.395 0.892
75.404 1.009
76.412 1.008
77.259 0.847
78.024 0.765
78.878 0.854
79.748 0.87
80.615 0.867
81.463 0.848
82.302 0.839
83.113 0.811
83.91 0.797
84.751 0.841
85.614 0.863
86.515 0.901
87.375 0.86
88.232 0.857
89.087 0.855
89.949 0.862
90.793 0.844
91.619 0.826
92.432 0.813
93.261 0.829
94.101 0.84
94.988 0.887
95.869 0.881
96.726 0.857
97.619 0.893
98.558 0.939
99.474 0.916
100.439 0.965
101.392 0.953
102.283 0.891
103.169 0.886
104.023 0.854
104.914 0.891
105.842 0.928
106.787 0.945
107.69 0.903
108.49 0.8
109.268 0.778
110.014 0.746
110.749 0.735
111.446 0.697
112.153 0.707
112.852 0.699
113.565 0.713
114.311 0.746
115.108 0.797
115.867 0.759
116.586 0.719
117.377 0.791
118.134 0.757
118.896 0.762
119.675 0.779
120.429 0.754
121.189 0.76
121.949 0.76
122.729 0.78
123.541 0.812
124.384 0.843
125.272 0.888
126.261 0.989
127.238 0.977
128.177 0.939
129.056 0.879
129.912 0.856
130.774 0.862
131.66 0.886
132.597 0.937
133.508 0.911
134.385 0.877
135.293 0.908
136.17 0.877
137.14 0.97
138.141 1.001
139.061 0.92
139.976 0.915
140.846 0.87
141.722 0.876
142.533 0.811
143.342 0.809
144.189 0.847
145.111 0.922
146.119 1.008
147.018 0.899
147.94 0.922
148.847 0.907
149.743 0.896
150.605 0.862
151.458 0.853
152.434 0.976
153.415 0.981
154.322 0.907
155.156 0.834
156.034 0.878
157.016 0.982
157.988 0.972
158.869 0.881
159.808 0.939
160.891 1.083
162.023 1.132
162.948 0.925
163.804 0.856
164.66 0.856
165.538 0.878
166.437 0.899
167.31 0.873
168.216 0.906
169.133 0.917
170.024 0.891
171.015 0.991
171.969 0.954
172.841 0.872
173.628 0.787
174.396 0.768
175.112 0.716
175.839 0.727
176.616 0.777
177.443 0.827
178.286 0.843
179.091 0.805
179.914 0.823
180.776 0.862
181.707 0.931
182.572 0.865
183.432 0.86
184.299 0.867
185.135 0.836
185.948 0.813
186.773 0.825
187.635 0.862
188.466 0.831
189.248 0.782
190.051 0.803
190.896 0.845
191.842 0.946
192.723 0.881
193.635 0.912
194.544 0.909
195.422 0.878
196.219 0.797
196.978 0.759
197.764 0.786
198.593 0.829
199.463 0.87
200.348 0.885
201.194 0.846
202.091 0.897
203.014 0.923
203.887 0.873
204.741 0.854
205.569 0.828
206.388 0.819
207.155 0.767
207.888 0.733
208.638 0.75
209.43 0.792
210.278 0.848
211.222 0.944
212.158 0.936
213.089 0.931
213.974 0.885
214.843 0.869
215.708 0.865
216.546 0.838
217.367 0.821
218.19 0.823
219.022 0.832
219.892 0.87
220.736 0.844
221.545 0.809
222.364 0.819
223.221 0.857
224.19 0.969
225.189 0.999
226.188 0.999
227.135 0.947
228.126 0.991
229.079 0.953
230.032 0.953
230.99 0.958
231.921 0.931
232.774 0.853
233.657 0.883
234.661 1.004
235.705 1.044
236.661 0.956
237.593 0.932
238.544 0.951
239.446 0.902
240.297 0.851
241.173 0.876
242.103 0.93
243.059 0.956
243.939 0.88
244.851 0.912
245.756 0.905
246.71 0.954
247.542 0.832
248.402 0.86
249.293 0.891
250.278 0.985
251.146 0.868
251.985 0.839
252.902 0.917
253.935 1.033
254.919 0.984
255.805 0.886
256.702 0.897
257.578 0.876
258.419 0.841
259.255 0.836
260.117 0.862
261.042 0.925
261.951 0.909
262.851 0.9
263.772 0.921
264.686 0.914
265.53 0.844
266.391 0.861
267.317 0.926
268.359 1.042
269.344 0.985
270.21 0.866
271.085 0.875
271.985 0.9
272.889 0.904
273.738 0.849
274.599 0.861
275.477 0.878
276.439 0.962
277.314 0.875
278.187 0.873
279.076 0.889
280.015 0.939
280.92 0.905
281.745 0.825
282.569 0.824
283.379 0.81
284.24 0.861
285.055 0.815
285.844 0.789
286.637 0.793
287.463 0.826
288.349 0.886
289.245 0.896
290.143 0.898
290.97 0.827
291.829 0.859
292.702 0.873
293.587 0.885
294.447 0.86
295.264 0.817
296.105 0.841
297.045 0.94
298.021 0.976
299.015 0.994
299.979 0.964
300.856 0.877
301.669 0.813
302.52 0.851
303.422 0.902
304.453 1.031
305.468 1.015
306.438 0.97
307.347 0.909
308.207 0.86
309.105 0.898
310.027 0.922
310.954 0.927
311.935 0.981
312.87 0.935
313.711 0.841
314.555 0.844
315.384 0.829
316.271 0.887
317.234 0.963
318.162 0.928
319.015 0.853
319.832 0.817
320.713 0.881
321.658 0.945
322.617 0.959
323.55 0.933
324.439 0.889
325.245 0.806
326.053 0.808
326.873 0.82
327.807 0.934
328.777 0.97
329.687 0.91
330.508 0.821
331.301 0.793
332.098 0.797
332.973 0.875
333.945 0.972
334.844 0.899
335.744 0.9
336.602 0.858
337.479 0.877
338.334 0.855
339.134 0.8
339.903 0.769
340.688 0.785
341.521 0.833
342.471 0.95
343.41 0.939
344.235 0.825
345.045 0.81
345.794 0.749
346.513 0.719
347.256 0.743
348.083 0.827
348.942 0.859
349.748 0.806
350.576 0.828
351.446 0.87
352.395 0.949
353.283 0.888
354.185 0.902
355.06 0.875
355.958 0.898
356.891 0.933
357.797 0.906
358.626 0.829
359.438 0.812
360.32 0.882
361.337 1.017
362.337 1.0
363.304 0.967
364.236 0.932
365.127 0.891
365.963 0.836
366.84 0.877
367.787 0.947
368.766 0.979
369.721 0.955
370.623 0.902
371.555 0.932
372.579 1.024
373.567 0.988
374.53 0.963
375.389 0.859
376.239 0.85
377.135 0.896
378.096 0.961
379.082 0.986
379.964 0.882
380.814 0.85
381.709 0.895
382.691 0.982
383.694 1.003
384.622 0.928
385.477 0.855
386.337 0.86
387.209 0.872
388.208 0.999
389.127 0.919
390.143 1.016
391.173 1.03
392.138 0.965
392.999 0.861
393.845 0.846
394.69 0.845
395.565 0.875
396.417 0.852
397.321 0.904
398.252 0.931
399.191 0.939
400.089 0.898
400.966 0.877
401.86 0.894
402.781 0.921
403.696 0.915
404.516 0.82
405.364 0.848
406.273 0.909
407.242 0.969
408.144 0.902
409.011 0.867
409.826 0.815
410.628 0.802
411.451 0.823
412.279 0.828
413.095 0.816
413.874 0.779
414.659 0.785
415.484 0.825
416.362 0.878
417.263 0.901
418.146 0.883
418.987 0.841
419.796 0.809
420.621 0.825
421.479 0.858
422.295 0.816
423.094 0.799
423.898 0.804
424.751 0.853
425.552 0.801
426.455 0.903
427.315 0.86
428.206 0.891
429.077 0.871
429.907 0.83
430.692 0.785
431.442 0.75
432.184 0.742
432.936 0.752
433.742 0.806
434.581 0.839
435.427 0.846
436.28 0.853
437.117 0.837
437.957 0.84
438.796 0.839
439.621 0.825
440.478 0.857
441.342 0.864
442.184 0.842
443.041 0.857
443.857 0.816
444.633 0.776
445.428 0.795
446.311 0.883
447.252 0.941
448.152 0.9
449.026 0.874
449.889 0.863
450.708 0.819
451.484 0.776
452.244 0.76
453.028 0.784
453.878 0.85
454.817 0.939
455.715 0.898
456.595 0.88
457.462 0.867
458.369 0.907
459.32 0.951
460.232 0.912
461.102 0.87
461.9 0.798
462.694 0.794
463.523 0.829
464.499 0.976
465.512 1.013
466.39 0.878
467.203 0.813
467.984 0.781
468.809 0.825
469.743 0.934
470.686 0.943
471.616 0.93
472.525 0.909
473.38 0.855
474.194 0.814
474.948 0.754
475.692 0.744
476.439 0.747
477.215 0.776
478.0 0.785
478.786 0.786
479.561 0.775
480.284 0.723
480.981 0.697
481.699 0.718
482.425 0.726
483.159 0.734
483.911 0.752
484.726 0.815
485.556 0.83
486.361 0.805
487.127 0.766
487.906 0.779
488.733 0.827
489.654 0.921
490.587 0.933
491.537 0.95
492.443 0.906
493.378 0.935
494.212 0.834
495.036 0.824
495.906 0.87
496.883 0.977
497.787 0.904
498.703 0.916
499.591 0.888
500.43 0.839
501.253 0.823
502.099 0.846
503.115 1.016
504.181 1.066
505.252 1.071
506.25 0.998
507.189 0.939
508.103 0.914
509.056 0.953
510.0 0.944
510.939 0.939
511.952 1.013
512.837 0.885
513.695 0.858
514.572 0.877
515.481 0.909
516.399 0.918
517.244 0.845
518.133 0.889
519.096 0.963
520.04 0.944
520.959 0.919
521.823 0.864
522.637 0.814
523.455 0.818
524.288 0.833
525.146 0.858
525.965 0.819
526.745 0.78
527.53 0.785
528.344 0.814
529.253 0.909
530.117 0.864
530.989 0.872
531.803 0.814
532.651 0.848
533.578 0.927
534.518 0.94
535.427 0.909
536.267 0.84
537.048 0.781
537.801 0.753
538.564 0.763
539.427 0.863
540.324 0.897
541.244 0.92
542.102 0.858
542.929 0.827
543.71 0.781
544.448 0.738
545.196 0.748
545.977 0.781
546.785 0.808
547.59 0.805
548.396 0.806
549.211 0.815
550.023 0.812
550.849 0.826
551.7 0.851
552.573 0.873
553.43 0.857
554.27 0.84
555.085 0.815
555.895 0.81
556.7 0.805
557.51 0.81
558.314 0.804
559.102 0.788
559.877 0.775
560.641 0.764
561.424 0.783
562.253 0.829
563.112 0.859
563.96 0.848
564.801 0.841
565.659 0.858
566.505 0.846
567.323 0.818
568.117 0.794
568.895 0.778
569.735 0.84
570.718 0.983
571.753 1.035
572.705 0.952
573.553 0.848
574.369 0.816
575.199 0.83
576.05 0.851
576.922 0.872
577.806 0.884
578.651 0.845
579.467 0.816
580.292 0.825
581.108 0.816
581.935 0.827
582.783 0.848
583.577 0.794
584.341 0.764
585.117 0.776
585.922 0.805
586.743 0.821
587.537 0.794
588.338 0.801
589.113 0.775
589.867 0.754
590.628 0.761
591.446 0.818
592.429 0.983
593.388 0.959
594.345 0.957
595.266 0.921
596.167 0.901
597.049 0.882
597.921 0.872
598.812 0.891
599.662 0.85
600.609 0.947
601.597 0.988
602.606 1.009
603.557 0.951
604.483 0.926
605.346 0.863
606.155 0.809
606.986 0.831
607.857 0.871
608.698 0.841