0.000 0.722
0.722 0.722
6.999 0.681
7.711 0.712
8.473 0.762
9.165 0.692
9.893 0.728
10.626 0.733
11.296 0.67
11.965 0.669
12.653 0.688
13.364 0.711
14.047 0.683
14.776 0.729
15.519 0.743
15.983 0.464
16.997 1.014
17.311 0.314
17.664 0.353
17.93 0.266
18.211 0.281
19.276 1.065
20.135 0.859
20.955 0.82
21.798 0.843
22.686 0.888
23.557 0.871
24.44 0.883
25.352 0.912
26.218 0.866
27.131 0.913
28.069 0.938
28.933 0.864
29.823 0.89
30.734 0.911
31.598 0.864
32.448 0.85
33.375 0.927
34.321 0.946
35.214 0.893
36.124 0.91
37.071 0.947
37.893 0.822
38.725 0.832
39.595 0.87
40.447 0.852
41.238 0.791
42.061 0.823
42.96 0.899
43.789 0.829
44.626 0.837
45.511 0.885
46.308 0.797
47.115 0.807
47.981 0.866
48.83 0.849
49.659 0.829
50.597 0.938
51.504 0.907
52.389 0.885
53.401 1.012
54.379 0.978
55.307 0.928
56.365 1.058
57.423 1.058
58.393 0.97
59.424 1.031
60.376 0.952
61.295 0.919
62.284 0.989
63.206 0.922
64.26 1.054
65.357 1.097
66.345 0.988
67.343 0.998
68.363 1.02
69.347 0.984
70.254 0.907
71.235 0.981
72.28 1.045
73.236 0.956
74.288 1.052
75.295 1.007
76.197 0.902
77.248 1.051
78.335 1.087
79.314 0.979
80.359 1.045
81.403 1.044
82.324 0.921
83.259 0.935
84.275 1.016
85.179 0.904
86.18 1.001
87.289 1.109
88.264 0.975
89.333 1.069
90.35 1.017
91.252 0.902
92.223 0.971
93.21 0.987
94.066 0.856
94.869 0.803
95.636 0.767
96.383 0.747
97.171 0.788
97.99 0.819
98.936 0.946
99.907 0.971
100.814 0.907
101.785 0.971
102.78 0.995
103.67 0.89
104.61 0.94
105.472 0.862
106.357 0.885
107.402 1.045
108.424 1.022
109.397 0.973
110.46 1.063
111.499 1.039
112.489 0.99
113.585 1.096
114.639 1.054
115.679 1.04
116.809 1.13
117.846 1.037
118.842 0.996
119.922 1.08
120.938 1.016
121.897 0.959
122.961 1.064
124.014 1.053
125.041 1.027
125.343 0.302
126.144 0.801
127.187 1.043
128.223 1.036
128.485 0.262
129.311 0.826
130.354 1.043
131.364 1.01
132.416 1.052
133.378 0.962
134.379 1.001
135.411 1.032
136.361 0.95
137.352 0.991
138.411 1.059
139.378 0.967
140.378 1.0
141.374 0.996
142.285 0.911
143.231 0.946
144.22 0.989
145.144 0.924
146.117 0.973
147.149 1.032
148.084 0.935
149.019 0.935
150.01 0.991
150.967 0.957
151.915 0.948
152.912 0.997
153.916 1.004
154.843 0.927
155.841 0.998
156.848 1.007
157.786 0.938
158.789 1.003
159.784 0.995
160.722 0.938
161.69 0.968
162.681 0.991
163.593 0.912
164.517 0.924
165.46 0.943
166.338 0.878
167.258 0.92
168.227 0.969
169.114 0.887
170.0 0.886
170.94 0.94
171.858 0.918
172.728 0.87
173.65 0.922
174.567 0.917
175.427 0.86
176.335 0.908
177.245 0.91
178.091 0.846
178.98 0.889
179.918 0.938
180.611 0.693
181.719 1.108
182.682 0.963
183.592 0.91
184.547 0.955
185.533 0.986
186.444 0.911
187.366 0.922
188.303 0.937
189.201 0.898
190.046 0.845
190.932 0.886
191.859 0.927
192.75 0.891
193.706 0.956
194.63 0.924
195.47 0.84
196.332 0.862
197.209 0.877
198.077 0.868
198.961 0.884
199.911 0.95
200.844 0.933
201.758 0.914
202.736 0.978
203.705 0.969
204.63 0.925
205.585 0.955
206.545 0.96
207.447 0.902
208.363 0.916
209.291 0.928
210.204 0.913
211.077 0.873
212.016 0.939
212.947 0.931
213.836 0.889
214.767 0.931
215.672 0.905
216.524 0.852
217.414 0.89
218.33 0.916
219.219 0.889
220.13 0.911
221.08 0.95
221.968 0.888
222.85 0.882
223.793 0.943
224.74 0.947
225.624 0.884
226.54 0.916
227.498 0.958
228.422 0.924
229.281 0.859
230.142 0.861
231.043 0.901
231.958 0.915
232.826 0.868
233.698 0.872
234.598 0.9
235.436 0.838
236.271 0.835
237.123 0.852
237.961 0.838
238.759 0.798
239.574 0.815
240.411 0.837
241.219 0.808
242.067 0.848
242.934 0.867
243.762 0.828
244.586 0.824
245.442 0.856
246.278 0.836
247.079 0.801
247.916 0.837
248.756 0.84
249.561 0.805
250.36 0.799
251.164 0.804
251.981 0.817
252.787 0.806
253.622 0.835
254.475 0.853
255.284 0.809
256.068 0.784
256.872 0.804
257.677 0.805
258.463 0.786
259.292 0.829
260.16 0.868
261.001 0.841
261.816 0.815
262.665 0.849
263.495 0.83
264.285 0.79
265.107 0.822
265.966 0.859
266.816 0.85
267.677 0.861
268.609 0.932
269.533 0.924
270.403 0.87
271.3 0.897
272.173 0.873
272.996 0.823
273.855 0.859
274.735 0.88
275.581 0.846
276.425 0.844
277.313 0.888
278.223 0.91
279.08 0.857
279.965 0.885
280.852 0.887
281.708 0.856
282.523 0.815
283.359 0.836
284.216 0.857
285.027 0.811
285.798 0.771
286.58 0.782
287.324 0.744
288.043 0.719
288.716 0.673
289.39 0.674
290.078 0.688
290.773 0.695
291.443 0.67
292.132 0.689
292.845 0.713
293.576 0.731
294.273 0.697
294.972 0.699
295.697 0.725
296.437 0.74
297.149 0.712
297.842 0.693
298.552 0.71
299.279 0.727
300.018 0.739
300.733 0.715
301.485 0.752
302.252 0.767
303.01 0.758
303.757 0.747
304.552 0.795
305.377 0.825
306.174 0.797
306.963 0.789
307.782 0.819
308.613 0.831
309.389 0.776
310.199 0.81
311.017 0.818
311.793 0.776
312.573 0.78
313.4 0.827
314.18 0.78
314.945 0.765
315.737 0.792
316.52 0.783
317.268 0.748
318.032 0.764
318.811 0.779
319.543 0.732
320.281 0.738
321.047 0.766
321.816 0.769
322.549 0.733
323.289 0.74
324.035 0.746
324.765 0.73
325.499 0.734
326.291 0.792
327.087 0.796
327.839 0.752
328.619 0.78
329.354 0.735
330.064 0.71
330.796 0.732
331.538 0.742
332.266 0.728
332.995 0.729
333.747 0.752
334.49 0.743
335.219 0.729
335.978 0.759
336.797 0.819
337.626 0.829
338.453 0.827
339.333 0.88
340.224 0.891
341.051 0.827
341.922 0.871
342.825 0.903
343.679 0.854
344.533 0.854
345.462 0.929
346.337 0.875
347.17 0.833
348.026 0.856
348.907 0.881
349.71 0.803
350.5 0.79
351.315 0.815
352.079 0.764
352.67 0.591
353.273 0.603
353.612 0.339
354.416 0.804
355.174 0.758
355.928 0.754
356.728 0.8
357.549 0.821
358.339 0.79
359.133 0.794
359.996 0.863
360.903 0.907
361.744 0.841
362.624 0.88
363.534 0.91
364.414 0.88
365.326 0.912
366.283 0.957
367.215 0.932
368.094 0.879
369.022 0.928
369.961 0.939
370.862 0.901
371.752 0.89
372.65 0.898
373.495 0.845
374.315 0.82
375.175 0.86
376.072 0.897
376.918 0.846
377.807 0.889
378.724 0.917
379.621 0.897
380.497 0.876
381.411 0.914
382.329 0.918
383.158 0.829
384.035 0.877
384.904 0.869
385.721 0.817
386.548 0.827
387.396 0.848
388.232 0.836
389.053 0.821
389.904 0.851
390.722 0.818
391.497 0.775
392.286 0.789
393.092 0.806
393.864 0.772
394.669 0.805
395.495 0.826
396.295 0.8
397.086 0.791
397.903 0.817
398.711 0.808
399.474 0.763
400.263 0.789
401.05 0.787
401.821 0.771
402.59 0.769
403.389 0.799
404.191 0.802
404.947 0.756
405.714 0.767
406.502 0.788
407.255 0.753
408.012 0.757
408.804 0.792
409.614 0.81
410.378 0.764
411.141 0.763
411.926 0.785
412.722 0.796
413.475 0.753
414.25 0.775
415.047 0.797
415.841 0.794
416.606 0.765
417.394 0.788
418.189 0.795
418.977 0.788
419.751 0.774
420.55 0.799
421.377 0.827
422.165 0.788
422.948 0.783
423.779 0.831
424.609 0.83
425.415 0.806
426.224 0.809
427.068 0.844
427.896 0.828
428.671 0.775
429.471 0.8
430.268 0.797
431.044 0.776
431.807 0.763
432.612 0.805
433.438 0.826
434.231 0.793
435.038 0.807
435.873 0.835
436.701 0.828
437.504 0.803
438.335 0.831
439.178 0.843
439.99 0.812
440.793 0.803
441.64 0.847
442.509 0.869
443.387 0.878
444.236 0.849
445.046 0.81
445.888 0.842
446.749 0.861
447.576 0.827
448.381 0.805
449.215 0.834
450.059 0.844
450.849 0.79
451.648 0.799
452.467 0.819
453.273 0.806
454.042 0.769
454.838 0.796
455.638 0.8
456.438 0.8
457.193 0.755
457.956 0.763
458.72 0.764
459.483 0.763
460.218 0.735
460.979 0.761
461.769 0.79
462.589 0.82
463.398 0.809
464.286 0.888
465.174 0.888
466.05 0.876
466.895 0.845
467.765 0.87
468.603 0.838
469.385 0.782
470.172 0.787
471.003 0.831
471.862 0.859
472.712 0.85
473.589 0.877
474.53 0.941
475.466 0.936
476.312 0.846
477.18 0.868
478.043 0.863
478.845 0.802
479.69 0.845
480.572 0.882
481.433 0.861
482.267 0.834
483.142 0.875
484.025 0.883
484.859 0.834
485.714 0.855
486.59 0.876
487.249 0.659
488.276 1.027
489.161 0.885
490.032 0.871
490.889 0.857
491.768 0.879
492.648 0.88
493.467 0.819
494.297 0.83
495.133 0.836
495.985 0.852
496.796 0.811
497.637 0.841
498.523 0.886
499.432 0.909
500.292 0.86
501.173 0.881
502.067 0.894
502.929 0.862
503.788 0.859
504.66 0.872
505.537 0.877
506.371 0.834
507.216 0.845
508.069 0.853
508.873 0.804
509.681 0.808
510.507 0.826
511.314 0.807
512.098 0.784
512.916 0.818
513.761 0.845
514.605 0.844
515.447 0.842
516.345 0.898
517.266 0.921
518.133 0.867
518.989 0.856
519.862 0.873
520.693 0.831
521.52 0.827
522.383 0.863
523.23 0.847
524.064 0.834
524.905 0.841
525.753 0.848
526.568 0.815
527.423 0.855
528.287 0.864
529.1 0.813
529.93 0.83
530.77 0.84
531.609 0.839
532.405 0.796
533.23 0.825
534.076 0.846
534.933 0.857
535.747 0.814
536.592 0.845
537.438 0.846
538.248 0.81
539.067 0.819
539.936 0.869
540.83 0.894
541.702 0.872
542.538 0.836
543.4 0.862
544.297 0.897
545.205 0.908
546.09 0.885
547.02 0.93
547.959 0.939
548.856 0.897
549.724 0.868
550.581 0.857
551.43 0.849
552.222 0.792
553.063 0.841
553.925 0.862
554.754 0.829
555.567 0.813
556.422 0.855
557.273 0.851
558.065 0.792
558.868 0.803
559.715 0.847
560.544 0.829
561.34 0.796
562.142 0.802
562.948 0.806
563.752 0.804
564.534 0.782
565.368 0.834
566.218 0.85
567.114 0.896
567.994 0.88
568.874 0.88
569.794 0.92
570.706 0.912
571.583 0.877
572.419 0.836
573.296 0.877
574.177 0.881
574.998 0.821
575.842 0.844
576.713 0.871
577.562 0.849
578.378 0.816
579.232 0.854
580.078 0.846
580.864 0.786
581.654 0.79
582.423 0.769
583.15 0.727
583.867 0.717
584.595 0.728
585.334 0.739
586.045 0.711
586.764 0.719
587.515 0.751
588.255 0.74
588.973 0.718
589.705 0.732
590.452 0.747
591.193 0.741
591.911 0.718
592.633 0.722
593.371 0.738
594.113 0.742
594.82 0.707
595.537 0.717
596.287 0.75
597.066 0.779
597.831 0.765
598.616 0.785
599.424 0.808
600.208 0.784
600.986 0.778
601.795 0.809
602.59 0.795
603.358 0.768
604.146 0.788
604.983 0.837
605.848 0.865
606.664 0.816
607.528 0.864
608.384 0.856
609.215 0.831
610.109 0.894
610.97 0.861
611.769 0.799