0.000 0.752
0.752 0.752
1.492 0.74
2.202 0.71
2.931 0.729
3.663 0.732
4.381 0.718
5.119 0.738
5.901 0.782
6.719 0.818
7.528 0.809
8.28 0.752
9.028 0.748
9.774 0.746
10.522 0.748
11.286 0.764
12.035 0.749
12.754 0.719
13.471 0.717
14.174 0.703
14.867 0.693
15.554 0.687
16.28 0.726
17.061 0.781
17.866 0.805
18.607 0.741
19.389 0.782
20.193 0.804
20.945 0.752
21.666 0.721
22.412 0.746
23.173 0.761
23.969 0.796
24.732 0.763
25.445 0.713
26.193 0.748
26.916 0.723
27.639 0.723
28.408 0.769
29.194 0.786
29.968 0.774
30.743 0.775
31.478 0.735
32.211 0.733
32.923 0.712
33.622 0.699
34.309 0.687
34.965 0.656
35.597 0.632
36.265 0.668
36.966 0.701
37.688 0.722
38.393 0.705
39.157 0.764
39.95 0.793
40.78 0.83
41.56 0.78
42.352 0.792
43.153 0.801
43.933 0.78
44.657 0.724
45.404 0.747
46.14 0.736
46.869 0.729
47.574 0.705
48.327 0.753
49.097 0.77
49.896 0.799
50.655 0.759
51.456 0.801
52.303 0.847
53.107 0.804
53.885 0.778
54.676 0.791
55.479 0.803
56.283 0.804
57.08 0.797
57.908 0.828
58.749 0.841
59.59 0.841
60.422 0.832
61.284 0.862
62.146 0.862
62.982 0.836
63.823 0.841
64.669 0.846
65.566 0.897
66.449 0.883
67.305 0.856
68.169 0.864
69.054 0.885
69.967 0.913
70.83 0.863
71.708 0.878
72.605 0.897
73.437 0.832
74.261 0.824
75.097 0.836
75.96 0.863
76.784 0.824
77.601 0.817
78.427 0.826
79.233 0.806
80.012 0.779
80.828 0.816
81.707 0.879
82.535 0.828
83.275 0.74
84.048 0.773
84.805 0.757
85.52 0.715
86.208 0.688
86.866 0.658
87.56 0.694
88.36 0.8
89.217 0.857
90.127 0.91
91.02 0.893
91.864 0.844
92.599 0.735
93.314 0.715
94.007 0.693
94.696 0.689
95.383 0.687
96.176 0.793
97.013 0.837
97.883 0.87
98.71 0.827
99.61 0.9
100.457 0.847
101.337 0.88
102.211 0.874
103.072 0.861
103.849 0.777
104.655 0.806
105.483 0.828
106.308 0.825
107.139 0.831
107.999 0.86
108.845 0.846
109.706 0.861
110.587 0.881
111.416 0.829
112.243 0.827
113.051 0.808
113.856 0.805
114.653 0.797
115.425 0.772
116.2 0.775
116.999 0.799
117.834 0.835
118.654 0.82
119.457 0.803
120.238 0.781
120.982 0.744
121.684 0.702
122.382 0.698
123.055 0.673
123.716 0.661
124.385 0.669
125.003 0.618
125.649 0.646
126.301 0.652
127.016 0.715
127.662 0.646
128.288 0.626
128.929 0.641
129.579 0.65
130.228 0.649
130.893 0.665
131.573 0.68
132.235 0.662
132.876 0.641
133.526 0.65
134.195 0.669
134.873 0.678
135.563 0.69
136.23 0.667
136.9 0.67
137.616 0.716
138.376 0.76
139.221 0.845
140.044 0.823
140.84 0.796
141.678 0.838
142.545 0.867
143.406 0.861
144.207 0.801
145.005 0.798
145.818 0.813
146.64 0.822
147.479 0.839
148.259 0.78
149.038 0.779
149.857 0.819
150.727 0.87
151.566 0.839
152.415 0.849
153.335 0.92
154.263 0.928
155.057 0.794
155.874 0.817
156.702 0.828
157.469 0.767
158.253 0.784
159.1 0.847
159.969 0.869
160.816 0.847
161.589 0.773
162.407 0.818
163.262 0.855
164.011 0.749
164.754 0.743
165.508 0.754
166.293 0.785
167.015 0.722
167.771 0.756
168.521 0.75
169.226 0.705
169.891 0.665
170.514 0.623
171.114 0.6
171.747 0.633
172.484 0.737
173.24 0.756
173.984 0.744
174.783 0.799
175.654 0.871
176.477 0.823
177.344 0.867
178.171 0.827
179.004 0.833
179.856 0.852
180.702 0.846
181.51 0.808
182.354 0.844
183.215 0.861
184.015 0.8
184.85 0.835
185.719 0.869
186.509 0.79
187.307 0.798
188.134 0.827
188.971 0.837
189.763 0.792
190.593 0.83
191.374 0.781
192.164 0.79
192.956 0.792
193.715 0.759
194.421 0.706
195.151 0.73
195.893 0.742
196.676 0.783
197.431 0.755
198.215 0.784
199.03 0.815
199.87 0.84
200.607 0.737
201.367 0.76
202.129 0.762
202.86 0.731
203.596 0.736
204.333 0.737
205.039 0.706
205.764 0.725
206.49 0.726
207.224 0.734
207.934 0.71
208.655 0.721
209.32 0.665
210.033 0.713
210.789 0.756
211.547 0.758
212.282 0.735
213.044 0.762
213.822 0.778
214.611 0.789
215.417 0.806
216.186 0.769
216.957 0.771
217.754 0.797
218.575 0.821
219.395 0.82
220.21 0.815
221.01 0.8
221.766 0.756
222.54 0.774
223.31 0.77
224.1 0.79
224.888 0.788
225.653 0.765
226.39 0.737
227.14 0.75
227.887 0.747
228.643 0.756
229.389 0.746
230.143 0.754
230.908 0.765
231.687 0.779
232.437 0.75
233.157 0.72
233.898 0.741
234.635 0.737
235.375 0.74
236.107 0.732
236.793 0.686
237.489 0.696
238.199 0.71
238.925 0.726
239.65 0.725
240.329 0.679
241.043 0.714
241.753 0.71
242.469 0.716
243.179 0.71
243.867 0.688
244.508 0.641
245.165 0.657
245.849 0.684
246.571 0.722
247.289 0.718
248.033 0.744
248.823 0.79
249.619 0.796
250.418 0.799
251.212 0.794
251.986 0.774
252.721 0.735
253.421 0.7
254.092 0.671
254.748 0.656
255.362 0.614
255.98 0.618
256.604 0.624
257.246 0.642
257.861 0.615
258.493 0.632
259.177 0.684
259.933 0.756
260.718 0.785
261.509 0.791
262.297 0.788
263.08 0.783
263.822 0.742
264.548 0.726
265.232 0.684
265.919 0.687
266.61 0.691
267.33 0.72
268.066 0.736
268.78 0.714
269.563 0.783
270.316 0.753
271.033 0.717
271.713 0.68
272.415 0.702
273.102 0.687
273.889 0.787
274.655 0.766
275.399 0.744
276.126 0.727
276.834 0.708
277.53 0.696
278.232 0.702
278.941 0.709
279.682 0.741
280.365 0.683
281.056 0.691
281.807 0.751
282.589 0.782
283.357 0.768
284.078 0.721
284.827 0.749
285.673 0.846
286.562 0.889
287.367 0.805
288.195 0.828
289.001 0.806
289.806 0.805
290.565 0.759
291.37 0.805
292.214 0.844
293.01 0.796
293.811 0.801
294.696 0.885
295.564 0.868
296.355 0.791
297.149 0.794
298.001 0.852
298.853 0.852
299.707 0.854
300.472 0.765
301.248 0.776
302.117 0.869
303.007 0.89
303.859 0.852
304.597 0.738
305.312 0.715
306.044 0.732
307.31 1.266
308.358 1.048
309.308 0.95
310.173 0.865
311.032 0.859
311.87 0.838
312.661 0.791
318.995 0.829
319.775 0.78
320.503 0.728
321.195 0.692
321.887 0.692
322.579 0.692
323.289 0.71
323.957 0.668
324.614 0.657
325.257 0.643
325.875 0.618
326.508 0.633
327.203 0.695
327.953 0.75
328.742 0.789
329.469 0.727
330.309 0.84
331.15 0.841
331.977 0.827
332.768 0.791
333.567 0.799
334.338 0.771
335.076 0.738
335.784 0.708
336.456 0.672
337.113 0.657
337.781 0.668
338.505 0.724
339.338 0.833
340.125 0.787
340.907 0.782
341.625 0.718
342.359 0.734
343.14 0.781
343.953 0.813
344.751 0.798
345.535 0.784
346.323 0.788
347.169 0.846
348.038 0.869
348.923 0.885
349.733 0.81
350.517 0.784
351.34 0.823
352.231 0.891
353.1 0.869
353.896 0.796
354.683 0.787
355.521 0.838
356.369 0.848
357.172 0.803
357.92 0.748
358.673 0.753
359.485 0.812
360.357 0.872
361.266 0.909
362.09 0.824
362.87 0.78
363.638 0.768
364.456 0.818
365.283 0.827
366.106 0.823
366.854 0.748
367.6 0.746
368.39 0.79
369.232 0.842
370.084 0.852
370.885 0.801
371.683 0.798
372.544 0.861
373.422 0.878
374.249 0.827
375.032 0.783
375.837 0.805
376.688 0.851
377.577 0.889
378.419 0.842
379.241 0.822
380.078 0.837
380.924 0.846
381.772 0.848
382.56 0.788
383.347 0.787
384.189 0.842
385.108 0.919
386.052 0.944
386.921 0.869
387.758 0.837
388.632 0.874
389.536 0.904
390.432 0.896
391.245 0.813
392.047 0.802
392.909 0.862
393.85 0.941
394.816 0.966
395.695 0.879
396.531 0.836
397.436 0.905
398.375 0.939
399.268 0.893
400.112 0.844
400.928 0.816
401.809 0.881
402.695 0.886
403.547 0.852
404.342 0.795
405.136 0.794
406.023 0.887
406.942 0.919
407.794 0.852
408.613 0.819
409.438 0.825
410.317 0.879
411.174 0.857
411.96 0.786
412.743 0.783
413.595 0.852
414.514 0.919
415.434 0.92
416.264 0.83
417.118 0.854
418.03 0.912
418.934 0.904
419.724 0.79
420.516 0.792
421.393 0.877
422.31 0.917
423.153 0.843
424.009 0.856
424.949 0.94
425.914 0.965
426.813 0.899
427.643 0.83
428.422 0.779
429.183 0.761
430.045 0.862
430.949 0.904
431.772 0.823
432.587 0.815
433.5 0.913
434.366 0.866
435.102 0.736
435.792 0.69
436.469 0.677
437.134 0.665
437.819 0.685
438.487 0.668
439.137 0.65
439.78 0.643
440.46 0.68
441.134 0.674
441.844 0.71
442.76 0.916
443.628 0.868
444.445 0.817
445.3 0.855
446.158 0.858
446.92 0.762
447.736 0.816
448.562 0.826
449.448 0.886
450.273 0.825
451.087 0.814
451.956 0.869
452.886 0.93
453.792 0.906
454.662 0.87
455.473 0.811
456.313 0.84
457.223 0.91
458.091 0.868
458.895 0.804
459.701 0.806
460.535 0.834
461.409 0.874
462.181 0.772
462.98 0.799
463.834 0.854
464.683 0.849
465.468 0.785
466.267 0.799
467.136 0.869
467.978 0.842
468.761 0.783
469.586 0.825
470.442 0.856
471.3 0.858
472.114 0.814
473.002 0.888
473.902 0.9
474.716 0.814
475.536 0.82
476.415 0.879
477.295 0.88
478.113 0.818
478.923 0.81
479.831 0.908
480.719 0.888
481.554 0.835
482.39 0.836
483.262 0.872
484.125 0.863
484.907 0.782
485.701 0.794
486.515 0.814
487.318 0.803
488.086 0.768
488.897 0.811
489.772 0.875
490.607 0.835
491.454 0.847
492.357 0.903
493.208 0.851
493.993 0.785
494.791 0.798
495.623 0.832
496.445 0.822
497.231 0.786
497.99 0.759
498.808 0.818
499.634 0.826
500.44 0.806
501.194 0.754
501.95 0.756
502.735 0.785
503.514 0.779
504.233 0.719
504.952 0.719
505.697 0.745
506.475 0.778
507.206 0.731
507.915 0.709
508.66 0.745
509.475 0.815
510.257 0.782
510.967 0.71
511.696 0.729
512.454 0.758
513.263 0.809
514.003 0.74
514.736 0.733
515.512 0.776
516.347 0.835
517.154 0.807
517.925 0.771
518.757 0.832
519.596 0.839
520.396 0.8
521.109 0.713
521.827 0.718
522.608 0.781
523.434 0.826
524.195 0.761
524.96 0.765
525.72 0.76
526.537 0.817
527.295 0.758
528.027 0.732
528.706 0.679
529.348 0.642
529.966 0.618
530.551 0.585
531.126 0.575
531.712 0.586
532.319 0.607
532.953 0.634
533.593 0.64
534.188 0.595
534.78 0.592
535.394 0.614
536.021 0.627
536.661 0.64
537.267 0.606
537.9 0.633
538.575 0.675
539.325 0.75
540.039 0.714
540.751 0.712
541.577 0.826
542.485 0.908
543.285 0.8
544.077 0.792
544.912 0.835
545.759 0.847
546.58 0.821
547.375 0.795
548.202 0.827
549.041 0.839
549.849 0.808
550.678 0.829
551.479 0.801
552.25 0.771
552.993 0.743
553.751 0.758
554.571 0.82
555.46 0.889
556.343 0.883
557.142 0.799
557.926 0.784
558.705 0.779
559.484 0.779
560.236 0.752
560.945 0.709
561.692 0.747
562.496 0.804
563.384 0.888
564.169 0.785
564.969 0.8
565.814 0.845
566.66 0.846
567.431 0.771
568.209 0.778
569.036 0.827
569.867 0.831
570.667 0.8
571.467 0.8
572.296 0.829
573.142 0.846
573.942 0.8
574.722 0.78
575.54 0.818
576.367 0.827
577.159 0.792
577.898 0.739
578.671 0.773
579.439 0.768
580.194 0.755
580.962 0.768
581.709 0.747
582.446 0.737
583.118 0.672
583.799 0.681
584.461 0.662
585.133 0.672
585.826 0.693
586.509 0.683
587.144 0.635
587.772 0.628
588.425 0.653
589.102 0.677
589.772 0.67
590.552 0.78
591.322 0.77
592.136 0.814
592.869 0.733
593.604 0.735
594.373 0.769
595.152 0.779
595.869 0.717
596.653 0.784
597.337 0.684
598.042 0.705
598.761 0.719
599.552 0.791
600.395 0.843
601.149 0.754
601.911 0.762
602.626 0.715
603.34 0.714
604.047 0.707
604.746 0.699
605.394 0.648
606.027 0.633
606.696 0.669
607.417 0.721
608.197 0.78
608.985 0.788
609.802 0.817
610.612 0.81
611.386 0.774
612.125 0.739
612.856 0.731
613.578 0.722
614.265 0.687
614.55 0.285
614.984 0.434