0.000 0.801
0.801 0.801
1.694 0.893
2.634 0.94
3.6 0.966
4.527 0.927
5.393 0.866
6.234 0.841
7.077 0.843
7.944 0.867
8.757 0.813
9.616 0.859
10.555 0.939
11.612 1.057
12.666 1.054
13.685 1.019
14.749 1.064
15.825 1.076
16.907 1.082
17.911 1.004
18.984 1.073
20.23 1.246
21.391 1.161
22.371 0.98
23.285 0.914
24.309 1.024
25.417 1.108
26.501 1.084
27.498 0.997
28.56 1.062
29.645 1.085
30.652 1.007
31.585 0.933
32.579 0.994
33.69 1.111
34.871 1.181
35.948 1.077
36.974 1.026
38.071 1.097
39.231 1.16
40.364 1.133
41.384 1.02
42.389 1.005
43.524 1.135
44.792 1.268
45.875 1.083
46.965 1.09
48.134 1.169
49.29 1.156
50.317 1.027
51.372 1.055
52.531 1.159
53.682 1.151
54.758 1.076
55.678 0.92
56.579 0.901
57.64 1.061
58.844 1.204
59.931 1.087
60.901 0.97
61.882 0.981
62.896 1.014
63.967 1.071
64.947 0.98
65.936 0.989
66.972 1.036
68.103 1.131
69.131 1.028
70.194 1.063
71.337 1.143
72.419 1.082
73.441 1.022
74.522 1.081
75.612 1.09
76.648 1.036
77.643 0.995
78.77 1.127
79.948 1.178
81.087 1.139
82.089 1.002
83.144 1.055
84.282 1.138
85.393 1.111
86.411 1.018
87.448 1.037
88.558 1.11
89.706 1.148
90.84 1.134
91.9 1.06
93.016 1.116
94.095 1.079
95.073 0.978
96.04 0.967
97.105 1.065
98.025 0.92
98.904 0.879
99.881 0.977
100.929 1.048
102.012 1.083
103.072 1.06
104.032 0.96
104.974 0.942
105.98 1.006
107.084 1.104
108.228 1.144
109.284 1.056
110.341 1.057
111.428 1.087
112.514 1.086
113.483 0.969
114.441 0.958
115.489 1.048
116.614 1.125
117.78 1.166
118.865 1.085
119.858 0.993
120.853 0.995
121.891 1.038
122.98 1.089
124.097 1.117
125.135 1.038
126.153 1.018
127.229 1.076
128.351 1.122
129.39 1.039
130.382 0.992
131.439 1.057
132.554 1.115
133.657 1.103
134.657 1.0
135.671 1.014
136.738 1.067
137.831 1.093
138.834 1.003
139.865 1.031
140.91 1.045
141.923 1.013
142.907 0.984
143.937 1.03
144.976 1.039
145.949 0.973
147.003 1.054
148.107 1.104
149.122 1.015
150.148 1.026
151.19 1.042
152.158 0.968
153.066 0.908
153.935 0.869
154.804 0.869
155.633 0.829
156.48 0.847
157.461 0.981
158.586 1.125
159.628 1.042
160.647 1.019
161.676 1.029
162.687 1.011
163.651 0.964
164.551 0.9
165.49 0.939
166.487 0.997
167.569 1.082
175.036 1.038
176.094 1.058
177.152 1.058
178.222 1.07
179.267 1.045
180.303 1.036
181.348 1.045
182.403 1.055
183.379 0.976
184.315 0.936
185.342 1.027
186.394 1.052
187.49 1.096
188.527 1.037
189.437 0.91
190.32 0.883
191.247 0.927
192.21 0.963
193.1 0.89
194.062 0.962
195.129 1.067
196.177 1.048
197.192 1.015
198.086 0.894
198.938 0.852
199.784 0.846
200.614 0.83
201.436 0.822
202.31 0.874
203.257 0.947
204.216 0.959
205.076 0.86
205.908 0.832
206.773 0.865
207.668 0.895
208.591 0.923
209.464 0.873
210.294 0.83
211.152 0.858
212.013 0.861
212.861 0.848
213.724 0.863
214.609 0.885
215.514 0.905
216.4 0.886
217.26 0.86
218.161 0.901
219.03 0.869
219.941 0.911
220.884 0.943
221.834 0.95
222.765 0.931
223.725 0.96
224.678 0.953
225.577 0.899
226.452 0.875
227.36 0.908
228.324 0.964
229.285 0.961
230.338 1.053
231.42 1.082
232.458 1.038
233.37 0.912
234.24 0.87
235.12 0.88
236.1 0.98
237.174 1.074
238.289 1.115
239.411 1.122
240.463 1.052
241.515 1.052
242.55 1.035
243.568 1.018
244.552 0.984
245.538 0.986
246.541 1.003
247.476 0.935
248.396 0.92
249.27 0.874
250.092 0.822
250.901 0.809
251.779 0.878
252.783 1.004
253.862 1.079
254.873 1.011
255.91 1.037
256.888 0.978
257.79 0.902
258.658 0.868
259.458 0.8
260.234 0.776
261.034 0.8
261.913 0.879
262.898 0.985
263.811 0.913
264.811 1.0
265.786 0.975
266.659 0.873
267.525 0.866
268.416 0.891
269.353 0.937
270.347 0.994
271.354 1.007
272.355 1.001
273.364 1.009
274.362 0.998
275.383 1.021
276.426 1.043
277.483 1.057
278.548 1.065
279.619 1.071
280.663 1.044
281.603 0.94
282.503 0.9
283.408 0.905
284.331 0.923
285.276 0.945
286.151 0.875
286.97 0.819
287.812 0.842
288.726 0.914
289.601 0.875
290.536 0.935
291.525 0.989
292.489 0.964
293.416 0.927
294.361 0.945
295.23 0.869
296.031 0.801
296.903 0.872
297.702 0.799
298.487 0.785
299.276 0.789
300.074 0.798
300.891 0.817
301.714 0.823
302.537 0.823
303.356 0.819
304.174 0.818
304.946 0.772
305.734 0.788
306.541 0.807
307.384 0.843
308.287 0.903
309.224 0.937
310.097 0.873
310.918 0.821
311.717 0.799
312.571 0.854
313.612 1.041
314.71 1.098
315.849 1.139
316.927 1.078
317.948 1.021
318.904 0.956
319.854 0.95
320.779 0.925
321.599 0.82
322.419 0.82
323.257 0.838
324.163 0.906
325.103 0.94
326.085 0.982
327.06 0.975
328.026 0.966
328.984 0.958
329.927 0.943
330.855 0.928
331.776 0.921
332.708 0.932
333.612 0.904
334.435 0.823
335.238 0.803
336.072 0.834
337.004 0.932
338.104 1.1
339.128 1.024
340.175 1.047
341.182 1.007
342.126 0.944
343.012 0.886
343.868 0.856
344.701 0.833
345.51 0.809
346.349 0.839
347.182 0.833
347.995 0.813
348.829 0.834
349.686 0.857
350.56 0.874
351.44 0.88
352.356 0.916
353.272 0.916
354.145 0.873
355.021 0.876
355.899 0.878
356.753 0.854
357.647 0.894
358.563 0.916
359.477 0.914
360.332 0.855
361.166 0.834
362.047 0.881
362.94 0.893
363.949 1.009
364.949 1.0
365.902 0.953
366.888 0.986
367.849 0.961
368.764 0.915
369.681 0.917
370.57 0.889
371.44 0.87
372.354 0.914
373.276 0.922
374.183 0.907
375.135 0.952
376.096 0.961
376.946 0.85
377.741 0.795
378.559 0.818
379.408 0.849
380.277 0.869
381.097 0.82
381.948 0.851
382.784 0.836
383.638 0.854
384.494 0.856
385.342 0.848
386.191 0.849
387.032 0.841
387.894 0.862
388.769 0.875
389.66 0.891
390.582 0.922
391.559 0.977
392.54 0.981
393.475 0.935
394.414 0.939
395.348 0.934
396.25 0.902
397.159 0.909
398.097 0.938
399.037 0.94
399.981 0.944
400.931 0.95
401.877 0.946
402.792 0.915
403.675 0.883
404.482 0.807
405.291 0.809
406.135 0.844
406.935 0.8
407.79 0.855
408.76 0.97
409.773 1.013
410.675 0.902
411.625 0.95
412.609 0.984
413.537 0.928
414.442 0.905
415.353 0.911
416.263 0.91
417.104 0.841
417.885 0.781
418.673 0.788
419.525 0.852
420.542 1.017
421.621 1.079
422.674 1.053
423.653 0.979
424.558 0.905
425.461 0.903
426.345 0.884
427.245 0.9
428.195 0.95
429.1 0.905
430.083 0.983
431.097 1.014
432.085 0.988
433.017 0.932
433.947 0.93
434.876 0.929
435.753 0.877
436.643 0.89
437.549 0.906
438.456 0.907
439.388 0.932
440.29 0.902
441.114 0.824
441.89 0.776
442.668 0.778
443.487 0.819
444.429 0.942
445.462 1.033
446.421 0.959
447.295 0.874
448.133 0.838
448.988 0.855
449.882 0.894
450.799 0.917
451.749 0.95
452.691 0.942
453.629 0.938
454.544 0.915
455.45 0.906
456.333 0.883
457.206 0.873
458.044 0.838
458.905 0.861
459.801 0.896
460.702 0.901
461.585 0.883
462.466 0.881
463.326 0.86
464.119 0.793
464.904 0.785
465.679 0.775
466.448 0.769
467.2 0.752
467.943 0.743
468.678 0.735
469.445 0.767
470.285 0.84
471.184 0.899
472.09 0.906
473.01 0.92
473.928 0.918
474.827 0.899
475.703 0.876
476.586 0.883
477.497 0.911
478.453 0.956
479.451 0.998
480.451 1.0
481.347 0.896
482.235 0.888
483.046 0.811
483.856 0.81
484.725 0.869
485.734 1.009
486.704 0.97
487.738 1.034
488.779 1.041
489.733 0.954
490.674 0.941
491.607 0.933
492.471 0.864
493.294 0.823
494.112 0.818
494.932 0.82
495.729 0.797
496.561 0.832
497.44 0.879
498.389 0.949
499.317 0.928
500.283 0.966
501.257 0.974
502.216 0.959
503.149 0.933
504.089 0.94
505.02 0.931
505.942 0.922
506.883 0.941
507.815 0.932
508.692 0.877
509.617 0.925
510.612 0.995
511.548 0.936
512.573 1.025
513.52 0.947
514.375 0.855
515.259 0.884
516.158 0.899
517.009 0.851
517.915 0.906
518.89 0.975
519.795 0.905
520.742 0.947
521.714 0.972
522.635 0.921
523.58 0.945
524.532 0.952
525.445 0.913
526.326 0.881
527.287 0.961
528.327 1.04
529.297 0.97
530.165 0.868
531.073 0.908
532.013 0.94
532.913 0.9
533.848 0.935
534.784 0.936
535.697 0.913
536.616 0.919
537.534 0.918
538.417 0.883
539.306 0.889
540.148 0.842
540.95 0.802
541.811 0.861
542.837 1.026
543.877 1.04
544.825 0.948
545.809 0.984
546.771 0.962
547.697 0.926
548.577 0.88
549.392 0.815
550.204 0.812
551.05 0.846
551.978 0.928
552.909 0.931
553.88 0.971
554.858 0.978
555.82 0.962
556.736 0.916
557.665 0.929
558.613 0.948
559.555 0.942
560.474 0.919
561.418 0.944
562.385 0.967
563.313 0.928
564.224 0.911
565.15 0.926
566.064 0.914
566.865 0.801
567.655 0.79
568.427 0.772
569.174 0.747
569.944 0.77
570.707 0.763
571.499 0.792
572.447 0.948
573.484 1.037
574.403 0.919
575.254 0.851
576.129 0.875
577.003 0.874
577.849 0.846
578.647 0.798
579.456 0.809
580.277 0.821
581.147 0.87
581.995 0.848
582.884 0.889
583.805 0.921
584.744 0.939
585.671 0.927
586.597 0.926
587.445 0.848
588.246 0.801
589.011 0.765
589.786 0.775
590.609 0.823
591.538 0.929
592.412 0.874
593.255 0.843
594.162 0.907
595.117 0.955
596.083 0.966
596.986 0.903
597.848 0.862
598.724 0.876
599.566 0.842
600.403 0.837
601.297 0.894
602.235 0.938
603.166 0.931
604.16 0.994
605.076 0.916
606.015 0.939
606.989 0.974
607.966 0.977
608.883 0.917
609.846 0.963
610.802 0.956
611.653 0.851
612.457 0.804
613.296 0.839
614.196 0.9
615.178 0.982
616.093 0.915
617.059 0.966
618.03 0.971
618.975 0.945
619.879 0.904
620.786 0.907
621.688 0.902
622.608 0.92