0.000 0.531
0.531 0.531
1.061 0.53
1.582 0.521
2.102 0.52
2.632 0.53
3.165 0.533
3.697 0.532
4.23 0.533
4.756 0.526
5.264 0.508
5.762 0.498
6.263 0.501
6.756 0.493
7.242 0.486
7.733 0.491
8.239 0.506
8.752 0.513
9.265 0.513
9.792 0.527
10.3 0.508
10.8 0.5
11.304 0.504
11.803 0.499
12.313 0.51
12.832 0.519
13.336 0.504
13.836 0.5
14.332 0.496
14.815 0.483
15.298 0.483
15.776 0.478
16.251 0.475
16.726 0.475
17.203 0.477
17.687 0.484
18.186 0.499
18.684 0.498
19.209 0.525
19.777 0.568
20.347 0.57
20.905 0.558
21.502 0.597
22.125 0.623
22.698 0.573
23.256 0.558
23.814 0.558
24.374 0.56
24.932 0.558
25.478 0.546
26.001 0.523
26.524 0.523
27.034 0.51
27.545 0.511
28.055 0.51
28.56 0.505
29.075 0.515
29.593 0.518
30.163 0.57
30.804 0.641
31.445 0.641
32.104 0.659
32.805 0.701
33.481 0.676
34.114 0.633
34.718 0.604
35.3 0.582
35.851 0.551
36.382 0.531
36.929 0.547
37.477 0.548
38.046 0.569
38.621 0.575
39.219 0.598
39.8 0.581
40.421 0.621
41.043 0.622
41.633 0.59
42.217 0.584
42.811 0.594
43.405 0.594
43.978 0.573
44.568 0.59
45.235 0.667
45.838 0.603
46.552 0.714
47.297 0.745
47.936 0.639
48.586 0.65
49.181 0.595
49.779 0.598
50.368 0.589
50.941 0.573
51.554 0.613
52.156 0.602
52.765 0.609
53.315 0.55
53.89 0.575
54.452 0.562
55.039 0.587
55.653 0.614
56.372 0.719
56.991 0.619
57.59 0.599
58.171 0.581
58.768 0.597
59.382 0.614
60.027 0.645
60.687 0.66
61.351 0.664
61.963 0.612
62.58 0.617
63.172 0.592
63.792 0.62
64.37 0.578
64.959 0.589
65.579 0.62
66.237 0.658
66.922 0.685
67.646 0.724
68.338 0.692
69.062 0.724
69.779 0.717
70.437 0.658
71.049 0.612
71.637 0.588
72.228 0.591
72.853 0.625
73.548 0.695
74.276 0.728
75.033 0.757
75.839 0.806
76.665 0.826
77.416 0.751
78.156 0.74
78.952 0.796
79.722 0.77
80.451 0.729
81.246 0.795
82.07 0.824
82.801 0.731
83.516 0.715
84.188 0.672
84.897 0.709
85.564 0.667
86.216 0.652
86.915 0.699
87.642 0.727
88.34 0.698
89.025 0.685
89.798 0.773
90.665 0.867
91.463 0.798
92.208 0.745
92.998 0.79
93.794 0.796
94.556 0.762
95.247 0.691
95.942 0.695
96.717 0.775
97.58 0.863
98.354 0.774
99.063 0.709
99.768 0.705
100.542 0.774
101.325 0.783
102.082 0.757
102.772 0.69
103.452 0.68
104.241 0.789
105.028 0.787
105.766 0.738
106.489 0.723
107.348 0.859
108.126 0.778
108.849 0.723
109.543 0.694
110.309 0.766
111.118 0.809
111.935 0.817
112.675 0.74
113.389 0.714
114.157 0.768
114.987 0.83
115.802 0.815
116.538 0.736
117.263 0.725
118.079 0.816
118.822 0.743
119.51 0.688
120.211 0.701
120.978 0.767
121.744 0.766
122.508 0.764
123.363 0.855
124.169 0.806
124.873 0.704
125.507 0.634
126.129 0.622
126.779 0.65
127.563 0.784
128.355 0.792
129.08 0.725
129.781 0.701
130.576 0.795
131.418 0.842
132.192 0.774
132.93 0.738
133.72 0.79
134.573 0.853
135.344 0.771
136.087 0.743
136.901 0.814
137.744 0.843
138.499 0.755
139.307 0.808
140.181 0.874
141.008 0.827
141.771 0.763
142.594 0.823
143.459 0.865
144.235 0.776
145.009 0.774
145.789 0.78
146.554 0.765
147.355 0.801
148.089 0.734
148.846 0.757
149.736 0.89
150.606 0.87
151.407 0.801
152.193 0.786
153.019 0.826
153.868 0.849
154.667 0.799
155.38 0.713
156.099 0.719
156.886 0.787
157.667 0.781
158.414 0.747
159.148 0.734
160.001 0.853
160.828 0.827
161.557 0.729
162.309 0.752
163.114 0.805
163.918 0.804
164.648 0.73
165.332 0.684
166.053 0.721
166.901 0.848
167.733 0.832
168.475 0.742
169.164 0.689
169.846 0.682
170.666 0.82
171.523 0.857
172.391 0.868
173.181 0.79
173.928 0.747
174.747 0.819
175.6 0.853
176.356 0.756
177.049 0.693
177.779 0.73
178.582 0.803
179.421 0.839
180.26 0.839
181.055 0.795
181.876 0.821
182.696 0.82
183.451 0.755
184.154 0.703
184.872 0.718
185.605 0.733
186.319 0.714
187.032 0.713
187.786 0.754
188.6 0.814
189.368 0.768
190.071 0.703
190.763 0.692
191.49 0.727
192.231 0.741
192.974 0.743
193.729 0.755
194.558 0.829
195.339 0.781
196.044 0.705
196.7 0.656
197.372 0.672
198.077 0.705
198.798 0.721
199.487 0.689
200.153 0.666
200.822 0.669
201.542 0.72
202.295 0.753
202.991 0.696
203.668 0.677
204.374 0.706
205.09 0.716
205.794 0.704
206.475 0.681
207.248 0.773
208.059 0.811
208.886 0.827
209.672 0.786
210.397 0.725
211.101 0.704
211.842 0.741
212.617 0.775
213.395 0.778
214.13 0.735
214.909 0.779
215.739 0.83
216.501 0.762
217.207 0.706
217.937 0.73
218.714 0.777
219.592 0.878
220.41 0.818
221.15 0.74
221.93 0.78
222.741 0.811
223.544 0.803
224.307 0.763
225.089 0.782
225.927 0.838
226.754 0.827
227.509 0.755
228.229 0.72
228.957 0.728
229.731 0.774
230.45 0.719
231.13 0.68
231.794 0.664
232.522 0.728
233.455 0.933
234.377 0.922
235.178 0.801
235.914 0.736
236.683 0.769
237.425 0.742
238.137 0.712
238.833 0.696
239.615 0.782
240.411 0.796
241.213 0.802
241.941 0.728
242.693 0.752
243.469 0.776
244.21 0.741
244.901 0.691
245.586 0.685
246.324 0.738
247.078 0.754
247.793 0.715
248.528 0.735
249.326 0.798
250.088 0.762
250.804 0.716
251.523 0.719
252.281 0.758
253.045 0.764
253.731 0.686
254.399 0.668
255.088 0.689
255.8 0.712
256.508 0.708
257.227 0.719
257.98 0.753
258.728 0.748
259.467 0.739
260.147 0.68
260.771 0.624
261.374 0.603
261.972 0.598
262.615 0.643
263.291 0.676
263.96 0.669
264.651 0.691
265.438 0.787
266.264 0.826
267.031 0.767
267.826 0.795
268.625 0.799
269.393 0.768
270.102 0.709
270.804 0.702
271.484 0.68
272.218 0.734
273.077 0.859
273.973 0.896
274.813 0.84
275.633 0.82
276.476 0.843
277.291 0.815
278.045 0.754
278.741 0.696
279.467 0.726
280.27 0.803
281.106 0.836
281.861 0.755
282.603 0.742
283.435 0.832
284.258 0.823
285.026 0.768
285.8 0.774
286.602 0.802
287.38 0.778
288.121 0.741
288.866 0.745
289.62 0.754
290.417 0.797
291.131 0.714
291.83 0.699
292.578 0.748
293.309 0.731
294.0 0.691
294.698 0.698
295.374 0.676
296.031 0.657
296.722 0.691
297.426 0.704
298.114 0.688
298.804 0.69
299.515 0.711
300.223 0.708
300.931 0.708
301.617 0.686
302.314 0.697
303.008 0.694
303.692 0.684
304.386 0.694
305.119 0.733
305.957 0.838
306.767 0.81
307.469 0.702
308.132 0.663
308.774 0.642
309.448 0.674
310.155 0.707
310.818 0.663
311.514 0.696
312.273 0.759
313.1 0.827
313.851 0.751
314.659 0.808
315.48 0.821
316.254 0.774
316.988 0.734
317.738 0.75
318.457 0.719
319.188 0.731
319.908 0.72
320.705 0.797
321.684 0.979
322.567 0.883
323.364 0.797
324.19 0.826
325.035 0.845
325.77 0.735
326.48 0.71
327.215 0.735
327.971 0.756
328.716 0.745
329.431 0.715
330.138 0.707
330.868 0.73
331.637 0.769
332.421 0.784
333.139 0.718
333.827 0.688
334.533 0.706
335.267 0.734
335.951 0.684
336.621 0.67
337.29 0.669
337.95 0.66
338.592 0.642
339.209 0.617
339.816 0.607
340.414 0.598
341.007 0.593
341.605 0.598
342.239 0.634
342.905 0.666
343.64 0.735
344.375 0.735
345.098 0.723
345.806 0.708
346.47 0.664
347.106 0.636
347.746 0.64
348.397 0.651
349.103 0.706
349.902 0.799
350.631 0.729
351.315 0.684
351.964 0.649
352.589 0.625
353.2 0.611
353.822 0.622
354.511 0.689
355.343 0.832
356.146 0.803
356.914 0.768
357.64 0.726
358.33 0.69
359.028 0.698
359.767 0.739
360.542 0.775
361.268 0.726
361.995 0.727
362.758 0.763
363.547 0.789
364.261 0.714
364.988 0.727
365.795 0.807
366.599 0.804
367.387 0.788
368.09 0.703
368.769 0.679
369.453 0.684
370.119 0.666
370.745 0.626
371.378 0.633
372.073 0.695
372.887 0.814
373.624 0.737
374.325 0.701
375.063 0.738
375.736 0.673
376.362 0.626
376.975 0.613
377.573 0.598
378.154 0.581
378.723 0.569
379.287 0.564
379.856 0.569
380.423 0.567
381.015 0.592
381.585 0.57
382.152 0.567
382.732 0.58
383.402 0.67
384.175 0.773
384.87 0.695
385.606 0.736
386.345 0.739
387.052 0.707
387.767 0.715
388.459 0.692
389.083 0.624
389.689 0.606
390.282 0.593
390.871 0.589
391.453 0.582
392.138 0.685
392.806 0.668
393.468 0.662
394.217 0.749
395.043 0.826
395.878 0.835
396.72 0.842
397.54 0.82
398.359 0.819
399.188 0.829
399.999 0.811
400.793 0.794
401.639 0.846
402.522 0.883
403.387 0.865
404.161 0.774
404.84 0.679
405.481 0.641
406.147 0.666
406.961 0.814
407.897 0.936
408.733 0.836
409.464 0.731
410.196 0.732
411.045 0.849
411.9 0.855
412.818 0.918
413.613 0.795
414.337 0.724
415.066 0.729
415.838 0.772
416.667 0.829
417.479 0.812
418.224 0.745
419.012 0.788
419.824 0.812
420.576 0.752
421.294 0.718
422.05 0.756
422.806 0.756
423.542 0.736
424.251 0.709
425.086 0.835
425.892 0.806
426.666 0.774
427.426 0.76
428.176 0.75
428.92 0.744
429.637 0.717
430.366 0.729
431.221 0.855
432.095 0.874
432.842 0.747
433.616 0.774
434.452 0.836
435.268 0.816
435.992 0.724
436.725 0.733
437.482 0.757
438.28 0.798
439.011 0.731
439.753 0.742
440.533 0.78
441.368 0.835
442.146 0.778
442.866 0.72
443.57 0.704
444.315 0.745
445.076 0.761
445.868 0.792
446.585 0.717
447.333 0.748
448.139 0.806
448.928 0.789
449.668 0.74
450.363 0.695
451.056 0.693
451.758 0.702
452.431 0.673
453.11 0.679
453.882 0.772
454.73 0.848
455.53 0.8
456.284 0.754
457.084 0.8
457.928 0.844
458.745 0.817
459.463 0.718
460.186 0.723
460.922 0.736
461.632 0.71
462.307 0.675
462.973 0.666
463.707 0.734
464.469 0.762
465.192 0.723
465.873 0.681
466.522 0.649
467.169 0.647
467.838 0.669
468.508 0.67
469.182 0.674
469.829 0.647
470.497 0.668
471.183 0.686
471.908 0.725
472.576 0.668
473.214 0.638
473.867 0.653
474.552 0.685
475.243 0.691
475.894 0.651
476.523 0.629
477.132 0.609
477.763 0.631
478.413 0.65
479.094 0.681
479.737 0.643
480.365 0.628
481.003 0.638
481.609 0.606
482.207 0.598
482.818 0.611
483.422 0.604
484.05 0.628
484.723 0.673
485.435 0.712
486.096 0.661
486.728 0.632
487.394 0.666
488.07 0.676
488.723 0.653
489.348 0.625
489.979 0.631
490.629 0.65
491.306 0.677
491.97 0.664
492.627 0.657
493.334 0.707
494.043 0.709
494.76 0.717
495.447 0.687
496.133 0.686
496.822 0.689
497.521 0.699
498.182 0.661
498.807 0.625
499.435 0.628
500.091 0.656
500.738 0.647
501.384 0.646
502.111 0.727
502.819 0.708
503.538 0.719
504.297 0.759
505.038 0.741
505.741 0.703
506.401 0.66
507.071 0.67
507.827 0.756
508.583 0.756
509.273 0.69
509.947 0.674
510.673 0.726
511.455 0.782
512.215 0.76
512.963 0.748
513.724 0.761
514.471 0.747
515.244 0.773
515.99 0.746
516.707 0.717
517.424 0.717
518.215 0.791
518.936 0.721
519.621 0.685
520.298 0.677
521.032 0.734
521.777 0.745
522.504 0.727
523.252 0.748
524.052 0.8
524.934 0.882
525.69 0.756
526.402 0.712
527.122 0.72
527.853 0.731
528.579 0.726
529.272 0.693
529.969 0.697
530.694 0.725
531.43 0.736
532.129 0.699
532.831 0.702
533.536 0.705
534.271 0.735
534.99 0.719
535.645 0.655
536.268 0.623
536.874 0.606
537.487 0.613
538.138 0.651
538.806 0.668
539.475 0.669
540.201 0.726
540.904 0.703
541.632 0.728
542.318 0.686
542.967 0.649
543.652 0.685
544.341 0.689
545.015 0.674
545.672 0.657
546.381 0.709
547.113 0.732
547.861 0.748
548.579 0.718
549.345 0.766
550.19 0.845
551.023 0.833
551.782 0.759
552.516 0.734
553.276 0.76
554.076 0.8
554.842 0.766
555.589 0.747
556.319 0.73
557.068 0.749
557.866 0.798
558.579 0.713
559.272 0.693
559.986 0.714
560.705 0.719
561.443 0.738
562.172 0.729
562.852 0.68
563.511 0.659
564.208 0.697
564.975 0.767
565.735 0.76
566.419 0.684
567.081 0.662
567.752 0.671
568.433 0.681
569.095 0.662
569.723 0.628
570.341 0.618
570.981 0.64
571.65 0.669
572.3 0.65
572.908 0.608
573.502 0.594
574.115 0.613
574.778 0.663
575.477 0.699
576.217 0.74
576.902 0.685
577.561 0.659
578.218 0.657
578.925 0.707
579.658 0.733
580.34 0.682
580.994 0.654
581.663 0.669
582.355 0.692
583.039 0.684
583.695 0.656
584.343 0.648
584.999 0.656
585.667 0.668
586.324 0.657
586.965 0.641
587.59 0.625
588.205 0.615
588.811 0.606
589.432 0.621
590.097 0.665
590.767 0.67
591.427 0.66
592.102 0.675
592.811 0.709
593.504 0.693
594.231 0.727
594.938 0.707
595.62 0.682
596.281 0.661
597.014 0.733
597.817 0.803
598.629 0.812
599.401 0.772
600.109 0.708
600.863 0.754
601.677 0.814
602.473 0.796
603.181 0.708
603.837 0.656
604.498 0.661
605.195 0.697
605.971 0.776
606.786 0.815
607.557 0.771
608.267 0.71
609.014 0.747
609.805 0.791
610.617 0.812
611.333 0.716
612.014 0.681
612.701 0.687
613.401 0.7
614.122 0.721
614.811 0.689
615.491 0.68
616.203 0.712
616.932 0.729
617.619 0.687
618.3 0.681
618.972 0.672
619.697 0.725
620.417 0.72