0.000 0.658
0.658 0.658
1.342 0.684
2.068 0.726
2.824 0.756
3.599 0.775
4.274 0.675
4.941 0.667
5.591 0.65
6.191 0.6
6.758 0.567
7.328 0.57
7.92 0.592
8.543 0.623
9.133 0.59
9.752 0.619
10.332 0.58
10.909 0.577
11.497 0.588
12.081 0.584
12.655 0.574
13.239 0.584
13.801 0.562
14.369 0.568
14.99 0.621
15.62 0.63
16.304 0.684
17.06 0.756
17.797 0.737
18.485 0.688
19.191 0.706
19.882 0.691
20.529 0.647
21.193 0.664
21.871 0.678
22.555 0.684
23.305 0.75
24.012 0.707
24.674 0.662
25.333 0.659
25.994 0.661
26.721 0.727
27.559 0.838
28.401 0.842
29.28 0.879
30.111 0.831
30.942 0.831
31.749 0.807
32.494 0.745
33.275 0.781
34.155 0.88
35.088 0.933
35.966 0.878
36.676 0.71
37.39 0.714
38.235 0.845
39.219 0.984
40.053 0.834
40.799 0.746
41.578 0.779
42.394 0.816
43.226 0.832
44.084 0.858
45.091 1.007
46.116 1.025
47.008 0.892
47.907 0.899
48.837 0.93
49.677 0.84
50.559 0.882
51.384 0.825
52.146 0.762
52.99 0.844
53.824 0.834
54.746 0.922
55.776 1.03
56.707 0.931
57.496 0.789
58.321 0.825
59.249 0.928
60.05 0.801
60.782 0.732
61.577 0.795
62.707 1.13
63.695 0.988
64.59 0.895
65.562 0.972
66.585 1.023
67.541 0.956
68.51 0.969
69.46 0.95
70.29 0.83
71.27 0.98
72.245 0.975
73.178 0.933
74.18 1.002
75.238 1.058
76.182 0.944
77.141 0.959
78.124 0.983
79.048 0.924
79.889 0.841
80.806 0.917
81.818 1.012
82.784 0.966
83.861 1.077
84.846 0.985
85.821 0.975
86.823 1.002
87.729 0.906
88.805 1.076
89.85 1.045
90.833 0.983
91.854 1.021
92.806 0.952
93.665 0.859
94.642 0.977
95.752 1.11
96.735 0.983
97.732 0.997
98.74 1.008
99.68 0.94
100.562 0.882
101.651 1.089
102.757 1.106
103.652 0.895
104.474 0.822
105.345 0.871
106.173 0.828
106.947 0.774
107.955 1.008
108.871 0.916
109.803 0.932
110.803 1.0
111.712 0.909
112.598 0.886
113.502 0.904
114.338 0.836
115.292 0.954
116.277 0.985
117.215 0.938
118.203 0.988
119.202 0.999
120.088 0.886
120.989 0.901
121.954 0.965
122.869 0.915
123.771 0.902
124.727 0.956
125.689 0.962
126.536 0.847
127.413 0.877
128.188 0.775
128.889 0.701
129.69 0.801
130.465 0.775
131.364 0.899
132.365 1.001
133.346 0.981
134.169 0.823
134.976 0.807
135.783 0.807
136.586 0.803
137.344 0.758
138.081 0.737
139.003 0.922
140.089 1.086
141.103 1.014
141.955 0.852
142.704 0.749
143.533 0.829
144.614 1.081
145.609 0.995
146.48 0.871
147.248 0.768
147.997 0.749
149.107 1.11
150.129 1.022
151.042 0.913
151.822 0.78
152.573 0.751
153.373 0.8
154.588 1.215
155.702 1.114
156.62 0.918
157.383 0.763
158.111 0.728
158.939 0.828
160.149 1.21
161.272 1.123
162.299 1.027
163.15 0.851
163.902 0.752
164.667 0.765
165.61 0.943
166.702 1.092
167.71 1.008
168.59 0.88
169.341 0.751
170.075 0.734
170.863 0.788
172.097 1.234
173.186 1.089
174.206 1.02
175.168 0.962
175.977 0.809
176.709 0.732
177.485 0.776
178.59 1.105
179.637 1.047
180.649 1.012
181.621 0.972
182.474 0.853
183.229 0.755
183.997 0.768
184.996 0.999
186.042 1.046
187.095 1.053
188.085 0.99
189.034 0.949
189.959 0.925
190.905 0.946
196.997 0.813
197.896 0.899
198.874 0.978
199.91 1.036
200.91 1.0
201.884 0.974
202.76 0.876
203.545 0.785
204.379 0.834
205.281 0.902
206.234 0.953
207.106 0.872
208.034 0.928
208.9 0.866
209.792 0.892
210.748 0.956
211.738 0.99
212.607 0.869
213.484 0.877
214.436 0.952
215.386 0.95
216.321 0.935
217.14 0.819
217.932 0.792
218.78 0.848
219.7 0.92
220.601 0.901
221.405 0.804
222.168 0.763
222.979 0.811
223.857 0.878
224.653 0.796
225.488 0.835
226.33 0.842
227.093 0.763
227.908 0.815
228.719 0.811
229.562 0.843
230.326 0.764
231.128 0.802
232.023 0.895
232.916 0.893
233.793 0.877
234.577 0.784
235.295 0.718
236.012 0.717
236.996 0.984
237.998 1.002
238.939 0.941
239.842 0.903
240.782 0.94
241.683 0.901
242.481 0.798
243.341 0.86
244.245 0.904
245.201 0.956
246.148 0.947
247.124 0.976
248.035 0.911
248.975 0.94
249.901 0.926
250.696 0.795
251.437 0.741
252.209 0.772
253.075 0.866
253.944 0.869
254.941 0.997
255.913 0.972
256.863 0.95
257.697 0.834
258.544 0.847
259.378 0.834
260.175 0.797
260.964 0.789
261.815 0.851
262.81 0.995
263.705 0.895
264.483 0.778
265.225 0.742
266.024 0.799
266.896 0.872
267.686 0.79
268.426 0.74
269.281 0.855
270.196 0.915
271.086 0.89
271.948 0.862
272.83 0.882
273.721 0.891
274.631 0.91
275.539 0.908
276.458 0.919
277.295 0.837
278.155 0.86
278.997 0.842
279.943 0.946
280.918 0.975
281.929 1.011
282.889 0.96
283.737 0.848
284.54 0.803
285.376 0.836
286.224 0.848
287.171 0.947
288.128 0.957
288.962 0.834
289.714 0.752
290.437 0.723
291.2 0.763
292.004 0.804
292.858 0.854
293.67 0.812
294.55 0.88
295.481 0.931
296.338 0.857
297.175 0.837
298.022 0.847
298.811 0.789
299.594 0.783
300.393 0.799
301.274 0.881
302.098 0.824
302.957 0.859
303.829 0.872
304.687 0.858
305.457 0.77
306.198 0.741
306.963 0.765
307.717 0.754
308.516 0.799
309.342 0.826
310.116 0.774
310.946 0.83
311.872 0.926
312.803 0.931
313.599 0.796
314.316 0.717
315.002 0.686
315.722 0.72
316.907 1.185
317.96 1.053
318.881 0.921
319.655 0.774
320.366 0.711
321.055 0.689
321.778 0.723
322.902 1.124
323.974 1.072
324.978 1.004
325.957 0.979
326.757 0.8
327.502 0.745
328.227 0.725
329.006 0.779
330.152 1.146
331.147 0.995
332.05 0.903
332.872 0.822
333.704 0.832
334.527 0.823
335.264 0.737
336.014 0.75
336.76 0.746
337.55 0.79
338.455 0.905
339.438 0.983
340.375 0.937
341.278 0.903
342.028 0.75
342.722 0.694
343.389 0.667
344.102 0.713
344.96 0.858
345.794 0.834
346.621 0.827
347.375 0.754
348.146 0.771
348.988 0.842
349.786 0.798
350.524 0.738
351.212 0.688
351.894 0.682
352.689 0.795
353.591 0.902
354.523 0.932
355.416 0.893
356.285 0.869
357.118 0.833
357.955 0.837
358.761 0.806
359.597 0.836
360.369 0.772
361.06 0.691
361.7 0.64
362.356 0.656
363.119 0.763
363.887 0.768
364.683 0.796
365.559 0.876
366.656 1.097
367.701 1.045
368.653 0.952
369.458 0.805
370.221 0.763
370.971 0.75
371.747 0.776
372.548 0.801
373.392 0.844
374.276 0.884
375.105 0.829
375.908 0.803
376.815 0.907
377.946 1.131
379.033 1.087
380.074 1.041
381.036 0.962
381.918 0.882
382.674 0.756
383.413 0.739
384.225 0.812
385.131 0.906
385.96 0.829
386.767 0.807
387.638 0.871
388.498 0.86
389.318 0.82
390.115 0.797
390.858 0.743
391.543 0.685
392.227 0.684
392.919 0.692
393.644 0.725
394.388 0.744
395.077 0.689
395.735 0.658
396.388 0.653
397.047 0.659
397.716 0.669
398.448 0.732
399.197 0.749
399.982 0.785
400.774 0.792
401.55 0.776
402.308 0.758
403.049 0.741
403.785 0.736
404.501 0.716
405.227 0.726
406.0 0.773
406.766 0.766
407.561 0.795
408.327 0.766
409.082 0.755
409.882 0.8
410.749 0.867
411.631 0.882
412.422 0.791
413.223 0.801
414.0 0.777
414.752 0.752
415.463 0.711
416.188 0.725
416.96 0.772
417.705 0.745
418.407 0.702
419.132 0.725
419.925 0.793
420.796 0.871
421.695 0.899
422.586 0.891
423.511 0.925
424.446 0.935
425.346 0.9
426.186 0.84
427.008 0.822
427.863 0.855
428.657 0.794
429.391 0.734
430.14 0.749
430.921 0.781
431.711 0.79
432.478 0.767
433.284 0.806
434.114 0.83
434.907 0.793
435.703 0.796
436.542 0.839
437.381 0.839
438.201 0.82
439.072 0.871
439.921 0.849
440.758 0.837
441.493 0.735
442.276 0.783
443.072 0.796
443.909 0.837
444.799 0.89
445.615 0.816
446.439 0.824
447.276 0.837
448.116 0.84
448.877 0.761
449.626 0.749
450.428 0.802
451.195 0.767
451.901 0.706
452.596 0.695
453.357 0.761
454.315 0.958
455.291 0.976
456.164 0.873
457.006 0.842
457.821 0.815
458.663 0.842
459.448 0.785
460.278 0.83
461.136 0.858
461.929 0.793
462.718 0.789
463.575 0.857
464.429 0.854
465.202 0.773
466.004 0.802
466.829 0.825
467.652 0.823
468.43 0.778
469.248 0.818
470.071 0.823
470.83 0.759
471.682 0.852
472.539 0.857
473.415 0.876
474.184 0.769
474.946 0.762
475.715 0.769
476.458 0.743
477.148 0.69
477.811 0.663
478.469 0.658
479.13 0.661
479.802 0.672
480.467 0.665
481.123 0.656
481.816 0.693
482.568 0.752
483.45 0.882
484.25 0.8
484.963 0.713
485.686 0.723
486.429 0.743
487.218 0.789
488.007 0.789
488.731 0.724
489.485 0.754
490.3 0.815
491.16 0.86
492.004 0.844
492.78 0.776
493.538 0.758
494.373 0.835
495.199 0.826
496.029 0.83
496.823 0.794
497.697 0.874
498.578 0.881
499.465 0.887
500.278 0.813
501.133 0.855
502.04 0.907
502.997 0.957
503.854 0.857
504.622 0.768
505.41 0.788
506.182 0.772
506.898 0.716
507.585 0.687
508.234 0.649
508.952 0.718
509.82 0.868
510.725 0.905
511.522 0.797
512.34 0.818
513.196 0.856
514.113 0.917
514.923 0.81
515.773 0.85
516.608 0.835
517.441 0.833
518.24 0.799
519.066 0.826
519.891 0.825
520.712 0.821
521.457 0.745
522.265 0.808
523.101 0.836
524.013 0.912
524.882 0.869
525.751 0.869
526.613 0.862
527.47 0.857
528.212 0.742
528.934 0.722
529.649 0.715
530.358 0.709
531.025 0.667
531.658 0.633
532.269 0.611
532.906 0.637
533.802 0.896
534.769 0.967
535.678 0.909
536.612 0.934
537.572 0.96
538.447 0.875
539.245 0.798
540.056 0.811
540.868 0.812
541.632 0.764
542.399 0.767
543.191 0.792
544.039 0.848
544.903 0.864
545.709 0.806
546.516 0.807
547.412 0.896
548.288 0.876
549.167 0.879
549.937 0.77
550.674 0.737
551.433 0.759
552.269 0.836
553.087 0.818
553.831 0.744
554.494 0.663
555.126 0.632
555.785 0.659
556.607 0.822
557.418 0.811
558.314 0.896
559.166 0.852
560.011 0.845
560.834 0.823
561.672 0.838
562.508 0.836
563.241 0.733
563.94 0.699
564.637 0.697
565.433 0.796
566.415 0.982
567.388 0.973
568.221 0.833
568.916 0.695
569.583 0.667
570.292 0.709
571.121 0.829
571.951 0.83
572.734 0.783
573.436 0.702
574.13 0.694
574.868 0.738
575.678 0.81
576.513 0.835
577.312 0.799
578.011 0.699
578.722 0.711
579.386 0.664
580.035 0.649
580.651 0.616
581.276 0.625
581.876 0.6
582.56 0.684
583.529 0.969
584.363 0.834
585.144 0.781
585.926 0.782
586.806 0.88
587.711 0.905
588.622 0.911
589.466 0.844
590.262 0.796
591.029 0.767
591.785 0.756
592.583 0.798
593.359 0.776
594.201 0.842
595.023 0.822
595.899 0.876
596.708 0.809
597.459 0.751
598.255 0.796
599.132 0.877
599.983 0.851
600.829 0.846
601.64 0.811
602.482 0.842
603.31 0.828
604.126 0.816