0.000 1.006
1.006 1.006
2.007 1.001
9.896 0.897
10.741 0.845
11.551 0.81
12.408 0.857
13.366 0.958
14.328 0.962
15.31 0.982
16.243 0.933
17.07 0.827
17.866 0.796
18.606 0.74
19.249 0.643
19.625 0.376
19.904 0.279
20.741 0.837
21.442 0.701
22.142 0.7
22.865 0.723
23.62 0.755
24.354 0.734
25.067 0.713
25.773 0.706
26.522 0.749
26.796 0.274
27.456 0.66
28.277 0.821
28.544 0.267
30.125 1.581
30.931 0.806
31.755 0.824
32.478 0.723
33.151 0.673
33.829 0.678
34.503 0.674
35.258 0.755
36.076 0.818
37.008 0.932
38.029 1.021
39.065 1.036
40.041 0.976
40.97 0.929
41.842 0.872
42.685 0.843
43.559 0.874
44.478 0.919
45.434 0.956
46.38 0.946
47.354 0.974
48.214 0.86
49.047 0.833
49.853 0.806
50.684 0.831
51.645 0.961
52.594 0.949
53.492 0.898
53.904 0.412
54.372 0.468
55.263 0.891
56.07 0.807
56.884 0.814
57.654 0.77
58.469 0.815
59.345 0.876
60.221 0.876
61.072 0.851
61.882 0.81
62.655 0.773
63.375 0.72
64.075 0.7
64.768 0.693
65.426 0.658
66.079 0.653
66.752 0.673
67.494 0.742
68.457 0.963
69.537 1.08
70.595 1.058
71.689 1.094
72.759 1.07
73.735 0.976
74.554 0.819
75.31 0.756
76.069 0.759
76.915 0.846
77.806 0.891
78.716 0.91
79.605 0.889
80.503 0.898
81.473 0.97
82.462 0.989
83.394 0.932
84.325 0.931
85.214 0.889
85.981 0.767
86.69 0.709
87.41 0.72
88.278 0.868
89.251 0.973
90.227 0.976
91.228 1.001
92.2 0.972
93.151 0.951
94.129 0.978
95.114 0.985
96.028 0.914
96.915 0.887
97.775 0.86
98.592 0.817
99.375 0.783
100.074 0.699
100.733 0.659
101.366 0.633
101.966 0.6
102.564 0.598
103.17 0.606
103.817 0.647
104.505 0.688
105.258 0.753
105.814 0.556
106.295 0.481
106.581 0.286
107.447 0.866
108.166 0.719
108.861 0.695
109.547 0.686
110.247 0.7
110.983 0.736
111.832 0.849
112.761 0.929
113.815 1.054
114.833 1.018
115.776 0.943
116.7 0.924
117.561 0.861
118.372 0.811
119.227 0.855
120.003 0.776
120.701 0.698
121.474 0.773
122.519 1.045
123.414 0.895
124.163 0.749
124.53 0.367
125.062 0.532
125.812 0.75
126.53 0.718
127.405 0.875
128.369 0.964
129.359 0.99
130.465 1.106
131.609 1.144
132.681 1.072
133.67 0.989
134.59 0.92
135.505 0.915
136.408 0.903
137.309 0.901
138.216 0.907
139.062 0.846
139.89 0.828
140.723 0.833
141.568 0.845
142.372 0.804
143.108 0.736
143.812 0.704
144.472 0.66
145.123 0.651
145.812 0.689
146.668 0.856
147.692 1.024
148.671 0.979
149.651 0.98
150.655 1.004
151.644 0.989
152.61 0.966
153.509 0.899
154.391 0.882
155.227 0.836
156.065 0.838
156.95 0.885
157.871 0.921
158.86 0.989
159.852 0.992
160.836 0.984
161.819 0.983
162.76 0.941
163.693 0.933
164.557 0.864
165.399 0.842
166.265 0.866
167.19 0.925
168.173 0.983
169.142 0.969
170.17 1.028
171.103 0.933
172.109 1.006
173.095 0.986
174.056 0.961
174.936 0.88
175.793 0.857
176.64 0.847
177.494 0.854
178.355 0.861
179.223 0.868
180.072 0.849
180.826 0.754
181.553 0.727
182.282 0.729
183.029 0.747
183.815 0.786
184.705 0.89
185.572 0.867
186.458 0.886
187.298 0.84
187.764 0.466
188.04 0.276
188.391 0.351
188.764 0.373
189.036 0.272
189.492 0.456
189.773 0.281
190.27 0.497
190.681 0.411
190.945 0.264
191.343 0.398
191.945 0.602
192.76 0.815
193.347 0.587
193.84 0.493
194.334 0.494
194.64 0.306
195.097 0.457
195.823 0.726
196.537 0.714
197.255 0.718
197.989 0.734
198.786 0.797
199.599 0.813
200.429 0.83
201.266 0.837
202.095 0.829
202.9 0.805
203.709 0.809
204.53 0.821
205.383 0.853
206.225 0.842
206.979 0.754
207.725 0.746
208.447 0.722
209.197 0.75
209.946 0.749
210.763 0.817
211.639 0.876
212.469 0.83
213.281 0.812
214.062 0.781
214.859 0.797
215.611 0.752
215.941 0.33
216.328 0.387
217.112 0.784
217.988 0.876
218.902 0.914
219.796 0.894
220.723 0.927
221.671 0.948
222.589 0.918
223.461 0.872
224.365 0.904
225.345 0.98
226.344 0.999
227.332 0.988
228.33 0.998
229.29 0.96
230.182 0.892
231.065 0.883
232.003 0.938
232.966 0.963
233.994 1.028
235.007 1.013
236.008 1.001
236.993 0.985
237.969 0.976
238.916 0.947
239.851 0.935
240.807 0.956
241.736 0.929
242.729 0.993
243.739 1.01
244.735 0.996
245.674 0.939
246.571 0.897
247.449 0.878
248.338 0.889
249.278 0.94
250.212 0.934
251.145 0.933
252.102 0.957
253.051 0.949
253.955 0.904
254.873 0.918
255.833 0.96
256.775 0.942
257.749 0.974
258.786 1.037
259.848 1.062
260.849 1.001
261.878 1.029
262.903 1.025
263.913 1.01
264.918 1.005
265.934 1.016
266.954 1.02
267.918 0.964
268.561 0.643
268.887 0.326
269.818 0.931
270.74 0.922
271.757 1.017
272.752 0.995
273.68 0.928
274.638 0.958
275.498 0.86
276.261 0.763
277.003 0.742
277.798 0.795
278.667 0.869
279.561 0.894
280.451 0.89
281.341 0.89
282.126 0.785
282.953 0.827
283.874 0.921
284.717 0.843
285.517 0.8
286.275 0.758
286.998 0.723
287.733 0.735
288.531 0.798
289.409 0.878
290.268 0.859
291.154 0.886
292.05 0.896
292.897 0.847
293.768 0.871
294.65 0.882
295.528 0.878
296.428 0.9
297.319 0.891
298.208 0.889
299.147 0.939
300.069 0.922
300.974 0.905
301.856 0.882
302.744 0.888
303.662 0.918
304.504 0.842
305.279 0.775
306.013 0.734
306.735 0.722
307.495 0.76
308.33 0.835
309.171 0.841
310.014 0.843
310.902 0.888
311.834 0.932
312.75 0.916
313.671 0.921
314.602 0.931
315.533 0.931
316.441 0.908
317.374 0.933
318.313 0.939
319.237 0.924
320.135 0.898
321.03 0.895
321.95 0.92
322.895 0.945
323.847 0.952
324.767 0.92
325.672 0.905
326.57 0.898
327.435 0.865
328.322 0.887
329.256 0.934
330.22 0.964
331.188 0.968
332.173 0.985
333.151 0.978
334.093 0.942
335.05 0.957
336.014 0.964
336.95 0.936
337.921 0.971
338.892 0.971
339.827 0.935
340.734 0.907
341.634 0.9
342.497 0.863
343.319 0.822
344.181 0.862
345.075 0.894
345.907 0.832
346.705 0.798
347.437 0.732
348.163 0.726
348.917 0.754
349.739 0.822
350.61 0.871
351.478 0.868
352.348 0.87
353.305 0.957
354.288 0.983
355.229 0.941
356.203 0.974
357.149 0.946
358.058 0.909
358.919 0.861
359.82 0.901
360.763 0.943
361.709 0.946
362.728 1.019
363.718 0.99
364.639 0.921
365.567 0.928
366.487 0.92
367.434 0.947
368.297 0.863
369.162 0.865
370.048 0.886
371.008 0.96
371.966 0.958
372.964 0.998
374.018 1.054
375.055 1.037
376.051 0.996
376.996 0.945
377.946 0.95
378.872 0.926
379.747 0.875
380.589 0.842
381.5 0.911
382.453 0.953
383.429 0.976
384.376 0.947
385.349 0.973
386.316 0.967
387.275 0.959
388.198 0.923
389.103 0.905
389.972 0.869
390.806 0.834
391.666 0.86
392.557 0.891
393.479 0.922
394.438 0.959
395.397 0.959
396.326 0.929
397.261 0.935
398.236 0.975
399.183 0.947
400.04 0.857
400.85 0.81
401.724 0.874
402.673 0.949
403.601 0.928
404.547 0.946
405.518 0.971
406.444 0.926
407.369 0.925
408.291 0.922
409.243 0.952
410.212 0.969
411.19 0.978
412.181 0.991
413.141 0.96
413.98 0.839
414.798 0.818
415.614 0.816
416.435 0.821
417.246 0.811
418.014 0.768
418.752 0.738
419.469 0.717
420.185 0.716
420.901 0.716
421.597 0.696
422.269 0.672
422.902 0.633
423.522 0.62
424.087 0.565
424.672 0.585
425.261 0.589
425.863 0.602
426.514 0.651
426.996 0.482
427.813 0.817
428.445 0.632
429.077 0.632
429.702 0.625
430.312 0.61
430.927 0.615
431.551 0.624
432.174 0.623
432.793 0.619
433.407 0.614
434.042 0.635
434.711 0.669
435.439 0.728
436.232 0.793
437.023 0.791
437.827 0.804
438.662 0.835
439.52 0.858
440.337 0.817
441.186 0.849
441.984 0.798
442.757 0.773
443.552 0.795
444.407 0.855
445.288 0.881
446.168 0.88
447.058 0.89
447.987 0.929
448.858 0.871
449.656 0.798
450.434 0.778
451.258 0.824
452.153 0.895
453.1 0.947
453.998 0.898
454.883 0.885
455.778 0.895
456.65 0.872
457.507 0.857
458.362 0.855
459.232 0.87
460.087 0.855
460.981 0.894
461.891 0.91
462.837 0.946
463.795 0.958
464.732 0.937
465.668 0.936
466.611 0.943
467.546 0.935
468.469 0.923
469.371 0.902
470.275 0.904
471.175 0.9
472.081 0.906
472.995 0.914
473.92 0.925
474.83 0.91
475.789 0.959
476.753 0.964
477.705 0.952
478.632 0.927
479.547 0.915
480.38 0.833
481.134 0.754
481.853 0.719
482.536 0.683
483.229 0.693
484.197 0.968
485.001 0.804
485.817 0.816
486.557 0.74
487.273 0.716
488.032 0.759
488.921 0.889
489.914 0.993
490.882 0.968
491.823 0.941
492.797 0.974
493.797 1.0
494.743 0.946
495.703 0.96
496.71 1.007
497.714 1.004
498.6 0.886
499.443 0.843
500.289 0.846
501.135 0.846
501.952 0.817
502.714 0.762
503.494 0.78
504.22 0.726
504.938 0.718
505.641 0.703
506.435 0.794
507.317 0.882
508.292 0.975
509.245 0.953
510.166 0.921
511.097 0.931
512.007 0.91
512.931 0.924
513.855 0.924
514.765 0.91
515.674 0.909
516.573 0.899
517.488 0.915
518.403 0.915
519.308 0.905
520.196 0.888
521.068 0.872
521.941 0.873
522.834 0.893
523.741 0.907
524.658 0.917
525.58 0.922
526.439 0.859
527.283 0.844
528.171 0.888
529.13 0.959
530.042 0.912
530.964 0.922
531.916 0.952
532.867 0.951
533.874 1.007
534.9 1.026
535.862 0.962
536.767 0.905
537.733 0.966
538.73 0.997
539.681 0.951
540.58 0.899
541.48 0.9
542.354 0.874
543.214 0.86
544.042 0.828
544.978 0.936
546.077 1.099
547.122 1.045
548.188 1.066
549.237 1.049
550.223 0.986
551.184 0.961
552.19 1.006
553.169 0.979
554.087 0.918
555.035 0.948
556.002 0.967
556.995 0.993
557.958 0.963
558.937 0.979
559.917 0.98
560.849 0.932
561.747 0.898
562.672 0.925
563.628 0.956
564.45 0.822
565.216 0.766
565.937 0.721
566.694 0.757
567.488 0.794
568.327 0.839
569.189 0.862
569.97 0.781
570.697 0.727
571.396 0.699
572.095 0.699
572.828 0.733
573.625 0.797
574.457 0.832
575.273 0.816
576.091 0.818
576.882 0.791
577.617 0.735
578.329 0.712
579.086 0.757
579.92 0.834
580.773 0.853
581.606 0.833
582.424 0.818
583.276 0.852
584.149 0.873
584.998 0.849
585.836 0.838
586.675 0.839
587.511 0.836
588.373 0.862
589.294 0.921
590.244 0.95
591.204 0.96
592.139 0.935
593.073 0.934
593.983 0.91
594.849 0.866
595.634 0.785
596.429 0.795
597.273 0.844
598.15 0.877
598.989 0.839
599.743 0.754
600.453 0.71
601.141 0.688
601.809 0.668
602.488 0.679
603.151 0.663
603.785 0.634
604.401 0.616
604.991 0.59
605.578 0.587
606.149 0.571
606.705 0.556
607.256 0.551
607.806 0.55
608.357 0.551
608.915 0.558
609.492 0.577
610.115 0.623
610.775 0.66
611.442 0.667
612.123 0.681
612.912 0.789
613.872 0.96
614.805 0.933
615.602 0.797
616.408 0.806
617.243 0.835
618.044 0.801
618.823 0.779
619.608 0.785