0.000 0.708
0.708 0.708
1.306 0.598
1.915 0.609
2.538 0.623
3.193 0.655
3.812 0.619
4.559 0.747
5.249 0.69
5.881 0.632
6.51 0.629
7.11 0.6
7.69 0.58
8.251 0.561
8.829 0.578
9.416 0.587
10.005 0.589
10.589 0.584
11.252 0.663
12.564 1.312
12.953 0.389
13.804 0.851
14.44 0.636
15.152 0.712
21.364 6.212
21.999 0.635
22.631 0.632
23.258 0.627
23.906 0.648
24.541 0.635
25.203 0.662
25.914 0.711
26.614 0.7
27.36 0.746
28.152 0.792
28.931 0.779
29.66 0.729
30.38 0.72
31.055 0.675
31.706 0.651
32.342 0.636
33.018 0.676
33.844 0.826
34.66 0.816
35.445 0.785
36.248 0.803
36.957 0.709
37.636 0.679
38.274 0.638
38.895 0.621
39.51 0.615
40.131 0.621
40.77 0.639
41.409 0.639
42.014 0.605
42.616 0.602
43.302 0.686
43.982 0.68
44.688 0.706
45.442 0.754
46.18 0.738
46.921 0.741
47.623 0.702
48.332 0.709
49.007 0.675
49.664 0.657
50.3 0.636
50.919 0.619
51.514 0.595
52.1 0.586
52.702 0.602
53.35 0.648
54.025 0.675
54.685 0.66
55.469 0.784
56.338 0.869
57.149 0.811
57.873 0.724
58.608 0.735
59.32 0.712
59.998 0.678
60.658 0.66
61.337 0.679
62.062 0.725
62.719 0.657
63.339 0.62
63.963 0.624
64.634 0.671
65.306 0.672
66.018 0.712
66.813 0.795
67.602 0.789
68.342 0.74
69.047 0.705
69.739 0.692
70.393 0.654
71.046 0.653
71.703 0.657
72.436 0.733
73.215 0.779
73.971 0.756
74.705 0.734
75.39 0.685
76.072 0.682
76.736 0.664
77.361 0.625
78.003 0.642
78.727 0.724
79.444 0.717
80.199 0.755
80.976 0.777
81.706 0.73
82.408 0.702
83.117 0.709
83.836 0.719
84.533 0.697
85.239 0.706
85.984 0.745
86.772 0.788
87.557 0.785
88.361 0.804
89.17 0.809
89.911 0.741
90.661 0.75
91.422 0.761
92.115 0.693
92.79 0.675
93.495 0.705
94.269 0.774
95.096 0.827
95.833 0.737
96.511 0.678
97.143 0.632
97.742 0.599
98.321 0.579
98.898 0.577
99.486 0.588
100.139 0.653
100.906 0.767
101.626 0.72
102.41 0.784
103.228 0.818
104.002 0.774
104.799 0.797
105.611 0.812
106.383 0.772
106.686 0.303
107.104 0.418
107.791 0.687
108.329 0.538
108.594 0.265
108.979 0.385
109.252 0.273
109.519 0.267
109.824 0.305
113.82 3.996
114.351 0.531
114.625 0.274
114.915 0.29
116.756 1.841
119.456 2.7
119.733 0.277
120.994 1.261
133.997 13.003
134.724 0.727
135.484 0.76
136.281 0.797
137.106 0.825
137.89 0.784
138.658 0.768
139.403 0.745
140.223 0.82
141.07 0.847
141.866 0.796
142.616 0.75
143.404 0.788
144.201 0.797
144.967 0.766
145.745 0.778
146.549 0.804
147.275 0.726
147.987 0.712
148.714 0.727
149.425 0.711
150.218 0.793
150.994 0.776
151.776 0.782
152.532 0.756
153.288 0.756
154.025 0.737
154.716 0.691
155.385 0.669
156.06 0.675
156.775 0.715
157.479 0.704
158.16 0.681
158.793 0.633
159.467 0.674
160.238 0.771
161.001 0.763
161.771 0.77
162.504 0.733
163.181 0.677
163.837 0.656
164.547 0.71
165.233 0.686
165.944 0.711
166.72 0.776
167.49 0.77
168.225 0.735
168.985 0.76
169.757 0.772
170.51 0.753
171.232 0.722
171.944 0.712
172.682 0.738
173.419 0.737
174.172 0.753
174.966 0.794
175.737 0.771
176.459 0.722
177.202 0.743
177.999 0.797
178.847 0.848
179.599 0.752
180.347 0.748
181.105 0.758
181.854 0.749
182.59 0.736
183.377 0.787
184.202 0.825
184.988 0.786
185.723 0.735
186.42 0.697
187.094 0.674
187.756 0.662
188.426 0.67
189.114 0.688
189.778 0.664
190.411 0.633
191.13 0.719
191.914 0.784
192.674 0.76
193.419 0.745
194.156 0.737
194.865 0.709
195.552 0.687
196.218 0.666
196.878 0.66
197.531 0.653
198.207 0.676
198.898 0.691
199.576 0.678
200.224 0.648
200.857 0.633
201.475 0.618
202.132 0.657
202.855 0.723
203.562 0.707
204.248 0.686
204.976 0.728
205.749 0.773
206.483 0.734
207.189 0.706
207.89 0.701
208.615 0.725
209.379 0.764
210.18 0.801
211.017 0.837
211.84 0.823
212.639 0.799
213.408 0.769
214.163 0.755
214.93 0.767
215.67 0.74
216.419 0.749
217.192 0.773
217.947 0.755
218.726 0.779
219.542 0.816
220.325 0.783
221.045 0.72
221.757 0.712
222.451 0.694
223.123 0.672
223.762 0.639
224.454 0.692
225.294 0.84
226.154 0.86
226.942 0.788
227.724 0.782
228.501 0.777
229.262 0.761
229.996 0.734
230.739 0.743
231.529 0.79
232.302 0.773
233.082 0.78
233.848 0.766
234.64 0.792
235.388 0.748
236.188 0.8
236.995 0.807
237.769 0.774
238.551 0.782
239.377 0.826
240.238 0.861
241.046 0.808
241.824 0.778
242.606 0.782
243.405 0.799
244.207 0.802
245.026 0.819
245.856 0.83
246.674 0.818
247.393 0.719
248.105 0.712
248.856 0.751
249.641 0.785
250.444 0.803
251.236 0.792
252.046 0.81
252.81 0.764
253.532 0.722
254.263 0.731
255.024 0.761
255.75 0.726
256.476 0.726
257.208 0.732
257.951 0.743
258.666 0.715
259.411 0.745
260.182 0.771
260.943 0.761
261.71 0.767
262.467 0.757
263.188 0.721
263.898 0.71
264.614 0.716
265.346 0.732
266.079 0.733
266.833 0.754
267.596 0.763
268.354 0.758
269.129 0.775
269.901 0.772
270.695 0.794
271.417 0.722
272.124 0.707
272.826 0.702
273.526 0.7
274.203 0.677
274.884 0.681
275.59 0.706
276.275 0.685
276.915 0.64
277.606 0.691
278.343 0.737
279.064 0.721
279.808 0.744
280.602 0.794
281.346 0.744
282.034 0.688
282.715 0.681
283.381 0.666
284.025 0.644
284.656 0.631
285.306 0.65
285.982 0.676
286.746 0.764
287.497 0.751
288.251 0.754
289.011 0.76
289.733 0.722
290.417 0.684
291.09 0.673
291.793 0.703
292.518 0.725
293.275 0.757
294.081 0.806
294.864 0.783
295.558 0.694
296.267 0.709
297.003 0.736
297.707 0.704
298.443 0.736
299.223 0.78
299.948 0.725
300.657 0.709
301.36 0.703
302.082 0.722
302.77 0.688
303.44 0.67
304.115 0.675
304.855 0.74
305.639 0.784
306.426 0.787
307.232 0.806
307.986 0.754
308.714 0.728
309.453 0.739
310.181 0.728
310.892 0.711
311.588 0.696
312.294 0.706
312.996 0.702
313.674 0.678
314.328 0.654
314.98 0.652
315.765 0.785
316.543 0.778
317.306 0.763
318.091 0.785
318.906 0.815
319.67 0.764
320.434 0.764
321.165 0.731
321.893 0.728
322.604 0.711
323.28 0.676
324.008 0.728
324.71 0.702
325.516 0.806
326.276 0.76
327.008 0.732
327.696 0.688
328.331 0.635
328.937 0.606
329.512 0.575
330.071 0.559
330.623 0.552
331.2 0.577
331.813 0.613
332.492 0.679
332.743 0.251
333.229 0.486
333.85 0.621
334.218 0.368
334.511 0.293
334.851 0.34
335.11 0.259
335.864 0.754
337.819 1.955
338.305 0.486
343.509 5.204
344.064 0.555
344.669 0.605
345.346 0.677
346.082 0.736
346.797 0.715
347.483 0.686
348.17 0.687
348.854 0.684
349.141 0.287
349.505 0.364
350.12 0.615
350.704 0.584
351.28 0.576
351.909 0.629
352.178 0.269
352.632 0.454
353.408 0.776
354.155 0.747
354.845 0.69
355.574 0.729
356.345 0.771
357.149 0.804
357.937 0.788
358.678 0.741
359.458 0.78
360.279 0.821
361.179 0.9
362.052 0.873
362.891 0.839
363.719 0.828
364.538 0.819
365.334 0.796
366.089 0.755
366.828 0.739
367.548 0.72
368.375 0.827
369.235 0.86
370.09 0.855
370.855 0.765
371.616 0.761
372.333 0.717
373.042 0.709
373.773 0.731
374.559 0.786
375.372 0.813
376.178 0.806
376.924 0.746
377.682 0.758
378.419 0.737
379.144 0.725
379.893 0.749
380.674 0.781
381.427 0.753
382.193 0.766
382.989 0.796
383.785 0.796
384.528 0.743
385.266 0.738
386.0 0.734
386.723 0.723
387.499 0.776
388.321 0.822
389.095 0.774
389.844 0.749
390.62 0.776
391.357 0.737
392.044 0.687
392.734 0.69
393.414 0.68
394.073 0.659
394.715 0.642
395.364 0.649
396.011 0.647
396.654 0.643
397.273 0.619
397.886 0.613
398.563 0.677
399.217 0.654
399.868 0.651
400.545 0.677
401.239 0.694
401.894 0.655
402.522 0.628
403.172 0.65
403.852 0.68
404.538 0.686
405.228 0.69
405.874 0.646
406.508 0.634
407.134 0.626
407.766 0.632
408.387 0.621
408.991 0.604
409.574 0.583
410.156 0.582
410.761 0.605
411.37 0.609
412.002 0.632
412.682 0.68
413.383 0.701
414.077 0.694
414.782 0.705
415.452 0.67
416.116 0.664
416.748 0.632
417.367 0.619
418.015 0.648
418.733 0.718
419.461 0.728
420.153 0.692
420.839 0.686
421.553 0.714
422.314 0.761
423.045 0.731
423.803 0.758
424.583 0.78
425.352 0.769
426.103 0.751
426.901 0.798
427.699 0.798
428.473 0.774
429.278 0.805
430.104 0.826
430.873 0.769
431.647 0.774
432.421 0.774
433.112 0.691
433.797 0.685
434.481 0.684
435.203 0.722
435.919 0.716
436.638 0.719
437.368 0.73
438.081 0.713
438.777 0.696
439.492 0.715
440.25 0.758
440.951 0.701
441.658 0.707
442.379 0.721
443.123 0.744
443.849 0.726
444.589 0.74
445.342 0.753
446.091 0.749
446.826 0.735
447.559 0.733
448.296 0.737
449.004 0.708
449.701 0.697
450.396 0.695
451.08 0.684
451.76 0.68
452.448 0.688
453.161 0.713
453.851 0.69
454.502 0.651
455.139 0.637
455.793 0.654
456.428 0.635
457.032 0.604
457.652 0.62
458.351 0.699
459.092 0.741
459.836 0.744
460.561 0.725
461.305 0.744
462.056 0.751
462.796 0.74
463.494 0.698
464.188 0.694
464.889 0.701
465.618 0.729
466.328 0.71
467.035 0.707
467.772 0.737
468.549 0.777
469.296 0.747
470.031 0.735
470.758 0.727
471.491 0.733
472.2 0.709
472.89 0.69
473.576 0.686
474.271 0.695
474.961 0.69
475.639 0.678
476.318 0.679
476.999 0.681
477.689 0.69
478.385 0.696
479.13 0.745
479.847 0.717
480.549 0.702
481.258 0.709
481.974 0.716
482.673 0.699
483.36 0.687
484.017 0.657
484.632 0.615
485.255 0.623
485.946 0.691
486.653 0.707
487.365 0.712
488.112 0.747
488.865 0.753
489.588 0.723
490.299 0.711
491.002 0.703
491.696 0.694
492.38 0.684
493.086 0.706
493.841 0.755
494.605 0.764
495.343 0.738
496.077 0.734
496.829 0.752
497.576 0.747
498.301 0.725
499.028 0.727
499.773 0.745
500.493 0.72
501.216 0.723
501.942 0.726
502.673 0.731
503.368 0.695
504.056 0.688
504.769 0.713
505.45 0.681
506.091 0.641
506.743 0.652
507.429 0.686
508.113 0.684
508.781 0.668
509.457 0.676
510.121 0.664
510.762 0.641
511.389 0.627
512.01 0.621
512.638 0.628
513.263 0.625
513.866 0.603
514.447 0.581
515.029 0.582
515.601 0.572
515.899 0.298
516.15 0.251
516.843 0.693
523.555 0.564
524.175 0.62
524.917 0.742
525.701 0.784
526.447 0.746
527.166 0.719
527.908 0.742
528.635 0.727
529.337 0.702
530.052 0.715
530.778 0.726
531.476 0.698
532.189 0.713
532.988 0.799
533.775 0.787
534.565 0.79
535.366 0.801
536.13 0.764
536.848 0.718
537.572 0.724
538.298 0.726
538.988 0.69
539.737 0.749
540.508 0.771
541.273 0.765
542.007 0.734
542.734 0.727
543.399 0.665
544.039 0.64
544.647 0.608
545.249 0.602
545.828 0.579
546.415 0.587
547.049 0.634
547.697 0.648
548.389 0.692
549.133 0.744
549.798 0.665
550.454 0.656
551.12 0.666
551.78 0.66
552.447 0.667
553.158 0.711
553.886 0.728
554.589 0.703
555.329 0.74
556.109 0.78
556.859 0.75
557.557 0.698
558.245 0.688
558.953 0.708
559.676 0.723
560.379 0.703
561.112 0.733
561.85 0.738
562.603 0.753
563.365 0.762
564.152 0.787
564.945 0.793
565.749 0.804
566.472 0.723
567.149 0.677
567.817 0.668
568.482 0.665
569.152 0.67
569.819 0.667
570.62 0.801
571.413 0.793
572.228 0.815
573.038 0.81
573.838 0.8
574.562 0.724
575.252 0.69
575.918 0.666
576.568 0.65
577.221 0.653
577.888 0.667
578.517 0.629
579.143 0.626
579.853 0.71
580.627 0.774
581.372 0.745
582.041 0.669
582.721 0.68
583.415 0.694
584.121 0.706
584.795 0.674
585.448 0.653
586.112 0.664
586.808 0.696
587.545 0.737
588.244 0.699
588.918 0.674
589.568 0.65
590.227 0.659
590.943 0.716
591.945 1.002
592.816 0.871
593.636 0.82
594.415 0.779
595.153 0.738
595.894 0.741
596.649 0.755
597.405 0.756
598.122 0.717
598.83 0.708
599.569 0.739
600.351 0.782
601.173 0.822
601.976 0.803
602.699 0.723
603.368 0.669
604.011 0.643
604.623 0.612
605.243 0.62
605.853 0.61
606.469 0.616
607.104 0.635
607.743 0.639
608.395 0.652
609.045 0.65
609.68 0.635
610.332 0.652
610.975 0.643
611.624 0.649
612.275 0.651
612.892 0.617
613.502 0.61
614.094 0.592
614.662 0.568
615.215 0.553
615.762 0.547
616.312 0.55
616.87 0.558
617.447 0.577
618.036 0.589
618.63 0.594
619.211 0.581
619.782 0.571
620.337 0.555
620.906 0.569
621.491 0.585
622.098 0.607
622.793 0.695
623.489 0.696
624.208 0.719
624.889 0.681
625.535 0.646
626.16 0.625
626.762 0.602
627.344 0.582
627.917 0.573
628.497 0.58
629.096 0.599
629.711 0.615
630.342 0.631
631.021 0.679
631.747 0.726
632.424 0.677
633.108 0.684
633.8 0.692
634.475 0.675
635.147 0.672
635.835 0.688
636.52 0.685
637.186 0.666
637.834 0.648
638.479 0.645
639.129 0.65
639.769 0.64
640.399 0.63
641.02 0.621
641.685 0.665
642.358 0.673
643.047 0.689
643.745 0.698
644.419 0.674
645.05 0.631
645.657 0.607
646.268 0.611
646.893 0.625
647.574 0.681
648.319 0.745
649.06 0.741
649.854 0.794
650.619 0.765
651.394 0.775
652.176 0.782
652.953 0.777
653.698 0.745
654.387 0.689
655.088 0.701
655.802 0.714
656.545 0.743
657.298 0.753
658.014 0.716