0.000 0.709
0.709 0.709
1.438 0.729
8.923 0.924
9.773 0.85
10.582 0.809
11.417 0.835
12.174 0.757
12.965 0.791
13.726 0.761
14.443 0.717
15.148 0.705
15.869 0.721
16.649 0.78
17.399 0.75
18.132 0.733
18.916 0.784
19.768 0.852
20.552 0.784
21.284 0.732
22.031 0.747
22.762 0.731
23.464 0.702
24.109 0.645
24.769 0.66
25.488 0.719
26.321 0.833
27.096 0.775
27.862 0.766
28.742 0.88
29.651 0.909
30.465 0.814
31.304 0.839
32.177 0.873
32.988 0.811
33.777 0.789
34.594 0.817
35.377 0.783
36.105 0.728
36.874 0.769
37.636 0.762
38.389 0.753
39.286 0.897
40.186 0.9
41.031 0.845
41.772 0.741
42.557 0.785
43.369 0.812
44.268 0.899
45.199 0.931
46.091 0.892
46.855 0.764
47.622 0.767
48.427 0.805
49.265 0.838
50.015 0.75
50.767 0.752
51.588 0.821
52.558 0.97
53.457 0.899
54.261 0.804
55.14 0.879
55.999 0.859
56.746 0.747
57.586 0.84
58.476 0.89
59.301 0.825
60.074 0.773
60.891 0.817
61.789 0.898
62.615 0.826
63.419 0.804
64.305 0.886
65.263 0.958
66.148 0.885
67.04 0.892
67.975 0.935
68.918 0.943
69.783 0.865
70.651 0.868
71.527 0.876
72.306 0.779
73.005 0.699
73.705 0.7
74.434 0.729
75.254 0.82
76.22 0.966
77.138 0.918
77.988 0.85
78.869 0.881
79.776 0.907
80.621 0.845
81.427 0.806
82.21 0.783
82.997 0.787
83.731 0.734
84.503 0.772
85.378 0.875
86.255 0.877
87.09 0.835
87.985 0.895
88.895 0.91
89.731 0.836
90.545 0.814
91.418 0.873
92.309 0.891
93.121 0.812
93.912 0.791
94.768 0.856
95.66 0.892
96.473 0.813
97.324 0.851
98.26 0.936
99.142 0.882
99.967 0.825
100.876 0.909
101.838 0.962
102.729 0.891
103.532 0.803
104.353 0.821
105.208 0.855
106.02 0.812
106.786 0.766
107.591 0.805
108.473 0.882
109.325 0.852
110.152 0.827
111.11 0.958
112.034 0.924
112.898 0.864
113.754 0.856
114.583 0.829
115.445 0.862
116.249 0.804
117.135 0.886
118.053 0.918
118.933 0.88
119.718 0.785
120.49 0.772
121.285 0.795
122.098 0.813
122.886 0.788
123.61 0.724
124.334 0.724
125.099 0.765
125.927 0.828
126.721 0.794
127.484 0.763
128.173 0.689
128.851 0.678
129.571 0.72
130.355 0.784
131.278 0.923
132.151 0.873
132.934 0.783
133.732 0.798
134.541 0.809
135.378 0.837
136.16 0.782
136.947 0.787
137.767 0.82
138.592 0.825
139.384 0.792
140.222 0.838
141.128 0.906
142.024 0.896
142.85 0.826
143.672 0.822
144.604 0.932
145.56 0.956
146.494 0.934
147.351 0.857
148.2 0.849
149.069 0.869
149.957 0.888
150.824 0.867
151.635 0.811
152.463 0.828
153.334 0.871
154.265 0.931
155.144 0.879
155.949 0.805
156.727 0.778
157.569 0.842
158.474 0.905
159.355 0.881
160.163 0.808
160.909 0.746
161.633 0.724
162.381 0.748
163.193 0.812
164.032 0.839
164.799 0.767
165.548 0.749
166.317 0.769
167.123 0.806
167.937 0.814
168.687 0.75
169.428 0.741
170.188 0.76
170.995 0.807
171.838 0.843
172.6 0.762
173.338 0.738
174.082 0.744
174.876 0.794
175.694 0.818
176.544 0.85
177.31 0.766
178.059 0.749
178.836 0.777
179.691 0.855
180.569 0.878
181.356 0.787
182.117 0.761
182.91 0.793
183.751 0.841
184.609 0.858
185.394 0.785
186.169 0.775
186.945 0.776
187.761 0.816
188.65 0.889
189.486 0.836
190.275 0.789
191.063 0.788
191.834 0.771
192.532 0.698
193.253 0.721
194.078 0.825
194.879 0.801
195.658 0.779
196.479 0.821
197.353 0.874
198.258 0.905
199.056 0.798
199.827 0.771
200.605 0.778
201.413 0.808
202.231 0.818
203.003 0.772
203.769 0.766
204.581 0.812
205.453 0.872
206.285 0.832
207.059 0.774
207.838 0.779
208.649 0.811
209.432 0.783
210.179 0.747
210.91 0.731
211.68 0.77
212.518 0.838
213.327 0.809
214.082 0.755
214.838 0.756
215.62 0.782
216.4 0.78
217.16 0.76
217.907 0.747
218.657 0.75
219.436 0.779
220.247 0.811
221.019 0.772
221.792 0.773
222.605 0.813
223.469 0.864
224.262 0.793
225.037 0.775
225.831 0.794
226.648 0.817
227.432 0.784
228.189 0.757
228.95 0.761
229.751 0.801
230.604 0.853
231.406 0.802
232.184 0.778
232.992 0.808
233.831 0.839
234.671 0.84
235.451 0.78
236.221 0.77
237.014 0.793
237.78 0.766
238.523 0.743
239.26 0.737
240.032 0.772
240.752 0.72
241.407 0.655
242.051 0.644
242.703 0.652
243.389 0.686
244.121 0.732
244.859 0.738
245.633 0.774
246.452 0.819
247.315 0.863
248.135 0.82
248.912 0.777
249.718 0.806
250.53 0.812
251.288 0.758
252.019 0.731
252.759 0.74
253.517 0.758
254.287 0.77
255.033 0.746
255.783 0.75
256.576 0.793
257.397 0.821
258.153 0.756
258.905 0.752
259.672 0.767
260.463 0.791
261.227 0.764
262.02 0.793
262.924 0.904
263.826 0.902
264.642 0.816
265.479 0.837
266.342 0.863
267.193 0.851
267.958 0.765
268.76 0.802
269.597 0.837
270.385 0.788
271.16 0.775
271.995 0.835
272.874 0.879
273.707 0.833
274.473 0.766
275.285 0.812
276.087 0.802
276.864 0.777
277.611 0.747
278.412 0.801
279.249 0.837
280.06 0.811
280.838 0.778
281.686 0.848
282.605 0.919
283.45 0.845
284.226 0.776
285.029 0.803
285.915 0.886
286.837 0.922
287.673 0.836
288.452 0.779
289.291 0.839
290.231 0.94
291.163 0.932
291.999 0.836
292.827 0.828
293.692 0.865
294.597 0.905
295.548 0.951
296.403 0.855
297.236 0.833
298.11 0.874
299.075 0.965
300.059 0.984
300.966 0.907
301.8 0.834
302.652 0.852
303.542 0.89
304.455 0.913
305.28 0.825
306.113 0.833
307.017 0.904
307.995 0.978
308.939 0.944
309.784 0.845
310.641 0.857
311.556 0.915
312.433 0.877
313.268 0.835
314.137 0.869
315.081 0.944
316.046 0.965
316.921 0.875
317.763 0.842
318.617 0.854
319.522 0.905
320.42 0.898
321.246 0.826
322.089 0.843
322.969 0.88
323.836 0.867
324.697 0.861
325.486 0.789
326.269 0.783
327.093 0.824
327.975 0.882
328.833 0.858
329.629 0.796
330.465 0.836
331.374 0.909
332.32 0.946
333.2 0.88
333.998 0.798
334.772 0.774
335.473 0.701
336.156 0.683
336.898 0.742
337.707 0.809
338.513 0.806
339.282 0.769
340.051 0.769
340.867 0.816
341.714 0.847
342.556 0.842
343.334 0.778
344.089 0.755
344.864 0.775
345.684 0.82
346.528 0.844
347.333 0.805
348.12 0.787
348.959 0.839
349.844 0.885
350.788 0.944
351.652 0.864
352.422 0.77
353.21 0.788
354.049 0.839
354.877 0.828
355.709 0.832
356.482 0.773
357.288 0.806
358.173 0.885
359.104 0.931
360.009 0.905
360.86 0.851
361.704 0.844
362.61 0.906
363.516 0.906
364.405 0.889
365.196 0.791
365.967 0.771
366.743 0.776
367.547 0.804
368.323 0.776
369.077 0.754
369.817 0.74
370.51 0.693
371.199 0.689
371.984 0.785
372.741 0.757
373.5 0.759
374.363 0.863
375.296 0.933
376.174 0.878
376.946 0.772
377.698 0.752
378.462 0.764
379.219 0.757
379.981 0.762
380.728 0.747
381.491 0.763
382.337 0.846
383.266 0.929
384.086 0.82
384.911 0.825
385.811 0.9
386.736 0.925
387.601 0.865
388.439 0.838
389.308 0.869
390.188 0.88
391.043 0.855
391.845 0.802
392.69 0.845
393.618 0.928
394.584 0.966
395.497 0.913
396.368 0.871
397.274 0.906
398.208 0.934
399.066 0.858
399.876 0.81
400.701 0.825
401.577 0.876
402.457 0.88
403.295 0.838
404.152 0.857
405.012 0.86
405.901 0.889
406.815 0.914
407.644 0.829
408.493 0.849
409.395 0.902
410.286 0.891
411.093 0.807
411.914 0.821
412.754 0.84
413.576 0.822
414.319 0.743
415.053 0.734
415.8 0.747
416.525 0.725
417.223 0.698
417.91 0.687
418.62 0.71
419.362 0.742
420.081 0.719
420.82 0.739
421.574 0.754
422.314 0.74
423.051 0.737
423.809 0.758
424.556 0.747
425.29 0.734
426.042 0.752
426.79 0.748
427.505 0.715
428.211 0.706
428.893 0.682
429.567 0.674
430.228 0.661
430.862 0.634
431.505 0.643
432.164 0.659
432.82 0.656
433.485 0.665
434.214 0.729
435.208 0.994
436.134 0.926
437.071 0.937
437.947 0.876
438.722 0.775
439.464 0.742
440.204 0.74
441.093 0.889
441.939 0.846
442.706 0.767
443.509 0.803
444.272 0.763
444.984 0.712
445.719 0.735
446.547 0.828
447.544 0.997
448.436 0.892
449.27 0.834
450.095 0.825
450.937 0.842
451.901 0.964
452.782 0.881
453.616 0.834
454.476 0.86
455.376 0.9
456.255 0.879
457.075 0.82
457.754 0.679
458.451 0.697
459.265 0.814
460.262 0.997
461.265 1.003
462.134 0.869
463.025 0.891
463.977 0.952
464.944 0.967
465.836 0.892
466.72 0.884
467.654 0.934
468.611 0.957
469.493 0.882
470.367 0.874
471.285 0.918
472.199 0.914
473.03 0.831
473.852 0.822
474.764 0.912
475.755 0.991
476.64 0.885
477.471 0.831
478.352 0.881
479.318 0.966
480.24 0.922
481.067 0.827
481.921 0.854
482.862 0.941
483.821 0.959
484.653 0.832
485.504 0.851
486.488 0.984
487.464 0.976
488.342 0.878
489.199 0.857
490.173 0.974
491.119 0.946
491.997 0.878
492.845 0.848
493.781 0.936
494.783 1.002
495.696 0.913
496.531 0.835
497.452 0.921
498.456 1.004
499.416 0.96
500.3 0.884
501.227 0.927
502.201 0.974
503.168 0.967
504.042 0.874
504.959 0.917
505.878 0.919
506.781 0.903
507.59 0.809
508.411 0.821
509.282 0.871
510.191 0.909
511.164 0.973
512.014 0.85
512.902 0.888
513.841 0.939
514.809 0.968
515.69 0.881
516.538 0.848
517.409 0.871
518.328 0.919
519.214 0.886
519.995 0.781
520.761 0.766
521.586 0.825
522.451 0.865
523.29 0.839
524.061 0.771
524.904 0.843
525.838 0.934
526.731 0.893
527.504 0.773
528.282 0.778
529.149 0.867
530.013 0.864
530.771 0.758
531.52 0.749
532.317 0.797
533.16 0.843
534.03 0.87
534.787 0.757
535.589 0.802
536.473 0.884
537.427 0.954
538.283 0.856
539.123 0.84
540.031 0.908
540.994 0.963
541.929 0.935
542.813 0.884
543.742 0.929
544.677 0.935
545.579 0.902
546.446 0.867
547.36 0.914
548.297 0.937
549.217 0.92
550.109 0.892
551.058 0.949
552.028 0.97
552.956 0.928
553.871 0.915
554.839 0.968
555.837 0.998
556.815 0.978
557.717 0.902
558.73 1.013
559.709 0.979
560.621 0.912
561.525 0.904
562.447 0.922
563.338 0.891
564.094 0.756
564.893 0.799
565.733 0.84
566.651 0.918
567.56 0.909
568.425 0.865
569.208 0.783
570.044 0.836
570.798 0.754
571.558 0.76
572.344 0.786
573.169 0.825
573.953 0.784
574.694 0.741
575.4 0.706
576.105 0.705
576.838 0.733
577.651 0.813
578.551 0.9
579.391 0.84
580.177 0.786
580.981 0.804
581.831 0.85
582.661 0.83
583.463 0.802
584.248 0.785
585.08 0.832
585.884 0.804
586.732 0.848
587.624 0.892
588.531 0.907
589.351 0.82
590.109 0.758
590.82 0.711
591.552 0.732
592.349 0.797
593.196 0.847
593.965 0.769
594.746 0.781
595.616 0.87
596.551 0.935
597.444 0.893
598.229 0.785
599.004 0.775
599.823 0.819
600.688 0.865
601.499 0.811
602.269 0.77
603.051 0.782
603.92 0.869