0.000 0.784
0.784 0.784
1.724 0.94
2.678 0.954
3.687 1.009
4.71 1.023
5.667 0.957
6.661 0.994
7.544 0.883
8.412 0.868
9.285 0.873
10.26 0.975
11.125 0.865
12.012 0.887
12.963 0.951
13.967 1.004
14.857 0.89
15.808 0.951
16.749 0.941
17.625 0.876
18.568 0.943
19.557 0.989
20.503 0.946
21.538 1.035
22.445 0.907
23.444 0.999
24.451 1.007
25.376 0.925
26.382 1.006
27.446 1.064
28.412 0.966
29.399 0.987
30.459 1.06
31.498 1.039
32.578 1.08
33.542 0.964
34.579 1.037
35.683 1.104
36.704 1.021
37.851 1.147
38.975 1.124
40.037 1.062
41.183 1.146
42.264 1.081
43.439 1.175
44.617 1.178
45.752 1.135
46.95 1.198
48.147 1.197
49.266 1.119
50.467 1.201
51.688 1.221
52.831 1.143
53.899 1.068
55.108 1.209
56.319 1.211
57.5 1.181
58.697 1.197
59.91 1.213
61.105 1.195
62.288 1.183
63.447 1.159
64.696 1.249
65.814 1.118
67.047 1.233
68.186 1.139
69.385 1.199
70.587 1.202
71.683 1.096
72.916 1.233
74.145 1.229
75.251 1.106
76.424 1.173
77.455 1.031
78.509 1.054
79.428 0.919
80.438 1.01
81.463 1.025
82.621 1.158
83.597 0.976
84.676 1.079
85.792 1.116
86.809 1.017
87.929 1.12
88.987 1.058
90.004 1.017
91.158 1.154
92.286 1.128
93.33 1.044
94.476 1.146
95.66 1.184
96.744 1.084
97.954 1.21
99.154 1.2
100.302 1.148
101.484 1.182
102.6 1.116
103.676 1.076
104.839 1.163
105.941 1.102
106.965 1.024
108.13 1.165
109.257 1.127
110.332 1.075
111.509 1.177
112.662 1.153
113.841 1.179
115.041 1.2
116.175 1.134
117.356 1.181
118.585 1.229
119.723 1.138
120.898 1.175
122.075 1.177
123.143 1.068
124.311 1.168
125.49 1.179
126.653 1.163
127.824 1.171
128.92 1.096
130.113 1.193
131.305 1.192
132.375 1.07
133.569 1.194
134.757 1.188
135.899 1.142
137.115 1.216
138.281 1.166
139.42 1.139
140.622 1.202
141.697 1.075
142.892 1.195
144.108 1.216
145.213 1.105
146.414 1.201
147.633 1.219
148.77 1.137
149.998 1.228
151.061 1.063
152.233 1.172
153.429 1.196
154.538 1.109
155.737 1.199
156.921 1.184
158.007 1.086
159.187 1.18
160.356 1.169
161.453 1.097
162.584 1.131
163.76 1.176
164.865 1.105
166.036 1.171
167.237 1.201
168.411 1.174
169.538 1.127
170.727 1.189
171.743 1.016
172.766 1.023
173.769 1.003
174.772 1.003
175.626 0.854
176.704 1.078
177.685 0.981
178.833 1.148
180.0 1.167
181.108 1.108
182.125 1.017
183.256 1.131
184.364 1.108
185.361 0.997
186.42 1.059
187.544 1.124
188.661 1.117
189.69 1.029
190.846 1.156
192.007 1.161
193.096 1.089
194.258 1.162
195.378 1.12
196.472 1.094
197.646 1.174
198.76 1.114
199.852 1.092
201.022 1.17
202.199 1.177
203.282 1.083
204.448 1.166
205.574 1.126
206.685 1.111
207.921 1.236
209.068 1.147
210.224 1.156
211.426 1.202
212.62 1.194
213.703 1.083
214.887 1.184
216.085 1.198
217.164 1.079
218.353 1.189
219.55 1.197
220.618 1.068
221.781 1.163
222.925 1.144
223.964 1.039
225.122 1.158
226.303 1.181
227.405 1.102
228.603 1.198
229.698 1.095
230.835 1.137
232.042 1.207
233.152 1.11
234.326 1.174
235.517 1.191
236.641 1.124
237.863 1.222
238.982 1.119
240.202 1.22
241.345 1.143
242.475 1.13
243.61 1.135
244.591 0.981
245.634 1.043
246.553 0.919
247.632 1.079
248.758 1.126
249.943 1.185
251.032 1.089
252.172 1.14
253.338 1.166
254.482 1.144
255.514 1.032
256.6 1.086
257.736 1.136
258.756 1.02
259.859 1.103
261.02 1.161
262.06 1.04
263.208 1.148
264.396 1.188
265.527 1.131
266.655 1.128
267.869 1.214
268.995 1.126
270.069 1.074
271.241 1.172
272.382 1.141
273.484 1.102
274.703 1.219
275.938 1.235
277.135 1.197
278.374 1.239
279.575 1.201
280.806 1.231
282.024 1.218
283.203 1.179
284.408 1.205
285.566 1.158
286.626 1.06
287.799 1.173
288.987 1.188
290.171 1.184
291.299 1.128
292.526 1.227
293.736 1.21
294.809 1.073
295.99 1.181
297.191 1.201
298.228 1.037
299.406 1.178
300.63 1.224
301.763 1.133
302.957 1.194
304.185 1.228
305.347 1.162
306.501 1.154
307.682 1.181
308.799 1.117
309.902 1.103
311.103 1.201
312.283 1.18
313.354 1.071
314.488 1.134
315.522 1.034
316.652 1.13
317.679 1.027
318.654 0.975
319.742 1.088
320.836 1.094
321.998 1.162
323.086 1.088
324.166 1.08
325.289 1.123
326.417 1.128
327.465 1.048
328.531 1.066
329.503 0.972
330.356 0.853
331.305 0.949
332.414 1.109
333.449 1.035
334.556 1.107
335.715 1.159
336.821 1.106
337.935 1.114
339.077 1.142
340.212 1.135
341.264 1.052
342.363 1.099
343.519 1.156
344.657 1.138
345.739 1.082
346.919 1.18
348.096 1.177
349.227 1.131
350.411 1.184
351.591 1.18
352.711 1.12
353.906 1.195
355.095 1.189
356.273 1.178
357.446 1.173
358.637 1.191
359.765 1.128
360.861 1.096
362.016 1.155
363.158 1.142
364.122 0.964
365.177 1.055
366.301 1.124
367.466 1.165
368.564 1.098
369.707 1.143
370.875 1.168
372.037 1.162
373.114 1.077
374.292 1.178
375.485 1.193
376.655 1.17
377.824 1.169
379.027 1.203
380.23 1.203
381.386 1.156
382.584 1.198
383.698 1.114
384.66 0.962
385.669 1.009
386.569 0.9
387.644 1.075
388.784 1.14
389.877 1.093
391.021 1.144
392.161 1.14
393.247 1.086
394.384 1.137
395.454 1.07
396.495 1.041
397.626 1.131
398.775 1.149
399.879 1.104
401.019 1.14
402.197 1.178
403.339 1.142
404.438 1.099
405.639 1.201
406.83 1.191
407.961 1.131
409.168 1.207
410.354 1.186
411.408 1.054
412.59 1.182
413.784 1.194
414.881 1.097
416.087 1.206
417.319 1.232
418.5 1.181
419.687 1.187
420.896 1.209
422.028 1.132
423.203 1.175
424.412 1.209
425.622 1.21
426.777 1.155
427.985 1.208
429.081 1.096
430.211 1.13
431.291 1.08
432.241 0.95
433.395 1.154
434.595 1.2
435.757 1.162
436.991 1.234
438.127 1.136
439.304 1.177
440.503 1.199
441.725 1.222
442.903 1.178
444.01 1.107
445.182 1.172
446.392 1.21
447.559 1.167
448.721 1.162
449.792 1.071
450.893 1.101
452.096 1.203
453.191 1.095
454.34 1.149
455.455 1.115
456.621 1.166
457.752 1.131
458.872 1.12
460.021 1.149
461.073 1.052
462.161 1.088
463.252 1.091
464.309 1.057
465.336 1.027
466.464 1.128
467.601 1.137
468.749 1.148
469.896 1.147
470.914 1.018
471.996 1.082
473.136 1.14
474.27 1.134
475.324 1.054
476.437 1.113
477.637 1.2
478.825 1.188
480.006 1.181
481.076 1.07
482.179 1.103
483.363 1.184
484.523 1.16
485.645 1.122
486.859 1.214
487.96 1.101
489.115 1.155
490.298 1.183
491.404 1.106
492.262 0.858
493.176 0.914
494.387 1.211
495.609 1.222
496.706 1.097
497.719 1.013
498.868 1.149
499.997 1.129
501.017 1.02
501.538 0.521
502.05 0.512
502.612 0.562
513.138 1.144
514.235 1.097
515.403 1.168
516.562 1.159
517.735 1.173
518.88 1.145
519.879 0.999
520.788 0.909
522.004 1.216
523.181 1.177
524.296 1.115
525.46 1.164
526.639 1.179
527.758 1.119
528.844 1.086
530.004 1.16
531.185 1.181
532.346 1.161
533.429 1.083
534.554 1.125
535.713 1.159
536.859 1.146
537.994 1.135
539.172 1.178
540.367 1.195
541.493 1.126
542.653 1.16
543.845 1.192
544.993 1.148
546.126 1.133
547.308 1.182
548.39 1.082
549.526 1.136
550.646 1.12
551.634 0.988
552.535 0.901
553.607 1.072
554.785 1.178
555.814 1.029
556.807 0.993
557.917 1.11
559.005 1.088
560.143 1.138
561.299 1.156
562.283 0.984
563.39 1.107
564.533 1.143
565.621 1.088
566.634 1.013
567.673 1.039
568.737 1.064
569.739 1.002
570.759 1.02
571.883 1.124
572.938 1.055
573.823 0.885
574.908 1.085
576.069 1.161
577.171 1.102
578.189 1.018
579.301 1.112
580.424 1.123
581.423 0.999
582.508 1.085
583.641 1.133
584.794 1.153
585.908 1.114
587.069 1.161
588.248 1.179
589.431 1.183
590.551 1.12
591.679 1.128
592.889 1.21
594.077 1.188
595.182 1.105
596.335 1.153
597.449 1.114
598.439 0.99
599.502 1.063
600.55 1.048
601.441 0.891
602.467 1.026
603.611 1.144
604.832 1.221
605.954 1.122
606.883 0.929
607.916 1.033
608.377 0.461
609.046 0.669
609.932 0.886
610.188 0.256
610.706 0.518
611.327 0.621
612.389 1.062
613.492 1.103
614.529 1.037
615.65 1.121
616.739 1.089
617.879 1.14
618.866 0.987
619.46 0.594
619.82 0.36
620.557 0.737
621.292 0.735
622.088 0.796
622.874 0.786
623.973 1.099
625.103 1.13
626.086 0.983
627.122 1.036
628.129 1.007
629.099 0.97
629.859 0.76
630.569 0.71
631.305 0.736
632.025 0.72
632.775 0.75
633.789 1.014