0.000 0.627
0.627 0.627
0.93 0.303
1.243 0.313
1.855 0.612
2.214 0.359
2.488 0.274
2.766 0.278
3.048 0.282
3.414 0.366
3.673 0.259
3.961 0.288
4.257 0.296
4.517 0.26
4.781 0.264
5.191 0.41
5.456 0.265
5.737 0.281
6.011 0.274
6.291 0.28
6.75 0.459
7.018 0.268
14.999 7.981
17.088 2.089
20.883 3.795
21.152 0.269
22.145 0.993
22.639 0.494
23.533 0.894
23.941 0.408
24.244 0.303
24.953 0.709
25.664 0.711
26.542 0.878
27.476 0.934
28.347 0.871
29.182 0.835
30.006 0.824
30.262 0.256
30.553 0.291
31.533 0.98
32.271 0.738
33.019 0.748
33.306 0.287
33.568 0.262
33.821 0.253
36.667 2.846
37.254 0.587
37.644 0.39
37.919 0.275
38.243 0.324
38.614 0.371
39.062 0.448
41.324 2.262
41.729 0.405
44.537 2.808
44.992 0.455
45.266 0.274
45.518 0.252
47.456 1.938
52.248 4.792
53.1 0.852
53.878 0.778
54.675 0.797
55.448 0.773
56.188 0.74
56.906 0.718
57.639 0.733
58.418 0.779
59.282 0.864
60.16 0.878
60.998 0.838
61.83 0.832
62.651 0.821
63.433 0.782
64.206 0.773
64.969 0.763
65.701 0.732
66.435 0.734
67.209 0.774
68.152 0.943
69.027 0.875
70.018 0.991
70.962 0.944
71.839 0.877
72.756 0.917
73.636 0.88
74.453 0.817
75.293 0.84
75.754 0.461
76.037 0.283
76.314 0.277
76.717 0.403
76.98 0.263
77.24 0.26
77.544 0.304
80.403 2.859
84.298 3.895
86.387 2.089
86.858 0.471
87.108 0.25
88.597 1.489
92.147 3.55
92.983 0.836
93.831 0.848
94.646 0.815
95.515 0.869
96.447 0.932
96.825 0.378
97.324 0.499
98.196 0.872
98.782 0.586
99.063 0.281
99.861 0.798
100.637 0.776
101.419 0.782
102.212 0.793
102.974 0.762
103.74 0.766
104.515 0.775
104.88 0.365
105.265 0.385
106.043 0.778
107.579 1.536
108.352 0.773
109.138 0.786
109.898 0.76
110.701 0.803
111.521 0.82
112.315 0.794
112.594 0.279
113.165 0.571
113.433 0.268
113.976 0.543
114.585 0.609
114.865 0.28
115.17 0.305
120.967 5.797
121.773 0.806
122.554 0.781
123.303 0.749
124.016 0.713
124.928 0.912
125.988 1.06
126.376 0.388
126.651 0.275
126.907 0.256
127.227 0.32
127.513 0.286
127.791 0.278
128.063 0.272
128.346 0.283
128.634 0.288
129.022 0.388
129.796 0.774
131.41 1.614
131.711 0.301
132.444 0.733
132.837 0.393
133.322 0.485
136.776 3.454
137.145 0.369
138.645 1.5
138.944 0.299
139.203 0.259
139.489 0.286
140.005 0.516
140.272 0.267
142.247 1.975
142.53 0.283
145.102 2.572
147.788 2.686
148.053 0.265
149.961 1.908
152.825 2.864
153.082 0.257
153.36 0.278
153.76 0.4
155.02 1.26
155.489 0.469
156.826 1.337
161.858 5.032
162.13 0.272
162.547 0.417
163.112 0.565
163.394 0.282
163.683 0.289
163.975 0.292
167.968 3.993
169.947 1.979
171.626 1.679
172.451 0.825
173.326 0.875
174.187 0.861
175.045 0.858
175.555 0.51
175.815 0.26
176.114 0.299
176.953 0.839
177.886 0.933
178.781 0.895
179.148 0.367
179.587 0.439
180.174 0.587
181.077 0.903
181.422 0.345
181.744 0.322
182.007 0.263
182.321 0.314
182.594 0.273
182.861 0.267
188.938 0.927
189.631 0.693
190.447 0.816
191.373 0.926
192.272 0.899
193.171 0.899
194.051 0.88
194.845 0.794
195.597 0.752
196.39 0.793
197.275 0.885
198.165 0.89
198.993 0.828
199.822 0.829
200.691 0.869
201.568 0.877
202.389 0.821
203.21 0.821
204.034 0.824
204.851 0.817
205.621 0.77
206.377 0.756
207.115 0.738
207.878 0.763
208.653 0.775
209.4 0.747
210.113 0.713
210.831 0.718
211.573 0.742
212.303 0.73
213.047 0.744
213.863 0.816
214.741 0.878
215.618 0.877
216.418 0.8
217.198 0.78
217.97 0.772
218.721 0.751
219.462 0.741
220.174 0.712
220.913 0.739
221.675 0.762
222.452 0.777
223.217 0.765
223.957 0.74
224.652 0.695
225.358 0.706
226.061 0.703
226.834 0.773
227.72 0.886
228.62 0.9
229.516 0.896
230.338 0.822
231.109 0.771
231.847 0.738
232.621 0.774
233.472 0.851
234.353 0.881
235.245 0.892
236.055 0.81
236.806 0.751
237.528 0.722
238.253 0.725
239.13 0.877
240.057 0.927
240.997 0.94
241.919 0.922
242.83 0.911
243.649 0.819
244.421 0.772
245.018 0.597
245.798 0.78
246.458 0.66
247.1 0.642
247.727 0.627
248.342 0.615
248.95 0.608
249.555 0.605
250.283 0.728
251.157 0.874
252.011 0.854
252.84 0.829
253.721 0.881
254.642 0.921
255.584 0.942
256.46 0.876
257.317 0.857
258.196 0.879
259.074 0.878
259.974 0.9
260.82 0.846
261.647 0.827
262.451 0.804
263.248 0.797
264.039 0.791
264.871 0.832
265.695 0.824
266.505 0.81
267.309 0.804
268.084 0.775
268.861 0.777
269.702 0.841
270.607 0.905
271.466 0.859
272.303 0.837
273.163 0.86
274.047 0.884
274.911 0.864
275.729 0.818
276.565 0.836
277.402 0.837
278.235 0.833
279.032 0.797
279.82 0.788
280.578 0.758
281.287 0.709
281.953 0.666
282.61 0.657
283.264 0.654
283.909 0.645
284.66 0.751
285.514 0.854
286.384 0.87
287.204 0.82
288.072 0.868
288.968 0.896
289.818 0.85
290.629 0.811
291.491 0.862
292.317 0.826
293.117 0.8
293.909 0.792
294.72 0.811
295.546 0.826
296.372 0.826
297.246 0.874
298.09 0.844
298.913 0.823
299.743 0.83
300.574 0.831
301.403 0.829
302.22 0.817
303.066 0.846
303.927 0.861
304.764 0.837
305.583 0.819
306.405 0.822
307.224 0.819
307.988 0.764
308.748 0.76
309.503 0.755
310.257 0.754
311.03 0.773
311.795 0.765
312.539 0.744
313.275 0.736
313.992 0.717
314.742 0.75
315.539 0.797
316.318 0.779
317.073 0.755
317.803 0.73
318.577 0.774
319.405 0.828
320.211 0.806
320.979 0.768
321.732 0.753
322.532 0.8
323.365 0.833
324.201 0.836
324.984 0.783
325.789 0.805
326.619 0.83
327.406 0.787
328.163 0.757
328.87 0.707
329.55 0.68
330.223 0.673
330.922 0.699
331.744 0.822
332.666 0.922
333.563 0.897
334.43 0.867
335.262 0.832
336.091 0.829
336.95 0.859
337.786 0.836
338.581 0.795
339.331 0.75
340.07 0.739
340.815 0.745
341.569 0.754
342.333 0.764
343.06 0.727
343.771 0.711
344.466 0.695
345.144 0.678
345.874 0.73
346.63 0.756
347.383 0.753
348.105 0.722
348.808 0.703
349.509 0.701
350.263 0.754
351.041 0.778
351.832 0.791
352.591 0.759
353.324 0.733
354.052 0.728
354.792 0.74
355.592 0.8
356.428 0.836
357.233 0.805
358.005 0.772
358.812 0.807
359.653 0.841
360.453 0.8
361.241 0.788
361.974 0.733
362.662 0.688
363.323 0.661
363.952 0.629
364.562 0.61
365.158 0.596
365.765 0.607
366.368 0.603
367.125 0.757
368.094 0.969
368.871 0.777
369.862 0.991
370.738 0.876
371.562 0.824
372.313 0.751
373.161 0.848
374.146 0.985
375.119 0.973
376.093 0.974
376.974 0.881
377.768 0.794
378.527 0.759
379.314 0.787
380.195 0.881
381.153 0.958
382.117 0.964
383.029 0.912
383.931 0.902
384.804 0.873
385.639 0.835
386.461 0.822
387.264 0.803
388.041 0.777
388.848 0.807
389.633 0.785
390.412 0.779
391.21 0.798
392.035 0.825
392.863 0.828
393.674 0.811
394.441 0.767
395.182 0.741
395.909 0.727
396.634 0.725
397.346 0.712
398.054 0.708
398.764 0.71
399.537 0.773
400.384 0.847
401.208 0.824
401.976 0.768
402.699 0.723
403.404 0.705
404.085 0.681
404.761 0.676
405.481 0.72
406.353 0.872
407.353 1.0
408.221 0.868
409.044 0.823
409.911 0.867
410.753 0.842
411.599 0.846
412.402 0.803
413.163 0.761
413.892 0.729
414.627 0.735
415.434 0.807
416.315 0.881
417.213 0.898
418.078 0.865
418.876 0.798
419.638 0.762
420.385 0.747
421.143 0.758
421.853 0.71
422.56 0.707
423.232 0.672
423.901 0.669
424.58 0.679
425.253 0.673
425.917 0.664
426.646 0.729
427.38 0.734
428.115 0.735
428.839 0.724
429.531 0.692
430.212 0.681
430.915 0.703
431.618 0.703
432.326 0.708
433.022 0.696
433.786 0.764
434.642 0.856
435.444 0.802
436.241 0.797
437.068 0.827
437.89 0.822
438.718 0.828
439.538 0.82
440.328 0.79
441.061 0.733
441.754 0.693
442.479 0.725
443.233 0.754
444.035 0.802
444.833 0.798
445.575 0.742
446.302 0.727
447.043 0.741
447.893 0.85
448.776 0.883
449.645 0.869
450.435 0.79
451.225 0.79
452.039 0.814
452.898 0.859
453.756 0.858
454.598 0.842
455.401 0.803
456.201 0.8
457.026 0.825
457.902 0.876
458.772 0.87
459.615 0.843
460.408 0.793
461.18 0.772
461.956 0.776
462.781 0.825
463.615 0.834
464.421 0.806
465.212 0.791
465.978 0.766
466.773 0.795
467.58 0.807
468.364 0.784
469.128 0.764
469.854 0.726
470.54 0.686
471.204 0.664
471.868 0.664
472.602 0.734
473.425 0.823
474.283 0.858
475.103 0.82
475.903 0.8
476.684 0.781
477.481 0.797
478.315 0.834
479.152 0.837
479.963 0.811
480.751 0.788
481.516 0.765
482.299 0.783
483.084 0.785
483.869 0.785
484.635 0.766
485.395 0.76
486.134 0.739
486.892 0.758
487.663 0.771
488.413 0.75
489.136 0.723
489.846 0.71
490.562 0.716
491.312 0.75
492.12 0.808
492.917 0.797
493.7 0.783
494.481 0.781
495.245 0.764
495.972 0.727
496.674 0.702
497.362 0.688
498.069 0.707
498.825 0.756
499.597 0.772
500.363 0.766
501.111 0.748
501.827 0.716
502.547 0.72
503.308 0.761
504.093 0.785
504.901 0.808
505.674 0.773
506.424 0.75
507.15 0.726
507.87 0.72
508.615 0.745
509.427 0.812
510.262 0.835
511.124 0.862
511.932 0.808
512.701 0.769
513.458 0.757
514.193 0.735
514.944 0.751
515.762 0.818
516.58 0.818
517.373 0.793
518.127 0.754
518.868 0.741
519.621 0.753
520.408 0.787
521.198 0.79
522.005 0.807
522.781 0.776
523.524 0.743
524.235 0.711
524.944 0.709
525.707 0.763
526.582 0.875
527.484 0.902
528.362 0.878
529.201 0.839
529.985 0.784
530.729 0.744
531.456 0.727
532.197 0.741
532.978 0.781
533.813 0.835
534.664 0.851
535.5 0.836
536.293 0.793
537.046 0.753
537.757 0.711
538.471 0.714
539.218 0.747
540.033 0.815
540.836 0.803
541.623 0.787
542.377 0.754
543.109 0.732
543.813 0.704
544.506 0.693
545.223 0.717
546.014 0.791
546.823 0.809
547.594 0.771
548.37 0.776
549.141 0.771
549.906 0.765
550.67 0.764
551.382 0.712
552.079 0.697
552.742 0.663
553.384 0.642
554.009 0.625
554.663 0.654
555.409 0.746
556.159 0.75
556.905 0.746
557.653 0.748
558.499 0.846
559.395 0.896
560.224 0.829
561.004 0.78
561.74 0.736
562.178 0.438
562.492 0.314
563.108 0.616
563.789 0.681
564.461 0.672
565.89 1.429
566.572 0.682
567.232 0.66
567.876 0.644
568.508 0.632
569.122 0.614
569.72 0.598
570.316 0.596
570.897 0.581
571.466 0.569
572.03 0.564
572.608 0.578
573.2 0.592
573.794 0.594
574.397 0.603
575.005 0.608
575.627 0.622
576.269 0.642
576.938 0.669
577.725 0.787
578.655 0.93
579.594 0.939
580.613 1.019
581.623 1.01
582.442 0.819
583.18 0.738
583.917 0.737
584.665 0.748
585.431 0.766
586.212 0.781
586.963 0.751
587.682 0.719
588.375 0.693
589.059 0.684
589.79 0.731
590.625 0.835
591.503 0.878
592.394 0.891
593.23 0.836
594.012 0.782
594.758 0.746
595.505 0.747
596.279 0.774
597.176 0.897
598.068 0.892
598.954 0.886
599.783 0.829
600.551 0.768
601.266 0.715
601.951 0.685
602.645 0.694
603.456 0.811
604.386 0.93
605.304 0.918