0.000 0.601
0.601 0.601
1.21 0.609
1.848 0.638
2.458 0.61
3.078 0.62
3.68 0.602
4.259 0.579
4.816 0.557
5.368 0.552
5.911 0.543
6.457 0.546
7.0 0.543
7.554 0.554
8.12 0.566
8.726 0.606
9.385 0.659
10.026 0.641
10.63 0.604
11.233 0.603
11.815 0.582
12.391 0.576
12.951 0.56
13.504 0.553
14.068 0.564
14.639 0.571
15.221 0.582
15.827 0.606
16.477 0.65
17.118 0.641
17.732 0.614
18.359 0.627
18.991 0.632
19.639 0.648
20.255 0.616
20.855 0.6
21.462 0.607
22.076 0.614
22.719 0.643
23.318 0.599
23.931 0.613
24.562 0.631
25.262 0.7
25.936 0.674
26.562 0.626
27.192 0.63
27.816 0.624
28.46 0.644
29.083 0.623
29.72 0.637
30.394 0.674
31.123 0.729
31.835 0.712
32.538 0.703
33.23 0.692
33.905 0.675
34.547 0.642
35.163 0.616
35.772 0.609
36.401 0.629
37.055 0.654
37.683 0.628
38.338 0.655
38.975 0.637
39.584 0.609
40.193 0.609
40.81 0.617
41.4 0.59
42.007 0.607
42.607 0.6
43.211 0.604
43.783 0.572
44.361 0.578
44.951 0.59
45.582 0.631
46.261 0.679
46.897 0.636
47.554 0.657
48.202 0.648
48.873 0.671
54.999 0.626
55.63 0.631
56.28 0.65
56.912 0.632
57.532 0.62
58.185 0.653
58.864 0.679
59.522 0.658
60.174 0.652
60.827 0.653
61.469 0.642
62.095 0.626
62.702 0.607
63.323 0.621
63.955 0.632
64.619 0.664
65.245 0.626
65.88 0.635
66.524 0.644
67.199 0.675
67.834 0.635
68.466 0.632
69.11 0.644
69.77 0.66
70.419 0.649
71.059 0.64
71.717 0.658
72.407 0.69
73.078 0.671
73.721 0.643
74.372 0.651
75.03 0.658
75.662 0.632
76.281 0.619
76.914 0.633
77.554 0.64
78.234 0.68
78.887 0.653
79.563 0.676
80.279 0.716
80.999 0.72
81.679 0.68
82.356 0.677
83.011 0.655
83.676 0.665
84.302 0.626
84.933 0.631
85.56 0.627
86.169 0.609
86.763 0.594
87.358 0.595
87.976 0.618
88.663 0.687
89.39 0.727
90.071 0.681
90.789 0.718
91.506 0.717
92.163 0.657
92.809 0.646
93.445 0.636
94.064 0.619
94.666 0.602
95.258 0.592
95.843 0.585
96.442 0.599
97.029 0.587
97.628 0.599
98.251 0.623
98.921 0.67
99.559 0.638
100.199 0.64
100.855 0.656
101.528 0.673
102.167 0.639
102.798 0.631
103.422 0.624
104.047 0.625
104.644 0.597
105.248 0.604
105.858 0.61
106.483 0.625
107.089 0.606
107.689 0.6
108.313 0.624
108.954 0.641
109.576 0.622
110.198 0.622
110.834 0.636
111.479 0.645
112.087 0.608
112.687 0.6
113.297 0.61
113.912 0.615
114.524 0.612
115.127 0.603
115.746 0.619
116.37 0.624
116.992 0.622
117.59 0.598
118.211 0.621
118.844 0.633
119.478 0.634
120.081 0.603
120.686 0.605
121.292 0.606
121.935 0.643
122.568 0.633
123.212 0.644
123.91 0.698
124.638 0.728
125.368 0.73
126.034 0.666
126.718 0.684
127.396 0.678
128.041 0.645
128.683 0.642
129.342 0.659
130.005 0.663
130.678 0.673
131.314 0.636
131.942 0.628
132.561 0.619
133.161 0.6
133.743 0.582
134.325 0.582
134.893 0.568
135.452 0.559
136.012 0.56
136.567 0.555
137.125 0.558
137.709 0.584
138.316 0.607
138.945 0.629
139.554 0.609
140.161 0.607
140.781 0.62
141.392 0.611
141.988 0.596
142.579 0.591
143.187 0.608
143.814 0.627
144.503 0.689
145.147 0.644
145.797 0.65
146.493 0.696
147.234 0.741
147.944 0.71
148.615 0.671
149.298 0.683
149.976 0.678
150.642 0.666
151.28 0.638
151.94 0.66
152.656 0.716
153.433 0.777
154.176 0.743
154.961 0.785
155.775 0.814
156.515 0.74
157.201 0.686
157.891 0.69
158.606 0.715
159.329 0.723
160.022 0.693
160.766 0.744
161.498 0.732
162.207 0.709
162.889 0.682
163.578 0.689
164.308 0.73
165.083 0.775
165.785 0.702
166.521 0.736
167.269 0.748
167.999 0.73
168.713 0.714
169.446 0.733
170.174 0.728
170.844 0.67
171.503 0.659
172.173 0.67
172.886 0.713
173.673 0.787
174.385 0.712
175.163 0.778
175.952 0.789
176.726 0.774
177.417 0.691
178.121 0.704
178.837 0.716
179.581 0.744
180.281 0.7
181.011 0.73
181.738 0.727
182.468 0.73
183.155 0.687
183.902 0.747
184.641 0.739
185.348 0.707
186.019 0.671
186.713 0.694
187.462 0.749
188.218 0.756
188.938 0.72
189.672 0.734
190.442 0.77
191.207 0.765
191.895 0.688
192.587 0.692
193.287 0.7
193.986 0.699
194.654 0.668
195.328 0.674
196.022 0.694
196.716 0.694
197.379 0.663
198.05 0.671
198.733 0.683
199.409 0.676
200.055 0.646
200.69 0.635
201.329 0.639
201.969 0.64
202.593 0.624
203.216 0.623
203.859 0.643
204.515 0.656
205.156 0.641
205.788 0.632
206.435 0.647
207.099 0.664
207.777 0.678
208.427 0.65
209.09 0.663
209.755 0.665
210.422 0.667
211.07 0.648
211.722 0.652
212.385 0.663
213.062 0.677
213.721 0.659
214.379 0.658
215.037 0.658
215.711 0.674
216.384 0.673
217.06 0.676
217.781 0.721
218.505 0.724
219.209 0.704
219.888 0.679
220.567 0.679
221.225 0.658
221.872 0.647
222.524 0.652
223.228 0.704
223.99 0.762
224.677 0.687
225.346 0.669
226.033 0.687
226.725 0.692
227.389 0.664
228.033 0.644
228.683 0.65
229.328 0.645
229.991 0.663
230.623 0.632
231.272 0.649
231.936 0.664
232.622 0.686
233.284 0.662
233.946 0.662
234.624 0.678
235.323 0.699
235.992 0.669
236.647 0.655
237.31 0.663
237.977 0.667
238.638 0.661
239.277 0.639
239.917 0.64
240.572 0.655
241.245 0.673
241.889 0.644
242.528 0.639
243.171 0.643
243.814 0.643
244.439 0.625
245.056 0.617
245.668 0.612
246.299 0.631
246.946 0.647
247.618 0.672
248.263 0.645
248.912 0.649
249.575 0.663
250.252 0.677
250.909 0.657
251.569 0.66
252.235 0.666
252.929 0.694
253.584 0.655
254.242 0.658
254.906 0.664
255.612 0.706
256.28 0.668
256.957 0.677
257.649 0.692
258.379 0.73
259.081 0.702
259.799 0.718
260.538 0.739
261.28 0.742
261.991 0.711
262.711 0.72
263.408 0.697
264.134 0.726
264.809 0.675
265.493 0.684
266.22 0.727
266.987 0.767
267.725 0.738
268.484 0.759
269.226 0.742
269.94 0.714
270.629 0.689
271.368 0.739
272.094 0.726
272.776 0.682
273.449 0.673
274.121 0.672
274.815 0.694
275.49 0.675
276.141 0.651
276.796 0.655
277.459 0.663
278.129 0.67
278.786 0.657
279.45 0.664
280.13 0.68
280.816 0.686
281.472 0.656
282.12 0.648
282.771 0.651
283.426 0.655
284.07 0.644
284.708 0.638
285.355 0.647
286.019 0.664
286.709 0.69
287.384 0.675
288.1 0.716
288.813 0.713
289.532 0.719
290.233 0.701
290.961 0.728
291.66 0.699
292.341 0.681
292.996 0.655
293.659 0.663
294.319 0.66
294.98 0.661
295.639 0.659
296.315 0.676
297.006 0.691
297.683 0.677
298.338 0.655
298.989 0.651
299.644 0.655
300.301 0.657
300.942 0.641
301.575 0.633
302.224 0.649
302.876 0.652
303.512 0.636
304.143 0.631
304.789 0.646
305.44 0.651
306.097 0.657
306.732 0.635
307.387 0.655
308.047 0.66
308.716 0.669
309.363 0.647
310.029 0.666
310.723 0.694
311.435 0.712
312.107 0.672
312.805 0.698
313.51 0.705
314.216 0.706
314.878 0.662
315.544 0.666
316.214 0.67
316.895 0.681
317.57 0.675
318.239 0.669
318.917 0.678
319.601 0.684
320.261 0.66
320.912 0.651
321.559 0.647
322.22 0.661
322.866 0.646
323.514 0.648
324.184 0.67
324.914 0.73
325.627 0.713
326.364 0.737
327.085 0.721
327.767 0.682
328.432 0.665
329.102 0.67
329.773 0.671
330.422 0.649
331.041 0.619
331.673 0.632
332.361 0.688
333.081 0.72
333.759 0.678
334.434 0.675
335.115 0.681
335.796 0.681
336.446 0.65
337.09 0.644
337.735 0.645
338.378 0.643
338.993 0.615
339.598 0.605
340.226 0.628
340.908 0.682
341.604 0.696
342.261 0.657
342.937 0.676
343.605 0.668
344.245 0.64
344.867 0.622
345.51 0.643
346.19 0.68
346.851 0.661
347.502 0.651
348.186 0.684
348.88 0.694
349.557 0.677
350.196 0.639
350.841 0.645
351.472 0.631
352.104 0.632
352.725 0.621
353.378 0.653
354.043 0.665
354.682 0.639
355.325 0.643
356.006 0.681
356.675 0.669
357.307 0.632
357.935 0.628
358.569 0.634
359.192 0.623
359.793 0.601
360.388 0.595
360.973 0.585
361.556 0.583
362.132 0.576
362.722 0.59
363.363 0.641
363.981 0.618
364.591 0.61
365.212 0.621
365.849 0.637
366.476 0.627
367.077 0.601
367.692 0.615
368.326 0.634
368.989 0.663
369.645 0.656
370.294 0.649
370.989 0.695
371.722 0.733
372.462 0.74
373.145 0.683
373.847 0.702
374.554 0.707
375.277 0.723
376.032 0.755
376.739 0.707
377.447 0.708
378.193 0.746
378.994 0.801
379.813 0.819
380.568 0.755
381.284 0.716
382.016 0.732
382.772 0.756
383.5 0.728
384.181 0.681
384.847 0.666
385.541 0.694
386.276 0.735
386.994 0.718
387.662 0.668
388.332 0.67
389.011 0.679
389.681 0.67
390.34 0.659
390.99 0.65
391.68 0.69
392.385 0.705
393.108 0.723
393.787 0.679
394.464 0.677
395.162 0.698
395.883 0.721
396.552 0.669
397.223 0.671
397.921 0.698
398.646 0.725
399.359 0.713
400.048 0.689
400.743 0.695
401.436 0.693
402.109 0.673
402.755 0.646
403.406 0.651
404.069 0.663
404.795 0.726
405.601 0.806
406.38 0.779
407.181 0.801
407.967 0.786
408.679 0.712
409.379 0.7
410.087 0.708
410.807 0.72
411.485 0.678
412.174 0.689
412.872 0.698
413.559 0.687
414.221 0.662
414.892 0.671
415.57 0.678
416.291 0.721
416.979 0.688
417.703 0.724
418.439 0.736
419.155 0.716
419.819 0.664
420.481 0.662
421.148 0.667
421.841 0.693
422.523 0.682
423.204 0.681
423.908 0.704
424.624 0.716
425.313 0.689
425.986 0.673
426.659 0.673
427.327 0.668
427.955 0.628
428.573 0.618
429.201 0.628
429.854 0.653
430.509 0.655
431.155 0.646
431.823 0.668
432.495 0.672
433.179 0.684
433.835 0.656
434.491 0.656
435.149 0.658
435.794 0.645
436.413 0.619
437.05 0.637
437.725 0.675
438.446 0.721
439.137 0.691
439.816 0.679
440.527 0.711
441.268 0.741
441.976 0.708
442.659 0.683
443.369 0.71
444.077 0.708
444.796 0.719
445.474 0.678
446.173 0.699
446.899 0.726
447.651 0.752
448.365 0.714
449.104 0.739
449.87 0.766
450.64 0.77
451.323 0.683
451.988 0.665
452.651 0.663
453.319 0.668
454.04 0.721
454.736 0.696
455.463 0.727
456.231 0.768
457.044 0.813
457.789 0.745
458.533 0.744
459.27 0.737
459.983 0.713
460.645 0.662
461.302 0.657
461.957 0.655
462.62 0.663
463.294 0.674
463.957 0.663
464.669 0.712
465.407 0.738
466.13 0.723
466.823 0.693
467.523 0.7
468.22 0.697
468.907 0.687
469.57 0.663
470.246 0.676
470.931 0.685
471.645 0.714
472.317 0.672
472.99 0.673
473.675 0.685
474.371 0.696
475.065 0.694
475.736 0.671
476.423 0.687
477.111 0.688
477.801 0.69
478.462 0.661
479.135 0.673
479.832 0.697
480.583 0.751
481.271 0.688
481.965 0.694
482.687 0.722
483.412 0.725
484.097 0.685
484.802 0.705
485.513 0.711
486.245 0.732
486.93 0.685
487.63 0.7
488.346 0.716
489.085 0.739
489.812 0.727
490.612 0.8
491.397 0.785
492.131 0.734
492.837 0.706
493.545 0.708
494.254 0.709
494.932 0.678
495.633 0.701
496.357 0.724
497.141 0.784
497.878 0.737
498.593 0.715
499.328 0.735
500.079 0.751
500.778 0.699
501.458 0.68
502.149 0.691
502.849 0.7
503.576 0.727
504.255 0.679
504.95 0.695
505.668 0.718
506.415 0.747
507.107 0.692
507.783 0.676
508.469 0.686
509.174 0.705
509.896 0.722
510.581 0.685
511.288 0.707
512.029 0.741
512.772 0.743
513.458 0.686
514.161 0.703
514.857 0.696
515.546 0.689
516.212 0.666
516.889 0.677
517.572 0.683
518.271 0.699
518.931 0.66
519.598 0.667
520.283 0.685
520.992 0.709
521.681 0.689
522.341 0.66
523.022 0.681
523.708 0.686
524.418 0.71
525.09 0.672
525.771 0.681
526.454 0.683
527.151 0.697
527.818 0.667
528.471 0.653
529.136 0.665
529.785 0.649
530.413 0.628
531.033 0.62
531.67 0.637
532.314 0.644
532.954 0.64
533.602 0.648
534.251 0.649
534.89 0.639
535.522 0.632
536.145 0.623
536.758 0.613
537.351 0.593
537.927 0.576
538.492 0.565
539.062 0.57
539.631 0.569
540.205 0.574
540.78 0.575
541.352 0.572
541.934 0.582
542.512 0.578
543.092 0.58
543.697 0.605
544.323 0.626
544.941 0.618
545.526 0.585
546.127 0.601
546.718 0.591
547.3 0.582
547.872 0.572
548.449 0.577
549.035 0.586
549.651 0.616
550.243 0.592
550.847 0.604
551.48 0.633
552.157 0.677
552.977 0.82
553.914 0.937
554.776 0.862
555.56 0.784
556.309 0.749
557.059 0.75
557.78 0.721
558.511 0.731
559.189 0.678
559.878 0.689
560.548 0.67
561.213 0.665
561.872 0.659
562.539 0.667
563.187 0.648
563.848 0.661
564.527 0.679
565.248 0.721
565.989 0.741
566.681 0.692
567.391 0.71
568.113 0.722
568.832 0.719
569.501 0.669
570.172 0.671
570.868 0.696
571.613 0.745
572.336 0.723
573.061 0.725
573.817 0.756
574.564 0.747
575.259 0.695
575.967 0.708
576.683 0.716
577.416 0.733
578.113 0.697
578.807 0.694
579.554 0.747
580.325 0.771
581.072 0.747
581.783 0.711
582.525 0.742
583.257 0.732
583.966 0.709
584.68 0.714
585.414 0.734
586.193 0.779
586.925 0.732
587.615 0.69
588.31 0.695
589.001 0.691
589.703 0.702
590.373 0.67
591.046 0.673
591.744 0.698
592.478 0.734
593.187 0.709
593.912 0.725
594.663 0.751
595.43 0.767
596.131 0.701
596.846 0.715
597.557 0.711
598.273 0.716
598.962 0.689
599.65 0.688
600.344 0.694
601.049 0.705
601.739 0.69
602.424 0.685
603.123 0.699
603.834 0.711
604.522 0.688
605.187 0.665
605.863 0.676
606.562 0.699
607.259 0.697
607.935 0.676
608.618 0.683
609.306 0.688
610.022 0.716
610.697 0.675
611.384 0.687
612.081 0.697
612.802 0.721
613.501 0.699
614.188 0.687
614.885 0.697
615.588 0.703
616.27 0.682
616.937 0.667
617.607 0.67
618.29 0.683
618.98 0.69
619.65 0.67
620.316 0.666
620.991 0.675
621.669 0.678
622.332 0.663
622.989 0.657
623.656 0.667