0.000 0.565
7.999 0.565
8.562 0.563
9.122 0.56
9.695 0.573
10.26 0.565
10.826 0.566
11.411 0.585
12.026 0.615
12.659 0.633
13.259 0.6
13.866 0.607
14.508 0.642
15.196 0.688
15.844 0.648
16.486 0.642
17.142 0.656
17.79 0.648
18.41 0.62
19.042 0.632
19.714 0.672
20.385 0.671
21.023 0.638
21.704 0.681
22.384 0.68
23.026 0.642
23.678 0.652
24.333 0.655
24.983 0.65
25.622 0.639
26.267 0.645
26.927 0.66
27.568 0.641
28.217 0.649
28.888 0.671
29.57 0.682
30.218 0.648
30.897 0.679
31.587 0.69
32.252 0.665
32.893 0.641
33.541 0.648
34.186 0.645
34.816 0.63
35.439 0.623
36.075 0.636
36.742 0.667
37.44 0.698
38.106 0.666
38.74 0.634
39.385 0.645
40.031 0.646
40.652 0.621
41.283 0.631
41.908 0.625
42.568 0.66
43.213 0.645
43.86 0.647
44.549 0.689
45.3 0.751
46.012 0.712
46.728 0.716
47.441 0.713
48.139 0.698
48.799 0.66
49.448 0.649
50.103 0.655
50.778 0.675
51.456 0.678
52.119 0.663
52.809 0.69
53.545 0.736
54.278 0.733
54.96 0.682
55.649 0.689
56.348 0.699
57.034 0.686
57.688 0.654
58.347 0.659
59.019 0.672
59.72 0.701
60.386 0.666
61.028 0.642
61.655 0.627
62.292 0.637
62.99 0.698
63.74 0.75
64.488 0.748
65.16 0.672
65.805 0.645
66.443 0.638
67.069 0.626
67.671 0.602
68.28 0.609
68.885 0.605
69.507 0.622
70.162 0.655
70.849 0.687
71.505 0.656
72.166 0.661
72.841 0.675
73.52 0.679
74.172 0.652
74.823 0.651
75.494 0.671
76.206 0.712
76.904 0.698
77.577 0.673
78.272 0.695
78.994 0.722
79.722 0.728
80.419 0.697
81.122 0.703
81.836 0.714
82.541 0.705
83.224 0.683
83.928 0.704
84.634 0.706
85.324 0.69
86.003 0.679
86.708 0.705
87.446 0.738
88.198 0.752
88.896 0.698
89.595 0.699
90.31 0.715
91.017 0.707
91.692 0.675
92.377 0.685
93.058 0.681
93.73 0.672
94.37 0.64
95.014 0.644
95.641 0.627
96.269 0.628
96.89 0.621
97.524 0.634
98.185 0.661
98.891 0.706
99.571 0.68
100.234 0.663
100.894 0.66
101.56 0.666
102.212 0.652
102.855 0.643
103.508 0.653
104.184 0.676
104.858 0.674
105.521 0.663
106.203 0.682
106.902 0.699
107.589 0.687
108.255 0.666
108.927 0.672
109.599 0.672
110.263 0.664
110.931 0.668
111.626 0.695
112.362 0.736
113.067 0.705
113.763 0.696
114.468 0.705
115.171 0.703
115.84 0.669
116.5 0.66
117.158 0.658
117.805 0.647
118.449 0.644
119.126 0.677
119.863 0.737
120.596 0.733
121.299 0.703
122.022 0.723
122.755 0.733
123.477 0.722
124.142 0.665
124.789 0.647
125.422 0.633
126.038 0.616
126.643 0.605
127.255 0.612
127.885 0.63
128.557 0.672
129.227 0.67
129.901 0.674
130.607 0.706
131.32 0.713
131.992 0.672
132.652 0.66
133.312 0.66
133.974 0.662
134.629 0.655
135.276 0.647
135.931 0.655
136.597 0.666
137.269 0.672
137.924 0.655
138.583 0.659
139.261 0.678
139.958 0.697
140.624 0.666
141.294 0.67
141.97 0.676
142.603 0.633
143.213 0.61
143.83 0.617
144.458 0.628
145.117 0.659
145.776 0.659
146.428 0.652
147.122 0.694
147.859 0.737
148.588 0.729
149.276 0.688
149.957 0.681
150.638 0.681
151.314 0.676
151.977 0.663
152.626 0.649
153.263 0.637
153.907 0.644
154.573 0.666
155.26 0.687
155.939 0.679
156.598 0.659
157.233 0.635
157.876 0.643
158.531 0.655
159.199 0.668
159.853 0.654
160.497 0.644
161.155 0.658
161.837 0.682
162.527 0.69
163.205 0.678
163.895 0.69
164.587 0.692
165.29 0.703
165.991 0.701
166.678 0.687
167.357 0.679
168.045 0.688
168.742 0.697
169.429 0.687
170.096 0.667
170.734 0.638
171.352 0.618
171.98 0.628
172.638 0.658
173.308 0.67
173.982 0.674
174.663 0.681
175.351 0.688
176.044 0.693
176.728 0.684
177.406 0.678
178.088 0.682
178.772 0.684
179.434 0.662
180.069 0.635
180.688 0.619
181.317 0.629
181.967 0.65
182.615 0.648
183.247 0.632
183.907 0.66
184.602 0.695
185.331 0.729
186.053 0.722
186.754 0.701
187.426 0.672
188.092 0.666
188.749 0.657
189.403 0.654
190.047 0.644
190.684 0.637
191.329 0.645
192.009 0.68
192.729 0.72
193.421 0.692
194.106 0.685
194.799 0.693
195.494 0.695
196.16 0.666
196.811 0.651
197.461 0.65
198.109 0.648
198.773 0.664
199.432 0.659
200.075 0.643
200.73 0.655
201.4 0.67
202.075 0.675
202.758 0.683
203.415 0.657
204.057 0.642
204.696 0.639
205.342 0.646
205.994 0.652
206.635 0.641
207.274 0.639
207.921 0.647
208.571 0.65
209.219 0.648
209.865 0.646
210.531 0.666
211.208 0.677
211.889 0.681
212.551 0.662
213.213 0.662
213.878 0.665
214.538 0.66
215.185 0.647
215.834 0.649
216.499 0.665
217.187 0.688
217.856 0.669
218.507 0.651
219.171 0.664
219.861 0.69
220.558 0.697
221.236 0.678
221.896 0.66
222.559 0.663
223.231 0.672
223.886 0.655
224.536 0.65
225.191 0.655
225.854 0.663
226.521 0.667
227.175 0.654
227.826 0.651
228.481 0.655
229.142 0.661
229.8 0.658
230.459 0.659
231.125 0.666
231.804 0.679
232.47 0.666
233.131 0.661
233.797 0.666
234.472 0.675
235.123 0.651
235.769 0.646
236.43 0.661
237.107 0.677
237.781 0.674
238.45 0.669
239.113 0.663
239.759 0.646
240.384 0.625
240.99 0.606
241.601 0.611
242.235 0.634
242.906 0.671
243.604 0.698
244.293 0.689
244.959 0.666
245.62 0.661
246.288 0.668
246.967 0.679
247.627 0.66
248.287 0.66
248.954 0.667
249.622 0.668
250.273 0.651
250.918 0.645
251.554 0.636
252.168 0.614
252.76 0.592
253.346 0.586
253.929 0.583
254.517 0.588
255.149 0.632
255.822 0.673
256.508 0.686
257.259 0.751
258.013 0.754
258.704 0.691
259.385 0.681
260.061 0.676
260.723 0.662
261.359 0.636
261.994 0.635
262.636 0.642
263.285 0.649
263.944 0.659
264.608 0.664
265.273 0.665
265.945 0.672
266.622 0.677
267.286 0.664
267.928 0.642
268.562 0.634
269.206 0.644
269.849 0.643
270.496 0.647
271.142 0.646
271.8 0.658
272.447 0.647
273.084 0.637
273.724 0.64
274.368 0.644
275.01 0.642
275.644 0.634
276.287 0.643
276.954 0.667
277.647 0.693
278.33 0.683
279.013 0.683
279.698 0.685
280.374 0.676
281.04 0.666
281.696 0.656
282.353 0.657
283.018 0.665
283.687 0.669
284.349 0.662
284.993 0.644
285.635 0.642
286.291 0.656
286.965 0.674
287.64 0.675
288.316 0.676
289.022 0.706
289.757 0.735
290.477 0.72
291.186 0.709
291.886 0.7
292.576 0.69
293.244 0.668
293.9 0.656
294.56 0.66
295.218 0.658
295.861 0.643
296.483 0.622
297.093 0.61
297.712 0.619
298.339 0.627
299.005 0.666
299.683 0.678
300.359 0.676
301.054 0.695
301.76 0.706
302.435 0.675
303.097 0.662
303.752 0.655
304.404 0.652
305.046 0.642
305.709 0.663
306.405 0.696
307.138 0.733
307.836 0.698
308.529 0.693
309.202 0.673
309.866 0.664
310.536 0.67
311.208 0.672
311.882 0.674
312.579 0.697
313.312 0.733
314.076 0.764
314.802 0.726
315.53 0.728
316.26 0.73
316.976 0.716
317.668 0.692
318.356 0.688
319.044 0.688
319.731 0.687
320.394 0.663
321.054 0.66
321.729 0.675
322.427 0.698
323.112 0.685
323.765 0.653
324.41 0.645
325.058 0.648
325.72 0.662
326.388 0.668
327.045 0.657
327.688 0.643
328.332 0.644
328.983 0.651
329.653 0.67
330.331 0.678
330.997 0.666
331.661 0.664
332.34 0.679
333.027 0.687
333.706 0.679
334.364 0.658
335.006 0.642
335.654 0.648
336.326 0.672
337.029 0.703
337.725 0.696
338.39 0.665
339.053 0.663
339.724 0.671
340.402 0.678
341.08 0.678
341.741 0.661
342.383 0.642
343.027 0.644
343.684 0.657
344.353 0.669
345.023 0.67
345.675 0.652
346.321 0.646
346.975 0.654
347.634 0.659
348.291 0.657
348.929 0.638
349.558 0.629
350.182 0.624
350.802 0.62
351.423 0.621
352.048 0.625
352.684 0.636
353.33 0.646
353.98 0.65
354.617 0.637
355.254 0.637
355.9 0.646
356.548 0.648
357.192 0.644
357.826 0.634
358.471 0.645
359.118 0.647
359.767 0.649
360.402 0.635
361.035 0.633
361.684 0.649
362.347 0.663
363.026 0.679
363.686 0.66
364.337 0.651
364.986 0.649
365.648 0.662
366.302 0.654
366.944 0.642
367.598 0.654
368.273 0.675
368.959 0.686
369.62 0.661
370.261 0.641
370.892 0.631
371.522 0.63
372.154 0.632
372.784 0.63
373.41 0.626
374.066 0.656
374.761 0.695
375.46 0.699
376.142 0.682
376.85 0.708
377.577 0.727
378.263 0.686
378.926 0.663
379.575 0.649
380.221 0.646
380.849 0.628
381.467 0.618
382.09 0.623
382.735 0.645
383.397 0.662
384.048 0.651
384.708 0.66
385.4 0.692
386.112 0.712
386.796 0.684
387.482 0.686
388.168 0.686
388.861 0.693
389.555 0.694
390.235 0.68
390.935 0.7
391.653 0.718
392.362 0.709
393.055 0.693
393.763 0.708
394.477 0.714
395.171 0.694
395.851 0.68
396.541 0.69
397.24 0.699
397.917 0.677
398.589 0.672
399.276 0.687
399.978 0.702
400.665 0.687
401.328 0.663
401.986 0.658
402.651 0.665
403.332 0.681
404.021 0.689
404.694 0.673
405.358 0.664
406.034 0.676
406.721 0.687
407.418 0.697
408.085 0.667
408.733 0.648
409.373 0.64
410.01 0.637
410.633 0.623
411.234 0.601
411.826 0.592
412.424 0.598
413.035 0.611
413.691 0.656
414.367 0.676
415.03 0.663
415.712 0.682
416.425 0.713
417.173 0.748
417.912 0.739
418.605 0.693
419.282 0.677
419.956 0.674
420.628 0.672
421.308 0.68
421.972 0.664
422.635 0.663
423.302 0.667
423.966 0.664
424.61 0.644
425.247 0.637
425.894 0.647
426.556 0.662
427.211 0.655
427.858 0.647
428.518 0.66
429.2 0.682
429.879 0.679
430.535 0.656
431.194 0.659
431.862 0.668
432.52 0.658
433.164 0.644
433.81 0.646
434.471 0.661
435.134 0.663
435.778 0.644
436.421 0.643
437.079 0.658
437.741 0.662
438.388 0.647
439.048 0.66
439.729 0.681
440.422 0.693
441.092 0.67
441.755 0.663
442.426 0.671
443.101 0.675
443.757 0.656
444.411 0.654
445.076 0.665
445.743 0.667
446.396 0.653
447.045 0.649
447.705 0.66
448.377 0.672
449.035 0.658
449.69 0.655
450.354 0.664
451.028 0.674
451.691 0.663
452.334 0.643
452.982 0.648
453.645 0.663
454.313 0.668
454.971 0.658
455.638 0.667
456.333 0.695
457.029 0.696
457.701 0.672
458.376 0.675
459.062 0.686
459.753 0.691
460.432 0.679
461.101 0.669
461.78 0.679
462.472 0.692
463.161 0.689
463.847 0.686
464.554 0.707
465.271 0.717
465.971 0.7
466.655 0.684
467.347 0.692
468.045 0.698
468.73 0.685
469.399 0.669
470.074 0.675
470.766 0.692
471.451 0.685
472.115 0.664
472.781 0.666
473.456 0.675
474.125 0.669
474.774 0.649
475.436 0.662
476.119 0.683
476.819 0.7
477.502 0.683
478.169 0.667
478.83 0.661
479.495 0.665
480.144 0.649
480.791 0.647
481.439 0.648
482.095 0.656
482.739 0.644
483.376 0.637
484.013 0.637
484.649 0.636
485.282 0.633
485.909 0.627
486.55 0.641
487.227 0.677
487.929 0.702
488.621 0.692
489.295 0.674
489.964 0.669
490.633 0.669
491.287 0.654
491.935 0.648
492.588 0.653
493.246 0.658
493.9 0.654
494.565 0.665
495.25 0.685
495.96 0.71
496.644 0.684
497.314 0.67
497.992 0.678
498.669 0.677
499.358 0.689
500.026 0.668
500.695 0.669
501.371 0.676
502.063 0.692
502.728 0.665
503.403 0.675
504.074 0.671
504.719 0.645
505.361 0.642
505.999 0.638
506.654 0.655
507.325 0.671
507.984 0.659
508.638 0.654
509.279 0.641
509.901 0.622
510.512 0.611
511.121 0.609
511.727 0.606
512.334 0.607
512.946 0.612
513.569 0.623
514.185 0.616
514.788 0.603
515.392 0.604
516.003 0.611
516.621 0.618
517.234 0.613
517.859 0.625
518.522 0.663
519.209 0.687
519.87 0.661
520.536 0.666
521.212 0.676
521.875 0.663
522.514 0.639
523.157 0.643
523.811 0.654
524.476 0.665
525.122 0.646
525.774 0.652
526.463 0.689
527.191 0.728
527.891 0.7
528.586 0.695
529.299 0.713
530.005 0.706
530.674 0.669
531.334 0.66
531.981 0.647
532.627 0.646
533.252 0.625
533.867 0.615
534.487 0.62
535.133 0.646
535.806 0.673
536.461 0.655
537.129 0.668
537.829 0.7
538.546 0.717
539.234 0.688
539.931 0.697
540.63 0.699
541.324 0.694
541.999 0.675
542.677 0.678
543.357 0.68
544.03 0.673
544.688 0.658
545.353 0.665
546.025 0.672
546.708 0.683
547.379 0.671
548.039 0.66
548.702 0.663
549.36 0.658
550.006 0.646
550.639 0.633
551.275 0.636
551.932 0.657
552.609 0.677
553.285 0.676
553.943 0.658
554.608 0.665
555.293 0.685
555.995 0.702
556.671 0.676
557.329 0.658
557.985 0.656
558.647 0.662
559.305 0.658
559.954 0.649
560.606 0.652
561.274 0.668
561.948 0.674
562.602 0.654
563.258 0.656
563.941 0.683
564.643 0.702
565.342 0.699
566.009 0.667
566.664 0.655
567.327 0.663
567.988 0.661
568.647 0.659
569.284 0.637
569.931 0.647
570.602 0.671
571.285 0.683
571.956 0.671
572.639 0.683
573.339 0.7
574.026 0.687
574.668 0.642
575.302 0.634
575.92 0.618
576.54 0.62
577.156 0.616
577.785 0.629
578.452 0.667
579.124 0.672
579.774 0.65
580.43 0.656
581.101 0.671
581.757 0.656
582.394 0.637
583.027 0.633
583.657 0.63
584.291 0.634
584.918 0.627
585.545 0.627
586.192 0.647
586.868 0.676
587.549 0.681
588.19 0.641
588.823 0.633
589.464 0.641
590.118 0.654
590.763 0.645
591.384 0.621
591.992 0.608
592.587 0.595
593.172 0.585
593.749 0.577
594.338 0.589
594.958 0.62
595.614 0.656
596.268 0.654
596.901 0.633
597.544 0.643
598.231 0.687
598.891 0.66
599.537 0.646
600.164 0.627
600.795 0.631
601.457 0.662
602.199 0.742
602.902 0.703
603.624 0.722
604.361 0.737
605.073 0.712
605.751 0.678
606.425 0.674
607.091 0.666
607.731 0.64
608.357 0.626
608.974 0.617
609.596 0.622
610.227 0.631
610.852 0.625
611.518 0.666
612.251 0.733
612.976 0.725
613.702 0.726