0.000 0.981
0.981 0.981
1.866 0.885
2.722 0.856
3.579 0.857
4.484 0.905
5.415 0.931
6.266 0.851
7.192 0.926
8.123 0.931
8.999 0.876
9.786 0.787
10.564 0.778
11.348 0.784
12.134 0.786
12.86 0.726
13.559 0.699
14.275 0.716
15.034 0.759
15.801 0.767
16.624 0.823
17.56 0.936
18.505 0.945
19.361 0.856
20.138 0.777
20.928 0.79
21.818 0.89
22.777 0.959
23.697 0.92
24.609 0.912
25.535 0.926
26.46 0.925
27.361 0.901
28.233 0.872
29.034 0.801
29.823 0.789
30.639 0.816
31.445 0.806
32.203 0.758
33.005 0.802
33.883 0.878
34.861 0.978
35.764 0.903
36.659 0.895
37.524 0.865
38.415 0.891
39.208 0.793
40.032 0.824
40.903 0.871
41.765 0.862
42.559 0.794
43.343 0.784
44.196 0.853
45.142 0.946
46.004 0.862
46.843 0.839
47.648 0.805
48.377 0.729
49.131 0.754
49.918 0.787
50.839 0.921
51.739 0.9
52.632 0.893
53.448 0.816
54.22 0.772
55.025 0.805
55.963 0.938
56.948 0.985
57.956 1.008
58.846 0.89
59.754 0.908
60.668 0.914
61.518 0.85
62.332 0.814
63.156 0.824
64.028 0.872
64.857 0.829
65.741 0.884
66.647 0.906
67.479 0.832
68.292 0.813
69.116 0.824
69.926 0.81
70.7 0.774
71.489 0.789
72.308 0.819
73.085 0.777
73.869 0.784
74.673 0.804
75.548 0.875
76.331 0.783
77.133 0.802
77.919 0.786
78.665 0.746
79.45 0.785
80.271 0.821
81.079 0.808
81.886 0.807
82.693 0.807
83.486 0.793
84.268 0.782
85.079 0.811
85.915 0.836
86.683 0.768
87.519 0.836
88.464 0.945
89.416 0.952
90.249 0.833
91.081 0.832
91.936 0.855
92.747 0.811
93.589 0.842
94.553 0.964
95.501 0.948
96.449 0.948
97.423 0.974
98.345 0.922
99.199 0.854
100.057 0.858
101.009 0.952
101.91 0.901
102.769 0.859
103.698 0.929
104.678 0.98
105.622 0.944
106.578 0.956
107.544 0.966
108.473 0.929
109.355 0.882
110.236 0.881
111.205 0.969
112.084 0.879
112.934 0.85
113.78 0.846
114.654 0.874
115.509 0.855
116.268 0.759
117.025 0.757
117.742 0.717
118.433 0.691
119.165 0.732
119.89 0.725
120.636 0.746
121.395 0.759
122.175 0.78
122.912 0.737
123.656 0.744
124.413 0.757
125.162 0.749
125.877 0.715
126.561 0.684
127.251 0.69
128.002 0.751
129.019 1.017
130.013 0.994
130.945 0.932
131.893 0.948
132.863 0.97
133.814 0.951
134.71 0.896
135.612 0.902
136.52 0.908
137.452 0.932
138.32 0.868
139.209 0.889
140.158 0.949
141.087 0.929
141.977 0.89
142.904 0.927
143.865 0.961
144.757 0.892
145.636 0.879
146.504 0.868
147.378 0.874
148.198 0.82
148.997 0.799
149.813 0.816
150.75 0.937
151.649 0.899
152.518 0.869
153.393 0.875
154.275 0.882
155.127 0.852
155.939 0.812
156.778 0.839
157.675 0.897
158.504 0.829
159.339 0.835
160.19 0.851
161.057 0.867
161.865 0.808
162.7 0.835
163.59 0.89
164.477 0.887
165.341 0.864
166.247 0.906
167.165 0.918
167.981 0.816
168.785 0.804
169.604 0.819
170.405 0.801
171.159 0.754
171.874 0.715
172.638 0.764
173.435 0.797
174.267 0.832
175.039 0.772
175.844 0.805
176.708 0.864
177.543 0.835
178.398 0.855
179.324 0.926
180.252 0.928
181.106 0.854
181.959 0.853
182.788 0.829
183.609 0.821
184.447 0.838
185.279 0.832
186.067 0.788
186.884 0.817
187.75 0.866
188.651 0.901
189.476 0.825
190.298 0.822
191.118 0.82
191.942 0.824
192.796 0.854
193.649 0.853
194.486 0.837
195.284 0.798
196.038 0.754
196.766 0.728
197.56 0.794
198.505 0.945
199.468 0.963
200.42 0.952
201.284 0.864
202.085 0.801
202.891 0.806
203.716 0.825
204.529 0.813
205.315 0.786
206.148 0.833
207.03 0.882
207.873 0.843
208.728 0.855
209.637 0.909
210.549 0.912
211.381 0.832
212.237 0.856
213.131 0.894
213.992 0.861
214.811 0.819
215.645 0.834
216.52 0.875
217.341 0.821
218.202 0.861
219.181 0.979
220.138 0.957
221.009 0.871
221.894 0.885
222.838 0.944
223.779 0.941
224.726 0.947
225.587 0.861
226.483 0.896
227.364 0.881
228.181 0.817
229.058 0.877
229.999 0.941
230.891 0.892
231.777 0.886
232.683 0.906
233.574 0.891
234.383 0.809
235.196 0.813
236.028 0.832
236.807 0.779
237.641 0.834
238.571 0.93
239.403 0.832
240.201 0.798
240.98 0.779
241.841 0.861
242.74 0.899
243.583 0.843
244.379 0.796
245.175 0.796
245.988 0.813
246.835 0.847
247.65 0.815
248.478 0.828
249.381 0.903
250.331 0.95
251.215 0.884
252.033 0.818
252.841 0.808
253.662 0.821
254.524 0.862
255.35 0.826
256.134 0.784
256.956 0.822
257.912 0.956
258.843 0.931
259.736 0.893
260.649 0.913
261.56 0.911
262.442 0.882
263.263 0.821
264.065 0.802
264.898 0.833
265.834 0.936
266.728 0.894
267.606 0.878
268.55 0.944
269.504 0.954
270.422 0.918
271.288 0.866
272.178 0.89
273.096 0.918
273.968 0.872
274.806 0.838
275.67 0.864
276.599 0.929
277.528 0.929
278.381 0.853
279.253 0.872
280.167 0.914
281.116 0.949
281.986 0.87
282.82 0.834
283.701 0.881
284.645 0.944
285.528 0.883
286.389 0.861
287.273 0.884
288.203 0.93
289.067 0.864
289.873 0.806
290.695 0.822
291.551 0.856
292.452 0.901
293.269 0.817
294.043 0.774
294.797 0.754
295.594 0.797
296.476 0.882
297.373 0.897
298.209 0.836
299.005 0.796
299.819 0.814
300.686 0.867
301.565 0.879
302.395 0.83
303.262 0.867
304.192 0.93
305.092 0.9
305.973 0.881
306.781 0.808
307.563 0.782
308.36 0.797
309.237 0.877
310.193 0.956
311.047 0.854
311.898 0.851
312.793 0.895
313.736 0.943
314.634 0.898
315.457 0.823
316.286 0.829
317.192 0.906
318.171 0.979
319.023 0.852
319.873 0.85
320.718 0.845
321.555 0.837
322.329 0.774
323.114 0.785
323.944 0.83
324.845 0.901
325.716 0.871
326.506 0.79
327.269 0.763
328.059 0.79
328.936 0.877
329.921 0.985
330.893 0.972
331.761 0.868
332.644 0.883
333.549 0.905
334.408 0.859
335.21 0.802
336.054 0.844
337.039 0.985
338.062 1.023
338.985 0.923
339.882 0.897
340.801 0.919
341.725 0.924
342.588 0.863
343.393 0.805
344.219 0.826
345.163 0.944
346.127 0.964
347.082 0.955
347.963 0.881
348.872 0.909
349.831 0.959
350.718 0.887
351.534 0.816
352.364 0.83
353.234 0.87
354.104 0.87
354.913 0.809
355.694 0.781
356.473 0.779
357.334 0.861
358.283 0.949
359.258 0.975
360.134 0.876
360.957 0.823
361.777 0.82
362.621 0.844
363.49 0.869
364.302 0.812
365.127 0.825
366.041 0.914
367.004 0.963
367.895 0.891
368.711 0.816
369.494 0.783
370.318 0.824
371.241 0.923
372.2 0.959
373.167 0.967
374.03 0.863
374.876 0.846
375.747 0.871
376.64 0.893
377.472 0.832
378.293 0.821
379.215 0.922
380.142 0.927
381.035 0.893
381.95 0.915
382.775 0.825
383.582 0.807
384.36 0.778
385.122 0.762
385.915 0.793
386.789 0.874
387.726 0.937
388.671 0.945
389.538 0.867
390.403 0.865
391.261 0.858
392.102 0.841
392.865 0.763
393.629 0.764
394.417 0.788
395.288 0.871
396.163 0.875
397.018 0.855
397.904 0.886
398.831 0.927
399.697 0.866
400.524 0.827
401.393 0.869
402.278 0.885
403.164 0.886
403.993 0.829
404.807 0.814
405.64 0.833
406.517 0.877
407.317 0.8
408.057 0.74
408.802 0.745
409.589 0.787
410.485 0.896
411.387 0.902
412.289 0.902
413.158 0.869
414.004 0.846
414.786 0.782
415.521 0.735
416.282 0.761
417.156 0.874
418.164 1.008
419.163 0.999
420.048 0.885
420.953 0.905
421.886 0.933
422.762 0.876
423.585 0.823
424.399 0.814
425.236 0.837
426.065 0.829
426.904 0.839
427.868 0.964
428.836 0.968
429.715 0.879
430.601 0.886
431.471 0.87
432.282 0.811
433.048 0.766
433.826 0.778
434.672 0.846
435.647 0.975
436.563 0.916
437.45 0.887
438.354 0.904
439.182 0.828
440.009 0.827
440.865 0.856
441.669 0.804
442.475 0.806
443.307 0.832
444.133 0.826
444.936 0.803
445.79 0.854
446.659 0.869
447.461 0.802
448.278 0.817
449.107 0.829
449.907 0.8
450.674 0.767
451.478 0.804
452.305 0.827
453.123 0.818
453.905 0.782
454.719 0.814
455.549 0.83
456.34 0.791
457.124 0.784
457.932 0.808
458.714 0.782
459.472 0.758
460.246 0.774
461.062 0.816
461.905 0.843
462.725 0.82
463.524 0.799
464.34 0.816
465.173 0.833
465.956 0.783
466.705 0.749
467.473 0.768
468.266 0.793
469.084 0.818
469.873 0.789
470.688 0.815
471.541 0.853
472.355 0.814
473.131 0.776
473.93 0.799
474.724 0.794
475.478 0.754
476.19 0.712
476.888 0.698
477.627 0.739
478.482 0.855
479.362 0.88
480.167 0.805
480.986 0.819
481.818 0.832
482.598 0.78
483.379 0.781
484.168 0.789
484.964 0.796
485.715 0.751
486.483 0.768
487.297 0.814
488.109 0.812
488.879 0.77
489.668 0.789
490.522 0.854
491.432 0.91
492.262 0.83
493.057 0.795
493.861 0.804
494.682 0.821
495.532 0.85
496.307 0.775
497.094 0.787
497.909 0.815
498.773 0.864
499.596 0.823
500.417 0.821
501.283 0.866
502.2 0.917
503.083 0.883
503.933 0.85
504.71 0.777
505.48 0.77
506.268 0.788
507.082 0.814
507.893 0.811
508.783 0.89
509.78 0.997
510.855 1.075
511.8 0.945
512.696 0.896
513.622 0.926
514.538 0.916
515.392 0.854
516.193 0.801
517.036 0.843
517.982 0.946
518.937 0.955
519.826 0.889
520.683 0.857
521.539 0.856
522.365 0.826
523.212 0.847
524.11 0.898
524.923 0.813
525.727 0.804
526.544 0.817
527.391 0.847
528.188 0.797
529.0 0.812
529.887 0.887
530.762 0.875
531.579 0.817
532.437 0.858
533.358 0.921
534.292 0.934
535.132 0.84
535.958 0.826
536.805 0.847
537.712 0.907
538.554 0.842
539.395 0.841
540.275 0.88
541.189 0.914
542.047 0.858
542.953 0.906
543.902 0.949
544.765 0.863
545.609 0.844
546.473 0.864
547.392 0.919
548.247 0.855
549.061 0.814
549.873 0.812
550.668 0.795
551.413 0.745
552.192 0.779
552.958 0.766
553.743 0.785
554.607 0.864
555.53 0.923
556.401 0.871
557.342 0.941
558.235 0.893
559.065 0.83
559.912 0.847
560.765 0.853
561.575 0.81
562.351 0.776
563.152 0.801
564.001 0.849
564.9 0.899
565.761 0.861
566.694 0.933
567.639 0.945
568.513 0.874
569.413 0.9
570.328 0.915
571.224 0.896
572.083 0.859
572.875 0.792
573.64 0.765
574.424 0.784
575.243 0.819
576.149 0.906
577.018 0.869
577.874 0.856
578.758 0.884
579.65 0.892
580.522 0.872
581.373 0.851
582.246 0.873
583.168 0.922
584.015 0.847
584.84 0.825
585.664 0.824
586.505 0.841
587.31 0.805
588.089 0.779
588.853 0.764
589.665 0.812
590.64 0.975
591.604 0.964
592.536 0.932
593.405 0.869
594.261 0.856
595.126 0.865
595.928 0.802
596.733 0.805
597.583 0.85
598.486 0.903
599.331 0.845
600.233 0.902
601.177 0.944
602.053 0.876
602.905 0.852
603.729 0.824
604.595 0.866
605.496 0.901
606.331 0.835
607.19 0.859
608.07 0.88
608.879 0.809
609.693 0.814
610.5 0.807
611.327 0.827
612.157 0.83
612.947 0.79