0.000 0.958
0.958 0.958
1.938 0.98
2.933 0.995
3.922 0.989
5.001 1.079
6.109 1.108
7.142 1.033
8.092 0.95
9.096 1.004
10.137 1.041
11.104 0.967
12.059 0.955
13.24 1.181
14.484 1.244
15.476 0.992
16.359 0.883
17.26 0.901
18.24 0.98
19.294 1.054
20.311 1.017
21.571 1.26
22.619 1.048
23.628 1.009
24.724 1.096
25.726 1.002
26.706 0.98
27.752 1.046
28.764 1.012
29.763 0.999
30.843 1.08
31.846 1.003
32.864 1.018
33.884 1.02
34.929 1.045
35.881 0.952
36.92 1.039
38.048 1.128
39.02 0.972
39.932 0.912
40.863 0.931
41.923 1.06
42.865 0.942
43.876 1.011
44.873 0.997
45.784 0.911
46.753 0.969
47.811 1.058
48.804 0.993
49.734 0.93
50.716 0.982
51.719 1.003
52.609 0.89
53.587 0.978
54.616 1.029
55.561 0.945
56.414 0.853
57.31 0.896
58.347 1.037
59.582 1.235
60.609 1.027
61.675 1.066
62.754 1.079
63.775 1.021
64.851 1.076
65.9 1.049
66.852 0.952
67.857 1.005
68.898 1.041
69.863 0.965
70.854 0.991
71.905 1.051
72.866 0.961
73.918 1.052
75.018 1.1
76.0 0.982
76.916 0.916
78.036 1.12
79.522 1.486
80.69 1.168
81.926 1.236
83.07 1.144
84.226 1.156
85.36 1.134
86.339 0.979
87.364 1.025
88.52 1.156
89.525 1.005
90.54 1.015
91.562 1.022
92.553 0.991
93.616 1.063
94.738 1.122
95.766 1.028
96.91 1.144
98.039 1.129
99.021 0.982
100.008 0.987
100.989 0.981
101.924 0.935
102.835 0.911
103.811 0.976
104.83 1.019
105.708 0.878
106.657 0.949
107.762 1.105
108.754 0.992
109.721 0.967
110.763 1.042
111.832 1.069
112.792 0.96
113.81 1.018
114.901 1.091
115.888 0.987
116.782 0.894
117.725 0.943
118.674 0.949
119.546 0.872
120.46 0.914
121.44 0.98
122.548 1.108
123.587 1.039
124.724 1.137
125.83 1.106
126.857 1.027
127.91 1.053
128.922 1.012
129.818 0.896
130.746 0.928
131.729 0.983
132.775 1.046
133.722 0.947
134.785 1.063
135.83 1.045
136.76 0.93
137.721 0.961
138.784 1.063
139.868 1.084
140.869 1.001
141.933 1.064
142.957 1.024
143.852 0.895
144.811 0.959
145.906 1.095
146.934 1.028
147.928 0.994
148.989 1.061
150.107 1.118
151.039 0.932
152.038 0.999
153.097 1.059
154.117 1.02
155.228 1.111
156.352 1.124
157.299 0.947
158.276 0.977
159.228 0.952
160.074 0.846
160.925 0.851
161.783 0.858
162.633 0.85
163.427 0.794
164.303 0.876
165.199 0.896
166.226 1.027
167.244 1.018
168.116 0.872
169.008 0.892
169.931 0.923
170.903 0.972
171.787 0.884
172.756 0.969
173.729 0.973
174.617 0.888
175.519 0.902
176.46 0.941
177.403 0.943
178.248 0.845
179.151 0.903
180.157 1.006
181.254 1.097
182.201 0.947
183.149 0.948
184.157 1.008
185.217 1.06
186.146 0.929
187.048 0.902
187.967 0.919
188.963 0.996
189.863 0.9
190.749 0.886
191.665 0.916
192.657 0.992
193.646 0.989
194.508 0.862
195.465 0.957
196.547 1.082
197.647 1.1
198.688 1.041
199.829 1.141
200.906 1.077
201.771 0.865
202.677 0.906
203.593 0.916
204.466 0.873
205.393 0.927
206.46 1.067
207.407 0.947
208.346 0.939
209.321 0.975
210.321 1.0
211.29 0.969
212.321 1.031
213.377 1.056
214.344 0.967
215.355 1.011
216.348 0.993
217.273 0.925
218.244 0.971
219.232 0.988
220.193 0.961
221.187 0.994
222.251 1.064
223.229 0.978
224.233 1.004
225.261 1.028
226.207 0.946
227.238 1.031
228.282 1.044
229.248 0.966
230.33 1.082
231.358 1.028
232.305 0.947
233.389 1.084
234.403 1.014
235.422 1.019
236.47 1.048
237.414 0.944
238.399 0.985
239.456 1.057
240.414 0.958
241.433 1.019
242.502 1.069
243.457 0.955
244.477 1.02
245.531 1.054
246.474 0.943
247.508 1.034
248.555 1.047
249.524 0.969
250.571 1.047
251.621 1.05
252.579 0.958
253.635 1.056
254.734 1.099
255.744 1.01
256.699 0.955
257.675 0.976
258.737 1.062
259.711 0.974
260.788 1.077
261.934 1.146
263.027 1.093
264.042 1.015
265.147 1.105
266.238 1.091
267.229 0.991
268.312 1.083
269.406 1.094
270.393 0.987
271.429 1.036
272.525 1.096
273.539 1.014
274.66 1.121
275.814 1.154
276.841 1.027
277.96 1.119
279.069 1.109
280.082 1.013
281.203 1.121
282.272 1.069
283.306 1.034
284.44 1.134
285.467 1.027
286.538 1.071
287.622 1.084
288.58 0.958
289.58 1.0
290.588 1.008
291.523 0.935
292.752 1.229
293.954 1.202
295.072 1.118
296.234 1.162
297.285 1.051
298.446 1.161
299.584 1.138
300.568 0.984
301.566 0.998
302.715 1.149
303.839 1.124
304.887 1.048
306.002 1.115
307.127 1.125
308.175 1.048
309.229 1.054
310.241 1.012
311.18 0.939
312.179 0.999
313.26 1.081
314.294 1.034
315.339 1.045
316.434 1.095
317.498 1.064
318.549 1.051
319.636 1.087
320.681 1.045
321.598 0.917
322.587 0.989
323.72 1.133
324.782 1.062
325.789 1.007
326.899 1.11
327.888 0.989
328.763 0.875
329.677 0.914
330.606 0.929
331.485 0.879
332.453 0.968
333.732 1.279
334.998 1.266
336.038 1.04
337.094 1.056
338.155 1.061
339.117 0.962
340.088 0.971
341.077 0.989
341.999 0.922
342.95 0.951
343.951 1.001
344.953 1.002
345.901 0.948
346.946 1.045
348.03 1.084
349.0 0.97
350.03 1.03
351.03 1.0
351.98 0.95
352.899 0.919
353.835 0.936
354.819 0.984
355.76 0.941
356.803 1.043
357.904 1.101
358.92 1.016
359.908 0.988
360.937 1.029
361.864 0.927
362.769 0.905
363.655 0.886
364.532 0.877
365.383 0.851
366.325 0.942
367.348 1.023
368.295 0.947
369.296 1.001
370.28 0.984
371.216 0.936
372.168 0.952
373.089 0.921
373.983 0.894
374.932 0.949
375.983 1.051
377.062 1.079
378.165 1.103
379.283 1.118
380.297 1.014
381.303 1.006
382.355 1.052
383.289 0.934
384.131 0.842
384.955 0.824
385.838 0.883
386.818 0.98
387.686 0.868
388.589 0.903
389.628 1.039
390.743 1.115
391.62 0.877
392.455 0.835
393.291 0.836
394.101 0.81
394.969 0.868
395.882 0.913
396.78 0.898
397.682 0.902
398.603 0.921
399.537 0.934
400.415 0.878
401.273 0.858
402.147 0.874
403.089 0.942
404.011 0.922
405.034 1.023
406.131 1.097
407.148 1.017
408.19 1.042
409.289 1.099
410.38 1.091
411.348 0.968
412.311 0.963
413.397 1.086
414.53 1.133
415.63 1.1
416.587 0.957
417.557 0.97
418.618 1.061
419.799 1.181
420.899 1.1
421.862 0.963
422.824 0.962
423.936 1.112
425.027 1.091
426.127 1.1
427.189 1.062
428.267 1.078
429.281 1.014
430.213 0.932
431.151 0.938
432.156 1.005
433.26 1.104
434.39 1.13
435.451 1.061
436.558 1.107
437.65 1.092
438.664 1.014
439.635 0.971
440.662 1.027
441.71 1.048
442.769 1.059
443.79 1.021
444.877 1.087
445.98 1.103
446.997 1.017
447.903 0.906
448.853 0.95
450.014 1.161
451.332 1.318
452.49 1.158
453.693 1.203
454.846 1.153
455.847 1.001
456.831 0.984
457.891 1.06
458.963 1.072
459.973 1.01
460.894 0.921
461.795 0.901
462.856 1.061
464.339 1.483
465.512 1.173
466.57 1.058
467.698 1.128
468.857 1.159
469.92 1.063
470.999 1.079
472.07 1.071
473.087 1.017
474.023 0.936
475.019 0.996
476.143 1.124
477.237 1.094
478.243 1.006
479.318 1.075
480.363 1.045
481.347 0.984
482.233 0.886
483.102 0.869
484.019 0.917
484.918 0.899
485.787 0.869
486.701 0.914
487.753 1.052
488.767 1.014
489.768 1.001
490.804 1.036
491.829 1.025
492.722 0.893
493.593 0.871
494.452 0.859
495.333 0.881
496.217 0.884
497.086 0.869
498.026 0.94
499.148 1.122
500.236 1.088
501.174 0.938
502.118 0.944
503.106 0.988
504.12 1.014
504.968 0.848
505.782 0.814
506.619 0.837
507.415 0.796
508.232 0.817
509.084 0.852
510.068 0.984
511.002 0.934
511.889 0.887
512.778 0.889
513.647 0.869
514.482 0.835
515.362 0.88
516.285 0.923
517.163 0.878
518.132 0.969
519.121 0.989
520.08 0.959
521.048 0.968
521.999 0.951
522.918 0.919
523.902 0.984
524.919 1.017
525.897 0.978
526.898 1.001
527.918 1.02
528.865 0.947
529.819 0.954
530.756 0.937
531.652 0.896
532.564 0.912
533.528 0.964
534.524 0.996
535.533 1.009
536.552 1.019
537.503 0.951
538.483 0.98
539.507 1.024
540.534 1.027
541.53 0.996
542.593 1.063
543.627 1.034
544.577 0.95
545.57 0.993
546.56 0.99
547.499 0.939
548.51 1.011
549.578 1.068
550.621 1.043
551.705 1.084
552.796 1.091
553.789 0.993
554.828 1.039
555.937 1.109
556.958 1.021
557.921 0.963
558.97 1.049
559.965 0.995
560.822 0.857
561.654 0.832
562.552 0.898
563.958 1.406
565.02 1.062
565.973 0.953
567.035 1.062
568.156 1.121
569.148 0.992
569.974 0.826
570.786 0.812
571.546 0.76
572.433 0.887
573.63 1.197
574.802 1.172
575.866 1.064
576.924 1.058
577.844 0.92
578.715 0.871
579.567 0.852
580.426 0.859
581.389 0.963
582.264 0.875
583.071 0.807
583.927 0.856
585.087 1.16
585.996 0.909
586.932 0.936
587.808 0.876
588.612 0.804
589.404 0.792
590.201 0.797
591.043 0.842
591.97 0.927
592.798 0.828
593.604 0.806
594.411 0.807
595.244 0.833
596.116 0.872
597.068 0.952
598.036 0.968
598.971 0.935
599.893 0.922
600.846 0.953
601.79 0.944
602.726 0.936
603.576 0.85
604.405 0.829
605.284 0.879
606.283 0.999
607.208 0.925
608.081 0.873
608.993 0.912