0.000 0.788
0.788 0.788
1.602 0.814
8.971 0.972
9.979 1.008
10.926 0.947
11.895 0.969
12.894 0.999
13.802 0.908
14.825 1.023
15.861 1.036
16.761 0.9
17.661 0.9
18.58 0.919
19.523 0.943
20.483 0.96
21.395 0.912
22.347 0.952
23.458 1.111
24.554 1.096
25.543 0.989
26.512 0.969
27.615 1.103
28.735 1.12
29.91 1.175
31.06 1.15
32.265 1.205
33.413 1.148
34.505 1.092
35.744 1.239
37.019 1.275
38.275 1.256
39.519 1.244
40.699 1.18
41.97 1.271
43.291 1.321
44.585 1.294
45.828 1.243
46.993 1.165
48.298 1.305
49.591 1.293
50.8 1.209
51.996 1.196
53.326 1.33
54.668 1.342
55.939 1.271
57.114 1.175
58.392 1.278
59.741 1.349
61.001 1.26
62.263 1.262
63.624 1.361
64.924 1.3
66.171 1.247
67.39 1.219
68.73 1.34
70.092 1.362
71.409 1.317
72.699 1.29
73.913 1.214
75.116 1.203
76.461 1.345
77.827 1.366
79.125 1.298
80.388 1.263
81.616 1.228
82.923 1.307
84.2 1.277
85.264 1.064
86.363 1.099
87.581 1.218
88.891 1.31
90.11 1.219
91.297 1.187
92.582 1.285
93.872 1.29
95.15 1.278
96.371 1.221
97.524 1.153
98.798 1.274
100.127 1.329
101.439 1.312
102.704 1.265
103.873 1.169
105.138 1.265
106.487 1.349
107.788 1.301
109.006 1.218
110.196 1.19
111.342 1.146
112.644 1.302
113.993 1.349
115.3 1.307
116.544 1.244
117.738 1.194
118.992 1.254
120.337 1.345
121.658 1.321
122.896 1.238
124.082 1.186
125.261 1.179
126.617 1.356
127.978 1.361
129.269 1.291
130.481 1.212
131.745 1.264
133.112 1.367
134.42 1.308
135.698 1.278
136.932 1.234
138.257 1.325
139.596 1.339
140.919 1.323
142.154 1.235
143.332 1.178
144.677 1.345
146.034 1.357
147.315 1.281
148.498 1.183
149.729 1.231
151.087 1.358
152.393 1.306
153.594 1.201
154.714 1.12
155.947 1.233
157.29 1.343
158.587 1.297
159.789 1.202
160.99 1.201
162.28 1.29
163.567 1.287
164.889 1.322
166.129 1.24
167.287 1.158
168.508 1.221
169.813 1.305
171.094 1.281
172.35 1.256
173.555 1.205
174.683 1.128
175.922 1.239
177.236 1.314
178.484 1.248
179.677 1.193
180.787 1.11
182.008 1.221
183.274 1.266
184.492 1.218
185.621 1.129
186.848 1.227
188.069 1.221
189.194 1.125
190.339 1.145
191.594 1.255
192.856 1.262
194.014 1.158
195.082 1.068
196.337 1.255
197.645 1.308
198.887 1.242
200.062 1.175
201.173 1.111
202.408 1.235
203.709 1.301
204.974 1.265
206.126 1.152
207.192 1.066
208.267 1.075
209.484 1.217
210.7 1.216
211.844 1.144
212.954 1.11
214.148 1.194
215.361 1.213
216.504 1.143
217.591 1.087
218.743 1.152
219.949 1.206
221.143 1.194
222.313 1.17
223.469 1.156
224.661 1.192
225.903 1.242
227.127 1.224
228.34 1.213
229.501 1.161
230.612 1.111
231.785 1.173
233.074 1.289
234.319 1.245
235.461 1.142
236.628 1.167
237.854 1.226
239.08 1.226
240.186 1.106
241.372 1.186
242.613 1.241
243.755 1.142
244.935 1.18
246.188 1.253
247.358 1.17
248.554 1.196
249.802 1.248
250.98 1.178
252.156 1.176
253.395 1.239
254.628 1.233
255.769 1.141
256.916 1.147
258.144 1.228
259.358 1.214
260.521 1.163
261.777 1.256
262.977 1.2
264.078 1.101
265.289 1.211
266.465 1.176
267.592 1.127
268.836 1.244
270.103 1.267
271.256 1.153
272.42 1.164
273.691 1.271
274.941 1.25
276.179 1.238
277.355 1.176
278.473 1.118
279.672 1.199
280.954 1.282
282.204 1.25
283.39 1.186
284.55 1.16
285.644 1.094
286.747 1.103
288.006 1.259
289.294 1.288
290.517 1.223
291.632 1.115
292.722 1.09
293.943 1.221
295.206 1.263
296.382 1.176
297.538 1.156
298.747 1.209
299.934 1.187
301.035 1.101
302.187 1.152
303.429 1.242
304.631 1.202
305.779 1.148
306.859 1.08
307.893 1.034
309.115 1.222
310.383 1.268
311.649 1.266
312.832 1.183
313.961 1.129
315.075 1.114
316.318 1.243
317.609 1.291
318.862 1.253
320.076 1.214
321.261 1.185
322.413 1.152
323.509 1.096
324.524 1.015
325.542 1.018
326.761 1.219
327.986 1.225
329.212 1.226
330.414 1.202
331.589 1.175
332.808 1.219
334.041 1.233
335.281 1.24
336.479 1.198
337.623 1.144
338.698 1.075
339.86 1.162
341.119 1.259
342.366 1.247
343.539 1.173
344.687 1.148
345.774 1.087
347.029 1.255
348.291 1.262
349.524 1.233
350.642 1.118
351.835 1.193
353.029 1.194
354.237 1.208
355.364 1.127
356.435 1.071
357.646 1.211
358.95 1.304
360.197 1.247
361.442 1.245
362.725 1.283
363.997 1.272
365.21 1.213
366.316 1.106
367.55 1.234
368.819 1.269
370.014 1.195
371.119 1.105
372.328 1.209
373.58 1.252
374.768 1.188
375.876 1.108
376.937 1.061
378.111 1.174
379.343 1.232
380.508 1.165
381.535 1.027
382.485 0.95
383.381 0.896
384.247 0.866
385.237 0.99
386.464 1.227
387.696 1.232
388.886 1.19
390.032 1.146
391.094 1.062
392.067 0.973
393.029 0.962
394.173 1.144
395.362 1.189
396.542 1.18
397.73 1.188
398.887 1.157
399.996 1.109
401.05 1.054
402.202 1.152
403.43 1.228
404.655 1.225
405.8 1.145
406.897 1.097
408.073 1.176
409.271 1.198
410.401 1.13
411.523 1.122
412.714 1.191
413.912 1.198
415.118 1.206
416.424 1.306
417.653 1.229
418.791 1.138
419.996 1.205
421.188 1.192
422.297 1.109
423.352 1.055
424.524 1.172
425.761 1.237
426.953 1.192
428.055 1.102
429.073 1.018
430.121 1.048
431.322 1.201
432.535 1.213
433.693 1.158
434.81 1.117
435.882 1.072
436.912 1.03
437.995 1.083
439.178 1.183
440.348 1.17
441.433 1.085
442.493 1.06
443.603 1.11
444.723 1.12
445.894 1.171
447.028 1.134
448.063 1.035
449.209 1.146
450.411 1.202
451.604 1.193
452.715 1.111
453.767 1.052
454.807 1.04
456.035 1.228
457.298 1.263
458.524 1.226
459.705 1.181
460.839 1.134
461.906 1.067
463.023 1.117
464.299 1.276
465.527 1.228
466.715 1.188
467.832 1.117
469.018 1.186
470.237 1.219
471.409 1.172
472.528 1.119
473.755 1.227
474.966 1.211
476.112 1.146
477.234 1.122
478.449 1.215
479.685 1.236
480.878 1.193
482.005 1.127
483.072 1.067
484.125 1.053
485.364 1.239
486.63 1.266
487.864 1.234
489.029 1.165
490.13 1.101
491.176 1.046
492.38 1.204
493.634 1.254
494.83 1.196
495.985 1.155
497.211 1.226
498.355 1.144
499.564 1.209
500.797 1.233
501.989 1.192
503.155 1.166
504.302 1.147
505.553 1.251
506.815 1.262
508.014 1.199
509.133 1.119
510.29 1.157
511.515 1.225
512.756 1.241
513.921 1.165
514.985 1.064
516.138 1.153
517.475 1.337
518.752 1.277
519.911 1.159
521.133 1.222
522.365 1.232
523.566 1.201
524.732 1.166
526.001 1.269
527.188 1.187
528.342 1.154
529.594 1.252
530.873 1.279
532.06 1.187
533.157 1.097
534.43 1.273
535.749 1.319
536.957 1.208
538.076 1.119
539.302 1.226
540.582 1.28
541.79 1.208
542.93 1.14
544.178 1.248
545.415 1.237
546.584 1.169
547.725 1.141
548.924 1.199
550.152 1.228
551.358 1.206
552.665 1.307
553.939 1.274
555.131 1.192
556.378 1.247
557.595 1.217
558.748 1.153
560.04 1.292
561.352 1.312
562.633 1.281
563.823 1.19
565.059 1.236
566.378 1.319
567.636 1.258
568.785 1.149
569.859 1.074
571.056 1.197
572.27 1.214
573.441 1.171
574.543 1.102
575.559 1.016
576.518 0.959
577.604 1.086
578.856 1.252
580.089 1.233
581.234 1.145
582.298 1.064
583.307 1.009
584.511 1.204
585.776 1.265
586.961 1.185
588.043 1.082
589.192 1.149
590.393 1.201
591.593 1.2
592.725 1.132
593.892 1.167
595.08 1.188
596.23 1.15
597.309 1.079
598.491 1.182
599.737 1.246
600.907 1.17
602.048 1.141
603.309 1.261
604.471 1.162
605.627 1.156
606.989 1.362
608.371 1.382
609.628 1.257
610.747 1.119
611.942 1.195
613.202 1.26
614.44 1.238
615.604 1.164
616.655 1.051
617.67 1.015
618.773 1.103
619.911 1.138
621.032 1.121
622.071 1.039
623.059 0.988
624.118 1.059
625.242 1.124
626.343 1.101
627.428 1.085
628.437 1.009
629.383 0.946
630.341 0.958
631.438 1.097
632.567 1.129
633.628 1.061
634.627 0.999
635.593 0.966
636.672 1.079
637.854 1.182
639.062 1.208
640.227 1.165
641.31 1.083
642.318 1.008
643.31 0.992
644.488 1.178
645.687 1.199
646.848 1.161
647.955 1.107
648.964 1.009
649.989 1.025
651.179 1.19
652.415 1.236
653.496 1.081
654.436 0.94
655.341 0.905
656.215 0.874
657.136 0.921
658.081 0.945