0.000 0.853
0.853 0.853
1.346 0.493
1.657 0.311
2.398 0.741
3.113 0.715
3.818 0.705
4.532 0.714
5.237 0.705
6.015 0.778
6.866 0.851
7.711 0.845
8.523 0.812
9.37 0.847
10.29 0.92
11.225 0.935
12.124 0.899
13.076 0.952
14.059 0.983
15.076 1.017
16.122 1.046
17.106 0.984
18.061 0.955
19.096 1.035
20.079 0.983
20.949 0.87
21.939 0.99
23.332 1.393
24.398 1.066
25.412 1.014
26.661 1.249
27.818 1.157
28.259 0.441
28.651 0.392
29.043 0.392
29.902 0.859
30.781 0.879
31.675 0.894
33.142 1.467
34.198 1.056
35.27 1.072
36.251 0.981
37.129 0.878
38.048 0.919
39.159 1.111
40.114 0.955
41.001 0.887
42.225 1.224
43.554 1.329
44.71 1.156
45.804 1.094
46.902 1.098
47.188 0.286
47.501 0.313
47.895 0.394
48.895 1.0
49.743 0.848
50.539 0.796
51.321 0.782
51.574 0.253
51.976 0.402
52.244 0.268
52.8 0.556
53.684 0.884
54.956 1.272
56.035 1.079
57.008 0.973
58.142 1.134
59.211 1.069
60.188 0.977
61.353 1.165
62.448 1.095
63.42 0.972
64.618 1.198
65.915 1.297
67.009 1.094
68.228 1.219
69.411 1.183
70.477 1.066
71.732 1.255
72.83 1.098
73.847 1.017
74.907 1.06
76.123 1.216
77.309 1.186
78.45 1.141
79.513 1.063
80.76 1.247
81.837 1.077
82.928 1.091
84.158 1.23
85.206 1.048
86.322 1.116
87.502 1.18
88.479 0.977
89.449 0.97
90.841 1.392
92.035 1.194
93.188 1.153
94.49 1.302
95.552 1.062
96.619 1.067
97.773 1.154
98.755 0.982
99.8 1.045
101.184 1.384
102.228 1.044
103.114 0.886
104.03 0.916
105.004 0.974
105.804 0.8
106.615 0.811
107.509 0.894
108.376 0.867
109.212 0.836
110.35 1.138
111.59 1.24
112.705 1.115
113.669 0.964
114.624 0.955
115.607 0.983
116.645 1.038
117.583 0.938
118.486 0.903
119.574 1.088
120.774 1.2
121.844 1.07
122.781 0.937
123.281 0.5
123.633 0.352
124.366 0.733
124.636 0.27
125.643 1.007
126.624 0.981
127.676 1.052
128.603 0.927
129.506 0.903
130.381 0.875
131.204 0.823
132.015 0.811
132.805 0.79
133.571 0.766
134.332 0.761
135.074 0.742
135.831 0.757
136.116 0.285
136.443 0.327
137.457 1.014
138.308 0.851
139.216 0.908
140.17 0.954
141.085 0.915
141.963 0.878
142.266 0.303
142.804 0.538
143.146 0.342
143.485 0.339
143.863 0.378
144.134 0.271
144.39 0.256
144.716 0.326
144.988 0.272
145.382 0.394
145.886 0.504
146.159 0.273
146.411 0.252
146.872 0.461
147.176 0.304
148.11 0.934
148.382 0.272
148.726 0.344
149.534 0.808
149.944 0.41
150.466 0.522
150.726 0.26
151.382 0.656
152.226 0.844
152.514 0.288
153.078 0.564
153.387 0.309
153.718 0.331
154.357 0.639
154.754 0.397
156.093 1.339
156.818 0.725
157.257 0.439
157.64 0.383
157.954 0.314
158.218 0.264
158.583 0.365
159.956 1.373
160.211 0.255
160.53 0.319
160.963 0.433
161.472 0.509
161.728 0.256
162.077 0.349
162.37 0.293
162.666 0.296
163.219 0.553
163.537 0.318
163.957 0.42
164.208 0.251
164.575 0.367
164.862 0.287
165.114 0.252
165.422 0.308
166.546 1.124
167.221 0.675
167.609 0.388
167.875 0.266
168.312 0.437
169.166 0.854
170.032 0.866
170.329 0.297
171.454 1.125
171.96 0.506
172.436 0.476
172.695 0.259
173.212 0.517
174.663 1.451
175.378 0.715
175.885 0.507
176.156 0.271
176.556 0.4
176.961 0.405
177.294 0.333
177.779 0.485
178.102 0.323
178.423 0.321
178.689 0.266
178.969 0.28
179.228 0.259
179.51 0.282
179.78 0.27
180.111 0.331
180.402 0.291
180.669 0.267
181.144 0.475
181.957 0.813
182.38 0.423
182.681 0.301
183.271 0.59
183.525 0.254
184.017 0.492
185.394 1.377
185.69 0.296
186.096 0.406
186.471 0.375
186.923 0.452
187.248 0.325
187.627 0.379
187.958 0.331
188.244 0.286
188.535 0.291
188.785 0.25
189.084 0.299
189.382 0.298
189.708 0.326
190.145 0.437
190.853 0.708
191.85 0.997
192.144 0.294
192.474 0.33
192.797 0.323
193.335 0.538
193.794 0.459
194.053 0.259
194.318 0.265
194.66 0.342
194.96 0.3
196.126 1.166
196.642 0.516
197.08 0.438
197.37 0.29
197.63 0.26
197.908 0.278
198.161 0.253
198.471 0.31
198.759 0.288
199.02 0.261
199.34 0.32
199.635 0.295
200.033 0.398
200.37 0.337
200.833 0.463
201.354 0.521
201.66 0.306
202.593 0.933
202.977 0.384
203.293 0.316
204.045 0.752
204.414 0.369
204.807 0.393
206.128 1.321
206.395 0.267
206.79 0.395
207.511 0.721
207.847 0.336
208.339 0.492
209.518 1.179
215.996 6.478
216.95 0.954
217.987 1.037
218.946 0.959
219.893 0.947
220.894 1.001
221.83 0.936
222.862 1.032
223.913 1.051
224.804 0.891
225.794 0.99
226.806 1.012
227.701 0.895
228.661 0.96
229.104 0.443
229.4 0.296
229.878 0.478
230.504 0.626
231.492 0.988
232.459 0.967
232.927 0.468
233.424 0.497
234.292 0.868
234.624 0.332
234.902 0.278
235.254 0.352
236.506 1.252
236.959 0.453
237.266 0.307
237.608 0.342
238.305 0.697
239.733 1.428
240.654 0.921
240.963 0.309
241.261 0.298
241.575 0.314
241.922 0.347
247.365 0.844
248.286 0.921
249.199 0.913
250.085 0.886
250.998 0.913
251.837 0.839
252.704 0.867
253.582 0.878
254.408 0.826
255.326 0.918
256.313 0.987
257.212 0.899
258.214 1.002
259.216 1.002
260.11 0.894
260.982 0.872
261.829 0.847
262.586 0.757
263.342 0.756
264.104 0.762
264.96 0.856
265.966 1.006
266.828 0.862
267.715 0.887
268.597 0.882
269.45 0.853
270.27 0.82
271.147 0.877
272.063 0.916
272.986 0.923
273.48 0.494
273.799 0.319
274.767 0.968
275.805 1.038
276.782 0.977
277.621 0.839
278.452 0.831
279.426 0.974
280.652 1.226
281.644 0.992
282.744 1.1
283.86 1.116
284.844 0.984
285.833 0.989
286.736 0.903
287.353 0.617
287.633 0.28
288.629 0.996
289.547 0.918
290.583 1.036
291.661 1.078
292.675 1.014
293.701 1.026
294.686 0.985
295.619 0.933
296.459 0.84
297.304 0.845
298.094 0.79
298.914 0.82
299.716 0.802
300.646 0.93
301.938 1.292
302.947 1.009
303.954 1.007
304.969 1.015
305.859 0.89
306.672 0.813
307.434 0.762
308.196 0.762
308.96 0.764
309.784 0.824
310.772 0.988
311.754 0.982
312.731 0.977
313.666 0.935
314.524 0.858
315.396 0.872
316.257 0.861
317.118 0.861
317.94 0.822
318.73 0.79
319.497 0.767
320.258 0.761
321.055 0.797
321.9 0.845
322.857 0.957
323.797 0.94
324.74 0.943
325.614 0.874
326.391 0.777
327.155 0.764
327.893 0.738
328.609 0.716
329.338 0.729
330.102 0.764
330.986 0.884
332.063 1.077
333.046 0.983
333.9 0.854
334.822 0.922
335.876 1.054
336.804 0.928
337.719 0.915
338.636 0.917
339.496 0.86
340.314 0.818
341.201 0.887
342.212 1.011
343.156 0.944
344.044 0.888
344.985 0.941
346.009 1.024
346.984 0.975
347.914 0.93
348.962 1.048
349.973 1.011
350.837 0.864
351.781 0.944
352.825 1.044
353.731 0.906
354.747 1.016
355.766 1.019
356.704 0.938
357.729 1.025
358.662 0.933
359.492 0.83
360.341 0.849
361.563 1.222
362.626 1.063
363.681 1.055
364.749 1.068
365.731 0.982
366.763 1.032
367.786 1.023
368.754 0.968
369.83 1.076
370.865 1.035
371.916 1.051
372.931 1.015
373.944 1.013
375.026 1.082
376.101 1.075
377.126 1.025
378.0 0.874
378.802 0.802
379.553 0.751
380.313 0.76
381.402 1.089
382.259 0.857
383.138 0.879
384.141 1.003
385.121 0.98
385.967 0.846
386.83 0.863
387.665 0.835
388.438 0.773
389.209 0.771
389.975 0.766
390.737 0.762
391.506 0.769
392.322 0.816
393.224 0.902
394.088 0.864
395.009 0.921
395.989 0.98
396.927 0.938
397.906 0.979
398.947 1.041
399.992 1.045
400.926 0.934
401.957 1.031
402.965 1.008
403.858 0.893
404.836 0.978
405.817 0.981
406.696 0.879
407.608 0.912
408.568 0.96
409.452 0.884
410.381 0.929
411.293 0.912
412.16 0.867
412.952 0.792
413.78 0.828
414.695 0.915
415.601 0.906
416.473 0.872
417.449 0.976
418.447 0.998
419.324 0.877
420.223 0.899
421.084 0.861
421.888 0.804
422.644 0.756
423.39 0.746
424.19 0.8
425.101 0.911
425.998 0.897
427.106 1.108
428.185 1.079
429.155 0.97
430.165 1.01
431.21 1.045
432.141 0.931
433.001 0.86
433.805 0.804
434.57 0.765
435.329 0.759
436.071 0.742
436.813 0.742
437.532 0.719
438.268 0.736
439.02 0.752
440.135 1.115
441.025 0.89
441.885 0.86
442.759 0.874
443.582 0.823
444.382 0.8
445.258 0.876
446.188 0.93
447.039 0.851
447.939 0.9
448.85 0.911
449.702 0.852
450.481 0.779
451.236 0.755
452.0 0.764
452.758 0.758
453.578 0.82
454.336 0.758
455.079 0.743
455.815 0.736
456.58 0.765
457.391 0.811
458.185 0.794
458.971 0.786
459.81 0.839
460.567 0.757
461.303 0.736
462.012 0.709
462.713 0.701
463.408 0.695
464.102 0.694
464.848 0.746
465.735 0.887
466.579 0.844
467.364 0.785
468.203 0.839
469.389 1.186
470.563 1.174
471.55 0.987
472.457 0.907
473.525 1.068
474.796 1.271
475.926 1.13
476.902 0.976
477.971 1.069
479.167 1.196
480.201 1.034
481.075 0.874
482.049 0.974
483.341 1.292
484.494 1.153
485.455 0.961
486.414 0.959
487.632 1.218
488.805 1.173
489.808 1.003
490.898 1.09
492.086 1.188
493.136 1.05
494.029 0.893
494.95 0.921
496.231 1.281
497.104 0.873
497.945 0.841
499.122 1.177
500.055 0.933
500.978 0.923
502.061 1.083
503.297 1.236
504.352 1.055
505.245 0.893
506.075 0.83
507.016 0.941
508.207 1.191
509.382 1.175
510.386 1.004
511.262 0.876
512.181 0.919
513.377 1.196
514.582 1.205
515.628 1.046
516.587 0.959
517.637 1.05
518.894 1.257
519.986 1.092
520.903 0.917
521.753 0.85
522.778 1.025
524.035 1.257
525.179 1.144
526.16 0.981
527.152 0.992
528.313 1.161
529.327 1.014
530.227 0.9
531.286 1.059
532.733 1.447
533.943 1.21
535.076 1.133
536.162 1.086
537.161 0.999
538.167 1.006
539.13 0.963
539.97 0.84
540.866 0.896
541.777 0.911
542.653 0.876
543.673 1.02
544.717 1.044
545.582 0.865
546.362 0.78
547.135 0.773
548.085 0.95
549.271 1.186
550.389 1.118
551.34 0.951
552.221 0.881
553.124 0.903
554.128 1.004
555.193 1.065
556.138 0.945
556.944 0.806
557.721 0.777
558.482 0.761
559.227 0.745
559.99 0.763
560.756 0.766
561.489 0.733
562.22 0.731
562.928 0.708
563.641 0.713
564.339 0.698
565.046 0.707
565.786 0.74
566.546 0.76
567.376 0.83
568.319 0.943
569.368 1.049
570.255 0.887
571.193 0.938
572.058 0.865
572.859 0.801
573.604 0.745
574.488 0.884
575.391 0.903
576.754 1.363
577.753 0.999
578.611 0.858
579.661 1.05
580.565 0.904
581.504 0.939
582.315 0.811
583.139 0.824
583.945 0.806
585.337 1.392
586.594 1.257
587.658 1.064
588.889 1.231
589.941 1.052
590.864 0.923
591.818 0.954
592.808 0.99
593.668 0.86
594.508 0.84
595.354 0.846
596.253 0.899
597.251 0.998
598.293 1.042
599.392 1.099
600.516 1.124
601.49 0.974
602.614 1.124
603.626 1.012
604.667 1.041
605.603 0.936
606.461 0.858