0.000 0.819
0.819 0.819
1.696 0.877
2.754 1.058
3.812 1.058
4.939 1.127
5.994 1.055
6.93 0.936
7.959 1.029
9.004 1.045
10.007 1.003
10.97 0.963
12.082 1.112
13.181 1.099
14.195 1.014
15.352 1.157
16.55 1.198
17.696 1.146
18.675 0.979
19.697 1.022
20.688 0.991
21.553 0.865
22.468 0.915
23.41 0.942
24.249 0.839
25.13 0.881
26.039 0.909
26.938 0.899
27.788 0.85
28.69 0.902
29.576 0.886
30.448 0.872
31.352 0.904
32.228 0.876
33.098 0.87
33.909 0.811
34.73 0.821
35.591 0.861
36.54 0.949
37.421 0.881
38.307 0.886
39.256 0.949
40.243 0.987
41.145 0.902
41.998 0.853
42.908 0.91
43.896 0.988
44.971 1.075
45.963 0.992
46.913 0.95
47.955 1.042
48.982 1.027
49.972 0.99
50.891 0.919
51.89 0.999
52.998 1.108
54.139 1.141
55.177 1.038
56.134 0.957
57.109 0.975
57.974 0.865
58.803 0.829
59.643 0.84
60.638 0.995
61.755 1.117
62.884 1.129
63.911 1.027
64.822 0.911
65.807 0.985
66.877 1.07
67.944 1.067
69.045 1.101
70.09 1.045
71.016 0.926
71.894 0.878
72.927 1.033
74.206 1.279
75.436 1.23
76.588 1.152
77.642 1.054
78.732 1.09
79.877 1.145
80.998 1.121
82.026 1.028
82.969 0.943
83.865 0.896
84.888 1.023
86.091 1.203
87.248 1.157
88.378 1.13
89.428 1.05
90.398 0.97
91.328 0.93
92.389 1.061
93.56 1.171
94.696 1.136
95.799 1.103
96.841 1.042
97.774 0.933
98.761 0.987
99.807 1.046
100.857 1.05
101.836 0.979
102.801 0.965
103.808 1.007
104.817 1.009
105.764 0.947
106.709 0.945
107.709 1.0
108.774 1.065
109.872 1.098
110.961 1.089
111.984 1.023
112.903 0.919
113.868 0.965
114.979 1.111
116.163 1.184
117.251 1.088
118.228 0.977
119.142 0.914
120.107 0.965
121.154 1.047
122.229 1.075
123.237 1.008
124.186 0.949
125.151 0.965
126.176 1.025
127.251 1.075
128.307 1.056
129.279 0.972
130.179 0.9
131.036 0.857
131.955 0.919
133.01 1.055
134.126 1.116
135.205 1.079
136.186 0.981
137.076 0.89
137.93 0.854
138.851 0.921
139.843 0.992
140.893 1.05
141.945 1.052
142.965 1.02
143.942 0.977
144.869 0.927
145.86 0.991
146.891 1.031
147.924 1.033
148.899 0.975
149.804 0.905
150.704 0.9
151.713 1.009
152.804 1.091
153.857 1.053
154.853 0.996
155.797 0.944
156.668 0.871
157.566 0.898
158.614 1.048
159.744 1.13
160.895 1.151
162.009 1.114
163.058 1.049
164.011 0.953
164.907 0.896
165.861 0.954
166.912 1.051
167.968 1.056
169.009 1.041
170.008 0.999
170.952 0.944
171.844 0.892
172.782 0.938
173.814 1.032
174.89 1.076
175.985 1.095
177.033 1.048
178.038 1.005
178.972 0.934
179.849 0.877
180.735 0.886
181.742 1.007
182.849 1.107
183.939 1.09
184.978 1.039
185.965 0.987
186.891 0.926
187.869 0.978
188.944 1.075
190.072 1.128
191.158 1.086
192.191 1.033
193.16 0.969
194.092 0.932
195.073 0.981
196.132 1.059
197.2 1.068
198.242 1.042
199.258 1.016
200.2 0.942
201.056 0.856
201.869 0.813
202.734 0.865
203.737 1.003
204.796 1.059
205.84 1.044
206.822 0.982
207.745 0.923
208.651 0.906
209.617 0.966
210.608 0.991
211.606 0.998
212.585 0.979
213.515 0.93
214.402 0.887
215.315 0.913
216.311 0.996
217.269 0.958
218.145 0.876
219.014 0.869
219.877 0.863
220.757 0.88
221.619 0.862
222.455 0.836
223.316 0.861
224.201 0.885
225.058 0.857
225.915 0.857
226.822 0.907
227.756 0.934
228.61 0.854
229.388 0.778
230.176 0.788
230.962 0.786
231.778 0.816
232.591 0.813
233.402 0.811
234.266 0.864
235.208 0.942
236.202 0.994
237.185 0.983
238.115 0.93
239.001 0.886
239.925 0.924
240.893 0.968
241.879 0.986
242.867 0.988
243.833 0.966
244.732 0.899
245.573 0.841
246.411 0.838
247.325 0.914
248.365 1.04
249.401 1.036
250.44 1.039
251.428 0.988
252.323 0.895
253.157 0.834
253.992 0.835
254.912 0.92
255.992 1.08
257.06 1.068
258.098 1.038
259.114 1.016
260.148 1.034
261.153 1.005
262.085 0.932
262.98 0.895
263.914 0.934
264.904 0.99
265.887 0.983
266.829 0.942
267.824 0.995
268.824 1.0
269.781 0.957
270.694 0.913
271.597 0.903
272.564 0.967
273.617 1.053
274.665 1.048
275.678 1.013
276.661 0.983
277.598 0.937
278.498 0.9
279.389 0.891
280.34 0.951
281.439 1.099
282.584 1.145
283.698 1.114
284.77 1.072
285.789 1.019
286.722 0.933
287.604 0.882
288.517 0.913
289.549 1.032
290.62 1.071
291.688 1.068
292.717 1.029
293.715 0.998
294.641 0.926
295.507 0.866
296.403 0.896
297.389 0.986
298.458 1.069
299.533 1.075
300.562 1.029
301.533 0.971
302.463 0.93
303.413 0.95
304.418 1.005
305.429 1.011
306.447 1.018
307.461 1.014
308.389 0.928
309.258 0.869
310.151 0.893
311.087 0.936
312.08 0.993
313.056 0.976
314.013 0.957
315.003 0.99
316.008 1.005
316.971 0.963
317.864 0.893
318.757 0.893
319.684 0.927
320.648 0.964
321.635 0.987
322.568 0.933
323.483 0.915
324.434 0.951
325.427 0.993
326.415 0.988
327.413 0.998
328.359 0.946
329.249 0.89
330.121 0.872
331.06 0.939
332.135 1.075
333.25 1.115
334.337 1.087
335.339 1.002
336.299 0.96
337.186 0.887
338.037 0.851
338.941 0.904
339.876 0.935
340.82 0.944
341.747 0.927
342.625 0.878
343.468 0.843
344.321 0.853
345.243 0.922
346.205 0.962
347.167 0.962
348.106 0.939
348.993 0.887
349.816 0.823
350.635 0.819
351.506 0.871
352.439 0.933
353.419 0.98
354.384 0.965
355.287 0.903
356.196 0.909
357.134 0.938
358.058 0.924
358.931 0.873
359.78 0.849
360.648 0.868
361.605 0.957
362.642 1.037
363.659 1.017
364.623 0.964
365.629 1.006
366.632 1.003
367.607 0.975
368.513 0.906
369.369 0.856
370.268 0.899
371.207 0.939
372.194 0.987
373.15 0.956
374.065 0.915
374.999 0.934
375.944 0.945
376.91 0.966
377.877 0.967
378.818 0.941
379.74 0.922
380.705 0.965
381.752 1.047
382.844 1.092
383.909 1.065
384.892 0.983
385.854 0.962
386.818 0.964
387.786 0.968
388.749 0.963
389.666 0.917
390.647 0.981
391.647 1.0
392.628 0.981
393.537 0.909
394.477 0.94
395.424 0.947
396.383 0.959
397.414 1.031
398.437 1.023
399.389 0.952
400.34 0.951
401.391 1.051
402.483 1.092
403.561 1.078
404.572 1.011
405.507 0.935
406.387 0.88
407.253 0.866
408.207 0.954
409.255 1.048
410.337 1.082
411.374 1.037
412.341 0.967
413.248 0.907
414.192 0.944
415.211 1.019
416.245 1.034
417.257 1.012
418.226 0.969
419.183 0.957
420.184 1.001
421.2 1.016
422.22 1.02
423.189 0.969
424.092 0.903
424.946 0.854
425.858 0.912
426.857 0.999
427.898 1.041
428.945 1.047
429.947 1.002
430.857 0.91
431.752 0.895
432.661 0.909
433.576 0.915
434.466 0.89
435.319 0.853
436.218 0.899
437.153 0.935
438.097 0.944
439.009 0.912
439.898 0.889
440.819 0.921
441.755 0.936
442.685 0.93
443.585 0.9
444.46 0.875
445.385 0.925
446.412 1.027
447.46 1.048
448.528 1.068
449.534 1.006
450.47 0.936
451.415 0.945
452.435 1.02
453.477 1.042
454.581 1.104
455.656 1.075
456.682 1.026
457.63 0.948
458.507 0.877
459.382 0.875
460.406 1.024
461.504 1.098
462.582 1.078
463.592 1.01
464.547 0.955
465.539 0.992
466.541 1.002
467.526 0.985
468.465 0.939
469.341 0.876
470.205 0.864
471.123 0.918
472.162 1.039
473.247 1.085
474.282 1.035
475.264 0.982
476.234 0.97
477.288 1.054
478.357 1.069
479.446 1.089
480.513 1.067
481.513 1.0
482.491 0.978
483.519 1.028
484.562 1.043
485.605 1.043
486.567 0.962
487.575 1.008
488.601 1.026
489.614 1.013
490.547 0.933
491.546 0.999
492.597 1.051
493.65 1.053
494.628 0.978
495.633 1.005
496.688 1.055
497.726 1.038
498.685 0.959
499.721 1.036
500.809 1.088
501.877 1.068
502.85 0.973
503.873 1.023
504.911 1.038
505.97 1.059
506.93 0.96
507.974 1.044
509.1 1.126
510.239 1.139
511.27 1.031
512.317 1.047
513.365 1.048
514.389 1.024
515.361 0.972
516.366 1.005
517.425 1.059
518.498 1.073
519.503 1.005
520.451 0.948
521.412 0.961
522.372 0.96
523.295 0.923
524.227 0.932
525.25 1.023
526.364 1.114
527.426 1.062
528.473 1.047
529.475 1.002
530.413 0.938
531.389 0.976
532.568 1.179
533.727 1.159
534.797 1.07
535.764 0.967
536.703 0.939
537.686 0.983
538.751 1.065
539.822 1.071
540.828 1.006
541.733 0.905
542.657 0.924
543.636 0.979
544.686 1.05
545.671 0.985
546.565 0.894
547.474 0.909
548.387 0.913
549.309 0.922
550.174 0.865
551.065 0.891
552.0 0.935
552.972 0.972
553.925 0.953
554.808 0.883
555.667 0.859
556.579 0.912
557.508 0.929
558.466 0.958
559.388 0.922
560.25 0.862
561.113 0.863
562.067 0.954
563.082 1.015
564.119 1.037
565.069 0.95
566.036 0.967
567.029 0.993
568.042 1.013
569.026 0.984
569.945 0.919
570.808 0.863
571.726 0.918
572.752 1.026
573.821 1.069
574.86 1.039
575.833 0.973
576.746 0.913
577.686 0.94
578.669 0.983
579.708 1.039
580.697 0.989
581.62 0.923
582.545 0.925
583.539 0.994
584.604 1.065
585.654 1.05
586.62 0.966
587.51 0.89
588.389 0.879
589.311 0.922
590.365 1.054
591.465 1.1
592.489 1.024
593.415 0.926
594.245 0.83
595.036 0.791
595.869 0.833
596.772 0.903
597.757 0.985
598.739 0.982
599.726 0.987
600.68 0.954
601.575 0.895
602.449 0.874
603.351 0.902
604.371 1.02
605.473 1.102
606.587 1.114
607.65 1.063
608.6 0.95
609.482 0.882
610.348 0.866
611.298 0.95
612.342 1.044
613.416 1.074
614.462 1.046
615.48 1.018
616.429 0.949
617.31 0.881
618.176 0.866
619.095 0.919
620.133 1.038
621.218 1.085
622.294 1.076
623.299 1.005
624.225 0.926
625.086 0.861
625.959 0.873
626.909 0.95
627.948 1.039
628.968 1.02
629.914 0.946
630.87 0.956
631.841 0.971
632.814 0.973
633.737 0.923
634.609 0.872
635.479 0.87
636.435 0.956
637.443 1.008
638.447 1.004
639.398 0.951
640.332 0.934
641.287 0.955
642.266 0.979
643.229 0.963
644.127 0.898
644.985 0.858
645.873 0.888
646.845 0.972
647.899 1.054
648.938 1.039
649.898 0.96
650.86 0.962
651.832 0.972
652.795 0.963
653.711 0.916
654.595 0.884
655.483 0.888
656.439 0.956
657.429 0.99
658.437 1.008
659.397 0.96
660.324 0.927
661.286 0.962
662.263 0.977
663.148 0.885
663.979 0.831
664.799 0.82
665.82 1.021
666.972 1.152
668.157 1.185
669.31 1.153
670.39 1.08
671.44 1.05
672.453 1.013
673.432 0.979
674.351 0.919
675.219 0.868
676.108 0.889
677.128 1.02
678.215 1.087
679.287 1.072
680.332 1.045
681.303 0.971
682.238 0.935
683.198 0.96
684.178 0.98
685.142 0.964
686.061 0.919