0.000 8.742
8.742 8.742
8.999 0.257
9.536 0.537
10.185 0.649
13.955 3.77
14.802 0.847
15.581 0.779
16.361 0.78
16.612 0.251
16.867 0.255
17.171 0.304
17.608 0.437
17.867 0.259
23.999 6.132
24.991 0.992
26.049 1.058
27.111 1.062
27.397 0.286
27.668 0.271
27.946 0.278
28.2 0.254
28.503 0.303
28.795 0.292
29.063 0.268
29.381 0.318
29.733 0.352
34.059 4.326
34.333 0.274
34.594 0.261
34.969 0.375
35.327 0.358
35.606 0.279
45.534 1.535
46.979 1.445
48.151 1.172
49.229 1.078
50.465 1.236
51.858 1.393
53.266 1.408
54.517 1.251
55.88 1.363
57.353 1.473
58.685 1.332
59.821 1.136
60.372 0.551
61.33 0.958
62.781 1.451
64.18 1.399
65.478 1.298
66.659 1.181
68.27 1.611
69.788 1.518
71.202 1.414
72.42 1.218
73.712 1.292
75.015 1.303
76.308 1.293
77.574 1.266
78.761 1.187
79.039 0.278
79.301 0.262
79.573 0.272
79.91 0.337
83.575 3.665
84.73 1.155
86.178 1.448
87.619 1.441
88.9 1.281
90.071 1.171
91.075 1.004
92.144 1.069
93.368 1.224
94.664 1.296
95.83 1.166
97.318 1.488
98.769 1.451
100.084 1.315
101.294 1.21
102.608 1.314
103.938 1.33
105.26 1.322
106.402 1.142
107.538 1.136
108.84 1.302
110.141 1.301
111.38 1.239
112.613 1.233
113.87 1.257
115.092 1.222
116.243 1.151
117.518 1.275
118.81 1.292
120.019 1.209
121.19 1.171
122.284 1.094
123.513 1.229
124.722 1.209
125.769 1.047
126.848 1.079
127.952 1.104
128.954 1.002
129.982 1.028
131.19 1.208
132.433 1.243
133.584 1.151
134.662 1.078
135.849 1.187
136.947 1.098
138.026 1.079
139.224 1.198
140.525 1.301
141.843 1.318
143.106 1.263
144.244 1.138
145.382 1.138
146.629 1.247
147.937 1.308
149.237 1.3
150.529 1.292
151.678 1.149
152.872 1.194
154.186 1.314
155.55 1.364
156.883 1.333
158.201 1.318
159.575 1.374
160.905 1.33
162.21 1.305
163.569 1.359
164.927 1.358
166.122 1.195
167.355 1.233
168.639 1.284
169.895 1.256
170.985 1.09
172.086 1.101
173.131 1.045
174.199 1.068
175.688 1.489
176.171 0.483
176.555 0.384
176.834 0.279
177.901 1.067
179.42 1.519
180.751 1.331
181.888 1.137
183.15 1.262
184.471 1.321
185.607 1.136
186.644 1.037
187.687 1.043
189.204 1.517
190.562 1.358
191.848 1.286
193.198 1.35
194.452 1.254
195.775 1.323
197.184 1.409
198.585 1.401
199.892 1.307
200.601 0.709
201.069 0.468
202.263 1.194
203.665 1.402
205.119 1.454
206.485 1.366
207.877 1.392
209.17 1.293
210.561 1.391
211.924 1.363
213.265 1.341
214.413 1.148
215.808 1.395
217.16 1.352
218.312 1.152
219.851 1.539
221.229 1.378
222.357 1.128
223.404 1.047
224.868 1.464
226.175 1.307
227.313 1.138
228.411 1.098
229.463 1.052
231.031 1.568
232.503 1.472
233.789 1.286
234.931 1.142
236.233 1.302
237.536 1.303
238.778 1.242
239.867 1.089
240.931 1.064
241.986 1.055
243.414 1.428
244.701 1.287
245.894 1.193
246.968 1.074
248.05 1.082
249.411 1.361
250.701 1.29
251.84 1.139
252.883 1.043
253.932 1.049
254.993 1.061
256.421 1.428
257.456 1.035
258.511 1.055
259.56 1.049
261.025 1.465
262.327 1.302
263.559 1.232
264.704 1.145
265.741 1.037
266.749 1.008
267.816 1.067
269.03 1.214
270.302 1.272
271.574 1.272
272.835 1.261
274.08 1.245
275.34 1.26
276.609 1.269
277.714 1.105
278.693 0.979
279.833 1.14
280.866 1.033
281.893 1.027
282.902 1.009
283.912 1.01
284.904 0.992
285.899 0.995
286.903 1.004
287.915 1.012
288.934 1.019
289.969 1.035
291.431 1.462
292.703 1.272
293.821 1.118
294.88 1.059
295.95 1.07
297.379 1.429
298.66 1.281
299.904 1.244
301.126 1.222
302.301 1.175
303.34 1.039
304.452 1.112
305.873 1.421
307.147 1.274
308.282 1.135
309.35 1.068
310.851 1.501
312.171 1.32
313.369 1.198
314.551 1.182
315.791 1.24
317.034 1.243
318.256 1.222
319.374 1.118
320.836 1.462
322.183 1.347
323.383 1.2
324.437 1.054
325.53 1.093
326.749 1.219
327.982 1.233
329.113 1.131
330.181 1.068
331.474 1.293
332.736 1.262
333.865 1.129
334.931 1.066
335.992 1.061
337.418 1.426
338.655 1.237
339.739 1.084
340.791 1.052
341.843 1.052
342.903 1.06
343.959 1.056
345.008 1.049
346.07 1.062
347.508 1.438
348.686 1.178
349.724 1.038
350.757 1.033
351.794 1.037
352.829 1.035
353.848 1.019
354.872 1.024
355.884 1.012
356.9 1.016
357.938 1.038
359.378 1.44
360.669 1.291
361.809 1.14
362.893 1.084
363.968 1.075
365.295 1.327
366.503 1.208
367.546 1.043
368.599 1.053
369.642 1.043
371.085 1.443
372.405 1.32
373.621 1.216
374.728 1.107
375.787 1.059
377.269 1.482
378.586 1.317
379.799 1.213
380.897 1.098
381.945 1.048
383.385 1.44
384.704 1.319
385.907 1.203
387.001 1.094
388.06 1.059
389.588 1.528
390.952 1.364
392.146 1.194
393.212 1.066
394.274 1.062
395.337 1.063
396.848 1.511
398.197 1.349
399.427 1.23
400.71 1.283
402.044 1.334
403.384 1.34
404.529 1.145
405.845 1.316
407.201 1.356
408.479 1.278
409.684 1.205
410.74 1.056
411.807 1.067
412.872 1.065
414.294 1.422
415.577 1.283
416.671 1.094
417.728 1.057
418.764 1.036
419.808 1.044
421.32 1.512
422.583 1.263
423.708 1.125
424.748 1.04
425.789 1.041
426.838 1.049
427.891 1.053
428.925 1.034
429.97 1.045
431.011 1.041
432.043 1.032
433.073 1.03
434.095 1.022
435.1 1.005
436.121 1.021
437.15 1.029
438.171 1.021
439.183 1.012
440.206 1.023
441.245 1.039
442.298 1.053
443.338 1.04
444.366 1.028
445.406 1.04
446.448 1.042
447.498 1.05
448.552 1.054
449.609 1.057
450.649 1.04
451.689 1.04
452.74 1.051
453.841 1.101
454.913 1.072
456.373 1.46
457.69 1.317
458.813 1.123
459.882 1.069
461.331 1.449
462.589 1.258
463.697 1.108
464.759 1.062
465.8 1.041
466.823 1.023
467.845 1.022
468.884 1.039
469.931 1.047
470.963 1.032
472.008 1.045
473.571 1.563
474.949 1.378
476.104 1.155
477.147 1.043
478.197 1.05
479.697 1.5
481.049 1.352
482.345 1.296
483.477 1.132
484.857 1.38
486.222 1.365
487.514 1.292
488.651 1.137
490.156 1.505
491.54 1.384
492.841 1.301
494.064 1.223
495.183 1.119
496.653 1.47
497.787 1.134
498.797 1.01
499.824 1.027
500.855 1.031
501.875 1.02
502.881 1.006
503.893 1.012
504.911 1.018
505.93 1.019
506.953 1.023
507.968 1.015
508.98 1.012
510.006 1.026
511.034 1.028
512.077 1.043
513.131 1.054
514.171 1.04
515.205 1.034
516.251 1.046
517.316 1.065
518.708 1.392
519.855 1.147
520.903 1.048
521.948 1.045
522.998 1.05
524.051 1.053
525.087 1.036
526.109 1.022
527.145 1.036
528.194 1.049
529.255 1.061
530.3 1.045
531.333 1.033
532.351 1.018
533.376 1.025
534.414 1.038
535.466 1.052
536.521 1.055
537.585 1.064
539.013 1.428
540.027 1.014
541.1 1.073
542.168 1.068
543.643 1.475
544.691 1.048
545.774 1.083
546.827 1.053
547.898 1.071
549.311 1.413
550.333 1.022
551.404 1.071
552.467 1.063
553.518 1.051
554.564 1.046
555.636 1.072
557.176 1.54
558.459 1.283
559.579 1.12
560.629 1.05
561.695 1.066
562.771 1.076
564.259 1.488
565.407 1.148
566.45 1.043
567.506 1.056
568.582 1.076
570.177 1.595
571.585 1.408
572.833 1.248
573.969 1.136
575.26 1.291
576.563 1.303
577.832 1.269
579.061 1.229
580.149 1.088
581.231 1.082
582.341 1.11
583.925 1.584
585.331 1.406
586.635 1.304
587.953 1.318
589.266 1.313
590.498 1.232
591.577 1.079
592.709 1.132
594.217 1.508
595.5 1.283
596.544 1.044
597.641 1.097
598.682 1.041
599.726 1.044
600.805 1.079
602.248 1.443
603.371 1.123
604.42 1.049
605.456 1.036
606.499 1.043
607.555 1.056
608.976 1.421
610.258 1.282
611.506 1.248
612.592 1.086
613.678 1.086
614.735 1.057
616.147 1.412
617.36 1.213
618.402 1.042
619.373 0.971
620.328 0.955
621.426 1.098
622.454 1.028
623.481 1.027
624.511 1.03
625.522 1.011
626.535 1.013
627.552 1.017
628.575 1.023
629.603 1.028
630.636 1.033
631.671 1.035
632.684 1.013
633.685 1.001
634.694 1.009
635.707 1.013