0.000 1.12
6.24 1.12
7.207 0.967
8.315 1.108
9.422 1.107
10.576 1.154
11.689 1.113
12.719 1.03
13.704 0.985
14.904 1.2
16.134 1.23
17.224 1.09
18.162 0.938
19.103 0.941
20.132 1.029
21.411 1.279
22.6 1.189
23.632 1.032
24.558 0.926
25.546 0.988
26.627 1.081
27.698 1.071
28.69 0.992
29.583 0.893
30.521 0.938
31.308 0.787
32.047 0.739
32.846 0.799
33.661 0.815
34.536 0.875
35.678 1.142
36.859 1.181
37.996 1.137
39.046 1.05
40.015 0.969
40.987 0.972
41.867 0.88
43.041 1.174
44.198 1.157
45.363 1.165
46.43 1.067
47.568 1.138
48.463 0.895
49.318 0.855
50.298 0.98
51.451 1.153
52.515 1.064
53.709 1.194
54.727 1.018
55.612 0.885
56.422 0.81
57.228 0.806
58.51 1.282
59.712 1.202
60.791 1.079
61.961 1.17
63.04 1.079
63.961 0.921
64.758 0.797
65.561 0.803
66.511 0.95
67.669 1.158
68.803 1.134
69.74 0.937
70.628 0.888
71.541 0.913
72.592 1.051
73.575 0.983
74.522 0.947
75.611 1.089
76.618 1.007
77.484 0.866
78.28 0.796
79.066 0.786
79.876 0.81
80.881 1.005
81.889 1.008
82.714 0.825
83.585 0.871
84.421 0.836
85.207 0.786
86.011 0.804
86.891 0.88
87.834 0.943
88.789 0.955
89.745 0.956
90.649 0.904
91.447 0.798
92.208 0.761
93.02 0.812
93.955 0.935
94.956 1.001
95.95 0.994
96.822 0.872
97.62 0.798
98.437 0.817
99.328 0.891
100.334 1.006
101.366 1.032
102.308 0.942
103.222 0.914
104.181 0.959
105.2 1.019
106.216 1.016
107.199 0.983
108.06 0.861
108.963 0.903
109.961 0.998
111.076 1.115
112.15 1.074
113.126 0.976
113.975 0.849
114.82 0.845
115.701 0.881
116.653 0.952
117.616 0.963
118.566 0.95
119.42 0.854
120.243 0.823
121.111 0.868
122.097 0.986
123.084 0.987
124.022 0.938
124.849 0.827
125.661 0.812
126.529 0.868
127.498 0.969
128.413 0.915
129.303 0.89
130.112 0.809
130.905 0.793
131.726 0.821
132.582 0.856
133.438 0.856
134.211 0.773
134.955 0.744
135.739 0.784
136.522 0.783
137.288 0.766
138.113 0.825
139.027 0.914
139.999 0.972
140.942 0.943
141.856 0.914
142.683 0.827
143.469 0.786
144.302 0.833
145.264 0.962
146.264 1.0
147.258 0.994
148.186 0.928
149.008 0.822
149.848 0.84
150.761 0.913
151.786 1.025
152.826 1.04
153.803 0.977
154.772 0.969
155.742 0.97
156.722 0.98
157.628 0.906
158.557 0.929
159.543 0.986
160.586 1.043
161.264 0.678
161.535 0.271
162.107 0.572
162.456 0.349
162.983 0.527
163.322 0.339
163.884 0.562
164.319 0.435
164.703 0.384
165.405 0.702
166.443 1.038
167.399 0.956
168.289 0.89
169.067 0.778
169.851 0.784
170.759 0.908
171.71 0.951
172.586 0.876
172.863 0.277
173.727 0.864
174.496 0.769
175.24 0.744
175.968 0.728
176.686 0.718
177.394 0.708
178.119 0.725
178.869 0.75
179.682 0.813
180.486 0.804
181.255 0.769
182.014 0.759
182.802 0.788
183.615 0.813
184.443 0.828
185.224 0.781
186.012 0.788
186.91 0.898
187.88 0.97
188.767 0.887
189.549 0.782
190.292 0.743
191.036 0.744
191.809 0.773
192.629 0.82
193.375 0.746
194.177 0.802
195.206 1.029
196.15 0.944
197.052 0.902
197.984 0.932
198.964 0.98
199.927 0.963
200.763 0.836
201.55 0.787
202.38 0.83
203.427 1.047
204.49 1.063
205.609 1.119
206.613 1.004
207.451 0.838
208.28 0.829
209.21 0.93
210.205 0.995
211.269 1.064
212.121 0.852
212.93 0.809
213.84 0.91
214.949 1.109
216.099 1.15
217.049 0.95
217.855 0.806
218.615 0.76
219.41 0.795
220.551 1.141
221.618 1.067
222.748 1.13
223.848 1.1
224.888 1.04
225.917 1.029
226.891 0.974
227.828 0.937
228.697 0.869
229.549 0.852
230.542 0.993
231.62 1.078
232.556 0.936
233.418 0.862
234.379 0.961
235.403 1.024
236.455 1.052
237.565 1.11
238.54 0.975
239.379 0.839
240.172 0.793
241.066 0.894
242.087 1.021
243.279 1.192
244.29 1.011
245.215 0.925
246.137 0.922
247.045 0.908
247.996 0.951
248.908 0.912
249.762 0.854
250.547 0.785
251.339 0.792
252.222 0.883
253.252 1.03
254.301 1.049
255.191 0.89
256.032 0.841
256.93 0.898
257.929 0.999
258.964 1.035
259.924 0.96
260.761 0.837
261.573 0.812
262.458 0.885
263.454 0.996
264.528 1.074
265.486 0.958
266.318 0.832
267.15 0.832
268.108 0.958
269.088 0.98
270.214 1.126
271.174 0.96
272.058 0.884
272.941 0.883
273.888 0.947
274.776 0.888
275.582 0.806
276.383 0.801
277.14 0.757
277.882 0.742
278.747 0.865
279.679 0.932
280.523 0.844
281.335 0.812
282.175 0.84
283.104 0.929
284.063 0.959
285.096 1.033
286.038 0.942
286.869 0.831
287.661 0.792
288.479 0.818
289.491 1.012
290.618 1.127
291.756 1.138
292.758 1.002
293.7 0.942
294.636 0.936
295.589 0.953
296.571 0.982
297.593 1.022
298.542 0.949
299.392 0.85
300.213 0.821
301.15 0.937
302.174 1.024
303.317 1.143
304.419 1.102
305.343 0.924
306.13 0.787
306.881 0.751
307.709 0.828
308.86 1.151
309.961 1.101
310.946 0.985
311.987 1.041
312.949 0.962
313.836 0.887
314.653 0.817
315.422 0.769
316.179 0.757
316.988 0.809
317.959 0.971
318.87 0.911
319.721 0.851
320.626 0.905
321.449 0.823
322.211 0.762
322.938 0.727
323.656 0.718
324.424 0.768
325.275 0.851
326.079 0.804
326.853 0.774
327.631 0.778
328.469 0.838
329.369 0.9
330.301 0.932
331.212 0.911
332.094 0.882
332.911 0.817
333.702 0.791
334.533 0.831
335.447 0.914
336.417 0.97
337.381 0.964
338.232 0.851
339.042 0.81
339.929 0.887
340.878 0.949
341.843 0.965
342.768 0.925
343.608 0.84
344.423 0.815
345.306 0.883
346.355 1.049
347.425 1.07
348.368 0.943
349.219 0.851
350.104 0.885
351.192 1.088
352.183 0.991
353.055 0.872
353.954 0.899
354.917 0.963
356.004 1.087
357.117 1.113
358.196 1.079
359.226 1.03
360.173 0.947
361.036 0.863
361.923 0.887
362.904 0.981
363.915 1.011
364.988 1.073
365.893 0.905
366.759 0.866
367.676 0.917
368.653 0.977
369.564 0.911
370.384 0.82
371.191 0.807
372.133 0.942
373.148 1.015
374.265 1.117
375.255 0.99
376.111 0.856
376.958 0.847
377.821 0.863
378.638 0.817
379.4 0.762
380.132 0.732
380.844 0.712
381.579 0.735
382.48 0.901
383.376 0.896
384.188 0.812
384.955 0.767
385.725 0.77
386.52 0.795
387.361 0.841
388.215 0.854
389.013 0.798
389.814 0.801
390.663 0.849
391.601 0.938
392.589 0.988
393.403 0.814
394.11 0.707
394.809 0.699
395.182 0.373
395.558 0.376
396.141 0.583
397.188 1.047
398.163 0.975
398.999 0.836
399.78 0.781
400.557 0.777
401.439 0.882
402.481 1.042
403.647 1.166
404.665 1.018
405.563 0.898
406.394 0.831
407.274 0.88
408.089 0.815
408.813 0.724
409.533 0.72
410.323 0.79
411.041 0.718
411.325 0.284
411.704 0.379
412.122 0.418
412.879 0.757
413.616 0.737
414.328 0.712
415.024 0.696
415.705 0.681
416.361 0.656
417.043 0.682
417.656 0.613
418.289 0.633
418.973 0.684
419.697 0.724
420.182 0.485
421.119 0.937
421.846 0.727
422.15 0.304
422.556 0.406
423.078 0.522
423.876 0.798
424.55 0.674
424.919 0.369
425.282 0.363
425.797 0.515
426.569 0.772
427.32 0.751
428.077 0.757
428.89 0.813
429.622 0.732
430.346 0.724
431.072 0.726
431.348 0.276
431.807 0.459
432.134 0.327
432.515 0.381
432.9 0.385
433.227 0.327
433.647 0.42
433.943 0.296
434.388 0.445
435.115 0.727
435.814 0.699
436.5 0.686
437.099 0.599
437.731 0.632
438.315 0.584
438.6 0.285
438.904 0.304
439.401 0.497
440.189 0.788
440.985 0.796
441.787 0.802
442.525 0.738
442.874 0.349
443.299 0.425
443.752 0.453
444.13 0.378
444.555 0.425
444.984 0.429
445.322 0.338
445.728 0.406
446.091 0.363
446.454 0.363
446.901 0.447
447.214 0.313
447.789 0.575
448.721 0.932
449.61 0.889
450.404 0.794
451.257 0.853
452.045 0.788
452.855 0.81
453.771 0.916
454.721 0.95
455.632 0.911
455.91 0.278
456.368 0.458
456.85 0.482
457.701 0.851
458.498 0.797
459.317 0.819
460.138 0.821
461.02 0.882
461.942 0.922
462.767 0.825
463.507 0.74
464.289 0.782
465.133 0.844
465.428 0.295
465.841 0.413
466.415 0.574
467.221 0.806
467.915 0.694
468.254 0.339
468.677 0.423
469.142 0.465
469.599 0.457
470.07 0.471
470.448 0.378
471.022 0.574
471.938 0.916
472.777 0.839
473.71 0.933
474.539 0.829
475.397 0.858
476.275 0.878
477.045 0.77
477.915 0.87
478.908 0.993
479.769 0.861
480.589 0.82
481.377 0.788
482.235 0.858
482.586 0.351
483.199 0.613
483.552 0.353
484.183 0.631
485.148 0.965
485.97 0.822
486.72 0.75
487.024 0.304
487.452 0.428
487.86 0.408
488.167 0.307
488.603 0.436
488.932 0.329
489.418 0.486
490.177 0.759
490.857 0.68
491.546 0.689
491.808 0.262
492.312 0.504
492.616 0.304
493.175 0.559
494.042 0.867
494.877 0.835
495.715 0.838
496.531 0.816
497.351 0.82
498.152 0.801
498.912 0.76
499.974 1.062
500.86 0.886
501.689 0.829
502.119 0.43
502.467 0.348
503.099 0.632
503.916 0.817
504.674 0.758
505.391 0.717
505.996 0.605
506.428 0.432
506.699 0.271
506.982 0.283
507.74 0.758
508.028 0.288
508.386 0.358
512.15 3.764
514.035 1.885
514.948 0.913
515.439 0.491
516.207 0.768
517.029 0.822
517.877 0.848
518.747 0.87
519.624 0.877
520.532 0.908
521.397 0.865
522.17 0.773
522.923 0.753
523.696 0.773
524.553 0.857
525.51 0.957
526.408 0.898
527.223 0.815
528.108 0.885
529.029 0.921
530.03 1.001
531.03 1.0
531.972 0.942
532.813 0.841
533.629 0.816
534.421 0.792
535.224 0.803
535.98 0.756
536.706 0.726
537.406 0.7
537.746 0.34
538.078 0.332
538.543 0.465
539.443 0.9
540.259 0.816
541.012 0.753
541.89 0.878
542.698 0.808
543.693 0.995
544.726 1.033
545.73 1.004
546.704 0.974
547.621 0.917
548.505 0.884
549.36 0.855
550.146 0.786
551.07 0.924
552.059 0.989
552.997 0.938
553.965 0.968
554.864 0.899
555.745 0.881
556.56 0.815
557.33 0.77
557.65 0.32
558.143 0.493
558.574 0.431
558.979 0.405
559.409 0.43
559.762 0.353
560.231 0.469
560.484 0.253
561.126 0.642
561.87 0.744
562.627 0.757
562.892 0.265
563.474 0.582
563.793 0.319
564.516 0.723
565.359 0.843
566.119 0.76
567.0 0.881
567.84 0.84
568.134 0.294
568.634 0.5
569.007 0.373
569.471 0.464
569.852 0.381
570.372 0.52
571.204 0.832
571.969 0.765
572.722 0.753
573.478 0.756
574.152 0.674
574.799 0.647
575.508 0.709
576.332 0.824
577.162 0.83
577.987 0.825
578.781 0.794
579.517 0.736
580.249 0.732
580.971 0.722
581.601 0.63
582.395 0.794
583.108 0.713
583.826 0.718
584.538 0.712
584.895 0.357
585.266 0.371
585.894 0.628
586.798 0.904
587.606 0.808
588.406 0.8
589.16 0.754
589.41 0.25
589.925 0.515
590.259 0.334
590.848 0.589