0.000 1.161
1.161 1.161
2.027 0.866
2.96 0.933
11.197 1.198
12.123 0.926
13.009 0.886
13.912 0.903
14.74 0.828
15.944 1.204
16.995 1.051
18.146 1.151
19.035 0.889
19.841 0.806
20.699 0.858
21.706 1.007
22.685 0.979
23.699 1.014
24.661 0.962
25.604 0.943
26.481 0.877
27.322 0.841
28.103 0.781
28.9 0.797
29.754 0.854
31.164 1.41
32.263 1.099
33.185 0.922
34.109 0.924
34.984 0.875
35.89 0.906
36.932 1.042
38.075 1.143
39.124 1.049
40.207 1.083
41.179 0.972
42.193 1.014
43.153 0.96
44.204 1.051
45.38 1.176
46.489 1.109
47.622 1.133
48.701 1.079
49.782 1.081
50.88 1.098
51.824 0.944
52.66 0.836
53.514 0.854
54.896 1.382
56.08 1.184
57.336 1.256
58.5 1.164
59.451 0.951
60.471 1.02
61.484 1.013
62.353 0.869
63.352 0.999
64.247 0.895
65.06 0.813
66.013 0.953
67.262 1.249
68.316 1.054
69.165 0.849
70.192 1.027
71.451 1.259
72.61 1.159
73.529 0.919
74.59 1.061
75.908 1.318
77.031 1.123
77.903 0.872
78.917 1.014
80.375 1.458
81.753 1.378
83.028 1.275
84.13 1.102
85.021 0.891
85.897 0.876
86.999 1.102
88.154 1.155
89.452 1.298
90.468 1.016
91.541 1.073
92.495 0.954
93.47 0.975
94.592 1.122
95.927 1.335
97.191 1.264
98.305 1.114
99.413 1.108
100.732 1.319
101.921 1.189
102.914 0.993
104.249 1.335
105.317 1.068
106.49 1.173
107.748 1.258
108.763 1.015
110.004 1.241
111.26 1.256
112.274 1.014
113.273 0.999
114.71 1.437
116.029 1.319
117.102 1.073
118.196 1.094
119.505 1.309
120.689 1.184
121.666 0.977
122.807 1.141
124.109 1.302
125.344 1.235
126.484 1.14
127.44 0.956
128.606 1.166
129.962 1.356
131.228 1.266
132.235 1.007
133.33 1.095
134.482 1.152
135.504 1.022
136.736 1.232
137.938 1.202
139.099 1.161
140.311 1.212
141.443 1.132
142.502 1.059
143.604 1.102
144.735 1.131
145.753 1.018
146.76 1.007
148.037 1.277
149.267 1.23
150.554 1.287
151.766 1.212
152.819 1.053
153.855 1.036
154.958 1.103
155.917 0.959
156.78 0.863
157.604 0.824
158.54 0.936
159.529 0.989
160.627 1.098
161.678 1.051
162.58 0.902
163.395 0.815
164.253 0.858
165.339 1.086
166.688 1.349
167.866 1.178
168.841 0.975
169.863 1.022
170.918 1.055
171.928 1.01
172.895 0.967
173.954 1.059
175.103 1.149
176.168 1.065
177.298 1.13
178.502 1.204
179.558 1.056
180.631 1.073
181.963 1.332
183.181 1.218
184.111 0.93
185.289 1.178
186.83 1.541
188.236 1.406
189.439 1.203
190.646 1.207
192.035 1.389
193.451 1.416
194.73 1.279
195.835 1.105
197.23 1.395
198.619 1.389
199.908 1.289
201.229 1.321
202.287 1.058
203.578 1.291
205.039 1.461
206.408 1.369
207.581 1.173
208.595 1.014
209.719 1.124
211.141 1.422
212.441 1.3
213.571 1.13
214.567 0.996
215.496 0.929
216.429 0.933
217.457 1.028
218.637 1.18
219.665 1.028
220.756 1.091
221.884 1.128
223.003 1.119
224.026 1.023
224.887 0.861
225.881 0.994
227.308 1.427
228.546 1.238
229.625 1.079
230.568 0.943
231.527 0.959
232.584 1.057
233.718 1.134
234.728 1.01
235.812 1.084
236.965 1.153
237.987 1.022
239.101 1.114
240.322 1.221
241.488 1.166
242.507 1.019
243.407 0.9
244.253 0.846
245.203 0.95
246.168 0.965
247.051 0.883
247.981 0.93
249.133 1.152
250.379 1.246
251.446 1.067
252.584 1.138
253.705 1.121
254.641 0.936
255.564 0.923
256.512 0.948
257.638 1.126
258.839 1.201
260.048 1.209
261.234 1.186
262.335 1.101
263.36 1.025
264.465 1.105
265.669 1.204
266.738 1.069
267.868 1.13
269.009 1.141
270.035 1.026
271.047 1.012
272.118 1.071
273.201 1.083
274.432 1.231
275.553 1.121
276.572 1.019
277.742 1.17
278.918 1.176
279.927 1.009
281.082 1.155
282.282 1.2
283.3 1.018
284.319 1.019
285.486 1.167
286.693 1.207
287.739 1.046
288.877 1.138
290.061 1.184
291.07 1.009
292.116 1.046
293.29 1.174
294.346 1.056
295.333 0.987
296.388 1.055
297.495 1.107
298.525 1.03
299.569 1.044
300.651 1.082
301.654 1.003
302.746 1.092
303.874 1.128
304.908 1.034
305.938 1.03
307.037 1.099
308.076 1.039
309.121 1.045
310.145 1.024
311.112 0.967
312.161 1.049
313.242 1.081
314.203 0.961
315.079 0.876
315.916 0.837
316.893 0.977
317.93 1.037
318.92 0.99
319.981 1.061
321.05 1.069
322.075 1.025
323.107 1.032
324.091 0.984
325.045 0.954
326.136 1.091
327.208 1.072
328.249 1.041
329.342 1.093
330.465 1.123
331.484 1.019
332.556 1.072
333.674 1.118
334.856 1.182
335.903 1.047
336.962 1.059
338.076 1.114
339.179 1.103
340.165 0.986
341.113 0.948
342.03 0.917
342.919 0.889
343.986 1.067
345.025 1.039
346.108 1.083
347.092 0.984
348.12 1.028
349.197 1.077
350.276 1.079
351.316 1.04
352.437 1.121
353.497 1.06
354.457 0.96
355.416 0.959
356.34 0.924
357.379 1.039
358.366 0.987
359.363 0.997
360.551 1.188
361.861 1.31
362.912 1.051
363.928 1.016
365.002 1.074
366.069 1.067
367.067 0.998
367.96 0.893
368.921 0.961
369.943 1.022
371.023 1.08
372.041 1.018
373.059 1.018
374.086 1.027
375.003 0.917
375.869 0.866
376.761 0.892
377.66 0.899
378.702 1.042
379.95 1.248
381.043 1.093
381.945 0.902
382.88 0.935
383.986 1.106
385.167 1.181
386.231 1.064
387.185 0.954
388.223 1.038
389.344 1.121
390.481 1.137
391.52 1.039
392.48 0.96
393.552 1.072
394.737 1.185
395.848 1.111
396.831 0.983
397.885 1.054
398.986 1.101
400.036 1.05
400.918 0.882
401.849 0.931
402.781 0.932
403.804 1.023
404.959 1.155
405.998 1.039
406.929 0.931
407.975 1.046
409.129 1.154
410.225 1.096
411.191 0.966
412.249 1.058
413.407 1.158
414.616 1.209
415.739 1.123
416.876 1.137
418.053 1.177
419.166 1.113
420.289 1.123
421.415 1.126
422.466 1.051
423.448 0.982
424.414 0.966
425.595 1.181
426.628 1.033
427.65 1.022
428.805 1.155
429.845 1.04
430.779 0.934
431.744 0.965
432.818 1.074
433.89 1.072
434.826 0.936
435.854 1.028
436.881 1.027
437.83 0.949
438.712 0.882
439.547 0.835
440.386 0.839
441.276 0.89
442.232 0.956
443.191 0.959
444.065 0.874
444.979 0.914
445.88 0.901
446.828 0.948
447.731 0.903
448.593 0.862
449.454 0.861
450.304 0.85
451.144 0.84
452.006 0.862
452.854 0.848
453.627 0.773
454.367 0.74
455.099 0.732
455.824 0.725
456.592 0.768
457.397 0.805
458.272 0.875
459.17 0.898
460.25 1.08
461.206 0.956
462.037 0.831
462.821 0.784
463.633 0.812
464.532 0.899
465.453 0.921
466.316 0.863
467.378 1.062
468.482 1.104
469.455 0.973
470.404 0.949
471.449 1.045
472.5 1.051
473.417 0.917
474.509 1.092
475.76 1.251
476.683 0.923
477.601 0.918
478.496 0.895
480.005 1.509
481.218 1.213
482.383 1.165
483.655 1.272
484.68 1.025
485.63 0.95
486.615 0.985
487.695 1.08
488.721 1.026
489.668 0.947
490.62 0.952
491.737 1.117
492.769 1.032
493.886 1.117
494.904 1.018
495.859 0.955
496.888 1.029
498.0 1.112
499.192 1.192
500.254 1.062
501.338 1.084
502.416 1.078
503.481 1.065
504.447 0.966
505.563 1.116
506.774 1.211
507.817 1.043
508.895 1.078
510.202 1.307
511.377 1.175
512.398 1.021
513.516 1.118
514.612 1.096
515.522 0.91
516.476 0.954
517.572 1.096
518.587 1.015
519.476 0.889
520.33 0.854
521.178 0.848
522.084 0.906
523.052 0.968
524.037 0.985
524.921 0.884
525.878 0.957
526.871 0.993
527.853 0.982
528.745 0.892
529.594 0.849
530.439 0.845
531.267 0.828
532.136 0.869
533.162 1.026
534.333 1.171
535.387 1.054
536.288 0.901
537.272 0.984
538.304 1.032
539.396 1.092
540.406 1.01
541.425 1.019
542.43 1.005
543.347 0.917
544.255 0.908
545.228 0.973
546.211 0.983
547.136 0.925
548.155 1.019
549.231 1.076
550.262 1.031
551.183 0.921
552.143 0.96
553.066 0.923
553.981 0.915
554.901 0.92
555.886 0.985
556.977 1.091
558.041 1.064
558.942 0.901
559.904 0.962
560.985 1.081
562.12 1.135
563.134 1.014
564.189 1.055
565.21 1.021
566.21 1.0
567.172 0.962
568.06 0.888
568.938 0.878
569.944 1.006
571.129 1.185
572.077 0.948
573.112 1.035
574.194 1.082
575.322 1.128
576.331 1.009
577.357 1.026
578.389 1.032
579.386 0.997
580.444 1.058
581.469 1.025
582.436 0.967
583.541 1.105
584.675 1.134
585.683 1.008
586.746 1.063
587.827 1.081
588.81 0.983
589.843 1.033
590.873 1.03
591.83 0.957
592.868 1.038
593.9 1.032
594.971 1.071
596.166 1.195
597.315 1.149
598.295 0.98
599.361 1.066
600.578 1.217
601.647 1.069
602.519 0.872
603.352 0.833
604.146 0.794
604.947 0.801
605.772 0.825
606.748 0.976
607.668 0.92
608.594 0.926
609.646 1.052
610.671 1.025
611.592 0.921
612.47 0.878
613.287 0.817
614.121 0.834
614.994 0.873
615.888 0.894
616.767 0.879
617.622 0.855
618.422 0.8
619.323 0.901
620.433 1.11
621.538 1.105
622.569 1.031
623.724 1.155
624.808 1.084
625.751 0.943
626.726 0.975
627.668 0.942
628.557 0.889
629.532 0.975