0.000 0.597
0.597 0.597
1.249 0.652
1.911 0.662
2.623 0.712
3.283 0.66
3.959 0.676
4.635 0.676
5.321 0.686
5.932 0.611
6.524 0.592
7.111 0.587
7.728 0.617
8.46 0.732
9.273 0.813
10.088 0.815
10.86 0.772
11.585 0.725
12.312 0.727
13.03 0.718
13.703 0.673
14.356 0.653
14.962 0.606
15.539 0.577
16.113 0.574
16.718 0.605
17.427 0.709
18.218 0.791
19.036 0.818
19.819 0.783
20.531 0.712
21.211 0.68
21.897 0.686
22.604 0.707
23.323 0.719
24.05 0.727
24.744 0.694
25.404 0.66
26.071 0.667
26.788 0.717
27.527 0.739
28.281 0.754
28.998 0.717
29.718 0.72
30.436 0.718
31.171 0.735
31.958 0.787
32.77 0.812
33.579 0.809
34.379 0.8
35.162 0.783
35.939 0.777
36.724 0.785
37.446 0.722
38.169 0.723
38.897 0.728
39.657 0.76
40.424 0.767
41.175 0.751
41.854 0.679
42.478 0.624
43.125 0.647
43.814 0.689
44.557 0.743
45.3 0.743
46.013 0.713
46.727 0.714
47.446 0.719
48.144 0.698
48.799 0.655
49.409 0.61
50.005 0.596
50.627 0.622
51.276 0.649
51.904 0.628
52.576 0.672
53.276 0.7
53.965 0.689
54.615 0.65
55.254 0.639
55.893 0.639
56.559 0.666
57.232 0.673
57.917 0.685
58.56 0.643
59.222 0.662
59.88 0.658
60.552 0.672
61.202 0.65
61.843 0.641
62.481 0.638
63.09 0.609
63.671 0.581
64.24 0.569
64.809 0.569
65.393 0.584
65.973 0.58
66.55 0.577
67.153 0.603
67.856 0.703
68.661 0.805
69.497 0.836
70.324 0.827
71.107 0.783
71.82 0.713
72.462 0.642
73.074 0.612
73.7 0.626
74.381 0.681
75.165 0.784
76.018 0.853
76.86 0.842
77.631 0.771
78.415 0.784
79.208 0.793
79.966 0.758
80.695 0.729
81.331 0.636
81.933 0.602
82.524 0.591
83.133 0.609
83.803 0.67
84.537 0.734
85.295 0.758
86.041 0.746
86.709 0.668
87.318 0.609
87.909 0.591
88.514 0.605
89.208 0.694
89.979 0.771
90.791 0.812
91.6 0.809
92.36 0.76
93.038 0.678
93.67 0.632
94.347 0.677
95.091 0.744
95.857 0.766
96.584 0.727
97.222 0.638
97.868 0.646
98.571 0.703
99.284 0.713
99.991 0.707
100.74 0.749
101.554 0.814
102.464 0.91
103.373 0.909
104.233 0.86
105.019 0.786
105.774 0.755
106.512 0.738
107.25 0.738
107.979 0.729
108.656 0.677
109.354 0.698
110.055 0.701
110.785 0.73
111.514 0.729
112.224 0.71
112.89 0.666
113.564 0.674
114.331 0.767
115.139 0.808
115.962 0.823
116.767 0.805
117.53 0.763
118.26 0.73
118.996 0.736
119.748 0.752
120.564 0.816
121.368 0.804
122.121 0.753
122.815 0.694
123.51 0.695
124.244 0.734
125.048 0.804
125.917 0.869
126.785 0.868
127.655 0.87
128.465 0.81
129.228 0.763
129.957 0.729
130.668 0.711
131.34 0.672
132.042 0.702
132.789 0.747
133.618 0.829
134.478 0.86
135.331 0.853
136.153 0.822
136.9 0.747
137.629 0.729
138.36 0.731
139.107 0.747
139.866 0.759
140.685 0.819
141.559 0.874
142.419 0.86
143.184 0.765
143.846 0.662
144.467 0.621
145.074 0.607
145.693 0.619
146.349 0.656
147.04 0.691
147.839 0.799
148.682 0.843
149.491 0.809
150.22 0.729
150.877 0.657
151.52 0.643
152.179 0.659
152.858 0.679
153.563 0.705
154.284 0.721
155.007 0.723
155.733 0.726
156.472 0.739
157.199 0.727
157.872 0.673
158.526 0.654
159.223 0.697
159.974 0.751
160.676 0.702
161.308 0.632
161.942 0.634
162.598 0.656
163.23 0.632
163.851 0.621
164.511 0.66
165.234 0.723
166.097 0.863
166.958 0.861
167.808 0.85
168.579 0.771
169.279 0.7
169.964 0.685
170.642 0.678
171.347 0.705
172.07 0.723
172.788 0.718
173.48 0.692
174.155 0.675
174.848 0.693
175.555 0.707
176.388 0.833
177.245 0.857
178.101 0.856
178.916 0.815
179.685 0.769
180.439 0.754
181.192 0.753
181.95 0.758
182.721 0.771
183.486 0.765
184.253 0.767
185.025 0.772
185.782 0.757
186.562 0.78
187.348 0.786
188.154 0.806
188.922 0.768
189.632 0.71
190.295 0.663
190.977 0.682
191.709 0.732
192.516 0.807
193.372 0.856
194.253 0.881
195.061 0.808
195.826 0.765
196.593 0.767
197.351 0.758
198.126 0.775
198.897 0.771
199.619 0.722
200.279 0.66
200.923 0.644
201.574 0.651
202.267 0.693
203.005 0.738
203.785 0.78
204.55 0.765
205.259 0.709
205.967 0.708
206.669 0.702
207.424 0.755
208.191 0.767
209.002 0.811
209.786 0.784
210.615 0.829
211.432 0.817
212.171 0.739
212.852 0.681
213.519 0.667
214.223 0.704
215.033 0.81
215.971 0.938
216.903 0.932
217.815 0.912
218.686 0.871
219.547 0.861
220.345 0.798
221.077 0.732
221.738 0.661
222.37 0.632
223.012 0.642
223.731 0.719
224.521 0.79
225.326 0.805
226.07 0.744
226.75 0.68
227.365 0.615
227.991 0.626
228.613 0.622
229.265 0.652
229.956 0.691
230.656 0.7
231.372 0.716
232.064 0.692
232.72 0.656
233.369 0.649
234.02 0.651
234.668 0.648
235.327 0.659
235.968 0.641
236.597 0.629
237.199 0.602
237.819 0.62
238.457 0.638
239.088 0.631
239.802 0.714
240.514 0.712
241.205 0.691
241.857 0.652
242.506 0.649
243.196 0.69
243.916 0.72
244.669 0.753
245.435 0.766
246.198 0.763
246.899 0.701
247.587 0.688
248.274 0.687
248.945 0.671
249.643 0.698
250.369 0.726
251.083 0.714
251.799 0.716
252.505 0.706
253.184 0.679
253.856 0.672
254.566 0.71
255.302 0.736
256.092 0.79
256.857 0.765
257.596 0.739
258.348 0.752
259.149 0.801
259.985 0.836
260.821 0.836
261.669 0.848
262.506 0.837
263.269 0.763
263.971 0.702
264.633 0.662
265.354 0.721
266.174 0.82
267.069 0.895
267.973 0.904
268.796 0.823
269.562 0.766
270.34 0.778
271.122 0.782
271.933 0.811
272.739 0.806
273.52 0.781
274.272 0.752
274.972 0.7
275.631 0.659
276.305 0.674
277.025 0.72
277.821 0.796
278.672 0.851
279.565 0.893
280.442 0.877
281.302 0.86
282.14 0.838
282.982 0.842
283.803 0.821
284.543 0.74
285.235 0.692
285.897 0.662
286.605 0.708
287.402 0.797
288.265 0.863
289.169 0.904
290.063 0.894
290.922 0.859
291.756 0.834
292.505 0.749
293.193 0.688
293.851 0.658
294.511 0.66
295.206 0.695
295.972 0.766
296.799 0.827
297.638 0.839
298.426 0.788
299.159 0.733
299.825 0.666
300.471 0.646
301.142 0.671
301.875 0.733
302.683 0.808
303.534 0.851
304.38 0.846
305.163 0.783
305.882 0.719
306.541 0.659
307.181 0.64
307.835 0.654
308.551 0.716
309.349 0.798
310.158 0.809
310.943 0.785
311.677 0.734
312.382 0.705
313.066 0.684
313.761 0.695
314.51 0.749
315.298 0.788
316.081 0.783
316.847 0.766
317.57 0.723
318.255 0.685
318.927 0.672
319.614 0.687
320.345 0.731
321.115 0.77
321.9 0.785
322.689 0.789
323.435 0.746
324.125 0.69
324.762 0.637
325.376 0.614
325.972 0.596
326.558 0.586
327.152 0.594
327.848 0.696
328.626 0.778
329.445 0.819
330.186 0.741
330.878 0.692
331.591 0.713
332.318 0.727
333.062 0.744
333.802 0.74
334.496 0.694
335.141 0.645
335.77 0.629
336.394 0.624
337.035 0.641
337.782 0.747
338.616 0.834
339.511 0.895
340.429 0.918
341.333 0.904
342.213 0.88
343.034 0.821
343.758 0.724
344.459 0.701
345.152 0.693
345.868 0.716
346.591 0.723
347.317 0.726
348.038 0.721
348.767 0.729
349.507 0.74
350.257 0.75
350.978 0.721
351.654 0.676
352.305 0.651
352.983 0.678
353.721 0.738
354.555 0.834
355.396 0.841
356.212 0.816
357.014 0.802
357.778 0.764
358.486 0.708
359.204 0.718
359.927 0.723
360.665 0.738
361.397 0.732
362.104 0.707
362.788 0.684
363.453 0.665
364.151 0.698
364.928 0.777
365.764 0.836
366.624 0.86
367.473 0.849
368.313 0.84
369.141 0.828
369.94 0.799
370.715 0.775
371.451 0.736
372.138 0.687
372.813 0.675
373.477 0.664
374.187 0.71
374.951 0.764
375.758 0.807
376.612 0.854
377.472 0.86
378.322 0.85
379.171 0.849
379.983 0.812
380.739 0.756
381.42 0.681
382.11 0.69
382.776 0.666
383.434 0.658
384.081 0.647
384.695 0.614
385.305 0.61
385.946 0.641
386.649 0.703
387.422 0.773
388.219 0.797
388.97 0.751
389.75 0.78
390.562 0.812
391.401 0.839
392.258 0.857
393.138 0.88
393.995 0.857
394.796 0.801
395.534 0.738
396.248 0.714
397.041 0.793
397.924 0.883
398.85 0.926
399.795 0.945
400.687 0.892
401.495 0.808
402.226 0.731
402.968 0.742
403.77 0.802
404.622 0.852
405.449 0.827
406.271 0.822
407.069 0.798
407.802 0.733
408.479 0.677
409.127 0.648
409.762 0.635
410.466 0.704
411.317 0.851
412.224 0.907
413.09 0.866
413.918 0.828
414.677 0.759
415.374 0.697
416.08 0.706
416.81 0.73
417.597 0.787
418.399 0.802
419.169 0.77
419.905 0.736
420.664 0.759
421.45 0.786
422.242 0.792
423.016 0.774
423.751 0.735
424.506 0.755
425.295 0.789
426.122 0.827
426.971 0.849
427.824 0.853
428.647 0.823
429.421 0.774
430.146 0.725
430.86 0.714
431.6 0.74
432.363 0.763
433.158 0.795
433.929 0.771
434.69 0.761
435.46 0.77
436.212 0.752
436.96 0.748
437.686 0.726
438.424 0.738
439.145 0.721
439.87 0.725
440.574 0.704
441.262 0.688
441.933 0.671
442.635 0.702
443.365 0.73
444.109 0.744
444.881 0.772
445.656 0.775
446.387 0.731
447.116 0.729
447.824 0.708
448.537 0.713
449.281 0.744
450.006 0.725
450.716 0.71
451.385 0.669
452.052 0.667
452.773 0.721
453.523 0.75
454.279 0.756
454.969 0.69
455.596 0.627
456.201 0.605
456.794 0.593
457.38 0.586
457.964 0.584
458.55 0.586
459.134 0.584
459.75 0.616
460.399 0.649
461.044 0.645
461.654 0.61
462.249 0.595
462.84 0.591
463.433 0.593
464.028 0.595
464.614 0.586
465.197 0.583
465.769 0.572
466.345 0.576
466.935 0.59
467.591 0.656
468.328 0.737
469.119 0.791
469.909 0.79
470.697 0.788
471.447 0.75
472.174 0.727
472.948 0.774
473.783 0.835
474.615 0.832
475.45 0.835
476.282 0.832
477.073 0.791
477.846 0.773
478.629 0.783
479.456 0.827
480.317 0.861
481.209 0.892
482.089 0.88
482.961 0.872
483.824 0.863
484.617 0.793
485.37 0.753
486.145 0.775
486.966 0.821
487.82 0.854
488.68 0.86
489.532 0.852
490.322 0.79
491.049 0.727
491.749 0.7
492.487 0.738
493.257 0.77
494.074 0.817
494.898 0.824
495.712 0.814
496.468 0.756
497.173 0.705
497.862 0.689
498.571 0.709
499.303 0.732
500.03 0.727
500.792 0.762
501.528 0.736
502.244 0.716
502.939 0.695
503.663 0.724
504.438 0.775
505.264 0.826
506.088 0.824
506.892 0.804
507.653 0.761
508.377 0.724
509.068 0.691
509.769 0.701
510.518 0.749
511.314 0.796
512.14 0.826
512.97 0.83
513.761 0.791
514.485 0.724
515.163 0.678
515.83 0.667
516.525 0.695
517.258 0.733
518.02 0.762
518.794 0.774
519.533 0.739
520.254 0.721
520.976 0.722
521.707 0.731
522.436 0.729
523.151 0.715
523.823 0.672
524.473 0.65
525.128 0.655
525.795 0.667
526.488 0.693
527.181 0.693
527.853 0.672
528.512 0.659
529.166 0.654
529.841 0.675
530.543 0.702
531.265 0.722
531.991 0.726
532.701 0.71
533.401 0.7
534.088 0.687
534.776 0.688
535.426 0.65
536.061 0.635
536.687 0.626
537.319 0.632
538.002 0.683
538.732 0.73
539.519 0.787
540.266 0.747
541.001 0.735
541.738 0.737
542.465 0.727
543.176 0.711
543.808 0.632
544.443 0.635
545.054 0.611
545.668 0.614
546.283 0.615
546.893 0.61
547.484 0.591
548.062 0.578
548.626 0.564
549.185 0.559
549.747 0.562
550.323 0.576
550.929 0.606
551.624 0.695
552.391 0.767
553.201 0.81
553.996 0.795
554.748 0.752
555.481 0.733
556.245 0.764
557.036 0.791
557.827 0.791
558.591 0.764
559.321 0.73
560.064 0.743
560.785 0.721
561.531 0.746
562.3 0.769
563.061 0.761
563.804 0.743
564.535 0.731
565.224 0.689
565.925 0.701
566.624 0.699
567.316 0.692
568.049 0.733
568.789 0.74
569.53 0.741
570.262 0.732
570.955 0.693
571.655 0.7
572.338 0.683
573.043 0.705
573.769 0.726
574.529 0.76
575.283 0.754
576.018 0.735
576.708 0.69
577.357 0.649
577.999 0.642
578.669 0.67
579.38 0.711
580.159 0.779
580.974 0.815
581.794 0.82
582.539 0.745
583.227 0.688
583.863 0.636
584.543 0.68
585.191 0.648
585.844 0.653
586.513 0.669
587.155 0.642
587.759 0.604
588.349 0.59
588.939 0.59
589.558 0.619
590.215 0.657
590.893 0.678
591.552 0.659
592.2 0.648
592.851 0.651
593.519 0.668
594.221 0.702
594.924 0.703
595.626 0.702
596.307 0.681
596.974 0.667
597.619 0.645
598.239 0.62
598.854 0.615
599.495 0.641
600.227 0.732