0.000 1.147
1.147 1.147
2.267 1.12
3.441 1.174
4.609 1.168
5.798 1.189
7.032 1.234
8.2 1.168
9.331 1.131
10.49 1.159
11.614 1.124
12.733 1.119
13.818 1.085
14.937 1.119
16.024 1.087
17.147 1.123
18.292 1.145
19.417 1.125
20.553 1.136
21.659 1.106
22.766 1.107
23.907 1.141
24.992 1.085
26.08 1.088
26.904 0.824
27.625 0.721
28.363 0.738
28.694 0.331
28.964 0.27
29.25 0.286
30.554 1.304
31.595 1.041
32.568 0.973
33.486 0.918
34.454 0.968
35.405 0.951
36.405 1.0
37.387 0.982
38.367 0.98
39.572 1.205
40.717 1.145
41.837 1.12
42.98 1.143
44.158 1.178
45.35 1.192
46.528 1.178
47.738 1.21
48.922 1.184
50.002 1.08
50.847 0.845
51.619 0.772
52.761 1.142
53.819 1.058
54.628 0.809
55.525 0.897
56.408 0.883
57.218 0.81
58.079 0.861
59.154 1.075
60.258 1.104
61.099 0.841
61.889 0.79
63.003 1.114
63.994 0.991
64.896 0.902
65.839 0.943
66.863 1.024
67.928 1.065
68.966 1.038
70.025 1.059
71.198 1.173
72.442 1.244
73.613 1.171
74.829 1.216
76.042 1.213
77.26 1.218
78.445 1.185
79.614 1.169
80.838 1.224
82.052 1.214
83.264 1.212
84.416 1.152
85.688 1.272
86.911 1.223
88.091 1.18
89.284 1.193
90.486 1.202
91.698 1.212
92.901 1.203
94.119 1.218
102.222 1.224
103.407 1.185
104.579 1.172
105.791 1.212
107.027 1.236
108.231 1.204
109.414 1.183
110.632 1.218
111.871 1.239
113.088 1.217
114.135 1.047
114.942 0.807
115.992 1.05
117.03 1.038
117.972 0.942
118.929 0.957
120.048 1.119
121.196 1.148
122.342 1.146
123.462 1.12
124.623 1.161
125.816 1.193
126.991 1.175
128.147 1.156
129.318 1.171
130.494 1.176
131.668 1.174
132.829 1.161
134.007 1.178
135.245 1.238
136.461 1.216
137.678 1.217
138.854 1.176
140.039 1.185
141.217 1.178
142.402 1.185
143.578 1.176
144.752 1.174
145.984 1.232
147.265 1.281
148.481 1.216
149.644 1.163
150.832 1.188
152.027 1.195
153.221 1.194
154.391 1.17
155.573 1.182
156.785 1.212
157.993 1.208
159.16 1.167
160.335 1.175
161.532 1.197
162.717 1.185
163.862 1.145
165.021 1.159
166.229 1.208
167.445 1.216
168.624 1.179
169.81 1.186
170.998 1.188
172.177 1.179
173.173 0.996
174.254 1.081
175.359 1.105
176.473 1.114
177.591 1.118
178.665 1.074
179.748 1.083
180.842 1.094
181.925 1.083
182.954 1.029
183.76 0.806
184.503 0.743
185.285 0.782
186.289 1.004
187.184 0.895
188.044 0.86
188.888 0.844
189.936 1.048
191.014 1.078
192.068 1.054
193.119 1.051
194.115 0.996
195.206 1.091
196.316 1.11
197.434 1.118
198.544 1.11
199.647 1.103
200.783 1.136
201.946 1.163
203.111 1.165
204.242 1.131
205.357 1.115
206.498 1.141
207.684 1.186
208.861 1.177
210.006 1.145
211.178 1.172
212.389 1.211
213.581 1.192
214.734 1.153
215.888 1.154
217.065 1.177
218.252 1.187
219.419 1.167
220.57 1.151
221.756 1.186
222.967 1.211
224.165 1.198
225.329 1.164
226.496 1.167
227.685 1.189
228.888 1.203
230.046 1.158
231.178 1.132
232.336 1.158
233.532 1.196
234.717 1.185
235.866 1.149
237.033 1.167
238.222 1.189
239.39 1.168
240.508 1.118
241.627 1.119
242.78 1.153
243.964 1.184
245.121 1.157
246.278 1.157
247.46 1.182
248.669 1.209
249.869 1.2
251.016 1.147
252.16 1.144
253.339 1.179
254.543 1.204
255.737 1.194
256.907 1.17
258.098 1.191
259.311 1.213
260.498 1.187
261.635 1.137
262.784 1.149
263.957 1.173
265.141 1.184
266.302 1.161
267.451 1.149
268.632 1.181
269.821 1.189
270.987 1.166
272.11 1.123
273.253 1.143
274.424 1.171
275.588 1.164
276.725 1.137
277.873 1.148
279.057 1.184
280.254 1.197
281.411 1.157
282.541 1.13
283.688 1.147
284.847 1.159
286.012 1.165
287.137 1.125
288.253 1.116
289.409 1.156
290.587 1.178
291.747 1.16
292.867 1.12
294.0 1.133
295.129 1.129
296.155 1.026
297.01 0.855
297.849 0.839
298.899 1.05
299.996 1.097
301.118 1.122
302.215 1.097
303.329 1.114
304.455 1.126
305.565 1.11
306.658 1.093
307.773 1.115
308.908 1.135
310.024 1.116
311.13 1.106
312.268 1.138
313.427 1.159
314.549 1.122
315.651 1.102
316.778 1.127
317.933 1.155
319.069 1.136
320.202 1.133
321.353 1.151
322.522 1.169
323.663 1.141
324.786 1.123
325.934 1.148
327.099 1.165
328.237 1.138
329.38 1.143
330.558 1.178
331.715 1.157
332.859 1.144
334.009 1.15
335.175 1.166
336.305 1.13
337.428 1.123
338.568 1.14
339.723 1.155
340.853 1.13
341.982 1.129
343.13 1.148
344.307 1.177
345.465 1.158
346.627 1.162
347.811 1.184
349.006 1.195
350.16 1.154
351.299 1.139
352.457 1.158
353.624 1.167
354.765 1.141
355.889 1.124
357.041 1.152
358.233 1.192
359.425 1.192
360.59 1.165
361.752 1.162
362.93 1.178
364.1 1.17
365.235 1.135
366.381 1.146
367.553 1.172
368.732 1.179
369.877 1.145
371.015 1.138
372.18 1.165
373.37 1.19
374.541 1.171
375.69 1.149
376.854 1.164
378.036 1.182
379.223 1.187
380.379 1.156
381.507 1.128
382.656 1.149
383.836 1.18
385.039 1.203
386.214 1.175
387.389 1.175
388.566 1.177
389.739 1.173
390.859 1.12
391.983 1.124
393.122 1.139
394.255 1.133
395.364 1.109
396.49 1.126
397.647 1.157
398.823 1.176
399.985 1.162
401.116 1.131
402.268 1.152
403.431 1.163
404.576 1.145
405.683 1.107
406.802 1.119
407.937 1.135
409.077 1.14
410.194 1.117
411.316 1.122
412.46 1.144
413.608 1.148
414.733 1.125
415.869 1.136
417.027 1.158
418.18 1.153
419.29 1.11
420.394 1.104
421.508 1.114
422.616 1.108
423.697 1.081
424.783 1.086
425.883 1.1
426.985 1.102
428.078 1.093
429.189 1.111
430.304 1.115
431.397 1.093
432.505 1.108
433.6 1.095
434.69 1.09
435.804 1.114
436.936 1.132
438.056 1.12
439.19 1.134
440.348 1.158
441.517 1.169
442.658 1.141
443.791 1.133
444.935 1.144
446.086 1.151
447.228 1.142
448.352 1.124
449.492 1.14
450.64 1.148
451.774 1.134
452.875 1.101
453.986 1.111
455.125 1.139
456.278 1.153
457.415 1.137
458.566 1.151
459.722 1.156
460.868 1.146
461.991 1.123
463.134 1.143
464.309 1.175
465.472 1.163
466.604 1.132
467.741 1.137
468.897 1.156
470.055 1.158
471.19 1.135
472.315 1.125
473.463 1.148
474.602 1.139
475.717 1.115
476.818 1.101
477.937 1.119
479.071 1.134
480.185 1.114
481.291 1.106
482.406 1.115
483.525 1.119
484.64 1.115
485.734 1.094
486.845 1.111
487.978 1.133
489.113 1.135
490.223 1.11
491.33 1.107
492.444 1.114
493.564 1.12
494.67 1.106
495.759 1.089
496.862 1.103
497.945 1.083
498.837 0.892
499.881 1.044
500.947 1.066
502.036 1.089
503.143 1.107
504.259 1.116
505.356 1.097
506.446 1.09
507.583 1.137
508.729 1.146
509.877 1.148
510.996 1.119
512.116 1.12
513.255 1.139
514.399 1.144
515.517 1.118
516.614 1.097
517.735 1.121
518.876 1.141
520.042 1.166
521.196 1.154
522.316 1.12
523.44 1.124
524.577 1.137
525.73 1.153
526.887 1.157
528.017 1.13
529.159 1.142
530.333 1.174
531.504 1.171
532.639 1.135
533.757 1.118
534.891 1.134
536.038 1.147
537.175 1.137
538.292 1.117
539.407 1.115
540.547 1.14
541.705 1.158
542.841 1.136
543.96 1.119
545.092 1.132
546.24 1.148
547.368 1.128
548.496 1.128
549.601 1.105
550.699 1.098
551.818 1.119
552.954 1.136
554.097 1.143
555.212 1.115
556.313 1.101
557.441 1.128
558.592 1.151
559.752 1.16
560.902 1.15
562.02 1.118
563.146 1.126
564.294 1.148
565.452 1.158
566.591 1.139
567.693 1.102
568.802 1.109
569.926 1.124
571.06 1.134
572.172 1.112
573.279 1.107
574.404 1.125
575.539 1.135
576.664 1.125
577.746 1.082
578.842 1.096
579.944 1.102
581.055 1.111
582.147 1.092
583.213 1.066
584.333 1.12
585.468 1.135
586.598 1.13
587.706 1.108
588.826 1.12
589.967 1.141
591.107 1.14
592.222 1.115
593.326 1.104
594.457 1.131
595.596 1.139
596.726 1.13
597.842 1.116
598.976 1.134
600.125 1.149
601.255 1.13
602.33 1.075
603.429 1.099
604.56 1.131
605.702 1.142
606.836 1.134
607.941 1.105
609.057 1.116
610.193 1.136
611.329 1.136
612.451 1.122
613.535 1.084
614.64 1.105
615.771 1.131
616.911 1.14
618.043 1.132
619.144 1.101
620.261 1.117
621.414 1.153
622.585 1.171
623.733 1.148
624.874 1.141
626.039 1.165
627.202 1.163
628.332 1.13
629.448 1.116
630.545 1.097
631.394 0.849
632.164 0.77
633.034 0.87
634.061 1.027