0.000 0.842
0.842 0.842
6.288 5.446
6.999 0.711
7.726 0.727
8.492 0.766
9.306 0.814
10.079 0.773
10.836 0.757
11.637 0.801
12.35 0.713
13.218 0.868
13.947 0.729
14.733 0.786
15.509 0.776
16.263 0.754
16.993 0.73
17.708 0.715
18.439 0.731
19.217 0.778
20.018 0.801
20.754 0.736
21.507 0.753
22.235 0.728
22.957 0.722
23.673 0.716
24.36 0.687
25.026 0.666
25.697 0.671
26.353 0.656
26.992 0.639
27.641 0.649
28.289 0.648
28.942 0.653
29.609 0.667
30.331 0.722
31.1 0.769
31.877 0.777
32.636 0.759
33.354 0.718
34.056 0.702
34.75 0.694
35.438 0.688
36.173 0.735
36.976 0.803
37.766 0.79
38.548 0.782
39.292 0.744
40.055 0.763
40.844 0.789
41.658 0.814
42.487 0.829
43.281 0.794
44.1 0.819
44.916 0.816
45.678 0.762
46.375 0.697
47.048 0.673
47.746 0.698
48.504 0.758
49.319 0.815
50.088 0.769
50.914 0.826
51.754 0.84
52.583 0.829
53.373 0.79
54.211 0.838
55.105 0.894
56.001 0.896
56.805 0.804
57.592 0.787
58.37 0.778
59.178 0.808
60.021 0.843
60.829 0.808
61.626 0.797
62.427 0.801
63.283 0.856
64.196 0.913
65.073 0.877
65.882 0.809
66.689 0.807
67.509 0.82
68.37 0.861
69.237 0.867
70.046 0.809
70.871 0.825
71.707 0.836
72.544 0.837
73.362 0.818
74.126 0.764
74.901 0.775
75.662 0.761
76.425 0.763
77.143 0.718
77.894 0.751
78.682 0.788
79.566 0.884
80.393 0.827
80.716 0.323
81.141 0.425
81.921 0.78
82.224 0.303
84.178 1.954
84.891 0.713
85.581 0.69
86.254 0.673
86.938 0.684
87.654 0.716
88.468 0.814
89.311 0.843
90.098 0.787
90.881 0.783
91.669 0.788
92.486 0.817
93.317 0.831
94.089 0.772
94.841 0.752
95.633 0.792
96.441 0.808
97.254 0.813
97.998 0.744
98.772 0.774
99.577 0.805
100.419 0.842
101.234 0.815
101.995 0.761
102.779 0.784
103.589 0.81
104.412 0.823
105.169 0.757
105.968 0.799
106.777 0.809
107.606 0.829
108.382 0.776
109.154 0.772
109.965 0.811
110.807 0.842
111.601 0.794
112.413 0.812
113.231 0.818
114.058 0.827
114.904 0.846
115.71 0.806
116.517 0.807
117.352 0.835
118.198 0.846
119.052 0.854
119.863 0.811
120.672 0.809
121.476 0.804
122.311 0.835
123.173 0.862
123.974 0.801
124.802 0.828
125.66 0.858
126.51 0.85
127.326 0.816
128.117 0.791
128.909 0.792
129.719 0.81
130.547 0.828
131.315 0.768
132.074 0.759
132.849 0.775
133.652 0.803
134.486 0.834
135.258 0.772
136.05 0.792
136.847 0.797
137.672 0.825
138.487 0.815
139.247 0.76
140.024 0.777
140.791 0.767
141.291 0.5
141.554 0.263
142.259 0.705
142.971 0.712
143.299 0.328
143.559 0.26
143.912 0.353
144.359 0.447
145.2 0.841
145.637 0.437
145.888 0.251
146.194 0.306
146.448 0.254
147.43 0.982
148.943 1.513
149.726 0.783
150.496 0.77
151.259 0.763
152.032 0.773
152.429 0.397
152.824 0.395
153.357 0.533
153.65 0.293
154.026 0.376
154.49 0.464
155.082 0.592
156.062 0.98
156.354 0.292
156.815 0.461
157.301 0.486
157.608 0.307
158.202 0.594
158.567 0.365
159.299 0.732
160.049 0.75
160.479 0.43
160.773 0.294
161.559 0.786
161.939 0.38
162.362 0.423
163.187 0.825
163.868 0.681
164.268 0.4
164.525 0.257
164.879 0.354
165.748 0.869
166.535 0.787
167.119 0.584
167.546 0.427
167.886 0.34
168.369 0.483
168.651 0.282
169.236 0.585
169.635 0.399
171.564 1.929
171.829 0.265
172.121 0.292
172.445 0.324
172.919 0.474
173.199 0.28
175.593 2.394
175.901 0.308
176.27 0.369
176.539 0.269
176.905 0.366
177.531 0.626
177.881 0.35
179.64 1.759
179.977 0.337
180.277 0.3
181.074 0.797
181.384 0.31
183.588 2.204
184.261 0.673
184.535 0.274
184.821 0.286
185.073 0.252
187.289 2.216
195.594 8.305
195.92 0.326
199.298 3.378
199.899 0.601
200.207 0.308
203.452 3.245
208.681 0.812
210.324 1.643
211.087 0.763
211.869 0.782
212.676 0.807
213.12 0.444
213.48 0.36
214.228 0.748
214.993 0.765
215.474 0.481
215.748 0.274
216.02 0.272
216.566 0.546
216.892 0.326
217.395 0.503
218.138 0.743
218.892 0.754
219.665 0.773
220.477 0.812
221.307 0.83
222.082 0.775
222.799 0.717
223.531 0.732
224.279 0.748
225.066 0.787
225.906 0.84
226.715 0.809
227.489 0.774
228.277 0.788
229.095 0.818
229.906 0.811
230.691 0.785
231.413 0.722
232.179 0.766
232.938 0.759
233.74 0.802
234.554 0.814
235.313 0.759
236.068 0.755
236.834 0.766
237.626 0.792
238.419 0.793
239.172 0.753
239.939 0.767
240.7 0.761
241.508 0.808
242.31 0.802
243.054 0.744
243.787 0.733
244.536 0.749
245.316 0.78
246.142 0.826
246.953 0.811
247.714 0.761
248.484 0.77
249.234 0.75
249.99 0.756
250.71 0.72
251.42 0.71
252.173 0.753
252.926 0.753
253.692 0.766
254.418 0.726
255.202 0.784
256.013 0.811
256.857 0.844
257.638 0.781
258.421 0.783
259.21 0.789
260.038 0.828
260.851 0.813
261.633 0.782
262.433 0.8
263.246 0.813
264.028 0.782
264.79 0.762
265.581 0.791
266.391 0.81
267.185 0.794
267.939 0.754
268.69 0.751
269.464 0.774
270.229 0.765
270.991 0.762
271.678 0.687
272.341 0.663
272.984 0.643
273.624 0.64
274.272 0.648
274.954 0.682
275.683 0.729
276.393 0.71
277.054 0.661
277.733 0.679
278.438 0.705
279.114 0.676
279.798 0.684
280.487 0.689
281.2 0.713
281.919 0.719
282.604 0.685
283.261 0.657
283.904 0.643
284.547 0.643
285.21 0.663
285.889 0.679
286.529 0.64
287.187 0.658
287.894 0.707
288.645 0.751
289.4 0.755
290.146 0.746
290.929 0.783
291.727 0.798
292.54 0.813
293.309 0.769
294.095 0.786
294.867 0.772
295.669 0.802
296.428 0.759
297.193 0.765
297.984 0.791
298.826 0.842
299.678 0.852
300.499 0.821
301.306 0.807
302.105 0.799
302.913 0.808
303.714 0.801
304.487 0.773
305.288 0.801
306.089 0.801
306.895 0.806
307.151 0.256
307.648 0.497
308.333 0.685
309.019 0.686
309.712 0.693
310.452 0.74
311.215 0.763
311.969 0.754
312.688 0.719
313.394 0.706
314.111 0.717
314.827 0.716
315.541 0.714
316.235 0.694
316.906 0.671
317.622 0.716
318.366 0.744
319.087 0.721
319.858 0.771
320.641 0.783
321.384 0.743
322.112 0.728
322.88 0.768
323.697 0.817
324.558 0.861
325.405 0.847
326.215 0.81
327.046 0.831
327.889 0.843
328.691 0.802
329.469 0.778
330.243 0.774
331.044 0.801
331.898 0.854
332.757 0.859
333.558 0.801
334.381 0.823
335.202 0.821
336.043 0.841
336.866 0.823
337.647 0.781
338.442 0.795
339.259 0.817
340.125 0.866
340.939 0.814
341.725 0.786
342.52 0.795
343.333 0.813
344.182 0.849
344.993 0.811
345.771 0.778
346.573 0.802
347.405 0.832
348.225 0.82
348.947 0.722
349.663 0.716
350.384 0.721
351.174 0.79
352.055 0.881
352.853 0.798
353.189 0.336
353.635 0.446
354.016 0.381
354.274 0.258
354.636 0.362
355.264 0.628
356.096 0.832
356.864 0.768
357.587 0.723
358.352 0.765
359.146 0.794
359.966 0.82
360.781 0.815
361.541 0.76
362.333 0.792
363.135 0.802
363.993 0.858
364.889 0.896
365.726 0.837
366.551 0.825
367.396 0.845
368.277 0.881
369.175 0.898
370.005 0.83
370.836 0.831
371.674 0.838
372.532 0.858
373.347 0.815
374.119 0.772
374.931 0.812
375.715 0.784
376.533 0.818
377.34 0.807
378.089 0.749
378.846 0.757
379.566 0.72
380.3 0.734
380.984 0.684
381.652 0.668
382.399 0.747
383.245 0.846
384.182 0.937
385.09 0.908
385.928 0.838
386.727 0.799
387.523 0.796
388.327 0.804
389.086 0.759
389.828 0.742
390.601 0.773
391.445 0.844
392.335 0.89
393.141 0.806
393.898 0.757
394.663 0.765
395.429 0.766
396.214 0.785
396.95 0.736
397.686 0.736
398.471 0.785
399.298 0.827
400.134 0.836
400.916 0.782
401.626 0.71
402.347 0.721
403.075 0.728
403.874 0.799
404.705 0.831
405.472 0.767
406.203 0.731
406.963 0.76
407.737 0.774
408.546 0.809
409.325 0.779
410.049 0.724
410.807 0.758
411.595 0.788
412.407 0.812
413.173 0.766
413.861 0.688
414.533 0.672
415.187 0.654
415.815 0.628
416.422 0.607
417.03 0.608
417.67 0.64
418.977 1.307
419.927 0.95
420.53 0.603
420.818 0.288
421.659 0.841
422.333 0.674
422.648 0.315
423.46 0.812
425.112 1.652
425.956 0.844
426.791 0.835
427.25 0.459
427.57 0.32
428.334 0.764
429.114 0.78
429.926 0.812
430.752 0.826
431.485 0.733
432.273 0.788
433.047 0.774
433.315 0.268
433.737 0.422
434.019 0.282
434.589 0.57
435.411 0.822
436.169 0.758
436.949 0.78
437.74 0.791
438.505 0.765
439.222 0.717
439.917 0.695
440.602 0.685
441.309 0.707
442.001 0.692
442.664 0.663
443.332 0.668
444.05 0.718
444.74 0.69
445.442 0.702
446.155 0.713
446.895 0.74
447.663 0.768
448.389 0.726
449.08 0.691
449.746 0.666
450.383 0.637
451.01 0.627
451.658 0.648
452.331 0.673
453.034 0.703
453.777 0.743
454.548 0.771
455.425 0.877
456.288 0.863
457.101 0.813
457.833 0.732
458.521 0.688
459.189 0.668
459.85 0.661
460.529 0.679
461.268 0.739
462.035 0.767
462.809 0.774
463.61 0.801
464.376 0.766
465.161 0.785
465.921 0.76
466.626 0.705
467.328 0.702
468.0 0.672
468.652 0.652
469.379 0.727
470.222 0.843
471.051 0.829
471.814 0.763
472.576 0.762
473.312 0.736
474.069 0.757
474.842 0.773
475.586 0.744
476.377 0.791
477.178 0.801
477.986 0.808
478.803 0.817
479.57 0.767
480.372 0.802
481.184 0.812
482.037 0.853
482.861 0.824
483.626 0.765
484.399 0.773
485.193 0.794
486.02 0.827
486.806 0.786
487.571 0.765
488.366 0.795
489.197 0.831
490.083 0.886
490.937 0.854
491.724 0.787
492.508 0.784
493.31 0.802
494.158 0.848
495.031 0.873
495.859 0.828
496.665 0.806
497.468 0.803
498.273 0.805
499.048 0.775
499.791 0.743
500.585 0.794
501.419 0.834
502.292 0.873
503.104 0.812
503.873 0.769
504.653 0.78
505.426 0.773
506.219 0.793
507.009 0.79
507.756 0.747
508.541 0.785
509.335 0.794
510.186 0.851
511.014 0.828
511.781 0.767
512.505 0.724
513.237 0.732
513.967 0.73
514.782 0.815
515.573 0.791
516.328 0.755
517.072 0.744
517.867 0.795
518.723 0.856
519.562 0.839
520.35 0.788
521.109 0.759
521.891 0.782
522.709 0.818
523.522 0.813
524.277 0.755
525.016 0.739
525.778 0.762
526.59 0.812
527.415 0.825
528.234 0.819
529.018 0.784
529.847 0.829
530.695 0.848
531.589 0.894
532.427 0.838
533.233 0.806
534.056 0.823
534.901 0.845
535.753 0.852
536.599 0.846
537.444 0.845
538.237 0.793
538.994 0.757
539.747 0.753
540.558 0.811
541.436 0.878
542.293 0.857
543.084 0.791
543.831 0.747
544.596 0.765
545.376 0.78
546.199 0.823
547.021 0.822
547.785 0.764
548.599 0.814
549.417 0.818
550.221 0.804
550.956 0.735
551.715 0.759
552.516 0.801
553.338 0.822
554.106 0.768
554.803 0.697
555.552 0.749
556.271 0.719
556.974 0.703
557.683 0.709
558.395 0.712
559.122 0.727
559.807 0.685
560.49 0.683
561.167 0.677
561.859 0.692
562.591 0.732
563.325 0.734
564.032 0.707
564.736 0.704
565.455 0.719
566.216 0.761
567.021 0.805
567.806 0.785
568.539 0.733
569.307 0.768
570.089 0.782
570.917 0.828
571.76 0.843
572.566 0.806
573.311 0.745
574.082 0.771
574.836 0.754
575.644 0.808
576.454 0.81
577.236 0.782
578.036 0.8
578.86 0.824
579.714 0.854
580.51 0.796
581.287 0.777
582.083 0.796
582.93 0.847
583.821 0.891
584.66 0.839
585.482 0.822
586.333 0.851
587.184 0.851
587.999 0.815
588.743 0.744
589.517 0.774
590.269 0.752
591.067 0.798
591.857 0.79
592.634 0.777
593.452 0.818
594.299 0.847
595.167 0.868
595.978 0.811
596.791 0.813
597.623 0.832
598.446 0.823
599.265 0.819
600.03 0.765
600.815 0.785
601.613 0.798
602.434 0.821
603.173 0.739
603.888 0.715
604.6 0.712
605.336 0.736
606.144 0.808
607.0 0.856
607.742 0.742
608.186 0.444
608.569 0.383
609.371 0.802
610.213 0.842
611.024 0.811
611.77 0.746
612.124 0.354
612.524 0.4
613.31 0.786
614.134 0.824
614.995 0.861
615.829 0.834
616.646 0.817
617.484 0.838
618.321 0.837
619.142 0.821
619.891 0.749