0.000 0.703
0.703 0.703
1.374 0.671
1.711 0.337
2.081 0.37
2.851 0.77
3.717 0.866
4.623 0.906
5.663 1.04
6.59 0.927
7.548 0.958
8.568 1.02
9.589 1.021
10.511 0.922
11.459 0.948
12.443 0.984
13.293 0.85
14.146 0.853
14.948 0.802
15.825 0.877
16.671 0.846
17.517 0.846
18.513 0.996
19.669 1.156
20.657 0.988
21.558 0.901
22.52 0.962
23.437 0.917
24.32 0.883
25.236 0.916
26.202 0.966
27.184 0.982
28.123 0.939
28.992 0.869
29.9 0.908
30.787 0.887
31.638 0.851
32.481 0.843
33.392 0.911
34.377 0.985
35.3 0.923
36.277 0.977
37.354 1.077
38.479 1.125
39.505 1.026
40.451 0.946
41.406 0.955
42.332 0.926
43.178 0.846
44.015 0.837
44.972 0.957
45.946 0.974
46.911 0.965
48.094 1.183
49.295 1.201
50.278 0.983
51.286 1.008
52.244 0.958
53.133 0.889
53.972 0.839
54.864 0.892
55.785 0.921
56.671 0.886
57.561 0.89
58.536 0.975
59.509 0.973
60.4 0.891
61.34 0.94
62.322 0.982
63.243 0.921
64.091 0.848
64.976 0.885
65.828 0.852
66.644 0.816
67.445 0.801
68.303 0.858
69.185 0.882
70.093 0.908
70.979 0.886
71.854 0.875
72.771 0.917
73.674 0.903
74.525 0.851
75.343 0.818
76.213 0.87
77.121 0.908
78.031 0.91
78.917 0.886
79.852 0.935
80.835 0.983
81.779 0.944
82.654 0.875
83.602 0.948
84.523 0.921
85.336 0.813
86.219 0.883
87.11 0.891
88.038 0.928
88.984 0.946
89.889 0.905
90.839 0.95
91.775 0.936
92.708 0.933
93.554 0.846
94.405 0.851
95.273 0.868
96.169 0.896
97.033 0.864
98.017 0.984
99.039 1.022
100.02 0.981
100.943 0.923
101.879 0.936
102.745 0.866
103.57 0.825
104.439 0.869
105.361 0.922
106.258 0.897
107.118 0.86
108.051 0.933
109.047 0.996
110.01 0.963
110.914 0.904
111.878 0.964
112.866 0.988
113.722 0.856
114.565 0.843
115.399 0.834
116.255 0.856
117.079 0.824
118.004 0.925
118.971 0.967
119.836 0.865
120.685 0.849
121.619 0.934
122.638 1.019
123.608 0.97
124.571 0.963
125.559 0.988
126.506 0.947
127.34 0.834
128.18 0.84
128.982 0.802
129.73 0.748
130.487 0.757
131.341 0.854
132.251 0.91
133.203 0.952
134.13 0.927
135.12 0.99
136.099 0.979
136.966 0.867
137.757 0.791
138.631 0.874
139.516 0.885
140.367 0.851
141.15 0.783
141.995 0.845
142.872 0.877
143.773 0.901
144.581 0.808
145.454 0.873
146.431 0.977
147.403 0.972
148.239 0.836
149.1 0.861
149.97 0.87
150.885 0.915
151.735 0.85
152.548 0.813
153.472 0.924
154.53 1.058
155.501 0.971
156.45 0.949
157.414 0.964
158.362 0.948
159.207 0.845
159.996 0.789
160.889 0.893
161.825 0.936
162.719 0.894
163.533 0.814
164.396 0.863
165.309 0.913
166.215 0.906
167.052 0.837
167.942 0.89
168.855 0.913
169.686 0.831
170.432 0.746
171.176 0.744
171.988 0.812
172.885 0.897
173.73 0.845
174.598 0.868
175.592 0.994
176.604 1.012
177.474 0.87
178.256 0.782
179.069 0.813
179.886 0.817
180.726 0.84
181.484 0.758
182.241 0.757
183.092 0.851
184.019 0.927
185.027 1.008
186.056 1.029
186.954 0.898
187.777 0.823
188.601 0.824
189.363 0.762
190.127 0.764
190.972 0.845
191.83 0.858
192.711 0.881
193.532 0.821
194.392 0.86
195.229 0.837
196.07 0.841
196.896 0.826
197.638 0.742
198.365 0.727
199.074 0.709
199.788 0.714
200.541 0.753
201.325 0.784
202.141 0.816
203.041 0.9
204.168 1.127
205.225 1.057
206.14 0.915
207.025 0.885
207.854 0.829
208.586 0.732
209.292 0.706
209.998 0.706
210.736 0.738
211.551 0.815
212.43 0.879
213.431 1.001
214.615 1.184
215.709 1.094
216.671 0.962
217.592 0.921
218.557 0.965
219.51 0.953
220.436 0.926
221.274 0.838
222.137 0.863
223.012 0.875
223.909 0.897
224.74 0.831
225.615 0.875
226.568 0.953
227.621 1.053
228.643 1.022
229.561 0.918
230.485 0.924
231.392 0.907
232.248 0.856
233.055 0.807
233.921 0.866
234.855 0.934
235.883 1.028
236.79 0.907
237.746 0.956
238.716 0.97
239.662 0.946
240.497 0.835
241.352 0.855
242.224 0.872
243.106 0.882
243.916 0.81
244.763 0.847
245.713 0.95
246.737 1.024
247.634 0.897
248.538 0.904
249.485 0.947
250.432 0.947
251.355 0.923
252.206 0.851
253.054 0.848
253.907 0.853
254.762 0.855
255.567 0.805
256.42 0.853
257.433 1.013
258.493 1.06
259.361 0.868
260.174 0.813
260.947 0.773
261.694 0.747
262.432 0.738
263.204 0.772
263.928 0.724
264.62 0.692
265.287 0.667
265.964 0.677
266.647 0.683
267.329 0.682
268.003 0.674
268.639 0.636
269.26 0.621
269.874 0.614
270.484 0.61
271.153 0.669
271.887 0.734
272.671 0.784
273.52 0.849
274.428 0.908
275.34 0.912
276.188 0.848
277.02 0.832
277.866 0.846
278.731 0.865
279.582 0.851
280.398 0.816
281.122 0.724
281.824 0.702
282.534 0.71
283.255 0.721
283.923 0.668
284.614 0.691
285.433 0.819
286.465 1.032
287.498 1.033
288.5 1.002
289.405 0.905
290.301 0.896
291.184 0.883
292.033 0.849
292.868 0.835
293.614 0.746
294.361 0.747
295.174 0.813
296.131 0.957
297.137 1.006
298.001 0.864
298.776 0.775
299.474 0.698
300.124 0.65
300.748 0.624
301.347 0.599
301.928 0.581
302.497 0.569
303.06 0.563
303.641 0.581
304.275 0.634
305.139 0.864
305.992 0.853
306.735 0.743
307.427 0.692
308.094 0.667
308.734 0.64
309.36 0.626
310.062 0.702
311.015 0.953
311.888 0.873
312.768 0.88
313.718 0.95
314.696 0.978
315.624 0.928
316.481 0.857
317.317 0.836
318.184 0.867
319.152 0.968
320.16 1.008
321.124 0.964
322.063 0.939
323.056 0.993
324.091 1.035
325.118 1.027
326.021 0.903
326.915 0.894
327.859 0.944
328.836 0.977
329.814 0.978
330.721 0.907
331.64 0.919
332.591 0.951
333.517 0.926
334.383 0.866
335.249 0.866
336.132 0.883
337.047 0.915
337.995 0.948
338.942 0.947
339.809 0.867
340.655 0.846
341.5 0.845
342.375 0.875
343.333 0.958
344.291 0.958
345.226 0.935
346.148 0.922
347.067 0.919
347.994 0.927
348.856 0.862
349.688 0.832
350.556 0.868
351.52 0.964
352.565 1.045
353.594 1.029
354.572 0.978
355.482 0.91
356.314 0.832
357.09 0.776
357.865 0.775
358.646 0.781
359.463 0.817
360.371 0.908
361.223 0.852
362.116 0.893
363.012 0.896
363.962 0.95
364.853 0.891
365.699 0.846
366.594 0.895
367.481 0.887
368.371 0.89
369.197 0.826
370.008 0.811
370.852 0.844
371.745 0.893
372.669 0.924
373.522 0.853
374.357 0.835
375.221 0.864
376.13 0.909
377.086 0.956
377.972 0.886
378.893 0.921
379.824 0.931
380.769 0.945
381.627 0.858
382.45 0.823
383.305 0.855
384.185 0.88
385.026 0.841
385.829 0.803
386.66 0.831
387.579 0.919
388.545 0.966
389.42 0.875
390.241 0.821
391.1 0.859
392.012 0.912
392.933 0.921
393.798 0.865
394.631 0.833
395.493 0.862
396.403 0.91
397.36 0.957
398.269 0.909
399.142 0.873
399.987 0.845
400.852 0.865
401.787 0.935
402.732 0.945
403.68 0.948
404.551 0.871
405.381 0.83
406.192 0.811
407.025 0.833
407.91 0.885
408.816 0.906
409.742 0.926
410.613 0.871
411.466 0.853
412.31 0.844
413.161 0.851
414.041 0.88
414.931 0.89
415.851 0.92
416.697 0.846
417.515 0.818
418.323 0.808
419.154 0.831
420.08 0.926
421.065 0.985
422.023 0.958
422.866 0.843
423.652 0.786
424.424 0.772
425.232 0.808
426.13 0.898
427.098 0.968
428.025 0.927
428.885 0.86
429.738 0.853
430.604 0.866
431.556 0.952
432.501 0.945
433.419 0.918
434.247 0.828
435.038 0.791
435.82 0.782
436.632 0.812
437.568 0.936
438.569 1.001
439.579 1.01
440.524 0.945
441.414 0.89
442.263 0.849
443.117 0.854
444.015 0.898
444.95 0.935
445.867 0.917
446.74 0.873
447.557 0.817
448.327 0.77
449.064 0.737
449.85 0.786
450.709 0.859
451.718 1.009
452.67 0.952
453.584 0.914
454.501 0.917
455.45 0.949
456.408 0.958
457.353 0.945
458.264 0.911
459.134 0.87
460.039 0.905
460.981 0.942
461.906 0.925
462.782 0.876
463.665 0.883
464.566 0.901
465.511 0.945
466.413 0.902
467.268 0.855
468.114 0.846
469.023 0.909
470.006 0.983
471.003 0.997
471.962 0.959
472.844 0.882
473.675 0.831
474.518 0.843
475.411 0.893
476.343 0.932
477.269 0.926
478.097 0.828
478.872 0.775
479.599 0.727
480.349 0.75
481.204 0.855
482.086 0.882
482.945 0.859
483.756 0.811
484.56 0.804
485.427 0.867
486.317 0.89
487.209 0.892
488.009 0.8
488.809 0.8
489.641 0.832
490.469 0.828
491.304 0.835
492.081 0.777
492.828 0.747
493.549 0.721
494.283 0.734
495.058 0.775
495.924 0.866
496.826 0.902
497.625 0.799
498.421 0.796
499.211 0.79
500.094 0.883
501.027 0.933
501.924 0.897
502.781 0.857
503.569 0.788
504.414 0.845
505.309 0.895
506.219 0.91
507.103 0.884
507.903 0.8
508.691 0.788
509.516 0.825
510.395 0.879
511.336 0.941
512.283 0.947
513.219 0.936
514.158 0.939
514.997 0.839
515.842 0.845
516.729 0.887
517.625 0.896
518.484 0.859
519.281 0.797
520.156 0.875
521.113 0.957
522.095 0.982
522.981 0.886
523.938 0.957
524.976 1.038
526.028 1.052
526.962 0.934
527.903 0.941
528.852 0.949
529.816 0.964
530.691 0.875
531.522 0.831
532.378 0.856
533.284 0.906
534.249 0.965
535.127 0.878
535.99 0.863
536.917 0.927
537.887 0.97
538.922 1.035
539.868 0.946
540.761 0.893
541.688 0.927
542.627 0.939
543.556 0.929
544.412 0.856
545.263 0.851
546.132 0.869
547.03 0.898
547.951 0.921
548.843 0.892
549.808 0.965
550.789 0.981
551.8 1.011
552.666 0.866
553.52 0.854
554.383 0.863
555.257 0.874
556.096 0.839
556.885 0.789
557.719 0.834
558.558 0.839
559.356 0.798
560.183 0.827
561.122 0.939
561.983 0.861
562.773 0.79
563.562 0.789
564.323 0.761
565.096 0.773
565.893 0.797
566.647 0.754
567.384 0.737
568.109 0.725
568.788 0.679
569.436 0.648
570.059 0.623
570.666 0.607
571.253 0.587
571.834 0.581
572.409 0.575
572.975 0.566
573.539 0.564
574.095 0.556
574.644 0.549
575.191 0.547
575.738 0.547
576.294 0.556
576.877 0.583
577.503 0.626
578.205 0.702
578.971 0.766
579.77 0.799
580.624 0.854
581.41 0.786
582.163 0.753
582.946 0.783
583.797 0.851
584.719 0.922
585.712 0.993
586.672 0.96
587.554 0.882
588.397 0.843
589.319 0.922
590.299 0.98
591.3 1.001
592.228 0.928
593.128 0.9
594.096 0.968
595.096 1.0
596.083 0.987
597.021 0.938
597.937 0.916
598.86 0.923
599.783 0.923
600.679 0.896
601.465 0.786
602.199 0.734
602.861 0.662
603.5 0.639
604.141 0.641
604.798 0.657
605.488 0.69
606.183 0.695
606.861 0.678
607.543 0.682
608.277 0.734