0.000 0.996
6.05 0.996
7.096 1.046
8.141 1.045
9.139 0.998
10.159 1.02
11.21 1.051
12.238 1.028
13.273 1.035
14.336 1.063
15.331 0.995
16.481 1.15
17.598 1.117
18.564 0.966
19.649 1.085
20.765 1.116
21.808 1.043
22.962 1.154
24.01 1.048
25.059 1.049
26.171 1.112
27.336 1.165
28.39 1.054
29.332 0.942
30.35 1.018
31.379 1.029
32.332 0.953
33.32 0.988
34.406 1.086
35.503 1.097
36.491 0.988
37.422 0.931
38.414 0.992
39.493 1.079
40.596 1.103
41.652 1.056
42.757 1.105
43.944 1.187
45.002 1.058
46.061 1.059
47.226 1.165
48.324 1.098
49.35 1.026
50.414 1.064
51.524 1.11
52.629 1.105
53.668 1.039
54.73 1.062
55.825 1.095
56.927 1.102
58.026 1.099
59.072 1.046
60.163 1.091
61.265 1.102
62.356 1.091
63.392 1.036
64.489 1.097
65.575 1.086
66.582 1.007
67.601 1.019
68.735 1.134
69.836 1.101
70.883 1.047
71.93 1.047
73.018 1.088
74.113 1.095
75.187 1.074
76.22 1.033
77.285 1.065
78.36 1.075
79.401 1.041
80.451 1.05
81.513 1.062
82.52 1.007
83.559 1.039
84.65 1.091
85.73 1.08
86.799 1.069
87.807 1.008
88.858 1.051
89.905 1.047
90.943 1.038
91.934 0.991
92.948 1.014
93.989 1.041
94.995 1.006
96.041 1.046
97.094 1.053
98.079 0.985
99.118 1.039
100.165 1.047
101.227 1.062
102.286 1.059
103.287 1.001
104.286 0.999
105.302 1.016
106.332 1.03
107.356 1.024
108.338 0.982
109.349 1.011
110.379 1.03
111.413 1.034
112.429 1.016
113.416 0.987
114.428 1.012
115.425 0.997
116.414 0.989
117.398 0.984
118.42 1.022
119.435 1.015
120.398 0.963
121.374 0.976
122.332 0.958
123.264 0.932
124.237 0.973
125.294 1.057
126.333 1.039
127.374 1.041
128.468 1.094
129.538 1.07
130.563 1.025
131.597 1.034
132.613 1.016
133.587 0.974
134.586 0.999
135.638 1.052
136.74 1.102
137.797 1.057
138.821 1.024
139.867 1.046
140.89 1.023
141.89 1.0
142.913 1.023
143.881 0.968
144.869 0.988
145.877 1.008
146.886 1.009
147.896 1.01
148.886 0.99
149.864 0.978
150.877 1.013
151.905 1.028
152.994 1.089
154.12 1.126
155.251 1.131
156.325 1.074
157.408 1.083
158.463 1.055
159.419 0.956
160.324 0.905
161.278 0.954
162.198 0.92
163.125 0.927
164.133 1.008
165.167 1.034
166.149 0.982
167.164 1.015
168.218 1.054
169.234 1.016
170.27 1.036
171.37 1.1
172.423 1.053
173.447 1.024
174.495 1.048
175.554 1.059
176.547 0.993
177.548 1.001
178.555 1.007
179.572 1.017
180.558 0.986
181.551 0.993
182.591 1.04
183.658 1.067
184.684 1.026
185.712 1.028
186.764 1.052
187.824 1.06
188.88 1.056
189.893 1.013
190.896 1.003
191.915 1.019
192.943 1.028
193.928 0.985
194.901 0.973
195.902 1.001
196.92 1.018
197.893 0.973
198.889 0.996
199.927 1.038
200.96 1.033
201.95 0.99
202.972 1.022
204.016 1.044
205.027 1.011
206.037 1.01
207.069 1.032
208.085 1.016
209.066 0.981
210.076 1.01
211.093 1.017
212.062 0.969
213.048 0.986
214.083 1.035
215.122 1.039
216.16 1.038
217.233 1.073
218.311 1.078
219.337 1.026
220.375 1.038
221.427 1.052
222.478 1.051
223.481 1.003
224.492 1.011
225.509 1.017
226.507 0.998
227.514 1.007
228.556 1.042
229.614 1.058
230.651 1.037
231.694 1.043
232.762 1.068
233.836 1.074
234.856 1.02
235.876 1.02
236.938 1.062
237.946 1.008
238.956 1.01
239.998 1.042
241.055 1.057
242.092 1.037
243.161 1.069
244.243 1.082
245.3 1.057
246.344 1.044
247.392 1.048
248.448 1.056
249.463 1.015
250.484 1.021
251.539 1.055
252.603 1.064
253.638 1.035
254.689 1.051
255.786 1.097
256.878 1.092
257.885 1.007
259.043 1.158
260.079 1.036
261.146 1.067
262.218 1.072
263.234 1.016
264.254 1.02
265.283 1.029
266.251 0.968
267.224 0.973
268.166 0.942
269.086 0.92
269.974 0.888
270.843 0.869
271.699 0.856
272.641 0.942
273.641 1.0
274.635 0.994
275.628 0.993
276.609 0.981
277.58 0.971
278.548 0.968
279.46 0.912
280.376 0.916
281.339 0.963
282.391 1.052
283.471 1.08
284.514 1.043
285.534 1.02
286.571 1.037
287.617 1.046
288.659 1.042
289.689 1.03
290.724 1.035
291.744 1.02
292.783 1.039
293.799 1.016
294.802 1.003
295.845 1.043
296.889 1.044
297.901 1.012
298.957 1.056
300.045 1.088
301.076 1.031
302.038 0.962
303.029 0.991
304.049 1.02
305.066 1.017
306.062 0.996
306.995 0.933
307.892 0.897
308.819 0.927
309.776 0.957
310.685 0.909
311.622 0.937
312.594 0.972
313.581 0.987
314.584 1.003
315.596 1.012
316.571 0.975
317.54 0.969
318.492 0.952
319.43 0.938
320.373 0.943
321.307 0.934
322.303 0.996
323.343 1.04
324.339 0.996
325.345 1.006
326.4 1.055
327.426 1.026
328.417 0.991
329.429 1.012
330.468 1.039
331.478 1.01
332.465 0.987
333.506 1.041
334.584 1.078
335.631 1.047
336.678 1.047
337.742 1.064
338.749 1.007
339.749 1.0
340.82 1.071
341.963 1.143
343.095 1.132
344.183 1.088
345.298 1.115
346.401 1.103
347.481 1.08
348.462 0.981
349.407 0.945
350.3 0.893
351.166 0.866
352.103 0.937
353.172 1.069
354.242 1.07
355.275 1.033
356.342 1.067
357.423 1.081
358.484 1.061
359.507 1.023
360.488 0.981
361.529 1.041
362.649 1.12
363.738 1.089
364.79 1.052
365.916 1.126
367.086 1.17
368.186 1.1
369.285 1.099
370.433 1.148
371.581 1.148
372.702 1.121
373.761 1.059
374.863 1.102
375.964 1.101
377.068 1.104
378.12 1.052
379.166 1.046
380.227 1.061
381.291 1.064
382.315 1.024
383.372 1.057
384.461 1.089
385.496 1.035
386.542 1.046
387.588 1.046
388.61 1.022
389.607 0.997
390.639 1.032
391.685 1.046
392.724 1.039
393.752 1.028
394.791 1.039
395.822 1.031
396.825 1.003
397.81 0.985
398.777 0.967
399.692 0.915
400.549 0.857
401.379 0.83
402.2 0.821
403.013 0.813
403.904 0.891
404.913 1.009
405.948 1.035
406.97 1.022
408.003 1.033
409.056 1.053
410.101 1.045
411.129 1.028
412.125 0.996
413.144 1.019
414.224 1.08
415.307 1.083
416.4 1.093
417.501 1.101
418.595 1.094
419.68 1.085
420.755 1.075
421.781 1.026
422.788 1.007
423.736 0.948
424.678 0.942
425.629 0.951
426.618 0.989
427.656 1.038
428.724 1.068
429.778 1.054
430.749 0.971
431.673 0.924
432.609 0.936
433.515 0.906
434.405 0.89
435.248 0.843
436.056 0.808
436.839 0.783
437.612 0.773
438.404 0.792
439.293 0.889
440.255 0.962
441.208 0.953
442.244 1.036
443.387 1.143
444.574 1.187
445.709 1.135
446.877 1.168
448.074 1.197
449.273 1.199
450.428 1.155
451.55 1.122
452.597 1.047
453.684 1.087
454.808 1.124
455.856 1.048
456.985 1.129
458.181 1.196
459.301 1.12
460.429 1.128
461.584 1.155
462.732 1.148
463.824 1.092
464.988 1.164
466.127 1.139
467.232 1.105
468.226 0.994
469.483 1.257
470.599 1.116
471.636 1.037
472.716 1.08
473.792 1.076
474.876 1.084
475.942 1.066
477.003 1.061
478.066 1.063
479.132 1.066
480.2 1.068
481.27 1.07
482.339 1.069
483.426 1.087
484.489 1.063
485.562 1.073
486.595 1.033
487.663 1.068
488.746 1.083
489.805 1.059
490.824 1.019
491.924 1.1
492.983 1.059
494.029 1.046
495.132 1.103
496.23 1.098
497.279 1.049
498.378 1.099
499.478 1.1
500.555 1.077
501.62 1.065
502.652 1.032
503.714 1.062
504.778 1.064
505.851 1.073
506.86 1.009
507.884 1.024
508.981 1.097
510.109 1.128
511.175 1.066
512.318 1.143
513.469 1.151
514.541 1.072
515.649 1.108
516.775 1.126
517.852 1.077
518.927 1.075
520.047 1.12
521.124 1.077
522.155 1.031
523.176 1.021
524.218 1.042
525.226 1.008
526.259 1.033
527.292 1.033
528.31 1.018
529.362 1.052
530.434 1.072
531.506 1.072
532.565 1.059
533.643 1.078
534.697 1.054
535.732 1.035
536.824 1.092
537.969 1.145
539.075 1.106
540.101 1.026
541.173 1.072
542.253 1.08
543.281 1.028
544.313 1.032
545.343 1.03
546.324 0.981
547.299 0.975
548.316 1.017
549.32 1.004
550.299 0.979
551.314 1.015
552.366 1.052
553.423 1.057
554.455 1.032
555.487 1.032
556.523 1.036
557.561 1.038
558.518 0.957
559.464 0.946
560.352 0.888
561.239 0.887
562.147 0.908
563.12 0.973
564.137 1.017
565.132 0.995
566.148 1.016
567.22 1.072
568.23 1.01
569.233 1.003
570.278 1.045
571.313 1.035
572.342 1.029
573.384 1.042
574.455 1.071
575.483 1.028
576.528 1.045
577.585 1.057
578.623 1.038
579.677 1.054
580.737 1.06
581.802 1.065
582.846 1.044
583.895 1.049
584.937 1.042
585.939 1.002
586.925 0.986
587.952 1.027
589.022 1.07
590.103 1.081
591.13 1.027
592.159 1.029
593.192 1.033
594.189 0.997
595.16 0.971
596.136 0.976
597.089 0.953
598.013 0.924
598.973 0.96
599.972 0.999
600.938 0.966
601.881 0.943
602.837 0.956
603.813 0.976
604.776 0.963
605.75 0.974
606.733 0.983