0.000 0.671
0.671 0.671
1.336 0.665
2.012 0.676
3.405 1.393
4.109 0.704
4.811 0.702
5.511 0.7
6.202 0.691
6.87 0.668
7.534 0.664
8.201 0.667
8.874 0.673
9.564 0.69
10.27 0.706
10.963 0.693
11.657 0.694
12.333 0.676
13.009 0.676
13.701 0.692
14.41 0.709
15.109 0.699
15.785 0.676
16.452 0.667
17.131 0.679
17.822 0.691
18.528 0.706
19.206 0.678
19.884 0.678
20.564 0.68
21.252 0.688
21.949 0.697
22.644 0.695
23.339 0.695
24.06 0.721
24.85 0.79
25.645 0.795
26.465 0.82
27.271 0.806
28.094 0.823
28.933 0.839
29.767 0.834
30.566 0.799
31.339 0.773
32.119 0.78
32.909 0.79
33.671 0.762
34.412 0.741
35.163 0.751
35.912 0.749
36.639 0.727
37.357 0.718
38.1 0.743
38.855 0.755
39.612 0.757
40.363 0.751
41.118 0.755
41.893 0.775
42.677 0.784
43.42 0.743
44.16 0.74
44.908 0.748
45.678 0.77
46.452 0.774
47.214 0.762
47.962 0.748
48.723 0.761
49.468 0.745
50.192 0.724
50.905 0.713
51.6 0.695
52.287 0.687
52.969 0.682
53.654 0.685
54.344 0.69
55.029 0.685
55.707 0.678
56.376 0.669
57.032 0.656
57.711 0.679
58.384 0.673
59.057 0.673
59.709 0.652
60.357 0.648
61.011 0.654
61.672 0.661
62.337 0.665
63.018 0.681
63.714 0.696
64.438 0.724
65.164 0.726
65.907 0.743
66.64 0.733
67.356 0.716
68.059 0.703
68.747 0.688
69.418 0.671
70.079 0.661
70.733 0.654
71.383 0.65
72.034 0.651
72.675 0.641
73.31 0.635
73.948 0.638
74.583 0.635
75.209 0.626
75.833 0.624
76.448 0.615
77.095 0.647
77.758 0.663
78.456 0.698
79.164 0.708
79.879 0.715
80.574 0.695
81.27 0.696
81.971 0.701
82.687 0.716
83.382 0.695
84.061 0.679
84.733 0.672
85.402 0.669
86.069 0.667
86.736 0.667
87.39 0.654
88.037 0.647
88.685 0.648
89.352 0.667
90.036 0.684
90.73 0.694
91.43 0.7
92.126 0.696
92.824 0.698
93.528 0.704
94.216 0.688
94.9 0.684
95.58 0.68
96.252 0.672
96.914 0.662
97.574 0.66
98.227 0.653
98.87 0.643
99.507 0.637
100.139 0.632
100.773 0.634
101.414 0.641
102.069 0.655
102.726 0.657
103.385 0.659
104.065 0.68
104.756 0.691
105.457 0.701
106.16 0.703
106.852 0.692
107.532 0.68
108.208 0.676
108.88 0.672
109.548 0.668
110.211 0.663
110.871 0.66
111.538 0.667
112.217 0.679
112.899 0.682
113.584 0.685
114.278 0.694
114.991 0.713
115.674 0.683
116.361 0.687
117.043 0.682
117.726 0.683
118.409 0.683
119.093 0.684
119.784 0.691
120.475 0.691
121.172 0.697
121.87 0.698
122.575 0.705
123.287 0.712
123.996 0.709
124.7 0.704
125.397 0.697
126.099 0.702
126.802 0.703
127.499 0.697
128.188 0.689
128.875 0.687
129.573 0.698
130.29 0.717
131.033 0.743
131.787 0.754
132.532 0.745
133.279 0.747
134.026 0.747
134.757 0.731
135.475 0.718
136.193 0.718
136.904 0.711
137.614 0.71
138.313 0.699
139.016 0.703
139.722 0.706
140.428 0.706
141.123 0.695
141.821 0.698
142.536 0.715
143.261 0.725
143.975 0.714
144.682 0.707
145.397 0.715
146.124 0.727
146.843 0.719
147.561 0.718
148.297 0.736
149.033 0.736
149.801 0.768
150.542 0.741
151.269 0.727
151.994 0.725
152.724 0.73
153.442 0.718
154.145 0.703
154.844 0.699
155.545 0.701
156.239 0.694
156.914 0.675
157.58 0.666
158.242 0.662
158.907 0.665
159.589 0.682
160.296 0.707
161.039 0.743
161.786 0.747
162.519 0.733
163.256 0.737
163.979 0.723
164.708 0.729
165.405 0.697
166.103 0.698
166.788 0.685
167.457 0.669
168.122 0.665
168.792 0.67
169.47 0.678
170.167 0.697
170.888 0.721
171.611 0.723
172.318 0.707
173.026 0.708
173.748 0.722
174.487 0.739
175.252 0.765
176.039 0.787
176.809 0.77
177.548 0.739
178.285 0.737
179.034 0.749
179.8 0.766
180.535 0.735
181.262 0.727
182.015 0.753
182.773 0.758
183.502 0.729
184.238 0.736
184.971 0.733
185.691 0.72
186.409 0.718
187.128 0.719
187.834 0.706
188.531 0.697
189.228 0.697
189.935 0.707
190.637 0.702
191.332 0.695
192.033 0.701
192.752 0.719
193.472 0.72
194.204 0.732
194.978 0.774
195.744 0.766
196.481 0.737
197.208 0.727
197.944 0.736
198.686 0.742
199.42 0.734
200.153 0.733
200.895 0.742
201.671 0.776
202.438 0.767
203.209 0.771
204.004 0.795
204.807 0.803
205.607 0.8
206.385 0.778
207.152 0.767
207.937 0.785
208.699 0.762
209.453 0.754
210.218 0.765
210.969 0.751
211.706 0.737
212.427 0.721
213.143 0.716
213.858 0.715
214.576 0.718
215.292 0.716
216.015 0.723
216.773 0.758
217.537 0.764
218.284 0.747
219.021 0.737
219.759 0.738
220.491 0.732
221.204 0.713
221.914 0.71
222.634 0.72
223.375 0.741
224.103 0.728
224.854 0.751
225.629 0.775
226.394 0.765
227.171 0.777
227.964 0.793
228.751 0.787
229.505 0.754
230.259 0.754
231.017 0.758
231.757 0.74
232.489 0.732
233.229 0.74
233.986 0.757
234.769 0.783
235.537 0.768
236.313 0.776
237.097 0.784
237.863 0.766
238.617 0.754
239.375 0.758
240.162 0.787
240.927 0.765
241.696 0.769
242.472 0.776
243.228 0.756
243.975 0.747
244.731 0.756
245.484 0.753
246.219 0.735
246.935 0.716
247.641 0.706
248.344 0.703
249.055 0.711
249.765 0.71
250.487 0.722
251.221 0.734
251.969 0.748
252.708 0.739
253.437 0.729
254.163 0.726
254.898 0.735
255.634 0.736
256.364 0.73
257.088 0.724
257.813 0.725
258.545 0.732
259.26 0.715
259.961 0.701
260.653 0.692
261.346 0.693
262.043 0.697
262.734 0.691
263.435 0.701
264.159 0.724
264.906 0.747
265.671 0.765
266.443 0.772
267.219 0.776
267.98 0.761
268.726 0.746
269.469 0.743
270.203 0.734
270.926 0.723
271.644 0.718
272.376 0.732
273.112 0.736
273.846 0.734
274.586 0.74
275.335 0.749
276.086 0.751
276.84 0.754
277.611 0.771
278.396 0.785
279.165 0.769
279.905 0.74
280.659 0.754
281.397 0.738
282.102 0.705
282.797 0.695
283.49 0.693
284.19 0.7
284.894 0.704
285.617 0.723
286.37 0.753
287.165 0.795
287.967 0.802
288.759 0.792
289.549 0.79
290.299 0.75
291.026 0.727
291.746 0.72
292.471 0.725
293.191 0.72
293.907 0.716
294.617 0.71
295.32 0.703
296.011 0.691
296.697 0.686
297.378 0.681
298.057 0.679
298.721 0.664
299.382 0.661
300.054 0.672
300.754 0.7
301.475 0.721
302.209 0.734
302.949 0.74
303.701 0.752
304.467 0.766
305.226 0.759
305.995 0.769
306.782 0.787
307.559 0.777
308.339 0.78
309.102 0.763
309.861 0.759
310.604 0.743
311.346 0.742
312.06 0.714
312.768 0.708
313.47 0.702
314.172 0.702
314.864 0.692
315.557 0.693
316.25 0.693
316.956 0.706
317.733 0.777
318.552 0.819
319.371 0.819
320.173 0.802
320.955 0.782
321.728 0.773
322.465 0.737
323.204 0.739
323.927 0.723
324.644 0.717
325.368 0.724
326.115 0.747
326.895 0.78
327.685 0.79
328.47 0.785
329.247 0.777
330.021 0.774
330.77 0.749
331.51 0.74
332.244 0.734
332.961 0.717
333.682 0.721
334.403 0.721
335.124 0.721
335.852 0.728
336.592 0.74
337.331 0.739
338.067 0.736
338.798 0.731
339.528 0.73
340.263 0.735
341.001 0.738
341.736 0.735
342.461 0.725
343.179 0.718
343.915 0.736
344.66 0.745
345.421 0.761
346.184 0.763
346.936 0.752
347.68 0.744
348.392 0.712
349.097 0.705
349.788 0.691
350.475 0.687
351.164 0.689
351.866 0.702
352.629 0.763
353.458 0.829
354.308 0.85
355.185 0.877
356.067 0.882
356.925 0.858
357.767 0.842
358.593 0.826
359.391 0.798
360.156 0.765
360.897 0.741
361.63 0.733
362.348 0.718
363.061 0.713
363.77 0.709
364.485 0.715
365.2 0.715
365.921 0.721
366.653 0.732
367.381 0.728
368.117 0.736
368.855 0.738
369.585 0.73
370.288 0.703
370.992 0.704
371.695 0.703
372.395 0.7
373.09 0.695
373.786 0.696
374.481 0.695
375.181 0.7
375.917 0.736
376.677 0.76
377.444 0.767
378.194 0.75
378.965 0.771
379.744 0.779
380.534 0.79
381.305 0.771
382.06 0.755
382.808 0.748
383.552 0.744
384.286 0.734
385.012 0.726
385.75 0.738
386.497 0.747
387.248 0.751
388.007 0.759
388.784 0.777
389.542 0.758
390.287 0.745
391.021 0.734
391.727 0.706
392.412 0.685
393.098 0.686
393.792 0.694
394.513 0.721
395.25 0.737
396.009 0.759
396.777 0.768
397.527 0.75
398.257 0.73
398.978 0.721
399.69 0.712
400.392 0.702
401.084 0.692
401.785 0.701
402.486 0.701
403.178 0.692
403.862 0.684
404.552 0.69
405.247 0.695
405.947 0.7
406.669 0.722
407.396 0.727
408.11 0.714
408.802 0.692
409.488 0.686
410.161 0.673
410.821 0.66
411.464 0.643
412.095 0.631
412.728 0.633
413.375 0.647
414.055 0.68
414.753 0.698
415.496 0.743
416.277 0.781
417.097 0.82
417.906 0.809
418.706 0.8
419.499 0.793
420.284 0.785
421.028 0.744
421.761 0.733
422.47 0.709
423.166 0.696
423.86 0.694
424.549 0.689
425.24 0.691
425.928 0.688
426.615 0.687
427.301 0.686
427.992 0.691
428.674 0.682
429.363 0.689
430.058 0.695
430.762 0.704
431.484 0.722
432.221 0.737
432.96 0.739
433.696 0.736
434.431 0.735
435.174 0.743
435.913 0.739
436.656 0.743
437.399 0.743
438.133 0.734
438.861 0.728
439.592 0.731
440.326 0.734
441.054 0.728
441.777 0.723
442.517 0.74
443.257 0.74
444.0 0.743
444.732 0.732
445.479 0.747
446.221 0.742
446.951 0.73
447.671 0.72
448.378 0.707
449.073 0.695
449.759 0.686
450.447 0.688
451.133 0.686
451.835 0.702
452.558 0.723
453.299 0.741
454.075 0.776
454.855 0.78
455.639 0.784
456.416 0.777
457.179 0.763
457.904 0.725
458.618 0.714
459.319 0.701
460.009 0.69
460.695 0.686
461.373 0.678
462.051 0.678
462.736 0.685
463.42 0.684
464.102 0.682
464.776 0.674
465.451 0.675
466.124 0.673
466.799 0.675
467.495 0.696
468.22 0.725
468.939 0.719
469.649 0.71
470.35 0.701
471.084 0.734
471.815 0.731
472.534 0.719
473.25 0.716
473.951 0.701
474.651 0.7
475.365 0.714
476.102 0.737
476.847 0.745
477.594 0.747
478.319 0.725
479.035 0.716
479.751 0.716
480.472 0.721
481.215 0.743
481.993 0.778
482.817 0.824
483.627 0.81
484.427 0.8
485.232 0.805
486.027 0.795
486.822 0.795
487.595 0.773
488.348 0.753
489.088 0.74
489.816 0.728
490.555 0.739
491.314 0.759
492.064 0.75
492.815 0.751
493.551 0.736
494.291 0.74
495.053 0.762
495.842 0.789
496.659 0.817
497.471 0.812
498.276 0.805
499.072 0.796
499.862 0.79
500.686 0.824
501.499 0.813
502.283 0.784
503.05 0.767
503.789 0.739
504.511 0.722
505.23 0.719
505.998 0.768
506.818 0.82
507.642 0.824
508.473 0.831
509.298 0.825
510.114 0.816
510.926 0.812
511.691 0.765
512.438 0.747
513.17 0.732
513.899 0.729
514.628 0.729
515.346 0.718
516.063 0.717
516.785 0.722
517.544 0.759
518.34 0.796
519.123 0.783
519.902 0.779
520.654 0.752
521.404 0.75
522.146 0.742
522.897 0.751
523.648 0.751
524.38 0.732
525.107 0.727
525.824 0.717
526.532 0.708
527.248 0.716
528.008 0.76
528.811 0.803
529.607 0.796
530.401 0.794
531.202 0.801
532.015 0.813
532.788 0.773
533.529 0.741
534.256 0.727
534.99 0.734
535.732 0.742
536.479 0.747
537.23 0.751
538.0 0.77
538.761 0.761
539.517 0.756
540.266 0.749
541.005 0.739
541.729 0.724
542.447 0.718
543.158 0.711
543.849 0.691
544.537 0.688
545.213 0.676
545.889 0.676
546.564 0.675
547.247 0.683
547.945 0.698
548.668 0.723
549.395 0.727
550.119 0.724
550.845 0.726
551.578 0.733
552.305 0.727
553.014 0.709
553.701 0.687
554.383 0.682
555.062 0.679
555.744 0.682
556.433 0.689
557.132 0.699
557.838 0.706
558.55 0.712
559.262 0.712
559.966 0.704
560.672 0.706
561.383 0.711
562.098 0.715
562.804 0.706
563.509 0.705
564.207 0.698
564.914 0.707
565.63 0.716
566.352 0.722
567.074 0.722
567.791 0.717
568.505 0.714
569.216 0.711
569.93 0.714
570.643 0.713
571.356 0.713
572.061 0.705
572.754 0.693
573.443 0.689
574.129 0.686
574.81 0.681
575.496 0.686
576.182 0.686
576.875 0.693
577.579 0.704
578.291 0.712
579.005 0.714
579.718 0.713
580.424 0.706
581.116 0.692
581.802 0.686
582.487 0.685
583.178 0.691
583.873 0.695
584.591 0.718
585.317 0.726
586.035 0.718
586.763 0.728
587.482 0.719
588.193 0.711
588.895 0.702
589.588 0.693
590.278 0.69
590.96 0.682
591.637 0.677
592.315 0.678
593.001 0.686
593.691 0.69
594.386 0.695
595.086 0.7
595.788 0.702
596.485 0.697
597.179 0.694
597.862 0.683
598.536 0.674
599.201 0.665
599.858 0.657
600.516 0.658
601.171 0.655
601.835 0.664
602.499 0.664
603.16 0.661
603.831 0.671
604.505 0.674
605.176 0.671
605.847 0.671
606.515 0.668
607.198 0.683
607.88 0.682
608.57 0.69
609.255 0.685
609.952 0.697
610.654 0.702
611.363 0.709
612.076 0.713
612.79 0.714
613.506 0.716
614.218 0.712
614.92 0.702
615.623 0.703
616.326 0.703
617.023 0.697
617.722 0.699
618.419 0.697
619.135 0.716
619.865 0.73
620.59 0.725
621.31 0.72
622.038 0.728
622.776 0.738