0.000 0.957
0.957 0.957
1.887 0.93
2.818 0.931
3.777 0.959
4.706 0.929
5.66 0.954
6.683 1.023
7.643 0.96
8.604 0.961
9.619 1.015
10.589 0.97
11.571 0.982
12.535 0.964
13.511 0.976
14.424 0.913
15.343 0.919
16.291 0.948
17.258 0.967
18.229 0.971
19.176 0.947
20.155 0.979
21.123 0.968
22.085 0.962
23.09 1.005
24.133 1.043
25.205 1.072
26.247 1.042
27.311 1.064
28.356 1.045
29.348 0.992
30.338 0.99
31.367 1.029
32.371 1.004
33.403 1.032
34.528 1.125
35.579 1.051
36.686 1.107
37.778 1.092
38.81 1.032
39.876 1.066
40.903 1.027
41.934 1.031
42.995 1.061
44.062 1.067
45.083 1.021
46.156 1.073
47.202 1.046
48.199 0.997
49.233 1.034
50.224 0.991
51.244 1.02
52.317 1.073
53.402 1.085
54.514 1.112
55.583 1.069
56.646 1.063
57.72 1.074
58.796 1.076
59.846 1.05
60.936 1.09
61.979 1.043
63.021 1.042
64.102 1.081
65.194 1.092
66.235 1.041
67.335 1.1
68.458 1.123
69.539 1.081
70.584 1.045
71.532 0.948
72.436 0.904
73.327 0.891
74.198 0.871
75.077 0.879
75.948 0.871
76.835 0.887
77.795 0.96
78.768 0.973
79.767 0.999
80.827 1.06
81.881 1.054
82.925 1.044
83.989 1.064
85.026 1.037
86.031 1.005
87.033 1.002
88.095 1.062
89.06 0.965
90.008 0.948
90.991 0.983
92.007 1.016
93.08 1.073
94.158 1.078
95.183 1.025
96.234 1.051
97.312 1.078
98.367 1.055
99.476 1.109
100.606 1.13
101.725 1.119
102.786 1.061
103.86 1.074
104.935 1.075
105.945 1.01
106.946 1.001
107.998 1.052
109.034 1.036
110.062 1.028
111.048 0.986
112.033 0.985
113.013 0.98
113.953 0.94
114.907 0.954
115.89 0.983
116.871 0.981
117.899 1.028
118.953 1.054
119.989 1.036
121.045 1.056
122.105 1.06
123.132 1.027
124.187 1.055
125.251 1.064
126.285 1.034
127.345 1.06
128.421 1.076
129.431 1.01
130.459 1.028
131.496 1.037
132.537 1.041
133.621 1.084
134.693 1.072
135.729 1.036
136.737 1.008
137.706 0.969
138.64 0.934
139.568 0.928
140.483 0.915
141.413 0.93
142.376 0.963
143.321 0.945
144.292 0.971
145.275 0.983
146.258 0.983
147.243 0.985
148.197 0.954
149.155 0.958
150.124 0.969
151.099 0.975
152.069 0.97
153.012 0.943
153.921 0.909
154.834 0.913
155.758 0.924
156.68 0.922
157.609 0.929
158.548 0.939
159.458 0.91
160.391 0.933
161.309 0.918
162.232 0.923
163.169 0.937
164.143 0.974
165.119 0.976
166.091 0.972
167.072 0.981
168.048 0.976
169.035 0.987
170.01 0.975
170.973 0.963
171.911 0.938
172.803 0.892
173.679 0.876
174.558 0.879
175.43 0.872
176.315 0.885
177.243 0.928
178.177 0.934
179.12 0.943
180.092 0.972
181.041 0.949
181.971 0.93
182.893 0.922
183.816 0.923
184.719 0.903
185.659 0.94
186.603 0.944
187.531 0.928
188.479 0.948
189.418 0.939
190.338 0.92
191.27 0.932
192.206 0.936
193.133 0.927
194.078 0.945
194.979 0.901
195.864 0.885
196.729 0.865
197.597 0.868
198.485 0.888
199.367 0.882
200.236 0.869
201.118 0.882
201.983 0.865
202.835 0.852
203.643 0.808
204.459 0.816
205.258 0.799
206.037 0.779
206.811 0.774
207.575 0.764
208.335 0.76
209.077 0.742
209.81 0.733
210.552 0.742
211.306 0.754
212.072 0.766
212.842 0.77
213.603 0.761
214.366 0.763
215.147 0.781
215.944 0.797
216.771 0.827
217.628 0.857
218.478 0.85
219.356 0.878
220.254 0.898
221.195 0.941
222.148 0.953
223.077 0.929
224.01 0.933
224.976 0.966
225.932 0.956
226.88 0.948
227.867 0.987
228.832 0.965
229.816 0.984
230.815 0.999
231.815 1.0
232.807 0.992
233.813 1.006
234.806 0.993
235.783 0.977
236.781 0.998
237.766 0.985
238.754 0.988
239.789 1.035
240.851 1.062
241.894 1.043
242.954 1.06
244.02 1.066
245.064 1.044
246.163 1.099
247.278 1.115
248.362 1.084
249.477 1.115
250.568 1.091
251.613 1.045
252.663 1.05
253.687 1.024
254.69 1.003
255.722 1.032
256.753 1.031
257.829 1.076
258.934 1.105
260.018 1.084
261.088 1.07
262.116 1.028
263.14 1.024
264.158 1.018
265.179 1.021
266.19 1.011
267.209 1.019
268.214 1.005
269.18 0.966
270.156 0.976
271.113 0.957
272.08 0.967
273.091 1.011
274.106 1.015
275.153 1.047
276.229 1.076
277.278 1.049
278.334 1.056
279.386 1.052
280.47 1.084
281.529 1.059
282.593 1.064
283.668 1.075
284.744 1.076
285.793 1.049
286.869 1.076
287.957 1.088
288.998 1.041
290.115 1.117
291.206 1.091
292.254 1.048
293.293 1.039
294.232 0.939
295.198 0.966
296.204 1.006
297.195 0.991
298.167 0.972
299.179 1.012
300.262 1.083
301.394 1.132
302.532 1.138
303.665 1.133
304.808 1.143
305.944 1.136
307.004 1.06
307.981 0.977
309.214 1.233
310.409 1.195
311.609 1.2
312.817 1.208
313.954 1.137
315.125 1.171
316.348 1.223
317.548 1.2
318.737 1.189
319.925 1.188
321.105 1.18
322.311 1.206
323.49 1.179
324.687 1.197
325.849 1.162
327.021 1.172
328.196 1.175
329.343 1.147
330.492 1.149
331.642 1.15
332.739 1.097
333.852 1.113
334.979 1.127
336.051 1.072
337.136 1.085
338.277 1.141
339.372 1.095
340.461 1.089
341.579 1.118
342.616 1.037
343.671 1.055
344.772 1.101
345.787 1.015
346.828 1.041
347.859 1.031
348.883 1.024
349.939 1.056
351.036 1.097
352.083 1.047
353.156 1.073
354.202 1.046
355.224 1.022
356.275 1.051
357.349 1.074
358.373 1.024
359.406 1.033
360.467 1.061
361.487 1.02
362.5 1.013
363.549 1.049
364.627 1.078
365.677 1.05
366.724 1.047
367.805 1.081
368.895 1.09
369.938 1.043
371.007 1.069
372.095 1.088
373.147 1.052
374.212 1.065
375.321 1.109
376.401 1.08
377.511 1.11
378.606 1.095
379.627 1.021
380.643 1.016
381.613 0.97
382.538 0.925
383.51 0.972
384.458 0.948
385.366 0.908
386.407 1.041
387.445 1.038
388.501 1.056
389.57 1.069
390.628 1.058
391.673 1.045
392.683 1.01
393.68 0.997
394.708 1.028
395.751 1.043
396.774 1.023
397.844 1.07
398.933 1.089
399.996 1.063
401.089 1.093
402.19 1.101
403.256 1.066
404.332 1.076
405.432 1.1
406.535 1.103
407.635 1.1
408.7 1.065
409.701 1.001
410.694 0.993
411.729 1.035
412.739 1.01
413.73 0.991
414.718 0.988
415.73 1.012
416.773 1.043
417.832 1.059
418.96 1.128
420.121 1.161
421.249 1.128
422.399 1.15
423.539 1.14
424.649 1.11
425.727 1.078
426.807 1.08
427.881 1.074
429.0 1.119
430.14 1.14
431.244 1.104
432.367 1.123
433.518 1.151
434.663 1.145
435.731 1.068
436.763 1.032
437.775 1.012
438.731 0.956
439.681 0.95
440.698 1.017
441.753 1.055
442.805 1.052
443.906 1.101
445.042 1.136
446.155 1.113
447.269 1.114
448.415 1.146
449.521 1.106
450.597 1.076
451.705 1.108
452.84 1.135
453.936 1.096
455.036 1.1
456.138 1.102
457.21 1.072
458.319 1.109
459.434 1.115
460.521 1.087
461.631 1.11
462.746 1.115
463.86 1.114
464.98 1.12
466.112 1.132
467.203 1.091
468.3 1.097
469.435 1.135
470.511 1.076
471.601 1.09
472.683 1.082
473.759 1.076
474.862 1.103
475.958 1.096
477.021 1.063
478.098 1.077
479.153 1.055
480.188 1.035
481.264 1.076
482.353 1.089
483.423 1.07
484.535 1.112
485.678 1.143
486.74 1.062
487.777 1.037
488.832 1.055
489.81 0.978
490.793 0.983
491.77 0.977
492.789 1.019
493.786 0.997
494.854 1.068
495.987 1.133
497.122 1.135
498.239 1.117
499.375 1.136
500.504 1.129
501.606 1.102
502.728 1.122
503.78 1.052
504.727 0.947
505.744 1.017
506.818 1.074
507.924 1.106
509.055 1.131
510.188 1.133
511.361 1.173
512.527 1.166
513.691 1.164
514.81 1.119
515.896 1.086
516.978 1.082
518.048 1.07
519.119 1.071
520.16 1.041
521.221 1.061
522.283 1.062
523.311 1.028
524.342 1.031
525.389 1.047
526.412 1.023
527.47 1.058
528.53 1.06
529.553 1.023
530.631 1.078
531.709 1.078
532.762 1.053
533.843 1.081
534.9 1.057
535.943 1.043
537.009 1.066
538.05 1.041
539.105 1.055
540.187 1.082
541.241 1.054
542.331 1.09
543.408 1.077
544.454 1.046
545.552 1.098
546.637 1.085
547.695 1.058
548.771 1.076
549.847 1.076
550.918 1.071
551.997 1.079
553.011 1.014
553.984 0.973
554.941 0.957
555.851 0.91
556.774 0.923
557.74 0.966
558.785 1.045
559.858 1.073
560.929 1.071
562.042 1.113
563.156 1.114
564.268 1.112
565.355 1.087
566.444 1.089
567.528 1.084
568.599 1.071
569.598 0.999
570.663 1.065
571.753 1.09
572.845 1.092
573.93 1.085
574.87 0.94
575.784 0.914
576.696 0.912
577.574 0.878
578.487 0.913
579.417 0.93
580.301 0.884
581.207 0.906
582.135 0.928
583.098 0.963
584.064 0.966
585.071 1.007
586.07 0.999
587.07 1.0
588.051 0.981
589.046 0.995
590.064 1.018
591.064 1.0
592.094 1.03
593.145 1.051
594.154 1.009
595.18 1.026
596.204 1.024
597.188 0.984
598.177 0.989
599.202 1.025
600.181 0.979
601.166 0.985
602.149 0.983
603.179 1.03
604.201 1.022
605.205 1.004