0.000 1.896
1.896 1.896
2.823 0.927
3.665 0.842
4.511 0.846
5.397 0.886
6.171 0.774
6.925 0.754
7.789 0.864
8.644 0.855
9.416 0.772
10.28 0.864
11.312 1.032
12.186 0.874
13.049 0.863
13.908 0.859
14.682 0.774
15.423 0.741
16.123 0.7
16.861 0.738
17.693 0.832
18.517 0.824
19.247 0.73
20.031 0.784
21.066 1.035
21.971 0.905
22.845 0.874
23.926 1.081
25.057 1.131
26.074 1.017
27.001 0.927
28.0 0.999
29.1 1.1
30.025 0.925
30.871 0.846
31.855 0.984
32.845 0.99
33.687 0.842
34.592 0.905
35.677 1.085
36.559 0.882
37.393 0.834
38.366 0.973
39.358 0.992
40.247 0.889
41.19 0.943
42.267 1.077
43.223 0.956
44.145 0.922
45.165 1.02
46.276 1.111
47.291 1.015
48.165 0.874
49.095 0.93
50.27 1.175
51.222 0.952
52.206 0.984
53.324 1.118
54.397 1.073
55.492 1.095
56.48 0.988
57.346 0.866
58.259 0.913
59.428 1.169
60.52 1.092
61.499 0.979
62.564 1.065
63.69 1.126
64.696 1.006
65.626 0.93
66.614 0.988
67.684 1.07
68.713 1.029
69.621 0.908
70.565 0.944
71.665 1.1
72.732 1.067
73.747 1.015
74.788 1.041
75.862 1.074
76.977 1.115
77.982 1.005
79.05 1.068
80.17 1.12
81.313 1.143
82.311 0.998
83.276 0.965
84.343 1.067
85.477 1.134
86.539 1.062
87.494 0.955
88.594 1.1
89.725 1.131
90.71 0.985
91.722 1.012
92.846 1.124
93.899 1.053
94.916 1.017
96.008 1.092
97.065 1.057
98.135 1.07
99.23 1.095
100.17 0.94
101.073 0.903
102.173 1.1
103.242 1.069
104.171 0.929
105.162 0.991
106.259 1.097
107.347 1.088
108.38 1.033
109.265 0.885
110.079 0.814
110.965 0.886
112.027 1.062
113.061 1.034
113.985 0.924
114.917 0.932
116.068 1.151
117.185 1.117
118.194 1.009
119.087 0.893
120.05 0.963
121.13 1.08
122.157 1.027
123.085 0.928
124.028 0.943
125.07 1.042
126.117 1.047
127.159 1.042
128.101 0.942
129.033 0.932
130.054 1.021
131.193 1.139
132.267 1.074
133.164 0.897
133.945 0.781
134.658 0.713
135.45 0.792
136.612 1.162
137.631 1.019
138.511 0.88
139.4 0.889
140.356 0.956
141.389 1.033
142.361 0.972
143.276 0.915
144.235 0.959
145.327 1.092
146.342 1.015
147.277 0.935
148.239 0.962
149.23 0.991
150.136 0.906
150.988 0.852
151.842 0.854
152.895 1.053
153.891 0.996
154.826 0.935
155.873 1.047
156.913 1.04
157.844 0.931
158.822 0.978
159.859 1.037
160.868 1.009
161.804 0.936
162.783 0.979
163.85 1.067
164.905 1.055
165.862 0.957
166.849 0.987
167.897 1.048
168.896 0.999
169.809 0.913
170.795 0.986
171.883 1.088
172.894 1.011
173.82 0.926
174.785 0.965
175.789 1.004
176.854 1.065
177.834 0.98
178.692 0.858
179.508 0.816
180.462 0.954
181.522 1.06
182.501 0.979
183.501 1.0
184.552 1.051
185.567 1.015
186.495 0.928
187.409 0.914
188.396 0.987
189.421 1.025
190.406 0.985
191.279 0.873
192.13 0.851
193.069 0.939
194.073 1.004
195.048 0.975
195.938 0.89
196.858 0.92
197.843 0.985
198.906 1.063
199.899 0.993
200.782 0.883
201.658 0.876
202.607 0.949
203.61 1.003
204.553 0.943
205.449 0.896
206.384 0.935
207.433 1.049
208.508 1.075
209.548 1.04
210.513 0.965
211.376 0.863
212.23 0.854
213.133 0.903
214.112 0.979
215.012 0.9
215.922 0.91
216.916 0.994
217.94 1.024
218.855 0.915
219.751 0.896
226.948 0.951
227.825 0.877
228.715 0.89
229.811 1.096
230.934 1.123
231.952 1.018
232.855 0.903
233.78 0.925
234.838 1.058
235.852 1.014
236.771 0.919
237.699 0.928
238.708 1.009
239.752 1.044
240.748 0.996
241.63 0.882
242.486 0.856
243.446 0.96
244.537 1.091
245.574 1.037
246.55 0.976
247.336 0.786
248.232 0.896
249.317 1.085
250.312 0.995
251.147 0.835
251.955 0.808
252.887 0.932
254.008 1.121
255.06 1.052
255.986 0.926
256.906 0.92
257.897 0.991
258.935 1.038
259.864 0.929
260.646 0.782
261.368 0.722
262.12 0.752
263.093 0.973
264.055 0.962
264.908 0.853
265.776 0.868
266.776 1.0
267.784 1.008
268.697 0.913
269.662 0.965
270.705 1.043
271.72 1.015
272.629 0.909
273.591 0.962
274.672 1.081
275.641 0.969
276.642 1.001
277.717 1.075
278.766 1.049
279.732 0.966
280.717 0.985
281.765 1.048
282.707 0.942
283.642 0.935
284.61 0.968
285.593 0.983
286.499 0.906
287.454 0.955
288.489 1.035
289.465 0.976
290.394 0.929
291.349 0.955
292.379 1.03
293.387 1.008
294.369 0.982
295.266 0.897
296.152 0.886
297.12 0.968
298.204 1.084
299.217 1.013
300.249 1.032
301.336 1.087
302.4 1.064
303.404 1.004
304.401 0.997
305.3 0.899
306.146 0.846
307.094 0.948
308.263 1.169
309.272 1.009
310.207 0.935
311.193 0.986
312.247 1.054
313.214 0.967
314.031 0.817
314.864 0.833
315.75 0.886
316.722 0.972
317.635 0.913
318.491 0.856
319.407 0.916
320.449 1.042
321.429 0.98
322.299 0.87
323.161 0.862
324.137 0.976
325.201 1.064
326.158 0.957
327.053 0.895
327.992 0.939
328.991 0.999
329.899 0.908
330.791 0.892
331.752 0.961
332.789 1.037
333.739 0.95
334.639 0.9
335.567 0.928
336.53 0.963
337.458 0.928
338.341 0.883
339.279 0.938
340.288 1.009
341.209 0.921
342.025 0.816
342.836 0.811
343.719 0.883
344.67 0.951
345.565 0.895
346.493 0.928
347.52 1.027
348.518 0.998
349.436 0.918
350.365 0.929
351.357 0.992
352.355 0.998
353.287 0.932
354.135 0.848
354.95 0.815
355.871 0.921
356.97 1.099
358.047 1.077
359.072 1.025
360.066 0.994
360.953 0.887
361.833 0.88
362.815 0.982
363.893 1.078
364.866 0.973
365.775 0.909
366.766 0.991
367.825 1.059
368.848 1.023
369.794 0.946
370.721 0.927
371.742 1.021
372.745 1.003
373.725 0.98
374.532 0.807
375.296 0.764
376.083 0.787
376.947 0.864
377.714 0.767
378.517 0.803
379.405 0.888
380.243 0.838
381.13 0.887
382.108 0.978
383.081 0.973
384.003 0.922
384.854 0.851
385.722 0.868
386.641 0.919
387.578 0.937
388.48 0.902
389.359 0.879
390.262 0.903
391.307 1.045
392.287 0.98
393.228 0.941
394.164 0.936
394.994 0.83
395.752 0.758
396.541 0.789
397.464 0.923
398.494 1.03
399.418 0.924
400.341 0.923
401.399 1.058
402.42 1.021
403.335 0.915
404.218 0.883
405.242 1.024
406.293 1.051
407.312 1.019
408.206 0.894
409.08 0.874
410.051 0.971
411.087 1.036
411.991 0.904
412.927 0.936
414.036 1.109
415.137 1.101
416.075 0.938
416.996 0.921
418.017 1.021
419.065 1.048
419.995 0.93
420.857 0.862
421.831 0.974
422.872 1.041
423.83 0.958
424.724 0.894
425.672 0.948
426.721 1.049
427.659 0.938
428.502 0.843
429.396 0.894
430.424 1.028
431.447 1.023
432.338 0.891
433.269 0.931
434.318 1.049
435.396 1.078
436.442 1.046
437.42 0.978
438.279 0.859
439.142 0.863
440.119 0.977
441.161 1.042
442.078 0.917
443.05 0.972
444.13 1.08
445.097 0.967
445.948 0.851
446.84 0.892
447.836 0.996
448.837 1.001
449.719 0.882
450.606 0.887
451.545 0.939
452.499 0.954
453.34 0.841
454.214 0.874
455.192 0.978
456.158 0.966
457.054 0.896
457.999 0.945
459.076 1.077
460.063 0.987
460.975 0.912
461.909 0.934
462.929 1.02
463.859 0.93
464.782 0.923
465.774 0.992
466.823 1.049
467.756 0.933
468.725 0.969
469.805 1.08
470.873 1.068
471.885 1.012
472.871 0.986
473.808 0.937
474.678 0.87
475.595 0.917
476.709 1.114
477.793 1.084
478.734 0.941
479.708 0.974
480.757 1.049
481.806 1.049
482.731 0.925
483.63 0.899
484.646 1.016
485.735 1.089
486.71 0.975
487.613 0.903
488.581 0.968
489.633 1.052
490.625 0.992
491.481 0.856
492.299 0.818
493.164 0.865
494.132 0.968
495.152 1.02
496.053 0.901
496.899 0.846
497.847 0.948
498.876 1.029
499.877 1.001
500.745 0.868
501.59 0.845
502.613 1.023
503.66 1.047
504.634 0.974
505.464 0.83
506.311 0.847
507.252 0.941
508.215 0.963
509.101 0.886
509.923 0.822
510.81 0.887
511.855 1.045
512.849 0.994
513.79 0.941
514.618 0.828
515.417 0.799
516.322 0.905
517.432 1.11
518.404 0.972
519.288 0.884
520.261 0.973
521.298 1.037
522.247 0.949
523.071 0.824
523.916 0.845
524.933 1.017
525.975 1.042
526.985 1.01
527.955 0.97
528.794 0.839
529.634 0.84
530.569 0.935
531.62 1.051
532.537 0.917
533.493 0.956
534.512 1.019
535.424 0.912
536.261 0.837
537.169 0.908
538.162 0.993
539.128 0.966
540.048 0.92
540.846 0.798
541.637 0.791
542.538 0.901
543.666 1.128
544.746 1.08
545.772 1.026
546.668 0.896
547.498 0.83
548.39 0.892
549.433 1.043
550.358 0.925
551.214 0.856
552.107 0.893
553.115 1.008
554.12 1.005
554.966 0.846
555.8 0.834
556.728 0.928
557.905 1.177
558.913 1.008
559.84 0.927
560.798 0.958
561.816 1.018
562.816 1.0
563.796 0.98
564.682 0.886
565.525 0.843
566.584 1.059
567.71 1.126
568.793 1.083
569.767 0.974
570.655 0.888
571.615 0.96
572.679 1.064
573.72 1.041
574.63 0.91
575.529 0.899
576.549 1.02
577.644 1.095
578.711 1.067
579.685 0.974
580.505 0.82
581.336 0.831
582.348 1.012
583.456 1.108
584.405 0.949
585.286 0.881
586.297 1.011
587.392 1.095
588.435 1.043
589.352 0.917
590.281 0.929
591.285 1.004
592.285 1.0
593.18 0.895
594.071 0.891
595.006 0.935
596.007 1.001
596.893 0.886
597.716 0.823
598.586 0.87
599.571 0.985
600.585 1.014
601.444 0.859
602.262 0.818
603.148 0.886
604.122 0.974
605.138 1.016
605.994 0.856
606.851 0.857
607.816 0.965
608.843 1.027
609.74 0.897
610.642 0.902
611.638 0.996
612.713 1.075
613.697 0.984
614.557 0.86
615.408 0.851
616.4 0.992
617.502 1.102
618.562 1.06
619.556 0.994
620.495 0.939
621.424 0.929
622.446 1.022
623.482 1.036
624.524 1.042
625.508 0.984
626.472 0.964
627.471 0.999
628.488 1.017
629.501 1.013
630.437 0.936
631.348 0.911
632.359 1.011
633.378 1.019
634.246 0.868
635.12 0.874
636.079 0.959
637.109 1.03
637.987 0.878
638.84 0.853
639.746 0.906
640.711 0.965
641.587 0.876
642.44 0.853
643.368 0.928
644.375 1.007
645.345 0.97
646.2 0.855
647.116 0.916
648.106 0.99
649.125 1.019
650.051 0.926
650.953 0.902
651.888 0.935
652.91 1.022
653.836 0.926
654.686 0.85
655.617 0.931
656.681 1.064
657.722 1.041
658.718 0.996
659.621 0.903
660.428 0.807
661.262 0.834
662.387 1.125
663.462 1.075