0.000 0.317
0.317 0.317
6.999 6.682
7.801 0.802
13.156 5.355
13.513 0.357
13.999 0.486
19.013 5.014
22.515 3.502
23.326 0.811
24.118 0.792
24.849 0.731
25.629 0.78
26.411 0.782
27.185 0.774
27.971 0.786
28.747 0.776
29.514 0.767
30.253 0.739
31.002 0.749
31.813 0.811
32.683 0.87
33.527 0.844
34.262 0.735
35.028 0.766
35.792 0.764
36.677 0.885
37.545 0.868
38.435 0.89
39.225 0.79
40.049 0.824
40.872 0.823
41.724 0.852
42.484 0.76
43.252 0.768
44.017 0.765
44.865 0.848
45.728 0.863
46.503 0.775
47.304 0.801
48.105 0.801
48.94 0.835
49.727 0.787
50.448 0.721
51.187 0.739
51.938 0.751
52.727 0.789
53.498 0.771
54.219 0.721
54.971 0.752
55.731 0.76
56.54 0.809
57.339 0.799
58.066 0.727
58.814 0.748
59.563 0.749
60.296 0.733
61.013 0.717
61.707 0.694
62.409 0.702
63.12 0.711
63.869 0.749
64.601 0.732
65.333 0.732
66.075 0.742
66.84 0.765
67.605 0.765
68.355 0.75
69.078 0.723
69.813 0.735
70.562 0.749
71.337 0.775
72.105 0.768
72.861 0.756
73.582 0.721
74.283 0.701
74.992 0.709
75.712 0.72
76.456 0.744
77.199 0.743
77.902 0.703
78.597 0.695
79.296 0.699
80.01 0.714
80.761 0.751
81.548 0.787
82.304 0.756
83.032 0.728
83.762 0.73
84.501 0.739
85.256 0.755
86.017 0.761
86.728 0.711
87.432 0.704
88.133 0.701
88.863 0.73
89.627 0.764
90.369 0.742
91.062 0.693
91.735 0.673
92.375 0.64
93.003 0.628
93.647 0.644
94.388 0.741
95.146 0.758
95.845 0.699
96.558 0.713
97.278 0.72
98.056 0.778
98.832 0.776
99.579 0.747
100.261 0.682
100.948 0.687
101.636 0.688
102.37 0.734
103.122 0.752
103.845 0.723
104.558 0.713
105.281 0.723
106.024 0.743
106.794 0.77
107.587 0.793
108.359 0.772
109.146 0.787
109.921 0.775
110.682 0.761
111.452 0.77
112.222 0.77
112.979 0.757
113.712 0.733
114.491 0.779
115.319 0.828
116.204 0.885
117.053 0.849
117.851 0.798
118.584 0.733
119.309 0.725
120.028 0.719
120.77 0.742
121.559 0.789
122.372 0.813
123.187 0.815
123.959 0.772
124.725 0.766
125.504 0.779
126.312 0.808
127.132 0.82
127.923 0.791
128.655 0.732
129.419 0.764
130.21 0.791
131.06 0.85
131.911 0.851
132.685 0.774
133.436 0.751
134.19 0.754
134.967 0.777
135.764 0.797
136.507 0.743
137.195 0.688
137.868 0.673
138.53 0.662
139.208 0.678
139.898 0.69
140.561 0.663
141.24 0.679
141.919 0.679
142.666 0.747
143.48 0.814
144.299 0.819
145.048 0.749
145.776 0.728
146.484 0.708
147.195 0.711
147.919 0.724
148.625 0.706
149.315 0.69
150.008 0.693
150.687 0.679
151.373 0.686
152.059 0.686
152.736 0.677
153.405 0.669
154.08 0.675
154.751 0.671
155.422 0.671
156.07 0.648
156.706 0.636
157.192 0.486
157.523 0.331
157.99 0.467
158.648 0.658
159.292 0.644
159.949 0.657
160.593 0.644
160.967 0.374
161.239 0.272
161.87 0.631
162.489 0.619
162.987 0.498
163.259 0.272
163.777 0.518
164.353 0.576
164.936 0.583
165.515 0.579
166.052 0.537
166.328 0.276
166.698 0.37
167.283 0.585
167.859 0.576
168.437 0.578
169.029 0.592
169.673 0.644
170.374 0.701
171.012 0.638
171.707 0.695
172.389 0.682
173.033 0.644
173.699 0.666
174.431 0.732
175.292 0.861
176.186 0.894
176.976 0.79
177.762 0.786
178.566 0.804
179.382 0.816
180.192 0.81
180.96 0.768
181.675 0.715
182.404 0.729
183.175 0.771
183.439 0.264
185.825 2.386
186.122 0.297
186.389 0.267
186.703 0.314
189.926 3.223
190.251 0.325
190.736 0.485
191.047 0.311
191.974 0.927
192.999 1.025
194.985 1.986
197.118 2.133
197.6 0.482
197.869 0.269
199.792 1.923
200.228 0.436
201.437 1.209
201.846 0.409
204.551 2.705
204.923 0.372
210.996 6.073
211.683 0.687
212.432 0.749
214.151 1.719
214.968 0.817
216.933 1.965
218.37 1.437
218.707 0.337
223.615 4.908
223.885 0.27
225.619 1.734
226.95 1.331
227.656 0.706
227.934 0.278
229.293 1.359
234.448 5.155
235.085 0.637
235.726 0.641
236.379 0.653
237.052 0.673
237.699 0.647
238.437 0.738
239.2 0.763
239.972 0.772
240.229 0.257
240.664 0.435
241.653 0.989
242.646 0.993
242.921 0.275
243.21 0.289
243.508 0.298
243.793 0.285
244.08 0.287
244.342 0.262
244.796 0.454
246.265 1.469
251.52 5.255
251.842 0.322
252.128 0.286
252.505 0.377
252.856 0.351
253.16 0.304
253.454 0.294
254.342 0.888
254.693 0.351
254.991 0.298
255.317 0.326
255.597 0.28
255.951 0.354
256.213 0.262
256.71 0.497
257.055 0.345
257.766 0.711
259.038 1.272
259.475 0.437
260.57 1.095
260.857 0.287
261.15 0.293
261.52 0.37
262.813 1.293
265.881 3.068
266.18 0.299
266.534 0.354
270.849 4.315
271.146 0.297
272.124 0.978
272.47 0.346
272.739 0.269
273.097 0.358
273.365 0.268
274.348 0.983
274.872 0.524
276.047 1.175
276.977 0.93
277.49 0.513
287.181 9.691
287.995 0.814
288.755 0.76
289.453 0.698
290.253 0.8
290.964 0.711
291.745 0.781
292.533 0.788
293.302 0.769
294.048 0.746
294.802 0.754
295.571 0.769
296.378 0.807
297.202 0.824
297.992 0.79
298.741 0.749
299.493 0.752
300.246 0.753
301.033 0.787
301.869 0.836
302.709 0.84
303.5 0.791
304.296 0.796
305.089 0.793
305.894 0.805
306.686 0.792
307.453 0.767
308.184 0.731
308.927 0.743
309.673 0.746
310.446 0.773
311.231 0.785
312.001 0.77
312.732 0.731
313.457 0.725
314.18 0.723
314.939 0.759
315.722 0.783
316.483 0.761
317.247 0.764
318.009 0.762
318.755 0.746
319.499 0.744
320.227 0.728
320.916 0.689
321.593 0.677
322.261 0.668
322.954 0.693
323.682 0.728
324.45 0.768
325.22 0.77
325.977 0.757
326.696 0.719
327.431 0.735
328.151 0.72
328.887 0.736
329.67 0.783
330.451 0.781
331.184 0.733
331.884 0.7
332.568 0.684
333.238 0.67
333.912 0.674
334.552 0.64
335.195 0.643
335.87 0.675
336.596 0.726
337.316 0.72
338.036 0.72
338.75 0.714
339.483 0.733
340.231 0.748
341.034 0.803
341.668 0.634
342.353 0.685
343.028 0.675
343.725 0.697
344.443 0.718
345.14 0.697
345.842 0.702
346.554 0.712
347.317 0.763
348.076 0.759
348.841 0.765
349.571 0.73
350.319 0.748
351.063 0.744
351.822 0.759
352.601 0.779
353.346 0.745
354.1 0.754
354.845 0.745
355.594 0.749
356.334 0.74
356.607 0.273
357.094 0.487
357.933 0.839
358.402 0.469
358.709 0.307
359.443 0.734
360.18 0.737
360.924 0.744
361.702 0.778
362.459 0.757
363.182 0.723
363.921 0.739
364.679 0.758
365.454 0.775
366.206 0.752
366.914 0.708
367.647 0.733
368.36 0.713
369.108 0.748
369.875 0.767
370.628 0.753
371.346 0.718
371.603 0.257
372.012 0.409
372.507 0.495
372.794 0.287
373.474 0.68
373.94 0.466
374.215 0.275
374.476 0.261
374.728 0.252
375.023 0.295
375.311 0.288
375.593 0.282
375.888 0.295
376.18 0.292
376.446 0.266
383.244 6.798
383.994 0.75
384.245 0.251
384.499 0.254
384.84 0.341
389.716 4.876
390.537 0.821
391.389 0.852
392.238 0.849
393.047 0.809
393.848 0.801
394.626 0.778
395.401 0.775
396.162 0.761
396.92 0.758
397.351 0.431
397.657 0.306
398.328 0.671
398.999 0.671
399.747 0.748
400.452 0.705
401.279 0.827
401.665 0.386
402.297 0.632
403.254 0.957
403.575 0.321
404.018 0.443
404.837 0.819
405.626 0.789
406.422 0.796
407.221 0.799
407.984 0.763
408.7 0.716
409.428 0.728
410.166 0.738
410.931 0.765
411.7 0.769
412.424 0.724
413.175 0.751
413.909 0.734
414.659 0.75
415.386 0.727
416.093 0.707
416.821 0.728
417.569 0.748
418.356 0.787
419.124 0.768
419.838 0.714
420.576 0.738
421.306 0.73
422.053 0.747
422.791 0.738
423.499 0.708
424.205 0.706
424.913 0.708
425.635 0.722
426.368 0.733
427.085 0.717
427.777 0.692
428.484 0.707
429.19 0.706
429.917 0.727
430.654 0.737
431.373 0.719
432.095 0.722
432.826 0.731
433.562 0.736
434.311 0.749
435.033 0.722
435.748 0.715
436.462 0.714
437.164 0.702
437.858 0.694
438.54 0.682
438.891 0.351
439.255 0.364
439.848 0.593
440.503 0.655
441.183 0.68
441.899 0.716
442.634 0.735
443.345 0.711
444.062 0.717
444.328 0.266
444.782 0.454
445.175 0.393
445.493 0.318
445.795 0.302
446.315 0.52
446.571 0.256
446.886 0.315
447.344 0.458
454.268 6.924
454.529 0.261
454.993 0.464
455.857 0.864
456.655 0.798
457.521 0.866
458.466 0.945
459.281 0.815
460.144 0.863
460.95 0.806
461.415 0.465
461.702 0.287
462.126 0.424
462.435 0.309
463.183 0.748
463.898 0.715
464.866 0.968
465.725 0.859
466.351 0.626
466.649 0.298
467.472 0.823
468.38 0.908
469.293 0.913
470.169 0.876
471.02 0.851
471.826 0.806
472.588 0.762
473.332 0.744
474.075 0.743
474.85 0.775
475.638 0.788
476.442 0.804
477.212 0.77
477.985 0.773
478.743 0.758
479.497 0.754
480.253 0.756
480.987 0.734
481.37 0.383
481.645 0.275
481.898 0.253
482.411 0.513
483.137 0.726
483.878 0.741
484.537 0.659
485.469 0.932
485.825 0.356
486.183 0.358
486.843 0.66
487.609 0.766
488.272 0.663
488.87 0.598
489.679 0.809
490.388 0.709
491.11 0.722
491.851 0.741
492.514 0.663
493.306 0.792
494.037 0.731
494.777 0.74
495.536 0.759
496.294 0.758
496.746 0.452
497.062 0.316
497.73 0.668
498.454 0.724
499.201 0.747
499.976 0.775
500.759 0.783
501.514 0.755
502.294 0.78
503.1 0.806
503.95 0.85
504.774 0.824
505.571 0.797
506.38 0.809
507.183 0.803
507.922 0.739
508.63 0.708
509.32 0.69
510.012 0.692
510.77 0.758
511.413 0.643
512.105 0.692
512.774 0.669
513.469 0.695
514.186 0.717
514.598 0.412
514.871 0.273
515.14 0.269
515.637 0.497
516.041 0.404
518.645 2.604
518.948 0.303
519.245 0.297
519.773 0.528
520.049 0.276
520.482 0.433
520.938 0.456
521.836 0.898
522.396 0.56
525.467 3.071
525.765 0.298
526.016 0.251
526.338 0.322
526.616 0.278
531.094 4.478
531.841 0.747
532.193 0.352
532.5 0.307
533.767 1.267
534.382 0.615
534.672 0.29
534.956 0.284
535.218 0.262
535.478 0.26
535.759 0.281
536.049 0.29
536.628 0.579
537.845 1.217
538.126 0.281
538.44 0.314
538.721 0.281
539.0 0.279
539.307 0.307
539.64 0.333
539.928 0.288
540.322 0.394
540.696 0.374
541.049 0.353
541.421 0.372
552.547 3.556
553.31 0.763
553.99 0.68
554.784 0.794
555.469 0.685
556.218 0.749
556.964 0.746
557.718 0.754
558.462 0.744
559.253 0.791
560.084 0.831
560.967 0.883
561.814 0.847
562.678 0.864
563.427 0.749
564.211 0.784
564.989 0.778
565.75 0.761
566.482 0.732
567.241 0.759
568.064 0.823
568.885 0.821
569.705 0.82
570.471 0.766
571.251 0.78
572.02 0.769
572.845 0.825
573.699 0.854
574.555 0.856
575.36 0.805
576.133 0.773
576.923 0.79
577.74 0.817
578.529 0.789
579.277 0.748
580.025 0.748
580.768 0.743
581.512 0.744
581.967 0.455
582.217 0.25
582.958 0.741
583.668 0.71
584.321 0.653
584.604 0.283
585.081 0.477
585.775 0.694
586.251 0.476
586.7 0.449
587.057 0.357
587.759 0.702
588.424 0.665
589.111 0.687
589.808 0.697
590.524 0.716
591.225 0.701
591.909 0.684
592.585 0.676
593.279 0.694
593.998 0.719
594.749 0.751
595.529 0.78
596.255 0.726
596.986 0.731
597.729 0.743
598.51 0.781
599.313 0.803
600.159 0.846
600.777 0.618
601.231 0.454
601.675 0.444
602.42 0.745
603.167 0.747
603.98 0.813