0.000 0.69
0.69 0.69
1.381 0.691
2.093 0.712
3.517 1.424
4.203 0.686
4.888 0.685
5.546 0.658
6.189 0.643
6.833 0.644
7.511 0.678
8.254 0.743
9.049 0.795
9.888 0.839
10.695 0.807
11.489 0.794
12.191 0.702
12.883 0.692
13.58 0.697
14.289 0.709
15.013 0.724
15.775 0.762
16.501 0.726
17.225 0.724
17.957 0.732
18.698 0.741
19.46 0.762
20.163 0.703
20.837 0.674
21.484 0.647
22.128 0.644
22.804 0.676
23.512 0.708
24.218 0.706
24.957 0.739
25.707 0.75
26.399 0.692
27.067 0.668
27.717 0.65
28.382 0.665
29.046 0.664
29.703 0.657
30.331 0.628
30.957 0.626
31.59 0.633
32.237 0.647
32.924 0.687
33.606 0.682
34.298 0.692
35.031 0.733
35.786 0.755
36.534 0.748
37.27 0.736
37.972 0.702
38.682 0.71
39.406 0.724
40.156 0.75
40.907 0.751
41.663 0.756
42.407 0.744
43.139 0.732
43.866 0.727
44.568 0.702
45.28 0.712
45.995 0.715
46.689 0.694
47.358 0.669
48.035 0.677
48.74 0.705
49.504 0.764
50.234 0.73
50.954 0.72
51.654 0.7
52.337 0.683
52.993 0.656
53.633 0.64
54.274 0.641
54.946 0.672
55.664 0.718
56.381 0.717
57.084 0.703
57.823 0.739
58.595 0.772
59.353 0.758
60.056 0.703
60.772 0.716
61.466 0.694
62.164 0.698
62.841 0.677
63.533 0.692
64.244 0.711
64.993 0.749
65.7 0.707
66.454 0.754
67.199 0.745
67.932 0.733
68.611 0.679
69.297 0.686
69.988 0.691
70.691 0.703
71.386 0.695
72.07 0.684
72.772 0.702
73.493 0.721
74.192 0.699
74.868 0.676
75.589 0.721
76.318 0.729
77.033 0.715
77.698 0.665
78.363 0.665
79.019 0.656
79.654 0.635
80.291 0.637
80.922 0.631
81.568 0.646
82.236 0.668
82.947 0.711
83.664 0.717
84.389 0.725
85.132 0.743
85.856 0.724
86.529 0.673
87.181 0.652
87.814 0.633
88.429 0.615
89.033 0.604
89.633 0.6
90.232 0.599
90.89 0.658
91.67 0.78
92.508 0.838
93.392 0.884
94.237 0.845
95.065 0.828
95.847 0.782
96.545 0.698
97.259 0.714
97.98 0.721
98.728 0.748
99.435 0.707
100.119 0.684
100.783 0.664
101.462 0.679
102.114 0.652
102.76 0.646
103.405 0.645
104.075 0.67
104.729 0.654
105.371 0.642
106.014 0.643
106.658 0.644
107.293 0.635
107.924 0.631
108.543 0.619
109.146 0.603
109.746 0.6
110.348 0.602
110.969 0.621
111.594 0.625
112.229 0.635
112.894 0.665
113.556 0.662
114.237 0.681
114.965 0.728
115.712 0.747
116.425 0.713
117.097 0.672
117.764 0.667
118.45 0.686
119.145 0.695
119.826 0.681
120.478 0.652
121.106 0.628
121.726 0.62
122.342 0.616
122.964 0.622
123.618 0.654
124.302 0.684
124.978 0.676
125.671 0.693
126.355 0.684
126.989 0.634
127.676 0.687
128.433 0.757
129.154 0.721
129.834 0.68
130.518 0.684
131.207 0.689
131.929 0.722
132.624 0.695
133.309 0.685
134.01 0.701
134.693 0.683
135.342 0.649
135.99 0.648
136.667 0.677
137.459 0.792
138.253 0.794
139.045 0.792
139.787 0.742
140.498 0.711
141.205 0.707
141.918 0.713
142.647 0.729
143.351 0.704
144.033 0.682
144.726 0.693
145.476 0.75
146.291 0.815
147.179 0.888
148.026 0.847
148.851 0.825
149.643 0.792
150.457 0.814
151.26 0.803
152.057 0.797
152.845 0.788
153.61 0.765
154.353 0.743
155.118 0.765
155.908 0.79
156.714 0.806
157.516 0.802
158.278 0.762
159.082 0.804
159.877 0.795
160.649 0.772
161.397 0.748
162.121 0.724
162.839 0.718
163.564 0.725
164.339 0.775
165.143 0.804
165.956 0.813
166.742 0.786
167.502 0.76
168.233 0.731
168.963 0.73
169.71 0.747
170.477 0.767
171.284 0.807
172.104 0.82
172.916 0.812
173.708 0.792
174.457 0.749
175.177 0.72
175.865 0.688
176.525 0.66
177.212 0.687
177.957 0.745
178.781 0.824
179.569 0.788
180.327 0.758
181.058 0.731
181.84 0.782
182.67 0.83
183.48 0.81
184.285 0.805
185.013 0.728
185.692 0.679
186.325 0.633
186.973 0.648
187.633 0.66
188.332 0.699
189.086 0.754
189.888 0.802
190.665 0.777
191.355 0.69
192.02 0.665
192.67 0.65
193.305 0.635
193.931 0.626
194.564 0.633
195.225 0.661
195.935 0.71
196.653 0.718
197.389 0.736
198.232 0.843
199.1 0.868
199.933 0.833
200.765 0.832
201.564 0.799
202.326 0.762
203.068 0.742
203.811 0.743
204.584 0.773
205.381 0.797
206.213 0.832
207.046 0.833
207.847 0.801
208.618 0.771
209.367 0.749
210.095 0.728
210.828 0.733
211.637 0.809
212.448 0.811
213.272 0.824
214.093 0.821
214.903 0.81
215.695 0.792
216.454 0.759
217.189 0.735
217.88 0.691
218.553 0.673
219.235 0.682
219.966 0.731
220.747 0.781
221.538 0.791
222.297 0.759
223.027 0.73
223.781 0.754
224.594 0.813
225.357 0.763
226.082 0.725
226.776 0.694
227.457 0.681
228.123 0.666
228.815 0.692
229.553 0.738
230.342 0.789
231.071 0.729
231.785 0.714
232.46 0.675
233.125 0.665
233.78 0.655
234.462 0.682
235.201 0.739
235.97 0.769
236.777 0.807
237.564 0.787
238.325 0.761
239.061 0.736
239.792 0.731
240.51 0.718
241.248 0.738
241.983 0.735
242.724 0.741
243.451 0.727
244.222 0.771
245.007 0.785
245.765 0.758
246.493 0.728
247.177 0.684
247.843 0.666
248.498 0.655
249.182 0.684
249.947 0.765
250.75 0.803
251.546 0.796
252.347 0.801
253.111 0.764
253.811 0.7
254.485 0.674
255.141 0.656
255.801 0.66
256.482 0.681
257.17 0.688
257.832 0.662
258.492 0.66
259.153 0.661
259.82 0.667
260.518 0.698
261.252 0.734
261.989 0.737
262.702 0.713
263.377 0.675
264.038 0.661
264.699 0.661
265.369 0.67
266.066 0.697
266.76 0.694
267.457 0.697
268.15 0.693
268.841 0.691
269.511 0.67
270.16 0.649
270.852 0.692
271.56 0.708
272.276 0.716
272.953 0.677
273.633 0.68
274.312 0.679
275.005 0.693
275.71 0.705
276.392 0.682
277.058 0.666
277.72 0.662
278.405 0.685
279.087 0.682
279.772 0.685
280.44 0.668
281.091 0.651
281.742 0.651
282.409 0.667
283.054 0.645
283.702 0.648
284.335 0.633
284.968 0.633
285.631 0.663
286.359 0.728
287.099 0.74
287.82 0.721
288.526 0.706
289.252 0.726
290.002 0.75
290.735 0.733
291.435 0.7
292.082 0.647
292.721 0.639
293.358 0.637
293.993 0.635
294.625 0.632
295.26 0.635
295.923 0.663
296.61 0.687
297.312 0.702
297.993 0.681
298.676 0.683
299.352 0.676
300.007 0.655
300.646 0.639
301.293 0.647
301.962 0.669
302.636 0.674
303.285 0.649
303.923 0.638
304.554 0.631
305.169 0.615
305.787 0.618
306.447 0.66
307.122 0.675
307.767 0.645
308.437 0.67
309.137 0.7
309.843 0.706
310.509 0.666
311.181 0.672
311.858 0.677
312.518 0.66
313.156 0.638
313.784 0.628
314.416 0.632
315.076 0.66
315.736 0.66
316.384 0.648
317.042 0.658
317.735 0.693
318.481 0.746
319.173 0.692
319.839 0.666
320.504 0.665
321.186 0.682
321.844 0.658
322.477 0.633
323.109 0.632
323.747 0.638
324.396 0.649
325.055 0.659
325.694 0.639
326.342 0.648
326.999 0.657
327.655 0.656
328.293 0.638
328.94 0.647
329.608 0.668
330.317 0.709
331.069 0.752
331.762 0.693
332.437 0.675
333.169 0.732
333.911 0.742
334.634 0.723
335.377 0.743
336.127 0.75
336.896 0.769
337.659 0.763
338.392 0.733
339.135 0.743
339.89 0.755
340.655 0.765
341.417 0.762
342.179 0.762
342.918 0.739
343.663 0.745
344.455 0.792
345.298 0.843
346.129 0.831
346.904 0.775
347.672 0.768
348.459 0.787
349.255 0.796
350.052 0.797
350.821 0.769
351.563 0.742
352.288 0.725
353.0 0.712
353.731 0.731
354.501 0.77
355.293 0.792
356.137 0.844
356.972 0.835
357.77 0.798
358.546 0.776
359.3 0.754
360.036 0.736
360.79 0.754
361.567 0.777
362.367 0.8
363.171 0.804
363.968 0.797
364.735 0.767
365.502 0.767
366.272 0.77
367.057 0.785
367.842 0.785
368.608 0.766
369.357 0.749
370.112 0.755
370.889 0.777
371.652 0.763
372.392 0.74
373.125 0.733
373.889 0.764
374.681 0.792
375.484 0.803
376.27 0.786
377.02 0.75
377.787 0.767
378.565 0.778
379.352 0.787
380.098 0.746
380.83 0.732
381.574 0.744
382.321 0.747
383.075 0.754
383.799 0.724
384.497 0.698
385.184 0.687
385.892 0.708
386.653 0.761
387.46 0.807
388.235 0.775
388.965 0.73
389.669 0.704
390.35 0.681
391.058 0.708
391.807 0.749
392.583 0.776
393.321 0.738
394.031 0.71
394.724 0.693
395.431 0.707
396.135 0.704
396.825 0.69
397.488 0.663
398.138 0.65
398.798 0.66
399.466 0.668
400.148 0.682
400.82 0.672
401.497 0.677
402.194 0.697
402.943 0.749
403.687 0.744
404.379 0.692
405.055 0.676
405.718 0.663
406.396 0.678
407.118 0.722
407.914 0.796
408.699 0.785
409.437 0.738
410.154 0.717
410.847 0.693
411.568 0.721
412.315 0.747
413.074 0.759
413.811 0.737
414.531 0.72
415.256 0.725
416.025 0.769
416.804 0.779
417.592 0.788
418.329 0.737
419.046 0.717
419.737 0.691
420.43 0.693
421.199 0.769
422.026 0.827
422.888 0.862
423.758 0.87
424.554 0.796
425.297 0.743
426.048 0.751
426.791 0.743
427.508 0.717
428.215 0.707
428.904 0.689
429.646 0.742
430.42 0.774
431.167 0.747
431.88 0.713
432.598 0.718
433.319 0.721
434.054 0.735
434.746 0.692
435.433 0.687
436.153 0.72
436.893 0.74
437.639 0.746
438.346 0.707
439.06 0.714
439.763 0.703
440.474 0.711
441.17 0.696
441.861 0.691
442.586 0.725
443.345 0.759
444.103 0.758
444.83 0.727
445.562 0.732
446.334 0.772
447.113 0.779
447.851 0.738
448.565 0.714
449.278 0.713
449.995 0.717
450.722 0.727
451.436 0.714
452.137 0.701
452.858 0.721
453.589 0.731
454.346 0.757
455.058 0.712
455.751 0.693
456.422 0.671
457.105 0.683
457.811 0.706
458.505 0.694
459.2 0.695
459.873 0.673
460.521 0.648
461.163 0.642
461.834 0.671
462.529 0.695
463.256 0.727
463.977 0.721
464.689 0.712
465.369 0.68
466.037 0.668
466.68 0.643
467.309 0.629
467.943 0.634
468.606 0.663
469.322 0.716
470.085 0.763
470.88 0.795
471.625 0.745
472.358 0.733
473.066 0.708
473.774 0.708
474.508 0.734
475.253 0.745
475.993 0.74
476.749 0.756
477.465 0.716
478.154 0.689
478.819 0.665
479.495 0.676
480.194 0.699
480.94 0.746
481.762 0.822
482.606 0.844
483.428 0.822
484.178 0.75
484.894 0.716
485.565 0.671
486.212 0.647
486.849 0.637
487.493 0.644
488.187 0.694
489.041 0.854
489.853 0.812
490.688 0.835
491.525 0.837
492.37 0.845
493.218 0.848
494.039 0.821
494.822 0.783
495.545 0.723
496.24 0.695
496.924 0.684
497.609 0.685
498.336 0.727
499.079 0.743
499.781 0.702
500.47 0.689
501.162 0.692
501.858 0.696
502.58 0.722
503.305 0.725
504.023 0.718
504.728 0.705
505.442 0.714
506.175 0.733
506.923 0.748
507.667 0.744
508.374 0.707
509.062 0.688
509.766 0.704
510.461 0.695
511.177 0.716
511.877 0.7
512.553 0.676
513.24 0.687
513.919 0.679
514.608 0.689
515.277 0.669
515.939 0.662
516.589 0.65
517.251 0.662
517.901 0.65
518.539 0.638
519.175 0.636
519.811 0.636
520.472 0.661
521.169 0.697
521.869 0.7
522.553 0.684
523.221 0.668
523.876 0.655
524.519 0.643
525.174 0.655
525.827 0.653
526.515 0.688
527.199 0.684
527.892 0.693
528.56 0.668
529.236 0.676
529.943 0.707
530.656 0.713
531.362 0.706
532.069 0.707
532.813 0.744
533.58 0.767
534.334 0.754
535.06 0.726
535.759 0.699
536.429 0.67
537.095 0.666
537.776 0.681
538.527 0.751
539.324 0.797
540.167 0.843
541.003 0.836
541.828 0.825
542.589 0.761
543.306 0.717
544.005 0.699
544.705 0.7
545.439 0.734
546.195 0.756
546.989 0.794
547.756 0.767
548.507 0.751
549.279 0.772
550.098 0.819
550.95 0.852
551.758 0.808
552.51 0.752
553.257 0.747
554.011 0.754
554.784 0.773
555.552 0.768
556.286 0.734
557.078 0.792
557.896 0.818
558.711 0.815
559.48 0.769
560.226 0.746
561.002 0.776
561.779 0.777
562.552 0.773
563.298 0.746
564.011 0.713
564.779 0.768
565.584 0.805
566.391 0.807
567.146 0.755
567.895 0.749
568.669 0.774
569.445 0.776
570.173 0.728
570.866 0.693
571.567 0.701
572.292 0.725
573.024 0.732
573.745 0.721
574.429 0.684
575.131 0.702
575.879 0.748
576.668 0.789
577.405 0.737
578.119 0.714
578.848 0.729
579.567 0.719
580.273 0.706
580.965 0.692
581.681 0.716
582.401 0.72
583.128 0.727
583.828 0.7
584.499 0.671
585.19 0.691
585.919 0.729
586.638 0.719
587.327 0.689
587.993 0.666
588.64 0.647
589.283 0.643
589.951 0.668
590.692 0.741
591.46 0.768
592.235 0.775
592.997 0.762
593.728 0.731
594.466 0.738
595.199 0.733
595.94 0.741
596.676 0.736
597.396 0.72
598.123 0.727
598.866 0.743
599.631 0.765
600.391 0.76
601.136 0.745
601.883 0.747
602.636 0.753
603.355 0.719
604.079 0.724
604.807 0.728
605.532 0.725
606.321 0.789
607.114 0.793
607.892 0.778
608.613 0.721
609.305 0.692
609.984 0.679
610.697 0.713
611.473 0.776
612.275 0.802
613.024 0.749
613.744 0.72
614.464 0.72
615.21 0.746
615.98 0.77
616.784 0.804
617.558 0.774
618.263 0.705
618.956 0.693