0.000 0.842
0.842 0.842
1.732 0.89
2.622 0.89
3.52 0.898
4.373 0.853
5.267 0.894
6.092 0.825
6.951 0.859
7.791 0.84
8.622 0.831
9.449 0.827
10.244 0.795
11.1 0.856
11.993 0.893
12.844 0.851
13.665 0.821
14.559 0.894
15.444 0.885
16.324 0.88
17.155 0.831
18.02 0.865
18.903 0.883
19.73 0.827
20.625 0.895
21.534 0.909
22.349 0.815
23.115 0.766
23.911 0.796
24.777 0.866
25.658 0.881
26.493 0.835
27.232 0.739
27.965 0.733
28.631 0.666
28.882 0.251
29.265 0.383
29.889 0.624
30.562 0.673
31.281 0.719
31.989 0.708
32.734 0.745
33.466 0.732
34.196 0.73
34.906 0.71
35.637 0.731
36.388 0.751
37.185 0.797
37.994 0.809
38.787 0.793
39.715 0.928
40.49 0.775
41.323 0.833
42.102 0.779
43.02 0.918
43.97 0.95
44.913 0.943
45.832 0.919
46.681 0.849
47.541 0.86
48.41 0.869
49.227 0.817
50.006 0.779
50.726 0.72
51.413 0.687
52.082 0.669
52.751 0.669
53.437 0.686
54.125 0.688
54.791 0.666
55.491 0.7
56.213 0.722
56.969 0.756
57.738 0.769
58.548 0.81
59.35 0.802
60.116 0.766
60.902 0.786
61.662 0.76
62.507 0.845
63.448 0.941
64.326 0.878
65.242 0.916
66.169 0.927
67.122 0.953
68.04 0.918
68.901 0.861
69.757 0.856
70.593 0.836
71.416 0.823
72.235 0.819
73.02 0.785
73.845 0.825
74.66 0.815
75.526 0.866
76.318 0.792
77.131 0.813
77.924 0.793
78.711 0.787
79.462 0.751
80.22 0.758
80.971 0.751
81.706 0.735
82.42 0.714
83.12 0.7
83.837 0.717
84.629 0.792
85.49 0.861
86.31 0.82
87.126 0.816
87.936 0.81
88.74 0.804
89.484 0.744
90.231 0.747
91.001 0.77
91.77 0.769
92.568 0.798
93.34 0.772
94.161 0.821
95.048 0.887
95.919 0.871
96.836 0.917
97.731 0.895
98.633 0.902
99.494 0.861
100.299 0.805
101.127 0.828
101.949 0.822
102.763 0.814
103.574 0.811
104.399 0.825
105.349 0.95
106.386 1.037
107.305 0.919
108.274 0.969
109.102 0.828
109.957 0.855
110.726 0.769
111.499 0.773
112.319 0.82
113.285 0.966
114.24 0.955
115.168 0.928
116.132 0.964
116.962 0.83
117.722 0.76
118.467 0.745
119.181 0.714
119.888 0.707
120.583 0.695
121.24 0.657
121.903 0.663
122.544 0.641
123.198 0.654
123.915 0.717
124.81 0.895
125.603 0.793
126.453 0.85
127.207 0.754
127.885 0.678
128.558 0.673
129.225 0.667
129.933 0.708
130.716 0.783
131.525 0.809
132.331 0.806
133.09 0.759
133.849 0.759
134.613 0.764
135.478 0.865
136.363 0.885
137.297 0.934
138.25 0.953
139.139 0.889
139.963 0.824
140.756 0.793
141.552 0.796
142.391 0.839
143.299 0.908
144.286 0.987
145.279 0.993
146.196 0.917
147.048 0.852
147.815 0.767
148.544 0.729
149.257 0.713
149.997 0.74
150.854 0.857
152.312 1.458
153.587 1.275
154.627 1.04
155.49 0.863
156.283 0.793
157.062 0.779
157.845 0.783
158.681 0.836
159.541 0.86
160.432 0.891
161.283 0.851
162.127 0.844
162.925 0.798
163.677 0.752
164.426 0.749
165.147 0.721
165.899 0.752
166.864 0.965
167.896 1.032
168.965 1.069
169.948 0.983
170.866 0.918
171.736 0.87
172.54 0.804
173.277 0.737
173.986 0.709
174.706 0.72
175.546 0.84
176.545 0.999
177.672 1.127
178.642 0.97
179.606 0.964
180.53 0.924
181.401 0.871
182.227 0.826
182.989 0.762
183.707 0.718
184.388 0.681
185.071 0.683
185.784 0.713
186.609 0.825
187.557 0.948
188.655 1.098
189.717 1.062
190.753 1.036
191.698 0.945
192.553 0.855
193.335 0.782
194.059 0.724
194.755 0.696
195.448 0.693
196.139 0.691
196.887 0.748
197.713 0.826
198.636 0.923
199.555 0.919
200.447 0.892
201.342 0.895
202.252 0.91
203.125 0.873
203.961 0.836
204.774 0.813
205.537 0.763
206.318 0.781
207.104 0.786
207.881 0.777
208.71 0.829
209.58 0.87
210.512 0.932
211.426 0.914
212.31 0.884
213.06 0.75
213.795 0.735
214.533 0.738
215.29 0.757
216.058 0.768
216.835 0.777
217.626 0.791
218.36 0.734
219.142 0.782
219.851 0.709
220.608 0.757
221.37 0.762
222.161 0.791
222.936 0.775
223.745 0.809
224.551 0.806
225.318 0.767
226.132 0.814
227.014 0.882
228.023 1.009
228.999 0.976
229.954 0.955
230.85 0.896
231.662 0.812
232.427 0.765
233.136 0.709
233.812 0.676
234.474 0.662
235.125 0.651
235.777 0.652
236.438 0.661
237.098 0.66
237.782 0.684
238.584 0.802
240.056 1.472
241.237 1.181
242.152 0.915
242.945 0.793
243.713 0.768
244.485 0.772
245.264 0.779
246.093 0.829
246.915 0.822
247.756 0.841
248.556 0.8
249.392 0.836
250.235 0.843
251.092 0.857
251.89 0.798
252.625 0.735
253.335 0.71
254.02 0.685
254.728 0.708
255.476 0.748
256.23 0.754
257.041 0.811
257.807 0.766
258.649 0.842
259.399 0.75
260.153 0.754
260.908 0.755
261.742 0.834
262.611 0.869
263.428 0.817
264.241 0.813
265.026 0.785
265.87 0.844
266.738 0.868
267.523 0.785
268.313 0.79
269.125 0.812
269.956 0.831
270.845 0.889
271.719 0.874
272.624 0.905
273.501 0.877
274.323 0.822
275.16 0.837
275.988 0.828
276.823 0.835
277.635 0.812
278.449 0.814
279.259 0.81
280.114 0.855
280.934 0.82
281.706 0.772
282.494 0.788
283.315 0.821
284.151 0.836
284.922 0.771
285.651 0.729
286.346 0.695
287.025 0.679
287.692 0.667
288.394 0.702
289.202 0.808
290.171 0.969
291.204 1.033
292.16 0.956
293.08 0.92
293.946 0.866
294.763 0.817
295.58 0.817
296.412 0.832
297.271 0.859
298.127 0.856
298.948 0.821
299.743 0.795
300.505 0.762
301.251 0.746
302.004 0.753
302.784 0.78
303.566 0.782
304.345 0.779
305.102 0.757
305.859 0.757
306.644 0.785
307.519 0.875
308.463 0.944
309.439 0.976
310.36 0.921
311.231 0.871
312.045 0.814
312.825 0.78
313.614 0.789
314.416 0.802
315.254 0.838
316.122 0.868
317.026 0.904
317.901 0.875
318.744 0.843
319.551 0.807
320.361 0.81
321.164 0.803
322.011 0.847
322.93 0.919
323.847 0.917
324.78 0.933
325.66 0.88
326.493 0.833
327.312 0.819
328.135 0.823
328.965 0.83
329.821 0.856
330.69 0.869
331.558 0.868
332.408 0.85
333.205 0.797
333.976 0.771
334.746 0.77
335.529 0.783
336.393 0.864
337.346 0.953
338.296 0.95
339.245 0.949
340.159 0.914
341.001 0.842
341.777 0.776
342.527 0.75
343.29 0.763
344.129 0.839
345.145 1.016
346.161 1.016
347.147 0.986
348.074 0.927
348.938 0.864
349.752 0.814
350.539 0.787
351.322 0.783
352.121 0.799
352.988 0.867
353.925 0.937
354.853 0.928
355.776 0.923
356.633 0.857
357.435 0.802
358.228 0.793
359.007 0.779
359.725 0.718
360.485 0.76
361.401 0.916
362.42 1.019
363.379 0.959
364.258 0.879
365.095 0.837
365.933 0.838
366.801 0.868
367.7 0.899
368.626 0.926
369.531 0.905
370.409 0.878
371.259 0.85
372.079 0.82
372.866 0.787
373.634 0.768
374.406 0.772
375.273 0.867
376.315 1.042
377.421 1.106
378.481 1.06
379.447 0.966
380.361 0.914
381.179 0.818
381.961 0.782
382.743 0.782
383.511 0.768
384.249 0.738
384.928 0.679
385.581 0.653
386.215 0.634
386.847 0.632
387.5 0.653
388.183 0.683
388.883 0.7
389.605 0.722
390.36 0.755
391.147 0.787
391.98 0.833
392.784 0.804
393.581 0.797
394.344 0.763
395.079 0.735
395.815 0.736
396.612 0.797
397.575 0.963
398.54 0.965
399.445 0.905
400.341 0.896
401.301 0.96
402.297 0.996
403.245 0.948
404.07 0.825
404.817 0.747
405.511 0.694
406.22 0.709
406.987 0.767
407.787 0.8
408.724 0.937
409.659 0.935
410.598 0.939
411.546 0.948
412.509 0.963
413.479 0.97
414.433 0.954
415.333 0.9
416.149 0.816
416.946 0.797
417.744 0.798
418.599 0.855
419.6 1.001
420.622 1.022
421.648 1.026
422.636 0.988
423.526 0.89
424.365 0.839
425.169 0.804
425.99 0.821
426.852 0.862
427.764 0.912
428.702 0.938
429.592 0.89
430.431 0.839
431.234 0.803
432.018 0.784
432.827 0.809
433.717 0.89
434.726 1.009
435.779 1.053
436.755 0.976
437.661 0.906
438.542 0.881
439.397 0.855
440.275 0.878
441.154 0.879
442.045 0.891
442.931 0.886
443.775 0.844
444.598 0.823
445.403 0.805
446.236 0.833
447.189 0.953
448.271 1.082
449.33 1.059
450.274 0.944
451.183 0.909
452.082 0.899
452.985 0.903
453.878 0.893
454.779 0.901
455.628 0.849
456.434 0.806
457.238 0.804
458.049 0.811
458.852 0.803
459.67 0.818
460.473 0.803
461.244 0.771
461.994 0.75
462.739 0.745
463.488 0.749
464.232 0.744
464.972 0.74
465.673 0.701
466.332 0.659
466.983 0.651
467.671 0.688
468.439 0.768
469.232 0.793
470.115 0.883
471.024 0.909
471.936 0.912
472.85 0.914
473.733 0.883
474.6 0.867
475.462 0.862
476.294 0.832
477.101 0.807
477.912 0.811
478.72 0.808
479.58 0.86
480.453 0.873
481.294 0.841
482.106 0.812
482.912 0.806
483.729 0.817
484.615 0.886
485.514 0.899
486.387 0.873
487.244 0.857
488.157 0.913
489.092 0.935
489.977 0.885
490.851 0.874
491.667 0.816
492.455 0.788
493.223 0.768
493.99 0.767
494.821 0.831
495.758 0.937
496.746 0.988
497.702 0.956
498.656 0.954
499.609 0.953
500.546 0.937
501.461 0.915
502.358 0.897
503.246 0.888
504.137 0.891
505.052 0.915
505.985 0.933
506.915 0.93
507.831 0.916
508.771 0.94
509.71 0.939
510.571 0.861
511.404 0.833
512.248 0.844
513.079 0.831
513.897 0.818
514.713 0.816
515.538 0.825
516.47 0.932
517.374 0.904
518.22 0.846
519.007 0.787
519.77 0.763
520.502 0.732
521.214 0.712
521.922 0.708
522.635 0.713
523.367 0.732
524.076 0.709
524.804 0.728
525.551 0.747
526.332 0.781
527.108 0.776
527.917 0.809
528.756 0.839
529.563 0.807
530.339 0.776
531.134 0.795
531.967 0.833
532.81 0.843
533.634 0.824
534.511 0.877
535.393 0.882
536.284 0.891
537.149 0.865
537.994 0.845
538.84 0.846
539.651 0.811
540.392 0.741
541.087 0.695
541.768 0.681
542.492 0.724
543.277 0.785
544.057 0.78
544.837 0.78
545.754 0.917
546.71 0.956
547.702 0.992
548.633 0.931
549.561 0.928
550.47 0.909
551.283 0.813
552.064 0.781
552.811 0.747
553.531 0.72
554.215 0.684
554.879 0.664
555.593 0.714
556.463 0.87
557.368 0.905
558.329 0.961
559.243 0.914
560.129 0.886
561.038 0.909
561.961 0.923
562.887 0.926
563.723 0.836
564.638 0.915
565.538 0.9
566.392 0.854
567.196 0.804
568.037 0.841
568.908 0.871
569.776 0.868
570.634 0.858
571.525 0.891
572.427 0.902
573.282 0.855
574.155 0.873
575.021 0.866
575.849 0.828
576.622 0.773
577.378 0.756
578.096 0.718
578.769 0.673
579.417 0.648
580.091 0.674
580.854 0.763
581.944 1.09
582.922 0.978
583.899 0.977
584.843 0.944
585.745 0.902
586.614 0.869
587.479 0.865
588.334 0.855
589.182 0.848
590.006 0.824
590.756 0.75
591.483 0.727
592.215 0.732
592.977 0.762
593.802 0.825
594.639 0.837
595.468 0.829
596.302 0.834
597.135 0.833
597.923 0.788
598.725 0.802
599.623 0.898
600.537 0.914
601.413 0.876
602.319 0.906
603.216 0.897
604.05 0.834
604.84 0.79