0.000 0.667
5.337 0.667
6.002 0.665
6.685 0.683
7.349 0.664
8.051 0.702
8.797 0.746
9.566 0.769
10.299 0.733
11.073 0.774
11.856 0.783
12.593 0.737
13.288 0.695
13.975 0.687
14.709 0.734
15.421 0.712
16.125 0.704
16.814 0.689
17.515 0.701
18.209 0.694
18.932 0.723
19.632 0.7
20.333 0.701
21.046 0.713
21.745 0.699
22.469 0.724
23.183 0.714
23.91 0.727
24.645 0.735
25.385 0.74
26.093 0.708
26.822 0.729
27.539 0.717
28.252 0.713
28.959 0.707
29.653 0.694
30.369 0.716
31.085 0.716
31.829 0.744
32.587 0.758
33.333 0.746
34.069 0.736
34.819 0.75
35.576 0.757
36.349 0.773
37.1 0.751
37.837 0.737
38.599 0.762
39.384 0.785
40.178 0.794
40.939 0.761
41.664 0.725
42.409 0.745
43.189 0.78
43.969 0.78
44.739 0.77
45.439 0.7
46.141 0.702
46.858 0.717
47.607 0.749
47.965 0.358
48.319 0.354
48.853 0.534
49.818 0.965
50.583 0.765
51.369 0.786
52.142 0.773
52.844 0.702
53.541 0.697
54.252 0.711
54.979 0.727
55.736 0.757
56.485 0.749
57.229 0.744
58.014 0.785
58.826 0.812
59.602 0.776
60.333 0.731
61.093 0.76
61.848 0.755
62.584 0.736
63.288 0.704
64.004 0.716
64.711 0.707
65.416 0.705
66.092 0.676
66.746 0.654
67.411 0.665
68.085 0.674
68.774 0.689
69.517 0.743
70.281 0.764
71.086 0.805
71.869 0.783
72.599 0.73
73.337 0.738
74.082 0.745
74.855 0.773
75.613 0.758
76.34 0.727
77.084 0.744
77.82 0.736
79.258 1.438
79.976 0.718
80.754 0.778
81.513 0.759
82.249 0.736
82.998 0.749
83.742 0.744
84.458 0.716
85.175 0.717
85.861 0.686
86.538 0.677
87.248 0.71
87.976 0.728
88.74 0.764
89.49 0.75
90.202 0.712
90.917 0.715
91.618 0.701
92.343 0.725
93.071 0.728
93.795 0.724
94.495 0.7
95.198 0.703
95.931 0.733
96.696 0.765
97.457 0.761
98.178 0.721
98.915 0.737
99.637 0.722
100.35 0.713
101.028 0.678
101.707 0.679
102.406 0.699
103.154 0.748
103.899 0.745
104.599 0.7
105.312 0.713
105.999 0.687
106.661 0.662
107.328 0.667
108.008 0.68
108.72 0.712
109.458 0.738
110.231 0.773
111.002 0.771
111.739 0.737
112.425 0.686
113.106 0.681
113.763 0.657
114.404 0.641
115.045 0.641
115.686 0.641
116.352 0.666
117.019 0.667
117.745 0.726
118.453 0.708
119.14 0.687
119.942 0.802
120.765 0.823
121.53 0.765
122.293 0.763
123.06 0.767
123.825 0.765
124.589 0.764
125.323 0.734
126.042 0.719
126.767 0.725
127.52 0.753
128.303 0.783
129.076 0.773
129.811 0.735
130.526 0.715
131.26 0.734
132.048 0.788
132.871 0.823
133.653 0.782
134.379 0.726
135.122 0.743
135.877 0.755
136.633 0.756
137.351 0.718
138.068 0.717
138.802 0.734
139.547 0.745
140.311 0.764
141.032 0.721
141.754 0.722
142.491 0.737
143.268 0.777
144.064 0.796
144.832 0.768
145.568 0.736
146.323 0.755
147.083 0.76
147.841 0.758
148.552 0.711
149.27 0.718
150.014 0.744
150.794 0.78
151.581 0.787
152.322 0.741
153.087 0.765
153.871 0.784
154.684 0.813
155.486 0.802
156.224 0.738
156.939 0.715
157.649 0.71
158.368 0.719
159.067 0.699
159.74 0.673
160.41 0.67
161.093 0.683
161.836 0.743
162.633 0.797
163.386 0.753
164.115 0.729
164.848 0.733
165.584 0.736
166.339 0.755
167.082 0.743
167.79 0.708
168.499 0.709
169.218 0.719
169.973 0.755
170.735 0.762
171.447 0.712
172.172 0.725
172.895 0.723
173.608 0.713
174.277 0.669
174.933 0.656
175.602 0.669
176.269 0.667
176.952 0.683
177.665 0.713
178.414 0.749
179.156 0.742
179.85 0.694
180.511 0.661
180.78 0.269
181.031 0.251
182.078 1.047
182.736 0.658
183.277 0.541
183.686 0.409
184.251 0.565
185.098 0.847
185.507 0.409
185.938 0.431
186.752 0.814
187.534 0.782
188.286 0.752
189.038 0.752
189.772 0.734
190.474 0.702
191.2 0.726
191.941 0.741
192.74 0.799
193.55 0.81
194.366 0.816
195.128 0.762
195.836 0.708
196.238 0.402
196.605 0.367
197.345 0.74
198.077 0.732
198.809 0.732
199.548 0.739
200.255 0.707
200.965 0.71
201.695 0.73
202.464 0.769
203.253 0.789
204.003 0.75
204.749 0.746
205.505 0.756
206.281 0.776
207.051 0.77
207.781 0.73
208.512 0.731
209.222 0.71
209.927 0.705
210.599 0.672
211.253 0.654
211.514 0.261
211.765 0.251
212.57 0.805
213.159 0.589
213.6 0.441
213.909 0.309
214.206 0.297
214.458 0.252
214.832 0.374
215.136 0.304
215.597 0.461
215.856 0.259
216.119 0.263
216.524 0.405
217.208 0.684
217.893 0.685
218.324 0.431
219.196 0.872
219.838 0.642
220.488 0.65
221.157 0.669
221.87 0.713
222.549 0.679
222.814 0.265
223.226 0.412
223.91 0.684
224.615 0.705
225.339 0.724
226.028 0.689
226.511 0.483
227.463 0.952
228.204 0.741
228.897 0.693
229.584 0.687
230.276 0.692
230.99 0.714
231.737 0.747
232.438 0.701
233.133 0.695
233.829 0.696
234.549 0.72
235.281 0.732
236.027 0.746
236.734 0.707
237.426 0.692
238.136 0.71
238.869 0.733
239.638 0.769
240.429 0.791
241.168 0.739
241.914 0.746
242.653 0.739
243.438 0.785
244.233 0.795
244.977 0.744
245.726 0.749
246.465 0.739
247.219 0.754
247.975 0.756
248.716 0.741
249.479 0.763
250.268 0.789
251.059 0.791
251.837 0.778
252.559 0.722
253.298 0.739
254.047 0.749
254.839 0.792
255.634 0.795
256.365 0.731
257.098 0.733
257.84 0.742
258.616 0.776
259.375 0.759
260.108 0.733
260.855 0.747
261.635 0.78
262.408 0.773
263.14 0.732
263.853 0.713
264.579 0.726
265.32 0.741
266.068 0.748
266.78 0.712
267.497 0.717
268.233 0.736
269.016 0.783
269.767 0.751
270.479 0.712
271.176 0.697
271.872 0.696
272.553 0.681
273.221 0.668
273.881 0.66
274.542 0.661
275.213 0.671
275.905 0.692
276.622 0.717
277.316 0.694
278.017 0.701
278.719 0.702
279.435 0.716
280.159 0.724
280.863 0.704
281.572 0.709
282.303 0.731
283.058 0.755
283.828 0.77
284.556 0.728
285.317 0.761
286.074 0.757
286.851 0.777
287.607 0.756
287.914 0.307
288.284 0.37
289.087 0.803
289.877 0.79
290.705 0.828
291.327 0.622
292.33 1.003
293.147 0.817
294.805 1.658
295.158 0.353
295.534 0.376
296.317 0.783
297.106 0.789
297.909 0.803
298.684 0.775
299.477 0.793
300.291 0.814
301.141 0.85
301.972 0.831
302.74 0.768
303.508 0.768
304.273 0.765
305.077 0.804
305.852 0.775
306.591 0.739
307.35 0.759
308.14 0.79
308.949 0.809
309.726 0.777
310.488 0.762
311.266 0.778
312.072 0.806
312.851 0.779
313.59 0.739
314.347 0.757
315.126 0.779
315.94 0.814
316.693 0.753
317.427 0.734
318.192 0.765
318.971 0.779
319.778 0.807
320.544 0.766
321.308 0.764
322.089 0.781
322.896 0.807
323.702 0.806
324.45 0.748
325.193 0.743
325.95 0.757
326.73 0.78
327.54 0.81
328.298 0.758
329.062 0.764
329.867 0.805
330.697 0.83
331.542 0.845
332.333 0.791
333.119 0.786
333.941 0.822
334.785 0.844
335.615 0.83
336.412 0.797
337.204 0.792
337.998 0.794
338.822 0.824
339.65 0.828
340.414 0.764
341.188 0.774
341.999 0.811
342.856 0.857
343.742 0.886
344.567 0.825
345.359 0.792
346.153 0.794
346.958 0.805
347.718 0.76
348.444 0.726
349.189 0.745
349.973 0.784
350.808 0.835
351.62 0.812
352.414 0.794
353.218 0.804
354.048 0.83
354.873 0.825
355.638 0.765
356.402 0.764
357.188 0.786
357.999 0.811
358.827 0.828
359.603 0.776
360.35 0.747
361.117 0.767
361.935 0.818
362.787 0.852
363.583 0.796
364.35 0.767
365.146 0.796
365.959 0.813
366.779 0.82
367.562 0.783
368.328 0.766
369.118 0.79
369.921 0.803
370.68 0.759
371.403 0.723
372.129 0.726
372.851 0.722
373.6 0.749
374.358 0.758
375.091 0.733
375.84 0.749
376.585 0.745
377.32 0.735
378.0 0.68
378.655 0.655
379.3 0.645
379.932 0.632
380.558 0.626
381.185 0.627
381.803 0.618
382.42 0.617
383.042 0.622
383.662 0.62
384.285 0.623
384.911 0.626
385.553 0.642
386.218 0.665
386.892 0.674
387.567 0.675
388.232 0.665
388.888 0.656
389.551 0.663
390.219 0.668
390.891 0.672
391.548 0.657
392.179 0.631
392.799 0.62
393.418 0.619
394.027 0.609
394.646 0.619
395.289 0.643
395.969 0.68
396.704 0.735
397.413 0.709
398.111 0.698
398.812 0.701
399.513 0.701
400.218 0.705
400.909 0.691
401.311 0.402
401.597 0.286
402.298 0.701
402.999 0.701
403.697 0.698
404.376 0.679
404.665 0.289
405.056 0.391
405.73 0.674
406.383 0.653
407.022 0.639
407.685 0.663
408.399 0.714
409.093 0.694
409.787 0.694
410.495 0.708
411.208 0.713
411.905 0.697
412.574 0.669
413.237 0.663
413.902 0.665
414.568 0.666
415.24 0.672
415.896 0.656
416.556 0.66
417.215 0.659
417.876 0.661
418.521 0.645
419.177 0.656
419.893 0.716
420.677 0.784
421.43 0.753
422.158 0.728
422.921 0.763
423.709 0.788
424.495 0.786
425.254 0.759
425.991 0.737
426.722 0.731
427.53 0.808
428.334 0.804
429.12 0.786
429.863 0.743
430.623 0.76
431.39 0.767
432.191 0.801
432.943 0.752
433.676 0.733
434.406 0.73
435.162 0.756
435.927 0.765
436.699 0.772
437.428 0.729
438.159 0.731
438.888 0.729
439.664 0.776
440.451 0.787
441.22 0.769
441.995 0.775
442.765 0.77
443.544 0.779
444.313 0.769
445.045 0.732
445.79 0.745
446.541 0.751
447.309 0.768
448.04 0.731
448.797 0.757
449.552 0.755
450.317 0.765
451.037 0.72
451.753 0.716
452.5 0.747
453.26 0.76
454.025 0.765
454.756 0.731
455.466 0.71
456.169 0.703
456.856 0.687
457.511 0.655
458.163 0.652
458.844 0.681
459.519 0.675
460.023 0.504
460.911 0.888
461.639 0.728
462.372 0.733
463.111 0.739
463.823 0.712
464.545 0.722
465.275 0.73
466.029 0.754
466.693 0.664
466.983 0.29
467.234 0.251
467.497 0.263
468.233 0.736
468.987 0.754
469.736 0.749
470.461 0.725
471.194 0.733
471.933 0.739
472.708 0.775
473.465 0.757
474.178 0.713
474.7 0.522
475.629 0.929
476.386 0.757
477.101 0.715
477.815 0.714
478.525 0.71
479.28 0.755
480.02 0.74
480.739 0.719
481.469 0.73
482.185 0.716
482.887 0.702
483.549 0.662
484.202 0.653
484.848 0.646
485.503 0.655
486.191 0.688
486.906 0.715
487.696 0.79
488.457 0.761
488.946 0.489
489.873 0.927
490.576 0.703
491.29 0.714
492.009 0.719
492.724 0.715
493.407 0.683
494.088 0.681
494.761 0.673
495.457 0.696
496.208 0.751
496.98 0.772
497.766 0.786
498.506 0.74
499.262 0.756
499.988 0.726
500.73 0.742
501.464 0.734
502.144 0.68
502.906 0.762
503.726 0.82
504.499 0.773
505.269 0.77
506.053 0.784
506.801 0.748
507.52 0.719
508.227 0.707
508.933 0.706
509.636 0.703
510.328 0.692
511.032 0.704
511.768 0.736
512.524 0.756
513.272 0.748
514.024 0.752
514.787 0.763
515.55 0.763
516.325 0.775
517.1 0.775
517.833 0.733
518.555 0.722
519.285 0.73
520.037 0.752
520.833 0.796
521.581 0.748
522.306 0.725
523.05 0.744
523.832 0.782
524.636 0.804
525.398 0.762
526.168 0.77
526.972 0.804
527.842 0.87
528.705 0.863
529.509 0.804
530.308 0.799
531.08 0.772
531.825 0.745
532.535 0.71
533.239 0.704
533.977 0.738
534.81 0.833
535.661 0.851
536.446 0.785
537.22 0.774
537.996 0.776
538.795 0.799
539.592 0.797
540.359 0.767
541.108 0.749
541.869 0.761
542.652 0.783
543.449 0.797
544.194 0.745
544.919 0.725
545.667 0.748
546.449 0.782
547.236 0.787
547.986 0.75
548.702 0.716
549.386 0.684
550.051 0.665
550.697 0.646
551.353 0.656
552.069 0.716
552.791 0.722
553.519 0.728
554.27 0.751
555.041 0.771
555.824 0.783
556.568 0.744
557.282 0.714
557.997 0.715
558.715 0.718
559.46 0.745
560.22 0.76
560.95 0.73
561.678 0.728
562.43 0.752
563.228 0.798
564.093 0.865
564.972 0.879
565.762 0.79
566.531 0.769
567.301 0.77
568.094 0.793
568.902 0.808
569.685 0.783
570.448 0.763
571.23 0.782
572.066 0.836
572.935 0.869
573.775 0.84
574.561 0.786
575.369 0.808
576.197 0.828
577.047 0.85
577.911 0.864
578.707 0.796
579.53 0.823
580.37 0.84
581.205 0.835
581.996 0.791
582.829 0.833
583.676 0.847
584.558 0.882
585.439 0.881
586.253 0.814
587.072 0.819
587.858 0.786
588.607 0.749
589.334 0.727
590.076 0.742
590.817 0.741
591.533 0.716
592.248 0.715
592.973 0.725
593.728 0.755
594.525 0.797
595.272 0.747
596.037 0.765
596.801 0.764
597.575 0.774
598.304 0.729
599.019 0.715
599.712 0.693
600.374 0.662
601.044 0.67
601.755 0.711
602.489 0.734
603.219 0.73
603.978 0.759
604.744 0.766
605.559 0.815
606.345 0.786
607.121 0.776
607.91 0.789
608.721 0.811
609.516 0.795
610.246 0.73
610.983 0.737
611.729 0.746
612.527 0.798
613.379 0.852
614.206 0.827
614.996 0.79
615.821 0.825
616.632 0.811
617.441 0.809
618.191 0.75
618.917 0.726
619.635 0.718
620.387 0.752
621.187 0.8
622.033 0.846
622.814 0.781
623.613 0.799
624.428 0.815
625.252 0.824
626.063 0.811
626.785 0.722
627.484 0.699
628.191 0.707
628.962 0.771
629.781 0.819
630.601 0.82
631.359 0.758
632.108 0.749
632.837 0.729
633.586 0.749
634.38 0.794
635.153 0.773
635.89 0.737
636.634 0.744
637.402 0.768
638.199 0.797
639.016 0.817
639.83 0.814
640.589 0.759
641.339 0.75
642.096 0.757
642.878 0.782
643.693 0.815
644.438 0.745
645.193 0.755
645.979 0.786
646.722 0.743
647.416 0.694
648.095 0.679
648.798 0.703
649.591 0.793
650.342 0.751
651.136 0.794
651.904 0.768