0.000 0.487
0.487 0.487
0.959 0.472
1.421 0.462
1.882 0.461
2.35 0.468
2.826 0.476
3.289 0.463
3.753 0.464
4.22 0.467
4.696 0.476
5.175 0.479
5.652 0.477
6.126 0.474
6.596 0.47
7.063 0.467
7.53 0.467
7.995 0.465
8.458 0.463
8.956 0.498
9.519 0.563
10.139 0.62
10.77 0.631
11.39 0.62
11.991 0.601
12.585 0.594
13.161 0.576
13.721 0.56
14.282 0.561
14.856 0.574
15.437 0.581
16.047 0.61
16.685 0.638
17.318 0.633
17.927 0.609
23.999 0.544
24.514 0.515
25.024 0.51
25.527 0.503
26.051 0.524
26.575 0.524
27.109 0.534
27.643 0.534
28.162 0.519
28.672 0.51
29.167 0.495
29.644 0.477
30.113 0.469
30.573 0.46
31.03 0.457
31.498 0.468
31.977 0.479
32.485 0.508
33.0 0.515
33.51 0.51
34.036 0.526
34.655 0.619
35.35 0.695
35.983 0.633
36.618 0.635
37.233 0.615
37.829 0.596
38.378 0.549
38.911 0.533
39.435 0.524
39.927 0.492
40.41 0.483
40.891 0.481
41.39 0.499
41.901 0.511
42.42 0.519
42.965 0.545
43.551 0.586
44.115 0.564
44.675 0.56
45.238 0.563
45.843 0.605
46.434 0.591
47.004 0.57
47.565 0.561
48.127 0.562
48.703 0.576
49.272 0.569
49.875 0.603
50.49 0.615
51.098 0.608
51.669 0.571
52.229 0.56
52.822 0.593
53.466 0.644
54.361 0.895
55.008 0.647
55.602 0.594
56.155 0.553
56.711 0.556
57.319 0.608
57.935 0.616
58.551 0.616
59.194 0.643
59.853 0.659
60.537 0.684
61.19 0.653
61.82 0.63
62.438 0.618
63.027 0.589
63.637 0.61
64.226 0.589
64.8 0.574
65.341 0.541
65.872 0.531
66.401 0.529
66.945 0.544
67.506 0.561
68.07 0.564
68.627 0.557
69.181 0.554
69.762 0.581
70.389 0.627
70.99 0.601
71.57 0.58
72.156 0.586
72.748 0.592
73.371 0.623
73.96 0.589
74.541 0.581
75.113 0.572
75.711 0.598
76.329 0.618
76.994 0.665
77.639 0.645
78.221 0.582
78.774 0.553
79.316 0.542
79.862 0.546
80.411 0.549
80.967 0.556
81.542 0.575
82.151 0.609
82.771 0.62
83.39 0.619
83.969 0.579
84.526 0.557
85.075 0.549
85.639 0.564
86.247 0.608
86.854 0.607
87.445 0.591
88.014 0.569
88.587 0.573
89.167 0.58
89.744 0.577
90.299 0.555
90.838 0.539
91.394 0.556
91.97 0.576
92.582 0.612
93.178 0.596
93.752 0.574
94.325 0.573
94.89 0.565
95.468 0.578
96.048 0.58
96.633 0.585
97.197 0.564
97.768 0.571
98.343 0.575
98.918 0.575
99.476 0.558
100.033 0.557
100.611 0.578
101.197 0.586
101.773 0.576
102.344 0.571
102.911 0.567
103.461 0.55
104.003 0.542
104.532 0.529
105.059 0.527
105.589 0.53
106.126 0.537
106.681 0.555
107.232 0.551
107.75 0.518
108.271 0.521
108.814 0.543
109.361 0.547
109.908 0.547
110.463 0.555
111.01 0.547
111.542 0.532
112.074 0.532
112.614 0.54
113.159 0.545
113.698 0.539
114.24 0.542
114.788 0.548
115.341 0.553
115.882 0.541
116.409 0.527
116.925 0.516
117.432 0.507
117.93 0.498
118.426 0.496
118.915 0.489
119.407 0.492
119.894 0.487
120.378 0.484
120.859 0.481
121.34 0.481
121.826 0.486
122.337 0.511
122.895 0.558
123.481 0.586
124.092 0.611
124.749 0.657
125.44 0.691
126.126 0.686
126.782 0.656
127.413 0.631
128.01 0.597
128.617 0.607
129.258 0.641
129.932 0.674
130.612 0.68
131.267 0.655
131.902 0.635
132.526 0.624
133.152 0.626
133.78 0.628
134.41 0.63
135.051 0.641
135.691 0.64
136.346 0.655
137.008 0.662
137.669 0.661
138.32 0.651
138.953 0.633
139.573 0.62
140.166 0.593
140.753 0.587
141.367 0.614
141.981 0.614
142.581 0.6
143.184 0.603
143.77 0.586
144.35 0.58
144.91 0.56
145.467 0.557
146.01 0.543
146.538 0.528
147.054 0.516
147.575 0.521
148.103 0.528
148.655 0.552
149.204 0.549
149.756 0.552
150.312 0.556
150.907 0.595
151.517 0.61
152.139 0.622
152.737 0.598
153.336 0.599
153.946 0.61
154.608 0.662
155.265 0.657
155.89 0.625
156.499 0.609
157.096 0.597
157.75 0.654
158.39 0.64
159.038 0.648
159.656 0.618
160.272 0.616
160.876 0.604
161.446 0.57
162.0 0.554
162.543 0.543
163.082 0.539
163.639 0.557
164.23 0.591
164.85 0.62
165.452 0.602
166.058 0.606
166.664 0.606
167.279 0.615
167.925 0.646
168.566 0.641
169.198 0.632
169.823 0.625
170.445 0.622
171.104 0.659
171.76 0.656
172.42 0.66
173.086 0.666
173.728 0.642
174.352 0.624
174.992 0.64
175.656 0.664
176.34 0.684
177.038 0.698
177.721 0.683
178.378 0.657
179.0 0.622
179.582 0.582
180.145 0.563
180.711 0.566
181.268 0.557
181.799 0.531
182.322 0.523
182.859 0.537
183.395 0.536
183.937 0.542
184.487 0.55
185.027 0.54
185.582 0.555
186.144 0.562
186.714 0.57
187.29 0.576
187.843 0.553
188.38 0.537
188.917 0.537
189.465 0.548
190.041 0.576
190.621 0.58
191.202 0.581
191.78 0.578
192.369 0.589
192.954 0.585
193.545 0.591
194.137 0.592
194.711 0.574
195.291 0.58
195.86 0.569
196.418 0.558
196.995 0.577
197.595 0.6
198.231 0.636
198.907 0.676
199.578 0.671
200.217 0.639
200.843 0.626
201.485 0.642
202.173 0.688
202.949 0.776
203.635 0.686
204.277 0.642
204.873 0.596
205.465 0.592
206.064 0.599
206.691 0.627
207.285 0.594
207.862 0.577
208.452 0.59
209.074 0.622
209.732 0.658
210.391 0.659
211.033 0.642
211.665 0.632
212.262 0.597
212.854 0.592
213.449 0.595
214.025 0.576
214.594 0.569
215.164 0.57
215.784 0.62
216.419 0.635
217.038 0.619
217.686 0.648
218.314 0.628
218.943 0.629
219.604 0.661
220.26 0.656
220.909 0.649
221.536 0.627
222.161 0.625
222.762 0.601
223.361 0.599
223.991 0.63
224.68 0.689
225.385 0.705
226.073 0.688
226.739 0.666
227.383 0.644
228.009 0.626
228.605 0.596
229.205 0.6
229.835 0.63
230.48 0.645
231.151 0.671
231.78 0.629
232.387 0.607
233.019 0.632
233.634 0.615
234.236 0.602
234.842 0.606
235.447 0.605
236.062 0.615
236.718 0.656
237.367 0.649
237.971 0.604
238.565 0.594
239.156 0.591
239.765 0.609
240.362 0.597
240.943 0.581
241.524 0.581
242.136 0.612
242.708 0.572
243.261 0.553
243.836 0.575
244.409 0.573
244.963 0.554
245.509 0.546
246.059 0.55
246.611 0.552
247.166 0.555
247.721 0.555
248.28 0.559
248.858 0.578
249.449 0.591
250.048 0.599
250.649 0.601
251.233 0.584
251.82 0.587
252.429 0.609
253.061 0.632
253.694 0.633
254.338 0.644
254.948 0.61
255.546 0.598
256.171 0.625
256.811 0.64
257.452 0.641
258.07 0.618
258.685 0.615
259.32 0.635
259.972 0.652
260.62 0.648
261.326 0.706
261.985 0.659
262.608 0.623
263.216 0.608
263.844 0.628
264.464 0.62
265.102 0.638
265.73 0.628
266.352 0.622
266.975 0.623
267.637 0.662
268.339 0.702
269.134 0.795
269.812 0.678
270.464 0.652
271.109 0.645
271.744 0.635
272.369 0.625
272.991 0.622
273.611 0.62
274.229 0.618
274.869 0.64
275.53 0.661
276.199 0.669
276.858 0.659
277.5 0.642
278.113 0.613
278.745 0.632
279.385 0.64
280.008 0.623
280.616 0.608
281.207 0.591
281.8 0.593
282.383 0.583
282.961 0.578
283.548 0.587
284.138 0.59
284.735 0.597
285.333 0.598
285.915 0.582
286.51 0.595
287.137 0.627
287.776 0.639
288.394 0.618
289.005 0.611
289.604 0.599
290.179 0.575
290.754 0.575
291.341 0.587
291.939 0.598
292.536 0.597
293.138 0.602
293.722 0.584
294.325 0.603
294.973 0.648
295.622 0.649
296.254 0.632
296.87 0.616
297.464 0.594
298.065 0.601
298.682 0.617
299.32 0.638
299.959 0.639
300.572 0.613
301.174 0.602
301.8 0.626
302.449 0.649
303.113 0.664
303.787 0.674
304.445 0.658
305.086 0.641
305.694 0.608
306.301 0.607
306.92 0.619
307.55 0.63
308.197 0.647
308.824 0.627
309.432 0.608
310.07 0.638
310.723 0.653
311.396 0.673
312.067 0.671
312.724 0.657
313.36 0.636
313.987 0.627
314.625 0.638
315.279 0.654
315.957 0.678
316.633 0.676
317.301 0.668
317.97 0.669
318.622 0.652
319.27 0.648
319.904 0.634
320.524 0.62
321.12 0.596
321.732 0.612
322.394 0.662
323.089 0.695
323.805 0.716
324.506 0.701
325.171 0.665
325.801 0.63
326.396 0.595
326.989 0.593
327.61 0.621
328.253 0.643
328.901 0.648
329.547 0.646
330.168 0.621
330.815 0.647
331.466 0.651
332.138 0.672
332.788 0.65
333.402 0.614
334.009 0.607
334.626 0.617
335.252 0.626
335.862 0.61
336.456 0.594
337.064 0.608
337.709 0.645
338.358 0.649
339.013 0.655
339.65 0.637
340.268 0.618
340.883 0.615
341.52 0.637
342.19 0.67
342.881 0.691
343.558 0.677
344.251 0.693
344.915 0.664
345.548 0.633
346.174 0.626
346.82 0.646
347.482 0.662
348.154 0.672
348.832 0.678
349.499 0.667
350.149 0.65
350.777 0.628
351.408 0.631
352.047 0.639
352.703 0.656
353.367 0.664
354.013 0.646
354.634 0.621
355.257 0.623
355.899 0.642
356.561 0.662
357.24 0.679
357.895 0.655
358.532 0.637
359.134 0.602
359.71 0.576
360.279 0.569
360.876 0.597
361.517 0.641
362.186 0.669
362.833 0.647
363.45 0.617
364.07 0.62
364.711 0.641
365.366 0.655
366.005 0.639
366.618 0.613
367.239 0.621
367.861 0.622
368.506 0.645
369.132 0.626
369.739 0.607
370.332 0.593
370.952 0.62
371.585 0.633
372.218 0.633
372.829 0.611
373.42 0.591
374.032 0.612
374.658 0.626
375.306 0.648
375.927 0.621
376.532 0.605
377.136 0.604
377.74 0.604
378.345 0.605
378.948 0.603
379.55 0.602
380.133 0.583
380.724 0.591
381.339 0.615
381.949 0.61
382.553 0.604
383.146 0.593
383.76 0.614
384.377 0.617
385.001 0.624
385.606 0.605
386.196 0.59
386.794 0.598
387.393 0.599
387.997 0.604
388.587 0.59
389.179 0.592
389.79 0.611
390.414 0.624
391.065 0.651
391.716 0.651
392.373 0.657
393.016 0.643
393.642 0.626
394.267 0.625
394.888 0.621
395.535 0.647
396.188 0.653
396.831 0.643
397.463 0.632
398.087 0.624
398.717 0.63
399.371 0.654
400.035 0.664
400.677 0.642
401.29 0.613
401.88 0.59
402.491 0.611
403.12 0.629
403.759 0.639
404.402 0.643
405.016 0.614
405.613 0.597
406.238 0.625
406.866 0.628
407.504 0.638
408.148 0.644
408.777 0.629
409.38 0.603
409.973 0.593
410.564 0.591
411.166 0.602
411.753 0.587
412.33 0.577
412.923 0.593
413.553 0.63
414.184 0.631
414.823 0.639
415.456 0.633
416.064 0.608
416.658 0.594
417.27 0.612
417.887 0.617
418.535 0.648
419.191 0.656
419.823 0.632
420.431 0.608
421.022 0.591
421.624 0.602
422.238 0.614
422.885 0.647
423.527 0.642
424.167 0.64
424.818 0.651
425.485 0.667
426.164 0.679
426.842 0.678
427.512 0.67
428.153 0.641
428.785 0.632
429.39 0.605
429.979 0.589
430.563 0.584
431.174 0.611
431.829 0.655
432.527 0.698
433.217 0.69
433.89 0.673
434.538 0.648
435.187 0.649
435.819 0.632
436.416 0.597
437.006 0.59
437.589 0.583
438.202 0.613
438.827 0.625
439.471 0.644
440.109 0.638
440.731 0.622
441.334 0.603
441.92 0.586
442.511 0.591
443.117 0.606
443.724 0.607
444.352 0.628
444.959 0.607
445.563 0.604
446.161 0.598
446.795 0.634
447.422 0.627
448.047 0.625
448.643 0.596
449.219 0.576
449.81 0.591
450.432 0.622
451.05 0.618
451.648 0.598
452.231 0.583
452.801 0.57
453.363 0.562
453.916 0.553
454.454 0.538
454.99 0.536
455.523 0.533
456.051 0.528
456.57 0.519
457.087 0.517
457.617 0.53
458.142 0.525
458.666 0.524
459.199 0.533
459.746 0.547
460.313 0.567
460.881 0.568
461.44 0.559
461.995 0.555
462.571 0.576
463.158 0.587
463.737 0.579
464.31 0.573
464.898 0.588
465.518 0.62
466.147 0.629
466.791 0.644
467.431 0.64
468.044 0.613
468.675 0.631
469.322 0.647
469.985 0.663
470.662 0.677
471.321 0.659
471.967 0.646
472.59 0.623
473.224 0.634
473.878 0.654
474.567 0.689
475.265 0.698
475.95 0.685
476.615 0.665
477.27 0.655
477.924 0.654
478.576 0.652
479.23 0.654
479.877 0.647
480.525 0.648
481.184 0.659
481.858 0.674
482.536 0.678
483.198 0.662
483.849 0.651
484.511 0.662
485.191 0.68
485.876 0.685
486.535 0.659
487.174 0.639
487.81 0.636
488.461 0.651
489.136 0.675
489.84 0.704
490.554 0.714
491.236 0.682
491.901 0.665
492.57 0.669
493.26 0.69
493.969 0.709
494.683 0.714
495.375 0.692
496.036 0.661
496.694 0.658
497.362 0.668
498.08 0.718
498.8 0.72
499.495 0.695
500.185 0.69
500.87 0.685
501.554 0.684
502.231 0.677
502.887 0.656
503.53 0.643
504.168 0.638
504.822 0.654
505.495 0.673
506.19 0.695
506.872 0.682
507.542 0.67
508.21 0.668
508.881 0.671
509.545 0.664
510.196 0.651
510.832 0.636
511.447 0.615
512.09 0.643
512.76 0.67
513.446 0.686
514.124 0.678
514.79 0.666
515.463 0.673
516.147 0.684
516.839 0.692
517.532 0.693
518.195 0.663
518.839 0.644
519.455 0.616
520.089 0.634
520.729 0.64
521.383 0.654
522.039 0.656
522.683 0.644
523.326 0.643
523.997 0.671
524.653 0.656
525.316 0.663
525.957 0.641
526.591 0.634
527.224 0.633
527.902 0.678
528.611 0.709
529.307 0.696
529.982 0.675
530.616 0.634
531.279 0.663
531.949 0.67
532.62 0.671
533.379 0.759
534.091 0.712
534.769 0.678
535.391 0.622
535.996 0.605
536.613 0.617
537.26 0.647
537.952 0.692
538.667 0.715
539.351 0.684
540.004 0.653
540.649 0.645
541.294 0.645
541.942 0.648
542.575 0.633
543.208 0.633
543.824 0.616
544.442 0.618
545.044 0.602
545.639 0.595
546.223 0.584
546.795 0.572
547.402 0.607
548.045 0.643
548.718 0.673
549.413 0.695
550.123 0.71
550.824 0.701
551.517 0.693
552.19 0.673
552.845 0.655
553.482 0.637
554.104 0.622
554.743 0.639
555.399 0.656
556.069 0.67
556.734 0.665
557.413 0.679
558.09 0.677
558.753 0.663
559.426 0.673
560.072 0.646
560.712 0.64
561.344 0.632
561.966 0.622
562.574 0.608
563.217 0.643
563.898 0.681
564.636 0.738
565.392 0.756
566.099 0.707
566.763 0.664
567.394 0.631
568.017 0.623
568.648 0.631
569.294 0.646
569.921 0.627
570.539 0.618
571.17 0.631
571.827 0.657
572.49 0.663
573.176 0.686
573.843 0.667
574.479 0.636
575.097 0.618
575.739 0.642
576.406 0.667
577.108 0.702
577.835 0.727
578.557 0.722
579.267 0.71
579.976 0.709
580.659 0.683
581.303 0.644
581.905 0.602
582.511 0.606
583.139 0.628
583.811 0.672
584.509 0.698
585.195 0.686
585.846 0.651
586.46 0.614
587.054 0.594
587.655 0.601
588.273 0.618
588.902 0.629
589.511 0.609
590.106 0.595
590.683 0.577
591.266 0.583
591.88 0.614
592.495 0.615
593.105 0.61
593.688 0.583
594.272 0.584
594.857 0.585
595.445 0.588
596.034 0.589
596.627 0.593
597.204 0.577
597.785 0.581
598.38 0.595
598.994 0.614
599.603 0.609
600.195 0.592
600.765 0.57
601.322 0.557
601.886 0.564
602.455 0.569
603.033 0.578
603.596 0.563
604.156 0.56
604.724 0.568
605.297 0.573
605.872 0.575
606.454 0.582
607.032 0.578