0.000 1.035
1.035 1.035
2.097 1.062
3.123 1.026
4.127 1.004
5.121 0.994
13.23 1.231
14.337 1.107
15.44 1.103
16.545 1.105
17.557 1.012
18.63 1.073
19.697 1.067
20.768 1.071
21.915 1.147
22.992 1.077
24.176 1.184
25.404 1.228
26.628 1.224
27.879 1.251
29.051 1.172
30.278 1.227
31.55 1.272
32.767 1.217
33.925 1.158
34.989 1.064
36.09 1.101
37.323 1.233
38.611 1.288
39.967 1.356
41.263 1.296
42.485 1.222
43.754 1.269
44.943 1.189
46.172 1.229
47.302 1.13
48.511 1.209
49.73 1.219
50.98 1.25
52.309 1.329
53.599 1.29
54.948 1.349
56.292 1.344
57.541 1.249
58.783 1.242
59.99 1.207
61.347 1.357
62.441 1.094
63.552 1.111
64.649 1.097
65.67 1.021
66.635 0.965
67.688 1.053
68.764 1.076
69.86 1.096
70.89 1.03
71.968 1.078
73.012 1.044
74.128 1.116
75.209 1.081
76.28 1.071
77.372 1.092
78.448 1.076
79.51 1.062
80.673 1.163
81.894 1.221
83.135 1.241
84.358 1.223
85.639 1.281
86.774 1.135
87.897 1.123
89.094 1.197
90.336 1.242
91.588 1.252
92.791 1.203
93.955 1.164
94.975 1.02
96.002 1.027
97.025 1.023
98.062 1.037
99.157 1.095
100.365 1.208
101.709 1.344
102.972 1.263
104.179 1.207
105.359 1.18
106.564 1.205
107.789 1.225
108.928 1.139
110.122 1.194
111.34 1.218
112.648 1.308
113.8 1.152
115.111 1.311
116.413 1.302
117.787 1.374
119.016 1.229
120.279 1.263
121.51 1.231
122.612 1.102
123.771 1.159
124.919 1.148
126.028 1.109
127.151 1.123
128.249 1.098
129.367 1.118
130.49 1.123
131.507 1.017
132.517 1.01
133.511 0.994
134.501 0.99
135.484 0.983
136.435 0.951
137.339 0.904
138.213 0.874
139.024 0.811
139.823 0.799
140.605 0.782
141.415 0.81
142.396 0.981
143.527 1.131
144.635 1.108
145.851 1.216
147.057 1.206
148.249 1.192
148.507 0.258
149.483 0.976
150.721 1.238
151.869 1.148
153.054 1.185
153.789 0.735
154.26 0.471
155.444 1.184
156.674 1.23
157.806 1.132
158.918 1.112
159.976 1.058
161.016 1.04
162.025 1.009
163.128 1.103
164.242 1.114
165.302 1.06
166.525 1.223
167.887 1.362
169.202 1.315
170.446 1.244
171.596 1.15
172.66 1.064
173.599 0.939
174.594 0.995
175.679 1.085
176.879 1.2
177.883 1.004
178.985 1.102
180.161 1.176
181.359 1.198
182.475 1.116
183.605 1.13
184.623 1.018
185.59 0.967
186.556 0.966
187.483 0.927
188.34 0.857
189.223 0.883
190.151 0.928
191.095 0.944
192.052 0.957
193.155 1.103
194.42 1.265
195.605 1.185
196.873 1.268
197.951 1.078
199.084 1.133
200.177 1.093
201.318 1.141
202.532 1.214
203.741 1.209
204.98 1.239
206.19 1.21
207.495 1.305
208.832 1.337
210.177 1.345
211.44 1.263
212.728 1.288
214.058 1.33
215.324 1.266
216.48 1.156
217.638 1.158
218.782 1.144
220.051 1.269
221.356 1.305
222.66 1.304
223.866 1.206
225.125 1.259
226.357 1.232
227.664 1.307
229.039 1.375
230.352 1.313
231.542 1.19
232.834 1.292
234.24 1.406
235.623 1.383
236.968 1.345
238.279 1.311
239.622 1.343
240.887 1.265
242.177 1.29
243.515 1.338
244.828 1.313
246.129 1.301
247.476 1.347
248.765 1.289
250.056 1.291
251.327 1.271
252.485 1.158
253.626 1.141
254.864 1.238
256.097 1.233
257.248 1.151
258.471 1.223
259.758 1.287
260.944 1.186
262.176 1.232
263.42 1.244
264.56 1.14
265.601 1.041
266.722 1.121
267.912 1.19
269.107 1.195
270.286 1.179
271.534 1.248
272.837 1.303
274.142 1.305
275.362 1.22
276.421 1.059
277.488 1.067
278.543 1.055
279.568 1.025
280.537 0.969
281.541 1.004
282.602 1.061
283.737 1.135
284.914 1.177
286.064 1.15
287.144 1.08
288.153 1.009
289.191 1.038
290.171 0.98
291.095 0.924
292.021 0.926
293.083 1.062
294.261 1.178
295.505 1.244
296.808 1.303
298.195 1.387
299.512 1.317
300.869 1.357
302.257 1.388
303.576 1.319
304.829 1.253
306.149 1.32
307.595 1.446
308.986 1.391
310.258 1.272
311.592 1.334
312.969 1.377
314.206 1.237
315.385 1.179
316.462 1.077
317.496 1.034
318.542 1.046
319.61 1.068
320.68 1.07
321.749 1.069
322.846 1.097
323.936 1.09
325.136 1.2
326.439 1.303
327.751 1.312
328.892 1.141
330.103 1.211
331.382 1.279
332.588 1.206
333.69 1.102
334.83 1.14
336.019 1.189
337.306 1.287
338.598 1.292
339.948 1.35
341.204 1.256
342.446 1.242
343.602 1.156
344.675 1.073
345.679 1.004
346.693 1.014
347.673 0.98
348.743 1.07
349.855 1.112
351.018 1.163
352.282 1.264
353.598 1.316
354.882 1.284
356.053 1.171
357.088 1.035
358.116 1.028
359.089 0.973
360.034 0.945
361.26 1.226
362.485 1.225
363.729 1.244
364.887 1.158
366.076 1.189
367.168 1.092
368.282 1.114
369.297 1.015
370.333 1.036
371.342 1.009
372.312 0.97
373.484 1.172
374.81 1.326
376.092 1.282
377.434 1.342
378.802 1.368
380.075 1.273
381.279 1.204
382.382 1.103
383.381 0.999
384.363 0.982
385.325 0.962
386.335 1.01
387.496 1.161
388.581 1.085
389.668 1.087
390.703 1.035
391.771 1.068
392.858 1.087
393.87 1.012
394.888 1.018
395.982 1.094
397.197 1.215
398.47 1.273
399.743 1.273
400.892 1.149
401.981 1.089
403.108 1.127
404.258 1.15
405.36 1.102
406.469 1.109
407.531 1.062
408.647 1.116
409.789 1.142
411.09 1.301
412.28 1.19
413.537 1.257
414.806 1.269
416.021 1.215
417.188 1.167
418.341 1.153
419.477 1.136
420.701 1.224
421.952 1.251
423.163 1.211
424.468 1.305
425.816 1.348
427.079 1.263
428.387 1.308
429.51 1.123
430.685 1.175
431.865 1.18
433.016 1.151
434.252 1.236
435.377 1.125
436.579 1.202
437.795 1.216
438.905 1.11
440.133 1.228
441.439 1.306
442.741 1.302
444.188 1.447
445.544 1.356
446.766 1.222
448.04 1.274
449.212 1.172
450.367 1.155
451.533 1.166
452.776 1.243
454.065 1.289
455.32 1.255
456.657 1.337
457.954 1.297
459.061 1.107
460.193 1.132
461.42 1.227
462.737 1.317
463.887 1.15
465.047 1.16
466.179 1.132
467.304 1.125
468.461 1.157
469.584 1.123
470.728 1.144
471.96 1.232
473.109 1.149
474.277 1.168
475.484 1.207
476.655 1.171
477.846 1.191
479.094 1.248
480.282 1.188
481.516 1.234
482.663 1.147
483.841 1.178
484.97 1.129
486.18 1.21
487.296 1.116
488.455 1.159
489.57 1.115
490.667 1.097
491.886 1.219
493.064 1.178
494.287 1.223
495.425 1.138
496.592 1.167
497.847 1.255
499.106 1.259
500.383 1.277
501.541 1.158
502.703 1.162
503.887 1.184
505.158 1.271
506.414 1.256
507.67 1.256
508.892 1.222
510.167 1.275
511.405 1.238
512.705 1.3
513.97 1.265
515.223 1.253
516.527 1.304
517.73 1.203
519.017 1.287
520.43 1.413
521.729 1.299
522.917 1.188
524.165 1.248
525.476 1.311
526.839 1.363
528.148 1.309
529.376 1.228
530.622 1.246
531.843 1.221
533.016 1.173
534.312 1.296
535.499 1.187
536.744 1.245
538.027 1.283
539.204 1.177
540.342 1.138
541.527 1.185
542.734 1.207
543.861 1.127
545.083 1.222
546.291 1.208
547.42 1.129
548.647 1.227
549.895 1.248
551.135 1.24
552.488 1.353
553.844 1.356
555.185 1.341
556.557 1.372
557.854 1.297
559.212 1.358
560.514 1.302
561.777 1.263
563.115 1.338
564.337 1.222
565.619 1.282
566.869 1.25
568.076 1.207
569.299 1.223
570.431 1.132
571.633 1.202
572.861 1.228
574.129 1.268
575.45 1.321
576.747 1.297
578.052 1.305
579.451 1.399
580.777 1.326
582.058 1.281
583.346 1.288
584.573 1.227
585.734 1.161
586.942 1.208
588.165 1.223
589.379 1.214
590.762 1.383
592.117 1.355
593.457 1.34
594.89 1.433
596.202 1.312
597.479 1.277
598.803 1.324
600.044 1.241
601.168 1.124
602.34 1.172
603.574 1.234
604.757 1.183
606.087 1.33
607.392 1.305
608.677 1.285
610.06 1.383
611.373 1.313
612.8 1.427
614.202 1.402
615.56 1.358