0.000 0.669
0.669 0.669
1.345 0.676
2.015 0.67
2.674 0.659
3.319 0.645
3.956 0.637
4.604 0.648
5.271 0.667
5.931 0.66
6.644 0.713
7.372 0.728
8.113 0.741
8.821 0.708
9.529 0.708
10.247 0.718
10.982 0.735
11.726 0.744
12.449 0.723
13.201 0.752
13.959 0.758
14.695 0.736
15.468 0.773
16.279 0.811
17.054 0.775
17.786 0.732
18.554 0.768
19.332 0.778
20.093 0.761
20.819 0.726
21.562 0.743
22.322 0.76
23.082 0.76
23.774 0.692
24.506 0.732
25.241 0.735
25.949 0.708
26.693 0.744
27.438 0.745
28.226 0.788
28.969 0.743
29.732 0.763
30.516 0.784
31.24 0.724
32.001 0.761
32.756 0.755
33.505 0.749
34.229 0.724
34.943 0.714
35.676 0.733
36.414 0.738
37.135 0.721
37.835 0.7
38.576 0.741
39.342 0.766
40.062 0.72
40.774 0.712
41.515 0.741
42.259 0.744
43.007 0.748
43.71 0.703
44.444 0.734
45.187 0.743
45.962 0.775
46.697 0.735
47.478 0.781
48.272 0.794
49.084 0.812
49.853 0.769
50.592 0.739
51.3 0.708
51.984 0.684
52.643 0.659
53.284 0.641
53.915 0.631
54.547 0.632
55.218 0.671
55.984 0.766
56.783 0.799
57.718 0.935
58.564 0.846
59.362 0.798
60.13 0.768
60.84 0.71
61.554 0.714
62.293 0.739
63.038 0.745
63.761 0.723
64.457 0.696
65.139 0.682
65.807 0.668
66.475 0.668
67.145 0.67
67.821 0.676
68.496 0.675
69.184 0.688
69.915 0.731
70.677 0.762
71.472 0.795
72.195 0.723
72.914 0.719
73.644 0.73
74.354 0.71
75.045 0.691
75.728 0.683
76.386 0.658
77.033 0.647
77.693 0.66
78.378 0.685
79.115 0.737
79.83 0.715
80.543 0.713
81.323 0.78
82.146 0.823
82.897 0.751
83.688 0.791
84.473 0.785
85.218 0.745
85.937 0.719
86.625 0.688
87.281 0.656
87.934 0.653
88.572 0.638
89.197 0.625
89.824 0.627
90.45 0.626
91.106 0.656
91.845 0.739
92.705 0.86
93.494 0.789
94.285 0.791
95.128 0.843
95.924 0.796
96.677 0.753
97.435 0.758
98.171 0.736
98.875 0.704
99.616 0.741
100.347 0.731
101.035 0.688
101.762 0.727
102.484 0.722
103.202 0.718
103.928 0.726
104.706 0.778
105.49 0.784
106.193 0.703
106.914 0.721
107.633 0.719
108.34 0.707
109.01 0.67
109.693 0.683
110.391 0.698
111.107 0.716
111.805 0.698
112.506 0.701
113.245 0.739
114.003 0.758
114.711 0.708
115.455 0.744
116.212 0.757
116.987 0.775
117.702 0.715
118.461 0.759
119.212 0.751
119.896 0.684
120.584 0.688
121.29 0.706
121.985 0.695
122.655 0.67
123.313 0.658
123.981 0.668
124.657 0.676
125.308 0.651
125.954 0.646
126.61 0.656
127.302 0.692
128.04 0.738
128.751 0.711
129.454 0.703
130.164 0.71
130.897 0.733
131.591 0.694
132.302 0.711
133.031 0.729
133.752 0.721
134.452 0.7
135.143 0.691
135.827 0.684
136.514 0.687
137.161 0.647
137.791 0.63
138.403 0.612
139.014 0.611
139.61 0.596
140.212 0.602
140.815 0.603
141.428 0.613
142.074 0.646
142.828 0.754
143.586 0.758
144.353 0.767
145.103 0.75
145.861 0.758
146.671 0.81
147.48 0.809
148.263 0.783
148.998 0.735
149.748 0.75
150.498 0.75
151.252 0.754
151.976 0.724
152.748 0.772
153.526 0.778
154.273 0.747
155.008 0.735
155.712 0.704
156.392 0.68
157.075 0.683
157.763 0.688
158.432 0.669
159.126 0.694
159.811 0.685
160.511 0.7
161.229 0.718
161.91 0.681
162.593 0.683
163.272 0.679
163.965 0.693
164.649 0.684
165.314 0.665
165.963 0.649
166.596 0.633
167.219 0.623
167.853 0.634
168.502 0.649
169.196 0.694
169.954 0.758
170.745 0.791
171.658 0.913
172.602 0.944
173.501 0.899
174.293 0.792
175.016 0.723
175.768 0.752
176.569 0.801
177.362 0.793
178.11 0.748
178.882 0.772
179.689 0.807
180.477 0.788
181.265 0.788
182.104 0.839
182.894 0.79
183.651 0.757
184.463 0.812
185.299 0.836
186.124 0.825
186.939 0.815
187.776 0.837
188.645 0.869
189.484 0.839
190.296 0.812
191.125 0.829
191.936 0.811
192.691 0.755
193.48 0.789
194.243 0.763
194.98 0.737
195.719 0.739
196.464 0.745
197.233 0.769
197.989 0.756
198.73 0.741
199.44 0.71
200.141 0.701
200.828 0.687
201.567 0.739
202.332 0.765
203.121 0.789
203.843 0.722
204.549 0.706
205.215 0.666
205.933 0.718
206.712 0.779
207.507 0.795
208.254 0.747
208.974 0.72
209.687 0.713
210.389 0.702
211.079 0.69
211.749 0.67
212.42 0.671
213.077 0.657
213.726 0.649
214.381 0.655
215.048 0.667
215.733 0.685
216.447 0.714
217.217 0.77
218.04 0.823
218.859 0.819
219.609 0.75
220.331 0.722
221.05 0.719
221.772 0.722
222.503 0.731
223.24 0.737
224.003 0.763
224.758 0.755
225.479 0.721
226.176 0.697
226.829 0.653
227.485 0.656
228.129 0.644
228.76 0.631
229.409 0.649
230.091 0.682
230.862 0.771
231.676 0.814
232.421 0.745
233.157 0.736
233.936 0.779
234.728 0.792
235.509 0.781
236.235 0.726
236.945 0.71
237.674 0.729
238.405 0.731
239.098 0.693
239.783 0.685
240.463 0.68
241.162 0.699
241.849 0.687
242.538 0.689
243.243 0.705
243.942 0.699
244.62 0.678
245.322 0.702
246.045 0.723
246.788 0.743
247.507 0.719
248.204 0.697
248.927 0.723
249.671 0.744
250.446 0.775
251.199 0.753
251.904 0.705
252.602 0.698
253.326 0.724
254.046 0.72
254.788 0.742
255.5 0.712
256.236 0.736
256.994 0.758
257.767 0.773
258.505 0.738
259.247 0.742
259.975 0.728
260.677 0.702
261.396 0.719
262.058 0.662
262.758 0.7
263.451 0.693
264.17 0.719
264.907 0.737
265.603 0.696
266.297 0.694
266.966 0.669
267.618 0.652
268.284 0.666
268.956 0.672
269.638 0.682
270.278 0.64
270.928 0.65
271.589 0.661
272.26 0.671
272.945 0.685
273.596 0.651
274.27 0.674
274.929 0.659
275.57 0.641
276.212 0.642
276.851 0.639
277.473 0.622
278.091 0.618
278.708 0.617
279.339 0.631
279.951 0.612
280.566 0.615
281.196 0.63
281.841 0.645
282.499 0.658
283.137 0.638
283.777 0.64
284.439 0.662
285.121 0.682
285.786 0.665
286.439 0.653
287.099 0.66
287.778 0.679
288.463 0.685
289.129 0.666
289.808 0.679
290.513 0.705
291.223 0.71
291.954 0.731
292.713 0.759
293.471 0.758
294.191 0.72
294.889 0.698
295.605 0.716
296.362 0.757
297.095 0.733
297.826 0.731
298.578 0.752
299.338 0.76
300.07 0.732
300.779 0.709
301.509 0.73
302.248 0.739
302.964 0.716
303.672 0.708
304.411 0.739
305.19 0.779
305.988 0.798
306.728 0.74
307.441 0.713
308.157 0.716
308.9 0.743
309.629 0.729
310.345 0.716
311.099 0.754
311.885 0.786
312.63 0.745
313.345 0.715
314.083 0.738
314.837 0.754
315.562 0.725
316.277 0.715
317.039 0.762
317.81 0.771
318.564 0.754
319.293 0.729
320.043 0.75
320.769 0.726
321.466 0.697
322.172 0.706
322.867 0.695
323.561 0.694
324.288 0.727
325.04 0.752
325.802 0.762
326.516 0.714
327.282 0.766
328.055 0.773
328.854 0.799
329.577 0.723
330.327 0.75
331.099 0.772
331.887 0.788
332.616 0.729
333.365 0.749
334.145 0.78
334.941 0.796
335.679 0.738
336.463 0.784
337.24 0.777
337.997 0.757
338.749 0.752
339.548 0.799
340.368 0.82
341.115 0.747
341.906 0.791
342.673 0.767
343.434 0.761
344.178 0.744
344.931 0.753
345.664 0.733
346.358 0.694
347.079 0.721
347.803 0.724
348.581 0.778
349.372 0.791
350.109 0.737
350.89 0.781
351.67 0.78
352.398 0.728
353.134 0.736
353.892 0.758
354.668 0.776
355.389 0.721
356.145 0.756
356.927 0.782
357.665 0.738
358.392 0.727
359.152 0.76
359.921 0.769
360.626 0.705
361.337 0.711
362.041 0.704
362.723 0.682
363.407 0.684
364.108 0.701
364.799 0.691
365.493 0.694
366.235 0.742
367.004 0.769
367.754 0.75
368.478 0.724
369.234 0.756
370.021 0.787
370.807 0.786
371.537 0.73
372.29 0.753
373.06 0.77
373.841 0.781
374.576 0.735
375.358 0.782
376.138 0.78
376.883 0.745
377.586 0.703
378.313 0.727
379.052 0.739
379.8 0.748
380.521 0.721
381.251 0.73
382.03 0.779
382.796 0.766
383.537 0.741
384.253 0.716
384.928 0.675
385.607 0.679
386.294 0.687
386.984 0.69
387.718 0.734
388.44 0.722
389.146 0.706
389.822 0.676
390.47 0.648
391.114 0.644
391.742 0.628
392.371 0.629
393.012 0.641
393.654 0.642
394.362 0.708
395.117 0.755
395.838 0.721
396.652 0.814
397.47 0.818
398.272 0.802
399.029 0.757
399.728 0.699
400.418 0.69
401.12 0.702
401.846 0.726
402.569 0.723
403.292 0.723
403.988 0.696
404.684 0.696
405.391 0.707
406.102 0.711
406.774 0.672
407.467 0.693
408.155 0.688
408.835 0.68
409.536 0.701
410.226 0.69
410.932 0.706
411.658 0.726
412.417 0.759
418.993 0.719
419.734 0.741
420.496 0.762
421.21 0.714
421.935 0.725
422.668 0.733
423.465 0.797
424.285 0.82
425.105 0.82
425.918 0.813
426.702 0.784
427.467 0.765
428.217 0.75
428.949 0.732
429.656 0.707
430.323 0.667
430.972 0.649
431.616 0.644
432.261 0.645
432.943 0.682
433.72 0.777
434.459 0.739
435.273 0.814
436.081 0.808
436.921 0.84
437.665 0.744
438.413 0.748
439.215 0.802
440.001 0.786
440.772 0.771
441.525 0.753
442.243 0.718
442.929 0.686
443.603 0.674
444.277 0.674
444.954 0.677
445.617 0.663
446.295 0.678
446.979 0.684
447.736 0.757
448.532 0.796
449.259 0.727
450.015 0.756
450.804 0.789
451.596 0.792
452.382 0.786
453.143 0.761
453.846 0.703
454.527 0.681
455.218 0.691
455.921 0.703
456.635 0.714
457.351 0.716
458.128 0.777
458.91 0.782
459.671 0.761
460.402 0.731
461.185 0.783
461.968 0.783
462.71 0.742
463.444 0.734
464.234 0.79
465.021 0.787
465.745 0.724
466.477 0.732
467.212 0.735
467.965 0.753
468.675 0.71
469.425 0.75
470.19 0.765
470.972 0.782
471.747 0.775
472.505 0.758
473.235 0.73
473.967 0.732
474.698 0.731
475.42 0.722
476.09 0.67
476.774 0.684
477.45 0.676
478.11 0.66
478.803 0.693
479.555 0.752
480.342 0.787
481.109 0.767
481.824 0.715
482.574 0.75
483.296 0.722
483.993 0.697
484.687 0.694
485.379 0.692
486.069 0.69
486.751 0.682
487.401 0.65
488.08 0.679
488.766 0.686
489.426 0.66
490.102 0.676
490.807 0.705
491.556 0.749
492.347 0.791
493.089 0.742
493.874 0.785
494.642 0.768
495.349 0.707
496.075 0.726
496.808 0.733
497.512 0.704
498.211 0.699
498.928 0.717
499.647 0.719
500.334 0.687
501.015 0.681
501.742 0.727
502.465 0.723
503.172 0.707
503.867 0.695
504.607 0.74
505.356 0.749
506.101 0.745
506.805 0.704
507.496 0.691
508.216 0.72
508.935 0.719
509.648 0.713
510.341 0.693
511.046 0.705
511.787 0.741
512.54 0.753
513.255 0.715
513.961 0.706
514.695 0.734
515.454 0.759
516.184 0.73
516.913 0.729
517.691 0.778
518.411 0.72
519.129 0.718
519.881 0.752
520.646 0.765
521.37 0.724
522.076 0.706
522.786 0.71
523.476 0.69
524.163 0.687
524.85 0.687
525.521 0.671
526.203 0.682
526.906 0.703
527.633 0.727
528.402 0.769
529.164 0.762
529.876 0.712
530.612 0.736
531.373 0.761
532.141 0.768
532.867 0.726
533.58 0.713
534.297 0.717
534.997 0.7
535.665 0.668
536.367 0.702
537.087 0.72
537.794 0.707
538.461 0.667
539.132 0.671
539.811 0.679
540.506 0.695
541.205 0.699
541.895 0.69
542.589 0.694
543.288 0.699
543.985 0.697
544.657 0.672
545.313 0.656
545.982 0.669
546.666 0.684
547.373 0.707
548.1 0.727
548.819 0.719
549.502 0.683
550.217 0.715
550.928 0.711
551.633 0.705
552.308 0.675
553.023 0.715
553.74 0.717
554.485 0.745
555.21 0.725
555.954 0.744
556.707 0.753
557.469 0.762
558.203 0.734
558.954 0.751
559.73 0.776
560.515 0.785
561.254 0.739
562.02 0.766
562.768 0.748
563.519 0.751
564.216 0.697
564.95 0.734
565.686 0.736
566.423 0.737
567.149 0.726
567.866 0.717
568.56 0.694
569.222 0.662
569.858 0.636
570.499 0.641
571.146 0.647
571.829 0.683
572.554 0.725
573.307 0.753
574.021 0.714
574.769 0.748
575.512 0.743
576.259 0.747
576.998 0.739
577.723 0.725
578.432 0.709
579.117 0.685
579.765 0.648
580.428 0.663
581.091 0.663
581.768 0.677
582.474 0.706
583.21 0.736
583.95 0.74
584.638 0.688
585.356 0.718
586.066 0.71
586.796 0.73
587.53 0.734
588.253 0.723
588.969 0.716
589.66 0.691
590.33 0.67
591.002 0.672
591.683 0.681
592.414 0.731
593.185 0.771
593.96 0.775
594.716 0.756
595.478 0.762
596.265 0.787
597.027 0.762
597.797 0.77
598.56 0.763
599.276 0.716
600.0 0.724
600.686 0.686
601.399 0.713
602.119 0.72
602.844 0.725
603.567 0.723
604.292 0.725
604.977 0.685
605.681 0.704
606.376 0.695
607.063 0.687
607.792 0.729
608.56 0.768
609.29 0.73
610.059 0.769
610.818 0.759
611.588 0.77
612.3 0.712
613.027 0.727
613.757 0.73
614.465 0.708
615.152 0.687