0.000 1.206
1.206 1.206
9.227 1.228
10.409 1.182
11.64 1.231
12.862 1.222
13.995 1.133
15.063 1.068
16.023 0.96
17.075 1.052
18.327 1.252
19.516 1.189
20.726 1.21
21.796 1.07
22.744 0.948
23.799 1.055
24.868 1.069
25.968 1.1
27.138 1.17
28.213 1.075
29.388 1.175
30.556 1.168
31.652 1.096
32.872 1.22
34.078 1.206
35.324 1.246
36.638 1.314
37.886 1.248
39.163 1.277
40.302 1.139
41.5 1.198
42.644 1.144
43.853 1.209
45.121 1.268
46.309 1.188
47.586 1.277
48.839 1.253
50.034 1.195
51.278 1.244
52.606 1.328
53.823 1.217
55.039 1.216
56.418 1.379
57.606 1.188
58.808 1.202
60.197 1.389
61.459 1.262
62.605 1.146
63.803 1.198
64.941 1.138
66.153 1.212
67.274 1.121
68.459 1.185
69.692 1.233
70.741 1.049
71.747 1.006
72.724 0.977
73.833 1.109
74.838 1.005
75.768 0.93
76.758 0.99
77.701 0.943
78.641 0.94
79.659 1.018
80.596 0.937
81.506 0.91
82.512 1.006
83.475 0.963
84.429 0.954
85.478 1.049
86.491 1.013
87.496 1.005
88.571 1.075
89.621 1.05
90.681 1.06
91.752 1.071
92.768 1.016
93.914 1.146
94.979 1.065
96.018 1.039
97.188 1.17
98.392 1.204
99.518 1.126
100.583 1.065
101.744 1.161
102.839 1.095
103.83 0.991
104.923 1.093
105.978 1.055
106.983 1.005
107.987 1.004
108.97 0.983
109.86 0.89
110.823 0.963
111.809 0.986
112.711 0.902
113.684 0.973
114.783 1.099
115.832 1.049
116.808 0.976
118.01 1.202
119.214 1.204
120.277 1.063
121.503 1.226
122.662 1.159
123.827 1.165
125.067 1.24
126.262 1.195
127.554 1.292
128.862 1.308
130.051 1.189
131.344 1.293
132.567 1.223
133.763 1.196
135.035 1.272
136.259 1.224
137.624 1.365
138.837 1.213
140.073 1.236
141.31 1.237
142.5 1.19
143.749 1.249
144.926 1.177
146.086 1.16
147.353 1.267
148.509 1.156
149.627 1.118
150.889 1.262
152.052 1.163
153.286 1.234
154.462 1.176
155.534 1.072
156.753 1.219
157.901 1.148
159.1 1.199
160.368 1.268
161.506 1.138
162.724 1.218
163.995 1.271
165.095 1.1
166.333 1.238
167.584 1.251
168.775 1.191
170.034 1.259
171.181 1.147
171.885 0.704
172.24 0.355
173.126 0.886
173.887 0.761
174.62 0.733
175.386 0.766
176.212 0.826
177.206 0.994
178.077 0.871
178.89 0.813
179.773 0.883
180.676 0.903
181.577 0.901
182.596 1.019
183.595 0.999
184.491 0.896
185.327 0.836
186.156 0.829
187.122 0.966
188.177 1.055
189.303 1.126
190.058 0.755
190.481 0.423
191.325 0.844
192.291 0.966
193.297 1.006
194.336 1.039
195.32 0.984
196.372 1.052
197.577 1.205
198.663 1.086
199.705 1.042
200.92 1.215
201.986 1.066
203.147 1.161
204.194 1.047
205.285 1.091
206.393 1.108
207.442 1.049
208.69 1.248
209.962 1.272
211.06 1.098
212.248 1.188
213.305 1.057
214.312 1.007
215.463 1.151
216.815 1.352
218.152 1.337
219.284 1.132
220.457 1.173
221.723 1.266
222.898 1.175
224.089 1.191
225.299 1.21
226.494 1.195
227.645 1.151
228.956 1.311
230.219 1.263
231.53 1.311
232.838 1.308
233.987 1.149
235.173 1.186
236.367 1.194
237.515 1.148
238.593 1.078
239.805 1.212
241.098 1.293
242.304 1.206
243.532 1.228
244.805 1.273
245.98 1.175
247.149 1.169
248.369 1.22
249.585 1.216
250.703 1.118
251.994 1.291
253.224 1.23
254.406 1.182
255.704 1.298
257.018 1.314
258.218 1.2
259.362 1.144
260.638 1.276
261.857 1.219
262.99 1.133
264.228 1.238
265.517 1.289
266.673 1.156
267.937 1.264
269.005 1.068
270.141 1.136
271.248 1.107
272.329 1.081
273.573 1.244
274.829 1.256
275.987 1.158
277.101 1.114
278.328 1.227
279.516 1.188
280.63 1.114
281.826 1.196
282.991 1.165
284.086 1.095
285.293 1.207
286.431 1.138
287.522 1.091
288.744 1.222
289.86 1.116
290.97 1.11
292.139 1.169
293.211 1.072
294.265 1.054
295.474 1.209
296.684 1.21
297.768 1.084
298.932 1.164
300.101 1.169
301.166 1.065
302.286 1.12
303.4 1.114
304.434 1.034
305.457 1.023
306.456 0.999
307.277 0.821
308.087 0.81
308.948 0.861
309.856 0.908
310.788 0.932
311.785 0.997
312.728 0.943
313.637 0.909
314.727 1.09
315.871 1.144
316.925 1.054
317.939 1.014
318.903 0.964
319.961 1.058
321.084 1.123
322.132 1.048
323.256 1.124
324.426 1.17
325.499 1.073
326.546 1.047
327.629 1.083
328.729 1.1
329.748 1.019
330.798 1.05
331.925 1.127
332.947 1.022
334.067 1.12
335.125 1.058
336.166 1.041
337.34 1.174
338.466 1.126
339.406 0.94
340.259 0.853
341.362 1.103
342.553 1.191
343.741 1.188
344.882 1.141
345.903 1.021
346.883 0.98
347.922 1.039
348.902 0.98
349.811 0.909
350.708 0.897
351.5 0.792
352.284 0.784
353.249 0.965
354.369 1.12
355.452 1.083
356.478 1.026
357.487 1.009
358.554 1.067
359.604 1.05
360.613 1.009
361.722 1.109
362.877 1.155
363.991 1.114
365.2 1.209
366.419 1.219
367.553 1.134
368.708 1.155
369.911 1.203
371.023 1.112
372.146 1.123
373.366 1.22
374.482 1.116
375.611 1.129
376.869 1.258
378.048 1.179
379.178 1.13
380.42 1.242
381.643 1.223
382.754 1.111
383.933 1.179
385.155 1.222
386.335 1.18
387.433 1.098
388.701 1.268
389.869 1.168
390.977 1.108
392.186 1.209
393.411 1.225
394.547 1.136
395.657 1.11
396.801 1.144
397.831 1.03
399.0 1.169
400.1 1.1
401.224 1.124
402.362 1.138
403.424 1.062
404.556 1.132
405.71 1.154
406.795 1.085
407.954 1.159
409.12 1.166
410.201 1.081
411.3 1.099
412.457 1.157
413.605 1.148
414.697 1.092
415.88 1.183
417.081 1.201
418.196 1.115
419.297 1.101
420.454 1.157
421.609 1.155
422.726 1.117
423.889 1.163
425.071 1.182
426.226 1.155
427.337 1.111
428.456 1.119
429.582 1.126
430.676 1.094
431.78 1.104
433.006 1.226
434.238 1.232
435.38 1.142
436.535 1.155
437.724 1.189
438.851 1.127
439.91 1.059
441.095 1.185
442.289 1.194
443.429 1.14
444.517 1.088
445.719 1.202
446.91 1.191
448.033 1.123
449.162 1.129
450.302 1.14
451.415 1.113
452.445 1.03
453.466 1.021
454.361 0.895
455.2 0.839
455.943 0.743
456.647 0.704
457.36 0.713
458.18 0.82
459.164 0.984
460.151 0.987
461.089 0.938
461.953 0.864
462.839 0.886
463.774 0.935
464.711 0.937
465.61 0.899
466.543 0.933
467.5 0.957
468.476 0.976
469.415 0.939
470.413 0.998
471.57 1.157
472.761 1.191
473.869 1.108
475.054 1.185
476.265 1.211
477.371 1.106
478.495 1.124
479.651 1.156
480.752 1.101
481.732 0.98
482.846 1.114
483.952 1.106
484.959 1.007
485.885 0.926
486.718 0.833
487.488 0.77
488.284 0.796
489.564 1.28
490.773 1.209
491.938 1.165
493.097 1.159
494.152 1.055
495.234 1.082
496.342 1.108
497.395 1.053
498.497 1.102
499.557 1.06
500.595 1.038
501.746 1.151
502.93 1.184
504.051 1.121
505.177 1.126
506.358 1.181
507.532 1.174
508.631 1.099
509.797 1.166
510.977 1.18
512.11 1.133
513.21 1.1
514.396 1.186
515.578 1.182
516.657 1.079
517.734 1.077
518.864 1.13
519.967 1.103
521.055 1.088
522.231 1.176
523.42 1.189
524.491 1.071
525.628 1.137
526.776 1.148
527.938 1.162
529.035 1.097
530.044 1.009
531.182 1.138
532.364 1.182
533.47 1.106
534.619 1.149
535.829 1.21
536.956 1.127
538.048 1.092
539.202 1.154
540.347 1.145
541.394 1.047
542.483 1.089
543.612 1.129
544.745 1.133
545.838 1.093
547.001 1.163
548.187 1.186
549.324 1.137
550.395 1.071
551.503 1.108
552.638 1.135
553.719 1.081
554.738 1.019
555.84 1.102
557.006 1.166
558.131 1.125
559.208 1.077
560.354 1.146
561.516 1.162
562.587 1.071
563.714 1.127
564.839 1.125
565.914 1.075
566.899 0.985
567.948 1.049
569.076 1.128
570.205 1.129
571.241 1.036
572.335 1.094
573.465 1.13
574.543 1.078
575.573 1.03
576.674 1.101
577.768 1.094
578.777 1.009
579.802 1.025
580.886 1.084
581.963 1.077
582.976 1.013
584.063 1.087
585.161 1.098
586.19 1.029
587.162 0.972
588.23 1.068
589.348 1.118
590.405 1.057
591.506 1.101
592.655 1.149
593.755 1.1
594.746 0.991
595.797 1.051
596.865 1.068
597.805 0.94
598.688 0.883
599.529 0.841
600.482 0.953
601.658 1.176
602.854 1.196
603.988 1.134
605.153 1.165
606.29 1.137
607.364 1.074
608.396 1.032
609.463 1.067
610.54 1.077
611.525 0.985
612.541 1.016
613.654 1.113
614.751 1.097
615.81 1.059
616.961 1.151
618.139 1.178
619.232 1.093