0.000 2.408
2.408 2.408
2.999 0.591
3.591 0.592
4.19 0.599
4.824 0.634
5.556 0.732
6.392 0.836
7.199 0.807
8.024 0.825
8.838 0.814
9.662 0.824
10.468 0.806
11.253 0.785
12.049 0.796
12.847 0.798
13.654 0.807
14.479 0.825
15.344 0.865
16.251 0.907
17.133 0.882
18.012 0.879
18.81 0.798
19.597 0.787
20.339 0.742
21.096 0.757
21.872 0.776
22.68 0.808
23.496 0.816
24.337 0.841
25.192 0.855
26.017 0.825
26.854 0.837
27.721 0.867
28.521 0.8
29.336 0.815
30.103 0.767
30.785 0.682
31.457 0.672
32.129 0.672
32.793 0.664
33.478 0.685
34.134 0.656
34.813 0.679
35.464 0.651
36.163 0.699
36.854 0.691
37.644 0.79
38.389 0.745
39.142 0.753
39.898 0.756
40.619 0.721
41.292 0.673
41.933 0.641
42.549 0.616
43.148 0.599
43.725 0.577
44.292 0.567
44.854 0.562
45.424 0.57
46.021 0.597
46.755 0.734
47.518 0.763
48.372 0.854
49.214 0.842
50.058 0.844
50.91 0.852
51.74 0.83
52.468 0.728
53.214 0.746
53.965 0.751
54.736 0.771
55.471 0.735
56.225 0.754
57.001 0.776
57.811 0.81
58.604 0.793
59.436 0.832
60.301 0.865
61.141 0.84
61.947 0.806
62.747 0.8
63.517 0.77
64.259 0.742
65.027 0.768
65.817 0.79
66.612 0.795
67.42 0.808
68.203 0.783
69.022 0.819
69.794 0.772
70.568 0.774
71.321 0.753
72.124 0.803
72.949 0.825
73.778 0.829
74.565 0.787
75.372 0.807
76.211 0.839
77.063 0.852
77.897 0.834
78.745 0.848
79.632 0.887
80.576 0.944
81.483 0.907
82.335 0.852
83.138 0.803
83.984 0.846
84.882 0.898
85.842 0.96
86.769 0.927
87.658 0.889
88.466 0.808
89.268 0.802
90.071 0.803
90.891 0.82
91.701 0.81
92.468 0.767
93.258 0.79
94.08 0.822
94.949 0.869
95.807 0.858
96.685 0.878
97.583 0.898
98.483 0.9
99.333 0.85
100.178 0.845
101.026 0.848
101.861 0.835
102.663 0.802
103.466 0.803
104.29 0.824
105.16 0.87
105.994 0.834
106.846 0.852
107.723 0.877
108.597 0.874
109.412 0.815
110.235 0.823
111.069 0.834
111.919 0.85
112.704 0.785
113.493 0.789
114.278 0.785
115.098 0.82
115.937 0.839
116.796 0.859
117.71 0.914
118.641 0.931
119.536 0.895
120.392 0.856
121.242 0.85
122.052 0.81
122.786 0.734
123.539 0.753
124.278 0.739
125.002 0.724
125.798 0.796
126.618 0.82
127.473 0.855
128.382 0.909
129.283 0.901
130.132 0.849
130.987 0.855
131.836 0.849
132.675 0.839
133.468 0.793
134.271 0.803
135.088 0.817
135.946 0.858
136.811 0.865
137.685 0.874
138.577 0.892
139.477 0.9
140.328 0.851
141.171 0.843
142.006 0.835
142.836 0.83
143.63 0.794
144.439 0.809
145.281 0.842
146.159 0.878
147.032 0.873
147.873 0.841
148.739 0.866
149.587 0.848
150.415 0.828
151.214 0.799
152.031 0.817
152.857 0.826
153.691 0.834
154.505 0.814
155.35 0.845
156.226 0.876
157.11 0.884
157.892 0.782
158.661 0.769
159.418 0.757
160.213 0.795
160.986 0.773
161.722 0.736
162.424 0.702
163.138 0.714
163.896 0.758
164.693 0.797
165.494 0.801
166.341 0.847
167.231 0.89
168.072 0.841
168.943 0.871
169.807 0.864
170.661 0.854
171.46 0.799
172.261 0.801
173.072 0.811
173.892 0.82
174.659 0.767
175.48 0.821
176.329 0.849
177.176 0.847
178.005 0.829
178.862 0.857
179.689 0.827
180.473 0.784
181.193 0.72
181.858 0.665
182.549 0.691
183.243 0.694
183.981 0.738
184.751 0.77
185.512 0.761
186.274 0.762
187.033 0.759
187.791 0.758
188.538 0.747
189.242 0.704
189.954 0.712
190.666 0.712
191.383 0.717
192.095 0.712
192.788 0.693
193.504 0.716
194.243 0.739
195.005 0.762
195.785 0.78
196.58 0.795
197.342 0.762
198.135 0.793
198.95 0.815
199.775 0.825
200.589 0.814
201.36 0.771
202.152 0.792
202.959 0.807
203.663 0.704
204.371 0.708
205.069 0.698
205.782 0.713
206.532 0.75
207.272 0.74
208.067 0.795
208.898 0.831
209.684 0.786
210.5 0.816
211.341 0.841
212.178 0.837
212.998 0.82
213.847 0.849
214.679 0.832
215.491 0.812
216.289 0.798
217.11 0.821
217.931 0.821
218.724 0.793
219.536 0.812
220.378 0.842
221.249 0.871
222.085 0.836
222.947 0.862
223.813 0.866
224.651 0.838
225.487 0.836
226.33 0.843
227.2 0.87
228.05 0.85
228.922 0.872
229.824 0.902
230.722 0.898
231.569 0.847
232.422 0.853
233.279 0.857
234.139 0.86
234.975 0.836
235.847 0.872
236.772 0.925
237.688 0.916
238.579 0.891
239.486 0.907
240.395 0.909
241.271 0.876
242.128 0.857
242.988 0.86
243.88 0.892
244.761 0.881
245.668 0.907
246.616 0.948
247.586 0.97
248.512 0.926
249.447 0.935
250.396 0.949
251.314 0.918
252.202 0.888
253.097 0.895
253.987 0.89
254.87 0.883
255.756 0.886
256.67 0.914
257.612 0.942
258.521 0.909
259.406 0.885
260.281 0.875
261.144 0.863
261.988 0.844
262.865 0.877
263.716 0.851
264.598 0.882
265.502 0.904
266.381 0.879
267.272 0.891
268.148 0.876
269.005 0.857
269.872 0.867
270.753 0.881
271.639 0.886
272.54 0.901
273.443 0.903
274.366 0.923
275.33 0.964
276.316 0.986
277.266 0.95
278.181 0.915
279.093 0.912
279.99 0.897
280.853 0.863
281.734 0.881
282.654 0.92
283.614 0.96
284.573 0.959
285.5 0.927
286.403 0.903
287.323 0.92
288.293 0.97
289.287 0.994
290.247 0.96
291.134 0.887
292.011 0.877
292.883 0.872
293.752 0.869
294.591 0.839
295.471 0.88
296.383 0.912
297.308 0.925
298.186 0.878
299.063 0.877
299.955 0.892
300.86 0.905
301.701 0.841
302.55 0.849
303.406 0.856
304.274 0.868
305.105 0.831
305.955 0.85
306.843 0.888
307.759 0.916
308.652 0.893
309.55 0.898
310.452 0.902
311.343 0.891
312.186 0.843
313.016 0.83
313.835 0.819
314.657 0.822
315.477 0.82
316.274 0.797
317.095 0.821
317.956 0.861
318.829 0.873
319.666 0.837
320.501 0.835
321.282 0.781
322.026 0.744
322.749 0.723
323.484 0.735
324.229 0.745
324.96 0.731
325.719 0.759
326.501 0.782
327.307 0.806
328.165 0.858
329.014 0.849
329.883 0.869
330.803 0.92
331.765 0.962
332.724 0.959
333.658 0.934
334.591 0.933
335.435 0.844
336.219 0.784
337.016 0.797
337.845 0.829
338.722 0.877
339.608 0.886
340.438 0.83
341.275 0.837
342.122 0.847
343.012 0.89
343.887 0.875
344.756 0.869
345.653 0.897
346.596 0.943
347.5 0.904
348.41 0.91
349.338 0.928
350.271 0.933
351.171 0.9
352.049 0.878
352.921 0.872
353.788 0.867
354.619 0.831
355.448 0.829
356.296 0.848
357.186 0.89
358.071 0.885
358.915 0.844
359.767 0.852
360.641 0.874
361.539 0.898
362.416 0.877
363.26 0.844
364.12 0.86
364.986 0.866
365.826 0.84
366.646 0.82
367.421 0.775
368.21 0.789
369.023 0.813
369.931 0.908
370.855 0.924
371.721 0.866
372.586 0.865
373.438 0.852
374.283 0.845
375.073 0.79
375.888 0.815
376.721 0.833
377.574 0.853
378.41 0.836
379.264 0.854
380.105 0.841
380.88 0.775
381.652 0.772
382.413 0.761
383.173 0.76
383.92 0.747
384.661 0.741
385.423 0.762
386.197 0.774
386.99 0.793
387.787 0.797
388.591 0.804
389.426 0.835
390.286 0.86
391.163 0.877
392.031 0.868
392.874 0.843
393.732 0.858
394.617 0.885
395.51 0.893
396.348 0.838
397.184 0.836
398.007 0.823
398.834 0.827
399.646 0.812
400.477 0.831
401.33 0.853
402.23 0.9
403.135 0.905
404.002 0.867
404.862 0.86
405.736 0.874
406.611 0.875
407.459 0.848
408.299 0.84
409.145 0.846
410.01 0.865
410.883 0.873
411.747 0.864
412.637 0.89
413.549 0.912
414.463 0.914
415.338 0.875
416.213 0.875
417.075 0.862
417.92 0.845
418.722 0.802
419.545 0.823
420.386 0.841
421.249 0.863
422.13 0.881
423.05 0.92
423.985 0.935
424.91 0.925
425.794 0.884
426.631 0.837
427.438 0.807
428.258 0.82
429.175 0.917
430.207 1.032
431.277 1.07
432.316 1.039
433.305 0.989
434.22 0.915
435.066 0.846
435.888 0.822
436.715 0.827
437.574 0.859
438.447 0.873
439.3 0.853
440.125 0.825
440.944 0.819
441.767 0.823
442.553 0.786
443.292 0.739
444.049 0.757
444.779 0.73
445.55 0.771
446.354 0.804
447.197 0.843
448.058 0.861
448.91 0.852
449.745 0.835
450.583 0.838
451.413 0.83
452.26 0.847
453.085 0.825
453.934 0.849
454.828 0.894
455.788 0.96
456.747 0.959
457.653 0.906
458.563 0.91
459.471 0.908
460.361 0.89
461.215 0.854
462.059 0.844
462.913 0.854
463.777 0.864
464.648 0.871
465.503 0.855
466.328 0.825
467.162 0.834
468.015 0.853
468.877 0.862
469.722 0.845
470.529 0.807
471.338 0.809
472.146 0.808
472.975 0.829
473.789 0.814
474.585 0.796
475.396 0.811
476.225 0.829
477.079 0.854
477.904 0.825
478.73 0.826
479.561 0.831
480.412 0.851
481.261 0.849
482.073 0.812
482.884 0.811
483.685 0.801
484.495 0.81
485.302 0.807
486.085 0.783
486.879 0.794
487.682 0.803
488.528 0.846
489.381 0.853
490.206 0.825
491.036 0.83
491.888 0.852
492.736 0.848
493.565 0.829
494.382 0.817
495.215 0.833
496.053 0.838
496.901 0.848
497.718 0.817
498.533 0.815
499.354 0.821
500.199 0.845
501.062 0.863
501.897 0.835
502.734 0.837
503.585 0.851
504.457 0.872
505.328 0.871
506.167 0.839
507.013 0.846
507.849 0.836
508.666 0.817
509.447 0.781
510.227 0.78
511.028 0.801
511.874 0.846
512.7 0.826
513.537 0.837
514.381 0.844
515.216 0.835
516.013 0.797
516.809 0.796
517.617 0.808
518.457 0.84
519.306 0.849
520.132 0.826
520.976 0.844
521.835 0.859
522.706 0.871
523.56 0.854
524.417 0.857
525.301 0.884
526.183 0.882
527.035 0.852
527.886 0.851
528.74 0.854
529.609 0.869
530.459 0.85
531.288 0.829
532.108 0.82
532.923 0.815
533.743 0.82
534.532 0.789
535.328 0.796
536.133 0.805
536.979 0.846
537.856 0.877
538.716 0.86
539.613 0.897
540.546 0.933
541.466 0.92
542.356 0.89
543.217 0.861
544.08 0.863
544.957 0.877
545.839 0.882
546.692 0.853
547.55 0.858
548.418 0.868
549.289 0.871
550.124 0.835
550.957 0.833
551.817 0.86
552.699 0.882
553.595 0.896
554.444 0.849
555.3 0.856
556.164 0.864
557.054 0.89
557.922 0.868
558.754 0.832
559.584 0.83
560.4 0.816
561.205 0.805
561.975 0.77
562.72 0.745
563.485 0.765
564.256 0.771
565.058 0.802
565.845 0.787
566.666 0.821
567.549 0.883
568.474 0.925
569.393 0.919
570.272 0.879
571.134 0.862
571.993 0.859
572.843 0.85
573.642 0.799
574.424 0.782
575.213 0.789
576.023 0.81
576.848 0.825
577.657 0.809
578.448 0.791
579.24 0.792
580.046 0.806
580.858 0.812
581.649 0.791
582.429 0.78
583.223 0.794
584.041 0.818
584.864 0.823
585.652 0.788
586.424 0.772
587.184 0.76
587.951 0.767
588.732 0.781
589.502 0.77
590.328 0.826
591.196 0.868
592.091 0.895
592.97 0.879
593.816 0.846
594.655 0.839
595.485 0.83
596.284 0.799
597.051 0.767
597.818 0.767
598.591 0.773
599.372 0.781
600.116 0.744
600.884 0.768
601.671 0.787
602.488 0.817
603.305 0.817
604.13 0.825
604.974 0.844
605.848 0.874
606.702 0.854
607.556 0.854
608.426 0.87
609.287 0.861
610.142 0.855
610.963 0.821
611.796 0.833
612.65 0.854
613.534 0.884
614.405 0.871
615.27 0.865
616.168 0.898
617.086 0.918
618.009 0.923
618.889 0.88
619.757 0.868
620.627 0.87
621.505 0.878
622.365 0.86
623.211 0.846
624.057 0.846
624.898 0.841
625.731 0.833
626.57 0.839
627.47 0.9
628.437 0.967
629.379 0.942
630.309 0.93
631.256 0.947
632.209 0.953
633.101 0.892
633.974 0.873