0.000 0.709
0.709 0.709
2.091 1.382
2.844 0.753
3.408 0.564
4.173 0.765
4.845 0.672
5.517 0.672
6.256 0.739
6.982 0.726
7.714 0.732
8.392 0.678
9.206 0.814
10.003 0.797
10.807 0.804
11.559 0.752
12.299 0.74
13.047 0.748
13.842 0.795
14.615 0.773
15.29 0.675
16.049 0.759
16.768 0.719
17.532 0.764
18.385 0.853
19.203 0.818
19.964 0.761
20.736 0.772
21.532 0.796
22.382 0.85
23.214 0.832
24.064 0.85
24.939 0.875
25.846 0.907
26.652 0.806
27.416 0.764
28.163 0.747
28.929 0.766
29.705 0.776
30.465 0.76
31.293 0.828
32.189 0.896
33.061 0.872
33.861 0.8
34.621 0.76
35.373 0.752
36.122 0.749
36.899 0.777
37.717 0.818
38.564 0.847
39.373 0.809
40.184 0.811
41.027 0.843
41.894 0.867
42.744 0.85
43.53 0.786
44.309 0.779
45.108 0.799
45.941 0.833
46.794 0.853
47.598 0.804
48.397 0.799
49.236 0.839
50.145 0.909
51.004 0.859
51.843 0.839
52.678 0.835
53.522 0.844
54.387 0.865
55.218 0.831
56.03 0.812
56.835 0.805
57.669 0.834
58.515 0.846
59.364 0.849
60.277 0.913
61.228 0.951
62.104 0.876
62.888 0.784
63.647 0.759
64.413 0.766
65.202 0.789
65.978 0.776
66.741 0.763
67.5 0.759
68.28 0.78
69.05 0.77
69.795 0.745
70.573 0.778
71.423 0.85
72.42 0.997
73.276 0.856
74.107 0.831
74.939 0.832
75.768 0.829
76.575 0.807
77.344 0.769
78.128 0.784
78.956 0.828
79.875 0.919
80.733 0.858
81.579 0.846
82.462 0.883
83.36 0.898
84.249 0.889
85.068 0.819
85.906 0.838
86.757 0.851
87.648 0.891
88.481 0.833
89.3 0.819
90.199 0.899
91.118 0.919
92.001 0.883
92.834 0.833
93.665 0.831
94.496 0.831
95.302 0.806
96.038 0.736
96.766 0.728
97.506 0.74
98.294 0.788
99.133 0.839
99.931 0.798
100.738 0.807
101.559 0.821
102.383 0.824
103.138 0.755
103.873 0.735
104.621 0.748
105.39 0.769
106.234 0.844
107.062 0.828
107.836 0.774
108.608 0.772
109.407 0.799
110.223 0.816
111.039 0.816
111.827 0.788
112.624 0.797
113.503 0.879
114.451 0.948
115.346 0.895
116.182 0.836
117.04 0.858
117.923 0.883
118.834 0.911
119.678 0.844
120.571 0.893
121.519 0.948
122.485 0.966
123.398 0.913
124.279 0.881
125.184 0.905
126.036 0.852
126.658 0.622
127.716 1.058
128.731 1.015
129.574 0.843
130.316 0.742
136.998 6.682
137.735 0.737
138.499 0.764
139.28 0.781
140.111 0.831
140.959 0.848
141.751 0.792
142.54 0.789
143.332 0.792
144.134 0.802
144.909 0.775
145.655 0.746
146.379 0.724
147.087 0.708
147.784 0.697
148.461 0.677
149.126 0.665
149.822 0.696
150.649 0.827
151.722 1.073
152.616 0.894
153.528 0.912
154.456 0.928
155.354 0.898
156.157 0.803
156.912 0.755
157.638 0.726
158.385 0.747
159.351 0.966
159.664 0.313
160.123 0.459
165.912 5.789
166.704 0.792
167.511 0.807
168.367 0.856
169.274 0.907
169.951 0.677
170.237 0.286
171.133 0.896
171.985 0.852
172.878 0.893
173.843 0.965
174.789 0.946
175.635 0.846
176.439 0.804
177.265 0.826
178.227 0.962
179.068 0.841
179.851 0.783
180.688 0.837
181.555 0.867
182.408 0.853
183.23 0.822
184.043 0.813
184.93 0.887
185.865 0.935
186.799 0.934
187.651 0.852
188.485 0.834
189.32 0.835
190.155 0.835
190.95 0.795
191.719 0.769
192.497 0.778
193.312 0.815
194.182 0.87
195.003 0.821
195.846 0.843
196.725 0.879
197.609 0.884
198.434 0.825
199.224 0.79
200.026 0.802
200.862 0.836
201.688 0.826
202.476 0.788
203.251 0.775
204.049 0.798
204.892 0.843
205.674 0.782
206.414 0.74
207.143 0.729
207.846 0.703
208.553 0.707
209.301 0.748
210.099 0.798
210.871 0.772
211.638 0.767
212.429 0.791
213.264 0.835
214.107 0.843
214.915 0.808
215.704 0.789
216.52 0.816
217.354 0.834
218.218 0.864
219.046 0.828
219.849 0.803
220.68 0.831
221.568 0.888
222.47 0.902
223.322 0.852
224.178 0.856
225.06 0.882
225.949 0.889
226.819 0.87
227.651 0.832
228.5 0.849
229.396 0.896
230.309 0.913
231.145 0.836
231.964 0.819
232.802 0.838
233.653 0.851
234.47 0.817
235.254 0.784
236.029 0.775
236.851 0.822
237.699 0.848
238.506 0.807
239.273 0.767
240.048 0.775
240.84 0.792
241.7 0.86
242.515 0.815
243.297 0.782
244.086 0.789
244.914 0.828
245.798 0.884
246.634 0.836
247.462 0.828
248.303 0.841
249.158 0.855
250.001 0.843
250.824 0.823
251.684 0.86
252.585 0.901
253.428 0.843
254.218 0.79
255.01 0.792
255.83 0.82
256.187 0.357
257.231 1.044
257.611 0.38
258.968 1.357
267.693 8.725
267.996 0.303
268.378 0.382
290.412 5.416
291.348 0.936
291.762 0.414
292.119 0.357
292.415 0.296
293.097 0.682
293.723 0.626
294.633 0.91
295.83 1.197
296.16 0.33
296.86 0.7
297.723 0.863
298.543 0.82
299.415 0.872
300.339 0.924
301.287 0.948
302.12 0.833
302.892 0.772
303.652 0.76
304.428 0.776
305.311 0.883
306.341 1.03
307.241 0.9
308.092 0.851
308.941 0.849
309.876 0.935
310.787 0.911
311.602 0.815
312.407 0.805
313.231 0.824
314.109 0.878
315.03 0.921
315.861 0.831
316.684 0.823
317.529 0.845
318.42 0.891
319.318 0.898
320.138 0.82
320.974 0.836
321.834 0.86
322.699 0.865
323.556 0.857
324.348 0.792
325.109 0.761
325.898 0.789
326.724 0.826
327.567 0.843
328.521 0.954
329.507 0.986
330.364 0.857
331.139 0.775
331.888 0.749
332.619 0.731
333.348 0.729
334.086 0.738
334.85 0.764
335.667 0.817
336.527 0.86
337.414 0.887
338.311 0.897
339.149 0.838
339.965 0.816
340.753 0.788
341.539 0.786
342.302 0.763
343.026 0.724
343.744 0.718
344.492 0.748
345.318 0.826
346.486 1.168
347.61 1.124
348.555 0.945
349.454 0.899
350.335 0.881
351.166 0.831
351.984 0.818
352.866 0.882
353.886 1.02
354.942 1.056
355.318 0.376
355.717 0.399
356.098 0.381
356.609 0.511
359.786 3.177
360.311 0.525
360.602 0.291
362.636 2.034
364.867 2.231
366.962 2.095
369.106 2.144
371.947 2.841
372.867 0.92
373.501 0.634
374.525 1.024
375.366 0.841
376.255 0.889
377.113 0.858
377.923 0.81
378.423 0.5
378.699 0.276
379.585 0.886
379.977 0.392
380.281 0.304
380.595 0.314
380.896 0.301
381.152 0.256
381.471 0.319
382.314 0.843
382.604 0.29
383.359 0.755
394.62 6.655
398.247 3.627
399.091 0.844
399.898 0.807
400.721 0.823
401.57 0.849
402.46 0.89
402.738 0.278
403.28 0.542
403.852 0.572
404.914 1.062
405.746 0.832
406.613 0.867
407.089 0.476
408.246 1.157
409.134 0.888
410.066 0.932
410.939 0.873
411.849 0.91
412.766 0.917
413.644 0.878
414.446 0.802
415.25 0.804
416.08 0.83
416.931 0.851
417.869 0.938
418.455 0.586
418.737 0.282
419.315 0.578
419.61 0.295
419.947 0.337
420.489 0.542
421.411 0.922
422.306 0.895
423.131 0.825
423.96 0.829
424.799 0.839
425.645 0.846
427.259 1.614
428.104 0.845
429.006 0.902
429.894 0.888
430.728 0.834
431.558 0.83
432.461 0.903
433.377 0.916
434.114 0.737
434.538 0.424
435.043 0.505
435.837 0.794
436.634 0.797
437.441 0.807
438.256 0.815
439.056 0.8
439.871 0.815
440.74 0.869
441.649 0.909
441.98 0.331
442.494 0.514
443.337 0.843
444.204 0.867
445.063 0.859
445.894 0.831
446.684 0.79
447.468 0.784
448.256 0.788
449.062 0.806
449.87 0.808
450.666 0.796
451.441 0.775
452.205 0.764
452.97 0.765
453.765 0.795
454.564 0.799
455.34 0.776
456.134 0.794
456.949 0.815
457.35 0.401
457.679 0.329
459.772 2.093
460.033 0.261
467.191 7.158
467.993 0.802
468.766 0.773
469.514 0.748
470.276 0.762
470.751 0.475
477.782 0.789
478.582 0.8
479.441 0.859
480.335 0.894
481.21 0.875
482.068 0.858
482.96 0.892
483.888 0.928
484.752 0.864
485.55 0.798
486.319 0.769
487.079 0.76
487.847 0.768
488.622 0.775
489.411 0.789
490.251 0.84
491.131 0.88
491.971 0.84
492.795 0.824
493.625 0.83
494.471 0.846
495.326 0.855
496.134 0.808
496.905 0.771
497.678 0.773
498.447 0.769
499.218 0.771
499.972 0.754
500.735 0.763
501.548 0.813
502.449 0.901
503.297 0.848
504.12 0.823
504.936 0.816
505.742 0.806
506.492 0.75
507.221 0.729
507.929 0.708
508.668 0.739
509.5 0.832
510.374 0.874
511.249 0.875
512.146 0.897
513.045 0.899
513.886 0.841
514.671 0.785
515.447 0.776
516.235 0.788
517.027 0.792
517.792 0.765
518.547 0.755
519.317 0.77
520.119 0.802
520.961 0.842
521.758 0.797
522.559 0.801
523.392 0.833
524.242 0.85
525.054 0.812
525.831 0.777
526.61 0.779
527.379 0.769
528.172 0.793
528.972 0.8
529.741 0.769
530.507 0.766
531.275 0.768
532.059 0.784
532.838 0.779
533.616 0.778
534.4 0.784
535.196 0.796
535.984 0.788
536.774 0.79
537.632 0.858
538.557 0.925
539.478 0.921
540.354 0.876
541.294 0.94
542.215 0.921
543.049 0.834
543.868 0.819
544.682 0.814
545.482 0.8
546.265 0.783
547.066 0.801
547.982 0.916
549.033 1.051
549.979 0.946
550.889 0.91
551.786 0.897
552.675 0.889
553.493 0.818
554.283 0.79
555.092 0.809
555.934 0.842
556.824 0.89
557.68 0.856
558.594 0.914
559.581 0.987
560.502 0.921
561.349 0.847
562.213 0.864
563.077 0.864
563.938 0.861
564.759 0.821
565.587 0.828
566.455 0.868
567.349 0.894
568.205 0.856
569.02 0.815
569.833 0.813
570.647 0.814
571.459 0.812
572.262 0.803
573.048 0.786
573.922 0.874
574.862 0.94
575.774 0.912
576.641 0.867
577.547 0.906
578.441 0.894
579.301 0.86
580.106 0.805
580.92 0.814
581.781 0.861
582.668 0.887
583.548 0.88
584.376 0.828
585.205 0.829
586.036 0.831
586.861 0.825
587.661 0.8
588.449 0.788
589.3 0.851
590.168 0.868
591.009 0.841
591.849 0.84
592.706 0.857
593.542 0.836
594.354 0.812
595.136 0.782
595.922 0.786
596.727 0.805
597.519 0.792
598.313 0.794
599.094 0.781
599.918 0.824
600.797 0.879
601.713 0.916
602.562 0.849
603.376 0.814
604.181 0.805
604.974 0.793
605.766 0.792
606.575 0.809
607.355 0.78
608.175 0.82
609.035 0.86
609.959 0.924
610.854 0.895
611.698 0.844
612.574 0.876
613.45 0.876
614.325 0.875
615.139 0.814
615.929 0.79
616.734 0.805
617.571 0.837
618.388 0.817
619.201 0.813
620.035 0.834
620.865 0.83
621.671 0.806
622.431 0.76
623.167 0.736
623.895 0.728
624.671 0.776
625.57 0.899
626.448 0.878
627.257 0.809
628.053 0.796
628.879 0.826
629.714 0.835
630.567 0.853
631.32 0.753
631.591 0.271
631.945 0.354
632.349 0.404
632.653 0.304
633.084 0.431
633.398 0.314
634.695 1.297