0.000 1.098
8.097 1.098
9.25 1.153
10.44 1.19
11.508 1.068
12.607 1.099
13.601 0.994
14.578 0.977
15.54 0.962
16.518 0.978
17.448 0.93
18.468 1.02
19.593 1.125
20.742 1.149
21.759 1.017
22.806 1.047
23.78 0.974
24.681 0.901
25.627 0.946
26.808 1.181
28.034 1.226
29.203 1.169
30.368 1.165
31.449 1.081
32.597 1.148
33.828 1.231
35.04 1.212
36.276 1.236
37.465 1.189
38.548 1.083
39.68 1.132
40.79 1.11
41.923 1.133
43.126 1.203
44.228 1.102
45.369 1.141
46.541 1.172
47.629 1.088
48.732 1.103
49.84 1.108
50.771 0.931
51.721 0.95
52.65 0.929
53.632 0.982
54.58 0.948
55.589 1.009
56.673 1.084
57.7 1.027
58.737 1.037
59.762 1.025
60.73 0.968
61.76 1.03
62.867 1.107
63.916 1.049
64.971 1.055
65.971 1.0
66.927 0.956
67.908 0.981
68.918 1.01
69.96 1.042
71.029 1.069
72.06 1.031
73.05 0.99
74.071 1.021
75.097 1.026
76.077 0.98
77.087 1.01
78.068 0.981
79.154 1.086
80.299 1.145
81.499 1.2
82.628 1.129
83.778 1.15
84.923 1.145
85.972 1.049
87.057 1.085
88.214 1.157
89.262 1.048
90.379 1.117
91.435 1.056
92.504 1.069
93.612 1.108
94.637 1.025
95.741 1.104
96.849 1.108
97.941 1.092
99.091 1.15
100.198 1.107
101.289 1.091
102.303 1.014
103.238 0.935
104.269 1.031
105.37 1.101
106.396 1.026
107.626 1.23
108.738 1.112
109.787 1.049
110.907 1.12
112.074 1.167
113.232 1.158
114.397 1.165
115.49 1.093
116.574 1.084
117.637 1.063
118.754 1.117
119.807 1.053
120.778 0.971
121.818 1.04
122.924 1.106
124.031 1.107
125.11 1.079
126.258 1.148
127.363 1.105
128.419 1.056
129.499 1.08
130.54 1.041
131.609 1.069
132.805 1.196
133.88 1.075
134.964 1.084
136.072 1.108
137.134 1.062
138.192 1.058
139.343 1.151
140.373 1.03
141.468 1.095
142.632 1.164
143.686 1.054
144.899 1.213
146.131 1.232
147.337 1.206
148.599 1.262
149.811 1.212
151.006 1.195
152.171 1.165
153.302 1.131
154.396 1.094
155.46 1.064
156.436 0.976
157.393 0.957
158.406 1.013
159.579 1.173
160.738 1.159
161.874 1.136
162.99 1.116
164.038 1.048
165.061 1.023
166.135 1.074
167.18 1.045
168.314 1.134
169.532 1.218
170.645 1.113
171.824 1.179
173.065 1.241
174.189 1.124
175.407 1.218
176.547 1.14
177.752 1.205
178.981 1.229
180.143 1.162
181.443 1.3
182.602 1.159
183.72 1.118
184.881 1.161
186.043 1.162
187.108 1.065
188.078 0.97
189.074 0.996
190.136 1.062
191.189 1.053
192.262 1.073
193.251 0.989
194.234 0.983
195.239 1.005
196.202 0.963
197.139 0.937
198.091 0.952
199.298 1.207
200.541 1.243
201.682 1.141
202.859 1.177
203.945 1.086
204.931 0.986
205.975 1.044
207.036 1.061
208.09 1.054
209.085 0.995
210.135 1.05
211.117 0.982
212.079 0.962
213.017 0.938
213.984 0.967
214.984 1.0
216.022 1.038
217.068 1.046
218.019 0.951
219.018 0.999
220.022 1.004
220.981 0.959
222.008 1.027
223.006 0.998
223.968 0.962
224.961 0.993
225.96 0.999
226.98 1.02
228.099 1.119
229.22 1.121
230.326 1.106
231.342 1.016
232.299 0.957
233.29 0.991
234.259 0.969
235.223 0.964
236.247 1.024
237.368 1.121
238.449 1.081
239.631 1.182
240.819 1.188
242.066 1.247
243.33 1.264
244.466 1.136
245.696 1.23
246.858 1.162
248.007 1.149
249.04 1.033
250.168 1.128
251.398 1.23
252.572 1.174
253.73 1.158
254.87 1.14
255.922 1.052
256.975 1.053
257.989 1.014
258.952 0.963
260.008 1.056
261.146 1.138
262.252 1.106
263.319 1.067
264.541 1.222
265.783 1.242
266.917 1.134
268.072 1.155
269.242 1.17
270.299 1.057
271.29 0.991
272.29 1.0
273.305 1.015
274.364 1.059
275.338 0.974
276.415 1.077
277.554 1.139
278.796 1.242
279.981 1.185
281.114 1.133
282.256 1.142
283.323 1.067
284.294 0.971
285.383 1.089
286.478 1.095
287.604 1.126
288.851 1.247
290.027 1.176
291.172 1.145
292.326 1.154
293.36 1.034
294.366 1.006
295.346 0.98
296.308 0.962
297.269 0.961
298.291 1.022
299.344 1.053
300.478 1.134
301.549 1.071
302.569 1.02
303.672 1.103
304.769 1.097
305.808 1.039
307.049 1.241
308.235 1.186
309.476 1.241
310.663 1.187
311.84 1.177
312.887 1.047
313.971 1.084
315.041 1.07
316.064 1.023
317.191 1.127
318.223 1.032
319.317 1.094
320.463 1.146
321.551 1.088
322.67 1.119
323.772 1.102
324.799 1.027
325.881 1.082
326.963 1.082
328.106 1.143
329.253 1.147
330.363 1.11
331.372 1.009
332.484 1.112
333.558 1.074
334.522 0.964
335.439 0.917
336.364 0.925
337.631 1.267
338.952 1.321
340.181 1.229
341.304 1.123
342.458 1.154
343.453 0.995
344.37 0.917
345.33 0.96
346.735 1.405
348.014 1.279
349.234 1.22
350.395 1.161
351.631 1.236
352.796 1.165
353.907 1.111
355.031 1.124
356.125 1.094
357.219 1.094
358.367 1.148
359.495 1.128
360.643 1.148
361.838 1.195
363.062 1.224
364.207 1.145
365.359 1.152
366.508 1.149
367.705 1.197
368.784 1.079
369.922 1.138
371.019 1.097
372.082 1.063
373.158 1.076
374.231 1.073
375.207 0.976
376.261 1.054
377.344 1.083
378.376 1.032
379.419 1.043
380.433 1.014
381.455 1.022
382.486 1.031
383.438 0.952
384.448 1.01
385.477 1.029
386.464 0.987
387.555 1.091
388.635 1.08
389.715 1.08
390.817 1.102
391.879 1.062
392.908 1.029
393.957 1.049
394.961 1.004
396.03 1.069
397.213 1.183
398.31 1.097
399.443 1.133
400.55 1.107
401.638 1.088
402.777 1.139
403.859 1.082
404.928 1.069
405.988 1.06
406.947 0.959
407.857 0.91
408.877 1.02
409.911 1.034
410.943 1.032
412.044 1.101
413.142 1.098
414.199 1.057
415.307 1.108
416.416 1.109
417.442 1.026
418.497 1.055
419.557 1.06
420.648 1.091
421.84 1.192
423.009 1.169
424.076 1.067
425.218 1.142
426.257 1.039
427.34 1.083
428.499 1.159
429.561 1.062
430.696 1.135
431.862 1.166
432.911 1.049
433.95 1.039
434.999 1.049
435.98 0.981
437.142 1.162
438.341 1.199
439.523 1.182
440.732 1.209
441.76 1.028
442.745 0.985
443.702 0.957
444.639 0.937
445.628 0.989
446.704 1.076
447.79 1.086
448.953 1.163
450.158 1.205
451.209 1.051
452.276 1.067
453.267 0.991
454.19 0.923
455.059 0.869
455.941 0.882
456.887 0.946
457.814 0.927
458.855 1.041
460.063 1.208
461.244 1.181
462.32 1.076
463.275 0.955
464.223 0.948
465.177 0.954
466.099 0.922
467.034 0.935
468.04 1.006
469.087 1.047
470.2 1.113
471.338 1.138
472.39 1.052
473.493 1.103
474.57 1.077
475.657 1.087
476.787 1.13
477.946 1.159
479.105 1.159
480.244 1.139
481.351 1.107
482.475 1.124
483.592 1.117
484.659 1.067
485.892 1.233
487.104 1.212
488.192 1.088
489.384 1.192
490.544 1.16
491.609 1.065
492.741 1.132
493.893 1.152
495.051 1.158
496.097 1.046
497.158 1.061
498.327 1.169
499.468 1.141
500.694 1.226
501.978 1.284
503.116 1.138
504.309 1.193
505.44 1.131
506.565 1.125
507.735 1.17
508.817 1.082
509.946 1.129
511.096 1.15
512.203 1.107
513.425 1.222
514.535 1.11
515.624 1.089
516.789 1.165
517.865 1.076
518.962 1.097
520.213 1.251
521.43 1.217
522.51 1.08
523.619 1.109
524.677 1.058
525.753 1.076
526.913 1.16
528.154 1.241
529.393 1.239
530.702 1.309
531.885 1.183
533.056 1.171
534.289 1.233
535.432 1.143
536.613 1.181
537.767 1.154
538.876 1.109
540.036 1.16
541.161 1.125
542.269 1.108
543.373 1.104
544.412 1.039
545.447 1.035
546.512 1.065
547.565 1.053
548.55 0.985
549.776 1.226
551.013 1.237
552.165 1.152
553.349 1.184
554.441 1.092
555.511 1.07
556.539 1.028
557.511 0.972
558.555 1.044
559.64 1.085
560.685 1.045
561.893 1.208
563.083 1.19
564.19 1.107
565.243 1.053
566.372 1.129
567.518 1.146
568.567 1.049
569.606 1.039
570.605 0.999
571.717 1.112
572.839 1.122
573.928 1.089
575.137 1.209
576.217 1.08
577.248 1.031
578.37 1.122
579.544 1.174
580.652 1.108
581.757 1.105
582.944 1.187
584.056 1.112
585.199 1.143
586.335 1.136
587.42 1.085
588.565 1.145
589.661 1.096
590.741 1.08
591.882 1.141
593.027 1.145
594.116 1.089
595.322 1.206
596.512 1.19
597.662 1.15
598.864 1.202
600.0 1.136
601.048 1.048
602.117 1.069
603.197 1.08
604.262 1.065
605.373 1.111
606.444 1.071
607.438 0.994
608.478 1.04
609.528 1.05
610.552 1.024
611.638 1.086
612.737 1.099
613.829 1.092