0.000 0.916
0.916 0.916
1.687 0.771
2.499 0.812
3.415 0.916
4.357 0.942
5.18 0.823
5.924 0.744
6.749 0.825
7.727 0.978
8.685 0.958
9.621 0.936
10.552 0.931
11.289 0.737
12.016 0.727
12.744 0.728
13.589 0.845
14.426 0.837
15.267 0.841
16.145 0.878
16.931 0.786
17.698 0.767
18.495 0.797
19.265 0.77
19.978 0.713
20.743 0.765
21.574 0.831
22.355 0.781
23.11 0.755
23.899 0.789
24.681 0.782
25.506 0.825
26.269 0.763
26.992 0.723
27.782 0.79
28.629 0.847
29.533 0.904
30.369 0.836
31.147 0.778
31.848 0.701
32.55 0.702
33.386 0.836
34.355 0.969
35.317 0.962
36.175 0.858
36.927 0.752
37.67 0.743
38.487 0.817
39.477 0.99
40.46 0.983
41.372 0.912
42.198 0.826
43.032 0.834
44.007 0.975
45.01 1.003
45.949 0.939
46.794 0.845
47.611 0.817
48.485 0.874
49.504 1.019
50.419 0.915
51.331 0.912
52.276 0.945
53.186 0.91
53.987 0.801
54.713 0.726
55.48 0.767
56.339 0.859
57.251 0.912
58.102 0.851
58.863 0.761
59.659 0.796
60.505 0.846
61.339 0.834
62.083 0.744
62.81 0.727
63.581 0.771
64.444 0.863
65.345 0.901
66.264 0.919
67.135 0.871
67.886 0.751
68.616 0.73
69.408 0.792
70.294 0.886
71.25 0.956
72.077 0.827
72.894 0.817
73.715 0.821
74.544 0.829
75.275 0.731
76.029 0.754
76.79 0.761
77.615 0.825
78.441 0.826
79.196 0.755
79.936 0.74
80.673 0.737
81.438 0.765
82.264 0.826
83.1 0.836
83.928 0.828
84.724 0.796
85.439 0.715
86.104 0.665
86.762 0.658
87.462 0.7
88.326 0.864
89.13 0.804
89.981 0.851
90.854 0.873
91.763 0.909
92.656 0.893
93.477 0.821
94.246 0.769
94.945 0.699
95.596 0.651
96.271 0.675
96.945 0.674
97.697 0.752
98.59 0.893
99.405 0.815
100.133 0.728
100.907 0.774
101.781 0.874
102.65 0.869
103.456 0.806
104.236 0.78
104.984 0.748
105.676 0.692
106.353 0.677
107.048 0.695
107.865 0.817
108.844 0.979
109.865 1.021
110.892 1.027
111.894 1.002
112.848 0.954
113.762 0.914
114.596 0.834
115.325 0.729
116.018 0.693
116.767 0.749
117.811 1.044
118.89 1.079
119.927 1.037
120.918 0.991
121.784 0.866
122.55 0.766
123.283 0.733
124.093 0.81
125.045 0.952
125.991 0.946
126.787 0.796
127.526 0.739
128.305 0.779
129.012 0.707
129.7 0.688
130.443 0.743
131.281 0.838
132.167 0.886
133.044 0.877
133.834 0.79
134.551 0.717
135.258 0.707
136.05 0.792
137.088 1.038
138.076 0.988
139.02 0.944
139.85 0.83
140.602 0.752
141.349 0.747
142.194 0.845
143.179 0.985
144.107 0.928
145.02 0.913
145.84 0.82
146.565 0.725
147.287 0.722
148.125 0.838
149.112 0.987
150.096 0.984
150.964 0.868
151.775 0.811
152.575 0.8
153.47 0.895
154.432 0.962
155.393 0.961
156.336 0.943
157.163 0.827
157.914 0.751
158.659 0.745
159.477 0.818
160.482 1.005
161.457 0.975
162.415 0.958
163.316 0.901
164.123 0.807
164.866 0.743
165.611 0.745
166.445 0.834
167.449 1.004
168.43 0.981
169.364 0.934
170.211 0.847
170.964 0.753
171.716 0.752
172.547 0.831
173.473 0.926
174.414 0.941
175.304 0.89
176.135 0.831
176.957 0.822
177.72 0.763
178.454 0.734
179.187 0.733
180.05 0.863
181.052 1.002
181.932 0.88
182.806 0.874
183.636 0.83
184.416 0.78
185.158 0.742
185.944 0.786
186.873 0.929
187.832 0.959
188.767 0.935
189.631 0.864
190.45 0.819
191.37 0.92
192.355 0.985
193.314 0.959
194.236 0.922
195.118 0.882
195.896 0.778
196.65 0.754
197.465 0.815
198.468 1.003
199.46 0.992
200.422 0.962
201.345 0.923
202.178 0.833
203.002 0.824
203.847 0.845
204.744 0.897
205.611 0.867
206.486 0.875
207.338 0.852
208.203 0.865
209.003 0.8
209.742 0.739
210.54 0.798
211.477 0.937
212.401 0.924
213.304 0.903
214.082 0.778
214.822 0.74
215.622 0.8
216.51 0.888
217.329 0.819
218.086 0.757
218.857 0.771
219.658 0.801
220.387 0.729
221.073 0.686
221.749 0.676
222.401 0.652
223.039 0.638
223.672 0.633
224.317 0.645
225.032 0.715
225.943 0.911
226.892 0.949
227.823 0.931
228.659 0.836
229.518 0.859
230.368 0.85
231.23 0.862
232.139 0.909
233.049 0.91
233.918 0.869
234.741 0.823
235.583 0.842
236.61 1.027
237.659 1.049
238.67 1.011
239.636 0.966
240.58 0.944
241.453 0.873
242.247 0.794
243.024 0.777
243.883 0.859
244.855 0.972
245.822 0.967
246.805 0.983
247.69 0.885
248.571 0.881
249.501 0.93
250.448 0.947
251.256 0.808
252.028 0.772
252.874 0.846
253.795 0.921
254.687 0.892
255.45 0.763
256.194 0.744
256.987 0.793
257.882 0.895
258.802 0.92
259.606 0.804
260.39 0.784
261.172 0.782
262.02 0.848
262.888 0.868
263.708 0.82
264.436 0.728
265.171 0.735
265.929 0.758
266.764 0.835
267.512 0.748
268.27 0.758
269.066 0.796
269.886 0.82
270.712 0.826
271.512 0.8
272.268 0.756
273.003 0.735
273.706 0.703
274.393 0.687
275.057 0.664
275.7 0.643
276.343 0.643
277.068 0.725
278.102 1.034
279.166 1.064
280.189 1.023
281.09 0.901
281.999 0.909
282.869 0.87
283.704 0.835
284.46 0.756
285.197 0.737
285.963 0.766
286.782 0.819
287.639 0.857
288.435 0.796
289.2 0.765
290.012 0.812
290.892 0.88
291.836 0.944
292.642 0.806
293.458 0.816
294.312 0.854
295.164 0.852
295.914 0.75
296.621 0.707
297.348 0.727
298.097 0.749
298.876 0.779
299.668 0.792
300.447 0.779
301.182 0.735
301.902 0.72
302.632 0.73
303.389 0.757
304.105 0.716
304.78 0.675
305.438 0.658
306.087 0.649
306.76 0.673
307.509 0.749
308.358 0.849
309.269 0.911
310.213 0.944
311.147 0.934
312.047 0.9
312.896 0.849
313.649 0.753
314.396 0.747
315.119 0.723
315.819 0.7
316.623 0.804
317.529 0.906
318.48 0.951
319.388 0.908
320.266 0.878
321.071 0.805
321.783 0.712
322.457 0.674
323.17 0.713
323.929 0.759
324.685 0.756
325.459 0.774
326.315 0.856
327.211 0.896
328.0 0.789
328.743 0.743
329.565 0.822
330.475 0.91
331.313 0.838
332.222 0.909
333.104 0.882
333.983 0.879
334.981 0.998
335.895 0.914
336.701 0.806
337.503 0.802
338.314 0.811
339.077 0.763
339.827 0.75
340.649 0.822
341.551 0.902
342.371 0.82
343.154 0.783
343.903 0.749
344.676 0.773
345.364 0.688
346.058 0.694
346.795 0.737
347.674 0.879
348.573 0.899
349.435 0.862
350.288 0.853
351.107 0.819
351.9 0.793
352.645 0.745
353.356 0.711
354.091 0.735
354.889 0.798
355.66 0.771
356.413 0.753
357.212 0.799
358.082 0.87
358.989 0.907
359.888 0.899
360.686 0.798
361.454 0.768
362.239 0.785
363.072 0.833
363.959 0.887
364.848 0.889
365.699 0.851
366.566 0.867
367.431 0.865
368.319 0.888
369.111 0.792
369.849 0.738
370.579 0.73
371.4 0.821
372.464 1.064
373.517 1.053
374.469 0.952
375.271 0.802
376.035 0.764
376.85 0.815
377.67 0.82
378.515 0.845
379.245 0.73
379.95 0.705
380.687 0.737
381.488 0.801
382.236 0.748
382.952 0.716
383.742 0.79
384.668 0.926
385.619 0.951
386.446 0.827
387.188 0.742
387.959 0.771
388.779 0.82
389.635 0.856
390.513 0.878
391.35 0.837
392.122 0.772
392.89 0.768
393.734 0.844
394.669 0.935
395.606 0.937
396.475 0.869
397.284 0.809
398.105 0.821
398.917 0.812
399.669 0.752
400.389 0.72
401.191 0.802
402.126 0.935
403.06 0.934
403.866 0.806
404.621 0.755
405.411 0.79
406.253 0.842
407.107 0.854
407.87 0.763
408.669 0.799
409.499 0.83
410.358 0.859
411.205 0.847
411.961 0.756
412.665 0.704
413.364 0.699
414.097 0.733
414.889 0.792
415.754 0.865
416.575 0.821
417.364 0.789
418.21 0.846
419.097 0.887
419.97 0.873
420.763 0.793
421.493 0.73
422.258 0.765
423.108 0.85
424.029 0.921
424.95 0.921
425.733 0.783
426.468 0.735
427.231 0.763
428.055 0.824
428.84 0.785
429.593 0.753
430.507 0.914
431.484 0.977
432.312 0.828
433.176 0.864
433.961 0.785
434.7 0.739
435.388 0.688
436.067 0.679
436.721 0.654
437.352 0.631
437.979 0.627
438.626 0.647
439.404 0.778
440.328 0.924
441.131 0.803
441.984 0.853
442.877 0.893
443.736 0.859
444.484 0.748
445.184 0.7
445.924 0.74
446.692 0.768
447.524 0.832
448.372 0.848
449.222 0.85
450.023 0.801
450.731 0.708
451.426 0.695
452.173 0.747
453.043 0.87
453.929 0.886
454.794 0.865
455.63 0.836
456.363 0.733
457.045 0.682
457.729 0.684
458.48 0.751
459.351 0.871
460.23 0.879
461.089 0.859
461.887 0.798
462.59 0.703
463.299 0.709
464.067 0.768
464.956 0.889
465.88 0.924
466.709 0.829
467.484 0.775
468.317 0.833
469.188 0.871
469.974 0.786
470.782 0.808
471.662 0.88
472.569 0.907
473.37 0.801
474.14 0.77
474.965 0.825
475.811 0.846
476.62 0.809
477.48 0.86
478.49 1.01
479.421 0.931
480.28 0.859
481.173 0.893
482.069 0.896
482.897 0.828
483.701 0.804
484.536 0.835
485.41 0.874
486.214 0.804
487.052 0.838
487.87 0.818
488.636 0.766
489.371 0.735
490.175 0.804
491.079 0.904
491.922 0.843
492.768 0.846
493.676 0.908
494.637 0.961
495.547 0.91
496.394 0.847
497.157 0.763
497.881 0.724
498.607 0.726
499.393 0.786
500.331 0.938
501.239 0.908
502.074 0.835
502.899 0.825
503.82 0.921
504.763 0.943
505.661 0.898
506.465 0.804
507.267 0.802
508.1 0.833
508.974 0.874
509.831 0.857
510.622 0.791
511.364 0.742
512.129 0.765
512.988 0.859
513.832 0.844
514.615 0.783
515.504 0.889
516.422 0.918
517.325 0.903
518.132 0.807
518.885 0.753
519.655 0.77
520.451 0.796
521.254 0.803
521.973 0.719
522.681 0.708
523.402 0.721
524.168 0.766
524.92 0.752
525.714 0.794
526.602 0.888
527.531 0.929
528.386 0.855
529.198 0.812
530.035 0.837
530.852 0.817
531.665 0.813
532.407 0.742
533.127 0.72
533.903 0.776
534.756 0.853
535.673 0.917
536.52 0.847
537.261 0.741
538.008 0.747
538.833 0.825
539.635 0.802
540.369 0.734
541.082 0.713
541.835 0.753
542.686 0.851
543.488 0.802
544.221 0.733
544.971 0.75
545.759 0.788
546.496 0.737
547.181 0.685
547.886 0.705
548.626 0.74
549.413 0.787
550.19 0.777
550.958 0.768
551.728 0.77
552.451 0.723
553.129 0.678
553.819 0.69
554.57 0.751
555.492 0.922
556.423 0.931
557.26 0.837
558.032 0.772
558.834 0.802
559.682 0.848
560.511 0.829
561.309 0.798
562.049 0.74
562.74 0.691
563.455 0.715
564.258 0.803
565.128 0.87
566.001 0.873
566.864 0.863
567.665 0.801
568.383 0.718
569.097 0.714
569.841 0.744
570.635 0.794
571.393 0.758
572.196 0.803
573.146 0.95
574.109 0.963
574.992 0.883
575.88 0.888
576.741 0.861
577.513 0.772
578.228 0.715
578.964 0.736
579.764 0.8
580.6 0.836
581.363 0.763
582.127 0.764
582.927 0.8
583.717 0.79
584.437 0.72
585.162 0.725
585.917 0.755
586.716 0.799
587.445 0.729
588.218 0.773
588.981 0.763
589.77 0.789
590.551 0.781
591.258 0.707
591.949 0.691
592.664 0.715
593.421 0.757
594.215 0.794
594.939 0.724
595.638 0.699
596.397 0.759
597.249 0.852
598.146 0.897
599.048 0.902
599.877 0.829
600.617 0.74
601.36 0.743
602.132 0.772
602.863 0.731
603.61 0.747
604.445 0.835
605.276 0.831
606.106 0.83
606.842 0.736
607.57 0.728
608.331 0.761
609.073 0.742
609.779 0.706
610.531 0.752
611.275 0.744
611.985 0.71
612.734 0.749
613.519 0.785