0.000 0.662
0.662 0.662
1.301 0.639
1.941 0.64
2.579 0.638
3.198 0.619
3.83 0.632
4.47 0.64
5.1 0.63
5.72 0.62
6.349 0.629
6.988 0.639
7.639 0.651
8.286 0.647
8.934 0.648
9.631 0.697
10.398 0.767
11.163 0.765
11.885 0.722
12.647 0.762
13.429 0.782
14.182 0.753
14.886 0.704
15.597 0.711
16.302 0.705
16.989 0.687
17.658 0.669
18.362 0.704
19.134 0.772
19.964 0.83
20.716 0.752
21.511 0.795
22.311 0.8
23.072 0.761
23.826 0.754
24.74 0.914
25.543 0.803
26.31 0.767
27.065 0.755
27.79 0.725
28.469 0.679
29.148 0.679
29.813 0.665
30.461 0.648
31.103 0.642
31.772 0.669
32.458 0.686
33.194 0.736
34.003 0.809
34.808 0.805
35.618 0.81
36.383 0.765
37.099 0.716
37.852 0.753
38.664 0.812
39.504 0.84
40.344 0.84
41.181 0.837
42.01 0.829
42.819 0.809
43.62 0.801
44.415 0.795
45.188 0.773
45.917 0.729
46.642 0.725
47.39 0.748
48.166 0.776
48.981 0.815
49.789 0.808
50.544 0.755
51.273 0.729
52.006 0.733
52.781 0.775
53.582 0.801
54.378 0.796
55.154 0.776
55.889 0.735
56.601 0.712
57.305 0.704
58.02 0.715
58.783 0.763
59.571 0.788
60.368 0.797
61.134 0.766
61.901 0.767
62.637 0.736
63.353 0.716
64.081 0.728
64.799 0.718
65.488 0.689
66.15 0.662
66.822 0.672
67.573 0.751
68.377 0.804
69.113 0.736
69.829 0.716
70.539 0.71
71.216 0.677
71.871 0.655
72.524 0.653
73.198 0.674
73.91 0.712
74.673 0.763
75.421 0.748
76.145 0.724
76.88 0.735
77.667 0.787
78.484 0.817
79.296 0.812
80.097 0.801
80.853 0.756
81.589 0.736
82.337 0.748
83.126 0.789
83.937 0.811
84.756 0.819
85.542 0.786
86.287 0.745
87.025 0.738
87.774 0.749
88.559 0.785
89.352 0.793
90.115 0.763
90.852 0.737
91.574 0.722
92.309 0.735
93.069 0.76
93.847 0.778
94.603 0.756
95.347 0.744
96.08 0.733
96.846 0.766
97.653 0.807
98.457 0.804
99.243 0.786
99.995 0.752
100.735 0.74
101.499 0.764
102.26 0.761
103.014 0.754
103.76 0.746
104.487 0.727
105.194 0.707
105.884 0.69
106.599 0.715
107.355 0.756
108.141 0.786
108.946 0.805
109.737 0.791
110.482 0.745
111.239 0.757
112.04 0.801
112.846 0.806
113.59 0.744
114.305 0.715
114.995 0.69
115.708 0.713
116.423 0.715
117.133 0.71
117.813 0.68
118.481 0.668
119.13 0.649
119.776 0.646
120.433 0.657
121.192 0.759
121.966 0.774
122.729 0.763
123.442 0.713
124.111 0.669
124.766 0.655
125.406 0.64
126.041 0.635
126.704 0.663
127.412 0.708
128.129 0.717
128.837 0.708
129.514 0.677
130.202 0.688
130.912 0.71
131.677 0.765
132.475 0.798
133.278 0.803
134.067 0.789
134.814 0.747
135.513 0.699
136.205 0.692
136.936 0.731
137.694 0.758
138.419 0.725
139.12 0.701
139.843 0.723
140.638 0.795
141.445 0.807
142.262 0.817
143.049 0.787
143.806 0.757
144.565 0.759
145.324 0.759
146.078 0.754
146.831 0.753
147.578 0.747
148.316 0.738
149.057 0.741
149.825 0.768
150.631 0.806
151.444 0.813
152.242 0.798
153.022 0.78
153.755 0.733
154.455 0.7
155.154 0.699
155.875 0.721
156.652 0.777
157.46 0.808
158.266 0.806
159.064 0.798
159.814 0.75
160.547 0.733
161.293 0.746
162.061 0.768
162.824 0.763
163.59 0.766
164.387 0.797
165.161 0.774
165.919 0.758
166.658 0.739
167.365 0.707
168.061 0.696
168.774 0.713
169.505 0.731
170.261 0.756
170.979 0.718
171.667 0.688
172.343 0.676
173.056 0.713
173.857 0.801
174.716 0.859
175.543 0.827
176.315 0.772
177.052 0.737
177.775 0.723
178.498 0.723
179.247 0.749
180.015 0.768
180.795 0.78
181.559 0.764
182.266 0.707
182.943 0.677
183.608 0.665
184.27 0.662
184.929 0.659
185.609 0.68
186.365 0.756
187.157 0.792
187.95 0.793
188.756 0.806
189.537 0.781
190.285 0.748
190.996 0.711
191.686 0.69
192.366 0.68
193.078 0.712
193.851 0.773
194.648 0.797
195.425 0.777
196.178 0.753
196.881 0.703
197.547 0.666
198.2 0.653
198.835 0.635
199.467 0.632
200.112 0.645
200.814 0.702
201.561 0.747
202.31 0.749
203.084 0.774
203.848 0.764
204.567 0.719
205.264 0.697
205.968 0.704
206.692 0.724
207.419 0.727
208.157 0.738
208.896 0.739
209.617 0.721
210.31 0.693
210.991 0.681
211.66 0.669
212.341 0.681
213.091 0.75
213.88 0.789
214.697 0.817
215.487 0.79
216.224 0.737
216.934 0.71
217.631 0.697
218.328 0.697
219.049 0.721
219.792 0.743
220.543 0.751
221.309 0.766
222.07 0.761
222.807 0.737
223.512 0.705
224.2 0.688
224.91 0.71
225.646 0.736
226.389 0.743
227.136 0.747
227.888 0.752
228.599 0.711
229.295 0.696
229.983 0.688
230.684 0.701
231.434 0.75
232.229 0.795
233.046 0.817
233.866 0.82
234.674 0.808
235.443 0.769
236.181 0.738
236.89 0.709
237.614 0.724
238.34 0.726
239.083 0.743
239.833 0.75
240.581 0.748
241.303 0.722
241.984 0.681
242.642 0.658
243.293 0.651
243.963 0.67
244.669 0.706
245.41 0.741
246.166 0.756
246.897 0.731
247.598 0.701
248.297 0.699
249.019 0.722
249.778 0.759
250.539 0.761
251.282 0.743
251.997 0.715
252.674 0.677
253.318 0.644
253.943 0.625
254.558 0.615
255.163 0.605
255.772 0.609
256.412 0.64
257.089 0.677
257.814 0.725
258.535 0.721
259.273 0.738
259.978 0.705
260.663 0.685
261.384 0.721
262.134 0.75
262.867 0.733
263.588 0.721
264.27 0.682
264.928 0.658
265.6 0.672
266.281 0.681
266.975 0.694
267.674 0.699
268.355 0.681
269.025 0.67
269.683 0.658
270.342 0.659
271.017 0.675
271.712 0.695
272.43 0.718
273.15 0.72
273.847 0.697
274.54 0.693
275.242 0.702
275.984 0.742
276.77 0.786
277.582 0.812
278.402 0.82
279.187 0.785
279.923 0.736
280.63 0.707
281.349 0.719
282.088 0.739
282.842 0.754
283.6 0.758
284.351 0.751
285.08 0.729
285.802 0.722
286.563 0.761
287.359 0.796
288.154 0.795
288.928 0.774
289.666 0.738
290.388 0.722
291.108 0.72
291.843 0.735
292.598 0.755
293.372 0.774
294.172 0.8
294.955 0.783
295.698 0.743
296.44 0.742
297.221 0.781
298.025 0.804
298.838 0.813
299.649 0.811
300.427 0.778
301.161 0.734
301.876 0.715
302.6 0.724
303.377 0.777
304.192 0.815
305.015 0.823
305.812 0.797
306.58 0.768
307.308 0.728
308.034 0.726
308.787 0.753
309.549 0.762
310.328 0.779
311.101 0.773
311.833 0.732
312.542 0.709
313.239 0.697
313.948 0.709
314.706 0.758
315.522 0.816
316.35 0.828
317.148 0.798
317.902 0.754
318.61 0.708
319.272 0.662
319.91 0.638
320.537 0.627
321.157 0.62
321.781 0.624
322.446 0.665
323.182 0.736
323.984 0.802
324.793 0.809
325.607 0.814
326.39 0.783
327.165 0.775
327.886 0.721
328.578 0.692
329.262 0.684
329.941 0.679
330.628 0.687
331.329 0.701
332.049 0.72
332.755 0.706
333.451 0.696
334.167 0.716
334.912 0.745
335.683 0.771
336.467 0.784
337.228 0.761
337.954 0.726
338.659 0.705
339.364 0.705
340.075 0.711
340.803 0.728
341.535 0.732
342.286 0.751
343.025 0.739
343.747 0.722
344.439 0.692
345.116 0.677
345.795 0.679
346.491 0.696
347.223 0.732
348.008 0.785
348.769 0.761
349.468 0.699
350.156 0.688
350.845 0.689
351.532 0.687
352.266 0.734
353.045 0.779
353.825 0.78
354.602 0.777
355.343 0.741
356.078 0.735
356.775 0.697
357.451 0.676
358.115 0.664
358.795 0.68
359.514 0.719
360.322 0.808
361.164 0.842
361.98 0.816
362.792 0.812
363.567 0.775
364.376 0.809
365.186 0.81
365.992 0.806
366.734 0.742
367.43 0.696
368.117 0.687
368.811 0.694
369.525 0.714
370.266 0.741
370.984 0.718
371.679 0.695
372.391 0.712
373.133 0.742
373.907 0.774
374.665 0.758
375.398 0.733
376.109 0.711
376.816 0.707
377.565 0.749
378.345 0.78
379.122 0.777
379.896 0.774
380.618 0.722
381.325 0.707
382.038 0.713
382.741 0.703
383.45 0.709
384.165 0.715
384.881 0.716
385.557 0.676
386.219 0.662
386.871 0.652
387.532 0.661
388.219 0.687
388.926 0.707
389.627 0.701
390.319 0.692
390.981 0.662
391.624 0.643
392.257 0.633
392.886 0.629
393.514 0.628
394.162 0.648
394.869 0.707
395.608 0.739
396.35 0.742
397.088 0.738
397.843 0.755
398.608 0.765
399.346 0.738
400.048 0.702
400.731 0.683
401.416 0.685
402.107 0.691
402.852 0.745
403.596 0.744
404.335 0.739
405.047 0.712
405.761 0.714
406.493 0.732
407.289 0.796
408.108 0.819
408.933 0.825
409.715 0.782
410.445 0.73
411.166 0.721
411.894 0.728
412.636 0.742
413.395 0.759
414.173 0.778
414.92 0.747
415.645 0.725
416.395 0.75
417.146 0.751
417.903 0.757
418.664 0.761
419.404 0.74
420.124 0.72
420.842 0.718
421.572 0.73
422.315 0.743
423.088 0.773
423.852 0.764
424.583 0.731
425.292 0.709
425.999 0.707
426.712 0.713
427.448 0.736
428.178 0.73
428.871 0.693
429.547 0.676
430.237 0.69
430.967 0.73
431.757 0.79
432.508 0.751
433.212 0.704
433.936 0.724
434.64 0.704
435.319 0.679
435.99 0.671
436.676 0.686
437.411 0.735
438.154 0.743
438.875 0.721
439.566 0.691
440.243 0.677
440.917 0.674
441.608 0.691
442.34 0.732
443.116 0.776
443.915 0.799
444.704 0.789
445.454 0.75
446.182 0.728
446.891 0.709
447.61 0.719
448.355 0.745
449.126 0.771
449.885 0.759
450.631 0.746
451.347 0.716
452.044 0.697
452.712 0.668
454.059 1.347
454.731 0.672
455.402 0.671
456.101 0.699
456.822 0.721
457.561 0.739
458.289 0.728
459.005 0.716
459.715 0.71
460.445 0.73
461.222 0.777
462.016 0.794
462.813 0.797
463.601 0.788
464.352 0.751
465.081 0.729
465.805 0.724
466.541 0.736
467.285 0.744
468.055 0.77
468.826 0.771
469.58 0.754
470.304 0.724
471.023 0.719
471.739 0.716
472.458 0.719
473.198 0.74
473.945 0.747
474.698 0.753
475.439 0.741
476.158 0.719
476.859 0.701
477.546 0.687
478.247 0.701
478.977 0.73
479.735 0.758
480.535 0.8
481.332 0.797
482.114 0.782
482.854 0.74
483.549 0.695
484.233 0.684
484.899 0.666
485.574 0.675
486.239 0.665
486.882 0.643
487.565 0.683
488.279 0.714
488.998 0.719
489.718 0.72
490.429 0.711
491.133 0.704
491.825 0.692
492.533 0.708
493.26 0.727
494.019 0.759
494.774 0.755
495.516 0.742
496.238 0.722
496.951 0.713
497.631 0.68
498.308 0.677
498.973 0.665
499.66 0.687
500.405 0.745
501.186 0.781
501.981 0.795
502.761 0.78
503.514 0.753
504.248 0.734
504.969 0.721
505.709 0.74
506.473 0.764
507.245 0.772
508.01 0.765
508.736 0.726
509.461 0.725
510.165 0.704
510.861 0.696
511.551 0.69
512.251 0.7
512.982 0.731
513.739 0.757
514.502 0.763
515.262 0.76
515.991 0.729
516.7 0.709
517.397 0.697
518.099 0.702
518.809 0.71
519.533 0.724
520.248 0.715
520.938 0.69
521.613 0.675
522.273 0.66
522.926 0.653
523.594 0.668
524.292 0.698
525.014 0.722
525.748 0.734
526.468 0.72
527.17 0.702
527.847 0.677
528.496 0.649
529.127 0.631
529.749 0.622
530.365 0.616
530.986 0.621
531.636 0.65
532.322 0.686
533.018 0.696
533.737 0.719
534.466 0.729
535.154 0.688
535.833 0.679
536.501 0.668
537.175 0.674
537.87 0.695
538.619 0.749
539.367 0.748
540.106 0.739
540.831 0.725
541.556 0.725
542.299 0.743
543.05 0.751
543.828 0.778
544.596 0.768
545.341 0.745
546.067 0.726
546.75 0.683
547.414 0.664
548.072 0.658
548.769 0.697
549.533 0.764
550.293 0.76
551.051 0.758
551.783 0.732
552.48 0.697
553.177 0.697
553.88 0.703
554.602 0.722
555.333 0.731
556.08 0.747
556.813 0.733
557.517 0.704
558.224 0.707
558.946 0.722
559.686 0.74
560.411 0.725
561.133 0.722
561.854 0.721
562.586 0.732
563.344 0.758
564.128 0.784
564.931 0.803
565.688 0.757
566.408 0.72
567.092 0.684
567.737 0.645
568.365 0.628
568.97 0.605
569.567 0.597
570.174 0.607
570.796 0.622
571.45 0.654
572.196 0.746
572.984 0.788
573.772 0.788
574.534 0.762
575.252 0.718
575.949 0.697
576.626 0.677
577.292 0.666
577.957 0.665
578.639 0.682
579.336 0.697
580.033 0.697
580.719 0.686
581.399 0.68
582.076 0.677
582.758 0.682
583.452 0.694
584.167 0.715
584.904 0.737
585.632 0.728
586.346 0.714
587.04 0.694
587.702 0.662
588.347 0.645
588.979 0.632
589.606 0.627
590.244 0.638
590.917 0.673
591.612 0.695
592.316 0.704
593.018 0.702
593.71 0.692
594.407 0.697
595.119 0.712
595.814 0.695
596.504 0.69
597.162 0.658
597.801 0.639
598.437 0.636
599.067 0.63
599.694 0.627
600.31 0.616
600.919 0.609
601.53 0.611
602.139 0.609
602.746 0.607
603.364 0.618
603.991 0.627
604.638 0.647
605.289 0.651
606.605 1.316
607.262 0.657
607.904 0.642
608.541 0.637