0.000 0.477
0.477 0.477
1.51 1.033
2.357 0.847
3.204 0.847
4.045 0.841
4.518 0.473
5.458 0.94
6.175 0.717
6.664 0.489
7.591 0.927
8.272 0.681
8.771 0.499
9.598 0.827
10.258 0.66
10.757 0.499
11.686 0.929
12.404 0.718
12.872 0.468
13.865 0.993
14.619 0.754
15.079 0.46
16.021 0.942
16.749 0.728
17.225 0.476
18.154 0.929
18.893 0.739
19.385 0.492
20.267 0.882
20.959 0.692
21.467 0.508
22.321 0.854
22.982 0.661
23.5 0.518
24.343 0.843
25.037 0.694
25.535 0.498
26.478 0.943
27.211 0.733
27.693 0.482
28.66 0.967
29.374 0.714
29.856 0.482
30.696 0.84
31.348 0.652
31.84 0.492
32.627 0.787
33.271 0.644
33.78 0.509
34.673 0.893
35.389 0.716
35.897 0.508
36.827 0.93
37.569 0.742
38.068 0.499
38.992 0.924
39.709 0.717
40.21 0.501
41.135 0.925
41.855 0.72
42.349 0.494
43.318 0.969
44.027 0.709
44.516 0.489
45.438 0.922
46.13 0.692
46.634 0.504
47.529 0.895
48.223 0.694
48.73 0.507
49.658 0.928
50.374 0.716
50.868 0.494
51.778 0.91
52.512 0.734
52.997 0.485
53.952 0.955
54.662 0.71
55.146 0.484
56.074 0.928
56.769 0.695
57.259 0.49
58.169 0.91
58.894 0.725
59.384 0.49
60.299 0.915
61.029 0.73
61.508 0.479
62.548 1.04
63.41 0.862
64.207 0.797
64.689 0.482
65.71 1.021
66.525 0.815
66.999 0.474
67.916 0.917
68.619 0.703
69.109 0.49
70.073 0.964
70.794 0.721
71.273 0.479
72.266 0.993
73.012 0.746
73.49 0.478
74.408 0.918
75.119 0.711
75.613 0.494
76.453 0.84
77.12 0.667
77.621 0.501
78.483 0.862
79.168 0.685
79.658 0.49
80.627 0.969
81.342 0.715
81.818 0.476
82.809 0.991
83.536 0.727
84.005 0.469
84.993 0.988
85.742 0.749
86.214 0.472
87.139 0.925
87.845 0.706
88.313 0.468
89.17 0.857
89.863 0.693
90.342 0.479
91.205 0.863
91.896 0.691
92.407 0.511
93.34 0.933
94.041 0.701
94.542 0.501
95.482 0.94
96.203 0.721
96.696 0.493
97.593 0.897
98.286 0.693
98.785 0.499
99.652 0.867
100.342 0.69
100.84 0.498
101.795 0.955
102.521 0.726
103.011 0.49
103.949 0.938
104.664 0.715
105.162 0.498
106.163 1.001
106.894 0.731
107.384 0.49
108.333 0.949
109.069 0.736
109.56 0.491
110.501 0.941
111.232 0.731
111.725 0.493
112.709 0.984
113.426 0.717
113.919 0.493
114.848 0.929
115.533 0.685
116.031 0.498
116.902 0.871
117.578 0.676
118.057 0.479
119.037 0.98
119.766 0.729
120.238 0.472
121.217 0.979
121.988 0.771
122.456 0.468
123.332 0.876
124.0 0.668
124.492 0.492
125.324 0.832
126.009 0.685
126.508 0.499
127.358 0.85
128.03 0.672
128.526 0.496
129.451 0.925
130.153 0.702
130.633 0.48
131.593 0.96
132.33 0.737
132.808 0.478
133.809 1.001
134.623 0.814
135.445 0.822
135.927 0.482
136.933 1.006
137.674 0.741
138.142 0.468
139.154 1.012
139.914 0.76
140.38 0.466
141.314 0.934
142.015 0.701
142.504 0.489
143.415 0.911
144.108 0.693
144.594 0.486
145.508 0.914
146.233 0.725
146.706 0.473
147.651 0.945
148.389 0.738
148.852 0.463
149.835 0.983
150.57 0.735
151.03 0.46
152.079 1.049
152.859 0.78
153.662 0.803
154.148 0.486
155.098 0.95
155.855 0.757
156.319 0.464
157.306 0.987
158.077 0.771
158.54 0.463
159.567 1.027
160.345 0.778
160.808 0.463
161.84 1.032
162.647 0.807
163.393 0.746
163.883 0.49
164.857 0.974
165.625 0.768
166.118 0.493
167.093 0.975
167.807 0.714
168.306 0.499
169.259 0.953
170.006 0.747
170.498 0.492
171.415 0.917
172.136 0.721
172.635 0.499
173.571 0.936
174.285 0.714
174.776 0.491
175.738 0.962
176.466 0.728
176.951 0.485
177.956 1.005
178.723 0.767
179.205 0.482
180.159 0.954
180.886 0.727
181.389 0.503
182.307 0.918
183.03 0.723
183.541 0.511
184.405 0.864
185.084 0.679
185.602 0.518
186.502 0.9
187.224 0.722
187.716 0.492
188.633 0.917
189.362 0.729
189.873 0.511
190.808 0.935
191.554 0.746
192.041 0.487
193.028 0.987
193.776 0.748
194.259 0.483
195.243 0.984
195.966 0.723
196.447 0.481
197.377 0.93
198.09 0.713
198.575 0.485
199.496 0.921
200.21 0.714
200.69 0.48
201.678 0.988
202.435 0.757
202.914 0.479
203.785 0.871
204.462 0.677
204.958 0.496
205.871 0.913
206.583 0.712
207.075 0.492
207.993 0.918
208.734 0.741
209.213 0.479
210.197 0.984
210.928 0.731
211.418 0.49
212.337 0.919
213.02 0.683
213.513 0.493
214.323 0.81
214.998 0.675
215.501 0.503
216.543 1.042
217.358 0.815
217.832 0.474
218.843 1.011
219.625 0.782
220.121 0.496
220.996 0.875
221.674 0.678
222.201 0.527
223.191 0.99
224.002 0.811
224.479 0.477
225.441 0.962
226.207 0.766
226.699 0.492
227.689 0.99
228.443 0.754
228.926 0.483
229.912 0.986
230.697 0.785
231.175 0.478
232.26 1.085
233.138 0.878
234.019 0.881
234.828 0.809
235.307 0.479
236.288 0.981
236.997 0.709
237.486 0.489
238.351 0.865
239.013 0.662
239.523 0.51
240.491 0.968
241.23 0.739
241.706 0.476
242.71 1.004
243.492 0.782
243.964 0.472
244.977 1.013
245.713 0.736
246.186 0.473
247.12 0.934
247.856 0.736
248.336 0.48
249.292 0.956
250.023 0.731
250.494 0.471
251.496 1.002
252.257 0.761
252.724 0.467
253.72 0.996
254.509 0.789
255.319 0.81
255.798 0.479
256.758 0.96
257.519 0.761
257.988 0.469
258.905 0.917
259.608 0.703
260.087 0.479
261.044 0.957
261.755 0.711
262.226 0.471
263.232 1.006
264.005 0.773
264.762 0.757
265.238 0.476
266.225 0.987
266.949 0.724
267.413 0.464
268.374 0.961
269.102 0.728
269.569 0.467
270.579 1.01
271.377 0.798
272.188 0.811
272.674 0.486
273.706 1.032
274.542 0.836
275.329 0.787
275.818 0.489
276.863 1.045
277.659 0.796
278.14 0.481
279.132 0.992
279.929 0.797
280.408 0.479
281.398 0.99
282.16 0.762
282.653 0.493
283.572 0.919
284.257 0.685
284.756 0.499
285.544 0.788
286.193 0.649
286.716 0.523
287.595 0.879
288.364 0.769
288.869 0.505
289.995 1.126
290.858 0.863
291.685 0.827
292.175 0.49
293.249 1.074
294.043 0.794
294.513 0.47
295.46 0.947
296.189 0.729
296.68 0.491
297.608 0.928
298.33 0.722
298.815 0.485
299.751 0.936
300.466 0.715
300.957 0.491
301.987 1.03
302.743 0.756
303.208 0.465
304.211 1.003
304.97 0.759
305.439 0.469
306.418 0.979
307.151 0.733
307.625 0.474
308.666 1.041
309.472 0.806
309.949 0.477
310.991 1.042
311.823 0.832
312.649 0.826
313.137 0.488
314.179 1.042
314.976 0.797
315.447 0.471
316.472 1.025
317.255 0.783
317.734 0.479
318.737 1.003
319.469 0.732
319.952 0.483
320.926 0.974
321.654 0.728
322.132 0.478
323.006 0.874
323.666 0.66
324.173 0.507
324.929 0.756
325.57 0.641
326.088 0.518
327.129 1.041
327.915 0.786
328.386 0.471
329.391 1.005
330.163 0.772
330.637 0.474
331.609 0.972
332.329 0.72
332.815 0.486
333.717 0.902
334.425 0.708
334.909 0.484
335.919 1.01
336.706 0.787
337.455 0.749
337.939 0.484
338.923 0.984
339.665 0.742
340.128 0.463
341.038 0.91
341.734 0.696
342.221 0.487
343.13 0.909
343.823 0.693
344.302 0.479
345.402 1.1
346.211 0.809
347.155 0.944
348.191 1.036
349.144 0.953
350.058 0.914
350.966 0.908
351.861 0.895
352.683 0.822
353.493 0.81
353.977 0.484
354.968 0.991
355.684 0.716
356.17 0.486
357.114 0.944
357.839 0.725
358.322 0.483
359.291 0.969
360.082 0.791
360.975 0.893
361.933 0.958
362.817 0.884
363.689 0.872
364.556 0.867
365.398 0.842
365.88 0.482
366.884 1.004
367.633 0.749
368.115 0.482
369.107 0.992
369.893 0.786
370.364 0.471
371.397 1.033
372.187 0.79
372.66 0.473
373.722 1.062
374.545 0.823
375.312 0.767
375.811 0.499
376.769 0.958
377.49 0.721
377.974 0.484
378.887 0.913
379.58 0.693
380.061 0.481
381.006 0.945
381.697 0.691
382.182 0.485
383.025 0.843
383.701 0.676
384.196 0.495
385.225 1.029
385.979 0.754
386.452 0.473
387.466 1.014
388.222 0.756
388.696 0.474
389.59 0.894
390.284 0.694
390.793 0.509
391.783 0.99
392.534 0.751
393.011 0.477
394.072 1.061
394.893 0.821
395.642 0.749
396.147 0.505
397.141 0.994
397.858 0.717
398.369 0.511
399.264 0.895
399.974 0.71
400.485 0.511
401.488 1.003
402.265 0.777
402.748 0.483
403.772 1.024
404.577 0.805
405.371 0.794
405.862 0.491
406.95 1.088
407.894 0.944
408.803 0.909
409.636 0.833
410.126 0.49
411.084 0.958
411.823 0.739
412.308 0.485
413.252 0.944
413.98 0.728
414.464 0.484
415.473 1.009
416.221 0.748
416.7 0.479
417.69 0.99
418.462 0.772
418.93 0.468
419.924 0.994
420.718 0.794
421.552 0.834
422.043 0.491
423.019 0.976
423.77 0.751
424.243 0.473
425.217 0.974
425.941 0.724
426.426 0.485
427.393 0.967
428.164 0.771
428.637 0.473
429.625 0.988
430.406 0.781
430.882 0.476
431.898 1.016
432.683 0.785
433.469 0.786
433.957 0.488
434.927 0.97
435.683 0.756
436.151 0.468
437.141 0.99
437.868 0.727
438.343 0.475
439.331 0.988
440.05 0.719
440.529 0.479
441.53 1.001
442.336 0.806
443.15 0.814
443.638 0.488
444.662 1.024
445.48 0.818
446.244 0.764
446.748 0.504
447.783 1.035
448.61 0.827
449.377 0.767
449.869 0.492
450.868 0.999
451.624 0.756
452.116 0.492
452.96 0.844
453.606 0.646
454.133 0.527
454.842 0.709
455.476 0.634
456.002 0.526
456.834 0.832
457.583 0.749
458.086 0.503
459.105 1.019
459.954 0.849
460.827 0.873
461.32 0.493
462.293 0.973
463.049 0.756
463.543 0.494
464.465 0.922
465.155 0.69
465.67 0.515
466.599 0.929
467.307 0.708
467.81 0.503
468.894 1.084
469.776 0.882
470.577 0.801
471.34 0.763
471.83 0.49
472.852 1.022
473.656 0.804
474.127 0.471
475.052 0.925
475.776 0.724
476.272 0.496
477.238 0.966
477.958 0.72
478.462 0.504
479.457 0.995
480.213 0.756
480.698 0.485
481.621 0.923
482.337 0.716
482.827 0.49
483.723 0.896
484.426 0.703
484.906 0.48
485.911 1.005
486.666 0.755
487.131 0.465
488.104 0.973
488.866 0.762
489.332 0.466
490.272 0.94
490.994 0.722
491.475 0.481
492.509 1.034
493.283 0.774
494.043 0.76
494.539 0.496
495.572 1.033
496.368 0.796
497.124 0.756
497.614 0.49
498.632 1.018
499.4 0.768
499.866 0.466
500.802 0.936
501.523 0.721
502.003 0.48
503.004 1.001
503.742 0.738
504.21 0.468
505.208 0.998
505.949 0.741
506.415 0.466
507.347 0.932
508.05 0.703
508.541 0.491
509.427 0.886
510.141 0.714
510.627 0.486
511.689 1.062
512.514 0.825
513.373 0.859
514.229 0.856
514.711 0.482
515.66 0.949
516.405 0.745
516.895 0.49
517.869 0.974
518.59 0.721
519.091 0.501
520.018 0.927
520.756 0.738
521.259 0.503
522.238 0.979
522.967 0.729
523.459 0.492
524.479 1.02
525.271 0.792
525.748 0.477
526.763 1.015
527.562 0.799
528.387 0.825
528.871 0.484
529.835 0.964
530.601 0.766
531.085 0.484
532.118 1.033
532.881 0.763
533.362 0.481
534.358 0.996
535.121 0.763
535.617 0.496
536.599 0.982
537.381 0.782
537.856 0.475
538.936 1.08
539.736 0.8
540.209 0.473
541.27 1.061
542.109 0.839
542.89 0.781
543.382 0.492
544.378 0.996
545.088 0.71
545.579 0.491
546.436 0.857
547.116 0.68
547.63 0.514
548.578 0.948
549.347 0.769
549.816 0.469
550.828 1.012
551.588 0.76
552.338 0.75
552.832 0.494
553.833 1.001
554.597 0.764
555.072 0.475
556.029 0.957
556.767 0.738
557.252 0.485
558.197 0.945
558.898 0.701
559.387 0.489
560.354 0.967
561.124 0.77
561.599 0.475
562.584 0.985
563.356 0.772
563.822 0.466
564.816 0.994
565.55 0.734
566.029 0.479
567.069 1.04
567.842 0.773
568.312 0.47
569.313 1.001
570.08 0.767
570.56 0.48
571.511 0.951
572.237 0.726
572.724 0.487
573.647 0.923
574.351 0.704
574.843 0.492
575.855 1.012
576.594 0.739
577.078 0.484
578.117 1.039
578.932 0.815
579.721 0.789
580.208 0.487
581.261 1.053
582.087 0.826
582.868 0.781
583.359 0.491
584.427 1.068
585.259 0.832
586.037 0.778
586.528 0.491
587.515 0.987
588.266 0.751
588.745 0.479
589.738 0.993
590.491 0.753
590.968 0.477
592.025 1.057
592.887 0.862
593.752 0.865
594.607 0.855
595.457 0.85
596.328 0.871
597.237 0.909
598.144 0.907
599.009 0.865
599.796 0.787
600.53 0.734
601.038 0.508
601.886 0.848
602.556 0.67
603.064 0.508
604.014 0.95
604.753 0.739
605.284 0.531
606.232 0.948
606.986 0.754
607.517 0.531
608.501 0.984
609.275 0.774
609.796 0.521
610.786 0.99
611.57 0.784
612.079 0.509