0.000 0.596
0.596 0.596
1.166 0.57
1.738 0.572
2.335 0.597
2.998 0.663
3.662 0.664
4.32 0.658
4.949 0.629
5.566 0.617
6.201 0.635
6.893 0.692
7.596 0.703
8.259 0.663
8.919 0.66
9.555 0.636
10.206 0.651
10.845 0.639
11.478 0.633
12.12 0.642
12.787 0.667
13.487 0.7
14.183 0.696
14.863 0.68
15.501 0.638
16.143 0.642
16.793 0.65
17.483 0.69
18.184 0.701
18.875 0.691
19.58 0.705
20.31 0.73
21.037 0.727
21.714 0.677
22.403 0.689
23.122 0.719
23.965 0.843
24.713 0.748
25.452 0.739
26.408 0.956
27.35 0.942
28.181 0.831
28.908 0.727
29.564 0.656
30.224 0.66
30.933 0.709
32.033 1.1
32.906 0.873
33.704 0.798
34.502 0.798
35.349 0.847
36.256 0.907
37.145 0.889
37.989 0.844
38.782 0.793
39.521 0.739
40.205 0.684
40.943 0.738
41.978 1.035
42.823 0.845
43.654 0.831
44.427 0.773
45.17 0.743
45.992 0.822
46.875 0.883
47.739 0.864
48.557 0.818
49.324 0.767
50.059 0.735
50.787 0.728
51.706 0.919
52.623 0.917
53.614 0.991
54.497 0.883
55.272 0.775
55.972 0.7
56.661 0.689
57.415 0.754
58.524 1.109
59.399 0.875
60.229 0.83
60.963 0.734
61.685 0.722
62.71 1.025
63.591 0.881
64.427 0.836
65.252 0.825
66.09 0.838
66.926 0.836
67.753 0.827
68.505 0.752
69.238 0.733
69.968 0.73
70.798 0.83
71.708 0.91
72.458 0.75
73.158 0.7
73.816 0.658
74.449 0.633
75.081 0.632
75.772 0.691
76.862 1.09
77.723 0.861
78.543 0.82
79.351 0.808
80.132 0.781
80.799 0.667
81.452 0.653
82.122 0.67
82.836 0.714
83.702 0.866
84.568 0.866
85.304 0.736
85.995 0.691
86.688 0.693
87.441 0.753
88.357 0.916
89.232 0.875
90.035 0.803
90.76 0.725
91.435 0.675
92.094 0.659
92.78 0.686
93.543 0.763
94.586 1.043
95.568 0.982
96.53 0.962
97.33 0.8
98.024 0.694
98.681 0.657
99.34 0.659
100.091 0.751
101.193 1.102
102.159 0.966
103.058 0.899
103.958 0.9
104.815 0.857
105.576 0.761
106.277 0.701
106.972 0.695
107.769 0.797
108.707 0.938
109.599 0.892
110.363 0.764
111.158 0.795
112.009 0.851
112.848 0.839
113.58 0.732
114.33 0.75
115.088 0.758
115.887 0.799
116.737 0.85
117.482 0.745
118.197 0.715
118.946 0.749
120.043 1.097
120.987 0.944
121.81 0.823
122.588 0.778
123.37 0.782
124.105 0.735
124.895 0.79
125.802 0.907
126.548 0.746
127.263 0.715
128.004 0.741
128.96 0.956
129.964 1.004
130.832 0.868
131.667 0.835
132.418 0.751
133.123 0.705
133.81 0.687
134.58 0.77
135.596 1.016
136.5 0.904
137.359 0.859
138.109 0.75
138.821 0.712
139.524 0.703
140.244 0.72
141.014 0.77
141.816 0.802
142.662 0.846
143.434 0.772
144.139 0.705
144.814 0.675
145.489 0.675
146.233 0.744
147.221 0.988
148.114 0.893
148.96 0.846
149.75 0.79
150.535 0.785
151.271 0.736
151.955 0.684
152.617 0.662
153.296 0.679
154.093 0.797
155.18 1.087
156.138 0.958
157.022 0.884
157.818 0.796
158.57 0.752
159.29 0.72
160.034 0.744
160.864 0.83
161.715 0.851
162.507 0.792
163.241 0.734
163.933 0.692
164.621 0.688
165.375 0.754
166.516 1.141
167.451 0.935
168.301 0.85
169.033 0.732
169.719 0.686
170.401 0.682
171.127 0.726
172.072 0.945
172.974 0.902
173.825 0.851
174.639 0.814
175.378 0.739
176.087 0.709
176.83 0.743
177.655 0.825
178.575 0.92
179.451 0.876
180.222 0.771
180.931 0.709
181.635 0.704
182.426 0.791
183.45 1.024
184.358 0.908
185.237 0.879
185.972 0.735
186.669 0.697
187.364 0.695
188.108 0.744
189.32 1.212
190.211 0.891
190.941 0.73
191.637 0.696
192.385 0.748
193.511 1.126
194.447 0.936
195.33 0.883
196.123 0.793
196.857 0.734
197.532 0.675
198.21 0.678
198.942 0.732
199.729 0.787
200.463 0.734
201.227 0.764
202.125 0.898
203.101 0.976
203.972 0.871
204.708 0.736
205.451 0.743
206.173 0.722
206.899 0.726
207.626 0.727
208.343 0.717
209.042 0.699
209.761 0.719
210.56 0.799
211.466 0.906
212.421 0.955
213.235 0.814
213.971 0.736
214.726 0.755
215.492 0.766
216.301 0.809
217.082 0.781
217.787 0.705
218.455 0.668
219.127 0.672
219.887 0.76
220.992 1.105
221.958 0.966
222.755 0.797
223.493 0.738
224.249 0.756
225.062 0.813
225.891 0.829
226.693 0.802
227.401 0.708
228.079 0.678
228.765 0.686
229.491 0.726
230.388 0.897
231.29 0.902
232.059 0.769
232.774 0.715
233.498 0.724
234.273 0.775
235.142 0.869
235.989 0.847
236.833 0.844
237.63 0.797
238.367 0.737
239.103 0.736
239.857 0.754
240.638 0.781
241.445 0.807
242.239 0.794
242.952 0.713
243.662 0.71
244.387 0.725
245.216 0.829
246.118 0.902
246.926 0.808
247.659 0.733
248.35 0.691
249.045 0.695
249.775 0.73
250.563 0.788
251.361 0.798
252.115 0.754
252.808 0.693
253.482 0.674
254.143 0.661
254.833 0.69
255.633 0.8
256.572 0.939
257.446 0.874
258.256 0.81
258.97 0.714
259.646 0.676
260.31 0.664
261.002 0.692
262.018 1.016
262.96 0.942
263.822 0.862
264.579 0.757
265.281 0.702
265.961 0.68
266.663 0.702
267.439 0.776
268.275 0.836
269.105 0.83
269.959 0.854
270.702 0.743
271.418 0.716
272.142 0.724
272.894 0.752
273.696 0.802
274.517 0.821
275.27 0.753
275.964 0.694
276.636 0.672
277.311 0.675
278.031 0.72
278.922 0.891
279.864 0.942
280.743 0.879
281.486 0.743
282.193 0.707
282.921 0.728
283.694 0.773
284.507 0.813
285.25 0.743
285.963 0.713
286.679 0.716
287.415 0.736
288.226 0.811
289.074 0.848
289.834 0.76
290.581 0.747
291.347 0.766
292.095 0.748
292.816 0.721
293.507 0.691
294.183 0.676
294.87 0.687
295.617 0.747
296.632 1.015
297.49 0.858
298.246 0.756
298.968 0.722
299.706 0.738
300.448 0.742
301.161 0.713
301.831 0.67
302.471 0.64
303.085 0.614
303.687 0.602
304.323 0.636
305.049 0.726
305.772 0.723
306.456 0.684
307.13 0.674
307.807 0.677
308.526 0.719
309.322 0.796
310.134 0.812
310.875 0.741
311.57 0.695
312.261 0.691
312.972 0.711
313.681 0.709
314.394 0.713
315.09 0.696
315.768 0.678
316.418 0.65
317.044 0.626
317.652 0.608
318.254 0.602
318.872 0.618
319.577 0.705
320.311 0.734
321.085 0.774
321.841 0.756
322.579 0.738
323.354 0.775
324.235 0.881
325.113 0.878
325.934 0.821
326.728 0.794
327.521 0.793
328.311 0.79
329.057 0.746
329.781 0.724
330.536 0.755
331.486 0.95
332.379 0.893
333.211 0.832
334.002 0.791
334.772 0.77
335.549 0.777
336.333 0.784
337.085 0.752
337.854 0.769
338.592 0.738
339.301 0.709
340.045 0.744
341.043 0.998
341.846 0.803
342.57 0.724
343.255 0.685
343.922 0.667
344.609 0.687
345.327 0.718
346.116 0.789
347.067 0.951
347.935 0.868
348.725 0.79
349.476 0.751
350.191 0.715
350.89 0.699
351.566 0.676
352.224 0.658
352.895 0.671
353.649 0.754
354.64 0.991
355.478 0.838
356.252 0.774
356.983 0.731
357.701 0.718
358.412 0.711
359.108 0.696
359.789 0.681
360.469 0.68
361.228 0.759
362.282 1.054
363.139 0.857
363.941 0.802
364.706 0.765
365.419 0.713
366.094 0.675
366.768 0.674
367.512 0.744
368.634 1.122
369.585 0.951
370.383 0.798
371.154 0.771
371.98 0.826
373.0 1.02
373.864 0.864
374.653 0.789
375.392 0.739
376.173 0.781
377.041 0.868
377.918 0.877
378.736 0.818
379.477 0.741
380.195 0.718
380.943 0.748
381.856 0.913
382.767 0.911
383.616 0.849
384.414 0.798
385.137 0.723
385.839 0.702
386.557 0.718
387.313 0.756
388.066 0.753
388.78 0.714
389.486 0.706
390.197 0.711
390.961 0.764
391.881 0.92
392.761 0.88
393.598 0.837
394.336 0.738
395.041 0.705
395.75 0.709
396.507 0.757
397.4 0.893
398.223 0.823
398.986 0.763
399.713 0.727
400.417 0.704
401.134 0.717
401.936 0.802
402.773 0.837
403.575 0.802
404.331 0.756
405.165 0.834
406.1 0.935
406.921 0.821
407.656 0.735
408.355 0.699
409.09 0.735
410.105 1.015
410.984 0.879
411.799 0.815
412.527 0.728
413.239 0.712
413.99 0.751
414.89 0.9
415.824 0.934
416.708 0.884
417.408 0.7
418.156 0.748
418.934 0.778
419.758 0.824
420.602 0.844
421.368 0.766
422.102 0.734
422.825 0.723
423.546 0.721
424.346 0.8
425.235 0.889
426.077 0.842
426.87 0.793
427.641 0.771
428.397 0.756
429.157 0.76
429.866 0.709
430.578 0.712
431.429 0.851
432.321 0.892
433.148 0.827
433.935 0.787
434.687 0.752
435.484 0.797
436.387 0.903
437.217 0.83
437.972 0.755
438.734 0.762
439.514 0.78
440.336 0.822
441.091 0.755
441.832 0.741
442.652 0.82
443.54 0.888
444.487 0.947
445.343 0.856
446.105 0.762
446.818 0.713
447.517 0.699
448.258 0.741
449.193 0.935
450.069 0.876
450.952 0.883
451.725 0.773
452.477 0.752
453.334 0.857
454.293 0.959
455.24 0.947
456.028 0.788
456.784 0.756
457.626 0.842
458.641 1.015
459.565 0.924
460.343 0.778
461.118 0.775
462.027 0.909
463.051 1.024
463.953 0.902
464.834 0.881
465.646 0.812
466.451 0.805
467.261 0.81
468.106 0.845
468.964 0.858
469.858 0.894
470.658 0.8
471.43 0.772
472.22 0.79
473.054 0.834
473.894 0.84
474.657 0.763
475.413 0.756
476.204 0.791
477.045 0.841
477.888 0.843
478.642 0.754
479.393 0.751
480.178 0.785
481.009 0.831
481.841 0.832
482.674 0.833
483.461 0.787
484.24 0.779
485.062 0.822
485.915 0.853
486.758 0.843
487.503 0.745
488.213 0.71
488.93 0.717
489.703 0.773
490.565 0.862
491.458 0.893
492.242 0.784
493.0 0.758
493.81 0.81
494.701 0.891
495.561 0.86
496.312 0.751
497.027 0.715
497.743 0.716
498.501 0.758
499.33 0.829
500.123 0.793
500.895 0.772
501.643 0.748
502.466 0.823
503.289 0.823
504.031 0.742
504.72 0.689
505.39 0.67
506.055 0.665
506.741 0.686
507.499 0.758
508.361 0.862
509.131 0.77
509.932 0.801
510.801 0.869
511.594 0.793
512.358 0.764
513.054 0.696
513.728 0.674
514.397 0.669
515.103 0.706
515.858 0.755
516.642 0.784
517.439 0.797
518.189 0.75
518.884 0.695
519.562 0.678
520.228 0.666
520.929 0.701
521.735 0.806
522.534 0.799
523.313 0.779
524.047 0.734
524.752 0.705
525.446 0.694
526.164 0.718
526.944 0.78
527.709 0.765
528.439 0.73
529.168 0.729
529.881 0.713
530.601 0.72
531.376 0.775
532.179 0.803
532.963 0.784
533.708 0.745
534.399 0.691
535.078 0.679
535.745 0.667
536.449 0.704
537.304 0.855
538.233 0.929
539.15 0.917
540.03 0.88
540.805 0.775
541.513 0.708
542.197 0.684
542.89 0.693
543.643 0.753
544.619 0.976
545.557 0.938
546.438 0.881
547.252 0.814
547.999 0.747
548.701 0.702
549.381 0.68
550.056 0.675
550.778 0.722
551.893 1.115
552.813 0.92
553.641 0.828
554.447 0.806
555.236 0.789
556.051 0.815
556.829 0.778
557.564 0.735
558.28 0.716
559.001 0.721
559.874 0.873
560.831 0.957
561.715 0.884
562.51 0.795
563.26 0.75
563.956 0.696
564.637 0.681
565.328 0.691
566.103 0.775
567.111 1.008
568.041 0.93
568.884 0.843
569.65 0.766
570.39 0.74
571.142 0.752
571.937 0.795
572.796 0.859
573.593 0.797
574.354 0.761
575.101 0.747
575.855 0.754
576.754 0.899
577.678 0.924
578.523 0.845
579.263 0.74
579.996 0.733
580.751 0.755
581.553 0.802
582.33 0.777
583.142 0.812
583.955 0.813
584.994 1.039
585.892 0.898
586.697 0.805
587.556 0.859
588.393 0.837
589.143 0.75
589.897 0.754
590.675 0.778
591.462 0.787
592.197 0.735
592.894 0.697
593.594 0.7
594.29 0.696
595.019 0.729
595.757 0.738
596.526 0.769
597.633 1.107
598.563 0.93
599.394 0.831
600.239 0.845
600.988 0.749
601.678 0.69
602.353 0.675
603.019 0.666
603.694 0.675
604.358 0.664
604.986 0.628
605.59 0.604
606.182 0.592
606.765 0.583
607.337 0.572
607.915 0.578
608.487 0.572
609.065 0.578
609.647 0.582
610.239 0.592
610.849 0.61
611.472 0.623
612.1 0.628
612.712 0.612
613.318 0.606
613.904 0.586
614.477 0.573
615.039 0.562
615.588 0.549
616.127 0.539
616.659 0.532
617.195 0.536