0.000 0.89
0.89 0.89
1.71 0.82
2.528 0.818
3.291 0.763
4.055 0.764
4.838 0.783
5.758 0.92
6.618 0.86
7.493 0.875
8.349 0.856
9.144 0.795
9.876 0.732
10.583 0.707
11.31 0.727
12.166 0.856
13.057 0.891
13.966 0.909
14.925 0.959
15.943 1.018
16.937 0.994
17.895 0.958
18.75 0.855
19.497 0.747
20.204 0.707
20.916 0.712
21.65 0.734
22.515 0.865
23.491 0.976
24.494 1.003
25.491 0.997
26.429 0.938
27.269 0.84
28.039 0.77
28.768 0.729
29.533 0.765
30.453 0.92
31.427 0.974
32.452 1.025
33.433 0.981
34.305 0.872
35.184 0.879
36.162 0.978
37.222 1.06
38.292 1.07
39.254 0.962
40.092 0.838
40.944 0.852
41.806 0.862
42.842 1.036
43.79 0.948
44.622 0.832
45.375 0.753
46.142 0.767
47.015 0.873
48.121 1.106
49.138 1.017
50.03 0.892
50.888 0.858
51.807 0.919
52.845 1.038
53.916 1.071
54.979 1.063
55.946 0.967
56.88 0.934
57.922 1.042
59.005 1.083
60.085 1.08
61.073 0.988
62.003 0.93
63.051 1.048
64.185 1.134
65.327 1.142
66.391 1.064
67.297 0.906
68.168 0.871
69.246 1.078
70.398 1.152
71.529 1.131
72.564 1.035
73.588 1.024
74.65 1.062
75.707 1.057
76.65 0.943
77.585 0.935
78.635 1.05
79.732 1.097
80.779 1.047
81.744 0.965
82.698 0.954
83.707 1.009
84.74 1.033
85.766 1.026
86.772 1.006
87.638 0.866
88.387 0.749
89.11 0.723
89.837 0.727
90.758 0.921
91.88 1.122
92.894 1.014
93.803 0.909
94.632 0.829
95.47 0.838
96.494 1.024
97.606 1.112
98.693 1.087
99.752 1.059
100.784 1.032
101.782 0.998
102.678 0.896
103.472 0.794
104.292 0.82
105.398 1.106
106.567 1.169
107.744 1.177
108.904 1.16
110.003 1.099
110.977 0.974
111.858 0.881
112.853 0.995
114.007 1.154
115.154 1.147
116.304 1.15
117.388 1.084
118.346 0.958
119.17 0.824
120.011 0.841
121.167 1.156
122.307 1.14
123.398 1.091
124.469 1.071
125.507 1.038
126.507 1.0
127.459 0.952
128.282 0.823
129.046 0.764
129.845 0.799
130.979 1.134
132.136 1.157
133.225 1.089
134.181 0.956
135.024 0.843
135.827 0.803
136.671 0.844
137.645 0.974
138.702 1.057
139.799 1.097
140.891 1.092
141.865 0.974
142.739 0.874
143.645 0.906
144.754 1.109
145.889 1.135
147.02 1.131
148.089 1.069
149.026 0.937
149.877 0.851
150.823 0.946
151.942 1.119
153.11 1.168
154.198 1.088
155.192 0.994
156.076 0.884
156.898 0.822
157.789 0.891
158.862 1.073
159.952 1.09
161.044 1.092
162.06 1.016
162.97 0.91
163.875 0.905
164.809 0.934
165.647 0.838
166.418 0.771
167.155 0.737
167.872 0.717
168.586 0.714
169.347 0.761
170.35 1.003
171.408 1.058
172.438 1.03
173.406 0.968
174.239 0.833
175.004 0.765
175.726 0.722
176.421 0.695
177.122 0.701
177.925 0.803
178.905 0.98
179.832 0.927
180.798 0.966
181.88 1.082
182.994 1.114
184.098 1.104
185.15 1.052
186.196 1.046
187.26 1.064
188.333 1.073
189.426 1.093
190.547 1.121
191.627 1.08
192.593 0.966
193.474 0.881
194.427 0.953
195.417 0.99
196.511 1.094
197.589 1.078
198.697 1.108
199.628 0.931
200.43 0.802
201.234 0.804
202.26 1.026
203.433 1.173
204.578 1.145
205.628 1.05
206.537 0.909
207.476 0.939
208.499 1.023
209.614 1.115
210.725 1.111
211.716 0.991
212.651 0.935
213.677 1.026
214.799 1.122
215.824 1.025
216.846 1.022
217.781 0.935
218.658 0.877
219.493 0.835
220.326 0.833
221.124 0.798
221.904 0.78
222.695 0.791
223.617 0.922
224.789 1.172
225.945 1.156
227.069 1.124
228.14 1.071
229.164 1.024
230.153 0.989
231.028 0.875
231.808 0.78
232.6 0.792
233.556 0.956
234.664 1.108
235.81 1.146
236.928 1.118
238.009 1.081
239.061 1.052
240.095 1.034
241.119 1.024
242.031 0.912
242.824 0.793
243.618 0.794
244.583 0.965
245.736 1.153
246.901 1.165
247.953 1.052
248.918 0.965
249.845 0.927
250.774 0.929
251.601 0.827
252.405 0.804
253.26 0.855
254.338 1.078
255.441 1.103
256.504 1.063
257.369 0.865
258.141 0.772
258.869 0.728
259.583 0.714
260.316 0.733
261.157 0.841
262.03 0.873
262.929 0.899
263.853 0.924
264.696 0.843
265.459 0.763
266.231 0.772
267.017 0.786
267.827 0.81
268.593 0.766
269.314 0.721
270.01 0.696
270.741 0.731
271.497 0.756
272.397 0.9
273.285 0.888
274.155 0.87
275.117 0.962
276.12 1.003
277.121 1.001
278.019 0.898
278.875 0.856
279.781 0.906
280.74 0.959
281.764 1.024
282.77 1.006
283.711 0.941
284.522 0.811
285.321 0.799
286.144 0.823
287.089 0.945
288.116 1.027
289.115 0.999
289.961 0.846
290.742 0.781
291.565 0.823
292.578 1.013
293.634 1.056
294.709 1.075
295.712 1.003
296.602 0.89
297.438 0.836
298.313 0.875
299.277 0.964
300.266 0.989
301.253 0.987
302.129 0.876
302.962 0.833
303.896 0.934
304.919 1.023
305.968 1.049
306.996 1.028
307.911 0.915
308.81 0.899
309.744 0.934
310.723 0.979
311.722 0.999
312.661 0.939
313.608 0.947
314.562 0.954
315.521 0.959
316.414 0.893
317.303 0.889
318.242 0.939
319.248 1.006
320.246 0.998
321.181 0.935
322.131 0.95
323.096 0.965
324.039 0.943
324.887 0.848
325.69 0.803
326.541 0.851
327.536 0.995
328.557 1.021
329.53 0.973
330.419 0.889
331.315 0.896
332.304 0.989
333.328 1.024
334.339 1.011
335.247 0.908
336.102 0.855
337.015 0.913
338.002 0.987
338.991 0.989
339.982 0.991
340.815 0.833
341.561 0.746
342.282 0.721
343.008 0.726
343.756 0.748
344.641 0.885
345.591 0.95
346.501 0.91
347.385 0.884
348.303 0.918
349.265 0.962
350.232 0.967
351.203 0.971
352.149 0.946
353.003 0.854
353.804 0.801
354.632 0.828
355.573 0.941
356.651 1.078
357.747 1.096
358.857 1.11
359.954 1.097
361.0 1.046
361.967 0.967
362.845 0.878
363.732 0.887
364.638 0.906
365.521 0.883
366.358 0.837
367.18 0.822
368.06 0.88
369.166 1.106
370.257 1.091
371.167 0.91
372.069 0.902
372.999 0.93
374.01 1.011
374.982 0.972
375.875 0.893
376.776 0.901
377.701 0.925
378.703 1.002
379.683 0.98
380.595 0.912
381.519 0.924
382.473 0.954
383.462 0.989
384.452 0.99
385.337 0.885
386.152 0.815
386.951 0.799
387.754 0.803
388.577 0.823
389.354 0.777
390.112 0.758
390.904 0.792
391.78 0.876
392.749 0.969
393.816 1.067
394.836 1.02
395.791 0.955
396.714 0.923
397.62 0.906
398.509 0.889
399.324 0.815
400.082 0.758
400.857 0.775
401.74 0.883
402.811 1.071
403.918 1.107
404.95 1.032
405.948 0.998
406.865 0.917
407.785 0.92
408.587 0.802
409.363 0.776
410.143 0.78
410.993 0.85
411.787 0.794
412.537 0.75
413.296 0.759
414.107 0.811
415.036 0.929
415.971 0.935
416.85 0.879
417.725 0.875
418.585 0.86
419.448 0.863
420.272 0.824
421.029 0.757
421.781 0.752
422.53 0.749
423.286 0.756
424.02 0.734
424.757 0.737
425.545 0.788
426.552 1.007
427.651 1.099
428.695 1.044
429.642 0.947
430.577 0.935
431.532 0.955
432.523 0.991
433.487 0.964
434.389 0.902
435.274 0.885
436.253 0.979
437.265 1.012
438.341 1.076
439.415 1.074
440.396 0.981
441.264 0.868
442.173 0.909
443.169 0.996
444.234 1.065
445.313 1.079
446.292 0.979
447.184 0.892
448.11 0.926
449.123 1.013
450.18 1.057
451.251 1.071
452.289 1.038
453.21 0.921
454.09 0.88
455.048 0.958
456.087 1.039
457.134 1.047
458.179 1.045
459.168 0.989
460.034 0.866
460.883 0.849
461.8 0.917
462.808 1.008
463.853 1.045
464.905 1.052
465.848 0.943
466.757 0.909
467.733 0.976
468.754 1.021
469.771 1.017
470.727 0.956
471.593 0.866
472.503 0.91
473.475 0.972
474.497 1.022
475.525 1.028
476.446 0.921
477.273 0.827
478.117 0.844
479.065 0.948
480.107 1.042
481.157 1.05
482.198 1.041
483.131 0.933
484.004 0.873
484.922 0.918
485.937 1.015
486.981 1.044
488.047 1.066
489.089 1.042
490.053 0.964
490.924 0.871
491.786 0.862
492.703 0.917
493.661 0.958
494.636 0.975
495.583 0.947
496.43 0.847
497.303 0.873
498.275 0.972
499.308 1.033
500.327 1.019
501.26 0.933
502.124 0.864
503.047 0.923
504.043 0.996
505.055 1.012
506.072 1.017
507.028 0.956
507.892 0.864
508.77 0.878
509.688 0.918
510.689 1.001
511.637 0.948
512.563 0.926
513.561 0.998
514.604 1.043
515.643 1.039
516.572 0.929
517.471 0.899
518.403 0.932
519.326 0.923
520.143 0.817
520.935 0.792
521.682 0.747
522.402 0.72
523.158 0.756
523.987 0.829
524.813 0.826
525.769 0.956
526.786 1.017
527.825 1.039
528.85 1.025
529.838 0.988
530.783 0.945
531.632 0.849
532.401 0.769
533.176 0.775
534.079 0.903
535.221 1.142
536.356 1.135
537.407 1.051
538.455 1.048
539.479 1.024
540.426 0.947
541.405 0.979
542.427 1.022
543.462 1.035
544.437 0.975
545.358 0.921
546.357 0.999
547.43 1.073
548.477 1.047
549.493 1.016
550.391 0.898
551.297 0.906
552.282 0.985
553.326 1.044
554.377 1.051
555.423 1.046
556.362 0.939
557.292 0.93
558.288 0.996
559.336 1.048
560.371 1.035
561.285 0.914
562.192 0.907
563.114 0.922
564.102 0.988
565.152 1.05
566.127 0.975
566.987 0.86
567.873 0.886
568.892 1.019
569.942 1.05
570.991 1.049
571.894 0.903
572.694 0.8
573.511 0.817
574.405 0.894
575.407 1.002
576.426 1.019
577.398 0.972
578.258 0.86
579.112 0.854
580.046 0.934
581.002 0.956
581.957 0.955
582.87 0.913
583.801 0.931
584.76 0.959
585.736 0.976
586.659 0.923
587.531 0.872
588.464 0.933
589.447 0.983
590.42 0.973
591.312 0.892
592.157 0.845
593.044 0.887
594.019 0.975
595.022 1.003
596.021 0.999
597.056 1.035
598.082 1.026
599.084 1.002
599.92 0.836
600.658 0.738
601.36 0.702
602.068 0.708
602.771 0.703
603.589 0.818
604.487 0.898
605.351 0.864
606.157 0.806
606.951 0.794
607.741 0.79