0.000 1.342
1.342 1.342
2.028 0.686
2.712 0.684
3.397 0.685
4.048 0.651
4.692 0.644
5.328 0.636
5.975 0.647
6.635 0.66
7.268 0.633
7.898 0.63
8.537 0.639
9.203 0.666
9.882 0.679
10.556 0.674
11.278 0.722
12.042 0.764
12.761 0.719
13.471 0.71
14.167 0.696
14.884 0.717
15.575 0.691
16.241 0.666
16.899 0.658
17.562 0.663
18.236 0.674
18.906 0.67
19.586 0.68
20.234 0.648
20.878 0.644
21.517 0.639
22.18 0.663
22.854 0.674
23.548 0.694
24.218 0.67
24.887 0.669
25.55 0.663
26.196 0.646
26.83 0.634
27.488 0.658
28.193 0.705
28.899 0.706
29.647 0.748
30.47 0.823
31.19 0.72
31.892 0.702
32.565 0.673
33.273 0.708
34.032 0.759
34.784 0.752
35.523 0.739
36.251 0.728
36.975 0.724
37.689 0.714
38.365 0.676
39.013 0.648
39.639 0.626
40.252 0.613
40.864 0.612
41.472 0.608
42.083 0.611
42.711 0.628
43.34 0.629
43.974 0.634
44.591 0.617
45.201 0.61
45.827 0.626
46.452 0.625
47.117 0.665
47.76 0.643
48.395 0.635
49.025 0.63
49.646 0.621
50.258 0.612
50.876 0.618
51.478 0.602
52.075 0.597
52.658 0.583
53.224 0.566
53.79 0.566
54.354 0.564
54.917 0.563
55.475 0.558
56.033 0.558
56.591 0.558
57.159 0.568
57.727 0.568
58.299 0.572
58.878 0.579
59.466 0.588
60.052 0.586
60.626 0.574
61.206 0.58
61.859 0.653
62.609 0.75
63.511 0.902
64.326 0.815
65.101 0.775
65.843 0.742
66.531 0.688
67.248 0.717
67.992 0.744
68.717 0.725
69.41 0.693
70.17 0.76
70.912 0.742
71.632 0.72
72.355 0.723
73.067 0.712
73.758 0.691
74.422 0.664
75.086 0.664
75.732 0.646
76.365 0.633
76.983 0.618
77.596 0.613
78.212 0.616
78.833 0.621
79.452 0.619
80.07 0.618
80.678 0.608
81.268 0.59
81.862 0.594
82.474 0.612
83.134 0.66
83.835 0.701
84.537 0.702
85.225 0.688
85.894 0.669
86.548 0.654
87.179 0.631
87.829 0.65
88.499 0.67
89.192 0.693
89.866 0.674
90.569 0.703
91.294 0.725
91.995 0.701
92.722 0.727
93.426 0.704
94.086 0.66
94.75 0.664
95.404 0.654
96.054 0.65
96.711 0.657
97.38 0.669
98.046 0.666
98.72 0.674
99.402 0.682
100.055 0.653
100.695 0.64
101.353 0.658
102.075 0.722
102.835 0.76
103.616 0.781
104.447 0.831
105.206 0.759
105.886 0.68
106.539 0.653
107.176 0.637
107.815 0.639
108.491 0.676
109.186 0.695
109.86 0.674
110.531 0.671
111.188 0.657
111.825 0.637
112.435 0.61
113.049 0.614
113.688 0.639
114.344 0.656
115.007 0.663
115.691 0.684
116.38 0.689
117.066 0.686
117.725 0.659
118.341 0.616
118.949 0.608
119.581 0.632
120.251 0.67
120.939 0.688
121.641 0.702
122.327 0.686
123.004 0.677
123.658 0.654
124.325 0.667
125.008 0.683
125.667 0.659
126.319 0.652
126.993 0.674
127.649 0.656
128.319 0.67
129.049 0.73
129.819 0.77
130.564 0.745
131.312 0.748
132.025 0.713
132.689 0.664
133.324 0.635
133.931 0.607
134.52 0.589
135.106 0.586
135.696 0.59
136.283 0.587
136.876 0.593
137.479 0.603
138.083 0.604
138.697 0.614
139.341 0.644
140.002 0.661
140.652 0.65
141.331 0.679
142.086 0.755
142.91 0.824
143.722 0.812
144.465 0.743
145.16 0.695
145.813 0.653
146.442 0.629
147.052 0.61
147.658 0.606
148.278 0.62
148.924 0.646
149.586 0.662
150.24 0.654
150.918 0.678
151.581 0.663
152.221 0.64
152.846 0.625
153.46 0.614
154.066 0.606
154.659 0.593
155.247 0.588
155.861 0.614
156.543 0.682
157.246 0.703
157.965 0.719
158.686 0.721
159.408 0.722
160.114 0.706
160.805 0.691
161.475 0.67
162.154 0.679
162.808 0.654
163.458 0.65
164.159 0.701
164.923 0.764
165.761 0.838
166.585 0.824
167.367 0.782
168.084 0.717
168.745 0.661
169.379 0.634
169.998 0.619
170.616 0.618
171.23 0.614
171.839 0.609
172.436 0.597
173.024 0.588
173.609 0.585
174.196 0.587
174.798 0.602
175.444 0.646
176.119 0.675
176.771 0.652
177.396 0.625
178.008 0.612
178.616 0.608
179.233 0.617
179.845 0.612
180.448 0.603
181.054 0.606
181.668 0.614
182.28 0.612
182.9 0.62
183.51 0.61
184.117 0.607
184.729 0.612
185.336 0.607
185.945 0.609
186.565 0.62
187.185 0.62
187.804 0.619
188.424 0.62
189.032 0.608
189.634 0.602
190.228 0.594
190.819 0.591
191.423 0.604
192.024 0.601
192.629 0.605
193.223 0.594
193.845 0.622
194.49 0.645
195.091 0.601
195.688 0.597
196.274 0.586
196.874 0.6
197.477 0.603
198.075 0.598
198.667 0.592
199.264 0.597
199.872 0.608
200.481 0.609
201.101 0.62
201.734 0.633
202.384 0.65
203.048 0.664
203.708 0.66
204.353 0.645
204.991 0.638
205.614 0.623
206.25 0.636
206.902 0.652
207.617 0.715
208.344 0.727
209.054 0.71
209.72 0.666
210.394 0.674
211.047 0.653
211.688 0.641
212.32 0.632
219.632 0.636
220.276 0.644
220.915 0.639
221.577 0.662
222.249 0.672
222.907 0.658
223.553 0.646
224.178 0.625
224.848 0.67
225.561 0.713
226.259 0.698
226.969 0.71
227.667 0.698
228.337 0.67
229.002 0.665
229.652 0.65
230.312 0.66
230.968 0.656
231.634 0.666
232.304 0.67
232.974 0.67
233.62 0.646
234.237 0.617
234.86 0.623
235.526 0.666
236.269 0.743
237.015 0.746
237.737 0.722
238.445 0.708
239.13 0.685
239.798 0.668
240.461 0.663
241.113 0.652
241.767 0.654
242.413 0.646
243.05 0.637
243.69 0.64
244.334 0.644
245.0 0.666
245.674 0.674
246.336 0.662
247.004 0.668
247.665 0.661
248.324 0.659
248.974 0.65
249.603 0.629
250.213 0.61
250.823 0.61
251.463 0.64
252.125 0.662
252.833 0.708
253.557 0.724
254.307 0.75
255.014 0.707
255.7 0.686
256.372 0.672
257.022 0.65
257.661 0.639
258.302 0.641
258.957 0.655
259.632 0.675
260.322 0.69
261.093 0.771
261.927 0.834
262.72 0.793
263.407 0.687
264.051 0.644
264.671 0.62
265.271 0.6
265.856 0.585
266.433 0.577
267.01 0.577
267.596 0.586
268.211 0.615
268.871 0.66
269.563 0.692
270.274 0.711
270.989 0.715
271.662 0.673
272.311 0.649
272.934 0.623
273.539 0.605
274.129 0.59
274.702 0.573
275.268 0.566
275.831 0.563
276.404 0.573
276.965 0.561
277.515 0.55
278.062 0.547
278.609 0.547
279.164 0.555
279.731 0.567
280.3 0.569
280.864 0.564
281.435 0.571
282.032 0.597
282.665 0.633
283.347 0.682
284.066 0.719
284.843 0.777
285.537 0.694
286.202 0.665
286.858 0.656
287.498 0.64
288.14 0.642
288.815 0.675
289.567 0.752
290.4 0.833
291.192 0.792
291.944 0.752
292.673 0.729
293.354 0.681
294.022 0.668
294.686 0.664
295.363 0.677
296.038 0.675
296.726 0.688
297.415 0.689
298.07 0.655
298.709 0.639
299.343 0.634
299.992 0.649
300.675 0.683
301.359 0.684
302.034 0.675
302.696 0.662
303.341 0.645
303.973 0.632
304.598 0.625
305.218 0.62
305.851 0.633
306.474 0.623
307.082 0.608
307.688 0.606
308.3 0.612
308.92 0.62
309.552 0.632
310.191 0.639
310.851 0.66
311.503 0.652
312.155 0.652
312.805 0.65
313.446 0.641
314.085 0.639
314.722 0.637
315.358 0.636
315.999 0.641
316.643 0.644
317.29 0.647
317.927 0.637
318.551 0.624
319.174 0.623
319.799 0.625
320.427 0.628
321.074 0.647
321.735 0.661
322.409 0.674
323.057 0.648
323.677 0.62
324.277 0.6
324.866 0.589
325.444 0.578
326.023 0.579
326.61 0.587
327.214 0.604
327.836 0.622
328.46 0.624
329.085 0.625
329.707 0.622
330.329 0.622
330.968 0.639
331.639 0.671
332.312 0.673
332.966 0.654
333.594 0.628
334.206 0.612
334.829 0.623
335.479 0.65
336.138 0.659
336.793 0.655
337.448 0.655
338.153 0.705
338.876 0.723
339.562 0.686
340.212 0.65
340.862 0.65
341.514 0.652
342.173 0.659
342.823 0.65
343.457 0.634
344.07 0.613
344.669 0.599
345.26 0.591
345.842 0.582
346.417 0.575
346.986 0.569
347.551 0.565
348.115 0.564
348.688 0.573
349.27 0.582
349.863 0.593
350.466 0.603
351.057 0.591
351.638 0.581
352.211 0.573
352.79 0.579
353.381 0.591
353.965 0.584
354.539 0.574
355.103 0.564
355.662 0.559
356.215 0.553
356.762 0.547
357.303 0.541
357.84 0.537
358.372 0.532
358.902 0.53
359.43 0.528
359.962 0.532
360.497 0.535
361.047 0.55
361.597 0.55
362.157 0.56
362.718 0.561
363.286 0.568
363.859 0.573
364.441 0.582
365.022 0.581
365.605 0.583
366.177 0.572
366.744 0.567
367.305 0.561
367.866 0.561
368.429 0.563
368.998 0.569
369.574 0.576
370.162 0.588
370.763 0.601
371.353 0.59
371.929 0.576
372.5 0.571
373.077 0.577
373.676 0.599
374.29 0.614
374.912 0.622
375.534 0.622
376.164 0.63
376.79 0.626
377.418 0.628
378.037 0.619
378.648 0.611
379.255 0.607
379.856 0.601
380.454 0.598
381.054 0.6
381.666 0.612
382.284 0.618
382.9 0.616
383.513 0.613
384.127 0.614
384.748 0.621
385.366 0.618
385.978 0.612
386.571 0.593
387.158 0.587
387.743 0.585
388.329 0.586
388.914 0.585
389.492 0.578
390.067 0.575
390.635 0.568
391.198 0.563
391.757 0.559
392.307 0.55
392.85 0.543
393.386 0.536
393.917 0.531
394.444 0.527
394.968 0.524
395.487 0.519
396.009 0.522
396.524 0.515
397.038 0.514
397.548 0.51
398.056 0.508
398.563 0.507
399.078 0.515
399.613 0.535
400.181 0.568
400.772 0.591
401.389 0.617
402.01 0.621
402.641 0.631
403.26 0.619
403.868 0.608
404.46 0.592
405.039 0.579
405.608 0.569
406.174 0.566
406.748 0.574
407.357 0.609
408.008 0.651
408.693 0.685
409.365 0.672
410.034 0.669
410.711 0.677
411.375 0.664
412.032 0.657
412.671 0.639
413.296 0.625
413.922 0.626
414.546 0.624
415.15 0.604
415.746 0.596
416.334 0.588
416.919 0.585
417.506 0.587
418.106 0.6
418.714 0.608
419.312 0.598
419.919 0.607
420.531 0.612
421.138 0.607
421.74 0.602
422.346 0.606
422.961 0.615
423.575 0.614
424.195 0.62
424.812 0.617
425.426 0.614
426.038 0.612
426.652 0.614
427.275 0.623
427.908 0.633
428.545 0.637
429.176 0.631
429.808 0.632
430.434 0.626
431.057 0.623
431.69 0.633
432.329 0.639
432.977 0.648
433.626 0.649
434.265 0.639
434.898 0.633
435.521 0.623
436.143 0.622
436.785 0.642
437.448 0.663
438.122 0.674
438.803 0.681
439.485 0.682
440.145 0.66
440.791 0.646
441.421 0.63
442.043 0.622
442.672 0.629
443.313 0.641
443.954 0.641
444.603 0.649
445.238 0.635
445.863 0.625
446.481 0.618
447.098 0.617
447.728 0.63
448.368 0.64
449.015 0.647
449.667 0.652
450.31 0.643
450.943 0.633
451.569 0.626
452.192 0.623
452.811 0.619
453.44 0.629
454.081 0.641
454.726 0.645
455.35 0.624
455.951 0.601
456.539 0.588
457.116 0.577
457.681 0.565
458.239 0.558
458.798 0.559
459.37 0.572
459.962 0.592
460.568 0.606
461.182 0.614
461.797 0.615
462.414 0.617
463.042 0.628
463.67 0.628
464.295 0.625
464.911 0.616
465.516 0.605
466.107 0.591
466.691 0.584
467.267 0.576
467.835 0.568
468.398 0.563
468.956 0.558
469.509 0.553
470.055 0.546
470.595 0.54
471.156 0.561
471.815 0.659
472.467 0.652
473.08 0.613
473.688 0.608
474.3 0.612
474.917 0.617
475.55 0.633
476.199 0.649
476.832 0.633
477.454 0.622
478.071 0.617
478.682 0.611
479.304 0.622
479.932 0.628
480.578 0.646
481.239 0.661
481.923 0.684
482.619 0.696
483.322 0.703
484.012 0.69
484.687 0.675
485.344 0.657
485.987 0.643
486.643 0.656
487.319 0.676
488.01 0.691
488.718 0.708
489.424 0.706
490.127 0.703
490.832 0.705
491.535 0.703
492.219 0.684
492.907 0.688
493.578 0.671
494.244 0.666
494.909 0.665
495.561 0.652
496.202 0.641
496.85 0.648
497.517 0.667
498.213 0.696
498.914 0.701
499.632 0.718
500.34 0.708
501.028 0.688
501.69 0.662
502.331 0.641
502.985 0.654
503.653 0.668
504.346 0.693
505.033 0.687
505.709 0.676
506.355 0.646
507.002 0.647
507.647 0.645
508.295 0.648
508.939 0.644
509.591 0.652
510.235 0.644
510.89 0.655
511.541 0.651
512.194 0.653
512.838 0.644
513.465 0.627
514.085 0.62
514.698 0.613
515.311 0.613
515.918 0.607
516.528 0.61
517.139 0.611
517.753 0.614
518.367 0.614
518.983 0.616
519.594 0.611
520.213 0.619
520.85 0.637
521.496 0.646
522.143 0.647
522.773 0.63
523.384 0.611
523.978 0.594
524.565 0.587
525.145 0.58
525.721 0.576
526.294 0.573
526.858 0.564
527.418 0.56
527.972 0.554
528.522 0.55
529.068 0.546
529.607 0.539
530.151 0.544
530.689 0.538
531.229 0.54
531.78 0.551
532.35 0.57
532.936 0.586
533.548 0.612
534.161 0.613
534.802 0.641
535.477 0.675
536.155 0.678
536.808 0.653
537.452 0.644
538.075 0.623
538.676 0.601
539.269 0.593
539.865 0.596
540.46 0.595
541.067 0.607
541.688 0.621
542.314 0.626
542.935 0.621
543.543 0.608
544.142 0.599
544.74 0.598
545.327 0.587
545.907 0.58
546.477 0.57
547.042 0.565
547.612 0.57
548.195 0.583
548.855 0.66
549.758 0.903
550.48 0.722
551.143 0.663
551.779 0.636
552.392 0.613
552.99 0.598
553.568 0.578
554.13 0.562
554.681 0.551
555.227 0.546
555.777 0.55
556.346 0.569
556.949 0.603
557.607 0.658
558.325 0.718
559.104 0.779
559.873 0.769
560.648 0.775
561.38 0.732
562.076 0.696
562.75 0.674
563.397 0.647
564.026 0.629
564.645 0.619
565.253 0.608
565.85 0.597
566.436 0.586
567.017 0.581
567.59 0.573
568.158 0.568
568.726 0.568
569.301 0.575
569.894 0.593
570.49 0.596
571.086 0.596
571.676 0.59
572.265 0.589
572.849 0.584
573.428 0.579
573.995 0.567
574.553 0.558
575.104 0.551
575.686 0.582
576.352 0.666
577.039 0.687
577.741 0.702
578.471 0.73
579.172 0.701
579.827 0.655
580.463 0.636
581.083 0.62
581.677 0.594
582.257 0.58
582.828 0.571
583.393 0.565
583.953 0.56
584.511 0.558
585.066 0.555
585.627 0.561
586.221 0.594
586.848 0.627
587.517 0.669
588.217 0.7
588.942 0.725
589.622 0.68
590.298 0.676
590.958 0.66
591.603 0.645
592.241 0.638
592.854 0.613
593.466 0.612
594.104 0.638
594.798 0.694
595.553 0.755
596.351 0.798
597.062 0.711
597.744 0.682
598.411 0.667
599.065 0.654
599.695 0.63
600.305 0.61
600.912 0.607
601.527 0.615
602.153 0.626
602.81 0.657
603.535 0.725
604.276 0.741
604.993 0.717
605.725 0.732
606.446 0.721
607.104 0.658
607.734 0.63
608.346 0.612
608.943 0.597
609.541 0.598
610.158 0.617
610.771 0.613
611.38 0.609
611.985 0.605
612.585 0.6
613.182 0.597
613.774 0.592
614.38 0.606
614.978 0.598
615.567 0.589
616.153 0.586
616.728 0.575