0.000 0.976
0.976 0.976
1.959 0.983
2.779 0.82
3.516 0.737
4.303 0.787
5.09 0.787
5.947 0.857
6.9 0.953
7.769 0.869
8.585 0.816
9.383 0.798
10.234 0.851
11.209 0.975
12.08 0.871
13.025 0.945
13.948 0.923
14.741 0.793
15.564 0.823
16.379 0.815
17.151 0.772
18.114 0.963
19.302 1.188
20.228 0.926
21.026 0.798
21.906 0.88
22.89 0.984
23.844 0.954
24.673 0.829
25.52 0.847
26.521 1.001
27.531 1.01
28.415 0.884
29.221 0.806
30.068 0.847
31.098 1.03
32.15 1.052
33.148 0.998
34.127 0.979
35.03 0.903
35.927 0.897
36.82 0.893
37.664 0.844
38.616 0.952
39.602 0.986
40.479 0.877
41.381 0.902
42.366 0.985
43.176 0.81
43.906 0.73
44.697 0.791
45.668 0.971
46.501 0.833
47.26 0.759
48.074 0.814
48.985 0.911
49.905 0.92
50.726 0.821
51.448 0.722
52.116 0.668
52.772 0.656
53.726 0.954
54.854 1.128
55.924 1.07
56.957 1.033
57.957 1.0
58.917 0.96
59.871 0.954
60.756 0.885
61.658 0.902
62.603 0.945
63.582 0.979
64.588 1.006
65.588 1.0
66.547 0.959
67.435 0.888
68.381 0.946
69.331 0.95
70.308 0.977
71.308 1.0
72.326 1.018
73.281 0.955
74.149 0.868
74.999 0.85
75.906 0.907
76.862 0.956
77.884 1.022
78.82 0.936
79.672 0.852
80.462 0.79
81.291 0.829
82.31 1.019
83.379 1.069
84.372 0.993
85.225 0.853
86.075 0.85
86.959 0.884
87.832 0.873
88.676 0.844
89.478 0.802
90.261 0.783
90.966 0.705
91.68 0.714
92.457 0.777
93.245 0.788
93.984 0.739
94.738 0.754
95.439 0.701
96.183 0.744
96.929 0.746
97.605 0.676
98.242 0.637
98.891 0.649
99.65 0.759
100.365 0.715
101.096 0.731
101.82 0.724
102.538 0.718
103.238 0.7
103.947 0.709
104.706 0.759
105.553 0.847
106.498 0.945
107.402 0.904
108.377 0.975
109.329 0.952
110.252 0.923
111.156 0.904
112.081 0.925
112.97 0.889
113.83 0.86
114.669 0.839
115.531 0.862
116.395 0.864
117.238 0.843
118.035 0.797
118.813 0.778
119.558 0.745
120.277 0.719
120.979 0.702
121.673 0.694
122.323 0.65
122.965 0.642
123.637 0.672
124.327 0.69
125.183 0.856
126.159 0.976
127.067 0.908
127.885 0.818
128.712 0.827
129.623 0.911
130.587 0.964
131.48 0.893
132.261 0.781
133.1 0.839
134.049 0.949
134.987 0.938
135.866 0.879
136.811 0.945
137.834 1.023
138.804 0.97
139.699 0.895
140.634 0.935
141.58 0.946
142.496 0.916
143.327 0.831
144.222 0.895
145.194 0.972
146.164 0.97
147.032 0.868
147.964 0.932
148.933 0.969
149.874 0.941
150.754 0.88
151.619 0.865
152.516 0.897
153.442 0.926
154.313 0.871
155.208 0.895
156.117 0.909
156.992 0.875
157.836 0.844
158.657 0.821
159.495 0.838
160.293 0.798
161.139 0.846
161.999 0.86
162.83 0.831
163.637 0.807
164.455 0.818
165.308 0.853
166.189 0.881
166.952 0.763
167.65 0.698
168.413 0.763
169.219 0.806
170.012 0.793
170.843 0.831
171.761 0.918
172.719 0.958
173.604 0.885
174.441 0.837
175.317 0.876
176.223 0.906
177.138 0.915
177.986 0.848
178.888 0.902
179.826 0.938
180.751 0.925
181.636 0.885
182.577 0.941
183.544 0.967
184.441 0.897
185.33 0.889
186.255 0.925
187.202 0.947
188.098 0.896
189.032 0.934
189.984 0.952
190.876 0.892
191.745 0.869
192.595 0.85
193.465 0.87
194.274 0.809
195.048 0.774
195.873 0.825
196.816 0.943
197.796 0.98
198.701 0.905
199.559 0.858
200.443 0.884
201.339 0.896
202.191 0.852
202.987 0.796
203.825 0.838
204.666 0.841
205.53 0.864
206.33 0.8
207.186 0.856
208.123 0.937
209.056 0.933
209.891 0.835
210.793 0.902
211.716 0.923
212.585 0.869
213.399 0.814
214.259 0.86
215.128 0.869
215.918 0.79
216.751 0.833
217.64 0.889
218.551 0.911
219.417 0.866
220.322 0.905
221.24 0.918
222.085 0.845
222.909 0.824
223.737 0.828
224.567 0.83
225.345 0.778
226.159 0.814
226.997 0.838
227.803 0.806
228.565 0.762
229.381 0.816
230.246 0.865
231.096 0.85
231.901 0.805
232.746 0.845
233.594 0.848
234.348 0.754
235.04 0.692
235.707 0.667
236.393 0.686
237.195 0.802
238.084 0.889
238.93 0.846
239.686 0.756
240.395 0.709
241.078 0.683
241.863 0.785
242.596 0.733
243.319 0.723
244.028 0.709
244.723 0.695
245.413 0.69
246.109 0.696
246.79 0.681
247.45 0.66
248.105 0.655
248.765 0.66
249.451 0.686
250.186 0.735
250.955 0.769
251.692 0.737
252.408 0.716
253.161 0.753
253.993 0.832
254.88 0.887
255.756 0.876
256.551 0.795
257.314 0.763
258.098 0.784
258.941 0.843
259.863 0.922
260.772 0.909
261.679 0.907
262.53 0.851
263.327 0.797
264.072 0.745
264.778 0.706
265.499 0.721
266.258 0.759
267.039 0.781
267.762 0.723
268.522 0.76
269.274 0.752
270.024 0.75
270.728 0.704
271.479 0.751
272.194 0.715
272.923 0.729
273.599 0.676
274.303 0.704
275.085 0.782
276.03 0.945
276.949 0.919
277.778 0.829
278.546 0.768
279.351 0.805
280.156 0.805
280.969 0.813
281.686 0.717
282.375 0.689
283.07 0.695
283.834 0.764
284.69 0.856
285.662 0.972
286.584 0.922
287.434 0.85
288.34 0.906
289.295 0.955
290.235 0.94
291.124 0.889
291.952 0.828
292.782 0.83
293.688 0.906
294.682 0.994
295.672 0.99
296.567 0.895
297.422 0.855
298.342 0.92
299.303 0.961
300.306 1.003
301.23 0.924
302.077 0.847
302.937 0.86
303.859 0.922
304.833 0.974
305.798 0.965
306.703 0.905
307.513 0.81
308.322 0.809
309.197 0.875
310.243 1.046
311.271 1.028
312.163 0.892
313.013 0.85
313.881 0.868
314.788 0.907
315.753 0.965
316.678 0.925
317.515 0.837
318.331 0.816
319.228 0.897
320.173 0.945
321.146 0.973
322.055 0.909
322.901 0.846
323.744 0.843
324.634 0.89
325.532 0.898
326.457 0.925
327.328 0.871
328.162 0.834
329.037 0.875
329.971 0.934
330.937 0.966
331.912 0.975
332.884 0.972
333.855 0.971
334.822 0.967
335.721 0.899
336.576 0.855
337.435 0.859
338.366 0.931
339.356 0.99
340.339 0.983
341.238 0.899
342.115 0.877
343.064 0.949
344.05 0.986
345.071 1.021
346.06 0.989
346.943 0.883
347.814 0.871
348.763 0.949
349.769 1.006
350.786 1.017
351.771 0.985
352.691 0.92
353.597 0.906
354.539 0.942
355.532 0.993
356.53 0.998
357.466 0.936
358.309 0.843
359.203 0.894
360.185 0.982
361.159 0.974
362.079 0.92
362.923 0.844
363.748 0.825
364.644 0.896
365.608 0.964
366.546 0.938
367.389 0.843
368.207 0.818
369.099 0.892
370.049 0.95
371.01 0.961
371.953 0.943
372.819 0.866
373.626 0.807
374.453 0.827
375.366 0.913
376.327 0.961
377.24 0.913
378.071 0.831
378.909 0.838
379.747 0.838
380.51 0.763
381.226 0.716
382.007 0.781
382.786 0.779
383.609 0.823
384.522 0.913
385.476 0.954
386.444 0.968
387.399 0.955
388.344 0.945
389.271 0.927
390.17 0.899
391.017 0.847
391.908 0.891
392.811 0.903
393.682 0.871
394.51 0.828
395.312 0.802
396.176 0.864
397.103 0.927
398.016 0.913
398.838 0.822
399.697 0.859
400.641 0.944
401.595 0.954
402.488 0.893
403.385 0.897
404.307 0.922
405.196 0.889
406.039 0.843
406.856 0.817
407.669 0.813
408.524 0.855
409.349 0.825
410.25 0.901
411.243 0.993
412.268 1.025
413.204 0.936
414.104 0.9
415.055 0.951
416.034 0.979
416.982 0.948
417.85 0.868
418.663 0.813
419.505 0.842
420.438 0.933
421.413 0.975
422.352 0.939
423.277 0.925
424.229 0.952
425.185 0.956
426.051 0.866
426.913 0.862
427.827 0.914
428.807 0.98
429.783 0.976
430.722 0.939
431.689 0.967
432.657 0.968
433.565 0.908
434.498 0.933
435.465 0.967
436.454 0.989
437.418 0.964
438.33 0.912
439.268 0.938
440.229 0.961
441.2 0.971
442.109 0.909
442.964 0.855
443.88 0.916
444.886 1.006
445.938 1.052
446.911 0.973
447.832 0.921
448.786 0.954
449.771 0.985
450.74 0.969
451.628 0.888
452.472 0.844
453.363 0.891
454.288 0.925
455.315 1.027
456.263 0.948
457.176 0.913
458.181 1.005
459.18 0.999
460.102 0.922
461.0 0.898
461.879 0.879
462.629 0.75
463.379 0.75
464.123 0.744
464.855 0.732
465.678 0.823
466.616 0.938
467.639 1.023
468.566 0.927
469.404 0.838
470.231 0.827
471.115 0.884
472.044 0.929
472.971 0.927
473.851 0.88
474.648 0.797
475.414 0.766
476.219 0.805
477.11 0.891
478.16 1.05
479.137 0.977
479.997 0.86
480.854 0.857
481.79 0.936
482.775 0.985
483.763 0.988
484.672 0.909
485.572 0.9
486.47 0.898
487.354 0.884
488.149 0.795
488.911 0.762
489.686 0.775
490.609 0.923
491.566 0.957
492.371 0.805
493.167 0.796
493.986 0.819
494.747 0.761
495.537 0.79
496.346 0.809
497.193 0.847
497.999 0.806
498.78 0.781
499.586 0.806
500.429 0.843
501.307 0.878
502.21 0.903
503.095 0.885
503.913 0.818
504.735 0.822
505.643 0.908
506.599 0.956
507.524 0.925
508.388 0.864
509.228 0.84
510.034 0.806
510.834 0.8
511.622 0.788
512.518 0.896
513.604 1.086
514.634 1.03
515.57 0.936
516.522 0.952
517.526 1.004
518.52 0.994
519.434 0.914
520.265 0.831
521.137 0.872
522.122 0.985
523.121 0.999
524.055 0.934
524.93 0.875
525.88 0.95
526.883 1.003
527.817 0.934
528.678 0.861
529.587 0.909
530.568 0.981
531.58 1.012
532.506 0.926
533.367 0.861
534.271 0.904
535.245 0.974
536.163 0.918
536.935 0.772
537.663 0.728
538.375 0.712
539.088 0.713
539.891 0.803
540.922 1.031
541.989 1.067
542.97 0.981
543.946 0.976
544.919 0.973
545.835 0.916
546.695 0.86
547.551 0.856
548.441 0.89
549.336 0.895
550.229 0.893
551.101 0.872
551.932 0.831
552.758 0.826
553.667 0.909
554.641 0.974
555.616 0.975
556.542 0.926
557.401 0.859
558.241 0.84
559.127 0.886
560.07 0.943
561.072 1.002
562.069 0.997
562.97 0.901
563.802 0.832
564.62 0.818
565.522 0.902
566.515 0.993
567.533 1.018
568.507 0.974
569.414 0.907
570.231 0.817
571.022 0.791
571.865 0.843
572.855 0.99
573.9 1.045
574.88 0.98
575.837 0.957
576.68 0.843
577.453 0.773
578.223 0.77
579.104 0.881
580.103 0.999
581.112 1.009
582.066 0.954
582.912 0.846
583.687 0.775
584.446 0.759
585.227 0.781
586.165 0.938
587.193 1.028
588.208 1.015
589.191 0.983
590.113 0.922
590.942 0.829
591.685 0.743
592.392 0.707
593.085 0.693
593.836 0.751
594.759 0.923
595.778 1.019
596.854 1.076
597.885 1.031
598.87 0.985
599.83 0.96
600.755 0.925
601.678 0.923
602.553 0.875
603.384 0.831
604.197 0.813
605.018 0.821
605.859 0.841
606.738 0.879
607.625 0.887
608.509 0.884
609.343 0.834
610.144 0.801
610.897 0.753
611.598 0.701
612.285 0.687
612.958 0.673
613.63 0.672
614.293 0.663
615.008 0.715
615.736 0.728
616.47 0.734
617.195 0.725
617.91 0.715