0.000 0.789
0.789 0.789
1.583 0.794
2.354 0.771
3.054 0.7
3.768 0.714
4.415 0.647
5.091 0.676
5.736 0.645
6.372 0.636
7.023 0.651
7.661 0.638
8.334 0.673
9.056 0.722
9.821 0.765
10.574 0.753
11.407 0.833
12.268 0.861
13.108 0.84
13.907 0.799
14.684 0.777
15.415 0.731
16.141 0.726
16.859 0.718
17.599 0.74
18.379 0.78
19.196 0.817
20.041 0.845
20.929 0.888
21.76 0.831
22.512 0.752
23.209 0.697
23.9 0.691
24.569 0.669
25.221 0.652
25.826 0.605
26.454 0.628
27.052 0.598
27.64 0.588
28.249 0.609
28.878 0.629
29.521 0.643
30.213 0.692
30.871 0.658
31.53 0.659
32.204 0.674
32.942 0.738
33.669 0.727
34.394 0.725
35.129 0.735
35.832 0.703
36.521 0.689
37.194 0.673
37.841 0.647
38.472 0.631
39.095 0.623
39.697 0.602
40.307 0.61
40.932 0.625
41.617 0.685
42.371 0.754
43.021 0.65
43.694 0.673
44.352 0.658
45.091 0.739
45.863 0.772
46.565 0.702
47.31 0.745
48.08 0.77
48.792 0.712
49.483 0.691
50.164 0.681
50.873 0.709
51.6 0.727
52.315 0.715
53.046 0.731
53.73 0.684
54.39 0.66
55.103 0.713
55.857 0.754
56.594 0.737
57.372 0.778
58.19 0.818
58.962 0.772
59.688 0.726
60.411 0.723
61.099 0.688
61.773 0.674
62.469 0.696
63.254 0.785
64.035 0.781
64.839 0.804
65.702 0.863
66.511 0.809
67.32 0.809
68.147 0.827
68.911 0.764
69.691 0.78
70.472 0.781
71.223 0.751
71.977 0.754
72.821 0.844
73.683 0.862
74.476 0.793
75.277 0.801
76.09 0.813
76.942 0.852
77.764 0.822
78.531 0.767
79.294 0.763
80.066 0.772
80.878 0.812
81.655 0.777
82.447 0.792
83.245 0.798
84.033 0.788
84.858 0.825
85.659 0.801
86.444 0.785
92.146 5.702
92.998 0.852
93.878 0.88
94.741 0.863
95.499 0.758
96.202 0.703
96.896 0.694
97.554 0.658
98.216 0.662
98.911 0.695
99.671 0.76
100.472 0.801
101.341 0.869
102.211 0.87
103.125 0.914
103.976 0.851
104.821 0.845
105.645 0.824
106.373 0.728
107.069 0.696
107.766 0.697
108.481 0.715
109.219 0.738
109.952 0.733
110.737 0.785
111.547 0.81
112.362 0.815
113.144 0.782
113.933 0.789
114.711 0.778
115.423 0.712
116.176 0.753
116.938 0.762
117.722 0.784
118.524 0.802
119.327 0.803
120.093 0.766
120.89 0.797
121.671 0.781
122.433 0.762
123.219 0.786
123.978 0.759
124.76 0.782
125.571 0.811
126.38 0.809
127.142 0.762
127.92 0.778
128.661 0.741
129.391 0.73
130.142 0.751
130.892 0.75
131.648 0.756
132.476 0.828
133.276 0.8
134.109 0.833
134.935 0.826
135.727 0.792
136.523 0.796
137.298 0.775
138.026 0.728
138.769 0.743
139.509 0.74
140.219 0.71
140.981 0.762
141.78 0.799
142.597 0.817
143.463 0.866
144.286 0.823
145.114 0.828
145.927 0.813
146.714 0.787
147.505 0.791
148.316 0.811
149.122 0.806
149.891 0.769
150.7 0.809
151.507 0.807
152.283 0.776
153.089 0.806
153.858 0.769
154.572 0.714
155.238 0.666
155.937 0.699
156.709 0.772
157.522 0.813
158.324 0.802
159.126 0.802
159.924 0.798
160.723 0.799
161.502 0.779
162.243 0.741
162.987 0.744
163.745 0.758
164.51 0.765
165.257 0.747
165.996 0.739
166.763 0.767
167.57 0.807
168.403 0.833
169.249 0.846
170.105 0.856
170.935 0.83
171.766 0.831
172.608 0.842
173.379 0.771
174.155 0.776
174.913 0.758
175.669 0.756
176.419 0.75
177.139 0.72
177.913 0.774
178.78 0.867
179.574 0.794
180.381 0.807
181.191 0.81
181.975 0.784
182.73 0.755
183.454 0.724
184.164 0.71
184.904 0.74
185.69 0.786
186.485 0.795
187.355 0.87
188.234 0.879
189.129 0.895
190.069 0.94
191.014 0.945
191.891 0.877
192.769 0.878
193.6 0.831
194.379 0.779
195.179 0.8
195.99 0.811
196.796 0.806
197.576 0.78
198.377 0.801
199.172 0.795
199.939 0.767
200.73 0.791
201.539 0.809
202.35 0.811
203.139 0.789
203.93 0.791
204.713 0.783
205.484 0.771
206.227 0.743
206.96 0.733
207.687 0.727
208.391 0.704
209.075 0.684
209.781 0.706
210.507 0.726
211.258 0.751
212.022 0.764
212.765 0.743
213.47 0.705
214.177 0.707
214.906 0.729
215.691 0.785
216.489 0.798
217.285 0.796
218.068 0.783
218.868 0.8
219.657 0.789
220.438 0.781
221.15 0.712
221.842 0.692
222.533 0.691
223.268 0.735
224.033 0.765
224.776 0.743
225.525 0.749
226.249 0.724
226.98 0.731
227.726 0.746
228.49 0.764
229.227 0.737
230.011 0.784
230.792 0.781
231.525 0.733
232.304 0.779
233.106 0.802
233.901 0.795
234.752 0.851
235.601 0.849
236.414 0.813
237.235 0.821
237.991 0.756
238.737 0.746
239.444 0.707
240.135 0.691
240.875 0.74
241.609 0.734
242.423 0.814
243.245 0.822
244.06 0.815
244.898 0.838
245.691 0.793
246.43 0.739
247.184 0.754
247.957 0.773
248.711 0.754
249.494 0.783
250.295 0.801
251.091 0.796
251.927 0.836
252.785 0.858
253.521 0.736
253.998 0.477
254.882 0.884
255.587 0.705
256.251 0.664
256.895 0.644
257.515 0.62
258.128 0.613
258.73 0.602
259.343 0.613
259.991 0.648
260.648 0.657
261.325 0.677
262.038 0.713
262.747 0.709
263.436 0.689
264.095 0.659
264.716 0.621
265.324 0.608
265.95 0.626
266.614 0.664
267.401 0.787
268.273 0.872
269.203 0.93
270.124 0.921
271.013 0.889
271.816 0.803
272.565 0.749
273.253 0.688
273.925 0.672
274.587 0.662
275.247 0.66
275.942 0.695
276.807 0.865
277.846 1.039
278.783 0.937
279.773 0.99
280.687 0.914
281.548 0.861
282.349 0.801
283.124 0.775
283.855 0.731
284.61 0.755
285.346 0.736
286.053 0.707
286.781 0.728
287.496 0.715
288.193 0.697
288.966 0.773
289.762 0.796
290.504 0.742
291.258 0.754
291.966 0.708
292.658 0.692
293.342 0.684
294.006 0.664
294.687 0.681
295.388 0.701
296.106 0.718
296.831 0.725
297.618 0.787
298.457 0.839
299.274 0.817
300.114 0.84
300.936 0.822
301.732 0.796
302.507 0.775
303.263 0.756
304.012 0.749
304.269 0.257
304.747 0.478
305.441 0.694
306.168 0.727
306.755 0.587
307.596 0.841
308.351 0.755
309.153 0.802
309.435 0.282
309.982 0.547
310.29 0.308
311.338 1.048
313.251 1.913
313.999 0.748
314.334 0.335
314.637 0.303
314.893 0.256
317.002 2.109
317.279 0.277
317.778 0.499
318.591 0.813
319.434 0.843
319.692 0.258
319.959 0.267
320.242 0.283
320.508 0.266
321.084 0.576
321.484 0.4
321.766 0.282
322.457 0.691
322.763 0.306
323.593 0.83
324.414 0.821
324.841 0.427
325.172 0.331
325.911 0.739
326.597 0.686
327.278 0.681
327.639 0.361
328.026 0.387
328.683 0.657
329.367 0.684
330.033 0.666
330.68 0.647
331.312 0.632
331.939 0.627
332.585 0.646
333.26 0.675
333.936 0.676
334.639 0.703
335.318 0.679
335.989 0.671
336.623 0.634
337.27 0.647
337.909 0.639
338.539 0.63
339.207 0.668
339.868 0.661
340.542 0.674
340.804 0.262
341.384 0.58
342.29 0.906
342.943 0.653
343.233 0.29
343.502 0.269
343.765 0.263
344.173 0.408
347.062 2.889
347.946 0.884
348.797 0.851
349.618 0.821
350.134 0.516
351.163 1.029
351.973 0.81
352.773 0.8
353.542 0.769
353.964 0.422
354.308 0.344
355.073 0.765
355.804 0.731
356.584 0.78
357.386 0.802
358.155 0.769
358.932 0.777
359.729 0.797
360.415 0.686
360.725 0.31
361.249 0.524
362.04 0.791
362.79 0.75
363.504 0.714
364.242 0.738
364.953 0.711
365.63 0.677
366.291 0.661
367.041 0.75
367.827 0.786
368.583 0.756
369.424 0.841
370.184 0.76
370.977 0.793
371.775 0.798
372.575 0.8
373.284 0.709
374.001 0.717
374.73 0.729
375.488 0.758
376.241 0.753
376.996 0.755
377.743 0.747
378.475 0.732
379.248 0.773
379.698 0.45
380.037 0.339
380.787 0.75
381.56 0.773
382.339 0.779
383.09 0.751
383.871 0.781
384.645 0.774
385.385 0.74
386.089 0.704
386.543 0.454
386.797 0.254
387.497 0.7
387.868 0.371
388.14 0.272
388.9 0.76
389.61 0.71
390.354 0.744
391.094 0.74
391.875 0.781
392.679 0.804
393.457 0.778
394.27 0.813
395.071 0.801
395.824 0.753
396.58 0.756
397.329 0.749
397.725 0.396
398.768 1.043
399.488 0.72
400.171 0.683
400.44 0.269
400.701 0.261
400.989 0.288
401.285 0.296
401.582 0.297
401.966 0.384
402.287 0.321
402.551 0.264
402.839 0.288
403.112 0.273
403.429 0.317
403.825 0.396
404.076 0.251
405.198 1.122
405.492 0.294
405.92 0.428
406.35 0.43
407.011 0.661
408.536 1.525
409.162 0.626
409.47 0.308
410.317 0.847
410.693 0.376
411.021 0.328
411.367 0.346
411.662 0.295
412.055 0.393
412.48 0.425
412.834 0.354
413.568 0.734
418.523 4.955
419.308 0.785
419.589 0.281
419.919 0.33
420.772 0.853
421.434 0.662
421.722 0.288
421.995 0.273
422.35 0.355
422.642 0.292
422.908 0.266
423.517 0.609
423.788 0.271
424.145 0.357
424.444 0.299
424.927 0.483
425.201 0.274
425.6 0.399
426.752 1.152
427.033 0.281
427.325 0.292
427.584 0.259
427.856 0.272
428.191 0.335
429.399 1.208
429.855 0.456
430.157 0.302
430.523 0.366
432.421 1.898
432.729 0.308
433.045 0.316
433.411 0.366
433.939 0.528
435.07 1.131
435.368 0.298
437.082 1.714
437.452 0.37
437.752 0.3
438.023 0.271
438.344 0.321
438.609 0.265
439.518 0.909
439.884 0.366
441.378 1.494
441.677 0.299
442.017 0.34
442.359 0.342
443.278 0.919
443.856 0.578
444.439 0.583
446.252 1.813
446.548 0.296
446.829 0.281
447.346 0.517
447.976 0.63
453.048 0.632
453.958 0.91
454.941 0.983
456.102 1.161
457.673 1.571
458.396 0.723
459.138 0.742
459.905 0.767
460.458 0.553
460.726 0.268
460.977 0.251
461.341 0.364
461.63 0.289
461.894 0.264
462.186 0.292
462.51 0.324
463.031 0.521
463.361 0.33
463.864 0.503
464.849 0.985
465.315 0.466
465.721 0.406
466.01 0.289
466.315 0.305
466.622 0.307
467.261 0.639
467.957 0.696
468.386 0.429
468.682 0.296
468.939 0.257
469.238 0.299
469.554 0.316
469.997 0.443
470.294 0.297
470.608 0.314
470.892 0.284
471.19 0.298
471.484 0.294
471.944 0.46
472.322 0.378
472.765 0.443
473.02 0.255
473.307 0.287
473.644 0.337
474.022 0.378
475.348 1.326
475.605 0.257
475.921 0.316
476.287 0.366
476.579 0.292
476.84 0.261
477.403 0.563
477.718 0.315
478.36 0.642
480.475 2.115
480.76 0.285
481.081 0.321
482.072 0.991
482.916 0.844
483.195 0.279
483.539 0.344
485.941 2.402
486.211 0.27
486.9 0.689
488.575 1.675
488.974 0.399
489.314 0.34
490.983 1.669
491.537 0.554
491.885 0.348
492.196 0.311
492.51 0.314
492.9 0.39
493.323 0.423
493.575 0.252
494.129 0.554
494.665 0.536
495.009 0.344
496.633 1.624
496.991 0.358
497.342 0.351
497.664 0.322
499.056 1.392
499.338 0.282
499.642 0.304
499.902 0.26
501.403 1.501
501.672 0.269
502.107 0.435
502.367 0.26
503.016 0.649
504.285 1.269
504.605 0.32
504.865 0.26
505.26 0.395
505.739 0.479
506.238 0.499
506.655 0.417
507.011 0.356
507.285 0.274
507.566 0.281
508.006 0.44
509.542 1.536
509.812 0.27
510.195 0.383
510.511 0.316
510.887 0.376
512.048 1.161
512.302 0.254
512.877 0.575
513.487 0.61
513.812 0.325
514.106 0.294
514.595 0.489
514.875 0.28
516.693 1.818
517.093 0.4
517.357 0.264
519.42 2.063
519.687 0.267
519.942 0.255
522.384 2.442
522.641 0.257
522.957 0.316
524.775 1.818
525.065 0.29
525.321 0.256
525.588 0.267
526.028 0.44
527.489 1.461
527.782 0.293
528.041 0.259
528.353 0.312
529.407 1.054
530.361 0.954
530.645 0.284
530.98 0.335
532.816 1.836
533.105 0.289
534.884 1.779
535.16 0.276
535.49 0.33
535.752 0.262
536.018 0.266
536.277 0.259
536.716 0.439
537.059 0.343
537.493 0.434
538.088 0.595
538.685 0.597
540.771 2.086
542.096 1.325
542.461 0.365
542.765 0.304
544.707 1.942
545.01 0.303
545.278 0.268
545.588 0.31
545.866 0.278
546.337 0.471
548.006 1.669
548.328 0.322
548.624 0.296
550.756 2.132
551.044 0.288
551.363 0.319
551.708 0.345
551.966 0.258
555.946 3.98
556.431 0.485
556.798 0.367
557.765 0.967
558.082 0.317
558.366 0.284
558.75 0.384
561.931 3.181
562.646 0.715
564.037 1.391
564.717 0.68
565.365 0.648
566.069 0.704
566.42 0.351
566.835 0.415
567.693 0.858
568.025 0.332
568.52 0.495
569.38 0.86
570.209 0.829
570.998 0.789
571.774 0.776
572.396 0.622
573.283 0.887
574.066 0.783
574.884 0.818
575.703 0.819
576.539 0.836
577.389 0.85
578.24 0.851
578.976 0.736
579.859 0.883
580.712 0.853
581.617 0.905
581.882 0.265
582.413 0.531
583.333 0.92
584.215 0.882
585.063 0.848
585.816 0.753
586.182 0.366
586.569 0.387
587.316 0.747
588.096 0.78
588.852 0.756
589.166 0.314
589.619 0.453
590.417 0.798
590.875 0.458
591.25 0.375
591.566 0.316
594.182 2.616
596.339 2.157
597.028 0.689
597.762 0.734
598.51 0.748
599.25 0.74
599.993 0.743
600.8 0.807
601.659 0.859
602.296 0.637
602.777 0.481
603.319 0.542
604.254 0.935
604.519 0.265
604.775 0.256
605.042 0.267
605.825 0.783
606.592 0.767
607.037 0.445
607.332 0.295
608.112 0.78
608.836 0.724
609.137 0.301
609.395 0.258
609.696 0.301
609.988 0.292
610.87 0.882
611.447 0.577
611.85 0.403
612.117 0.267
613.182 1.065
613.731 0.549
614.046 0.315
614.307 0.261
614.756 0.449
615.522 0.766
615.805 0.283
616.268 0.463
617.012 0.744
617.747 0.735
618.466 0.719
619.145 0.679
620.516 1.371
621.227 0.711
621.507 0.28
621.794 0.287
622.106 0.312
622.357 0.251
622.624 0.267
622.909 0.285
623.201 0.292
624.208 1.007
624.461 0.253
626.27 1.809
628.372 2.102
628.637 0.265
629.011 0.374
630.558 1.547
631.268 0.71
631.948 0.68
632.597 0.649
633.243 0.646
634.047 0.804
634.819 0.772
635.153 0.334
635.618 0.465
635.995 0.377
636.424 0.429
637.195 0.771
637.947 0.752
638.705 0.758
639.397 0.692
640.208 0.811
640.959 0.751
641.729 0.77
642.507 0.778
642.961 0.454
643.293 0.332
644.107 0.814
644.925 0.818
645.757 0.832
646.592 0.835
647.4 0.808
647.675 0.275
648.155 0.48
648.935 0.78
649.328 0.393
649.662 0.334
650.479 0.817
651.327 0.848
652.078 0.751
652.844 0.766
653.611 0.767
654.361 0.75
655.134 0.773
655.925 0.791
656.686 0.761
657.123 0.437
657.402 0.279
658.017 0.615
658.97 0.953
659.621 0.651
660.266 0.645
660.707 0.441
660.999 0.292
661.693 0.694
662.17 0.477
662.434 0.264
663.047 0.613
663.73 0.683
663.99 0.26
664.422 0.432
665.158 0.736
665.867 0.709
666.29 0.423
666.602 0.312
667.5 0.898
668.349 0.849
669.031 0.682
669.349 0.318
670.033 0.684
670.483 0.45
670.82 0.337
671.258 0.438
671.57 0.312
672.234 0.664
673.116 0.882
673.805 0.689
674.526 0.721
675.288 0.762
676.117 0.829
676.951 0.834
677.91 0.959
678.863 0.953
679.177 0.314
679.486 0.309
679.859 0.373
680.221 0.362
680.59 0.369
681.455 0.865
682.283 0.828
682.698 0.415
682.956 0.258
683.236 0.28
683.819 0.583
684.331 0.512
684.601 0.27
685.336 0.735
685.832 0.496
686.156 0.324
686.525 0.369
687.073 0.548
687.448 0.375
688.345 0.897
689.089 0.744
689.349 0.26
689.674 0.325
689.981 0.307
690.277 0.296
690.587 0.31
691.34 0.753
692.22 0.88
692.521 0.301
692.802 0.281
693.078 0.276
693.419 0.341
693.688 0.269
694.481 0.793
695.372 0.891
695.835 0.463
696.098 0.263
696.843 0.745
697.62 0.777
697.931 0.311
698.3 0.369
698.606 0.306
699.145 0.539
699.864 0.719
700.292 0.428
700.581 0.289
702.806 2.225
703.068 0.262
703.817 0.749
704.143 0.326
704.52 0.377
707.996 3.476
708.66 0.664
708.917 0.257
711.28 2.363
711.913 0.633
712.525 0.612
713.13 0.605
713.733 0.603
714.339 0.606
714.626 0.287
714.943 0.317
715.439 0.496
717.707 2.268
718.518 0.811
719.343 0.825
720.01 0.667
720.995 0.985