0.000 0.798
0.798 0.798
1.588 0.79
2.364 0.776
3.07 0.706
3.827 0.757
4.566 0.739
5.248 0.682
5.947 0.699
6.61 0.663
7.267 0.657
7.93 0.663
8.574 0.644
9.253 0.679
9.916 0.663
10.579 0.663
11.327 0.748
12.035 0.708
12.824 0.789
13.694 0.87
14.606 0.912
15.471 0.865
16.318 0.847
17.159 0.841
17.965 0.806
18.792 0.827
19.582 0.79
20.393 0.811
21.209 0.816
21.944 0.735
22.709 0.765
23.494 0.785
24.278 0.784
25.063 0.785
25.898 0.835
26.79 0.892
27.703 0.913
28.551 0.848
29.399 0.848
30.248 0.849
31.046 0.798
31.861 0.815
32.701 0.84
33.498 0.797
34.277 0.779
35.068 0.791
35.87 0.802
36.621 0.751
37.327 0.706
38.021 0.694
38.718 0.697
39.43 0.712
40.153 0.723
40.935 0.782
41.749 0.814
42.549 0.8
43.315 0.766
44.077 0.762
44.808 0.731
45.545 0.737
46.317 0.772
47.15 0.833
47.918 0.768
48.649 0.731
49.371 0.722
50.129 0.758
50.974 0.845
51.817 0.843
52.629 0.812
53.456 0.827
54.279 0.823
55.119 0.84
55.902 0.783
56.68 0.778
57.441 0.761
58.145 0.704
58.865 0.72
59.56 0.695
60.243 0.683
60.911 0.668
61.578 0.667
62.266 0.688
63.001 0.735
63.777 0.776
64.534 0.757
65.287 0.753
66.077 0.79
66.799 0.722
67.511 0.712
68.246 0.735
68.987 0.741
69.689 0.702
70.386 0.697
71.101 0.715
71.861 0.76
72.651 0.79
73.467 0.816
74.262 0.795
75.017 0.755
75.731 0.714
76.429 0.698
77.16 0.731
77.914 0.754
78.674 0.76
79.512 0.838
80.4 0.888
81.238 0.838
82.058 0.82
82.912 0.854
83.732 0.82
84.504 0.772
85.315 0.811
86.071 0.756
86.823 0.752
87.624 0.801
88.485 0.861
89.38 0.895
90.27 0.89
91.156 0.886
92.033 0.877
92.907 0.874
93.758 0.851
94.602 0.844
95.421 0.819
96.264 0.843
97.105 0.841
97.9 0.795
98.638 0.738
99.4 0.762
100.316 0.916
101.272 0.956
102.214 0.942
103.106 0.892
104.001 0.895
104.819 0.818
105.629 0.81
106.408 0.779
107.145 0.737
107.869 0.724
108.596 0.727
109.345 0.749
110.125 0.78
110.908 0.783
111.701 0.793
112.472 0.771
113.305 0.833
114.197 0.892
115.035 0.838
115.862 0.827
116.701 0.839
117.581 0.88
118.448 0.867
119.263 0.815
120.048 0.785
120.878 0.83
121.731 0.853
122.574 0.843
123.378 0.804
124.193 0.815
125.035 0.842
125.884 0.849
126.707 0.823
127.54 0.833
128.345 0.805
129.135 0.79
129.863 0.728
130.571 0.708
131.265 0.694
132.019 0.754
132.783 0.764
133.562 0.779
134.394 0.832
135.251 0.857
136.051 0.8
136.88 0.829
137.707 0.827
138.47 0.763
139.248 0.778
140.044 0.796
140.872 0.828
141.66 0.788
142.448 0.788
143.216 0.768
143.931 0.715
144.654 0.723
145.391 0.737
146.133 0.742
146.866 0.733
147.62 0.754
148.43 0.81
149.239 0.809
149.973 0.734
150.665 0.692
151.364 0.699
152.082 0.718
152.831 0.749
153.607 0.776
154.402 0.795
155.191 0.789
155.979 0.788
156.748 0.769
157.527 0.779
158.311 0.784
159.067 0.756
159.819 0.752
160.587 0.768
161.423 0.836
162.332 0.909
163.179 0.847
164.019 0.84
164.894 0.875
165.779 0.885
166.624 0.845
167.398 0.774
168.148 0.75
168.954 0.806
169.751 0.797
170.509 0.758
171.315 0.806
172.211 0.896
173.092 0.881
173.993 0.901
174.887 0.894
175.767 0.88
176.614 0.847
177.442 0.828
178.218 0.776
179.007 0.789
179.82 0.813
180.63 0.81
181.462 0.832
182.371 0.909
183.283 0.912
184.16 0.877
185.068 0.908
185.987 0.919
186.864 0.877
187.743 0.879
188.619 0.876
189.437 0.818
190.27 0.833
191.116 0.846
191.96 0.844
192.832 0.872
193.683 0.851
194.485 0.802
195.323 0.838
196.202 0.879
197.045 0.843
197.911 0.866
198.744 0.833
199.56 0.816
200.375 0.815
201.204 0.829
202.007 0.803
202.771 0.764
203.567 0.796
204.412 0.845
205.248 0.836
206.075 0.827
206.94 0.865
207.776 0.836
208.646 0.87
209.453 0.807
210.295 0.842
211.162 0.867
211.972 0.81
212.83 0.858
213.704 0.874
214.566 0.862
215.415 0.849
216.279 0.864
217.116 0.837
217.969 0.853
218.829 0.86
219.678 0.849
220.485 0.807
221.307 0.822
222.1 0.793
222.884 0.784
223.661 0.777
224.451 0.79
225.238 0.787
226.006 0.768
226.769 0.763
227.477 0.708
228.147 0.67
228.836 0.689
229.554 0.718
230.321 0.767
231.127 0.806
231.937 0.81
232.744 0.807
233.536 0.792
234.286 0.75
235.008 0.722
235.698 0.69
236.36 0.662
237.029 0.669
237.685 0.656
238.326 0.641
238.963 0.637
239.605 0.642
240.277 0.672
240.942 0.665
241.587 0.645
242.219 0.632
242.864 0.645
243.484 0.62
244.101 0.617
244.71 0.609
245.308 0.598
245.904 0.596
246.507 0.603
247.122 0.615
247.755 0.633
248.411 0.656
249.076 0.665
249.748 0.672
250.422 0.674
251.161 0.739
251.922 0.761
252.623 0.701
253.295 0.672
253.97 0.675
254.698 0.728
255.808 1.11
256.84 1.032
257.826 0.986
258.756 0.93
259.674 0.918
260.578 0.904
261.406 0.828
262.213 0.807
263.002 0.789
263.822 0.82
264.669 0.847
265.49 0.821
266.275 0.785
267.074 0.799
267.903 0.829
268.716 0.813
269.528 0.812
270.431 0.903
271.35 0.919
272.259 0.909
273.136 0.877
273.987 0.851
274.827 0.84
275.674 0.847
276.443 0.769
277.164 0.721
277.886 0.722
278.6 0.714
279.333 0.733
280.134 0.801
281.004 0.87
281.879 0.875
282.795 0.916
283.731 0.936
284.609 0.878
285.477 0.868
286.356 0.879
287.239 0.883
288.119 0.88
288.969 0.85
289.789 0.82
290.653 0.864
291.539 0.886
292.41 0.871
293.292 0.882
294.186 0.894
295.054 0.868
295.887 0.833
296.725 0.838
297.567 0.842
298.413 0.846
299.276 0.863
300.122 0.846
300.965 0.843
301.805 0.84
302.652 0.847
303.476 0.824
304.312 0.836
305.108 0.796
305.872 0.764
306.669 0.797
307.403 0.734
308.117 0.714
308.877 0.76
309.668 0.791
310.514 0.846
311.43 0.916
312.346 0.916
313.229 0.883
314.099 0.87
314.989 0.89
315.884 0.895
316.74 0.856
317.568 0.828
318.418 0.85
319.289 0.871
320.154 0.865
320.979 0.825
321.808 0.829
322.616 0.808
323.349 0.733
324.07 0.721
324.848 0.778
325.715 0.867
326.617 0.902
327.519 0.902
328.441 0.922
329.398 0.957
330.369 0.971
331.289 0.92
332.146 0.857
332.972 0.826
333.797 0.825
334.572 0.775
335.339 0.767
336.124 0.785
336.918 0.794
337.72 0.802
338.518 0.798
339.297 0.779
340.088 0.791
340.841 0.753
341.566 0.725
342.314 0.748
343.086 0.772
343.885 0.799
344.716 0.831
345.473 0.757
346.19 0.717
346.881 0.691
347.549 0.668
348.199 0.65
348.848 0.649
349.611 0.763
350.469 0.858
351.307 0.838
352.161 0.854
352.926 0.765
353.65 0.724
354.366 0.716
355.064 0.698
355.75 0.686
356.443 0.693
357.164 0.721
357.969 0.805
358.833 0.864
359.721 0.888
360.622 0.901
361.509 0.887
362.435 0.926
363.314 0.879
364.197 0.883
365.082 0.885
365.931 0.849
366.789 0.858
367.638 0.849
368.543 0.905
369.446 0.903
370.321 0.875
371.213 0.892
372.088 0.875
372.92 0.832
373.753 0.833
374.595 0.842
375.4 0.805
376.19 0.79
376.985 0.795
377.799 0.814
378.632 0.833
379.483 0.851
380.361 0.878
381.214 0.853
382.047 0.833
382.838 0.791
383.637 0.799
384.459 0.822
385.261 0.802
386.044 0.783
386.777 0.733
387.484 0.707
388.187 0.703
388.915 0.728
389.652 0.737
390.379 0.727
391.125 0.746
391.916 0.791
392.78 0.864
393.674 0.894
394.546 0.872
395.401 0.855
396.251 0.85
397.082 0.831
397.884 0.802
398.662 0.778
399.469 0.807
400.305 0.836
401.124 0.819
401.916 0.792
402.728 0.812
403.544 0.816
404.358 0.814
405.172 0.814
405.993 0.821
406.813 0.82
407.606 0.793
408.404 0.798
409.218 0.814
410.016 0.798
410.806 0.79
411.579 0.773
412.348 0.769
413.143 0.795
413.95 0.807
414.741 0.791
415.558 0.817
416.391 0.833
417.195 0.804
418.021 0.826
418.843 0.822
419.665 0.822
420.49 0.825
421.327 0.837
422.153 0.826
422.947 0.794
423.74 0.793
424.527 0.787
425.296 0.769
426.065 0.769
426.844 0.779
427.645 0.801
428.443 0.798
429.253 0.81
430.085 0.832
430.957 0.872
431.826 0.869
432.668 0.842
433.514 0.846
434.372 0.858
435.202 0.83
435.993 0.791
436.779 0.786
437.567 0.788
438.338 0.771
439.125 0.787
439.929 0.804
440.748 0.819
441.567 0.819
442.45 0.883
443.361 0.911
444.218 0.857
445.028 0.81
445.784 0.756
446.523 0.739
447.271 0.748
448.043 0.772
448.787 0.744
449.528 0.741
450.322 0.794
451.147 0.825
451.977 0.83
452.764 0.787
453.523 0.759
454.29 0.767
455.117 0.827
456.002 0.885
456.893 0.891
457.763 0.87
458.592 0.829
459.422 0.83
460.31 0.888
461.204 0.894
462.111 0.907
462.963 0.852
463.765 0.802
464.568 0.803
465.405 0.837
466.3 0.895
467.216 0.916
468.092 0.876
468.931 0.839
469.782 0.851
470.644 0.862
471.529 0.885
472.398 0.869
473.241 0.843
474.115 0.874
475.008 0.893
475.912 0.904
476.796 0.884
477.656 0.86
478.484 0.828
479.305 0.821
480.156 0.851
481.031 0.875
481.889 0.858
482.721 0.832
483.576 0.855
484.466 0.89
485.36 0.894
486.239 0.879
487.079 0.84
487.95 0.871
488.814 0.864
489.685 0.871
490.576 0.891
491.44 0.864
492.268 0.828
493.061 0.793
493.808 0.747
494.534 0.726
495.226 0.692
495.944 0.718
496.696 0.752
497.507 0.811
498.361 0.854
499.211 0.85
500.059 0.848
500.91 0.851
501.76 0.85
502.598 0.838
503.429 0.831
504.258 0.829
505.094 0.836
505.938 0.844
506.752 0.814
507.572 0.82
508.377 0.805
509.186 0.809
510.03 0.844
510.876 0.846
511.712 0.836
512.533 0.821
513.334 0.801
514.142 0.808
514.976 0.834
515.812 0.836
516.64 0.828
517.471 0.831
518.316 0.845
519.164 0.848
520.048 0.884
520.907 0.859
521.724 0.817
522.529 0.805
523.344 0.815
524.177 0.833
524.993 0.816
525.796 0.803
526.566 0.77
527.322 0.756
528.092 0.77
528.895 0.803
529.737 0.842
530.547 0.81
531.351 0.804
532.18 0.829
533.005 0.825
533.828 0.823
534.627 0.799
535.406 0.779
536.165 0.759
536.943 0.778
537.734 0.791
538.53 0.796
539.343 0.813
540.138 0.795
540.934 0.796
541.761 0.827
542.563 0.802
543.32 0.757
544.055 0.735
544.804 0.749
545.522 0.718
546.222 0.7
546.915 0.693
547.608 0.693
548.327 0.719
549.069 0.742
549.87 0.801
550.703 0.833
551.561 0.858
552.413 0.852
553.238 0.825
554.053 0.815
554.896 0.843
555.706 0.81
556.512 0.806
557.309 0.797
558.108 0.799
558.886 0.778
559.672 0.786
560.436 0.764
561.16 0.724
561.883 0.723
562.624 0.741
563.36 0.736
564.134 0.774
564.961 0.827
565.848 0.887
566.705 0.857
567.526 0.821
568.352 0.826
569.193 0.841
570.014 0.821
570.799 0.785
571.571 0.772
572.375 0.804
573.205 0.83
574.028 0.823
574.814 0.786
575.596 0.782
576.411 0.815
577.289 0.878
578.16 0.871
578.993 0.833
579.832 0.839
580.681 0.849
581.544 0.863
582.403 0.859
583.251 0.848
584.131 0.88
584.987 0.856
585.822 0.835
586.638 0.816
587.455 0.817
588.246 0.791
589.052 0.806
589.853 0.801
590.653 0.8
591.417 0.764
592.207 0.79
593.01 0.803
593.846 0.836
594.685 0.839
595.506 0.821
596.366 0.86
597.182 0.816
598.002 0.82
598.824 0.822
599.597 0.773
600.337 0.74
601.059 0.722
601.793 0.734
602.52 0.727
603.23 0.71
603.962 0.732
604.748 0.786
605.661 0.913
606.543 0.882
607.39 0.847
608.207 0.817
609.025 0.818
609.826 0.801
610.616 0.79
611.39 0.774
612.156 0.766
612.874 0.718
613.576 0.702
614.275 0.699