0.000 0.577
0.577 0.577
1.148 0.571
1.725 0.577
2.318 0.593
2.894 0.576
3.47 0.576
4.034 0.564
4.613 0.579
5.218 0.605
5.827 0.609
6.402 0.575
6.999 0.597
7.587 0.588
8.162 0.575
8.726 0.564
9.279 0.553
9.832 0.553
10.387 0.555
10.935 0.548
11.488 0.553
12.045 0.557
12.598 0.553
13.152 0.554
13.703 0.551
14.27 0.567
14.843 0.573
15.435 0.592
16.029 0.594
16.643 0.614
17.271 0.628
17.88 0.609
18.457 0.577
19.023 0.566
19.586 0.563
20.162 0.576
20.734 0.572
21.314 0.58
21.889 0.575
22.469 0.58
23.028 0.559
23.596 0.568
24.163 0.567
24.724 0.561
25.286 0.562
25.856 0.57
26.441 0.585
27.029 0.588
27.616 0.587
28.218 0.602
28.838 0.62
29.441 0.603
30.024 0.583
30.579 0.555
31.128 0.549
31.678 0.55
32.234 0.556
32.795 0.561
33.371 0.576
33.95 0.579
34.524 0.574
35.122 0.598
35.709 0.587
36.292 0.583
36.885 0.593
37.494 0.609
38.094 0.6
38.677 0.583
39.26 0.583
39.835 0.575
40.393 0.558
40.968 0.575
41.552 0.584
42.127 0.575
42.691 0.564
43.273 0.582
43.858 0.585
44.435 0.577
45.025 0.59
45.632 0.607
46.226 0.594
46.808 0.582
47.39 0.582
47.963 0.573
48.524 0.561
49.085 0.561
49.66 0.575
50.247 0.587
50.842 0.595
51.435 0.593
52.043 0.608
52.692 0.649
53.382 0.69
54.047 0.665
54.677 0.63
55.287 0.61
55.907 0.62
56.554 0.647
57.201 0.647
57.832 0.631
58.477 0.645
59.124 0.647
59.778 0.654
60.417 0.639
61.066 0.649
61.708 0.642
62.334 0.626
62.949 0.615
63.563 0.614
64.176 0.613
64.793 0.617
65.411 0.618
66.037 0.626
66.688 0.651
67.387 0.699
68.106 0.719
68.795 0.689
69.459 0.664
70.085 0.626
70.707 0.622
71.328 0.621
71.952 0.624
72.59 0.638
73.232 0.642
73.891 0.659
74.543 0.652
75.186 0.643
75.796 0.61
76.374 0.578
76.962 0.588
77.554 0.592
78.158 0.604
78.759 0.601
79.363 0.604
79.96 0.597
80.545 0.585
81.122 0.577
81.695 0.573
82.271 0.576
82.875 0.604
83.516 0.641
84.214 0.698
84.957 0.743
85.709 0.752
86.414 0.705
87.079 0.665
87.73 0.651
88.383 0.653
89.017 0.634
89.656 0.639
90.319 0.663
91.011 0.692
91.698 0.687
92.359 0.661
93.023 0.664
93.674 0.651
94.307 0.633
94.945 0.638
95.594 0.649
96.286 0.692
96.969 0.683
97.619 0.65
98.245 0.626
98.85 0.605
99.468 0.618
100.096 0.628
100.764 0.668
101.408 0.644
102.04 0.632
102.672 0.632
103.311 0.639
103.946 0.635
104.577 0.631
105.215 0.638
105.898 0.683
106.58 0.682
107.235 0.655
107.882 0.647
108.513 0.631
109.143 0.63
109.759 0.616
110.387 0.628
111.026 0.639
111.682 0.656
112.34 0.658
112.999 0.659
113.669 0.67
114.323 0.654
114.951 0.628
115.572 0.621
116.189 0.617
116.79 0.601
117.384 0.594
117.971 0.587
118.558 0.587
119.154 0.596
119.755 0.601
120.36 0.605
120.978 0.618
121.593 0.615
122.192 0.599
122.762 0.57
123.317 0.555
123.889 0.572
124.493 0.604
125.143 0.65
125.777 0.634
126.391 0.614
126.993 0.602
127.597 0.604
128.206 0.609
128.809 0.603
129.417 0.608
130.023 0.606
130.628 0.605
131.218 0.59
131.798 0.58
132.368 0.57
132.942 0.574
133.518 0.576
134.087 0.569
134.647 0.56
135.21 0.563
135.806 0.596
136.518 0.712
137.218 0.7
137.919 0.701
138.596 0.677
139.231 0.635
139.84 0.609
140.438 0.598
141.024 0.586
141.593 0.569
142.151 0.558
142.699 0.548
143.242 0.543
143.785 0.543
144.333 0.548
144.873 0.54
145.41 0.537
145.958 0.548
146.524 0.566
147.123 0.599
147.739 0.616
148.369 0.63
148.98 0.611
149.572 0.592
150.161 0.589
150.762 0.601
151.367 0.605
151.961 0.594
152.541 0.58
153.089 0.548
153.627 0.538
154.167 0.54
154.725 0.558
155.309 0.584
155.924 0.615
156.549 0.625
157.156 0.607
157.75 0.594
158.354 0.604
158.951 0.597
159.526 0.575
160.091 0.565
160.647 0.556
161.199 0.552
161.767 0.568
162.34 0.573
162.906 0.566
163.472 0.566
164.05 0.578
164.683 0.633
165.345 0.662
165.986 0.641
166.609 0.623
167.204 0.595
167.776 0.572
168.339 0.563
168.9 0.561
169.464 0.564
170.014 0.55
170.554 0.54
171.087 0.533
171.619 0.532
172.153 0.534
172.705 0.552
173.27 0.565
173.83 0.56
174.38 0.55
174.93 0.55
175.47 0.54
176.0 0.53
176.522 0.522
177.037 0.515
177.551 0.514
178.062 0.511
178.571 0.509
179.08 0.509
179.592 0.512
180.11 0.518
180.623 0.513
181.136 0.513
181.657 0.521
182.186 0.529
182.726 0.54
183.258 0.532
183.785 0.527
184.3 0.515
184.808 0.508
185.318 0.51
185.843 0.525
186.375 0.532
186.897 0.522
187.415 0.518
187.923 0.508
188.427 0.504
188.925 0.498
189.428 0.503
189.935 0.507
190.451 0.516
190.977 0.526
191.516 0.539
192.057 0.541
192.59 0.533
193.128 0.538
193.661 0.533
194.198 0.537
194.765 0.567
195.367 0.602
196.015 0.648
196.688 0.673
197.345 0.657
197.969 0.624
198.57 0.601
199.141 0.571
199.694 0.553
200.235 0.541
200.778 0.543
201.347 0.569
201.905 0.558
202.494 0.589
203.141 0.647
203.805 0.664
204.479 0.674
205.151 0.672
205.815 0.664
206.465 0.65
207.102 0.637
207.735 0.633
208.365 0.63
208.996 0.631
209.636 0.64
210.291 0.655
210.946 0.655
211.59 0.644
212.222 0.632
212.847 0.625
213.469 0.622
214.075 0.606
214.707 0.632
215.36 0.653
216.061 0.701
216.791 0.73
217.512 0.721
218.182 0.67
218.819 0.637
219.451 0.632
220.085 0.634
220.722 0.637
221.355 0.633
221.964 0.609
222.542 0.578
223.12 0.578
223.715 0.595
224.394 0.679
225.178 0.784
225.905 0.727
226.572 0.667
227.206 0.634
227.808 0.602
228.408 0.6
228.987 0.579
229.551 0.564
230.125 0.574
230.728 0.603
231.381 0.653
232.004 0.623
232.606 0.602
233.209 0.603
233.822 0.613
234.445 0.623
235.081 0.636
235.716 0.635
236.334 0.618
236.923 0.589
237.502 0.579
238.079 0.577
238.649 0.57
239.239 0.59
239.866 0.627
240.492 0.626
241.091 0.599
241.661 0.57
242.229 0.568
242.818 0.589
243.433 0.615
244.074 0.641
244.72 0.646
245.384 0.664
246.049 0.665
246.714 0.665
247.377 0.663
248.034 0.657
248.676 0.642
249.318 0.642
249.952 0.634
250.578 0.626
251.208 0.63
251.841 0.633
252.486 0.645
253.141 0.655
253.814 0.673
254.494 0.68
255.15 0.656
255.788 0.638
256.432 0.644
257.067 0.635
257.708 0.641
258.348 0.64
258.99 0.642
259.644 0.654
260.298 0.654
260.952 0.654
261.609 0.657
262.243 0.634
262.881 0.638
263.51 0.629
264.103 0.593
264.7 0.597
265.303 0.603
265.927 0.624
266.567 0.64
267.207 0.64
267.838 0.631
268.467 0.629
269.107 0.64
269.744 0.637
270.378 0.634
271.006 0.628
271.661 0.655
272.335 0.674
273.015 0.68
273.684 0.669
274.341 0.657
275.002 0.661
275.667 0.665
276.328 0.661
276.975 0.647
277.611 0.636
278.235 0.624
278.877 0.642
279.577 0.7
280.275 0.698
280.972 0.697
281.644 0.672
282.307 0.663
282.95 0.643
283.601 0.651
284.239 0.638
284.871 0.632
285.506 0.635
286.145 0.639
286.787 0.642
287.44 0.653
288.106 0.666
288.771 0.665
289.418 0.647
290.064 0.646
290.712 0.648
291.365 0.653
292.024 0.659
292.665 0.641
293.288 0.623
293.903 0.615
294.531 0.628
295.158 0.627
295.797 0.639
296.48 0.683
297.22 0.74
297.934 0.714
298.62 0.686
299.267 0.647
299.897 0.63
300.51 0.613
301.122 0.612
301.726 0.604
302.324 0.598
302.915 0.591
303.499 0.584
304.084 0.585
304.678 0.594
305.316 0.638
305.973 0.657
306.628 0.655
307.265 0.637
307.894 0.629
308.525 0.631
309.162 0.637
309.795 0.633
310.418 0.623
311.032 0.614
311.625 0.593
312.205 0.58
312.769 0.564
313.326 0.557
313.893 0.567
314.489 0.596
315.126 0.637
315.791 0.665
316.442 0.651
317.073 0.631
317.694 0.621
318.317 0.623
318.942 0.625
319.569 0.627
320.193 0.624
320.826 0.633
321.482 0.656
322.128 0.646
322.768 0.64
323.395 0.627
324.039 0.644
324.693 0.654
325.337 0.644
325.969 0.632
326.592 0.623
327.224 0.632
327.855 0.631
328.482 0.627
329.108 0.626
329.749 0.641
330.394 0.645
331.03 0.636
331.667 0.637
332.31 0.643
332.957 0.647
333.597 0.64
334.228 0.631
334.846 0.618
335.466 0.62
336.099 0.633
336.747 0.648
337.401 0.654
338.052 0.651
338.687 0.635
339.315 0.628
339.956 0.641
340.596 0.64
341.228 0.632
341.842 0.614
342.444 0.602
343.036 0.592
343.633 0.597
344.237 0.604
344.845 0.608
345.472 0.627
346.114 0.642
346.777 0.663
347.442 0.665
348.097 0.655
348.744 0.647
349.395 0.651
350.057 0.662
350.715 0.658
351.359 0.644
351.994 0.635
352.621 0.627
353.239 0.618
353.844 0.605
354.451 0.607
355.054 0.603
355.672 0.618
356.308 0.636
356.96 0.652
357.618 0.658
358.268 0.65
358.913 0.645
359.561 0.648
360.206 0.645
360.84 0.634
361.465 0.625
362.091 0.626
362.724 0.633
363.349 0.625
363.968 0.619
364.596 0.628
365.229 0.633
365.869 0.64
366.498 0.629
367.125 0.627
367.737 0.612
368.341 0.604
368.946 0.605
369.552 0.606
370.155 0.603
370.759 0.604
371.37 0.611
372.003 0.633
372.629 0.626
373.263 0.634
373.891 0.628
374.53 0.639
375.169 0.639
375.796 0.627
376.414 0.618
377.035 0.621
377.669 0.634
378.305 0.636
378.914 0.609
379.513 0.599
380.113 0.6
380.724 0.611
381.327 0.603
381.907 0.58
382.482 0.575
383.052 0.57
383.618 0.566
384.179 0.561
384.729 0.55
385.28 0.551
385.843 0.563
386.417 0.574
387.0 0.583
387.591 0.591
388.188 0.597
388.804 0.616
389.415 0.611
390.021 0.606
390.62 0.599
391.214 0.594
391.806 0.592
392.415 0.609
393.027 0.612
393.634 0.607
394.229 0.595
394.829 0.6
395.429 0.6
396.034 0.605
396.659 0.625
397.282 0.623
397.91 0.628
398.542 0.632
399.196 0.654
399.858 0.662
400.511 0.653
401.145 0.634
401.778 0.633
402.421 0.643
403.073 0.652
403.707 0.634
404.317 0.61
404.916 0.599
405.51 0.594
406.112 0.602
406.713 0.601
407.315 0.602
407.92 0.605
408.549 0.629
409.218 0.669
409.885 0.667
410.525 0.64
411.15 0.625
411.773 0.623
412.387 0.614
412.996 0.609
413.603 0.607
414.208 0.605
414.827 0.619
415.464 0.637
416.105 0.641
416.737 0.632
417.36 0.623
417.984 0.624
418.614 0.63
419.223 0.609
419.821 0.598
420.408 0.587
420.991 0.583
421.581 0.59
422.17 0.589
422.772 0.602
423.373 0.601
423.977 0.604
424.594 0.617
425.212 0.618
425.829 0.617
426.472 0.643
427.164 0.692
427.863 0.699
428.545 0.682
429.212 0.667
429.871 0.659
430.506 0.635
431.129 0.623
431.734 0.605
432.321 0.587
432.895 0.574
433.451 0.556
434.003 0.552
434.553 0.55
435.108 0.555
435.687 0.579
436.29 0.603
436.928 0.638
437.573 0.645
438.213 0.64
438.861 0.648
439.522 0.661
440.18 0.658
440.819 0.639
441.45 0.631
442.082 0.632
442.71 0.628
443.32 0.61
443.921 0.601
444.518 0.597
445.136 0.618
445.812 0.676
446.538 0.726
447.276 0.738
447.976 0.7
448.683 0.707
449.387 0.704
450.065 0.678
450.715 0.65
451.348 0.633
451.981 0.633
452.615 0.634
453.256 0.641
453.887 0.631
454.514 0.627
455.149 0.635
455.797 0.648
456.451 0.654
457.108 0.657
457.75 0.642
458.387 0.637
459.039 0.652
459.699 0.66
460.342 0.643
460.974 0.632
461.599 0.625
462.242 0.643
462.923 0.681
463.606 0.683
464.27 0.664
464.927 0.657
465.586 0.659
466.25 0.664
466.893 0.643
467.523 0.63
468.147 0.624
468.771 0.624
469.4 0.629
470.021 0.621
470.645 0.624
471.266 0.621
471.896 0.63
472.535 0.639
473.172 0.637
473.806 0.634
474.448 0.642
475.099 0.651
475.747 0.648
476.389 0.642
477.026 0.637
477.66 0.634
478.298 0.638
478.942 0.644
479.578 0.636
480.221 0.643
480.874 0.653
481.527 0.653
482.177 0.65
482.811 0.634
483.44 0.629
484.063 0.623
484.704 0.641
485.351 0.647
485.982 0.631
486.608 0.626
487.237 0.629
487.877 0.64
488.527 0.65
489.173 0.646
489.805 0.632
490.437 0.632
491.085 0.648
491.729 0.644
492.386 0.657
493.026 0.64
493.663 0.637
494.311 0.648
494.971 0.66
495.616 0.645
496.254 0.638
496.891 0.637
497.539 0.648
498.196 0.657
498.846 0.65
499.477 0.631
500.09 0.613
500.695 0.605
501.315 0.62
501.945 0.63
502.574 0.629
503.196 0.622
503.815 0.619
504.445 0.63
505.078 0.633
505.708 0.63
506.329 0.621
506.951 0.622
507.575 0.624
508.211 0.636
508.842 0.631
509.466 0.624
510.085 0.619
510.702 0.617
511.304 0.602
511.911 0.607
512.498 0.587
513.075 0.577
513.658 0.583
514.257 0.599
514.883 0.626
515.528 0.645
516.18 0.652
516.844 0.664
517.528 0.684
518.22 0.692
518.893 0.673
519.541 0.648
520.172 0.631
520.795 0.623
521.427 0.632
522.069 0.642
522.714 0.645
523.358 0.644
524.013 0.655
524.696 0.683
525.391 0.695
526.071 0.68
526.727 0.656
527.376 0.649
528.028 0.652
528.67 0.642
529.306 0.636
529.948 0.642
530.621 0.673
531.303 0.682
531.978 0.675
532.656 0.678
533.313 0.657
533.942 0.629
534.55 0.608
535.154 0.604
535.761 0.607
536.373 0.612
536.986 0.613
537.613 0.627
538.255 0.642
538.908 0.653
539.544 0.636
540.169 0.625
540.788 0.619
541.413 0.625
542.027 0.614
542.626 0.599
543.216 0.59
543.797 0.581
544.38 0.583
544.962 0.582
545.548 0.586
546.145 0.597
546.761 0.616
547.377 0.616
547.995 0.618
548.612 0.617
549.243 0.631
549.876 0.633
550.502 0.626
551.125 0.623
551.745 0.62
552.371 0.626
552.99 0.619
553.612 0.622
554.23 0.618
554.85 0.62
555.466 0.616
556.077 0.611
556.702 0.625
557.362 0.66
558.078 0.716
558.801 0.723
559.487 0.686
560.156 0.669
560.811 0.655
561.458 0.647
562.093 0.635
562.72 0.627
563.355 0.635
563.994 0.639
564.633 0.639
565.26 0.627
565.891 0.631
566.536 0.645
567.194 0.658
567.841 0.647
568.469 0.628
569.093 0.624
569.721 0.628
570.35 0.629
570.975 0.625
571.612 0.637
572.275 0.663
572.925 0.65
573.561 0.636
574.184 0.623
574.817 0.633
575.46 0.643
576.102 0.642
576.735 0.633
577.37 0.635
578.012 0.642
578.649 0.637
579.284 0.635
579.916 0.632
580.552 0.636
581.186 0.634
581.812 0.626
582.444 0.632
583.106 0.662
583.766 0.66
584.432 0.666
585.103 0.671
585.772 0.669
586.415 0.643
587.053 0.638
587.676 0.623
588.29 0.614
588.886 0.596
589.477 0.591
590.067 0.59
590.668 0.601
591.296 0.628
591.949 0.653
592.622 0.673
593.287 0.665
593.95 0.663
594.618 0.668
595.262 0.644
595.895 0.633
596.529 0.634
597.166 0.637
597.823 0.657
598.488 0.665
599.152 0.664
599.82 0.668
600.483 0.663
601.139 0.656
601.786 0.647
602.427 0.641
603.074 0.647
603.734 0.66
604.402 0.668
605.058 0.656
605.718 0.66
606.39 0.672
607.077 0.687
607.754 0.677
608.405 0.651
609.044 0.639
609.697 0.653
610.349 0.652
610.966 0.617
611.556 0.59
612.135 0.579
612.706 0.571
613.271 0.565
613.832 0.561
614.388 0.556
614.951 0.563