0.000 0.871
0.871 0.871
1.644 0.773
2.392 0.748
3.082 0.69
3.815 0.733
4.617 0.802
5.365 0.748
6.131 0.766
6.871 0.74
7.613 0.742
8.331 0.718
9.096 0.765
9.928 0.832
10.744 0.816
11.535 0.791
12.352 0.817
13.2 0.848
13.977 0.777
14.726 0.749
15.496 0.77
16.298 0.802
17.055 0.757
17.816 0.761
18.6 0.784
19.411 0.811
20.159 0.748
20.916 0.757
21.669 0.753
22.382 0.713
23.034 0.652
23.679 0.645
24.379 0.7
25.144 0.765
25.921 0.777
26.699 0.778
27.538 0.839
28.384 0.846
29.175 0.791
29.959 0.784
30.776 0.817
31.533 0.757
32.312 0.779
33.118 0.806
33.913 0.795
34.635 0.722
35.393 0.758
36.194 0.801
36.992 0.798
37.722 0.73
38.407 0.685
39.098 0.691
39.98 0.882
40.898 0.918
41.742 0.844
42.555 0.813
43.368 0.813
44.17 0.802
44.935 0.765
45.721 0.786
46.529 0.808
47.252 0.723
47.997 0.745
48.734 0.737
49.453 0.719
50.155 0.702
50.892 0.737
51.735 0.843
52.551 0.816
53.258 0.707
53.964 0.706
54.662 0.698
55.368 0.706
56.099 0.731
56.886 0.787
57.655 0.769
58.369 0.714
59.057 0.688
59.785 0.728
60.528 0.743
61.278 0.75
62.072 0.794
62.917 0.845
63.777 0.86
64.566 0.789
65.331 0.765
66.074 0.743
66.8 0.726
67.506 0.706
68.195 0.689
68.904 0.709
69.648 0.744
70.432 0.784
71.276 0.844
72.045 0.769
72.78 0.735
73.469 0.689
74.163 0.694
74.867 0.704
75.63 0.763
76.43 0.8
77.212 0.782
78.001 0.789
78.74 0.739
79.463 0.723
80.239 0.776
81.031 0.792
81.806 0.775
82.54 0.734
83.294 0.754
84.111 0.817
84.94 0.829
85.786 0.846
86.605 0.819
87.428 0.823
88.126 0.698
88.806 0.68
89.517 0.711
90.364 0.847
91.299 0.935
92.191 0.892
93.026 0.835
93.821 0.795
94.626 0.805
95.433 0.807
96.243 0.81
97.032 0.789
97.792 0.76
98.559 0.767
99.254 0.695
99.945 0.691
100.608 0.663
101.314 0.706
102.037 0.723
102.778 0.741
103.507 0.729
104.276 0.769
104.975 0.699
105.683 0.708
106.379 0.696
107.087 0.708
107.767 0.68
108.41 0.643
109.053 0.643
109.733 0.68
110.518 0.785
111.347 0.829
112.154 0.807
112.92 0.766
113.682 0.762
114.451 0.769
115.22 0.769
115.993 0.773
116.742 0.749
117.486 0.744
118.231 0.745
119.009 0.778
119.776 0.767
120.56 0.784
121.334 0.774
122.05 0.716
122.77 0.72
123.486 0.716
124.237 0.751
125.019 0.782
125.88 0.861
126.794 0.914
127.682 0.888
128.514 0.832
129.342 0.828
130.13 0.788
130.892 0.762
131.601 0.709
132.265 0.664
132.915 0.65
133.582 0.667
134.4 0.818
135.358 0.958
136.245 0.887
137.119 0.874
138.045 0.926
139.019 0.974
139.904 0.885
140.729 0.825
141.569 0.84
142.405 0.836
144.503 2.098
145.497 0.994
146.491 0.994
147.411 0.92
148.235 0.824
149.032 0.797
149.797 0.765
150.512 0.715
151.26 0.748
152.039 0.779
152.816 0.777
153.601 0.785
154.413 0.812
155.241 0.828
156.067 0.826
156.881 0.814
157.655 0.774
158.461 0.806
159.271 0.81
160.058 0.787
160.902 0.844
161.817 0.915
162.745 0.928
163.618 0.873
164.445 0.827
165.256 0.811
166.065 0.809
166.881 0.816
167.648 0.767
168.42 0.772
169.205 0.785
170.066 0.861
170.867 0.801
171.66 0.793
172.485 0.825
173.329 0.844
174.158 0.829
174.981 0.823
175.785 0.804
176.558 0.773
177.333 0.775
178.042 0.709
178.721 0.679
179.735 1.014
180.526 0.791
181.305 0.779
182.117 0.812
182.952 0.835
183.801 0.849
184.604 0.803
185.333 0.729
186.058 0.725
186.768 0.71
187.485 0.717
188.213 0.728
189.044 0.831
189.942 0.898
190.832 0.89
191.707 0.875
192.524 0.817
193.295 0.771
194.089 0.794
194.935 0.846
195.808 0.873
196.648 0.84
197.487 0.839
198.323 0.836
199.148 0.825
199.968 0.82
200.796 0.828
201.623 0.827
202.41 0.787
203.24 0.83
204.066 0.826
204.862 0.796
205.681 0.819
206.52 0.839
207.427 0.907
208.317 0.89
209.168 0.851
210.026 0.858
210.889 0.863
211.693 0.804
212.441 0.748
213.247 0.806
214.148 0.901
215.091 0.943
215.985 0.894
216.831 0.846
217.692 0.861
218.519 0.827
219.304 0.785
220.133 0.829
221.007 0.874
221.84 0.833
222.621 0.781
223.403 0.782
224.221 0.818
225.08 0.859
225.851 0.771
226.63 0.779
227.48 0.85
228.336 0.856
229.135 0.799
229.912 0.777
230.758 0.846
231.687 0.929
232.575 0.888
233.407 0.832
234.219 0.812
235.023 0.804
235.765 0.742
236.444 0.679
237.116 0.672
237.818 0.702
238.643 0.825
239.555 0.912
240.439 0.884
241.223 0.784
242.032 0.809
242.895 0.863
243.757 0.862
244.533 0.776
245.314 0.781
246.163 0.849
247.052 0.889
247.861 0.809
248.627 0.766
249.435 0.808
250.298 0.863
251.164 0.866
251.957 0.793
252.783 0.826
253.727 0.944
254.637 0.91
255.473 0.836
256.26 0.787
257.052 0.792
257.883 0.831
258.667 0.784
259.432 0.765
260.248 0.816
261.089 0.841
261.904 0.815
262.677 0.773
263.435 0.758
264.244 0.809
265.104 0.86
265.916 0.812
267.356 1.44
268.078 0.722
268.929 0.851
269.848 0.919
270.753 0.905
271.624 0.871
272.505 0.881
273.362 0.857
274.14 0.778
274.928 0.788
275.665 0.737
276.368 0.703
277.07 0.702
277.833 0.763
278.609 0.776
279.378 0.769
280.143 0.765
280.873 0.73
281.572 0.699
282.269 0.697
282.982 0.713
283.7 0.718
284.458 0.758
285.27 0.812
286.028 0.758
286.773 0.745
287.531 0.758
288.331 0.8
289.162 0.831
289.973 0.811
290.774 0.801
291.604 0.83
292.415 0.811
293.264 0.849
294.015 0.751
294.711 0.696
295.406 0.695
296.154 0.748
297.058 0.904
297.932 0.874
298.729 0.797
299.549 0.82
300.395 0.846
301.297 0.902
302.184 0.887
303.078 0.894
303.975 0.897
304.852 0.877
305.718 0.866
306.571 0.853
307.401 0.83
308.241 0.84
309.068 0.827
309.899 0.831
310.797 0.898
311.716 0.919
312.613 0.897
313.488 0.875
314.339 0.851
315.183 0.844
315.972 0.789
316.755 0.783
317.56 0.805
318.426 0.866
319.183 0.757
319.896 0.713
320.605 0.709
321.295 0.69
321.961 0.666
322.948 0.987
323.898 0.95
324.855 0.957
325.775 0.92
326.658 0.883
327.52 0.862
328.385 0.865
329.181 0.796
329.989 0.808
330.836 0.847
331.692 0.856
332.506 0.814
333.356 0.85
334.234 0.878
335.106 0.872
335.949 0.843
336.756 0.807
337.62 0.864
338.503 0.883
339.413 0.91
340.288 0.875
341.098 0.81
341.924 0.826
342.793 0.869
343.683 0.89
344.564 0.881
345.414 0.85
346.287 0.873
347.183 0.896
348.068 0.885
348.841 0.773
349.614 0.773
350.47 0.856
351.44 0.97
352.385 0.945
353.277 0.892
354.108 0.831
354.925 0.817
355.798 0.873
356.692 0.894
357.619 0.927
358.504 0.885
359.361 0.857
360.219 0.858
361.061 0.842
361.824 0.763
362.558 0.734
363.334 0.776
364.195 0.861
365.076 0.881
365.908 0.832
366.706 0.798
367.598 0.892
368.513 0.915
369.441 0.928
370.338 0.897
371.176 0.838
372.076 0.9
373.022 0.946
373.936 0.914
374.784 0.848
375.599 0.815
376.466 0.867
377.336 0.87
378.119 0.783
378.837 0.718
379.563 0.726
380.419 0.856
381.391 0.972
382.299 0.908
383.161 0.862
383.95 0.789
384.759 0.809
385.584 0.825
386.474 0.89
387.3 0.826
388.108 0.808
388.917 0.809
389.722 0.805
390.489 0.767
391.283 0.794
392.128 0.845
393.047 0.919
393.897 0.85
394.621 0.724
395.981 1.36
397.032 1.051
398.049 1.017
399.035 0.986
399.883 0.848
400.681 0.798
401.388 0.707
402.142 0.754
402.887 0.745
403.613 0.726
404.401 0.788
405.273 0.872
406.154 0.881
407.044 0.89
407.915 0.871
408.712 0.797
409.524 0.812
410.383 0.859
411.239 0.856
412.094 0.855
412.938 0.844
413.721 0.783
414.495 0.774
415.204 0.709
415.893 0.689
416.647 0.754
417.537 0.89
418.487 0.95
419.385 0.898
420.213 0.828
421.024 0.811
421.845 0.821
422.693 0.848
423.563 0.87
424.357 0.794
425.15 0.793
426.005 0.855
426.921 0.916
427.841 0.92
428.673 0.832
429.435 0.762
430.203 0.768
431.042 0.839
431.818 0.776
432.61 0.792
433.454 0.844
434.306 0.852
435.15 0.844
435.968 0.818
436.707 0.739
437.407 0.7
438.119 0.712
438.955 0.836
439.882 0.927
440.786 0.904
441.686 0.9
442.579 0.893
443.427 0.848
444.263 0.836
445.057 0.794
445.806 0.749
446.529 0.723
447.362 0.833
448.257 0.895
449.148 0.891
450.009 0.861
450.853 0.844
451.698 0.845
452.512 0.814
453.314 0.802
454.131 0.817
455.026 0.895
455.935 0.909
456.815 0.88
457.735 0.92
458.588 0.853
459.456 0.868
460.384 0.928
461.213 0.829
462.018 0.805
462.826 0.808
463.675 0.849
464.41 0.735
465.131 0.721
465.821 0.69
466.535 0.714
467.267 0.732
467.998 0.731
468.705 0.707
469.373 0.668
470.023 0.65
470.775 0.752
471.681 0.906
472.511 0.83
473.292 0.781
474.036 0.744
474.758 0.722
475.504 0.746
476.312 0.808
477.097 0.785
477.949 0.852
478.816 0.867
479.655 0.839
480.489 0.834
481.285 0.796
482.065 0.78
482.812 0.747
483.617 0.805
484.535 0.918
485.506 0.971
486.459 0.953
487.401 0.942
488.315 0.914
489.121 0.806
489.869 0.748
490.635 0.766
491.518 0.883
492.443 0.925
493.308 0.865
494.039 0.731
494.734 0.695
495.458 0.724
496.539 1.081
497.555 1.016
498.525 0.97
499.502 0.977
500.442 0.94
501.383 0.941
502.317 0.934
503.246 0.929
504.144 0.898
505.027 0.883
505.917 0.89
506.795 0.878
507.661 0.866
508.5 0.839
509.319 0.819
510.186 0.867
511.098 0.912
512.014 0.916
512.861 0.847
513.695 0.834
514.57 0.875
515.443 0.873
516.289 0.846
517.119 0.83
517.966 0.847
518.764 0.798
519.529 0.765
520.268 0.739
521.083 0.815
521.98 0.897
522.791 0.811
523.609 0.818
524.472 0.863
525.281 0.809
526.005 0.724
526.713 0.708
527.443 0.73
528.25 0.807
529.189 0.939
530.042 0.853
530.834 0.792
531.578 0.744
532.346 0.768
533.17 0.824
534.042 0.872
534.921 0.879
535.771 0.85
536.647 0.876
537.56 0.913
538.49 0.93
539.386 0.896
540.239 0.853
541.012 0.773
541.762 0.75
542.476 0.714
543.177 0.701
543.843 0.666
544.533 0.69
545.265 0.732
546.075 0.81
547.018 0.943
548.024 1.006
548.988 0.964
549.836 0.848
550.682 0.846
551.538 0.856
552.371 0.833
553.185 0.814
553.951 0.766
554.642 0.691
556.016 1.374
557.085 1.069
558.089 1.004
558.97 0.881
559.841 0.871
560.72 0.879
561.612 0.892
562.52 0.908
563.401 0.881
564.254 0.853
565.096 0.842
565.907 0.811
566.681 0.774
567.472 0.791
568.315 0.843
569.224 0.909
570.11 0.886
570.978 0.868
571.76 0.782
572.533 0.773
573.293 0.76
574.13 0.837
575.013 0.883
575.912 0.899
576.797 0.885
577.57 0.773
578.298 0.728
579.06 0.762
579.885 0.825
580.782 0.897
581.65 0.868
582.455 0.805
583.229 0.774
584.034 0.805
584.885 0.851
585.76 0.875
586.638 0.878
587.471 0.833
588.272 0.801
589.053 0.781
589.87 0.817
590.63 0.76
591.418 0.788
592.267 0.849
593.214 0.947
594.111 0.897
594.99 0.879
595.859 0.869
596.702 0.843
597.495 0.793
598.337 0.842
599.209 0.872
600.129 0.92
600.911 0.782
601.645 0.734
602.391 0.746
603.287 0.896
604.21 0.923
605.11 0.9
605.882 0.772
606.666 0.784
607.534 0.868
608.54 1.006