0.000 0.621
0.621 0.621
1.319 0.698
2.175 0.856
3.027 0.852
3.78 0.753
4.538 0.758
5.279 0.741
6.0 0.721
6.769 0.769
7.566 0.797
8.342 0.776
9.097 0.755
9.795 0.698
10.507 0.712
11.218 0.711
11.956 0.738
12.692 0.736
13.402 0.71
20.636 0.637
21.276 0.64
21.987 0.711
22.847 0.86
23.638 0.791
24.455 0.817
25.317 0.862
26.219 0.902
27.039 0.82
27.82 0.781
28.611 0.791
29.399 0.788
30.17 0.771
30.887 0.717
31.587 0.7
32.316 0.729
33.082 0.766
33.922 0.84
34.716 0.794
35.545 0.829
36.391 0.846
37.245 0.854
38.055 0.81
38.809 0.754
39.562 0.753
40.314 0.752
41.078 0.764
41.88 0.802
42.624 0.744
43.355 0.731
44.093 0.738
44.875 0.782
45.675 0.8
46.496 0.821
47.284 0.788
48.008 0.724
48.711 0.703
49.426 0.715
50.177 0.751
50.981 0.804
51.801 0.82
52.575 0.774
53.318 0.743
54.041 0.723
54.801 0.76
55.603 0.802
56.443 0.84
57.27 0.827
58.09 0.82
58.837 0.747
59.537 0.7
60.218 0.681
60.911 0.693
61.625 0.714
62.461 0.836
63.29 0.829
64.113 0.823
64.866 0.753
65.594 0.728
66.298 0.704
67.012 0.714
67.817 0.805
68.646 0.829
69.487 0.841
70.341 0.854
71.164 0.823
71.912 0.748
72.615 0.703
73.293 0.678
73.968 0.675
74.686 0.718
75.533 0.847
76.396 0.863
77.287 0.891
78.155 0.868
78.953 0.798
79.692 0.739
80.399 0.707
81.086 0.687
81.804 0.718
82.58 0.776
83.399 0.819
84.244 0.845
85.05 0.806
85.801 0.751
86.505 0.704
87.187 0.682
87.848 0.661
88.486 0.638
89.18 0.694
90.077 0.897
90.993 0.916
91.851 0.858
92.708 0.857
93.547 0.839
94.342 0.795
95.095 0.753
95.79 0.695
96.466 0.676
97.125 0.659
97.774 0.649
98.527 0.753
99.462 0.935
100.398 0.936
101.29 0.892
102.178 0.888
103.023 0.845
103.803 0.78
104.527 0.724
105.217 0.69
105.885 0.668
106.567 0.682
107.444 0.877
108.317 0.873
109.166 0.849
110.012 0.846
110.84 0.828
111.644 0.804
112.414 0.77
113.162 0.748
113.897 0.735
114.6 0.703
115.29 0.69
115.97 0.68
116.647 0.677
117.435 0.788
118.364 0.929
119.271 0.907
120.132 0.861
120.978 0.846
121.747 0.769
122.459 0.712
123.117 0.658
123.766 0.649
124.386 0.62
125.02 0.634
125.729 0.709
126.555 0.826
127.439 0.884
128.298 0.859
129.125 0.827
129.936 0.811
130.707 0.771
131.426 0.719
132.117 0.691
132.794 0.677
133.483 0.689
134.363 0.88
135.241 0.878
136.07 0.829
136.921 0.851
137.698 0.777
138.42 0.722
139.101 0.681
139.742 0.641
140.365 0.623
140.984 0.619
141.612 0.628
142.252 0.64
142.885 0.633
143.523 0.638
144.225 0.702
145.005 0.78
145.824 0.819
146.658 0.834
147.461 0.803
148.226 0.765
148.932 0.706
149.62 0.688
150.275 0.655
150.933 0.658
151.697 0.764
152.618 0.921
153.54 0.922
154.486 0.946
155.319 0.833
156.119 0.8
156.881 0.762
157.614 0.733
158.301 0.687
158.969 0.668
159.599 0.63
160.25 0.651
161.127 0.877
162.032 0.905
162.955 0.923
163.9 0.945
164.748 0.848
165.552 0.804
166.288 0.736
166.984 0.696
167.652 0.668
168.301 0.649
168.988 0.687
169.751 0.763
170.569 0.818
171.368 0.799
172.17 0.802
173.033 0.863
173.894 0.861
174.739 0.845
175.547 0.808
176.315 0.768
177.071 0.756
177.784 0.713
178.47 0.686
179.141 0.671
179.783 0.642
180.421 0.638
181.127 0.706
182.002 0.875
182.884 0.882
183.789 0.905
184.64 0.851
185.389 0.749
186.092 0.703
186.768 0.676
187.41 0.642
188.019 0.609
188.614 0.595
189.216 0.602
189.823 0.607
190.493 0.67
191.248 0.755
192.049 0.801
192.856 0.807
193.621 0.765
194.364 0.743
195.092 0.728
195.82 0.728
196.587 0.767
197.352 0.765
198.112 0.76
198.885 0.773
199.658 0.773
200.412 0.754
201.142 0.73
201.835 0.693
202.509 0.674
203.178 0.669
203.869 0.691
204.643 0.774
205.494 0.851
206.36 0.866
207.203 0.843
208.023 0.82
208.827 0.804
209.587 0.76
210.331 0.744
211.054 0.723
211.798 0.744
212.57 0.772
213.365 0.795
214.198 0.833
215.023 0.825
215.846 0.823
216.665 0.819
217.472 0.807
218.245 0.773
219.0 0.755
219.74 0.74
220.49 0.75
221.252 0.762
222.022 0.77
222.792 0.77
223.536 0.744
224.292 0.756
225.074 0.782
225.886 0.812
226.722 0.836
227.559 0.837
228.397 0.838
229.163 0.766
229.913 0.75
230.657 0.744
231.403 0.746
232.167 0.764
232.947 0.78
233.737 0.79
234.515 0.778
235.284 0.769
236.018 0.734
236.741 0.723
237.459 0.718
238.186 0.727
238.942 0.756
239.735 0.793
240.534 0.799
241.346 0.812
242.116 0.77
242.869 0.753
243.608 0.739
244.327 0.719
245.055 0.728
245.791 0.736
246.552 0.761
247.318 0.766
248.055 0.737
248.784 0.729
249.511 0.727
250.223 0.712
250.946 0.723
251.686 0.74
252.399 0.713
253.114 0.715
253.827 0.713
254.556 0.729
255.312 0.756
256.095 0.783
256.887 0.792
257.675 0.788
258.425 0.75
259.152 0.727
259.865 0.713
260.573 0.708
261.276 0.703
261.994 0.718
262.727 0.733
263.479 0.752
264.246 0.767
265.015 0.769
265.772 0.757
266.497 0.725
267.21 0.713
267.908 0.698
268.606 0.698
269.317 0.711
270.053 0.736
270.811 0.758
271.574 0.763
272.285 0.711
272.968 0.683
273.629 0.661
274.256 0.627
274.872 0.616
275.477 0.605
276.085 0.608
276.722 0.637
277.371 0.649
278.071 0.7
278.804 0.733
279.559 0.755
280.284 0.725
280.999 0.715
281.713 0.714
282.424 0.711
283.13 0.706
283.821 0.691
284.516 0.695
285.2 0.684
285.875 0.675
286.596 0.721
287.403 0.807
288.212 0.809
289.032 0.82
289.831 0.799
290.6 0.769
291.324 0.724
292.019 0.695
292.691 0.672
293.35 0.659
294.008 0.658
294.698 0.69
295.458 0.76
296.275 0.817
297.091 0.816
297.851 0.76
298.596 0.745
299.352 0.756
300.105 0.753
300.855 0.75
301.573 0.718
302.27 0.697
302.96 0.69
303.643 0.683
304.35 0.707
305.079 0.729
305.818 0.739
306.56 0.742
307.296 0.736
308.006 0.71
308.711 0.705
309.405 0.694
310.109 0.704
310.821 0.712
311.566 0.745
312.319 0.753
313.076 0.757
313.824 0.748
314.53 0.706
315.233 0.703
315.924 0.691
316.625 0.701
317.336 0.711
318.084 0.748
318.84 0.756
319.587 0.747
320.321 0.734
321.016 0.695
321.708 0.692
322.382 0.674
323.044 0.662
323.746 0.702
324.488 0.742
325.255 0.767
326.035 0.78
326.799 0.764
327.526 0.727
328.231 0.705
328.915 0.684
329.586 0.671
330.247 0.661
330.906 0.659
331.563 0.657
332.253 0.69
333.033 0.78
333.855 0.822
334.689 0.834
335.503 0.814
336.279 0.776
337.025 0.746
337.75 0.725
338.443 0.693
339.118 0.675
339.786 0.668
340.445 0.659
341.114 0.669
341.815 0.701
342.564 0.749
343.341 0.777
344.094 0.753
344.825 0.731
345.535 0.71
346.242 0.707
346.918 0.676
347.569 0.651
348.233 0.664
348.931 0.698
349.817 0.886
350.636 0.819
351.449 0.813
352.24 0.791
353.004 0.764
353.718 0.714
354.403 0.685
355.065 0.662
355.726 0.661
356.431 0.705
357.324 0.893
358.229 0.905
359.158 0.929
360.086 0.928
360.898 0.812
361.674 0.776
362.43 0.756
363.178 0.748
363.901 0.723
364.587 0.686
365.265 0.678
365.929 0.664
366.583 0.654
367.265 0.682
368.075 0.81
368.99 0.915
369.857 0.867
370.702 0.845
371.517 0.815
372.304 0.787
373.049 0.745
373.781 0.732
374.5 0.719
375.206 0.706
375.917 0.711
376.632 0.715
377.359 0.727
378.099 0.74
378.849 0.75
379.602 0.753
380.355 0.753
381.11 0.755
381.875 0.765
382.637 0.762
383.402 0.765
384.16 0.758
384.906 0.746
385.665 0.759
386.421 0.756
387.174 0.753
387.935 0.761
388.693 0.758
389.462 0.769
390.232 0.77
390.966 0.734
391.712 0.746
392.483 0.771
393.29 0.807
394.103 0.813
394.922 0.819
395.692 0.77
396.442 0.75
397.173 0.731
397.897 0.724
398.626 0.729
399.356 0.73
400.1 0.744
400.855 0.755
401.611 0.756
402.338 0.727
403.063 0.725
403.78 0.717
404.488 0.708
405.207 0.719
405.934 0.727
406.684 0.75
407.451 0.767
408.215 0.764
408.958 0.743
409.678 0.72
410.377 0.699
411.048 0.671
411.722 0.674
412.4 0.678
413.082 0.682
413.796 0.714
414.515 0.719
415.261 0.746
416.053 0.792
416.791 0.738
417.506 0.715
418.277 0.771
419.051 0.774
419.814 0.763
420.545 0.731
421.228 0.683
421.888 0.66
422.531 0.643
423.172 0.641
423.851 0.679
424.558 0.707
425.272 0.714
426.013 0.741
426.762 0.749
427.462 0.7
428.141 0.679
428.804 0.663
429.496 0.692
430.264 0.768
431.045 0.781
431.852 0.807
432.648 0.796
433.42 0.772
434.158 0.738
434.863 0.705
435.534 0.671
436.187 0.653
436.826 0.639
437.475 0.649
438.189 0.714
439.087 0.898
439.982 0.895
440.912 0.93
441.746 0.834
442.535 0.789
443.273 0.738
443.985 0.712
444.669 0.684
445.319 0.65
445.959 0.64
446.579 0.62
447.195 0.616
447.842 0.647
448.602 0.76
449.391 0.789
450.214 0.823
451.034 0.82
451.849 0.815
452.634 0.785
453.389 0.755
454.101 0.712
454.771 0.67
455.43 0.659
456.081 0.651
456.715 0.634
457.362 0.647
458.027 0.665
458.704 0.677
459.369 0.665
460.034 0.665
460.692 0.658
461.355 0.663
462.033 0.678
462.698 0.665
463.367 0.669
464.032 0.665
464.679 0.647
465.322 0.643
465.958 0.636
466.6 0.642
467.247 0.647
467.917 0.67
468.615 0.698
469.315 0.7
470.025 0.71
470.735 0.71
471.466 0.731
472.195 0.729
472.91 0.715
473.615 0.705
474.309 0.694
474.979 0.67
475.614 0.635
476.252 0.638
476.887 0.635
477.552 0.665
478.282 0.73
479.066 0.784
479.893 0.827
480.714 0.821
481.479 0.765
482.232 0.753
482.971 0.739
483.707 0.736
484.446 0.739
485.19 0.744
485.928 0.738
486.65 0.722
487.36 0.71
488.062 0.702
488.769 0.707
489.511 0.742
490.269 0.758
491.045 0.776
491.824 0.779
492.6 0.776
493.327 0.727
494.047 0.72
494.747 0.7
495.449 0.702
496.163 0.714
496.912 0.749
497.697 0.785
498.48 0.783
499.266 0.786
500.016 0.75
500.754 0.738
501.466 0.712
502.179 0.713
502.906 0.727
503.648 0.742
504.413 0.765
505.181 0.768
505.962 0.781
506.72 0.758
507.441 0.721
508.145 0.704
508.832 0.687
509.509 0.677
510.188 0.679
510.901 0.713
511.672 0.771
512.454 0.782
513.241 0.787
514.031 0.79
514.797 0.766
515.536 0.739
516.257 0.721
516.967 0.71
517.674 0.707
518.384 0.71
519.105 0.721
519.822 0.717
520.519 0.697
521.194 0.675
521.861 0.667
522.523 0.662
523.204 0.681
523.943 0.739
524.689 0.746
525.42 0.731
526.12 0.7
526.778 0.658
527.428 0.65
528.078 0.65
528.72 0.642
529.352 0.632
529.97 0.618
530.581 0.611
531.181 0.6
531.789 0.608
532.444 0.655
533.187 0.743
533.948 0.761
534.704 0.756
535.46 0.756
536.212 0.752
536.979 0.767
537.729 0.75
538.476 0.747
539.218 0.742
539.956 0.738
540.689 0.733
541.408 0.719
542.122 0.714
542.837 0.715
543.562 0.725
544.274 0.712
544.991 0.717
545.726 0.735
546.468 0.742
547.242 0.774
548.03 0.788
548.785 0.755
549.55 0.765
550.307 0.757
551.046 0.739
551.752 0.706
552.468 0.716
553.183 0.715
553.9 0.717
554.627 0.727
555.371 0.744
556.096 0.725
556.826 0.73
557.558 0.732
558.297 0.739
559.045 0.748
559.78 0.735
560.481 0.701
561.176 0.695
561.854 0.678
562.533 0.679
563.224 0.691
563.953 0.729
564.721 0.768
565.469 0.748
566.2 0.731
566.948 0.748
567.696 0.748
568.449 0.753
569.183 0.734
569.918 0.735
570.649 0.731
571.373 0.724
572.097 0.724
572.841 0.744
573.547 0.706
574.257 0.71
574.959 0.702
575.663 0.704
576.37 0.707
577.081 0.711
577.789 0.708
578.509 0.72
579.283 0.774
580.107 0.824
580.951 0.844
581.816 0.865
582.665 0.849
583.455 0.79
584.248 0.793
584.997 0.749
585.726 0.729
586.437 0.711
587.143 0.706
587.859 0.716
588.58 0.721
589.324 0.744
590.081 0.757
590.832 0.751
591.614 0.782
592.398 0.784
593.187 0.789
593.931 0.744
594.694 0.763
595.432 0.738
596.174 0.742
596.879 0.705
597.572 0.693
598.269 0.697
598.967 0.698
599.694 0.727
600.452 0.758
601.209 0.757
601.932 0.723
602.666 0.734
603.4 0.734
604.16 0.76
604.971 0.811
605.75 0.779
606.553 0.803
607.331 0.778
608.074 0.743
608.816 0.742
609.543 0.727
610.222 0.679
610.883 0.661
611.542 0.659
612.224 0.682
612.904 0.68
613.559 0.655
614.203 0.644
614.868 0.665
615.582 0.714
616.289 0.707
616.989 0.7
617.676 0.687
618.34 0.664
618.988 0.648
619.619 0.631