0.000 1.208
1.208 1.208
2.023 0.815
3.758 1.735
4.641 0.883
5.673 1.032
6.75 1.077
7.792 1.042
8.747 0.955
9.736 0.989
10.717 0.981
11.77 1.053
12.781 1.011
13.798 1.017
14.886 1.088
16.026 1.14
17.178 1.152
18.341 1.163
19.438 1.097
20.644 1.206
21.717 1.073
22.831 1.114
24.097 1.266
25.385 1.288
26.609 1.224
27.789 1.18
29.084 1.295
30.421 1.337
31.686 1.265
33.078 1.392
34.5 1.422
35.832 1.332
37.206 1.374
38.66 1.454
39.997 1.337
41.301 1.304
42.692 1.391
43.953 1.261
45.143 1.19
46.411 1.268
47.632 1.221
48.657 1.025
49.679 1.022
51.008 1.329
52.263 1.255
53.553 1.29
54.872 1.319
56.168 1.296
57.365 1.197
58.653 1.288
59.958 1.305
61.208 1.25
62.532 1.324
63.832 1.3
65.085 1.253
66.434 1.349
67.737 1.303
69.012 1.275
70.356 1.344
71.632 1.276
72.874 1.242
74.243 1.369
75.537 1.294
76.823 1.286
78.161 1.338
79.384 1.223
80.701 1.317
81.988 1.287
83.229 1.241
84.595 1.366
85.822 1.227
87.085 1.263
88.337 1.252
89.543 1.206
90.744 1.201
92.053 1.309
93.264 1.211
94.489 1.225
95.758 1.269
97.003 1.245
98.269 1.266
99.525 1.256
100.722 1.197
101.935 1.213
103.147 1.212
104.296 1.149
105.556 1.26
106.91 1.354
108.167 1.257
109.419 1.252
110.681 1.262
111.911 1.23
113.253 1.342
114.605 1.352
115.918 1.313
117.261 1.343
118.521 1.26
119.782 1.261
121.134 1.352
122.431 1.297
123.72 1.289
125.042 1.322
126.322 1.28
127.581 1.259
128.911 1.33
130.178 1.267
131.445 1.267
132.807 1.362
134.113 1.306
135.427 1.314
136.771 1.344
137.948 1.177
139.2 1.252
140.433 1.233
141.651 1.218
142.985 1.334
144.274 1.289
145.521 1.247
146.856 1.335
148.13 1.274
149.412 1.282
150.734 1.322
152.015 1.281
153.254 1.239
154.515 1.261
155.806 1.291
157.035 1.229
158.302 1.267
159.63 1.328
160.901 1.271
162.157 1.256
163.487 1.33
164.759 1.272
165.99 1.231
167.32 1.33
168.584 1.264
169.815 1.231
171.093 1.278
172.322 1.229
173.554 1.232
174.847 1.293
176.087 1.24
177.292 1.205
178.538 1.246
179.715 1.177
180.86 1.145
182.063 1.203
183.286 1.223
184.486 1.2
185.763 1.277
186.984 1.221
188.19 1.206
189.453 1.263
190.655 1.202
191.8 1.145
193.07 1.27
194.308 1.238
195.392 1.084
196.586 1.194
197.776 1.19
198.908 1.132
200.204 1.296
201.489 1.285
202.714 1.225
204.043 1.329
205.292 1.249
206.499 1.207
207.775 1.276
208.996 1.221
210.172 1.176
211.424 1.252
212.595 1.171
213.775 1.18
215.079 1.304
216.306 1.227
217.453 1.147
218.578 1.125
219.635 1.057
220.586 0.951
221.75 1.164
222.877 1.127
224.093 1.216
225.383 1.29
226.585 1.202
227.704 1.119
228.911 1.207
230.166 1.255
231.295 1.129
232.522 1.227
233.733 1.211
234.931 1.198
236.178 1.247
237.383 1.205
238.513 1.13
239.755 1.242
240.938 1.183
242.027 1.089
243.214 1.187
244.426 1.212
245.483 1.057
246.588 1.105
247.815 1.227
248.993 1.178
250.151 1.158
251.432 1.281
252.677 1.245
253.817 1.14
255.034 1.217
256.276 1.242
257.422 1.146
258.648 1.226
259.846 1.198
260.949 1.103
262.153 1.204
263.386 1.233
264.576 1.19
265.855 1.279
267.125 1.27
268.324 1.199
269.604 1.28
270.871 1.267
272.027 1.156
273.222 1.195
274.438 1.216
275.568 1.13
276.792 1.224
278.018 1.226
279.2 1.182
280.46 1.26
281.701 1.241
282.854 1.153
284.094 1.24
285.315 1.221
286.521 1.206
287.856 1.335
289.088 1.232
290.232 1.144
291.489 1.257
292.684 1.195
293.871 1.187
295.144 1.273
296.373 1.229
297.544 1.171
298.822 1.278
299.974 1.152
301.041 1.067
302.206 1.165
303.525 1.319
304.695 1.17
305.911 1.216
307.104 1.193
308.217 1.113
309.425 1.208
310.692 1.267
311.866 1.174
313.077 1.211
314.188 1.111
315.23 1.042
316.192 0.962
317.115 0.923
317.975 0.86
318.794 0.819
319.611 0.817
320.494 0.883
321.912 1.418
323.214 1.302
324.477 1.263
325.673 1.196
326.866 1.193
328.021 1.155
329.028 1.007
330.022 0.994
330.913 0.891
331.778 0.865
332.786 1.008
333.832 1.046
335.05 1.218
336.387 1.337
337.587 1.2
338.773 1.186
340.092 1.319
341.317 1.225
342.404 1.087
343.381 0.977
344.6 1.219
346.033 1.433
347.398 1.365
348.663 1.265
349.905 1.242
351.243 1.338
352.578 1.335
353.795 1.217
355.075 1.28
356.379 1.304
357.623 1.244
358.786 1.163
360.041 1.255
361.306 1.265
362.376 1.07
363.464 1.088
364.614 1.15
365.855 1.241
366.863 1.008
367.868 1.005
368.95 1.082
370.135 1.185
371.356 1.221
372.468 1.112
373.659 1.191
374.887 1.228
376.049 1.162
377.302 1.253
378.527 1.225
379.725 1.198
380.983 1.258
382.163 1.18
383.446 1.283
384.709 1.263
385.946 1.237
387.232 1.286
388.414 1.182
389.582 1.168
390.825 1.243
392.031 1.206
393.277 1.246
394.533 1.256
395.697 1.164
396.919 1.222
398.208 1.289
399.414 1.206
400.564 1.15
401.785 1.221
402.966 1.181
404.103 1.137
405.282 1.179
406.514 1.232
407.629 1.115
408.796 1.167
410.041 1.245
411.251 1.21
412.302 1.051
413.398 1.096
414.547 1.149
415.645 1.098
416.77 1.125
418.033 1.263
419.219 1.186
420.321 1.102
421.48 1.159
422.645 1.165
423.686 1.041
424.726 1.04
425.809 1.083
426.823 1.014
427.808 0.985
428.852 1.044
429.987 1.135
430.96 0.973
431.899 0.939
432.998 1.099
434.026 1.028
435.117 1.091
436.275 1.158
436.542 0.267
436.826 0.284
437.19 0.364
437.459 0.269
437.762 0.303
438.039 0.277
438.292 0.253
439.065 0.773
439.356 0.291
439.698 0.342
443.438 3.74
444.625 1.187
445.745 1.12
446.963 1.218
447.666 0.703
447.965 0.299
448.23 0.265
448.544 0.314
448.988 0.444
449.35 0.362
449.801 0.451
450.057 0.256
450.34 0.283
450.625 0.285
450.964 0.339
451.247 0.283
451.646 0.399
452.002 0.356
454.309 2.307
455.756 1.447
456.658 0.902
456.95 0.292
457.296 0.346
457.668 0.372
457.974 0.306
458.297 0.323
458.691 0.394
459.035 0.344
459.294 0.259
460.181 0.887
461.077 0.896
461.568 0.491
461.896 0.328
462.169 0.273
462.62 0.451
464.035 1.415
467.5 3.465
468.335 0.835
468.603 0.268
468.89 0.287
469.257 0.367
469.749 0.492
470.08 0.331
470.593 0.513
470.907 0.314
472.61 1.703
472.891 0.281
473.399 0.508
474.614 1.215
474.978 0.364
475.341 0.363
475.869 0.528
476.267 0.398
476.518 0.251
477.127 0.609
478.188 1.061
478.511 0.323
480.135 1.624
482.168 2.033
482.988 0.82
483.258 0.27
483.854 0.596
485.25 1.396
486.29 1.04
486.614 0.324
487.21 0.596
487.466 0.256
487.877 0.411
488.131 0.254
488.449 0.318
490.068 1.619
490.511 0.443
490.99 0.479
491.809 0.819
492.084 0.275
492.479 0.395
492.792 0.313
493.098 0.306
493.441 0.343
493.92 0.479
495.249 1.329
495.667 0.418
495.966 0.299
496.248 0.282
496.723 0.475
497.571 0.848
498.083 0.512
500.006 1.923
501.832 1.826
502.167 0.335
502.424 0.257
502.762 0.338
503.527 0.765
503.825 0.298
504.114 0.289
504.544 0.43
504.808 0.264
505.28 0.472
505.951 0.671
506.287 0.336
506.575 0.288
508.199 1.624
508.473 0.274
508.801 0.328
509.425 0.624
510.234 0.809
510.808 0.574
511.252 0.444
512.349 1.097
512.729 0.38
512.982 0.253
513.412 0.43
513.678 0.266
513.974 0.296
514.293 0.319
514.952 0.659
515.224 0.272
515.486 0.262
515.984 0.498
517.1 1.116
517.633 0.533
518.726 1.093
519.157 0.431
519.472 0.315
519.856 0.384
520.249 0.393
520.546 0.297
520.85 0.304
521.172 0.322
521.44 0.268
521.776 0.336
522.104 0.328
522.358 0.254
522.636 0.278
523.053 0.417
523.569 0.516
523.883 0.314
524.392 0.509
524.68 0.288
525.391 0.711
525.884 0.493
526.369 0.485
526.714 0.345
527.051 0.337