0.000 0.687
0.687 0.687
1.47 0.783
2.219 0.749
2.969 0.75
3.736 0.767
4.493 0.757
5.249 0.756
6.009 0.76
6.794 0.785
7.604 0.81
8.441 0.837
9.275 0.834
10.109 0.834
10.906 0.797
11.664 0.758
12.501 0.837
13.39 0.889
14.335 0.945
15.313 0.978
16.267 0.954
17.163 0.896
18.062 0.899
18.945 0.883
19.833 0.888
20.708 0.875
21.593 0.885
22.455 0.862
23.318 0.863
24.19 0.872
25.044 0.854
25.93 0.886
26.828 0.898
27.755 0.927
28.669 0.914
29.55 0.881
30.397 0.847
31.223 0.826
32.02 0.797
32.77 0.75
33.498 0.728
34.315 0.817
35.203 0.888
36.154 0.951
37.115 0.961
38.091 0.976
39.044 0.953
39.973 0.929
40.872 0.899
41.744 0.872
42.591 0.847
43.422 0.831
44.295 0.873
45.248 0.953
46.249 1.001
47.259 1.01
48.262 1.003
49.233 0.971
50.192 0.959
51.119 0.927
52.013 0.894
52.876 0.863
53.793 0.917
54.751 0.958
55.718 0.967
56.674 0.956
57.61 0.936
58.537 0.927
59.466 0.929
60.404 0.938
61.314 0.91
62.178 0.864
63.023 0.845
63.929 0.906
64.878 0.949
65.843 0.965
66.813 0.97
67.805 0.992
68.771 0.966
69.716 0.945
70.642 0.926
71.529 0.887
72.384 0.855
73.23 0.846
74.122 0.892
75.066 0.944
76.055 0.989
77.047 0.992
77.989 0.942
78.885 0.896
79.699 0.814
80.409 0.71
81.105 0.696
81.818 0.713
82.534 0.716
83.294 0.76
84.142 0.848
85.017 0.875
85.927 0.91
86.847 0.92
87.762 0.915
88.65 0.888
89.504 0.854
90.321 0.817
91.178 0.857
92.034 0.856
92.924 0.89
93.871 0.947
94.85 0.979
95.823 0.973
96.75 0.927
97.637 0.887
98.558 0.921
99.499 0.941
100.465 0.966
101.445 0.98
102.417 0.972
103.35 0.933
104.237 0.887
105.16 0.923
106.094 0.934
107.033 0.939
107.972 0.939
108.899 0.927
109.813 0.914
110.703 0.89
111.546 0.843
112.36 0.814
113.206 0.846
114.081 0.875
115.006 0.925
115.966 0.96
116.906 0.94
117.812 0.906
118.675 0.863
119.563 0.888
120.461 0.898
121.388 0.927
122.301 0.913
123.21 0.909
124.118 0.908
125.017 0.899
125.897 0.88
126.745 0.848
127.558 0.813
128.418 0.86
129.326 0.908
130.285 0.959
131.269 0.984
132.261 0.992
133.238 0.977
134.157 0.919
135.032 0.875
135.881 0.849
136.788 0.907
137.744 0.956
138.722 0.978
139.72 0.998
140.719 0.999
141.722 1.003
142.712 0.99
143.65 0.938
144.531 0.881
145.383 0.852
146.269 0.886
147.176 0.907
148.11 0.934
149.05 0.94
149.99 0.94
150.886 0.896
151.745 0.859
152.575 0.83
153.464 0.889
154.414 0.95
155.385 0.971
156.366 0.981
157.34 0.974
158.279 0.939
159.16 0.881
159.991 0.831
160.833 0.842
161.706 0.873
162.64 0.934
163.615 0.975
164.597 0.982
165.572 0.975
166.532 0.96
167.483 0.951
168.423 0.94
169.36 0.937
170.244 0.884
171.09 0.846
171.939 0.849
172.801 0.862
173.698 0.897
174.623 0.925
175.568 0.945
176.509 0.941
177.407 0.898
178.256 0.849
179.129 0.873
180.037 0.908
180.975 0.938
181.93 0.955
182.894 0.964
183.804 0.91
184.662 0.858
185.518 0.856
186.409 0.891
187.329 0.92
188.259 0.93
189.19 0.931
190.13 0.94
191.027 0.897
191.875 0.848
192.702 0.827
193.588 0.886
194.529 0.941
195.497 0.968
196.46 0.963
197.408 0.948
198.341 0.933
199.228 0.887
200.076 0.848
200.918 0.842
201.828 0.91
202.807 0.979
203.824 1.017
204.818 0.994
205.794 0.976
206.741 0.947
207.654 0.913
208.527 0.873
209.359 0.832
210.234 0.875
211.143 0.909
212.089 0.946
213.05 0.961
214.023 0.973
214.964 0.941
215.868 0.904
216.737 0.869
217.641 0.904
218.548 0.907
219.477 0.929
220.4 0.923
221.332 0.932
222.265 0.933
223.197 0.932
224.126 0.929
225.02 0.894
225.871 0.851
226.7 0.829
227.557 0.857
228.446 0.889
229.365 0.919
230.295 0.93
231.24 0.945
232.164 0.924
233.036 0.872
233.857 0.821
234.627 0.77
235.455 0.828
236.308 0.853
237.184 0.876
238.082 0.898
238.998 0.916
239.918 0.92
240.792 0.874
241.621 0.829
242.405 0.784
243.218 0.813
244.088 0.87
244.993 0.905
245.942 0.949
246.897 0.955
247.843 0.946
248.765 0.922
249.666 0.901
250.531 0.865
251.362 0.831
252.143 0.781
252.928 0.785
253.84 0.912
254.832 0.992
255.855 1.023
256.874 1.019
257.872 0.998
258.848 0.976
259.769 0.921
260.632 0.863
261.434 0.802
262.206 0.772
263.028 0.822
263.891 0.863
264.774 0.883
265.678 0.904
266.587 0.909
267.495 0.908
268.394 0.899
269.274 0.88
270.107 0.833
270.871 0.764
271.681 0.81
272.549 0.868
273.459 0.91
274.407 0.948
275.325 0.918
276.208 0.883
277.084 0.876
277.998 0.914
278.936 0.938
279.88 0.944
280.808 0.928
281.716 0.908
282.574 0.858
283.373 0.799
284.151 0.778
284.965 0.814
285.875 0.91
286.832 0.957
287.799 0.967
288.762 0.963
289.662 0.9
290.514 0.852
291.374 0.86
292.254 0.88
293.156 0.902
294.073 0.917
294.991 0.918
295.895 0.904
296.802 0.907
297.702 0.9
298.576 0.874
299.416 0.84
300.213 0.797
301.074 0.861
301.984 0.91
302.959 0.975
303.933 0.974
304.895 0.962
305.839 0.944
306.766 0.927
307.667 0.901
308.527 0.86
309.344 0.817
310.196 0.852
311.081 0.885
312.0 0.919
312.953 0.953
313.912 0.959
314.866 0.954
315.796 0.93
316.665 0.869
317.482 0.817
318.243 0.761
319.107 0.864
320.031 0.924
321.028 0.997
322.04 1.012
323.049 1.009
324.028 0.979
324.947 0.919
325.797 0.85
326.636 0.839
327.497 0.861
328.381 0.884
329.274 0.893
330.148 0.874
330.999 0.851
331.876 0.877
332.81 0.934
333.776 0.966
334.743 0.967
335.672 0.929
336.578 0.906
337.463 0.885
338.322 0.859
339.152 0.83
339.946 0.794
340.834 0.888
341.741 0.907
342.701 0.96
343.673 0.972
344.631 0.958
345.58 0.949
346.521 0.941
347.411 0.89
348.253 0.842
349.096 0.843
349.97 0.874
350.891 0.921
351.851 0.96
352.82 0.969
353.784 0.964
354.733 0.949
355.658 0.925
356.532 0.874
357.363 0.831
358.147 0.784
359.006 0.859
359.913 0.907
360.876 0.963
361.845 0.969
362.824 0.979
363.793 0.969
364.739 0.946
365.626 0.887
366.465 0.839
367.255 0.79
368.119 0.864
369.017 0.898
369.978 0.961
370.947 0.969
371.916 0.969
372.87 0.954
373.765 0.895
374.608 0.843
375.408 0.8
376.25 0.842
377.115 0.865
378.0 0.885
378.914 0.914
379.846 0.932
380.772 0.926
381.653 0.881
382.488 0.835
383.324 0.836
384.215 0.891
385.146 0.931
386.086 0.94
387.012 0.926
387.921 0.909
388.815 0.894
389.69 0.875
390.561 0.871
391.395 0.834
392.174 0.779
392.923 0.749
393.723 0.8
394.626 0.903
395.562 0.936
396.529 0.967
397.478 0.949
398.439 0.961
399.377 0.938
400.265 0.888
401.093 0.828
401.848 0.755
402.644 0.796
403.494 0.85
404.374 0.88
405.281 0.907
406.203 0.922
407.137 0.934
408.072 0.935
408.992 0.92
409.878 0.886
410.701 0.823
411.462 0.761
412.262 0.8
413.141 0.879
414.044 0.903
414.984 0.94
415.935 0.951
416.878 0.943
417.81 0.932
418.698 0.888
419.542 0.844
420.321 0.779
421.125 0.804
421.993 0.868
422.89 0.897
423.851 0.961
424.82 0.969
425.784 0.964
426.703 0.919
427.556 0.853
428.367 0.811
429.224 0.857
430.093 0.869
430.984 0.891
431.886 0.902
432.797 0.911
433.708 0.911
434.63 0.922
435.537 0.907
436.4 0.863
437.221 0.821
438.006 0.785
438.865 0.859
439.759 0.894
440.704 0.945
441.659 0.955
442.601 0.942
443.534 0.933
444.455 0.921
445.379 0.924
446.29 0.911
447.188 0.898
448.041 0.853
448.861 0.82
449.646 0.785
450.51 0.864
451.415 0.905
452.372 0.957
453.353 0.981
454.323 0.97
455.272 0.949
456.165 0.893
456.989 0.824
457.761 0.772
458.596 0.835
459.47 0.874
460.371 0.901
461.284 0.913
462.218 0.934
463.155 0.937
464.086 0.931
465.013 0.927
465.914 0.901
466.774 0.86
467.578 0.804
468.389 0.811
469.254 0.865
470.151 0.897
471.075 0.924
472.011 0.936
472.939 0.928
473.829 0.89
474.668 0.839
475.462 0.794
476.29 0.828
477.156 0.866
478.046 0.89
478.969 0.923
479.897 0.928
480.832 0.935
481.763 0.931
482.68 0.917
483.604 0.924
484.534 0.93
485.468 0.934
486.383 0.915
487.266 0.883
488.103 0.837
488.955 0.852
489.844 0.889
490.776 0.932
491.743 0.967
492.7 0.957
493.646 0.946
494.566 0.92
495.44 0.874
496.254 0.814
497.095 0.841
497.965 0.87
498.868 0.903
499.79 0.922
500.698 0.908
501.595 0.897
502.489 0.894
503.369 0.88
504.222 0.853
505.031 0.809
505.826 0.795
506.7 0.874
507.6 0.9
508.549 0.949
509.507 0.958
510.452 0.945
511.377 0.925
512.278 0.901
513.159 0.881
513.96 0.801
514.702 0.742
515.442 0.74
516.213 0.771
517.065 0.852
517.948 0.883
518.878 0.93
519.784 0.906
520.659 0.875
521.585 0.926
522.522 0.937
523.468 0.946
524.386 0.918
525.287 0.901
526.171 0.884
527.021 0.85
527.83 0.809
528.659 0.829
529.532 0.873
530.434 0.902
531.359 0.925
532.274 0.915
533.163 0.889
534.078 0.915
535.01 0.932
535.957 0.947
536.9 0.943
537.831 0.931
538.716 0.885
539.557 0.841
540.389 0.832
541.275 0.886
542.2 0.925
543.111 0.911
543.983 0.872
544.736 0.753
545.445 0.709
546.18 0.735
547.003 0.823
547.832 0.829
548.613 0.781
549.375 0.762
550.223 0.848
551.122 0.899
552.045 0.923
552.985 0.94
553.911 0.926
554.837 0.926
555.75 0.913
556.654 0.904
557.557 0.903
558.434 0.877
559.278 0.844
560.146 0.868
561.067 0.921
562.045 0.978
563.013 0.968
563.967 0.954
564.938 0.971
565.907 0.969
566.875 0.968
567.826 0.951
568.724 0.898
569.581 0.857
570.454 0.873
571.368 0.914
572.323 0.955
573.31 0.987
574.306 0.996
575.296 0.99
576.243 0.947
577.17 0.927
578.084 0.914
579.001 0.917
579.945 0.944
580.904 0.959
581.834 0.93
582.719 0.885
583.593 0.874
584.486 0.893
585.389 0.903
586.294 0.905
587.183 0.889
588.061 0.878
588.929 0.868
589.81 0.881
590.678 0.868
591.515 0.837
592.359 0.844
593.228 0.869
594.131 0.903
595.049 0.918
595.979 0.93
596.878 0.899
597.737 0.859
598.61 0.873
599.505 0.895
600.421 0.916
601.31 0.889
602.178 0.868
602.98 0.802
603.704 0.724
604.417 0.713
605.164 0.747
606.004 0.84
606.904 0.9
607.839 0.935