0.000 0.562
0.562 0.562
1.124 0.562
1.694 0.57
2.276 0.582
2.858 0.582
3.44 0.582
4.037 0.597
4.646 0.609
5.256 0.61
5.876 0.62
6.503 0.627
7.119 0.616
7.75 0.631
8.384 0.634
9.043 0.659
9.708 0.665
10.38 0.672
11.127 0.747
11.941 0.814
12.767 0.826
13.602 0.835
14.392 0.79
15.159 0.767
15.937 0.778
16.706 0.769
17.449 0.743
18.168 0.719
18.866 0.698
19.523 0.657
20.207 0.684
20.897 0.69
21.584 0.687
22.239 0.655
22.932 0.693
23.642 0.71
24.376 0.734
25.1 0.724
25.801 0.701
26.474 0.673
27.152 0.678
27.853 0.701
28.59 0.737
29.354 0.764
30.143 0.789
30.943 0.8
31.71 0.767
32.414 0.704
33.087 0.673
33.79 0.703
34.489 0.699
35.192 0.703
35.839 0.647
36.473 0.634
37.163 0.69
37.897 0.734
38.628 0.731
39.363 0.735
40.085 0.722
40.773 0.688
41.429 0.656
42.069 0.64
42.708 0.639
43.389 0.681
44.202 0.813
45.033 0.831
45.891 0.858
46.749 0.858
47.542 0.793
48.294 0.752
48.974 0.68
49.648 0.674
50.334 0.686
51.01 0.676
51.694 0.684
52.372 0.678
53.054 0.682
53.744 0.69
54.418 0.674
55.102 0.684
55.805 0.703
56.611 0.806
57.408 0.797
58.215 0.807
59.037 0.822
59.807 0.77
60.503 0.696
61.166 0.663
61.821 0.655
62.507 0.686
63.247 0.74
64.012 0.765
64.778 0.766
65.523 0.745
66.24 0.717
66.92 0.68
67.579 0.659
68.223 0.644
68.861 0.638
69.493 0.632
70.134 0.641
70.817 0.683
71.596 0.779
72.388 0.792
73.172 0.784
73.931 0.759
74.668 0.737
75.397 0.729
76.109 0.712
76.794 0.685
77.463 0.669
78.122 0.659
78.771 0.649
79.445 0.674
80.154 0.709
80.826 0.672
81.461 0.635
82.065 0.604
82.665 0.6
83.274 0.609
83.905 0.631
84.553 0.648
85.218 0.665
85.87 0.652
86.507 0.637
87.135 0.628
87.766 0.631
88.429 0.663
89.139 0.71
89.849 0.71
90.567 0.718
91.273 0.706
91.972 0.699
92.648 0.676
93.316 0.668
93.976 0.66
94.624 0.648
95.256 0.632
95.88 0.624
96.507 0.627
97.18 0.673
97.952 0.772
98.738 0.786
99.531 0.793
100.328 0.797
101.114 0.786
101.837 0.723
102.522 0.685
103.187 0.665
103.861 0.674
104.598 0.737
105.4 0.802
106.208 0.808
107.01 0.802
107.804 0.794
108.579 0.775
109.33 0.751
110.047 0.717
110.735 0.688
111.413 0.678
112.095 0.682
112.853 0.758
113.663 0.81
114.461 0.798
115.245 0.784
116.001 0.756
116.729 0.728
117.434 0.705
118.104 0.67
118.76 0.656
119.409 0.649
120.074 0.665
120.839 0.765
121.64 0.801
122.462 0.822
123.287 0.825
124.107 0.82
124.898 0.791
125.627 0.729
126.316 0.689
126.986 0.67
127.638 0.652
128.287 0.649
128.961 0.674
129.668 0.707
130.406 0.738
131.148 0.742
131.861 0.713
132.573 0.712
133.288 0.715
134.002 0.714
134.706 0.704
135.391 0.685
136.068 0.677
136.746 0.678
137.438 0.692
138.186 0.748
138.991 0.805
139.804 0.813
140.569 0.765
141.321 0.752
142.046 0.725
142.75 0.704
143.442 0.692
144.116 0.674
144.771 0.655
145.173 0.402
146.083 0.91
146.724 0.641
147.384 0.66
148.09 0.706
148.823 0.733
149.56 0.737
150.312 0.752
151.06 0.748
151.791 0.731
152.513 0.722
153.233 0.72
153.942 0.709
154.646 0.704
155.342 0.696
156.026 0.684
156.701 0.675
157.382 0.681
158.119 0.737
158.874 0.755
159.608 0.734
160.34 0.732
161.092 0.752
161.802 0.71
162.48 0.678
163.147 0.667
163.82 0.673
164.497 0.677
165.157 0.66
165.795 0.638
166.424 0.629
167.047 0.623
167.691 0.644
168.369 0.678
169.088 0.719
169.839 0.751
170.575 0.736
171.312 0.737
172.047 0.735
172.753 0.706
173.429 0.676
174.092 0.663
174.752 0.66
175.435 0.683
176.144 0.709
176.878 0.734
177.622 0.744
178.366 0.744
179.099 0.733
179.837 0.738
180.558 0.721
181.282 0.724
181.981 0.699
182.667 0.686
183.339 0.672
184.024 0.685
184.75 0.726
185.531 0.781
186.309 0.778
187.07 0.761
187.824 0.754
188.567 0.743
189.279 0.712
189.98 0.701
190.681 0.701
191.378 0.697
192.057 0.679
192.726 0.669
193.42 0.694
194.176 0.756
194.983 0.807
195.78 0.797
196.577 0.797
197.36 0.783
198.085 0.725
198.771 0.686
199.439 0.668
200.124 0.685
200.822 0.698
201.542 0.72
202.236 0.694
202.873 0.637
203.489 0.616
204.117 0.628
204.775 0.658
205.438 0.663
206.104 0.666
206.759 0.655
207.435 0.676
207.832 0.397
208.238 0.406
208.885 0.647
209.648 0.763
210.411 0.763
211.176 0.765
211.936 0.76
212.673 0.737
213.384 0.711
214.065 0.681
214.73 0.665
215.408 0.678
216.112 0.704
216.858 0.746
217.602 0.744
218.334 0.732
219.061 0.727
219.77 0.709
220.473 0.703
221.152 0.679
221.825 0.673
222.503 0.678
223.204 0.701
224.035 0.831
224.868 0.833
225.708 0.84
226.518 0.81
227.282 0.764
228.018 0.736
228.721 0.703
229.403 0.682
230.071 0.668
230.735 0.664
231.432 0.697
232.157 0.725
232.898 0.741
233.613 0.715
234.324 0.711
235.031 0.707
235.739 0.708
236.443 0.704
237.12 0.677
237.786 0.666
238.442 0.656
239.107 0.665
239.821 0.714
240.62 0.799
241.419 0.799
242.221 0.802
243.036 0.815
243.853 0.817
244.637 0.784
245.368 0.731
246.091 0.723
246.81 0.719
247.536 0.726
248.261 0.725
248.954 0.693
249.638 0.684
250.311 0.673
251.014 0.703
251.77 0.756
252.556 0.786
253.28 0.724
253.984 0.704
254.686 0.702
255.36 0.674
256.021 0.661
256.68 0.659
257.35 0.67
258.004 0.654
258.645 0.641
259.274 0.629
259.904 0.63
260.574 0.67
261.295 0.721
262.054 0.759
262.806 0.752
263.569 0.763
264.318 0.749
265.053 0.735
265.775 0.722
266.49 0.715
267.195 0.705
267.887 0.692
268.555 0.668
269.222 0.667
269.889 0.667
270.559 0.67
271.337 0.778
272.165 0.828
273.006 0.841
273.831 0.825
274.645 0.814
275.425 0.78
276.18 0.755
276.907 0.727
277.6 0.693
278.277 0.677
278.94 0.663
279.633 0.693
280.357 0.724
281.132 0.775
281.915 0.783
282.688 0.773
283.452 0.764
284.201 0.749
284.909 0.708
285.597 0.688
286.278 0.681
286.996 0.718
287.772 0.776
288.602 0.83
289.386 0.784
290.183 0.797
290.967 0.784
291.734 0.767
292.47 0.736
293.192 0.722
293.882 0.69
294.561 0.679
295.229 0.668
295.925 0.696
296.665 0.74
297.445 0.78
298.221 0.776
299.008 0.787
299.778 0.77
300.539 0.761
301.267 0.728
301.969 0.702
302.652 0.683
303.365 0.713
304.111 0.746
304.877 0.766
305.57 0.693
306.212 0.642
306.845 0.633
307.483 0.638
308.128 0.645
308.778 0.65
309.446 0.668
310.15 0.704
310.856 0.706
311.576 0.72
312.278 0.702
312.951 0.673
313.603 0.652
314.247 0.644
314.892 0.645
315.562 0.67
316.269 0.707
316.982 0.713
317.666 0.684
318.346 0.68
319.037 0.691
319.739 0.702
320.435 0.696
321.13 0.695
321.834 0.704
322.54 0.706
323.243 0.703
323.931 0.688
324.611 0.68
325.28 0.669
325.981 0.701
326.803 0.822
327.549 0.746
328.211 0.662
328.92 0.709
329.688 0.768
330.439 0.751
331.174 0.735
331.879 0.705
332.594 0.715
333.352 0.758
334.145 0.793
334.889 0.744
335.55 0.661
336.183 0.633
336.816 0.633
337.462 0.646
338.107 0.645
338.755 0.648
339.397 0.642
340.036 0.639
340.697 0.661
341.435 0.738
342.235 0.8
343.043 0.808
343.848 0.805
344.621 0.773
345.351 0.73
346.051 0.7
346.72 0.669
347.364 0.644
347.995 0.631
348.627 0.632
349.293 0.666
349.993 0.7
350.724 0.731
351.467 0.743
352.197 0.73
352.912 0.715
353.592 0.68
354.255 0.663
354.906 0.651
355.554 0.648
356.211 0.657
356.913 0.702
357.676 0.763
358.457 0.781
359.236 0.779
360.0 0.764
360.736 0.736
361.453 0.717
362.128 0.675
362.786 0.658
363.434 0.648
364.089 0.655
364.762 0.673
365.553 0.791
366.355 0.802
367.179 0.824
367.982 0.803
368.766 0.784
369.507 0.741
370.216 0.709
370.91 0.694
371.589 0.679
372.251 0.662
372.907 0.656
373.57 0.663
374.245 0.675
374.961 0.716
375.773 0.812
376.586 0.813
377.404 0.818
378.193 0.789
378.948 0.755
379.678 0.73
380.378 0.7
381.062 0.684
381.724 0.662
382.384 0.66
383.042 0.658
383.721 0.679
384.437 0.716
385.246 0.809
386.014 0.768
386.717 0.703
387.361 0.644
387.998 0.637
388.651 0.653
389.317 0.666
389.981 0.664
390.65 0.669
391.313 0.663
391.968 0.655
392.612 0.644
393.248 0.636
393.892 0.644
394.56 0.668
395.249 0.689
395.945 0.696
396.649 0.704
397.361 0.712
398.069 0.708
398.769 0.7
399.451 0.682
400.121 0.67
400.787 0.666
401.466 0.679
402.215 0.749
402.981 0.766
403.747 0.766
404.496 0.749
405.258 0.762
406.016 0.758
406.749 0.733
407.474 0.725
408.182 0.708
408.871 0.689
409.544 0.673
410.209 0.665
410.897 0.688
411.605 0.708
412.328 0.723
413.053 0.725
413.775 0.722
414.495 0.72
415.205 0.71
415.887 0.682
416.556 0.669
417.212 0.656
417.885 0.673
418.606 0.721
419.415 0.809
420.229 0.814
421.053 0.824
421.876 0.823
422.668 0.792
423.395 0.727
424.078 0.683
424.746 0.668
425.432 0.686
426.14 0.708
426.877 0.737
427.625 0.748
428.361 0.736
429.098 0.737
429.818 0.72
430.517 0.699
431.195 0.678
431.866 0.671
432.558 0.692
433.289 0.731
434.05 0.761
434.823 0.773
435.572 0.749
436.314 0.742
437.043 0.729
437.761 0.718
438.469 0.708
439.166 0.697
439.847 0.681
440.521 0.674
441.19 0.669
441.865 0.675
442.594 0.729
443.378 0.784
444.173 0.795
444.959 0.786
445.743 0.784
446.503 0.76
447.24 0.737
447.969 0.729
448.691 0.722
449.41 0.719
450.135 0.725
450.856 0.721
451.59 0.734
452.34 0.75
453.098 0.758
453.852 0.754
454.614 0.762
455.328 0.714
456.019 0.691
456.707 0.688
457.432 0.725
458.22 0.788
459.014 0.794
459.738 0.724
460.42 0.682
461.063 0.643
461.69 0.627
462.328 0.638
462.989 0.661
463.669 0.68
464.335 0.666
464.994 0.659
465.644 0.65
466.289 0.645
466.971 0.682
467.686 0.715
468.433 0.747
469.182 0.749
469.908 0.726
470.632 0.724
471.348 0.716
472.051 0.703
472.733 0.682
473.399 0.666
474.049 0.65
474.691 0.642
475.365 0.674
476.1 0.735
476.898 0.798
477.678 0.78
478.437 0.759
479.206 0.769
479.963 0.757
480.707 0.744
481.442 0.735
482.147 0.705
482.836 0.689
483.517 0.681
484.215 0.698
484.932 0.717
485.659 0.727
486.379 0.72
487.069 0.69
487.743 0.674
488.403 0.66
489.075 0.672
489.788 0.713
490.554 0.766
491.307 0.753
492.03 0.723
492.757 0.727
493.483 0.726
494.212 0.729
494.912 0.7
495.597 0.685
496.275 0.678
496.946 0.671
497.624 0.678
498.291 0.667
498.956 0.665
499.618 0.662
500.297 0.679
500.986 0.689
501.706 0.72
502.423 0.717
503.133 0.71
503.805 0.672
504.48 0.675
505.157 0.677
505.834 0.677
506.518 0.684
507.2 0.682
507.859 0.659
508.51 0.651
509.153 0.643
509.821 0.668
510.541 0.72
511.312 0.771
512.087 0.775
512.856 0.769
513.618 0.762
514.36 0.742
515.087 0.727
515.777 0.69
516.449 0.672
517.097 0.648
517.744 0.647
518.397 0.653
519.08 0.683
519.792 0.712
520.514 0.722
521.241 0.727
521.973 0.732
522.706 0.733
523.423 0.717
524.112 0.689
524.8 0.688
525.478 0.678
526.145 0.667
526.804 0.659
527.465 0.661
528.133 0.668
528.828 0.695
529.555 0.727
530.297 0.742
531.047 0.75
531.817 0.77
532.573 0.756
533.314 0.741
534.024 0.71
534.739 0.715
535.492 0.753
536.261 0.769
537.02 0.759
537.768 0.748
538.497 0.729
539.217 0.72
539.921 0.704
540.61 0.689
541.289 0.679
541.963 0.674
542.689 0.726
543.481 0.792
544.283 0.802
545.119 0.836
545.946 0.827
546.759 0.813
547.544 0.785
548.284 0.74
549.009 0.725
549.715 0.706
550.41 0.695
551.088 0.678
551.799 0.711
552.551 0.752
553.35 0.799
554.144 0.794
554.92 0.776
555.655 0.735
556.355 0.7
557.035 0.68
557.706 0.671
558.401 0.695
559.144 0.743
559.925 0.781
560.694 0.769
561.472 0.778
562.237 0.765
562.983 0.746
563.712 0.729
564.414 0.702
565.097 0.683
565.776 0.679
566.477 0.701
567.24 0.763
568.041 0.801
568.812 0.771
569.567 0.755
570.302 0.735
571.014 0.712
571.7 0.686
572.365 0.665
573.021 0.656
573.658 0.637
574.295 0.637
574.939 0.644
575.597 0.658
576.278 0.681
576.938 0.66
577.611 0.673
578.286 0.675
578.968 0.682
579.645 0.677
580.314 0.669
580.98 0.666
581.652 0.672
582.373 0.721
583.141 0.768
583.948 0.807
584.726 0.778
585.497 0.771
586.247 0.75
586.98 0.733
587.695 0.715
588.39 0.695
589.076 0.686
589.749 0.673
590.433 0.684
591.132 0.699
591.797 0.665
592.425 0.628
593.061 0.636
593.769 0.708
594.497 0.728
595.212 0.715
595.903 0.691
596.585 0.682
597.312 0.727
598.066 0.754
598.84 0.774
599.606 0.766
600.348 0.742
601.072 0.724
601.791 0.719
602.488 0.697
603.176 0.688
603.847 0.671
604.531 0.684
605.3 0.769
606.135 0.835
606.973 0.838
607.814 0.841
608.669 0.855
609.516 0.847
610.316 0.8
611.053 0.737
611.789 0.736
612.518 0.729
613.274 0.756
614.017 0.743