0.000 0.93
0.93 0.93
1.898 0.968
2.766 0.868
3.785 1.019
4.791 1.006
5.767 0.976
6.706 0.939
7.642 0.936
8.464 0.822
9.312 0.848
10.186 0.874
17.997 0.998
18.94 0.943
19.941 1.001
20.943 1.002
21.947 1.004
23.014 1.067
24.023 1.009
25.026 1.003
26.039 1.013
26.97 0.931
27.936 0.966
28.863 0.927
29.883 1.02
30.914 1.031
31.868 0.954
32.89 1.022
33.839 0.949
34.823 0.984
35.831 1.008
36.788 0.957
37.774 0.986
38.731 0.957
39.745 1.014
40.666 0.921
41.507 0.841
42.453 0.946
43.48 1.027
44.486 1.006
45.401 0.915
46.367 0.966
47.307 0.94
48.138 0.831
48.944 0.806
49.976 1.032
51.007 1.031
52.028 1.021
53.037 1.009
54.088 1.051
54.976 0.888
55.876 0.9
56.784 0.908
57.737 0.953
58.741 1.004
59.673 0.932
60.65 0.977
61.652 1.002
62.614 0.962
63.572 0.958
64.534 0.962
65.427 0.893
66.352 0.925
67.304 0.952
68.144 0.84
69.072 0.928
70.05 0.978
71.068 1.018
72.009 0.941
72.941 0.932
73.874 0.933
74.738 0.864
75.661 0.923
76.586 0.925
77.591 1.005
78.648 1.057
79.594 0.946
80.6 1.006
81.581 0.981
82.586 1.005
83.589 1.003
84.508 0.919
85.445 0.937
86.313 0.868
87.191 0.878
88.141 0.95
89.133 0.992
90.09 0.957
91.117 1.027
92.148 1.031
93.099 0.951
94.045 0.946
94.898 0.853
95.773 0.875
96.654 0.881
97.499 0.845
98.478 0.979
99.5 1.022
100.447 0.947
101.45 1.003
102.481 1.031
103.466 0.985
104.424 0.958
105.256 0.832
106.07 0.814
106.88 0.81
107.707 0.827
108.54 0.833
109.52 0.98
110.501 0.981
111.494 0.993
112.396 0.902
113.276 0.88
114.206 0.93
115.193 0.987
116.173 0.98
117.039 0.866
117.931 0.892
118.832 0.901
119.721 0.889
120.602 0.881
121.549 0.947
122.549 1.0
123.481 0.932
124.452 0.971
125.435 0.983
126.431 0.996
127.331 0.9
128.246 0.915
129.181 0.935
130.087 0.906
131.032 0.945
131.984 0.952
132.918 0.934
133.899 0.981
134.781 0.882
135.801 1.02
136.838 1.037
137.825 0.987
138.862 1.037
139.898 1.036
140.908 1.01
141.866 0.958
142.797 0.931
143.724 0.927
144.606 0.882
145.529 0.923
146.487 0.958
147.412 0.925
148.433 1.021
149.387 0.954
150.344 0.957
151.349 1.005
152.349 1.0
153.251 0.902
154.203 0.952
155.169 0.966
156.173 1.004
157.12 0.947
158.065 0.945
158.972 0.907
159.79 0.818
160.56 0.77
161.555 0.995
162.498 0.943
163.488 0.99
164.409 0.921
165.404 0.995
166.448 1.044
167.449 1.001
168.412 0.963
169.342 0.93
170.221 0.879
171.115 0.894
172.027 0.912
172.912 0.885
173.815 0.903
174.764 0.949
175.728 0.964
176.673 0.945
177.632 0.959
178.53 0.898
179.473 0.943
180.396 0.923
181.255 0.859
182.174 0.919
183.126 0.952
184.051 0.925
185.008 0.957
185.969 0.961
186.833 0.864
187.735 0.902
188.653 0.918
189.561 0.908
190.445 0.884
191.403 0.958
192.344 0.941
193.351 1.007
194.307 0.956
195.168 0.861
196.027 0.859
196.845 0.818
197.632 0.787
198.445 0.813
199.315 0.87
200.325 1.01
201.328 1.003
202.305 0.977
203.209 0.904
204.075 0.866
204.973 0.898
205.894 0.921
206.767 0.873
207.702 0.935
208.715 1.013
209.694 0.979
210.701 1.007
211.705 1.004
212.649 0.944
213.604 0.955
214.554 0.95
215.482 0.928
216.472 0.99
217.506 1.034
218.468 0.962
219.482 1.014
220.44 0.958
221.363 0.923
222.255 0.892
223.085 0.83
223.986 0.901
225.021 1.035
225.967 0.946
226.963 0.996
227.976 1.013
228.881 0.905
229.735 0.854
230.653 0.918
231.593 0.94
232.489 0.896
233.499 1.01
234.555 1.056
235.541 0.986
236.391 0.85
237.29 0.899
238.222 0.932
239.106 0.884
240.081 0.975
241.116 1.035
242.145 1.029
243.042 0.897
243.983 0.941
244.948 0.965
245.921 0.973
246.887 0.966
247.852 0.965
248.822 0.97
249.858 1.036
250.825 0.967
251.848 1.023
252.831 0.983
253.755 0.924
254.666 0.911
255.491 0.825
256.402 0.911
257.359 0.957
258.361 1.002
259.277 0.916
260.238 0.961
261.19 0.952
262.086 0.896
263.001 0.915
263.908 0.907
264.796 0.888
265.758 0.962
266.765 1.007
267.738 0.973
268.712 0.974
269.649 0.937
270.56 0.911
271.489 0.929
272.356 0.867
273.302 0.946
274.283 0.981
275.241 0.958
276.25 1.009
277.277 1.027
278.246 0.969
279.269 1.023
280.184 0.915
281.164 0.98
282.154 0.99
283.073 0.919
284.084 1.011
285.037 0.953
285.979 0.942
286.996 1.017
288.02 1.024
288.976 0.956
289.848 0.872
290.644 0.796
291.499 0.855
292.317 0.818
293.214 0.897
294.142 0.928
295.05 0.908
296.008 0.958
296.973 0.965
297.864 0.891
298.801 0.937
299.759 0.958
300.653 0.894
301.645 0.992
302.645 1.0
303.546 0.901
304.537 0.991
305.588 1.051
306.577 0.989
307.529 0.952
308.518 0.989
309.45 0.932
310.387 0.937
311.353 0.966
312.302 0.949
313.296 0.994
314.297 1.001
315.213 0.916
316.239 1.026
317.311 1.072
318.288 0.977
319.251 0.963
320.116 0.865
320.922 0.806
321.902 0.98
322.889 0.987
323.916 1.027
324.847 0.931
325.804 0.957
326.731 0.927
327.574 0.843
328.494 0.92
329.446 0.952
330.432 0.986
331.516 1.084
332.532 1.016
333.554 1.022
334.459 0.905
335.434 0.975
336.409 0.975
337.34 0.931
338.284 0.944
339.24 0.956
340.099 0.859
341.034 0.935
341.999 0.965
342.964 0.965
343.849 0.885
344.747 0.898
345.656 0.909
346.524 0.868
347.474 0.95
348.458 0.984
349.435 0.977
350.376 0.941
351.349 0.973
352.319 0.97
353.259 0.94
354.235 0.976
355.219 0.984
356.108 0.889
357.056 0.948
358.003 0.947
358.992 0.989
359.961 0.969
360.856 0.895
361.838 0.982
362.868 1.03
363.853 0.985
364.894 1.041
365.829 0.935
366.785 0.956
367.686 0.901
368.637 0.951
369.612 0.975
370.51 0.898
371.525 1.015
372.453 0.928
373.431 0.978
374.371 0.94
375.344 0.973
376.351 1.007
377.273 0.922
378.134 0.861
379.073 0.939
380.064 0.991
380.98 0.916
381.982 1.002
383.012 1.03
383.93 0.918
384.895 0.965
385.85 0.955
386.719 0.869
387.559 0.84
388.515 0.956
389.56 1.045
390.541 0.981
391.504 0.963
392.447 0.943
393.36 0.913
394.262 0.902
395.13 0.868
396.068 0.938
396.951 0.883
397.786 0.835
398.675 0.889
399.602 0.927
400.578 0.976
401.612 1.034
402.637 1.025
403.539 0.902
404.433 0.894
405.317 0.884
406.13 0.813
407.003 0.873
407.897 0.894
408.771 0.874
409.729 0.958
410.733 1.004
411.655 0.922
412.621 0.966
413.576 0.955
414.481 0.905
415.461 0.98
416.379 0.918
417.255 0.876
418.244 0.989
419.272 1.028
420.186 0.914
421.128 0.942
422.114 0.986
423.084 0.97
424.044 0.96
424.95 0.906
425.866 0.916
426.779 0.913
427.714 0.935
428.628 0.914
429.544 0.916
430.515 0.971
431.517 1.002
432.498 0.981
433.521 1.023
434.55 1.029
435.471 0.921
436.417 0.946
437.252 0.835
438.029 0.777
438.806 0.777
439.827 1.021
440.961 1.134
441.924 0.963
442.943 1.019
443.928 0.985
444.843 0.915
445.752 0.909
446.659 0.907
447.479 0.82
448.396 0.917
449.35 0.954
450.27 0.92
451.247 0.977
452.191 0.944
453.166 0.975
454.128 0.962
455.055 0.927
455.993 0.938
456.813 0.82
457.657 0.844
458.572 0.915
459.567 0.995
460.499 0.932
461.469 0.97
462.445 0.976
463.34 0.895
464.269 0.929
465.196 0.927
466.078 0.882
466.996 0.918
467.935 0.939
468.864 0.929
469.807 0.943
470.784 0.977
471.752 0.968
472.706 0.954
473.566 0.86
474.471 0.905
475.337 0.866
476.138 0.801
477.007 0.869
477.85 0.843
478.696 0.846
479.662 0.966
480.677 1.015
481.614 0.937
482.6 0.986
483.522 0.922
484.437 0.915
485.352 0.915
486.238 0.886
487.211 0.973
488.186 0.975
489.079 0.893
490.071 0.992
491.081 1.01
492.086 1.005
492.964 0.878
493.893 0.929
494.94 1.047
495.975 1.035
496.923 0.948
497.769 0.846
498.668 0.899
499.578 0.91
500.424 0.846
501.303 0.879
502.264 0.961
503.284 1.02
504.224 0.94
505.216 0.992
506.115 0.899
506.968 0.853
507.858 0.89
508.708 0.85
509.621 0.913
510.523 0.902
511.354 0.831
512.259 0.905
513.15 0.891
513.969 0.819
514.853 0.884
515.741 0.888
516.588 0.847
517.433 0.845
518.36 0.927
519.264 0.904
520.146 0.882
521.088 0.942
522.016 0.928
522.851 0.835
523.712 0.861
524.602 0.89
525.461 0.859
526.433 0.972
527.429 0.996
528.379 0.95
529.368 0.989
530.273 0.905
531.225 0.952
532.168 0.943
533.074 0.906
534.032 0.958
535.009 0.977
536.038 1.029
536.994 0.956
537.976 0.982
538.931 0.955
539.838 0.907
540.74 0.902
541.514 0.774
542.332 0.818
543.235 0.903
544.055 0.82
544.829 0.774
545.76 0.931
546.674 0.914
547.496 0.822
548.36 0.864
549.261 0.901
550.205 0.944
551.117 0.912
552.013 0.896
552.903 0.89
553.809 0.906
554.698 0.889
555.626 0.928
556.557 0.931
557.463 0.906
558.322 0.859
559.212 0.89
560.049 0.837
560.955 0.906
561.824 0.869
562.781 0.957
563.654 0.873
564.463 0.809
565.334 0.871
566.213 0.879
567.123 0.91
568.002 0.879
568.874 0.872
569.722 0.848
570.516 0.794
571.375 0.859
572.169 0.794
572.909 0.74
573.626 0.717
574.529 0.903
575.383 0.854
576.242 0.859
577.046 0.804
577.902 0.856
578.759 0.857
579.644 0.885
580.457 0.813
581.294 0.837
582.124 0.83
582.982 0.858
583.799 0.817
584.648 0.849
585.469 0.821
586.283 0.814
587.129 0.846
587.981 0.852
588.868 0.887
589.697 0.829
590.565 0.868
591.463 0.898
592.308 0.845
593.189 0.881
594.097 0.908
594.969 0.872
595.849 0.88
596.723 0.874
597.61 0.887
598.509 0.899
599.367 0.858
600.279 0.912
601.121 0.842
602.01 0.889
602.953 0.943
603.915 0.962
604.878 0.963
605.883 1.005
606.796 0.913
607.759 0.963
608.727 0.968
609.667 0.94
610.605 0.938
611.464 0.859
612.39 0.926
613.284 0.894
614.153 0.869
615.163 1.01
616.229 1.066
617.188 0.959
618.13 0.942
619.13 1.0
620.065 0.935
620.878 0.813
621.778 0.9
622.701 0.923
623.724 1.023
624.666 0.942
625.691 1.025
626.765 1.074
627.754 0.989
628.747 0.993
629.713 0.966
630.604 0.891
631.59 0.986
632.613 1.023
633.574 0.961
634.498 0.924
635.453 0.955
636.338 0.885
637.324 0.986
638.259 0.935
639.24 0.981
640.182 0.942
641.18 0.998
642.145 0.965
643.086 0.941
644.023 0.937
644.978 0.955
645.853 0.875
646.796 0.943
647.713 0.917
648.68 0.967
649.617 0.937
650.524 0.907
651.446 0.922
652.304 0.858
653.166 0.862
654.124 0.958
655.106 0.982
656.094 0.988
657.08 0.986
658.017 0.937
658.976 0.959
659.838 0.862
660.74 0.902
661.606 0.866
662.485 0.879
663.362 0.877
664.307 0.945
665.201 0.894
666.029 0.828
666.861 0.832
667.852 0.991
668.845 0.993
669.847 1.002
670.714 0.867
671.605 0.891
672.526 0.921
673.367 0.841
674.233 0.866
675.123 0.89
676.069 0.946
677.084 1.015
678.016 0.932
679.004 0.988
679.919 0.915
680.854 0.935
681.762 0.908
682.667 0.905
683.596 0.929
684.516 0.92
685.438 0.922
686.387 0.949
687.32 0.933
688.242 0.922
689.143 0.901
690.057 0.914
690.926 0.869
691.785 0.859
692.692 0.907
693.586 0.894
694.429 0.843
695.321 0.892
696.213 0.892
697.059 0.846
697.961 0.902
698.864 0.903
699.782 0.918
700.723 0.941
701.671 0.948
702.617 0.946
703.493 0.876
704.372 0.879
705.202 0.83
706.083 0.881
707.017 0.934
708.025 1.008
709.04 1.015
710.043 1.003
711.031 0.988
711.945 0.914
712.838 0.893
713.738 0.9
714.599 0.861
715.535 0.936
716.53 0.995
717.453 0.923
718.404 0.951
719.318 0.914
720.229 0.911
721.111 0.882
722.046 0.935
722.949 0.903
723.869 0.92
724.742 0.873
725.679 0.937
726.608 0.929
727.545 0.937
728.498 0.953
729.428 0.93
730.381 0.953
731.344 0.963
732.284 0.94
733.203 0.919
734.134 0.931
735.047 0.913
735.991 0.944
736.97 0.979
737.965 0.995
738.881 0.916
739.835 0.954
740.767 0.932
741.702 0.935
742.667 0.965
743.652 0.985
744.645 0.993
745.592 0.947
746.459 0.867
747.36 0.901
748.267 0.907
749.183 0.916
750.141 0.958
751.107 0.966
752.097 0.99
753.004 0.907
753.926 0.922
754.792 0.866
755.744 0.952
756.786 1.042
757.876 1.09
758.924 1.048
759.877 0.953
760.827 0.95
761.706 0.879
762.619 0.913
763.525 0.906
764.328 0.803
765.274 0.946
766.294 1.02
767.357 1.063
768.385 1.028
769.359 0.974
770.285 0.926
771.205 0.92
772.105 0.9
773.027 0.922
773.908 0.881
774.842 0.934
775.835 0.993
776.839 1.004
777.823 0.984
778.792 0.969
779.682 0.89