0.000 1.064
1.064 1.064
2.382 1.318
10.139 1.14
11.346 1.207
12.487 1.141
13.64 1.153
14.956 1.316
16.202 1.246
17.46 1.258
18.679 1.219
19.943 1.264
21.196 1.253
22.457 1.261
23.718 1.261
24.953 1.235
26.16 1.207
27.257 1.097
28.413 1.156
29.414 1.001
30.285 0.871
31.268 0.983
32.569 1.301
33.737 1.168
34.867 1.13
36.036 1.169
37.23 1.194
38.494 1.264
39.766 1.272
41.042 1.276
42.305 1.263
43.592 1.287
44.884 1.292
46.188 1.304
47.364 1.176
48.471 1.107
49.709 1.238
50.945 1.236
52.147 1.202
53.374 1.227
54.652 1.278
55.938 1.286
57.136 1.198
58.401 1.265
59.836 1.435
61.221 1.385
62.532 1.311
64.001 1.469
65.433 1.432
66.739 1.306
68.065 1.326
69.419 1.354
70.723 1.304
71.917 1.194
73.167 1.25
74.509 1.342
75.728 1.219
76.974 1.246
78.333 1.359
79.729 1.396
80.97 1.241
82.172 1.202
83.433 1.261
84.669 1.236
85.864 1.195
87.248 1.384
88.6 1.352
89.801 1.201
91.016 1.215
92.342 1.326
93.641 1.299
94.853 1.212
96.119 1.266
97.43 1.311
98.648 1.218
99.92 1.272
101.179 1.259
102.362 1.183
103.495 1.133
104.697 1.202
105.913 1.216
107.097 1.184
108.215 1.118
109.442 1.227
110.757 1.315
112.007 1.25
113.201 1.194
114.464 1.263
115.682 1.218
116.798 1.116
118.031 1.233
119.421 1.39
120.635 1.214
121.848 1.213
123.141 1.293
124.366 1.225
125.498 1.132
126.784 1.286
128.084 1.3
129.203 1.119
130.309 1.106
131.208 0.899
132.032 0.824
132.849 0.817
133.695 0.846
134.53 0.835
135.355 0.825
136.217 0.862
137.143 0.926
138.059 0.916
139.006 0.947
140.06 1.054
141.114 1.054
142.038 0.924
142.958 0.92
144.242 1.284
145.39 1.148
146.475 1.085
147.653 1.178
148.91 1.257
150.08 1.17
151.174 1.094
152.362 1.188
153.488 1.126
154.615 1.127
155.974 1.359
157.218 1.244
158.355 1.137
159.598 1.243
160.934 1.336
162.145 1.211
163.381 1.236
164.731 1.35
165.972 1.241
167.278 1.306
168.623 1.345
169.871 1.248
171.021 1.15
172.37 1.349
173.713 1.343
174.967 1.254
176.294 1.327
177.622 1.328
178.84 1.218
180.183 1.343
181.562 1.379
182.808 1.246
184.111 1.303
185.442 1.331
186.683 1.241
187.896 1.213
189.211 1.315
190.467 1.256
191.693 1.226
193.026 1.333
194.283 1.257
195.514 1.231
196.803 1.289
198.018 1.215
199.114 1.096
200.27 1.156
201.537 1.267
202.688 1.151
203.826 1.138
204.896 1.07
205.816 0.92
206.707 0.891
207.934 1.227
209.002 1.068
210.089 1.087
211.266 1.177
212.428 1.162
213.521 1.093
214.662 1.141
215.883 1.221
217.03 1.147
218.186 1.156
219.411 1.225
220.669 1.258
221.799 1.13
222.913 1.114
224.226 1.313
225.565 1.339
226.789 1.224
228.083 1.294
229.343 1.26
230.471 1.128
231.624 1.153
232.862 1.238
234.061 1.199
235.245 1.184
236.52 1.275
237.711 1.191
238.789 1.078
239.983 1.194
241.26 1.277
242.425 1.165
243.597 1.172
244.78 1.183
245.845 1.065
246.801 0.956
247.796 0.995
249.067 1.271
250.284 1.217
251.331 1.047
252.347 1.016
253.353 1.006
254.281 0.928
255.251 0.97
256.29 1.039
257.345 1.055
258.375 1.03
259.325 0.95
260.229 0.904
261.196 0.967
262.35 1.154
263.508 1.158
264.622 1.114
265.651 1.029
266.665 1.014
267.817 1.152
268.978 1.161
270.069 1.091
271.231 1.162
272.511 1.28
273.72 1.209
274.849 1.129
276.081 1.232
277.259 1.178
278.255 0.996
279.294 1.039
280.714 1.42
281.958 1.244
283.145 1.187
284.358 1.213
285.506 1.148
286.603 1.097
287.751 1.148
288.996 1.245
290.17 1.174
291.237 1.067
292.374 1.137
293.588 1.214
294.701 1.113
295.882 1.181
297.178 1.296
298.423 1.245
299.533 1.11
300.666 1.133
301.856 1.19
302.963 1.107
304.024 1.061
305.159 1.135
306.415 1.256
307.59 1.175
308.684 1.094
309.835 1.151
311.048 1.213
312.206 1.158
313.311 1.105
314.445 1.134
315.619 1.174
316.715 1.096
317.845 1.13
319.019 1.174
320.149 1.13
321.212 1.063
322.428 1.216
323.674 1.246
324.775 1.101
325.874 1.099
327.041 1.167
328.161 1.12
329.185 1.024
330.261 1.076
331.506 1.245
332.645 1.139
333.659 1.014
334.698 1.039
335.7 1.002
336.702 1.002
337.758 1.056
338.775 1.017
339.652 0.877
340.485 0.833
341.37 0.885
342.27 0.9
343.31 1.04
344.573 1.263
345.81 1.237
346.945 1.135
347.886 0.941
348.686 0.8
349.452 0.766
350.249 0.797
351.511 1.262
352.703 1.192
353.828 1.125
354.911 1.083
355.963 1.052
357.01 1.047
358.035 1.025
358.998 0.963
360.03 1.032
361.273 1.243
362.436 1.163
363.573 1.137
364.676 1.103
365.766 1.09
366.921 1.155
368.08 1.159
369.231 1.151
370.516 1.285
371.714 1.198
372.828 1.114
374.091 1.263
375.4 1.309
376.561 1.161
377.698 1.137
378.992 1.294
380.267 1.275
381.296 1.029
382.259 0.963
383.614 1.355
384.874 1.26
386.015 1.141
387.202 1.187
388.453 1.251
389.587 1.134
390.695 1.108
391.891 1.196
393.084 1.193
394.201 1.117
395.345 1.144
396.469 1.124
397.525 1.056
398.729 1.204
400.024 1.295
401.218 1.194
402.361 1.143
403.523 1.162
404.704 1.181
405.86 1.156
406.987 1.127
408.152 1.165
409.287 1.135
410.314 1.027
411.369 1.055
412.695 1.326
413.871 1.176
414.9 1.029
415.943 1.043
417.087 1.144
418.126 1.039
419.166 1.04
420.191 1.025
421.194 1.003
422.131 0.937
423.173 1.042
424.395 1.222
425.526 1.131
426.551 1.025
427.591 1.04
428.696 1.105
429.723 1.027
430.688 0.965
431.766 1.078
433.052 1.286
434.082 1.03
435.006 0.924
435.866 0.86
436.67 0.804
437.438 0.768
438.176 0.738
438.901 0.725
439.659 0.758
440.488 0.829
441.407 0.919
442.334 0.927
443.202 0.868
444.05 0.848
444.917 0.867
445.794 0.877
446.613 0.819
447.379 0.766
448.159 0.78
449.116 0.957
450.395 1.279
451.514 1.119
452.513 0.999
453.552 1.039
454.722 1.17
455.815 1.093
456.741 0.926
457.628 0.887
458.596 0.968
459.55 0.954
460.427 0.877
461.309 0.882
462.383 1.074
463.584 1.201
464.714 1.13
465.732 1.018
466.742 1.01
467.951 1.209
469.151 1.2
470.258 1.107
471.408 1.15
472.703 1.295
473.963 1.26
475.183 1.22
476.535 1.352
477.852 1.317
479.045 1.193
480.251 1.206
481.547 1.296
482.767 1.22
483.961 1.194
485.301 1.34
486.602 1.301
487.818 1.216
489.08 1.262
490.351 1.271
491.498 1.147
492.702 1.204
494.028 1.326
495.23 1.202
496.359 1.129
497.616 1.257
498.868 1.252
500.067 1.199
501.329 1.262
502.616 1.287
503.818 1.202
504.912 1.094
506.053 1.141
507.281 1.228
508.407 1.126
509.472 1.065
510.761 1.289
512.073 1.312
513.274 1.201
514.505 1.231
515.727 1.222
516.857 1.13
517.95 1.093
519.197 1.247
520.397 1.2
521.489 1.092
522.719 1.23
524.032 1.313
525.211 1.179
526.307 1.096
527.517 1.21
528.713 1.196
529.801 1.088
530.941 1.14
532.14 1.199
533.266 1.126
534.273 1.007
535.311 1.038
536.473 1.162
537.603 1.13
538.656 1.053
539.811 1.155
541.003 1.192
542.07 1.067
543.027 0.957
544.055 1.028
545.02 0.965
546.017 0.997
547.056 1.039
548.08 1.024
549.109 1.029
550.198 1.089
551.305 1.107
552.362 1.057
553.388 1.026
554.434 1.046
555.55 1.116
556.611 1.061
557.606 0.995
558.682 1.076
559.891 1.209
561.093 1.202
562.281 1.188
563.51 1.229
564.678 1.168
565.769 1.091
566.897 1.128
568.056 1.159
569.204 1.148
570.356 1.152
571.532 1.176
572.696 1.164
573.815 1.119
574.879 1.064
575.903 1.024
576.861 0.958
577.777 0.916
578.653 0.876
579.504 0.851
580.316 0.812
581.134 0.818
582.015 0.881
583.104 1.089
584.154 1.05
585.176 1.022
586.235 1.059
587.305 1.07
588.375 1.07
589.432 1.057
590.497 1.065
591.53 1.033
592.667 1.137
593.828 1.161
594.933 1.105
596.048 1.115
597.086 1.038
598.068 0.982
599.51 1.442
600.852 1.342
602.066 1.214
603.282 1.216
604.481 1.199
605.657 1.176
606.926 1.269
608.151 1.225
609.4 1.249
610.623 1.223
611.809 1.186
613.112 1.303
614.356 1.244
615.513 1.157
616.732 1.219
617.972 1.24
619.16 1.188
620.372 1.212
621.55 1.178
622.808 1.258
624.064 1.256
625.261 1.197
626.483 1.222
627.639 1.156
628.797 1.158
630.019 1.222
631.14 1.121