0.000 2.484
2.484 2.484
3.106 0.622
3.714 0.608
4.331 0.617
4.951 0.62
5.585 0.634
6.237 0.652
6.913 0.676
7.572 0.659
8.222 0.65
8.875 0.653
9.515 0.64
10.159 0.644
10.786 0.627
11.438 0.652
12.08 0.642
12.705 0.625
13.339 0.634
13.963 0.624
14.599 0.636
15.248 0.649
15.839 0.591
16.444 0.605
16.846 0.402
22.376 5.53
22.999 0.623
23.631 0.632
24.263 0.632
24.898 0.635
25.551 0.653
26.216 0.665
26.906 0.69
27.6 0.694
28.293 0.693
29.009 0.716
29.696 0.687
30.372 0.676
31.047 0.675
31.709 0.662
32.37 0.661
33.035 0.665
33.687 0.652
34.361 0.674
35.03 0.669
35.706 0.676
36.39 0.684
37.078 0.688
37.744 0.666
38.427 0.683
39.087 0.66
39.755 0.668
40.415 0.66
41.059 0.644
41.701 0.642
42.333 0.632
42.974 0.641
43.624 0.65
44.283 0.659
44.938 0.655
45.577 0.639
46.185 0.608
46.789 0.604
47.423 0.634
48.077 0.654
48.751 0.674
49.466 0.715
50.165 0.699
50.876 0.711
51.586 0.71
52.263 0.677
52.954 0.691
53.649 0.695
54.326 0.677
55.014 0.688
55.728 0.714
56.456 0.728
57.159 0.703
57.853 0.694
58.55 0.697
59.216 0.666
59.897 0.681
60.604 0.707
61.306 0.702
62.053 0.747
62.806 0.753
63.518 0.712
64.214 0.696
64.876 0.662
65.544 0.668
66.21 0.666
66.885 0.675
67.561 0.676
68.292 0.731
69.017 0.725
69.758 0.741
70.504 0.746
71.237 0.733
71.97 0.733
72.643 0.673
73.285 0.642
73.912 0.627
74.525 0.613
75.149 0.624
75.794 0.645
76.454 0.66
77.154 0.7
77.879 0.725
78.575 0.696
79.277 0.702
79.944 0.667
80.614 0.67
81.3 0.686
82.011 0.711
82.734 0.723
83.417 0.683
84.087 0.67
84.74 0.653
85.395 0.655
86.059 0.664
86.707 0.648
87.362 0.655
88.035 0.673
88.73 0.695
89.441 0.711
90.128 0.687
90.826 0.698
91.497 0.671
92.163 0.666
92.805 0.642
93.435 0.63
94.072 0.637
94.719 0.647
95.375 0.656
96.062 0.687
96.786 0.724
97.518 0.732
98.238 0.72
98.91 0.672
99.576 0.666
100.21 0.634
100.839 0.629
101.473 0.634
102.117 0.644
102.8 0.683
103.542 0.742
104.3 0.758
105.029 0.729
105.704 0.675
106.367 0.663
107.027 0.66
107.67 0.643
108.312 0.642
108.958 0.646
109.593 0.635
110.245 0.652
110.904 0.659
111.56 0.656
112.233 0.673
112.922 0.689
113.613 0.691
114.34 0.727
115.039 0.699
115.75 0.711
116.461 0.711
117.141 0.68
117.797 0.656
118.436 0.639
119.077 0.641
119.726 0.649
120.38 0.654
121.052 0.672
121.753 0.701
122.451 0.698
123.173 0.722
123.889 0.716
124.593 0.704
125.304 0.711
126.009 0.705
126.687 0.678
127.356 0.669
128.021 0.665
128.673 0.652
129.331 0.658
130.006 0.675
130.667 0.661
131.358 0.691
132.046 0.688
132.715 0.669
133.388 0.673
134.07 0.682
134.738 0.668
135.434 0.696
136.138 0.704
136.821 0.683
137.521 0.7
138.207 0.686
138.877 0.67
139.547 0.67
140.22 0.673
140.889 0.669
141.567 0.678
142.24 0.673
142.886 0.646
143.519 0.633
144.139 0.62
144.751 0.612
145.376 0.625
146.001 0.625
146.64 0.639
146.979 0.339
147.282 0.303
147.93 0.648
148.58 0.65
149.207 0.627
149.842 0.635
150.478 0.636
151.101 0.623
151.74 0.639
152.39 0.65
153.058 0.668
153.738 0.68
154.457 0.719
155.167 0.71
155.868 0.701
156.563 0.695
157.252 0.689
157.927 0.675
158.576 0.649
159.221 0.645
159.861 0.64
160.503 0.642
161.166 0.663
161.832 0.666
162.527 0.695
163.234 0.707
163.927 0.693
164.641 0.714
165.335 0.694
166.011 0.676
166.691 0.68
167.354 0.663
168.023 0.669
168.679 0.656
169.34 0.661
170.015 0.675
170.667 0.652
171.333 0.666
172.007 0.674
172.694 0.687
173.349 0.655
173.998 0.649
174.654 0.656
175.326 0.672
175.994 0.668
176.695 0.701
177.391 0.696
178.052 0.661
178.722 0.67
179.375 0.653
180.033 0.658
180.678 0.645
181.33 0.652
181.997 0.667
182.668 0.671
183.333 0.665
183.988 0.655
184.652 0.664
185.323 0.671
185.997 0.674
186.643 0.646
187.286 0.643
187.931 0.645
188.589 0.658
189.221 0.632
189.855 0.634
190.482 0.627
191.091 0.609
191.687 0.596
192.288 0.601
192.905 0.617
193.532 0.627
194.188 0.656
194.851 0.663
195.5 0.649
196.18 0.68
196.858 0.678
197.522 0.664
198.192 0.67
198.868 0.676
199.336 0.468
200.244 0.908
200.91 0.666
201.58 0.67
202.251 0.671
202.909 0.658
203.55 0.641
204.19 0.64
204.827 0.637
205.457 0.63
206.105 0.648
206.759 0.654
207.443 0.684
208.132 0.689
208.806 0.674
209.504 0.698
210.17 0.666
210.852 0.682
211.529 0.677
212.219 0.69
212.873 0.654
213.532 0.659
214.196 0.664
214.864 0.668
215.501 0.637
216.144 0.643
216.803 0.659
217.457 0.654
218.137 0.68
218.84 0.703
219.565 0.725
220.281 0.716
220.986 0.705
221.662 0.676
222.301 0.639
222.936 0.635
223.555 0.619
224.179 0.624
224.813 0.634
225.478 0.665
226.149 0.671
226.841 0.692
227.555 0.714
228.29 0.735
228.998 0.708
229.657 0.659
230.295 0.638
230.933 0.638
231.579 0.646
232.242 0.663
232.891 0.649
233.556 0.665
234.24 0.684
234.908 0.668
235.589 0.681
236.251 0.662
236.904 0.653
237.573 0.669
238.228 0.655
238.886 0.658
239.551 0.665
240.204 0.653
240.875 0.671
241.552 0.677
242.22 0.668
242.887 0.667
243.535 0.648
244.187 0.652
244.824 0.637
245.471 0.647
246.136 0.665
246.799 0.663
247.477 0.678
248.152 0.675
248.847 0.695
249.577 0.73
250.289 0.712
250.978 0.689
251.628 0.65
252.273 0.645
252.903 0.63
253.548 0.645
254.204 0.656
254.85 0.646
255.503 0.653
256.175 0.672
256.847 0.672
257.545 0.698
258.238 0.693
258.913 0.675
259.591 0.678
260.272 0.681
260.94 0.668
261.62 0.68
262.323 0.703
263.018 0.695
263.725 0.707
264.455 0.73
265.159 0.704
265.838 0.679
266.533 0.695
267.218 0.685
267.89 0.672
268.581 0.691
269.276 0.695
269.95 0.674
270.651 0.701
271.361 0.71
272.046 0.685
272.738 0.692
273.437 0.699
274.138 0.701
274.82 0.682
275.522 0.702
276.208 0.686
276.872 0.664
277.542 0.67
278.198 0.656
278.862 0.664
279.549 0.687
280.241 0.692
280.943 0.702
281.642 0.699
282.315 0.673
282.982 0.667
283.655 0.673
284.306 0.651
284.956 0.65
285.616 0.66
286.272 0.656
286.925 0.653
287.589 0.664
288.258 0.669
288.917 0.659
289.602 0.685
290.295 0.693
290.97 0.675
291.662 0.692
292.34 0.678
293.012 0.672
293.694 0.682
294.384 0.69
295.049 0.665
295.719 0.67
296.366 0.647
297.008 0.642
297.659 0.651
298.333 0.674
298.993 0.66
299.666 0.673
300.326 0.66
301.014 0.688
301.71 0.696
302.37 0.66
303.026 0.656
303.689 0.663
304.333 0.644
304.961 0.628
305.569 0.608
306.183 0.614
306.815 0.632
307.462 0.647
308.115 0.653
308.8 0.685
309.485 0.685
310.18 0.695
310.91 0.73
311.663 0.753
312.364 0.701
313.093 0.729
313.792 0.699
314.449 0.657
315.107 0.658
315.784 0.677
316.448 0.664
317.122 0.674
317.814 0.692
318.505 0.691
319.217 0.712
319.929 0.712
320.615 0.686
321.319 0.704
322.025 0.706
322.718 0.693
323.402 0.684
324.096 0.694
324.801 0.705
325.518 0.717
326.247 0.729
326.972 0.725
327.671 0.699
328.395 0.724
329.106 0.711
329.809 0.703
330.487 0.678
331.192 0.705
331.924 0.732
332.621 0.697
333.298 0.677
333.987 0.689
334.715 0.728
335.443 0.728
336.148 0.705
336.851 0.703
337.539 0.688
338.196 0.657
338.843 0.647
339.494 0.651
340.135 0.641
340.801 0.666
341.476 0.675
342.134 0.658
342.785 0.651
343.429 0.644
344.077 0.648
344.739 0.662
345.406 0.667
346.086 0.68
346.76 0.674
347.413 0.653
348.033 0.62
348.643 0.61
349.25 0.607
349.855 0.605
350.488 0.633
351.146 0.658
351.835 0.689
352.503 0.668
353.192 0.689
353.851 0.659
354.507 0.656
355.159 0.652
355.798 0.639
356.46 0.662
357.114 0.654
357.764 0.65
358.41 0.646
359.055 0.645
359.701 0.646
360.385 0.684
361.059 0.674
361.768 0.709
362.461 0.693
363.151 0.69
363.832 0.681
364.542 0.71
365.26 0.718
366.031 0.771
366.761 0.73
367.479 0.718
368.173 0.694
368.856 0.683
369.515 0.659
370.172 0.657
370.834 0.662
371.513 0.679
372.22 0.707
372.967 0.747
373.682 0.715
374.408 0.726
375.152 0.744
375.886 0.734
376.57 0.684
377.235 0.665
377.899 0.664
378.563 0.664
379.218 0.655
379.888 0.67
380.557 0.669
381.21 0.653
381.887 0.677
382.582 0.695
383.239 0.657
383.909 0.67
384.62 0.711
385.329 0.709
386.055 0.726
386.747 0.692
387.443 0.696
388.11 0.667
388.759 0.649
389.419 0.66
390.081 0.662
390.735 0.654
391.407 0.672
392.063 0.656
392.739 0.676
393.405 0.666
394.092 0.687
394.767 0.675
395.451 0.684
396.126 0.675
396.785 0.659
397.447 0.662
398.091 0.644
398.745 0.654
399.4 0.655
400.056 0.656
400.721 0.665
401.367 0.646
402.022 0.655
402.675 0.653
403.359 0.684
404.031 0.672
404.719 0.688
405.386 0.667
406.069 0.683
406.735 0.666
407.401 0.666
408.056 0.655
408.714 0.658
409.37 0.656
410.025 0.655
410.709 0.684
411.387 0.678
412.095 0.708
412.789 0.694
413.491 0.702
414.202 0.711
414.886 0.684
415.568 0.682
416.214 0.646
416.855 0.641
417.479 0.624
418.106 0.627
418.75 0.644
419.391 0.641
420.056 0.665
420.729 0.673
421.406 0.677
422.094 0.688
422.764 0.67
423.441 0.677
424.096 0.655
424.748 0.652
425.386 0.638
426.02 0.634
426.656 0.636
427.282 0.626
427.917 0.635
428.561 0.644
429.212 0.651
429.888 0.676
430.579 0.691
431.29 0.711
432.009 0.719
432.697 0.688
433.378 0.681
434.058 0.68
434.722 0.664
435.37 0.648
436.004 0.634
436.636 0.632
437.267 0.631
437.895 0.628
438.515 0.62
439.122 0.607
439.735 0.613
440.34 0.605
440.965 0.625
441.614 0.649
442.269 0.655
442.97 0.701
443.654 0.684
444.345 0.691
445.046 0.701
445.753 0.707
446.419 0.666
447.077 0.658
447.73 0.653
448.397 0.667
449.046 0.649
449.699 0.653
450.37 0.671
451.075 0.705
451.765 0.69
452.418 0.653
453.067 0.649
453.723 0.656
454.384 0.661
455.041 0.657
455.691 0.65
456.315 0.624
456.942 0.627
457.576 0.634
458.22 0.644
458.884 0.664
459.537 0.653
460.222 0.685
460.899 0.677
461.604 0.705
462.311 0.707
463.001 0.69
463.702 0.701
464.374 0.672
465.056 0.682
465.724 0.668
466.394 0.67
467.094 0.7
467.786 0.692
468.519 0.733
469.23 0.711
469.939 0.709
470.666 0.727
471.365 0.699
472.053 0.688
472.75 0.697
473.442 0.692
474.102 0.66
474.753 0.651
475.385 0.632
476.03 0.645
476.685 0.655
477.358 0.673
478.05 0.692
478.727 0.677
479.424 0.697
480.129 0.705
480.818 0.689
481.52 0.702
482.189 0.669
482.875 0.686
483.537 0.662
484.205 0.668
484.878 0.673
485.554 0.676
486.247 0.693
486.932 0.685
487.662 0.73
488.395 0.733
489.093 0.698
489.805 0.712
490.492 0.687
491.199 0.707
491.874 0.675
492.557 0.683
493.227 0.67
493.893 0.666
494.529 0.636
495.172 0.643
495.81 0.638
496.445 0.635
497.099 0.654
497.783 0.684
498.469 0.686
499.193 0.724
499.903 0.71
500.612 0.709
501.321 0.709
502.0 0.679
502.682 0.682
503.336 0.654
503.967 0.631
504.601 0.634
505.253 0.652
505.928 0.675
506.618 0.69
507.284 0.666
507.959 0.675
508.642 0.683
509.309 0.667
509.97 0.661
510.615 0.645
511.274 0.659
511.928 0.654
512.6 0.672
513.263 0.663
513.912 0.649
514.57 0.658
515.244 0.674
515.921 0.677
516.616 0.695
517.331 0.715
518.044 0.713
518.728 0.684
519.423 0.695
520.082 0.659
520.744 0.662
521.411 0.667
522.076 0.665
522.741 0.665
523.401 0.66
524.055 0.654
524.718 0.663
525.383 0.665
526.075 0.692
526.781 0.706
527.501 0.72
528.214 0.713
528.907 0.693
529.576 0.669
530.214 0.638
530.847 0.633
531.469 0.622
532.112 0.643
532.76 0.648
533.461 0.701
534.169 0.708
534.898 0.729
535.63 0.732
536.363 0.733
537.063 0.7
537.71 0.647
538.352 0.642
538.994 0.642
539.646 0.652
540.281 0.635
540.933 0.652
541.578 0.645
542.221 0.643
542.886 0.665
543.553 0.667
544.255 0.702
544.956 0.701
545.657 0.701
546.361 0.704
547.08 0.719
547.78 0.7
548.467 0.687
549.121 0.654
549.749 0.628
550.363 0.614
550.973 0.61
551.594 0.621
552.201 0.607
552.836 0.635
553.462 0.626
554.105 0.643
554.768 0.663
555.23 0.462
555.536 0.306
556.807 1.271
557.102 0.295
561.402 4.3
561.67 0.268
562.083 0.413
573.63 11.547
573.99 0.36
574.366 0.376
574.646 0.28
574.953 0.307
575.595 0.642