0.000 0.743
0.743 0.743
1.554 0.811
2.816 1.262
3.687 0.871
4.547 0.86
5.399 0.852
6.225 0.826
7.097 0.872
8.0 0.903
8.92 0.92
9.967 1.047
10.98 1.013
11.851 0.871
12.694 0.843
13.545 0.851
14.418 0.873
15.686 1.268
16.827 1.141
17.95 1.123
19.053 1.103
20.049 0.996
21.168 1.119
22.174 1.006
23.246 1.072
24.689 1.443
25.775 1.086
26.787 1.012
27.829 1.042
28.941 1.112
30.011 1.07
31.076 1.065
32.161 1.085
33.36 1.199
34.568 1.208
35.539 0.971
36.474 0.935
37.354 0.88
38.256 0.902
39.248 0.992
40.239 0.991
41.67 1.431
42.742 1.072
43.774 1.032
44.866 1.092
45.811 0.945
46.906 1.095
47.89 0.984
48.99 1.1
50.164 1.174
51.217 1.053
52.279 1.062
53.329 1.05
54.545 1.216
55.608 1.063
56.931 1.323
57.995 1.064
59.097 1.102
60.158 1.061
61.068 0.91
62.586 1.518
63.703 1.117
64.988 1.285
65.97 0.982
67.091 1.121
68.136 1.045
69.15 1.014
70.598 1.448
71.817 1.219
73.054 1.237
74.198 1.144
75.426 1.228
76.473 1.047
77.495 1.022
78.505 1.01
79.772 1.267
80.839 1.067
81.804 0.965
82.809 1.005
83.745 0.936
84.849 1.104
86.079 1.23
87.307 1.228
88.336 1.029
89.358 1.022
90.341 0.983
91.416 1.075
92.379 0.963
93.439 1.06
94.573 1.134
95.586 1.013
96.859 1.273
97.841 0.982
98.811 0.97
99.786 0.975
100.751 0.965
101.845 1.094
102.889 1.044
103.828 0.939
105.228 1.4
106.294 1.066
107.188 0.894
108.169 0.981
109.416 1.247
110.377 0.961
111.31 0.933
112.773 1.463
113.885 1.112
114.824 0.939
115.855 1.031
116.948 1.093
117.979 1.031
118.963 0.984
120.314 1.351
121.417 1.103
122.39 0.973
123.403 1.013
124.386 0.983
125.353 0.967
126.572 1.219
127.592 1.02
128.645 1.053
129.67 1.025
130.688 1.018
131.769 1.081
132.712 0.943
133.745 1.033
134.707 0.962
135.632 0.925
136.862 1.23
137.872 1.01
138.883 1.011
139.94 1.057
140.922 0.982
141.976 1.054
142.94 0.964
143.958 1.018
144.964 1.006
145.961 0.997
147.048 1.087
148.017 0.969
149.009 0.992
149.997 0.988
150.948 0.951
158.014 1.016
159.008 0.994
160.061 1.053
161.025 0.964
162.032 1.007
163.042 1.01
163.995 0.953
164.974 0.979
166.46 1.486
167.606 1.146
168.688 1.082
169.634 0.946
170.619 0.985
171.521 0.902
172.431 0.91
173.483 1.052
174.425 0.942
175.395 0.97
176.384 0.989
177.315 0.931
178.286 0.971
179.197 0.911
180.099 0.902
181.082 0.983
181.946 0.864
182.896 0.95
183.91 1.014
184.816 0.906
185.778 0.962
186.757 0.979
187.79 1.033
188.834 1.044
189.786 0.952
190.75 0.964
191.664 0.914
192.648 0.984
193.655 1.007
194.592 0.937
195.653 1.061
196.661 1.008
197.662 1.001
198.873 1.211
199.934 1.061
200.912 0.978
201.824 0.912
202.817 0.993
203.771 0.954
204.579 0.808
205.337 0.758
206.03 0.693
206.714 0.684
207.646 0.932
208.953 1.307
209.941 0.988
210.933 0.992
211.841 0.908
212.708 0.867
213.586 0.878
214.497 0.911
215.38 0.883
216.276 0.896
217.189 0.913
218.11 0.921
218.99 0.88
219.876 0.886
220.884 1.008
222.074 1.19
223.148 1.074
224.161 1.013
225.059 0.898
225.968 0.909
226.847 0.879
227.685 0.838
228.572 0.887
229.542 0.97
230.549 1.007
231.563 1.014
232.518 0.955
233.526 1.008
234.46 0.934
235.411 0.951
236.358 0.947
237.256 0.898
238.171 0.915
239.091 0.92
240.0 0.909
240.936 0.936
241.888 0.952
242.871 0.983
243.755 0.884
244.545 0.79
245.31 0.765
246.02 0.71
246.761 0.741
248.135 1.374
249.28 1.145
250.25 0.97
251.206 0.956
252.155 0.949
253.08 0.925
254.048 0.968
255.016 0.968
255.962 0.946
257.136 1.174
258.089 0.953
259.03 0.941
259.923 0.893
260.844 0.921
261.962 1.118
262.962 1.0
263.989 1.027
264.883 0.894
265.741 0.858
266.518 0.777
267.22 0.702
267.927 0.707
268.731 0.804
270.065 1.334
271.128 1.063
272.063 0.935
272.96 0.897
273.824 0.864
274.665 0.841
275.481 0.816
276.309 0.828
277.174 0.865
278.075 0.901
278.992 0.917
279.979 0.987
280.935 0.956
281.701 0.766
282.428 0.727
283.171 0.743
284.096 0.925
285.412 1.316
286.543 1.131
287.631 1.088
288.636 1.005
289.612 0.976
290.596 0.984
291.566 0.97
292.51 0.944
293.395 0.885
294.344 0.949
295.389 1.045
296.384 0.995
297.3 0.916
298.221 0.921
299.179 0.958
300.196 1.017
301.12 0.924
302.016 0.896
302.841 0.825
303.602 0.761
304.339 0.737
305.078 0.739
305.861 0.783
306.733 0.872
307.619 0.886
308.467 0.848
309.322 0.855
310.208 0.886
311.065 0.857
311.953 0.888
312.833 0.88
313.695 0.862
314.528 0.833
315.379 0.851
316.233 0.854
317.099 0.866
317.944 0.845
318.785 0.841
319.66 0.875
320.529 0.869
321.477 0.948
322.404 0.927
323.323 0.919
324.22 0.897
325.131 0.911
325.989 0.858
326.787 0.798
327.582 0.795
328.415 0.833
329.301 0.886
330.249 0.948
331.213 0.964
332.335 1.122
333.341 1.006
334.33 0.989
335.279 0.949
336.16 0.881
337.054 0.894
338.034 0.98
338.954 0.92
339.898 0.944
340.877 0.979
342.007 1.13
343.003 0.996
344.004 1.001
345.039 1.035
346.101 1.062
347.202 1.101
348.173 0.971
349.231 1.058
350.219 0.988
351.278 1.059
352.287 1.009
353.324 1.037
354.365 1.041
355.316 0.951
356.357 1.041
357.351 0.994
358.339 0.988
359.362 1.023
360.324 0.962
361.388 1.064
362.463 1.075
363.459 0.996
364.476 1.017
365.429 0.953
366.466 1.037
367.484 1.018
368.498 1.014
369.591 1.093
370.563 0.972
371.396 0.833
372.177 0.781
372.954 0.777
373.853 0.899
374.842 0.989
375.862 1.02
376.889 1.027
377.951 1.062
378.929 0.978
379.954 1.025
380.912 0.958
381.828 0.916
382.746 0.918
383.646 0.9
384.556 0.91
385.707 1.151
386.754 1.047
387.789 1.035
388.884 1.095
389.887 1.003
390.955 1.068
391.926 0.971
392.923 0.997
394.035 1.112
395.091 1.056
396.05 0.959
396.992 0.942
397.916 0.924
398.927 1.011
399.929 1.002
400.916 0.987
401.908 0.992
402.872 0.964
403.906 1.034
404.914 1.008
405.875 0.961
406.912 1.037
407.882 0.97
408.875 0.993
409.934 1.059
410.838 0.904
411.8 0.962
412.837 1.037
413.771 0.934
414.836 1.065
415.888 1.052
416.916 1.028
417.949 1.033
418.956 1.007
419.981 1.025
420.931 0.95
421.966 1.035
422.915 0.949
423.844 0.929
424.803 0.959
425.758 0.955
426.774 1.016
427.781 1.007
428.743 0.962
429.774 1.031
430.808 1.034
431.789 0.981
432.781 0.992
433.689 0.908
434.646 0.957
435.646 1.0
436.648 1.002
437.68 1.032
438.652 0.972
439.678 1.026
440.671 0.993
441.65 0.979
442.621 0.971
443.545 0.924
444.54 0.995
445.512 0.972
446.466 0.954
447.577 1.111
448.556 0.979
449.659 1.103
450.72 1.061
451.693 0.973
452.695 1.002
453.631 0.936
454.652 1.021
455.604 0.952
456.724 1.12
457.75 1.026
458.773 1.023
459.752 0.979
460.68 0.928
461.688 1.008
462.685 0.997
463.74 1.055
464.713 0.973
465.642 0.929
466.555 0.913
467.425 0.87
468.378 0.953
469.326 0.948
470.261 0.935
471.231 0.97
472.224 0.993
473.27 1.046
474.411 1.141
475.414 1.003
476.388 0.974
477.266 0.878
478.132 0.866
479.06 0.928
479.94 0.88
480.924 0.984
481.976 1.052
483.049 1.073
484.259 1.21
485.296 1.037
486.335 1.039
487.288 0.953
488.256 0.968
489.38 1.124
490.318 0.938
491.215 0.897
492.15 0.935
493.059 0.909
494.02 0.961
495.002 0.982
496.041 1.039
497.112 1.071
498.125 1.013
499.207 1.082
500.168 0.961
501.202 1.034
502.223 1.021
503.197 0.974
504.276 1.079
505.272 0.996
506.265 0.993
507.166 0.901
508.091 0.925
509.025 0.934
509.997 0.972
511.026 1.029
511.977 0.951
512.924 0.947
513.918 0.994
514.871 0.953
515.886 1.015
516.827 0.941
517.794 0.967
518.694 0.9
519.591 0.897
520.528 0.937
521.58 1.052
522.634 1.054
523.616 0.982
524.585 0.969
525.583 0.998
526.564 0.981
527.607 1.043
528.602 0.995
529.514 0.912
530.385 0.871
531.226 0.841
532.011 0.785
532.763 0.752
533.559 0.796
534.442 0.883
535.322 0.88
536.188 0.866
537.02 0.832
537.896 0.876
538.749 0.853
539.61 0.861
540.45 0.84
541.261 0.811
542.041 0.78
542.792 0.751
543.578 0.786
544.39 0.812
545.224 0.834
546.104 0.88
547.044 0.94
547.936 0.892
548.837 0.901
549.762 0.925
550.655 0.893
551.543 0.888
552.436 0.893
553.27 0.834
554.144 0.874
555.026 0.882
555.919 0.893
556.92 1.001
557.975 1.055
558.924 0.949
559.858 0.934
560.845 0.987
561.7 0.855
562.582 0.882
563.869 1.287
564.954 1.085
566.059 1.105
567.096 1.037
568.136 1.04
569.149 1.013
570.11 0.961
571.093 0.983
572.017 0.924
572.899 0.882
573.83 0.931
574.822 0.992
575.873 1.051
576.773 0.9
577.92 1.147
578.929 1.009
579.898 0.969
580.765 0.867
581.595 0.83
582.409 0.814
583.165 0.756
583.976 0.811
584.859 0.883
585.681 0.822
586.526 0.845
587.45 0.924
588.331 0.881
589.194 0.863
590.031 0.837
590.856 0.825
591.668 0.812
592.476 0.808
593.272 0.796
594.063 0.791
594.851 0.788
595.606 0.755
596.374 0.768
597.159 0.785
597.898 0.739
598.715 0.817
599.652 0.937
600.58 0.928
601.417 0.837
602.212 0.795
602.954 0.742
603.664 0.71
604.426 0.762
605.328 0.902
606.299 0.971
607.231 0.932
608.087 0.856
608.913 0.826
609.634 0.721
610.314 0.68
610.978 0.664
611.626 0.648
612.29 0.664
612.968 0.678
613.657 0.689
614.356 0.699