0.000 0.733
0.733 0.733
1.47 0.737
2.206 0.736
2.941 0.735
3.653 0.712
4.336 0.683
4.984 0.648
5.633 0.649
6.336 0.703
7.062 0.726
7.842 0.78
8.631 0.789
9.483 0.852
10.359 0.876
11.194 0.835
11.907 0.713
12.647 0.74
13.373 0.726
14.07 0.697
14.727 0.657
15.394 0.667
16.683 1.289
17.614 0.931
18.564 0.95
19.6 1.036
20.471 0.871
21.409 0.938
22.418 1.009
23.353 0.935
24.262 0.909
25.225 0.963
26.067 0.842
26.965 0.898
27.795 0.83
28.603 0.808
29.426 0.823
30.257 0.831
31.155 0.898
32.171 1.016
32.997 0.826
33.924 0.927
34.969 1.045
35.91 0.941
36.862 0.952
37.809 0.947
38.694 0.885
39.557 0.863
40.401 0.844
41.203 0.802
42.068 0.865
42.978 0.91
44.002 1.024
44.949 0.947
45.911 0.962
46.803 0.892
47.743 0.94
48.747 1.004
49.709 0.962
50.65 0.941
51.547 0.897
52.468 0.921
53.424 0.956
54.302 0.878
55.16 0.858
56.075 0.915
56.916 0.841
57.81 0.894
58.613 0.803
59.471 0.858
60.283 0.812
61.062 0.779
61.774 0.712
62.479 0.705
63.193 0.714
63.953 0.76
64.685 0.732
65.444 0.759
66.186 0.742
66.922 0.736
67.67 0.748
68.426 0.756
69.15 0.724
69.859 0.709
70.57 0.711
71.282 0.712
71.998 0.716
72.731 0.733
73.459 0.728
74.209 0.75
75.005 0.796
75.833 0.828
76.697 0.864
77.626 0.929
78.517 0.891
79.385 0.868
80.246 0.861
81.053 0.807
81.862 0.809
82.644 0.782
83.448 0.804
84.291 0.843
85.159 0.868
86.01 0.851
86.797 0.787
87.57 0.773
88.35 0.78
89.141 0.791
89.931 0.79
90.731 0.8
91.533 0.802
92.303 0.77
93.048 0.745
93.777 0.729
94.505 0.728
95.196 0.691
95.903 0.707
96.604 0.701
97.284 0.68
97.947 0.663
98.634 0.687
99.343 0.709
100.075 0.732
100.901 0.826
101.743 0.842
102.661 0.918
103.555 0.894
104.421 0.866
105.239 0.818
106.053 0.814
106.849 0.796
107.66 0.811
108.544 0.884
109.436 0.892
110.329 0.893
111.275 0.946
112.151 0.876
112.936 0.785
113.741 0.805
114.599 0.858
115.372 0.773
116.156 0.784
116.932 0.776
117.7 0.768
118.453 0.753
119.186 0.733
119.913 0.727
120.643 0.73
121.363 0.72
122.131 0.768
123.311 1.18
124.287 0.976
125.15 0.863
126.004 0.854
126.944 0.94
127.867 0.923
128.715 0.848
129.663 0.948
130.625 0.962
131.523 0.898
132.422 0.899
133.36 0.938
134.245 0.885
135.231 0.986
136.143 0.912
137.009 0.866
137.936 0.927
138.742 0.806
139.615 0.873
140.604 0.989
141.554 0.95
142.461 0.907
143.291 0.83
144.135 0.844
145.058 0.923
145.959 0.901
146.797 0.838
147.718 0.921
148.728 1.01
149.601 0.873
150.499 0.898
151.412 0.913
152.27 0.858
153.191 0.921
154.195 1.004
155.065 0.87
155.963 0.898
156.947 0.984
158.018 1.071
158.98 0.962
159.86 0.88
160.987 1.127
161.965 0.978
162.889 0.924
163.934 1.045
164.916 0.982
165.974 1.058
167.002 1.028
167.943 0.941
168.895 0.952
169.775 0.88
170.73 0.955
171.688 0.958
172.592 0.904
173.7 1.108
174.62 0.92
175.438 0.818
176.197 0.759
176.911 0.714
177.594 0.683
178.349 0.755
179.648 1.299
180.649 1.001
181.532 0.883
182.542 1.01
183.539 0.997
184.407 0.868
185.323 0.916
186.211 0.888
187.06 0.849
188.125 1.065
189.078 0.953
190.021 0.943
191.021 1.0
191.922 0.901
192.859 0.937
193.924 1.065
194.825 0.901
195.809 0.984
196.741 0.932
197.669 0.928
198.609 0.94
199.476 0.867
200.265 0.789
200.997 0.732
201.675 0.678
202.338 0.663
203.217 0.879
204.157 0.94
205.213 1.056
206.343 1.13
207.376 1.033
208.41 1.034
209.42 1.01
210.465 1.045
211.373 0.908
212.244 0.871
213.06 0.816
213.871 0.811
214.756 0.885
215.797 1.041
217.044 1.247
218.067 1.023
219.064 0.997
220.113 1.049
221.071 0.958
222.005 0.934
223.221 1.216
224.163 0.942
225.084 0.921
226.077 0.993
226.98 0.903
227.959 0.979
228.972 1.013
229.903 0.931
230.938 1.035
231.859 0.921
232.746 0.887
233.764 1.018
234.738 0.974
235.652 0.914
236.631 0.979
237.52 0.889
238.296 0.776
239.027 0.731
239.73 0.703
240.493 0.763
241.658 1.165
242.7 1.042
243.768 1.068
244.777 1.009
245.821 1.044
246.708 0.887
247.598 0.89
248.512 0.914
249.524 1.012
250.532 1.008
251.47 0.938
252.445 0.975
253.318 0.873
254.183 0.865
255.072 0.889
255.961 0.889
256.906 0.945
257.844 0.938
258.709 0.865
259.688 0.979
260.55 0.862
261.39 0.84
262.193 0.803
262.96 0.767
263.72 0.76
264.506 0.786
265.366 0.86
266.224 0.858
267.046 0.822
267.888 0.842
268.757 0.869
269.605 0.848
270.46 0.855
271.284 0.824
272.064 0.78
272.848 0.784
273.662 0.814
274.519 0.857
275.363 0.844
276.157 0.794
276.967 0.81
277.748 0.781
278.471 0.723
279.186 0.715
279.898 0.712
280.651 0.753
281.499 0.848
282.369 0.87
283.195 0.826
283.982 0.787
284.738 0.756
285.494 0.756
286.27 0.776
287.077 0.807
287.89 0.813
288.695 0.805
289.549 0.854
290.393 0.844
291.213 0.82
292.019 0.806
292.759 0.74
293.453 0.694
294.167 0.714
294.958 0.791
295.882 0.924
296.792 0.91
297.71 0.918
298.647 0.937
299.523 0.876
300.409 0.886
301.34 0.931
302.206 0.866
303.071 0.865
303.898 0.827
304.716 0.818
305.571 0.855
306.36 0.789
307.129 0.769
307.889 0.76
308.65 0.761
309.463 0.813
310.307 0.844
311.204 0.897
312.055 0.851
312.924 0.869
313.769 0.845
314.588 0.819
315.433 0.845
316.268 0.835
317.116 0.848
318.046 0.93
318.942 0.896
319.786 0.844
320.674 0.888
321.551 0.877
322.411 0.86
323.284 0.873
324.147 0.863
325.031 0.884
325.926 0.895
326.773 0.847
327.637 0.864
328.467 0.83
329.297 0.83
330.228 0.931
331.163 0.935
332.052 0.889
332.95 0.898
333.803 0.853
334.694 0.891
335.527 0.833
336.355 0.828
337.184 0.829
337.993 0.809
338.875 0.882
339.757 0.882
340.607 0.85
341.468 0.861
342.284 0.816
343.131 0.847
344.007 0.876
344.814 0.807
345.551 0.737
346.242 0.691
346.973 0.731
347.722 0.749
348.512 0.79
349.834 1.322
350.854 1.02
351.728 0.874
352.551 0.823
353.36 0.809
354.262 0.902
355.225 0.963
356.158 0.933
357.025 0.867
357.849 0.824
358.701 0.852
359.877 1.176
360.905 1.028
361.753 0.848
362.564 0.811
363.371 0.807
364.337 0.966
365.395 1.058
366.377 0.982
367.264 0.887
368.107 0.843
368.951 0.844
369.89 0.939
370.987 1.097
371.924 0.937
372.805 0.881
373.723 0.918
374.625 0.902
375.555 0.93
376.426 0.871
377.32 0.894
378.145 0.825
378.942 0.797
379.672 0.73
380.356 0.684
381.047 0.691
381.802 0.755
382.691 0.889
383.615 0.924
384.594 0.979
385.539 0.945
386.429 0.89
387.252 0.823
388.058 0.806
388.919 0.861
389.793 0.874
390.652 0.859
391.474 0.822
392.328 0.854
393.191 0.863
394.008 0.817
394.798 0.79
395.585 0.787
396.321 0.736
397.019 0.698
397.687 0.668
398.365 0.678
399.102 0.737
399.962 0.86
400.821 0.859
401.651 0.83
402.507 0.856
403.341 0.834
404.097 0.756
404.806 0.709
405.518 0.712
406.346 0.828
407.125 0.779
407.872 0.747
408.6 0.728
409.29 0.69
409.976 0.686
410.672 0.696
411.377 0.705
412.085 0.708
412.773 0.688
413.464 0.691
414.141 0.677
414.82 0.679
415.508 0.688
416.21 0.702
416.92 0.71
417.631 0.711
418.326 0.695
419.023 0.697
419.728 0.705
420.431 0.703
421.132 0.701
421.841 0.709
422.563 0.722
423.294 0.731
424.026 0.732
424.752 0.726
425.484 0.732
426.214 0.73
426.953 0.739
427.759 0.806
428.589 0.83
429.379 0.79
430.207 0.828
431.07 0.863
431.899 0.829
432.699 0.8
433.499 0.8
434.289 0.79
435.063 0.774
435.884 0.821
436.792 0.908
437.637 0.845
438.521 0.884
439.392 0.871
440.229 0.837
441.065 0.836
441.877 0.812
442.649 0.772
443.367 0.718
443.713 0.346
445.571 1.858
445.919 0.348
446.177 0.258
446.545 0.368
446.801 0.256
447.117 0.316
447.661 0.544
448.029 0.368
448.989 0.96
449.271 0.282
451.244 1.973
452.223 0.979
459.873 0.88
460.718 0.845
461.616 0.898
462.457 0.841
463.281 0.824
464.087 0.806
464.893 0.806
465.692 0.799
466.494 0.802
467.35 0.856
468.244 0.894
469.146 0.902
470.05 0.904
470.957 0.907
471.8 0.843
472.598 0.798
473.389 0.791
474.161 0.772
474.947 0.786
475.743 0.796
476.523 0.78
476.931 0.408
477.283 0.352
477.791 0.508
478.052 0.261
478.686 0.634
479.57 0.884
480.021 0.451
482.645 2.624
483.524 0.879
484.295 0.771
485.011 0.716
485.701 0.69
486.41 0.709
487.164 0.754
488.069 0.905
489.086 1.017
490.104 1.018
491.138 1.034
492.086 0.948
492.868 0.782
493.161 0.293
493.432 0.271
493.855 0.423
494.662 0.807
495.502 0.84
496.319 0.817
497.094 0.775
497.888 0.794
498.68 0.792
499.508 0.828
500.303 0.795
501.136 0.833
501.984 0.848
502.811 0.827
503.667 0.856
504.521 0.854
505.362 0.841
506.195 0.833
507.028 0.833
507.833 0.805
508.648 0.815
509.503 0.855
510.317 0.814
511.137 0.82
511.986 0.849
512.757 0.771
513.525 0.768
514.254 0.729
514.949 0.695
515.631 0.682
516.374 0.743
517.223 0.849
518.222 0.999
519.233 1.011
520.182 0.949
521.139 0.957
521.963 0.824
522.81 0.847
523.663 0.853
524.497 0.834
525.367 0.87
526.298 0.931
527.2 0.902
528.177 0.977
529.163 0.986
530.065 0.902
530.938 0.873
531.784 0.846
532.586 0.802
533.42 0.834
534.248 0.828
535.115 0.867
536.118 1.003
537.073 0.955
537.97 0.897
538.909 0.939
539.802 0.893
540.682 0.88
541.606 0.924
542.435 0.829
543.351 0.916
544.249 0.898
545.126 0.877
546.028 0.902
546.845 0.817
547.663 0.818
548.464 0.801
549.285 0.821
550.242 0.957
551.156 0.914
552.05 0.894
552.887 0.837
553.782 0.895
554.696 0.914
555.544 0.848
556.471 0.927
557.498 1.027
558.467 0.969
559.408 0.941
560.303 0.895
561.177 0.874
562.043 0.866
562.899 0.856
563.796 0.897
564.649 0.853
565.553 0.904
566.456 0.903
567.312 0.856
568.33 1.018
569.306 0.976
570.239 0.933
571.171 0.932
572.023 0.852
572.876 0.853
573.691 0.815
574.505 0.814
575.357 0.852
576.232 0.875
577.173 0.941
578.115 0.942
579.026 0.911
579.942 0.916
580.804 0.862
581.703 0.899
582.598 0.895
583.483 0.885
584.41 0.927
585.302 0.892
586.184 0.882
587.028 0.844
587.833 0.805
588.64 0.807
589.455 0.815
590.328 0.873
591.497 1.169
592.594 1.097
593.584 0.99
594.57 0.986
595.43 0.86
596.305 0.875
597.139 0.834
597.936 0.797
598.739 0.803
599.601 0.862
600.497 0.896
601.496 0.999
602.595 1.099
603.66 1.065
604.664 1.004
605.603 0.939
606.52 0.917
607.419 0.899
608.235 0.816
609.064 0.829
609.905 0.841
610.751 0.846
611.619 0.868
612.491 0.872
613.366 0.875
614.334 0.968
615.352 1.018
616.299 0.947
617.318 1.019
618.315 0.997
619.284 0.969
620.22 0.936
621.058 0.838
621.928 0.87
622.772 0.844
623.595 0.823
624.475 0.88
625.36 0.885
626.177 0.817
627.013 0.836
627.793 0.78
628.569 0.776
629.39 0.821
630.221 0.831
630.957 0.736
631.682 0.725
632.496 0.814
633.395 0.899
634.338 0.943
635.172 0.834
635.993 0.821
636.861 0.868
637.682 0.821
638.528 0.846
639.406 0.878
640.301 0.895
641.151 0.85
642.024 0.873
642.901 0.877
643.755 0.854
644.598 0.843
645.401 0.803
646.255 0.854
647.096 0.841
647.946 0.85
648.823 0.877
649.689 0.866
650.575 0.886
651.444 0.869