0.000 0.738
0.738 0.738
1.465 0.727
2.266 0.801
3.039 0.773
3.856 0.817
4.628 0.772
5.411 0.783
6.171 0.76
6.882 0.711
7.59 0.708
8.285 0.695
8.97 0.685
9.658 0.688
10.352 0.694
11.062 0.71
11.741 0.679
12.414 0.673
13.088 0.674
13.762 0.674
14.461 0.699
15.183 0.722
15.883 0.7
16.601 0.718
17.328 0.727
18.049 0.721
18.818 0.769
19.568 0.75
20.326 0.758
21.126 0.8
21.923 0.797
22.768 0.845
23.582 0.814
24.426 0.844
25.211 0.785
26.009 0.798
26.771 0.762
27.57 0.799
28.348 0.778
29.161 0.813
29.975 0.814
30.775 0.8
31.583 0.808
32.346 0.763
33.123 0.777
33.873 0.75
34.602 0.729
35.342 0.74
36.092 0.75
36.834 0.742
37.564 0.73
38.312 0.748
39.033 0.721
39.757 0.724
40.49 0.733
41.203 0.713
41.932 0.729
42.659 0.727
43.453 0.794
44.218 0.765
44.979 0.761
45.782 0.803
46.527 0.745
47.317 0.79
48.047 0.73
48.791 0.744
49.511 0.72
50.222 0.711
50.937 0.715
51.644 0.707
52.372 0.728
53.097 0.725
53.809 0.712
54.545 0.736
55.324 0.779
56.105 0.781
56.859 0.754
57.624 0.765
58.392 0.768
59.124 0.732
59.836 0.712
60.543 0.707
61.253 0.71
61.96 0.707
62.666 0.706
63.375 0.709
64.086 0.711
64.796 0.71
65.482 0.686
66.175 0.693
66.867 0.692
67.557 0.69
68.275 0.718
69.034 0.759
69.794 0.76
70.549 0.755
71.293 0.744
72.002 0.709
72.72 0.718
73.422 0.702
74.11 0.688
74.811 0.701
75.51 0.699
76.228 0.718
76.961 0.733
77.71 0.749
78.446 0.736
79.212 0.766
79.998 0.786
80.836 0.838
81.725 0.889
82.641 0.916
83.517 0.876
84.357 0.84
85.139 0.782
85.902 0.763
86.653 0.751
87.387 0.734
88.197 0.81
88.964 0.767
89.779 0.815
90.615 0.836
91.419 0.804
92.256 0.837
93.067 0.811
93.905 0.838
94.707 0.802
95.518 0.811
96.272 0.754
97.058 0.786
97.799 0.741
98.572 0.773
99.316 0.744
100.04 0.724
100.753 0.713
101.465 0.712
102.174 0.709
102.876 0.702
103.617 0.741
104.408 0.791
105.216 0.808
106.029 0.813
106.769 0.74
107.538 0.769
108.331 0.793
109.112 0.781
109.907 0.795
110.686 0.779
111.447 0.761
112.158 0.711
112.867 0.709
113.557 0.69
114.227 0.67
114.9 0.673
115.592 0.692
116.53 0.938
117.523 0.993
118.418 0.895
119.392 0.974
120.355 0.963
121.293 0.938
122.234 0.941
123.083 0.849
123.887 0.804
124.688 0.801
125.457 0.769
126.282 0.825
127.098 0.816
127.946 0.848
128.744 0.798
129.522 0.778
130.311 0.789
131.096 0.785
131.824 0.728
132.605 0.781
133.397 0.792
134.221 0.824
135.019 0.798
135.793 0.774
136.552 0.759
137.285 0.733
138.003 0.718
138.722 0.719
139.443 0.721
140.228 0.785
140.996 0.768
141.7 0.704
142.473 0.773
143.318 0.845
144.122 0.804
144.949 0.827
145.735 0.786
146.548 0.813
147.362 0.814
148.188 0.826
148.946 0.758
149.71 0.764
150.479 0.769
151.271 0.792
152.083 0.812
152.815 0.732
153.604 0.789
154.366 0.762
155.168 0.802
155.991 0.823
156.769 0.778
157.501 0.732
158.225 0.724
158.934 0.709
159.642 0.708
160.459 0.817
161.508 1.049
162.454 0.946
163.348 0.894
164.172 0.824
164.934 0.762
165.68 0.746
166.441 0.761
167.259 0.818
168.123 0.864
169.003 0.88
169.899 0.896
170.721 0.822
171.48 0.759
172.24 0.76
172.976 0.736
173.702 0.726
174.402 0.7
175.138 0.736
175.896 0.758
176.708 0.812
177.568 0.86
178.471 0.903
179.31 0.839
180.196 0.886
181.092 0.896
181.997 0.905
182.855 0.858
183.699 0.844
184.474 0.775
185.214 0.74
185.95 0.736
186.684 0.734
187.4 0.716
188.118 0.718
188.866 0.748
189.65 0.784
190.514 0.864
191.432 0.918
192.338 0.906
193.203 0.865
194.0 0.797
194.734 0.734
195.435 0.701
196.126 0.691
196.868 0.742
197.617 0.749
198.359 0.742
199.084 0.725
199.888 0.804
200.747 0.859
201.645 0.898
202.527 0.882
203.341 0.814
204.111 0.77
204.852 0.741
205.581 0.729
206.317 0.736
207.085 0.768
207.977 0.892
208.905 0.928
209.814 0.909
210.699 0.885
211.544 0.845
212.364 0.82
213.118 0.754
213.849 0.731
214.57 0.721
215.291 0.721
216.056 0.765
216.867 0.811
217.709 0.842
218.596 0.887
219.488 0.892
220.444 0.956
221.386 0.942
222.196 0.81
222.983 0.787
223.743 0.76
224.5 0.757
225.285 0.785
226.065 0.78
226.94 0.875
227.805 0.865
228.668 0.863
229.493 0.825
230.314 0.821
231.137 0.823
231.967 0.83
232.797 0.83
233.594 0.797
234.378 0.784
235.181 0.803
235.954 0.773
236.744 0.79
242.996 0.788
243.799 0.803
244.619 0.82
245.454 0.835
246.292 0.838
247.092 0.8
247.868 0.776
248.64 0.772
249.449 0.809
250.236 0.787
251.021 0.785
251.827 0.806
252.591 0.764
253.344 0.753
254.081 0.737
254.84 0.759
255.875 1.035
256.883 1.008
257.766 0.883
258.617 0.851
259.427 0.81
260.211 0.784
260.987 0.776
261.752 0.765
262.529 0.777
263.303 0.774
264.134 0.831
264.97 0.836
265.75 0.78
266.58 0.83
267.378 0.798
268.222 0.844
269.056 0.834
269.866 0.81
270.652 0.786
271.436 0.784
272.226 0.79
273.046 0.82
273.864 0.818
274.631 0.767
275.427 0.796
276.219 0.792
277.004 0.785
277.819 0.815
278.58 0.761
279.403 0.823
280.189 0.786
280.958 0.769
281.733 0.775
282.498 0.765
283.238 0.74
284.051 0.813
284.872 0.821
285.65 0.778
286.407 0.757
287.134 0.727
287.857 0.723
288.6 0.743
289.359 0.759
290.105 0.746
290.832 0.727
291.548 0.716
292.249 0.701
292.95 0.701
293.623 0.673
294.32 0.697
295.058 0.738
295.85 0.792
296.673 0.823
297.475 0.802
298.34 0.865
299.164 0.824
299.973 0.809
300.782 0.809
301.558 0.776
302.363 0.805
303.168 0.805
303.968 0.8
304.828 0.86
305.654 0.826
306.496 0.842
307.29 0.794
308.082 0.792
308.829 0.747
309.576 0.747
310.381 0.805
311.235 0.854
312.106 0.871
312.901 0.795
313.707 0.806
314.467 0.76
315.236 0.769
316.048 0.812
316.804 0.756
317.621 0.817
318.399 0.778
319.188 0.789
319.982 0.794
320.75 0.768
321.465 0.715
322.254 0.789
323.05 0.796
323.823 0.773
324.647 0.824
325.436 0.789
326.198 0.762
326.959 0.761
327.728 0.769
328.499 0.771
329.285 0.786
330.064 0.779
330.809 0.745
331.637 0.828
332.534 0.897
333.453 0.919
334.306 0.853
335.159 0.853
335.971 0.812
336.76 0.789
337.56 0.8
338.365 0.805
339.208 0.843
340.113 0.905
340.938 0.825
341.739 0.801
342.534 0.795
343.284 0.75
344.06 0.776
344.846 0.786
345.673 0.827
346.58 0.907
347.408 0.828
348.213 0.805
348.971 0.758
349.707 0.736
350.439 0.732
351.147 0.708
351.827 0.68
352.499 0.672
353.16 0.661
353.828 0.668
354.495 0.667
355.169 0.674
355.852 0.683
356.514 0.662
357.16 0.646
357.807 0.647
358.444 0.637
359.079 0.635
359.708 0.629
360.326 0.618
360.955 0.629
361.604 0.649
362.318 0.714
363.167 0.849
364.103 0.936
364.961 0.858
365.771 0.81
366.578 0.807
367.428 0.85
368.193 0.765
368.926 0.733
369.672 0.746
370.453 0.781
371.273 0.82
372.049 0.776
372.919 0.87
373.777 0.858
374.653 0.876
375.49 0.837
376.237 0.747
376.975 0.738
377.746 0.771
378.556 0.81
379.509 0.953
380.502 0.993
381.491 0.989
382.421 0.93
383.263 0.842
384.048 0.785
384.799 0.751
385.525 0.726
386.266 0.741
387.008 0.742
387.775 0.767
388.64 0.865
389.705 1.065
390.69 0.985
391.595 0.905
392.436 0.841
393.237 0.801
393.996 0.759
394.713 0.717
395.419 0.706
396.124 0.705
396.908 0.784
397.797 0.889
398.636 0.839
399.454 0.818
400.23 0.776
400.972 0.742
401.693 0.721
402.422 0.729
403.258 0.836
404.131 0.873
405.007 0.876
405.883 0.876
406.735 0.852
407.586 0.851
408.431 0.845
409.259 0.828
410.076 0.817
410.83 0.754
411.557 0.727
412.29 0.733
413.012 0.722
413.751 0.739
414.498 0.747
415.256 0.758
415.985 0.729
416.795 0.81
417.587 0.792
418.418 0.831
419.265 0.847
420.124 0.859
421.012 0.888
421.874 0.862
422.712 0.838
423.56 0.848
424.344 0.784
425.091 0.747
425.845 0.754
426.573 0.728
427.356 0.783
428.217 0.861
429.113 0.896
429.934 0.821
430.725 0.791
431.466 0.741
432.201 0.735
432.951 0.75
433.689 0.738
434.434 0.745
435.24 0.806
436.058 0.818
436.904 0.846
437.756 0.852
438.587 0.831
439.379 0.792
440.089 0.71
440.802 0.713
441.508 0.706
442.198 0.69
442.888 0.69
443.624 0.736
444.435 0.811
445.328 0.893
446.243 0.915
447.132 0.889
447.987 0.855
448.776 0.789
449.522 0.746
450.23 0.708
450.93 0.7
451.624 0.694
452.332 0.708
453.189 0.857
454.144 0.955
455.073 0.929
456.033 0.96
456.915 0.882
457.811 0.896
458.633 0.822
459.423 0.79
460.218 0.795
460.976 0.758
461.788 0.812
462.564 0.776
463.346 0.782
464.173 0.827
464.954 0.781
465.757 0.803
466.528 0.771
467.314 0.786
468.063 0.749
468.772 0.709
469.479 0.707
470.178 0.699
470.872 0.694
471.572 0.7
472.283 0.711
472.981 0.698
473.687 0.706
474.396 0.709
475.094 0.698
475.81 0.716
476.512 0.702
477.219 0.707
477.903 0.684
478.586 0.683
479.264 0.678
479.943 0.679
480.639 0.696
481.354 0.715
482.067 0.713
482.763 0.696
483.458 0.695
484.149 0.691
484.833 0.684
485.527 0.694
486.237 0.71
486.975 0.738
487.751 0.776
488.504 0.753
489.24 0.736
489.991 0.751
490.745 0.754
491.495 0.75
492.261 0.766
493.02 0.759
493.825 0.805
494.648 0.823
495.49 0.842
496.324 0.834
497.188 0.864
498.029 0.841
498.854 0.825
499.599 0.745
500.345 0.746
501.09 0.745
501.861 0.771
502.641 0.78
503.448 0.807
504.254 0.806
505.038 0.784
505.776 0.738
506.518 0.742
507.299 0.781
508.117 0.818
509.04 0.923
509.968 0.928
510.804 0.836
511.621 0.817
512.403 0.782
513.144 0.741
513.947 0.803
514.752 0.805
515.549 0.797
516.433 0.884
517.306 0.873
518.16 0.854
518.986 0.826
519.776 0.79
520.522 0.746
521.237 0.715
521.934 0.697
522.622 0.688
523.299 0.677
524.009 0.71
524.796 0.787
525.556 0.76
526.312 0.756
527.059 0.747
527.778 0.719
528.496 0.718
529.221 0.725
529.935 0.714
530.642 0.707
531.427 0.785
532.214 0.787
533.067 0.853
533.926 0.859
534.785 0.859
535.6 0.815
536.331 0.731
537.051 0.72
537.744 0.693
538.423 0.679
539.099 0.676
539.785 0.686
540.503 0.718
541.292 0.789
542.149 0.857
543.125 0.976
544.11 0.985
544.996 0.886
545.771 0.775
546.519 0.748
547.233 0.714
547.938 0.705
548.646 0.708
549.379 0.733
550.2 0.821
551.016 0.816
551.819 0.803
552.623 0.804
553.453 0.83
554.317 0.864
555.177 0.86
556.038 0.861
556.865 0.827
557.674 0.809
558.467 0.793
559.25 0.783
560.062 0.812
560.852 0.79
561.649 0.797
562.423 0.774
563.158 0.735
563.91 0.752
564.684 0.774
565.475 0.791
566.222 0.747
566.937 0.715
567.649 0.712
568.371 0.722
569.096 0.725
569.828 0.732
570.547 0.719
571.227 0.68
571.907 0.68
572.57 0.663
573.226 0.656
573.882 0.656
574.55 0.668
575.339 0.789
576.212 0.873
577.039 0.827
577.885 0.846
578.762 0.877
579.605 0.843
580.462 0.857
581.301 0.839
582.109 0.808
582.921 0.812
583.733 0.812
584.529 0.796
585.332 0.803
586.084 0.752
586.846 0.762
587.649 0.803
588.469 0.82
589.323 0.854
590.142 0.819
590.971 0.829
591.75 0.779
592.51 0.76
593.245 0.735
593.949 0.704
594.655 0.706
595.347 0.692
596.028 0.681
596.691 0.663
597.37 0.679
598.076 0.706
598.779 0.703
599.522 0.743
600.352 0.83
601.172 0.82
601.93 0.758
602.654 0.724
603.355 0.701
604.055 0.7