0.000 2.23
2.23 2.23
2.999 0.769
3.754 0.755
4.488 0.734
5.225 0.737
5.964 0.739
6.73 0.766
7.518 0.788
8.357 0.839
9.11 0.753
9.885 0.775
10.706 0.821
11.559 0.853
12.534 0.975
13.412 0.878
14.169 0.757
14.856 0.687
15.552 0.696
16.327 0.775
17.763 1.436
18.777 1.014
19.785 1.008
20.998 1.213
22.026 1.028
23.048 1.022
24.16 1.112
25.091 0.931
26.073 0.982
27.468 1.395
28.446 0.978
29.498 1.052
30.792 1.294
31.747 0.955
32.791 1.044
34.059 1.268
35.063 1.004
36.366 1.303
37.514 1.148
38.509 0.995
39.911 1.402
40.995 1.084
42.046 1.051
43.114 1.068
44.146 1.032
45.474 1.328
46.627 1.153
47.678 1.051
49.011 1.333
50.057 1.046
51.227 1.17
52.39 1.163
53.586 1.196
54.433 0.847
55.253 0.82
56.042 0.789
56.835 0.793
57.691 0.856
59.088 1.397
60.122 1.034
61.033 0.911
61.933 0.9
62.994 1.061
64.112 1.118
65.205 1.093
66.205 1.0
67.076 0.871
68.023 0.947
69.125 1.102
70.335 1.21
71.496 1.161
72.532 1.036
73.596 1.064
74.651 1.055
75.688 1.037
76.792 1.104
77.936 1.144
79.033 1.097
80.099 1.066
81.065 0.966
81.944 0.879
82.899 0.955
84.093 1.194
85.014 0.921
85.87 0.856
86.678 0.808
87.432 0.754
88.178 0.746
89.065 0.887
89.907 0.842
90.791 0.884
92.132 1.341
93.165 1.033
94.155 0.99
95.143 0.988
96.135 0.992
97.078 0.943
97.99 0.912
99.446 1.456
99.741 0.295
100.531 0.79
101.713 1.182
102.019 0.306
102.794 0.775
103.447 0.653
103.718 0.271
103.999 0.281
104.254 0.255
104.831 0.577
105.569 0.738
105.893 0.324
106.166 0.273
106.436 0.27
110.244 3.808
110.795 0.551
111.147 0.352
112.384 1.237
112.705 0.321
114.753 2.048
115.09 0.337
115.456 0.366
115.797 0.341
116.767 0.97
117.073 0.306
117.663 0.59
117.97 0.307
118.22 0.25
121.331 3.111
123.985 2.654
124.399 0.414
124.658 0.259
125.024 0.366
125.451 0.427
133.998 8.547
134.806 0.808
135.599 0.793
136.357 0.758
137.054 0.697
137.728 0.674
138.444 0.716
139.272 0.828
140.248 0.976
141.259 1.011
142.218 0.959
143.013 0.795
143.739 0.726
144.429 0.69
145.116 0.687
145.851 0.735
146.649 0.798
147.48 0.831
148.408 0.928
149.186 0.778
151.272 2.086
151.709 0.437
154.705 2.996
155.605 0.9
156.911 1.306
158.052 1.141
160.238 2.186
161.083 0.845
162.364 1.281
162.67 0.306
162.93 0.26
163.215 0.285
163.803 0.588
164.121 0.318
164.543 0.422
165.304 0.761
165.919 0.615
166.411 0.492
167.407 0.996
168.264 0.857
168.617 0.353
170.78 2.163
172.769 1.989
173.106 0.337
173.433 0.327
173.706 0.273
173.98 0.274
174.32 0.34
175.058 0.738
175.609 0.551
176.047 0.438
177.375 1.328
178.468 1.093
179.935 1.467
180.235 0.3
180.637 0.402
180.991 0.354
181.921 0.93
182.196 0.275
182.517 0.321
182.817 0.3
183.148 0.331
184.257 1.109
184.703 0.446
184.954 0.251
185.435 0.481
186.58 1.145
187.247 0.667
187.718 0.471
187.975 0.257
188.539 0.564
189.227 0.688
189.742 0.515
200.164 10.422
200.997 0.833
201.797 0.8
202.546 0.749
203.287 0.741
204.072 0.785
204.906 0.834
205.757 0.851
206.29 0.533
206.654 0.364
211.406 4.752
212.149 0.743
212.91 0.761
213.634 0.724
214.34 0.706
215.032 0.692
215.715 0.683
216.069 0.354
216.381 0.312
216.946 0.565
217.24 0.294
217.667 0.427
218.29 0.623
218.901 0.611
219.509 0.608
220.112 0.603
220.709 0.597
221.309 0.6
221.923 0.614
222.561 0.638
223.23 0.669
223.897 0.667
224.589 0.692
225.291 0.702
226.045 0.754
226.797 0.752
227.513 0.716
227.955 0.442
228.214 0.259
228.502 0.288
229.01 0.508
229.329 0.319
230.159 0.83
230.823 0.664
244.621 13.798
244.996 0.375
245.474 0.478
245.761 0.287
246.052 0.291
246.452 0.4
246.764 0.312
247.355 0.591
247.672 0.317
247.928 0.256
249.909 1.981
250.983 1.074
251.583 0.6
251.903 0.32
252.224 0.321
252.622 0.398
253.021 0.399
255.816 2.795
256.323 0.507
256.575 0.252
256.873 0.298
257.157 0.284
257.625 0.468
257.944 0.319
258.644 0.7
259.003 0.359
259.443 0.44
259.786 0.343
260.247 0.461
260.582 0.335
260.888 0.306
261.218 0.33
261.622 0.404
261.913 0.291
262.614 0.701
263.22 0.606
265.065 1.845
265.644 0.579
265.99 0.346
266.379 0.389
266.668 0.289
267.256 0.588
268.124 0.868
268.389 0.265
269.045 0.656
269.528 0.483
269.98 0.452
270.896 0.916
271.356 0.46
272.198 0.842
272.502 0.304
273.724 1.222
274.541 0.817
274.946 0.405
275.409 0.463
275.794 0.385
276.655 0.861
276.914 0.259
277.167 0.253
277.535 0.368
278.715 1.18
279.051 0.336
279.7 0.649
280.006 0.306
280.277 0.271
280.637 0.36
280.978 0.341
284.106 3.128
284.589 0.483
285.302 0.713
285.591 0.289
285.933 0.342
286.24 0.307
287.595 1.355
287.902 0.307
288.222 0.32
288.48 0.258
289.072 0.592
290.259 1.187
290.535 0.276
290.801 0.266
291.166 0.365
291.722 0.556
292.276 0.554
292.855 0.579
293.204 0.349
293.465 0.261
294.325 0.86
294.721 0.396
294.989 0.268
295.349 0.36
295.717 0.368
296.06 0.343
296.327 0.267
296.695 0.368
297.02 0.325
297.327 0.307
297.6 0.273
297.865 0.265
298.294 0.429
299.019 0.725
299.459 0.44
299.847 0.388
300.152 0.305
300.676 0.524
301.066 0.39
301.402 0.336
302.288 0.886
303.059 0.771
303.982 0.923
304.38 0.398
304.636 0.256
305.322 0.686
305.652 0.33
306.048 0.396
306.349 0.301
307.138 0.789
308.068 0.93
308.343 0.275
308.965 0.622
309.546 0.581
309.856 0.31
311.119 1.263
311.933 0.814
312.199 0.266
313.007 0.808
315.024 2.017
317.634 2.61
324.995 7.361
326.253 1.258
327.344 1.091
328.303 0.959
329.143 0.84
329.917 0.774
330.668 0.751
331.154 0.486
353.995 22.841
354.73 0.735
355.48 0.75
356.972 1.492
357.716 0.744
358.467 0.751
359.209 0.742
359.964 0.755
360.698 0.734
361.417 0.719
362.138 0.721
363.521 1.383
364.204 0.683
364.919 0.715
365.647 0.728
366.393 0.746
367.166 0.773
367.92 0.754
368.678 0.758
369.41 0.732
370.132 0.722
370.861 0.729
371.575 0.714
372.283 0.708
373.01 0.727
373.738 0.728
374.483 0.745
375.226 0.743
375.96 0.734
376.688 0.728
377.065 0.377
377.398 0.333
377.746 0.348
378.059 0.313
378.343 0.284
381.439 3.096
381.949 0.51
383.938 1.989
384.949 1.011
388.609 3.66
397.994 9.385
398.692 0.698
399.384 0.692
400.077 0.693
400.811 0.734
401.541 0.73
402.278 0.737
402.99 0.712
403.689 0.699
404.382 0.693
405.061 0.679
405.734 0.673
406.417 0.683
407.106 0.689
407.782 0.676
408.445 0.663
409.092 0.647
409.729 0.637
410.368 0.639
411.025 0.657
411.709 0.684
412.408 0.699
413.139 0.731
413.873 0.734
414.595 0.722
415.308 0.713
416.001 0.693
416.693 0.692
417.379 0.686
418.051 0.672
418.726 0.675
419.407 0.681
420.09 0.683
420.762 0.672
421.432 0.67
422.098 0.666
422.755 0.657
423.422 0.667
424.119 0.697
424.855 0.736
425.602 0.747
426.342 0.74
427.08 0.738
427.811 0.731
428.526 0.715
429.24 0.714
429.952 0.712
430.652 0.7
431.363 0.711
432.08 0.717
432.781 0.701
433.499 0.718
434.263 0.764
435.022 0.759
435.792 0.77
436.545 0.753
437.281 0.736
438.022 0.741
438.761 0.739
439.491 0.73
440.224 0.733
440.943 0.719
441.657 0.714
442.386 0.729
443.134 0.748
443.881 0.747
444.623 0.742
445.351 0.728
446.071 0.72
446.779 0.708
447.487 0.708
448.199 0.712
448.914 0.715
449.63 0.716
450.367 0.737
451.113 0.746
451.852 0.739
452.606 0.754
453.36 0.754
454.112 0.752
454.881 0.769
455.632 0.751
456.391 0.759
457.146 0.755
457.883 0.737
458.629 0.746
459.377 0.748
460.129 0.752
460.893 0.764
461.658 0.765
462.415 0.757
463.19 0.775
463.956 0.766
464.717 0.761
465.49 0.773
466.239 0.749
466.982 0.743
467.75 0.768
468.509 0.759
469.256 0.747
469.996 0.74
470.71 0.714
471.418 0.708
472.1 0.682
472.779 0.679
473.446 0.667
474.119 0.673
474.819 0.7
475.556 0.737
476.301 0.745
477.095 0.794
477.886 0.791
478.657 0.771
479.411 0.754
480.129 0.718
480.833 0.704
484.104 3.271
484.723 0.619
485.326 0.603
485.923 0.597
486.441 0.518
486.935 0.494
487.186 0.251
487.714 0.528
488.321 0.607
488.931 0.61
489.552 0.621
493.037 3.485
493.374 0.337
493.655 0.281
494.663 1.008
495.294 0.631
495.636 0.342
496.334 0.698
496.614 0.28
497.239 0.625
506.993 9.754
507.83 0.837
508.646 0.816
509.431 0.785
510.169 0.738
510.889 0.72
511.596 0.707
512.291 0.695
512.983 0.692
513.684 0.701
527.742 0.749
528.492 0.75
529.243 0.751
529.978 0.735
530.703 0.725
531.432 0.729
532.164 0.732
532.922 0.758
533.661 0.739
534.406 0.745
535.146 0.74
535.86 0.714
536.57 0.71
537.275 0.705
537.972 0.697
538.673 0.701
539.366 0.693
540.06 0.694
540.767 0.707
541.485 0.718
542.196 0.711
542.92 0.724
543.642 0.722
544.356 0.714
545.074 0.718
545.797 0.723
546.523 0.726
547.235 0.712
547.955 0.72
548.666 0.711
549.359 0.693
550.058 0.699
550.767 0.709
551.468 0.701
552.191 0.723
552.937 0.746
553.659 0.722
554.398 0.739
555.118 0.72
555.808 0.69
556.49 0.682
557.166 0.676
558.496 1.33
559.158 0.662
559.823 0.665
560.5 0.677
561.172 0.672
561.869 0.697
562.559 0.69
563.242 0.683
563.929 0.687
564.605 0.676
565.283 0.678
565.955 0.672
566.61 0.655
567.259 0.649
567.897 0.638
568.528 0.631
569.152 0.624
569.781 0.629
570.404 0.623
571.025 0.621
571.649 0.624
572.275 0.626
572.921 0.646
573.595 0.674
574.267 0.672
574.952 0.685
575.645 0.693
576.332 0.687
577.032 0.7
577.738 0.706