0.000 0.869
0.869 0.869
1.737 0.868
2.611 0.874
3.471 0.86
4.4 0.929
5.248 0.848
6.086 0.838
6.975 0.889
7.868 0.893
8.698 0.83
9.417 0.719
10.078 0.661
10.767 0.689
11.532 0.765
12.378 0.846
13.196 0.818
14.004 0.808
14.745 0.741
15.511 0.766
16.289 0.778
17.061 0.772
17.773 0.712
18.49 0.717
19.33 0.84
20.274 0.944
21.106 0.832
22.038 0.932
23.032 0.994
23.969 0.937
24.881 0.912
25.755 0.874
26.572 0.817
27.346 0.774
28.185 0.839
29.177 0.992
30.081 0.904
31.011 0.93
32.026 1.015
33.053 1.027
34.068 1.015
35.137 1.069
36.123 0.986
37.104 0.981
38.216 1.112
39.329 1.113
40.388 1.059
41.481 1.093
42.59 1.109
43.565 0.975
44.669 1.104
45.775 1.106
46.813 1.038
47.924 1.111
48.816 0.892
49.835 1.019
50.709 0.874
51.51 0.801
52.472 0.962
53.441 0.969
54.264 0.823
55.131 0.867
56.02 0.889
56.935 0.915
57.88 0.945
58.705 0.825
59.568 0.863
60.544 0.976
61.46 0.916
62.286 0.826
63.239 0.953
64.134 0.895
64.897 0.763
65.662 0.765
66.936 1.274
74.028 1.029
74.878 0.85
75.752 0.874
76.669 0.917
77.61 0.941
78.525 0.915
79.498 0.973
80.395 0.897
81.289 0.894
82.144 0.855
82.978 0.834
83.758 0.78
84.494 0.736
85.248 0.754
86.116 0.868
87.088 0.972
87.973 0.885
88.877 0.904
89.883 1.006
90.921 1.038
91.863 0.942
92.898 1.035
94.037 1.139
95.193 1.156
96.271 1.078
97.471 1.2
98.576 1.105
99.483 0.907
100.551 1.068
101.585 1.034
102.506 0.921
103.573 1.067
104.608 1.035
105.551 0.943
106.411 0.86
107.199 0.788
108.107 0.908
109.164 1.057
110.157 0.993
111.122 0.965
112.089 0.967
112.987 0.898
113.998 1.011
115.081 1.083
116.122 1.041
117.247 1.125
118.313 1.066
119.232 0.919
120.262 1.03
121.329 1.067
122.25 0.921
123.291 1.041
124.387 1.096
125.393 1.006
126.509 1.116
127.528 1.019
128.374 0.846
129.311 0.937
130.217 0.906
131.307 1.09
132.438 1.131
133.54 1.102
134.663 1.123
135.689 1.026
136.665 0.976
137.714 1.049
138.61 0.896
139.487 0.877
140.485 0.998
141.509 1.024
142.522 1.013
143.663 1.141
144.836 1.173
145.979 1.143
147.124 1.145
148.281 1.157
149.405 1.124
150.525 1.12
151.694 1.169
152.786 1.092
153.662 0.876
154.644 0.982
155.813 1.169
156.848 1.035
157.921 1.073
159.015 1.094
159.99 0.975
161.093 1.103
162.226 1.133
163.191 0.965
164.288 1.097
165.436 1.148
166.528 1.092
167.604 1.076
168.754 1.15
169.926 1.172
171.076 1.15
172.27 1.194
173.37 1.1
174.375 1.005
175.44 1.065
176.471 1.031
177.414 0.943
178.474 1.06
179.433 0.959
180.418 0.985
181.446 1.028
182.39 0.944
183.48 1.09
184.521 1.041
185.535 1.014
186.646 1.111
187.696 1.05
188.73 1.034
189.855 1.125
190.955 1.1
192.039 1.084
193.182 1.143
194.296 1.114
195.447 1.151
196.628 1.181
197.703 1.075
198.764 1.061
199.693 0.929
200.505 0.812
201.521 1.016
202.683 1.162
203.809 1.126
204.969 1.16
206.115 1.146
207.231 1.116
208.441 1.21
209.614 1.173
210.734 1.12
211.925 1.191
213.083 1.158
214.231 1.148
215.431 1.2
216.518 1.087
217.698 1.18
218.87 1.172
219.989 1.119
221.124 1.135
222.135 1.011
223.305 1.17
224.383 1.078
225.485 1.102
226.653 1.168
227.736 1.083
228.848 1.112
229.984 1.136
231.023 1.039
232.119 1.096
233.212 1.093
234.277 1.065
235.395 1.118
236.484 1.089
237.541 1.057
238.665 1.124
239.727 1.062
240.843 1.116
241.945 1.102
242.972 1.027
244.105 1.133
245.253 1.148
246.254 1.001
247.324 1.07
248.322 0.998
249.295 0.973
250.368 1.073
251.385 1.017
252.419 1.034
253.447 1.028
254.417 0.97
255.485 1.068
256.486 1.001
257.572 1.086
258.658 1.086
259.652 0.994
260.681 1.029
261.569 0.888
262.369 0.8
263.217 0.848
264.288 1.071
265.397 1.109
266.448 1.051
267.525 1.077
268.54 1.015
269.507 0.967
270.558 1.051
271.483 0.925
272.517 1.034
273.56 1.043
274.625 1.065
275.724 1.099
276.791 1.067
277.777 0.986
278.723 0.946
279.584 0.861
280.402 0.818
281.434 1.032
282.524 1.09
283.586 1.062
284.419 0.833
285.221 0.802
286.157 0.936
287.138 0.981
288.137 0.999
289.196 1.059
290.28 1.084
291.352 1.072
292.353 1.001
293.134 0.781
293.924 0.79
294.873 0.949
295.894 1.021
296.9 1.006
297.945 1.045
298.923 0.978
299.912 0.989
300.949 1.037
301.966 1.017
302.934 0.968
303.92 0.986
304.799 0.879
305.741 0.942
306.586 0.845
307.446 0.86
308.433 0.987
309.506 1.073
310.552 1.046
311.589 1.037
312.532 0.943
313.424 0.892
314.367 0.943
315.369 1.002
316.346 0.977
317.346 1.0
318.35 1.004
319.417 1.067
320.529 1.112
321.598 1.069
322.641 1.043
323.637 0.996
324.76 1.123
325.907 1.147
327.022 1.115
327.998 0.976
328.776 0.778
329.55 0.774
330.542 0.992
331.663 1.121
332.772 1.109
333.82 1.048
334.721 0.901
335.656 0.935
336.597 0.941
337.525 0.928
338.413 0.888
339.193 0.78
340.047 0.854
341.09 1.043
342.208 1.118
343.277 1.069
344.317 1.04
345.24 0.923
346.161 0.921
347.061 0.9
347.879 0.818
348.842 0.963
349.854 1.012
350.949 1.095
351.969 1.02
352.983 1.014
354.015 1.032
355.021 1.006
355.989 0.968
356.911 0.922
357.832 0.921
358.632 0.8
359.408 0.776
360.2 0.792
360.951 0.751
361.672 0.721
362.454 0.782
363.179 0.725
363.915 0.736
364.765 0.85
365.658 0.893
366.553 0.895
367.309 0.756
368.065 0.756
368.904 0.839
369.788 0.884
370.633 0.845
371.526 0.893
372.494 0.968
373.471 0.977
374.463 0.992
375.545 1.082
376.625 1.08
377.656 1.031
378.727 1.071
379.711 0.984
380.556 0.845
381.426 0.87
382.307 0.881
383.276 0.969
384.097 0.821
384.945 0.848
385.791 0.846
386.726 0.935
387.713 0.987
388.675 0.962
389.476 0.801
390.322 0.846
391.262 0.94
392.234 0.972
393.065 0.831
393.914 0.849
394.787 0.873
395.651 0.864
396.742 1.091
397.823 1.081
398.895 1.072
399.964 1.069
400.976 1.012
401.772 0.796
402.632 0.86
403.678 1.046
404.758 1.08
405.814 1.056
406.714 0.9
407.65 0.936
408.696 1.046
409.752 1.056
410.724 0.972
411.658 0.934
412.533 0.875
413.327 0.794
414.055 0.728
414.818 0.763
415.778 0.96
416.812 1.034
417.858 1.046
418.874 1.016
419.912 1.038
420.974 1.062
422.037 1.063
423.121 1.084
424.221 1.1
425.31 1.089
426.367 1.057
427.408 1.041
428.486 1.078
429.576 1.09
430.578 1.002
431.549 0.971
432.618 1.069
433.575 0.957
434.456 0.881
435.548 1.092
436.601 1.053
437.48 0.879
438.544 1.064
439.657 1.113
440.735 1.078
441.859 1.124
442.914 1.055
443.938 1.024
444.969 1.031
445.911 0.942
446.795 0.884
447.648 0.853
448.625 0.977
449.66 1.035
450.695 1.035
451.633 0.938
452.547 0.914
453.421 0.874
454.308 0.887
455.353 1.045
456.409 1.056
457.424 1.015
458.453 1.029
459.487 1.034
460.552 1.065
461.589 1.037
462.626 1.037
463.537 0.911
464.453 0.916
465.437 0.984
466.465 1.028
467.295 0.83
468.221 0.926
469.247 1.026
470.233 0.986
471.173 0.94
472.172 0.999
473.068 0.896
474.075 1.007
475.067 0.992
475.968 0.901
476.82 0.852
477.677 0.857
478.482 0.805
479.297 0.815
480.079 0.782
480.987 0.908
481.912 0.925
482.852 0.94
483.87 1.018
484.852 0.982
485.763 0.911
486.618 0.855
487.48 0.862
488.394 0.914
489.287 0.893
490.18 0.893
491.131 0.951
492.116 0.985
493.097 0.981
494.02 0.923
494.814 0.794
495.657 0.843
496.698 1.041
497.744 1.046
498.568 0.824
499.52 0.952
500.584 1.064
501.664 1.08
502.673 1.009
503.772 1.099
504.875 1.103
505.795 0.92
506.822 1.027
507.909 1.087
509.003 1.094
510.075 1.072
511.114 1.039
512.02 0.906
512.994 0.974
514.051 1.057
515.063 1.012
515.94 0.877
516.983 1.043
518.098 1.115
519.196 1.098
520.216 1.02
521.153 0.937
521.982 0.829
522.847 0.865
523.67 0.823
524.688 1.018
525.799 1.111
526.735 0.936
527.742 1.007
528.766 1.024
529.785 1.019
530.756 0.971
531.688 0.932
532.629 0.941
533.52 0.891
534.378 0.858
535.197 0.819
536.124 0.927
537.201 1.077
538.284 1.083
539.324 1.04
540.403 1.079
541.366 0.963
542.426 1.06
543.533 1.107
544.583 1.05
545.557 0.974
546.445 0.888
547.331 0.886
548.329 0.998
549.373 1.044
550.267 0.894
551.074 0.807
551.999 0.925
553.044 1.045
554.126 1.082
555.104 0.978
556.174 1.07
557.281 1.107
558.358 1.077
559.422 1.064
560.484 1.062
561.393 0.909
562.464 1.071
563.551 1.087
564.655 1.104
565.748 1.093
566.843 1.095
567.931 1.088
568.964 1.033
569.839 0.875
570.797 0.958
571.773 0.976
572.632 0.859
573.615 0.983
574.707 1.092
575.762 1.055
576.644 0.882
577.499 0.855
578.532 1.033
579.651 1.119
580.627 0.976
581.677 1.05
582.595 0.918
583.676 1.081
584.764 1.088
585.814 1.05
586.896 1.082
587.993 1.097
589.033 1.04
590.115 1.082
591.184 1.069
592.192 1.008
593.164 0.972
594.211 1.047
595.293 1.082
596.355 1.062
597.456 1.101
598.515 1.059
599.561 1.046
600.636 1.075
601.741 1.105
602.84 1.099
603.788 0.948
604.707 0.919
605.563 0.856
606.366 0.803
607.278 0.912
608.247 0.969
609.184 0.937