0.000 0.713
0.713 0.713
1.403 0.69
2.129 0.726
2.874 0.745
3.61 0.736
4.293 0.683
4.926 0.633
5.552 0.626
6.239 0.687
7.332 1.093
8.31 0.978
9.228 0.918
10.114 0.886
10.989 0.875
11.831 0.842
12.596 0.765
13.345 0.749
14.153 0.808
15.019 0.866
15.875 0.856
16.739 0.864
17.589 0.85
18.404 0.815
19.194 0.79
19.919 0.725
20.648 0.729
21.398 0.75
22.157 0.759
22.918 0.761
23.609 0.691
24.313 0.704
25.075 0.762
25.87 0.795
26.611 0.741
27.292 0.681
28.026 0.734
28.778 0.752
29.542 0.764
30.241 0.699
30.918 0.677
31.644 0.726
32.384 0.74
33.12 0.736
33.859 0.739
34.541 0.682
35.224 0.683
35.947 0.723
36.732 0.785
37.537 0.805
38.271 0.734
38.982 0.711
39.722 0.74
40.479 0.757
41.234 0.755
41.947 0.713
42.632 0.685
43.342 0.71
44.086 0.744
44.82 0.734
45.481 0.661
46.15 0.669
46.883 0.733
47.634 0.751
48.398 0.764
49.11 0.712
49.782 0.672
50.494 0.712
51.218 0.724
51.966 0.748
52.692 0.726
53.393 0.701
54.166 0.773
54.945 0.779
55.711 0.766
56.402 0.691
57.095 0.693
57.818 0.723
58.594 0.776
59.394 0.8
60.101 0.707
60.823 0.722
61.593 0.77
62.374 0.781
63.163 0.789
63.881 0.718
64.57 0.689
65.286 0.716
66.035 0.749
66.826 0.791
67.546 0.72
68.246 0.7
68.964 0.718
69.672 0.708
70.373 0.701
71.024 0.651
71.665 0.641
72.346 0.681
73.117 0.771
73.936 0.819
74.655 0.719
75.325 0.67
76.002 0.677
76.698 0.696
77.421 0.723
78.126 0.705
78.787 0.661
79.452 0.665
80.111 0.659
80.79 0.679
81.512 0.722
82.204 0.692
82.883 0.679
83.61 0.727
84.346 0.736
85.068 0.722
85.748 0.68
86.423 0.675
87.134 0.711
87.885 0.751
88.654 0.769
89.36 0.706
90.034 0.674
90.741 0.707
91.459 0.718
92.194 0.735
92.906 0.712
93.585 0.679
94.285 0.7
94.994 0.709
95.703 0.709
96.37 0.667
97.024 0.654
97.693 0.669
98.39 0.697
99.098 0.708
99.774 0.676
100.464 0.69
101.197 0.733
101.927 0.73
102.626 0.699
103.297 0.671
103.999 0.702
104.696 0.697
105.401 0.705
106.075 0.674
106.709 0.634
107.351 0.642
108.041 0.69
108.767 0.726
109.504 0.737
110.195 0.691
110.871 0.676
111.587 0.716
112.328 0.741
113.083 0.755
113.79 0.707
114.473 0.683
115.182 0.709
115.916 0.734
116.691 0.775
117.381 0.69
118.04 0.659
118.713 0.673
119.357 0.644
119.979 0.622
120.588 0.609
121.213 0.625
121.901 0.688
122.556 0.655
123.201 0.645
123.893 0.692
124.619 0.726
125.332 0.713
125.997 0.665
126.634 0.637
127.291 0.657
127.933 0.642
128.597 0.664
129.249 0.652
129.958 0.709
130.718 0.76
131.531 0.813
132.359 0.828
133.114 0.755
133.846 0.732
134.632 0.786
135.423 0.791
136.189 0.766
136.917 0.728
137.59 0.673
138.277 0.687
138.97 0.693
139.629 0.659
140.284 0.655
140.983 0.699
141.803 0.82
142.649 0.846
143.442 0.793
144.184 0.742
144.933 0.749
145.665 0.732
146.409 0.744
147.123 0.714
147.778 0.655
148.406 0.628
149.051 0.645
149.732 0.681
150.514 0.782
151.244 0.73
152.0 0.756
152.818 0.818
153.643 0.825
154.371 0.728
155.082 0.711
155.814 0.732
156.558 0.744
157.324 0.766
158.043 0.719
158.759 0.716
159.537 0.778
160.387 0.85
161.185 0.798
161.949 0.764
162.642 0.693
163.376 0.734
164.156 0.78
164.925 0.769
165.671 0.746
166.382 0.711
167.178 0.796
167.935 0.757
168.708 0.773
169.434 0.726
170.135 0.701
170.878 0.743
171.676 0.798
172.443 0.767
173.185 0.742
173.869 0.684
174.575 0.706
175.312 0.737
176.097 0.785
176.828 0.731
177.551 0.723
178.301 0.75
179.056 0.755
179.777 0.721
180.456 0.679
181.139 0.683
181.85 0.711
182.609 0.759
183.372 0.763
184.093 0.721
184.829 0.736
185.565 0.736
186.327 0.762
187.108 0.781
187.841 0.733
188.547 0.706
189.315 0.768
190.111 0.796
190.92 0.809
191.672 0.752
192.422 0.75
193.194 0.772
193.968 0.774
194.731 0.763
195.474 0.743
196.164 0.69
196.852 0.688
197.603 0.751
198.385 0.782
199.238 0.853
200.048 0.81
200.778 0.73
201.53 0.752
202.304 0.774
203.081 0.777
203.85 0.769
204.55 0.7
205.266 0.716
206.001 0.735
206.786 0.785
207.565 0.779
208.301 0.736
209.093 0.792
209.901 0.808
210.721 0.82
211.492 0.771
212.186 0.694
212.88 0.694
213.596 0.716
214.344 0.748
215.113 0.769
215.825 0.712
216.514 0.689
217.277 0.763
218.115 0.838
218.996 0.881
219.781 0.785
220.556 0.775
221.326 0.77
222.077 0.751
222.81 0.733
223.49 0.68
224.157 0.667
224.873 0.716
225.598 0.725
226.377 0.779
227.15 0.773
227.857 0.707
228.586 0.729
229.327 0.741
230.094 0.767
230.822 0.728
231.499 0.677
232.186 0.687
232.888 0.702
233.622 0.734
234.371 0.749
235.059 0.688
235.742 0.683
236.452 0.71
237.188 0.736
237.962 0.774
238.676 0.714
239.363 0.687
240.084 0.721
240.852 0.768
241.726 0.874
242.598 0.872
243.457 0.859
244.328 0.871
245.16 0.832
245.978 0.818
246.725 0.747
247.389 0.664
248.049 0.66
248.707 0.658
249.423 0.716
250.138 0.715
250.823 0.685
251.54 0.717
252.313 0.773
253.16 0.847
253.923 0.763
254.636 0.713
255.331 0.695
256.025 0.694
256.747 0.722
257.459 0.712
258.159 0.7
258.836 0.677
259.478 0.642
260.121 0.643
260.798 0.677
261.514 0.716
262.252 0.738
262.963 0.711
263.644 0.681
264.332 0.688
265.027 0.695
265.728 0.701
266.429 0.701
267.229 0.8
268.031 0.802
268.879 0.848
269.659 0.78
270.351 0.692
271.027 0.676
271.698 0.671
272.377 0.679
273.071 0.694
273.715 0.644
274.342 0.627
274.983 0.641
275.731 0.748
276.547 0.816
277.385 0.838
278.146 0.761
278.844 0.698
279.551 0.707
280.253 0.702
280.953 0.7
281.636 0.683
282.291 0.655
282.97 0.679
283.696 0.726
284.488 0.792
285.278 0.79
285.982 0.704
286.665 0.683
287.362 0.697
288.058 0.696
288.786 0.728
289.465 0.679
290.114 0.649
290.793 0.679
291.476 0.683
292.24 0.764
293.026 0.786
293.754 0.728
294.448 0.694
295.17 0.722
295.909 0.739
296.668 0.759
297.418 0.75
303.995 0.649
304.669 0.674
305.391 0.722
306.142 0.751
306.9 0.758
307.592 0.692
308.322 0.73
309.057 0.735
309.799 0.742
310.558 0.759
311.31 0.752
312.008 0.698
312.693 0.685
313.369 0.676
314.077 0.708
314.935 0.858
315.809 0.874
316.683 0.874
317.516 0.833
318.314 0.798
319.043 0.729
319.734 0.691
320.393 0.659
321.064 0.671
321.777 0.713
322.589 0.812
323.387 0.798
324.15 0.763
324.903 0.753
325.659 0.756
326.412 0.753
327.202 0.79
327.983 0.781
328.693 0.71
329.34 0.647
330.035 0.695
330.794 0.759
331.587 0.793
332.332 0.745
333.045 0.713
333.702 0.657
334.371 0.669
335.07 0.699
335.8 0.73
336.566 0.766
337.264 0.698
337.934 0.67
338.635 0.701
339.377 0.742
340.151 0.774
340.981 0.83
341.763 0.782
342.485 0.722
343.205 0.72
343.962 0.757
344.78 0.818
345.621 0.841
346.408 0.787
347.172 0.764
347.887 0.715
348.634 0.747
349.369 0.735
350.088 0.719
350.816 0.728
351.498 0.682
352.177 0.679
352.862 0.685
353.572 0.71
354.323 0.751
355.038 0.715
355.74 0.702
356.503 0.763
357.287 0.784
358.087 0.8
358.842 0.755
359.528 0.686
360.193 0.665
360.882 0.689
361.588 0.706
362.318 0.73
363.093 0.775
363.821 0.728
364.514 0.693
365.231 0.717
365.941 0.71
366.643 0.702
367.302 0.659
367.94 0.638
368.599 0.659
369.309 0.71
370.082 0.773
370.875 0.793
371.592 0.717
372.269 0.677
372.964 0.695
373.66 0.696
374.371 0.711
375.074 0.703
375.737 0.663
376.429 0.692
377.149 0.72
377.908 0.759
378.624 0.716
379.307 0.683
380.017 0.71
380.757 0.74
381.513 0.756
382.227 0.714
382.909 0.682
383.605 0.696
384.321 0.716
385.059 0.738
385.797 0.738
386.481 0.684
387.186 0.705
387.942 0.756
388.765 0.823
389.517 0.752
390.192 0.675
390.843 0.651
391.501 0.658
392.175 0.674
392.857 0.682
393.515 0.658
394.163 0.648
394.855 0.692
395.583 0.728
396.372 0.789
397.166 0.794
397.895 0.729
398.657 0.762
399.397 0.74
400.119 0.722
400.806 0.687
401.459 0.653
402.104 0.645
402.827 0.723
403.595 0.768
404.353 0.758
405.115 0.762
405.876 0.761
406.608 0.732
407.266 0.658
407.968 0.702
408.931 0.963
409.796 0.865
410.523 0.727
411.187 0.664
411.813 0.626
412.422 0.609
413.046 0.624
413.68 0.634
414.355 0.675
415.035 0.68
415.67 0.635
416.272 0.602
416.873 0.601
417.499 0.626
418.145 0.646
418.896 0.751
419.689 0.793
420.534 0.845
421.344 0.81
422.076 0.732
422.749 0.673
423.404 0.655
424.033 0.629
424.655 0.622
425.264 0.609
425.851 0.587
426.439 0.588
427.039 0.6
427.669 0.63
428.325 0.656
428.993 0.668
429.625 0.632
430.281 0.656
430.94 0.659
431.615 0.675
432.313 0.698
432.999 0.686
433.646 0.647
434.31 0.664
434.969 0.659
435.616 0.647
436.234 0.618
436.882 0.648
437.553 0.671
438.237 0.684
438.957 0.72
439.651 0.694
440.306 0.655
440.964 0.658
441.647 0.683
442.312 0.665
443.039 0.727
443.795 0.756
444.595 0.8
445.406 0.811
446.197 0.791
446.967 0.77
447.715 0.748
448.458 0.743
449.14 0.682
449.798 0.658
450.452 0.654
451.159 0.707
451.891 0.732
452.585 0.694
453.241 0.656
453.926 0.685
454.632 0.706
455.33 0.698
456.101 0.771
456.881 0.78
457.637 0.756
458.332 0.695
458.981 0.649
459.608 0.627
460.255 0.647
460.912 0.657
461.569 0.657
462.291 0.722
463.132 0.841
463.929 0.797
464.643 0.714
465.305 0.662
465.957 0.652
466.618 0.661
467.255 0.637
467.919 0.664
468.648 0.729
469.481 0.833
470.29 0.809
471.031 0.741
471.811 0.78
472.625 0.814
473.459 0.834
474.212 0.753
474.913 0.701
475.679 0.766
476.491 0.812
477.345 0.854
478.158 0.813
478.863 0.705
479.603 0.74
480.386 0.783
481.209 0.823
482.0 0.791
482.704 0.704
483.435 0.731
484.232 0.797
485.077 0.845
485.962 0.885
486.778 0.816
487.603 0.825
488.46 0.857
489.338 0.878
490.229 0.891
491.064 0.835
491.818 0.754
492.615 0.797
493.428 0.813
494.255 0.827
495.033 0.778
495.76 0.727
496.518 0.758
497.324 0.806
498.207 0.883
499.062 0.855
499.823 0.761
500.559 0.736
501.344 0.785
502.138 0.794
502.949 0.811
503.692 0.743
504.444 0.752
505.248 0.804
506.084 0.836
506.903 0.819
507.675 0.772
508.454 0.779
509.267 0.813
510.064 0.797
510.842 0.778
511.554 0.712
512.234 0.68
512.93 0.696
513.666 0.736
514.518 0.852
515.398 0.88
516.223 0.825
517.017 0.794
517.786 0.769
518.484 0.698
519.149 0.665
519.835 0.686
520.586 0.751
521.386 0.8
522.174 0.788
522.888 0.714
523.583 0.695
524.316 0.733
525.107 0.791
525.914 0.807
526.688 0.774
527.405 0.717
528.15 0.745
528.93 0.78
529.719 0.789
530.511 0.792
531.228 0.717
531.962 0.734
532.737 0.775
533.548 0.811
534.367 0.819
535.136 0.769
535.839 0.703
536.587 0.748
537.352 0.765
538.145 0.793
538.871 0.726
539.56 0.689
540.3 0.74
541.079 0.779
541.957 0.878
542.758 0.801
543.481 0.723
544.214 0.733
544.98 0.766
545.815 0.835
546.638 0.823
547.378 0.74
548.083 0.705
548.806 0.723
549.559 0.753
550.347 0.788
551.072 0.725
551.776 0.704
552.541 0.765
553.374 0.833
554.26 0.886
555.04 0.78
555.746 0.706
556.459 0.713
557.187 0.728
557.985 0.798
558.82 0.835
559.579 0.759
560.375 0.796
561.216 0.841
562.05 0.834
562.832 0.782
563.531 0.699
564.242 0.711
564.982 0.74
565.774 0.792
566.552 0.778
567.266 0.714
568.012 0.746
568.806 0.794
569.622 0.816
570.407 0.785
571.144 0.737
571.937 0.793
572.73 0.793
573.578 0.848
574.311 0.733
575.062 0.751
575.838 0.776
576.652 0.814
577.451 0.799
578.156 0.705
578.842 0.686
579.567 0.725
580.394 0.827
581.279 0.885
582.105 0.826
582.973 0.868
583.767 0.794
584.546 0.779
585.339 0.793
586.148 0.809
586.947 0.799
587.657 0.71
588.412 0.755
589.202 0.79
589.965 0.763
590.671 0.706
591.355 0.684
592.094 0.739
592.93 0.836
593.68 0.75
594.467 0.787
595.18 0.713
595.858 0.678
596.569 0.711
597.335 0.766
598.126 0.791
598.933 0.807
599.646 0.713
600.341 0.695
601.068 0.727
601.838 0.77
602.683 0.845
603.486 0.803
604.25 0.764
604.966 0.716
605.72 0.754
606.504 0.784
607.305 0.801
608.103 0.798
608.808 0.705
609.502 0.694
610.231 0.729
611.045 0.814
611.903 0.858
612.673 0.77
613.402 0.729
614.19 0.788
615.011 0.821
615.869 0.858
616.596 0.727
617.274 0.678
617.969 0.695
618.667 0.698
619.384 0.717
620.116 0.732
620.799 0.683
621.505 0.706
622.268 0.763
623.117 0.849
623.909 0.792
624.624 0.715
625.332 0.708
626.06 0.728
626.808 0.748
627.583 0.775
628.308 0.725