0.000 0.709
0.709 0.709
1.396 0.687
2.084 0.688
2.737 0.653
3.379 0.642
4.009 0.63
4.655 0.646
5.304 0.649
6.017 0.713
6.767 0.75
7.534 0.767
8.412 0.878
9.324 0.912
10.128 0.804
10.957 0.829
11.769 0.812
12.548 0.779
13.288 0.74
14.031 0.743
14.746 0.715
15.487 0.741
16.213 0.726
16.927 0.714
17.723 0.796
18.472 0.749
19.228 0.756
19.999 0.771
20.735 0.736
21.464 0.729
22.172 0.708
22.878 0.706
23.6 0.722
24.343 0.743
25.19 0.847
26.049 0.859
26.901 0.852
27.825 0.924
28.862 1.037
29.752 0.89
30.601 0.849
31.449 0.848
32.258 0.809
33.027 0.769
33.869 0.842
34.884 1.015
35.829 0.945
36.776 0.947
37.678 0.902
38.504 0.826
39.395 0.891
40.337 0.942
41.221 0.884
42.125 0.904
42.981 0.856
43.775 0.794
44.521 0.746
45.302 0.781
46.181 0.879
47.064 0.883
47.896 0.832
48.711 0.815
49.456 0.745
50.227 0.771
50.972 0.745
51.705 0.733
52.417 0.712
53.12 0.703
53.819 0.699
54.509 0.69
55.211 0.702
55.911 0.7
56.601 0.69
57.288 0.687
57.964 0.676
58.669 0.705
59.392 0.723
60.13 0.738
60.859 0.729
61.569 0.71
62.293 0.724
63.106 0.813
63.989 0.883
64.793 0.804
65.566 0.773
66.348 0.782
67.155 0.807
68.008 0.853
68.921 0.913
69.911 0.99
70.875 0.964
71.774 0.899
72.619 0.845
73.524 0.905
74.488 0.964
75.319 0.831
76.169 0.85
77.033 0.864
77.834 0.801
78.602 0.768
79.382 0.78
80.202 0.82
81.139 0.937
82.036 0.897
82.901 0.865
83.799 0.898
84.715 0.916
85.66 0.945
86.528 0.868
87.338 0.81
88.183 0.845
89.067 0.884
89.927 0.86
90.763 0.836
91.606 0.843
92.522 0.916
93.505 0.983
94.388 0.883
95.224 0.836
96.036 0.812
96.854 0.818
97.738 0.884
98.636 0.898
99.459 0.823
100.268 0.809
101.065 0.797
101.882 0.817
102.716 0.834
103.534 0.818
104.391 0.857
105.256 0.865
106.096 0.84
106.892 0.796
107.704 0.812
108.581 0.877
109.521 0.94
110.402 0.881
111.288 0.886
112.143 0.855
112.978 0.835
113.834 0.856
114.689 0.855
115.576 0.887
116.421 0.845
117.3 0.879
118.182 0.882
119.148 0.966
120.133 0.985
121.154 1.021
121.999 0.845
122.829 0.83
123.671 0.842
124.498 0.827
125.306 0.808
126.241 0.935
127.246 1.005
128.214 0.968
129.11 0.896
130.004 0.894
130.848 0.844
131.674 0.826
132.501 0.827
133.287 0.786
134.044 0.757
134.799 0.755
135.57 0.771
136.39 0.82
137.415 1.025
138.457 1.042
139.454 0.997
140.416 0.962
141.265 0.849
142.132 0.867
142.991 0.859
143.864 0.873
144.784 0.92
145.668 0.884
146.506 0.838
147.351 0.845
148.194 0.843
148.998 0.804
149.817 0.819
150.611 0.794
151.368 0.757
152.116 0.748
152.882 0.766
153.676 0.794
154.445 0.769
155.239 0.794
156.041 0.802
156.88 0.839
157.837 0.957
158.876 1.039
159.888 1.012
160.801 0.913
161.745 0.944
162.701 0.956
163.619 0.918
164.479 0.86
165.288 0.809
166.049 0.761
166.811 0.762
167.562 0.751
168.308 0.746
169.065 0.757
169.921 0.856
170.807 0.886
171.601 0.794
172.405 0.804
173.222 0.817
174.065 0.843
174.858 0.793
175.606 0.748
176.344 0.738
177.06 0.716
177.787 0.727
178.563 0.776
179.435 0.872
180.302 0.867
181.12 0.818
181.932 0.812
182.726 0.794
183.572 0.846
184.499 0.927
185.327 0.828
186.123 0.796
186.932 0.809
187.714 0.782
188.465 0.751
189.197 0.732
189.941 0.744
190.707 0.766
191.506 0.799
192.314 0.808
193.087 0.773
193.914 0.827
194.78 0.866
195.637 0.857
196.464 0.827
197.332 0.868
198.214 0.882
199.091 0.877
199.951 0.86
200.844 0.893
201.697 0.853
202.521 0.824
203.397 0.876
204.228 0.831
205.086 0.858
205.933 0.847
206.759 0.826
207.649 0.89
208.621 0.972
209.48 0.859
210.232 0.752
210.94 0.708
211.641 0.701
212.333 0.692
213.039 0.706
213.767 0.728
214.526 0.759
215.317 0.791
216.081 0.764
216.824 0.743
217.624 0.8
218.458 0.834
219.339 0.881
220.192 0.853
221.02 0.828
221.871 0.851
222.785 0.914
223.725 0.94
224.675 0.95
225.655 0.98
226.591 0.936
227.483 0.892
228.312 0.829
229.083 0.771
229.859 0.776
230.67 0.811
231.514 0.844
232.314 0.8
233.106 0.792
233.905 0.799
234.71 0.805
235.499 0.789
236.316 0.817
237.095 0.779
237.907 0.812
238.775 0.868
239.721 0.946
240.579 0.858
241.467 0.888
242.301 0.834
243.094 0.793
243.875 0.781
244.681 0.806
245.53 0.849
246.429 0.899
247.365 0.936
248.371 1.006
249.373 1.002
250.265 0.892
251.138 0.873
252.033 0.895
252.94 0.907
253.86 0.92
254.756 0.896
255.597 0.841
256.413 0.816
257.303 0.89
258.257 0.954
259.242 0.985
260.248 1.006
261.246 0.998
262.202 0.956
263.17 0.968
264.069 0.899
264.909 0.84
265.759 0.85
266.613 0.854
267.436 0.823
268.306 0.87
269.161 0.855
269.997 0.836
270.864 0.867
271.751 0.887
272.632 0.881
273.56 0.928
274.517 0.957
275.347 0.83
276.162 0.815
276.978 0.816
277.87 0.892
278.851 0.981
279.795 0.944
280.693 0.898
281.616 0.923
282.505 0.889
283.347 0.842
284.193 0.846
285.06 0.867
285.977 0.917
286.91 0.933
287.771 0.861
288.639 0.868
289.46 0.821
290.217 0.757
290.945 0.728
291.682 0.737
292.484 0.802
293.293 0.809
294.08 0.787
294.84 0.76
295.609 0.769
296.396 0.787
297.185 0.789
298.024 0.839
299.077 1.053
300.156 1.079
301.157 1.001
302.163 1.006
303.135 0.972
304.01 0.875
304.846 0.836
305.641 0.795
306.4 0.759
307.163 0.763
307.97 0.807
308.84 0.87
309.687 0.847
310.564 0.877
311.492 0.928
312.352 0.86
313.186 0.834
314.051 0.865
314.894 0.843
315.712 0.818
316.545 0.833
317.346 0.801
318.128 0.782
318.956 0.828
319.772 0.816
320.601 0.829
321.416 0.815
322.25 0.834
323.073 0.823
323.85 0.777
324.613 0.763
325.36 0.747
326.097 0.737
326.857 0.76
327.654 0.797
328.431 0.777
329.207 0.776
330.079 0.872
330.967 0.888
331.867 0.9
332.878 1.011
333.904 1.026
334.856 0.952
335.797 0.941
336.667 0.87
337.47 0.803
338.268 0.798
339.031 0.763
339.772 0.741
340.511 0.739
341.3 0.789
342.172 0.872
342.975 0.803
343.765 0.79
344.538 0.773
345.377 0.839
346.26 0.883
347.251 0.991
348.132 0.881
348.911 0.779
349.671 0.76
350.385 0.714
351.106 0.721
351.811 0.705
352.541 0.73
353.286 0.745
354.059 0.773
354.892 0.833
355.711 0.819
356.491 0.78
357.295 0.804
358.136 0.841
358.986 0.85
359.798 0.812
360.641 0.843
361.509 0.868
362.386 0.877
363.255 0.869
364.031 0.776
364.795 0.764
365.519 0.724
366.227 0.708
366.933 0.706
367.682 0.749
368.491 0.809
369.626 1.135
370.596 0.97
371.558 0.962
372.547 0.989
373.525 0.978
374.543 1.018
375.549 1.006
376.49 0.941
377.378 0.888
378.25 0.872
379.054 0.804
379.844 0.79
380.665 0.821
381.502 0.837
382.303 0.801
383.133 0.83
383.974 0.841
384.841 0.867
385.681 0.84
386.506 0.825
387.316 0.81
388.098 0.782
388.888 0.79
389.691 0.803
390.57 0.879
391.387 0.817
392.22 0.833
393.083 0.863
393.944 0.861
394.804 0.86
395.651 0.847
396.494 0.843
397.311 0.817
398.17 0.859
399.099 0.929
400.033 0.934
400.925 0.892
401.849 0.924
402.752 0.903
403.606 0.854
404.484 0.878
405.408 0.924
406.336 0.928
407.194 0.858
408.069 0.875
408.964 0.895
409.852 0.888
410.734 0.882
411.681 0.947
412.645 0.964
413.561 0.916
414.437 0.876
415.321 0.884
416.167 0.846
417.001 0.834
417.868 0.867
418.796 0.928
419.708 0.912
420.545 0.837
421.375 0.83
422.238 0.863
423.087 0.849
423.893 0.806
424.735 0.842
425.58 0.845
426.441 0.861
427.316 0.875
428.21 0.894
429.101 0.891
429.986 0.885
430.893 0.907
431.85 0.957
432.779 0.929
433.686 0.907
434.603 0.917
435.517 0.914
436.392 0.875
437.283 0.891
438.202 0.919
439.047 0.845
439.821 0.774
440.566 0.745
441.315 0.749
442.099 0.784
442.89 0.791
443.654 0.764
444.437 0.783
445.238 0.801
445.997 0.759
446.761 0.764
447.493 0.732
448.225 0.732
448.971 0.746
449.754 0.783
450.559 0.805
451.351 0.792
452.169 0.818
452.943 0.774
453.727 0.784
454.471 0.744
455.239 0.768
456.05 0.811
456.888 0.838
457.712 0.824
458.519 0.807
459.285 0.766
460.047 0.762
460.811 0.764
461.643 0.832
462.44 0.797
463.242 0.802
464.057 0.815
464.863 0.806
465.707 0.844
466.508 0.801
467.417 0.909
468.325 0.908
469.199 0.874
470.037 0.838
470.904 0.867
471.665 0.761
472.378 0.713
473.106 0.728
473.993 0.887
474.841 0.848
475.62 0.779
476.376 0.756
477.103 0.727
477.825 0.722
478.563 0.738
479.352 0.789
480.152 0.8
480.957 0.805
481.763 0.806
482.541 0.778
483.287 0.746
484.051 0.764
484.838 0.787
485.621 0.783
486.419 0.798
487.277 0.858
488.115 0.838
488.901 0.786
489.686 0.785
490.461 0.775
491.235 0.774
491.976 0.741
492.709 0.733
493.474 0.765
494.293 0.819
495.204 0.911
496.069 0.865
496.943 0.874
497.789 0.846
498.582 0.793
499.367 0.785
500.132 0.765
500.881 0.749
501.62 0.739
502.376 0.756
503.189 0.813
504.04 0.851
504.879 0.839
505.728 0.849
506.589 0.861
507.426 0.837
508.267 0.841
509.109 0.842
509.91 0.801
510.726 0.816
511.539 0.813
512.348 0.809
513.159 0.811
513.99 0.831
514.834 0.844
515.643 0.809
516.465 0.822
517.374 0.909
518.316 0.942
519.221 0.905
520.132 0.911
521.049 0.917
521.87 0.821
522.641 0.771
523.417 0.776
524.201 0.784
525.007 0.806
525.817 0.81
526.66 0.843
527.518 0.858
528.341 0.823
529.188 0.847
530.028 0.84
530.871 0.843
531.683 0.812
532.465 0.782
533.231 0.766
533.995 0.764
534.767 0.772
535.546 0.779
536.364 0.818
537.194 0.83
538.022 0.828
538.85 0.828
539.661 0.811
540.5 0.839
541.383 0.883
542.233 0.85
543.07 0.837
543.904 0.834
544.705 0.801
545.461 0.756
546.196 0.735
546.904 0.708
547.608 0.704
548.307 0.699
549.021 0.714
549.82 0.799
550.753 0.933
551.641 0.888
552.5 0.859
553.385 0.885
554.246 0.861
555.043 0.797
555.824 0.781
556.666 0.842
557.507 0.841
558.403 0.896
559.201 0.798
560.002 0.801
560.839 0.837
561.647 0.808
562.471 0.824
563.343 0.872
564.173 0.83
564.943 0.77