0.000 0.786
0.786 0.786
1.575 0.789
2.364 0.789
3.146 0.782
3.842 0.696
4.536 0.694
5.218 0.682
5.892 0.674
6.572 0.68
7.239 0.667
7.894 0.655
8.517 0.623
9.131 0.614
9.735 0.604
10.338 0.603
10.955 0.617
11.655 0.7
12.486 0.831
13.336 0.85
14.14 0.804
14.879 0.739
15.571 0.692
16.235 0.664
16.913 0.678
17.562 0.649
18.23 0.668
18.897 0.667
19.539 0.642
20.189 0.65
20.821 0.632
21.435 0.614
22.057 0.622
22.658 0.601
23.249 0.591
23.855 0.606
24.456 0.601
25.061 0.605
25.656 0.595
26.249 0.593
26.839 0.59
27.419 0.58
27.997 0.578
28.573 0.576
29.15 0.577
29.732 0.582
30.327 0.595
30.954 0.627
31.644 0.69
32.348 0.704
33.082 0.734
33.88 0.798
34.685 0.805
35.401 0.716
36.13 0.729
36.826 0.696
37.516 0.69
38.213 0.697
38.92 0.707
39.615 0.695
40.364 0.749
41.194 0.83
41.983 0.789
42.703 0.72
43.399 0.696
44.093 0.694
44.757 0.664
45.409 0.652
46.087 0.678
46.797 0.71
47.548 0.751
48.276 0.728
49.02 0.744
49.736 0.716
50.447 0.711
51.147 0.7
51.831 0.684
52.508 0.677
53.196 0.688
53.908 0.712
54.654 0.746
55.458 0.804
56.297 0.839
57.115 0.818
57.862 0.747
58.594 0.732
59.403 0.809
60.395 0.992
61.432 1.037
62.403 0.971
63.242 0.839
64.06 0.818
64.881 0.821
65.779 0.898
66.67 0.891
67.64 0.97
68.649 1.009
69.566 0.917
70.448 0.882
71.337 0.889
72.22 0.883
73.053 0.833
73.924 0.871
74.775 0.851
75.634 0.859
76.492 0.858
77.331 0.839
78.103 0.772
78.884 0.781
79.627 0.743
80.38 0.753
81.083 0.703
81.767 0.684
82.447 0.68
83.104 0.657
83.764 0.66
84.431 0.667
85.074 0.643
85.734 0.66
86.377 0.643
87.027 0.65
87.696 0.669
88.393 0.697
89.144 0.751
89.908 0.764
90.649 0.741
91.394 0.745
92.148 0.754
92.888 0.74
93.663 0.775
94.621 0.958
95.662 1.041
96.596 0.934
97.546 0.95
98.471 0.925
99.331 0.86
100.289 0.958
101.244 0.955
102.169 0.925
103.281 1.112
104.27 0.989
105.268 0.998
106.238 0.97
107.1 0.862
108.002 0.902
108.913 0.911
109.799 0.886
110.744 0.945
111.663 0.919
112.521 0.858
113.45 0.929
114.375 0.925
115.218 0.843
116.03 0.812
116.81 0.78
117.621 0.811
118.462 0.841
119.254 0.792
120.108 0.854
121.056 0.948
121.935 0.879
122.817 0.882
123.711 0.894
124.6 0.889
125.496 0.896
126.382 0.886
127.216 0.834
128.005 0.789
128.902 0.897
129.889 0.987
130.849 0.96
131.751 0.902
132.656 0.905
133.6 0.944
134.498 0.898
135.476 0.978
136.492 1.016
137.446 0.954
138.418 0.972
139.414 0.996
140.382 0.968
141.36 0.978
142.298 0.938
143.169 0.871
144.028 0.859
144.906 0.878
145.758 0.852
146.635 0.877
147.476 0.841
148.322 0.846
149.171 0.849
149.991 0.82
150.756 0.765
151.47 0.714
152.17 0.7
152.866 0.696
153.578 0.712
154.334 0.756
155.138 0.804
155.928 0.79
156.754 0.826
157.563 0.809
158.381 0.818
159.132 0.751
159.898 0.766
160.703 0.805
161.582 0.879
162.517 0.935
163.424 0.907
164.261 0.837
165.087 0.826
165.954 0.867
166.839 0.885
167.804 0.965
168.77 0.966
169.647 0.877
170.547 0.9
171.381 0.834
172.148 0.767
172.927 0.779
173.83 0.903
174.773 0.943
175.634 0.861
176.579 0.945
177.547 0.968
178.426 0.879
179.268 0.842
180.134 0.866
181.018 0.884
181.886 0.868
182.83 0.944
183.745 0.915
184.613 0.868
185.453 0.84
186.252 0.799
187.099 0.847
187.949 0.85
188.802 0.853
189.661 0.859
190.541 0.88
191.45 0.909
192.32 0.87
193.246 0.926
194.165 0.919
195.029 0.864
195.913 0.884
196.793 0.88
197.61 0.817
198.383 0.773
199.127 0.744
199.841 0.714
200.55 0.709
201.241 0.691
201.95 0.709
202.691 0.741
203.486 0.795
204.277 0.791
205.1 0.823
205.933 0.833
206.746 0.813
207.533 0.787
208.315 0.782
209.103 0.788
209.922 0.819
210.879 0.957
211.872 0.993
212.791 0.919
213.721 0.93
214.644 0.923
215.519 0.875
216.346 0.827
217.217 0.871
218.189 0.972
219.191 1.002
220.089 0.898
220.932 0.843
221.78 0.848
222.682 0.902
223.543 0.861
224.465 0.922
225.389 0.924
226.27 0.881
227.155 0.885
227.985 0.83
228.783 0.798
229.641 0.858
230.451 0.81
231.299 0.848
232.086 0.787
232.842 0.756
233.602 0.76
234.349 0.747
235.089 0.74
235.813 0.724
236.537 0.724
237.25 0.713
237.95 0.7
238.65 0.7
239.362 0.712
240.072 0.71
240.758 0.686
241.436 0.678
242.118 0.682
242.806 0.688
243.506 0.7
244.213 0.707
244.952 0.739
245.737 0.785
246.583 0.846
247.456 0.873
248.341 0.885
249.188 0.847
250.066 0.878
250.874 0.808
251.695 0.821
252.504 0.809
253.296 0.792
254.072 0.776
254.871 0.799
255.697 0.826
256.572 0.875
257.453 0.881
258.324 0.871
259.213 0.889
260.091 0.878
260.949 0.858
261.788 0.839
262.571 0.783
263.331 0.76
264.115 0.784
264.903 0.788
265.745 0.842
266.603 0.858
267.427 0.824
268.264 0.837
269.115 0.851
269.929 0.814
270.759 0.83
271.588 0.829
272.417 0.829
273.285 0.868
274.263 0.978
275.246 0.983
276.159 0.913
277.019 0.86
277.838 0.819
278.633 0.795
279.42 0.787
280.208 0.788
281.055 0.847
281.994 0.939
282.949 0.955
283.892 0.943
284.852 0.96
285.793 0.941
286.708 0.915
287.669 0.961
288.541 0.872
289.363 0.822
290.137 0.774
290.919 0.782
291.707 0.788
292.509 0.802
293.287 0.778
294.1 0.813
294.893 0.793
295.638 0.745
296.398 0.76
297.163 0.765
297.944 0.781
298.76 0.816
299.621 0.861
300.49 0.869
301.325 0.835
302.13 0.805
302.922 0.792
303.698 0.776
304.444 0.746
305.243 0.799
306.278 1.035
307.334 1.056
308.38 1.046
309.445 1.065
310.513 1.068
311.533 1.02
312.501 0.968
313.397 0.896
314.324 0.927
315.29 0.966
316.188 0.898
317.144 0.956
318.098 0.954
319.03 0.932
319.843 0.813
320.646 0.803
321.46 0.814
322.36 0.9
323.307 0.947
324.27 0.963
325.099 0.829
325.87 0.771
326.661 0.791
327.507 0.846
328.326 0.819
329.173 0.847
329.969 0.796
330.757 0.788
331.512 0.755
332.259 0.747
333.007 0.748
333.747 0.74
334.493 0.746
335.247 0.754
335.992 0.745
336.722 0.73
337.421 0.699
338.098 0.677
338.775 0.677
339.443 0.668
340.116 0.673
340.819 0.703
341.57 0.751
342.367 0.797
343.159 0.792
343.956 0.797
344.769 0.813
345.588 0.819
346.444 0.856
347.333 0.889
348.21 0.877
349.048 0.838
349.901 0.853
350.714 0.813
351.566 0.852
352.551 0.985
353.467 0.916
354.317 0.85
355.136 0.819
355.977 0.841
356.813 0.836
357.61 0.797
358.499 0.889
359.502 1.003
360.449 0.947
361.32 0.871
362.263 0.943
363.235 0.972
364.133 0.898
365.034 0.901
365.895 0.861
366.717 0.822
367.555 0.838
368.424 0.869
369.249 0.825
370.166 0.917
371.109 0.943
371.944 0.835
372.757 0.813
373.54 0.783
374.319 0.779
375.072 0.753
375.826 0.754
376.546 0.72
377.227 0.681
377.906 0.679
378.574 0.668
379.237 0.663
379.902 0.665
380.555 0.653
381.198 0.643
381.849 0.651
382.517 0.668
383.211 0.694
383.914 0.703
384.614 0.7
385.338 0.724
386.065 0.727
386.776 0.711
387.468 0.692
388.181 0.713
388.909 0.728
389.708 0.799
390.618 0.91
391.547 0.929
392.497 0.95
393.436 0.939
394.341 0.905
395.187 0.846
396.048 0.861
396.919 0.871
397.83 0.911
398.743 0.913
399.55 0.807
400.331 0.781
401.097 0.766
401.834 0.737
402.559 0.725
403.291 0.732
404.044 0.753
404.847 0.803
405.627 0.78
406.412 0.785
407.258 0.846
408.131 0.873
408.987 0.856
409.885 0.898
410.816 0.931
411.75 0.934
412.665 0.915
413.602 0.937
414.47 0.868
415.286 0.816
416.148 0.862
417.043 0.895
417.987 0.944
418.938 0.951
419.94 1.002
420.936 0.996
421.841 0.905
422.737 0.896
423.66 0.923
424.547 0.887
425.416 0.869
426.386 0.97
427.386 1.0
428.261 0.875
429.188 0.927
430.099 0.911
430.933 0.834
431.803 0.87
432.643 0.84
433.424 0.781
434.272 0.848
435.247 0.975
436.236 0.989
437.194 0.958
438.135 0.941
439.065 0.93
439.938 0.873
440.791 0.853
441.683 0.892
442.627 0.944
443.547 0.92
444.492 0.945
445.443 0.951
446.346 0.903
447.183 0.837
448.045 0.862
448.946 0.901
449.837 0.891
450.738 0.901
451.66 0.922
452.594 0.934
453.427 0.833
454.262 0.835
455.106 0.844
455.909 0.803
456.74 0.831
457.588 0.848
458.389 0.801
459.169 0.78
459.971 0.802
460.836 0.865
461.707 0.871
462.514 0.807
463.319 0.805
464.105 0.786
464.858 0.753
465.612 0.754
466.368 0.756
467.164 0.796
467.997 0.833
468.905 0.908
469.886 0.981
470.858 0.972
471.763 0.905
472.671 0.908
473.565 0.894
474.424 0.859
475.287 0.863
476.171 0.884
477.009 0.838
477.789 0.78
478.56 0.771
479.437 0.877
480.38 0.943
481.284 0.904
482.245 0.961
483.169 0.924
484.039 0.87
484.436 0.397
484.708 0.272
485.679 0.971
486.479 0.8
487.243 0.764
487.958 0.715
488.666 0.708
489.361 0.695
490.051 0.69
490.752 0.701
491.47 0.718
492.207 0.737
492.938 0.731
493.703 0.765
494.521 0.818
495.356 0.835
496.24 0.884
497.154 0.914
498.048 0.894
498.954 0.906
499.891 0.937
500.856 0.965
501.861 1.005
502.849 0.988
503.842 0.993
504.84 0.998
505.702 0.862
506.614 0.912
507.65 1.036
508.592 0.942
509.58 0.988
510.669 1.089
511.654 0.985
512.606 0.952
513.548 0.942
514.429 0.881
515.355 0.926
516.317 0.962
517.333 1.016
518.31 0.977
519.254 0.944
520.193 0.939
521.056 0.863
521.936 0.88
522.829 0.893
523.706 0.877
524.636 0.93
525.638 1.002
526.634 0.996
527.575 0.941
528.496 0.921
529.425 0.929
530.316 0.891
531.251 0.935
532.199 0.948
533.138 0.939
534.004 0.866
534.929 0.925
535.921 0.992
536.867 0.946
537.817 0.95
538.746 0.929
539.605 0.859
540.428 0.823
541.296 0.868
542.251 0.955
543.224 0.973
544.192 0.968
545.081 0.889
545.974 0.893
546.854 0.88
547.691 0.837
548.541 0.85
549.373 0.832
550.214 0.841
551.002 0.788
551.813 0.811
552.659 0.846
553.535 0.876
554.415 0.88
555.29 0.875
556.145 0.855
556.932 0.787
557.733 0.801
558.577 0.844
559.48 0.903
560.369 0.889
561.307 0.938
562.234 0.927
563.168 0.934
564.072 0.904
564.904 0.832
565.718 0.814
566.542 0.824
567.381 0.839
568.226 0.845
569.078 0.852
569.95 0.872
570.824 0.874
571.694 0.87
572.576 0.882
573.438 0.862
574.366 0.928
575.233 0.867
576.061 0.828
576.889 0.828
577.725 0.836
578.529 0.804
579.341 0.812
580.113 0.772
580.882 0.769
581.643 0.761
582.39 0.747
583.14 0.75
583.882 0.742
584.607 0.725
585.317 0.71
586.077 0.76
586.903 0.826
587.765 0.862
588.604 0.839
589.46 0.856
590.31 0.85
591.184 0.874
592.039 0.855
592.936 0.897
593.838 0.902
594.78 0.942
595.659 0.879
596.549 0.89
597.486 0.937
598.411 0.925
599.383 0.972
600.315 0.932
601.253 0.938
602.193 0.94
603.129 0.936
604.018 0.889
604.867 0.849
605.721 0.854
606.596 0.875
607.469 0.873
608.306 0.837
609.127 0.821
609.948 0.821
610.775 0.827
611.61 0.835
612.453 0.843