0.000 0.995
0.995 0.995
1.897 0.902
2.762 0.865
3.627 0.865
4.517 0.89
5.488 0.971
6.446 0.958
7.424 0.978
8.287 0.863
9.173 0.886
10.188 1.015
11.118 0.93
12.046 0.928
12.868 0.822
13.713 0.845
14.502 0.789
15.302 0.8
16.103 0.801
16.812 0.709
17.758 0.946
18.579 0.821
19.411 0.832
20.202 0.791
20.97 0.768
21.795 0.825
22.61 0.815
23.415 0.805
24.177 0.762
24.913 0.736
25.613 0.7
26.325 0.712
27.027 0.702
27.758 0.731
28.481 0.723
29.216 0.735
29.959 0.743
30.731 0.772
31.281 0.55
32.203 0.922
33.007 0.804
33.961 0.954
35.045 1.084
36.079 1.034
37.059 0.98
37.944 0.885
38.838 0.894
39.814 0.976
40.748 0.934
41.773 1.025
42.639 0.866
43.538 0.899
44.346 0.808
45.132 0.786
45.87 0.738
46.593 0.723
47.299 0.706
48.007 0.708
48.731 0.724
49.469 0.738
50.199 0.73
50.926 0.727
51.666 0.74
52.388 0.722
53.109 0.721
53.841 0.732
54.607 0.766
55.417 0.81
56.268 0.851
57.166 0.898
58.029 0.863
58.855 0.826
59.687 0.832
60.511 0.824
61.334 0.823
62.173 0.839
63.124 0.951
64.171 1.047
65.193 1.022
66.343 1.15
67.342 0.999
68.302 0.96
69.178 0.876
70.074 0.896
70.962 0.888
72.076 1.114
73.141 1.065
74.125 0.984
74.974 0.849
75.78 0.806
76.534 0.754
77.265 0.731
78.014 0.749
78.834 0.82
79.74 0.906
80.679 0.939
81.537 0.858
82.384 0.847
83.196 0.812
84.01 0.814
84.802 0.792
85.628 0.826
86.61 0.982
87.567 0.957
88.572 1.005
89.538 0.966
90.434 0.896
91.314 0.88
92.16 0.846
93.022 0.862
93.969 0.947
95.052 1.083
96.153 1.101
97.176 1.023
98.087 0.911
98.981 0.894
99.844 0.863
100.69 0.846
101.566 0.876
102.454 0.888
103.411 0.957
104.403 0.992
105.302 0.899
106.218 0.916
107.065 0.847
107.913 0.848
108.811 0.898
109.696 0.885
110.65 0.954
111.549 0.899
112.406 0.857
113.245 0.839
114.088 0.843
114.924 0.836
115.766 0.842
116.582 0.816
117.433 0.851
118.284 0.851
119.209 0.925
120.12 0.911
121.047 0.927
121.893 0.846
122.721 0.828
123.541 0.82
124.37 0.829
125.214 0.844
126.033 0.819
126.797 0.764
127.578 0.781
128.421 0.843
129.363 0.942
130.234 0.871
131.11 0.876
131.956 0.846
132.784 0.828
133.607 0.823
134.461 0.854
135.419 0.958
136.359 0.94
137.236 0.877
138.035 0.799
138.821 0.786
139.642 0.821
140.488 0.846
141.372 0.884
142.217 0.845
143.144 0.927
144.033 0.889
144.843 0.81
145.65 0.807
146.504 0.854
147.456 0.952
148.293 0.837
149.105 0.812
149.888 0.783
150.656 0.768
151.45 0.794
152.257 0.807
153.059 0.802
153.888 0.829
154.737 0.849
155.53 0.793
156.32 0.79
157.092 0.772
157.84 0.748
158.584 0.744
159.321 0.737
160.035 0.714
160.737 0.702
161.471 0.734
162.23 0.759
163.009 0.779
163.826 0.817
164.661 0.835
165.538 0.877
166.429 0.891
167.33 0.901
168.269 0.939
169.141 0.872
170.012 0.871
170.866 0.854
171.708 0.842
172.562 0.854
173.392 0.83
174.222 0.83
175.079 0.857
175.867 0.788
176.636 0.769
177.383 0.747
178.116 0.733
178.833 0.717
179.56 0.727
180.341 0.781
181.202 0.861
182.101 0.899
183.086 0.985
184.049 0.963
184.903 0.854
185.729 0.826
186.512 0.783
187.295 0.783
188.066 0.771
188.814 0.748
189.567 0.753
190.31 0.743
191.036 0.726
191.765 0.729
192.48 0.715
193.171 0.691
193.865 0.694
194.55 0.685
195.218 0.668
195.889 0.671
196.551 0.662
197.2 0.649
197.855 0.655
198.517 0.662
199.194 0.677
199.882 0.688
200.58 0.698
201.29 0.71
202.014 0.724
202.759 0.745
203.506 0.747
204.239 0.733
204.95 0.711
205.675 0.725
206.46 0.785
207.302 0.842
208.149 0.847
209.005 0.856
209.883 0.878
210.737 0.854
211.535 0.798
212.328 0.793
213.101 0.773
213.92 0.819
214.771 0.851
215.595 0.824
216.469 0.874
217.27 0.801
218.104 0.834
218.944 0.84
219.75 0.806
220.537 0.787
221.302 0.765
222.072 0.77
222.832 0.76
223.612 0.78
224.378 0.766
225.111 0.733
225.845 0.734
226.556 0.711
227.261 0.705
227.949 0.688
228.637 0.688
229.299 0.662
229.957 0.658
230.614 0.657
231.266 0.652
231.913 0.647
232.563 0.65
233.202 0.639
233.851 0.649
234.518 0.667
235.24 0.722
236.069 0.829
236.919 0.85
237.717 0.798
238.509 0.792
239.293 0.784
240.06 0.767
240.895 0.835
241.779 0.884
242.641 0.862
243.461 0.82
244.358 0.897
245.252 0.894
246.169 0.917
247.013 0.844
247.879 0.866
248.786 0.907
249.679 0.893
250.561 0.882
251.451 0.89
252.318 0.867
253.136 0.818
253.905 0.769
254.678 0.773
255.442 0.764
256.197 0.755
256.974 0.777
257.807 0.833
258.702 0.895
259.613 0.911
260.505 0.892
261.406 0.901
262.253 0.847
263.122 0.869
263.987 0.865
265.041 1.054
266.032 0.991
266.926 0.894
267.811 0.885
268.651 0.84
269.591 0.94
270.547 0.956
271.67 1.123
272.693 1.023
273.707 1.014
274.624 0.917
275.579 0.955
276.539 0.96
277.622 1.083
278.616 0.994
279.545 0.929
280.377 0.832
281.274 0.897
282.318 1.044
283.206 0.888
284.068 0.862
284.847 0.779
285.625 0.778
286.885 1.26
287.972 1.087
289.043 1.071
290.066 1.023
290.874 0.808
291.691 0.817
292.543 0.852
293.69 1.147
294.823 1.133
295.91 1.087
296.876 0.966
297.918 1.042
299.041 1.123
300.125 1.084
301.139 1.014
302.195 1.056
303.143 0.948
304.291 1.148
305.319 1.028
306.401 1.082
307.465 1.064
308.597 1.132
309.621 1.024
310.687 1.066
311.732 1.045
312.825 1.093
313.988 1.163
315.058 1.07
316.054 0.996
317.053 0.999
317.926 0.873
318.787 0.861
319.71 0.923
320.6 0.89
321.754 1.154
322.721 0.967
323.665 0.944
324.674 1.009
325.55 0.876
326.325 0.775
327.118 0.793
327.914 0.796
329.066 1.152
329.955 0.889
330.734 0.779
331.477 0.743
332.203 0.726
332.95 0.747
333.727 0.777
334.655 0.928
335.789 1.134
336.679 0.89
337.466 0.787
338.212 0.746
338.944 0.732
339.666 0.722
340.395 0.729
341.13 0.735
341.882 0.752
342.624 0.742
343.392 0.768
344.211 0.819
345.078 0.867
345.955 0.877
346.82 0.865
347.633 0.813
348.442 0.809
349.269 0.827
350.604 1.335
351.437 0.833
352.197 0.76
352.948 0.751
353.726 0.778
354.942 1.216
355.942 1.0
356.972 1.03
357.866 0.894
358.868 1.002
359.772 0.904
360.765 0.993
361.621 0.856
362.614 0.993
363.768 1.154
364.858 1.09
365.852 0.994
366.672 0.82
367.888 1.216
368.787 0.899
369.785 0.998
370.798 1.013
371.91 1.112
372.976 1.066
374.075 1.099
375.112 1.037
376.145 1.033
377.011 0.866
377.883 0.872
378.779 0.896
379.915 1.136
381.019 1.104
381.999 0.98
382.832 0.833
383.654 0.822
384.488 0.834
385.511 1.023
386.624 1.113
387.618 0.994
388.683 1.065
389.62 0.937
390.612 0.992
391.648 1.036
392.572 0.924
393.379 0.807
394.127 0.748
394.851 0.724
395.568 0.717
396.275 0.707
396.992 0.717
397.744 0.752
398.56 0.816
399.394 0.834
400.253 0.859
401.138 0.885
402.074 0.936
403.062 0.988
404.026 0.964
404.848 0.822
405.636 0.788
406.439 0.803
407.245 0.806
408.109 0.864
409.048 0.939
409.955 0.907
410.811 0.856
411.642 0.831
412.46 0.818
413.268 0.808
414.05 0.782
414.836 0.786
415.63 0.794
416.463 0.833
417.33 0.867
418.381 1.051
419.32 0.939
420.221 0.901
421.082 0.861
422.029 0.947
422.982 0.953
423.871 0.889
424.787 0.916
425.685 0.898
426.754 1.069
427.723 0.969
428.7 0.977
429.613 0.913
430.591 0.978
431.535 0.944
432.495 0.96
433.354 0.859
434.184 0.83
435.141 0.957
436.081 0.94
436.983 0.902
437.918 0.935
438.79 0.872
439.621 0.831
440.457 0.836
441.27 0.813
442.061 0.791
442.852 0.791
443.617 0.765
444.395 0.778
445.168 0.773
445.93 0.762
446.662 0.732
447.361 0.699
448.052 0.691
448.736 0.684
449.426 0.69
450.141 0.715
450.869 0.728
451.618 0.749
452.417 0.799
453.252 0.835
454.095 0.843
454.907 0.812
455.642 0.735
456.544 0.902
457.385 0.841
458.239 0.854
459.079 0.84
459.873 0.794
460.565 0.692
461.617 1.052
461.985 0.368
462.425 0.44
463.46 1.035
464.321 0.861
465.003 0.682
465.973 0.97
466.846 0.873
467.762 0.916
468.703 0.941
469.627 0.924
470.532 0.905
471.436 0.904
472.373 0.937
473.32 0.947
474.361 1.041
475.281 0.92
476.206 0.925
477.108 0.902
478.023 0.915
478.894 0.871
479.739 0.845
480.572 0.833
481.521 0.949
482.609 1.088
483.812 1.203
484.83 1.018
485.7 0.87
486.511 0.811
487.328 0.817
488.085 0.757
488.84 0.755
489.614 0.774
490.51 0.896
491.392 0.882
492.285 0.893
493.244 0.959
494.24 0.996
495.214 0.974
496.152 0.938
497.039 0.887
498.064 1.025
499.027 0.963
500.037 1.01
501.036 0.999
502.079 1.043
503.083 1.004
504.131 1.048
505.147 1.016
506.097 0.95
507.011 0.914
508.119 1.108
509.132 1.013
510.131 0.999
511.102 0.971
512.033 0.931
512.883 0.85
513.731 0.848
514.64 0.909
515.565 0.925
516.632 1.067
517.556 0.924
518.525 0.969
519.395 0.87
520.187 0.792
520.986 0.799
521.786 0.8
522.593 0.807
523.443 0.85
524.263 0.82
525.083 0.82
525.877 0.794
526.642 0.765
527.424 0.782
528.243 0.819
529.113 0.87
529.953 0.84
530.859 0.906
531.769 0.91
532.644 0.875
533.536 0.892
534.366 0.83
535.221 0.855
536.066 0.845
536.95 0.884
537.882 0.932
538.829 0.947
539.767 0.938
540.601 0.834
541.478 0.877
542.402 0.924
543.301 0.899
544.255 0.954
545.194 0.939
546.155 0.961
547.111 0.956
548.028 0.917
548.987 0.959
549.919 0.932
550.803 0.884
551.691 0.888
552.601 0.91
553.519 0.918
554.486 0.967
555.457 0.971
556.402 0.945
557.338 0.936
558.27 0.932
559.185 0.915
560.082 0.897
560.902 0.82
561.72 0.818
562.538 0.818
563.411 0.873
564.323 0.912
565.2 0.877
566.122 0.922
566.997 0.875
567.865 0.868
568.749 0.884
569.679 0.93
570.618 0.939
571.464 0.846
572.292 0.828
573.116 0.824
573.922 0.806
574.769 0.847
575.621 0.852
576.506 0.885
577.323 0.817
578.084 0.761
578.83 0.746
579.647 0.817
580.503 0.856
581.392 0.889
582.279 0.887
583.116 0.837
583.98 0.864
584.847 0.867
585.718 0.871
586.586 0.868
587.503 0.917
588.418 0.915
589.264 0.846
590.119 0.855
591.022 0.903
592.091 1.069
593.061 0.97
593.928 0.867
594.77 0.842
595.592 0.822
596.441 0.849
597.371 0.93
598.285 0.914
599.155 0.87
600.015 0.86
600.874 0.859
601.721 0.847
602.548 0.827
603.366 0.818
604.2 0.834
604.997 0.797
605.808 0.811
606.611 0.803
607.457 0.846
608.3 0.843
609.143 0.843
610.028 0.885
610.894 0.866
611.753 0.859
612.598 0.845
613.439 0.841
614.326 0.887
615.232 0.906
616.134 0.902
616.953 0.819
617.787 0.834
618.596 0.809
619.359 0.763
620.136 0.777
620.913 0.777
621.672 0.759
622.469 0.797