0.000 0.699
0.699 0.699
1.391 0.692
2.083 0.692
2.769 0.686
3.461 0.692
4.148 0.687
4.851 0.703
5.54 0.689
6.221 0.681
6.922 0.701
7.621 0.699
8.331 0.71
9.059 0.728
9.821 0.762
10.586 0.765
11.383 0.797
12.146 0.763
12.869 0.723
13.584 0.715
14.286 0.702
14.983 0.697
15.676 0.693
16.373 0.697
17.068 0.695
17.742 0.674
18.423 0.681
19.139 0.716
19.883 0.744
20.608 0.725
21.322 0.714
22.008 0.686
22.715 0.707
23.505 0.79
24.298 0.793
25.109 0.811
25.938 0.829
26.737 0.799
27.552 0.815
28.382 0.83
29.222 0.84
29.995 0.773
30.788 0.793
31.606 0.818
32.44 0.834
33.233 0.793
34.023 0.79
34.787 0.764
35.559 0.772
36.335 0.776
37.128 0.793
37.945 0.817
38.742 0.797
39.516 0.774
40.282 0.766
41.044 0.762
41.825 0.781
42.636 0.811
43.478 0.842
44.299 0.821
45.12 0.821
45.93 0.81
46.711 0.781
47.469 0.758
48.218 0.749
48.968 0.75
49.731 0.763
50.469 0.738
51.267 0.798
52.069 0.802
52.855 0.786
53.669 0.814
54.447 0.778
55.177 0.73
55.906 0.729
56.649 0.743
57.432 0.783
58.202 0.77
58.915 0.713
59.627 0.712
60.32 0.693
60.992 0.672
61.695 0.703
62.41 0.715
63.106 0.696
63.83 0.724
64.601 0.771
65.404 0.803
66.188 0.784
66.936 0.748
67.66 0.724
68.36 0.7
69.032 0.672
69.765 0.733
70.582 0.817
71.383 0.801
72.222 0.839
73.102 0.88
73.918 0.816
74.705 0.787
75.523 0.818
76.346 0.823
77.127 0.781
77.921 0.794
78.73 0.809
79.538 0.808
80.331 0.793
81.119 0.788
81.941 0.822
82.682 0.741
83.374 0.692
84.094 0.72
84.858 0.764
85.642 0.784
86.474 0.832
87.292 0.818
88.095 0.803
88.851 0.756
89.581 0.73
90.295 0.714
91.092 0.797
91.851 0.759
92.621 0.77
93.377 0.756
94.144 0.767
94.953 0.809
95.713 0.76
96.503 0.79
97.294 0.791
98.087 0.793
98.827 0.74
99.602 0.775
100.366 0.764
101.115 0.749
101.864 0.749
102.635 0.771
103.386 0.751
104.134 0.748
104.913 0.779
105.705 0.792
106.467 0.762
107.262 0.795
108.035 0.773
108.773 0.738
109.552 0.779
110.331 0.779
111.108 0.777
111.861 0.753
112.623 0.762
113.417 0.794
114.195 0.778
114.974 0.779
115.764 0.79
116.546 0.782
117.309 0.763
118.1 0.791
118.897 0.797
119.676 0.779
120.457 0.781
121.272 0.815
122.102 0.83
122.871 0.769
123.654 0.783
124.427 0.773
125.184 0.757
125.917 0.733
126.679 0.762
127.465 0.786
128.215 0.75
129.007 0.792
129.821 0.814
130.654 0.833
131.428 0.774
132.217 0.789
133.052 0.835
133.906 0.854
134.711 0.805
135.496 0.785
136.285 0.789
137.073 0.788
137.849 0.776
138.64 0.791
139.436 0.796
140.19 0.754
140.918 0.728
141.667 0.749
142.41 0.743
143.168 0.758
143.965 0.797
144.799 0.834
145.591 0.792
146.379 0.788
147.169 0.79
147.961 0.792
148.744 0.783
149.506 0.762
150.292 0.786
151.084 0.792
151.831 0.747
152.604 0.773
153.378 0.774
154.165 0.787
154.939 0.774
155.727 0.788
156.481 0.754
157.217 0.736
157.994 0.777
158.768 0.774
159.515 0.747
160.308 0.793
161.105 0.797
161.892 0.787
162.644 0.752
163.41 0.766
164.202 0.792
164.969 0.767
165.725 0.756
166.5 0.775
167.281 0.781
168.081 0.8
168.908 0.827
169.716 0.808
170.48 0.764
171.252 0.772
172.022 0.77
172.765 0.743
173.559 0.794
174.396 0.837
175.214 0.818
176.012 0.798
176.823 0.811
177.614 0.791
178.378 0.764
179.147 0.769
179.934 0.787
180.682 0.748
181.436 0.754
182.217 0.781
182.983 0.766
183.722 0.739
184.496 0.774
185.29 0.794
186.042 0.752
186.773 0.731
187.523 0.75
188.253 0.73
188.982 0.729
189.742 0.76
190.529 0.787
191.304 0.775
192.08 0.776
192.908 0.828
193.787 0.879
194.621 0.834
195.423 0.802
196.19 0.767
196.932 0.742
197.698 0.766
198.486 0.788
199.212 0.726
199.966 0.754
200.737 0.771
201.502 0.765
202.225 0.723
202.985 0.76
203.771 0.786
204.527 0.756
205.253 0.726
206.038 0.785
206.842 0.804
207.615 0.773
208.356 0.741
209.152 0.796
209.965 0.813
210.707 0.742
211.447 0.74
212.199 0.752
212.972 0.773
213.738 0.766
214.542 0.804
215.316 0.774
216.087 0.771
216.825 0.738
217.564 0.739
218.338 0.774
219.121 0.783
219.856 0.735
220.582 0.726
221.302 0.72
222.043 0.741
222.79 0.747
223.546 0.756
224.346 0.8
225.167 0.821
225.95 0.783
226.74 0.79
227.481 0.741
228.196 0.715
228.888 0.692
229.587 0.699
230.347 0.76
231.161 0.814
232.024 0.863
232.926 0.902
233.792 0.866
234.643 0.851
235.474 0.831
236.263 0.789
237.013 0.75
237.77 0.757
238.53 0.76
239.31 0.78
240.1 0.79
240.913 0.813
241.697 0.784
242.489 0.792
243.303 0.814
244.138 0.835
244.923 0.785
245.711 0.788
246.528 0.817
247.305 0.777
248.101 0.796
248.904 0.803
249.69 0.786
250.46 0.77
251.28 0.82
252.152 0.872
252.975 0.823
253.784 0.809
254.577 0.793
255.373 0.796
256.16 0.787
256.944 0.784
257.773 0.829
258.621 0.848
259.417 0.796
260.222 0.805
261.025 0.803
261.822 0.797
262.597 0.775
263.383 0.786
264.182 0.799
264.98 0.798
265.767 0.787
266.572 0.805
267.359 0.787
268.114 0.755
268.906 0.792
269.727 0.821
270.509 0.782
271.27 0.761
272.065 0.795
272.871 0.806
273.637 0.766
274.425 0.788
275.227 0.802
276.02 0.793
276.779 0.759
277.564 0.785
278.353 0.789
279.118 0.765
279.887 0.769
280.678 0.791
281.477 0.799
282.236 0.759
282.993 0.757
283.752 0.759
284.483 0.731
285.199 0.716
285.952 0.753
286.737 0.785
287.476 0.739
288.243 0.767
289.015 0.772
289.76 0.745
290.531 0.771
291.277 0.746
291.987 0.71
292.674 0.687
293.356 0.682
294.035 0.679
294.733 0.698
295.47 0.737
296.177 0.707
296.891 0.714
297.626 0.735
298.369 0.743
299.095 0.726
299.833 0.738
300.566 0.733
301.303 0.737
302.002 0.699
302.731 0.729
303.479 0.748
304.296 0.817
305.115 0.819
305.907 0.792
306.694 0.787
307.504 0.81
308.31 0.806
309.095 0.785
309.887 0.792
310.683 0.796
311.464 0.781
312.26 0.796
313.076 0.816
313.849 0.773
314.591 0.742
315.408 0.817
316.241 0.833
317.045 0.804
317.797 0.752
318.571 0.774
319.348 0.777
320.092 0.744
320.847 0.755
321.598 0.751
322.341 0.743
323.082 0.741
323.791 0.709
324.524 0.733
325.234 0.71
325.909 0.675
326.606 0.697
327.474 0.868
328.425 0.951
329.278 0.853
330.133 0.855
330.95 0.817
331.706 0.756
332.474 0.768
333.263 0.789
334.053 0.79
334.821 0.768
335.574 0.753
336.309 0.735
337.026 0.717
337.732 0.706
338.419 0.687
339.109 0.69
339.818 0.709
340.507 0.689
341.248 0.741
342.06 0.812
342.928 0.868
343.833 0.905
344.745 0.912
345.576 0.831
346.412 0.836
347.239 0.827
348.031 0.792
348.794 0.763
349.559 0.765
350.336 0.777
351.129 0.793
351.893 0.764
352.698 0.805
353.622 0.924
354.498 0.876
355.36 0.862
356.212 0.852
357.042 0.83
357.821 0.779
358.609 0.788
359.425 0.816
360.232 0.807
361.064 0.832
361.965 0.901
362.829 0.864
363.624 0.795
364.43 0.806
365.233 0.803
365.992 0.759
366.801 0.809
367.647 0.846
368.458 0.811
369.214 0.756
370.008 0.794
370.845 0.837
371.647 0.802
372.461 0.814
373.296 0.835
374.162 0.866
374.972 0.81
375.798 0.826
376.618 0.82
377.39 0.772
378.174 0.784
378.996 0.822
379.809 0.813
380.635 0.826
381.464 0.829
382.277 0.813
383.06 0.783
383.872 0.812
384.672 0.8
385.441 0.769
386.228 0.787
387.017 0.789
387.759 0.742
388.546 0.787
389.363 0.817
390.172 0.809
390.933 0.761
391.703 0.77
392.519 0.816
393.307 0.788
394.099 0.792
394.927 0.828
395.769 0.842
396.613 0.844
397.456 0.843
398.286 0.83
399.065 0.779
399.873 0.808
400.696 0.823
401.456 0.76
402.217 0.761
402.981 0.764
403.731 0.75
404.486 0.755
405.25 0.764
406.02 0.77
406.767 0.747
407.532 0.765
408.324 0.792
409.131 0.807
409.891 0.76
410.665 0.774
411.453 0.788
412.224 0.771
413.026 0.802
413.837 0.811
414.649 0.812
415.432 0.783
416.191 0.759
416.965 0.774
417.764 0.799
418.545 0.781
419.343 0.798
420.175 0.832
421.004 0.829
421.8 0.796
422.63 0.83
423.481 0.851
424.276 0.795
425.066 0.79
425.854 0.788
426.614 0.76
427.34 0.726
428.084 0.744
428.894 0.81
429.64 0.746
430.41 0.77
431.184 0.774
431.928 0.744
432.68 0.752
433.489 0.809
434.276 0.787
435.015 0.739
435.764 0.749
436.555 0.791
437.316 0.761
438.043 0.727
438.768 0.725
439.494 0.726
440.211 0.717
440.94 0.729
441.714 0.774
442.46 0.746
443.182 0.722
443.905 0.723
444.671 0.766
445.475 0.804
446.27 0.795
447.082 0.812
447.908 0.826
448.688 0.78
449.461 0.773
450.211 0.75
450.955 0.744
451.669 0.714
452.416 0.747
453.207 0.791
453.977 0.77
454.799 0.822
455.643 0.844
456.472 0.829
457.237 0.765
458.032 0.795
458.83 0.798
459.63 0.8
460.384 0.754
461.182 0.798
462.024 0.842
462.842 0.818
463.627 0.785
464.42 0.793
465.214 0.794
465.966 0.752
466.762 0.796
467.566 0.804
468.346 0.78
469.157 0.811
470.039 0.882
470.897 0.858
471.702 0.805
472.505 0.803
473.337 0.832
474.125 0.788
474.904 0.779
475.66 0.756
476.426 0.766
477.208 0.782
478.026 0.818
478.875 0.849
479.676 0.801
480.498 0.822
481.331 0.833
482.11 0.779
482.906 0.796
483.716 0.81
484.511 0.795
485.288 0.777
486.113 0.825
486.959 0.846
487.717 0.758
488.473 0.756
489.295 0.822
490.089 0.794
490.835 0.746
491.6 0.765
492.41 0.81
493.247 0.837
494.058 0.811
494.876 0.818
495.723 0.847
496.581 0.858
497.397 0.816
498.228 0.831
499.079 0.851
499.901 0.822
500.691 0.79
501.511 0.82
502.32 0.809
503.104 0.784
503.9 0.796
504.691 0.791
505.456 0.765
506.216 0.76
506.958 0.742
507.701 0.743
508.449 0.748
509.223 0.774
509.979 0.756
510.731 0.752
511.538 0.807
512.358 0.82
513.166 0.808
513.982 0.816
514.787 0.805
515.57 0.783
516.318 0.748
517.094 0.776
517.885 0.791
518.659 0.774
519.396 0.737
520.138 0.742
520.935 0.797
521.66 0.725
522.379 0.719
523.072 0.693
523.763 0.691
524.431 0.668
525.128 0.697
525.877 0.749
526.643 0.766
527.458 0.815
528.258 0.8
529.04 0.782
529.782 0.742
530.553 0.771
531.311 0.758
532.029 0.718
532.773 0.744
533.562 0.789
534.324 0.762
535.07 0.746
535.789 0.719
536.483 0.694
537.202 0.719
538.02 0.818
538.827 0.807
539.631 0.804
540.395 0.764
541.114 0.719
541.806 0.692
542.477 0.671
543.13 0.653
543.782 0.652
544.424 0.642
545.084 0.66
545.758 0.674
546.479 0.721
547.197 0.718
547.913 0.716
548.617 0.704
549.327 0.71
550.047 0.72
550.782 0.735
551.517 0.735
552.231 0.714
552.94 0.709
553.627 0.687
554.32 0.693
555.006 0.686
555.695 0.689
556.383 0.688
557.054 0.671
557.734 0.68
558.452 0.718
559.198 0.746
559.983 0.785
560.741 0.758
561.494 0.753
562.264 0.77
563.051 0.787
563.825 0.774
564.565 0.74
565.334 0.769
566.141 0.807
566.963 0.822
567.74 0.777
568.509 0.769
569.281 0.772
570.048 0.767
570.821 0.773
571.587 0.766
572.334 0.747
573.09 0.756
573.901 0.811
574.697 0.796
575.44 0.743
576.161 0.721
576.916 0.755
577.728 0.812
578.485 0.757
579.244 0.759
579.987 0.743
580.709 0.722
581.455 0.746
582.217 0.762
582.991 0.774
583.753 0.762
584.507 0.754
585.313 0.806
586.135 0.822
586.961 0.826
587.747 0.786
588.532 0.785
589.316 0.784
590.092 0.776
590.841 0.749
591.617 0.776
592.408 0.791
593.164 0.756
593.902 0.738
594.658 0.756
595.391 0.733
596.126 0.735
596.887 0.761
597.623 0.736
598.341 0.718
599.057 0.716
599.797 0.74
600.58 0.783
601.312 0.732