0.000 0.699
0.699 0.699
1.373 0.674
2.026 0.653
2.68 0.654
3.324 0.644
3.961 0.637
4.596 0.635
5.24 0.644
5.877 0.637
6.515 0.638
7.153 0.638
7.773 0.62
8.391 0.618
9.017 0.626
9.662 0.645
10.31 0.648
10.957 0.647
11.615 0.658
12.288 0.673
12.985 0.697
13.657 0.672
14.326 0.669
15.007 0.681
15.696 0.689
16.363 0.667
17.036 0.673
17.733 0.697
18.421 0.688
19.124 0.703
19.842 0.718
20.564 0.722
21.314 0.75
22.073 0.759
22.766 0.693
23.457 0.691
24.149 0.692
24.864 0.715
25.555 0.691
26.246 0.691
26.953 0.707
27.656 0.703
28.374 0.718
29.091 0.717
29.827 0.736
30.6 0.773
31.326 0.726
32.096 0.77
32.812 0.716
33.503 0.691
34.241 0.738
34.978 0.737
35.681 0.703
36.376 0.695
37.071 0.695
37.781 0.71
38.47 0.689
39.173 0.703
39.913 0.74
40.674 0.761
41.377 0.703
42.085 0.708
42.799 0.714
43.533 0.734
44.259 0.726
45.017 0.758
45.801 0.784
46.54 0.739
47.273 0.733
48.014 0.741
48.766 0.752
49.479 0.713
50.203 0.724
50.98 0.777
51.714 0.734
52.44 0.726
53.183 0.743
53.974 0.791
54.699 0.725
55.436 0.737
56.191 0.755
56.919 0.728
57.655 0.736
58.428 0.773
59.234 0.806
59.989 0.755
60.757 0.768
61.522 0.765
62.269 0.747
63.026 0.757
63.809 0.783
64.561 0.752
65.294 0.733
66.027 0.733
66.803 0.776
67.546 0.743
68.319 0.773
69.079 0.76
69.814 0.735
70.559 0.745
71.319 0.76
72.049 0.73
72.796 0.747
73.536 0.74
74.255 0.719
74.966 0.711
75.702 0.736
76.482 0.78
77.221 0.739
77.934 0.713
78.627 0.693
79.343 0.716
80.097 0.754
80.894 0.797
81.676 0.782
82.399 0.723
83.118 0.719
83.832 0.714
84.524 0.692
85.235 0.711
85.971 0.736
86.75 0.779
87.529 0.779
88.289 0.76
89.083 0.794
89.888 0.805
90.644 0.756
91.377 0.733
92.118 0.741
92.858 0.74
93.61 0.752
94.38 0.77
95.187 0.807
95.933 0.746
96.696 0.763
97.449 0.753
98.229 0.78
98.96 0.731
99.72 0.76
100.527 0.807
101.317 0.79
102.075 0.758
102.826 0.751
103.601 0.775
104.386 0.785
105.135 0.749
105.9 0.765
106.708 0.808
107.52 0.812
108.295 0.775
109.004 0.709
109.705 0.701
110.41 0.705
111.144 0.734
111.87 0.726
112.58 0.71
113.282 0.702
113.973 0.691
114.637 0.664
115.291 0.654
115.947 0.656
116.644 0.697
117.361 0.717
118.107 0.746
118.88 0.773
119.668 0.788
120.446 0.778
121.241 0.795
122.006 0.765
122.741 0.735
123.458 0.717
124.179 0.721
124.9 0.721
125.656 0.756
126.441 0.785
127.226 0.785
128.033 0.807
128.829 0.796
129.56 0.731
130.298 0.738
131.05 0.752
131.849 0.799
132.605 0.756
133.381 0.776
134.171 0.79
134.939 0.768
135.691 0.752
136.462 0.771
137.268 0.806
138.048 0.78
138.84 0.792
139.643 0.803
140.438 0.795
141.2 0.762
141.957 0.757
142.726 0.769
143.513 0.787
144.264 0.751
144.999 0.735
145.785 0.786
146.606 0.821
147.431 0.825
148.215 0.784
148.998 0.783
149.81 0.812
150.628 0.818
151.435 0.807
152.187 0.752
152.938 0.751
153.715 0.777
154.526 0.811
155.314 0.788
156.115 0.801
156.931 0.816
157.742 0.811
158.523 0.781
159.318 0.795
160.123 0.805
160.92 0.797
161.684 0.764
162.454 0.77
163.254 0.8
164.052 0.798
164.819 0.767
165.589 0.77
166.365 0.776
167.146 0.781
167.904 0.758
168.691 0.787
169.505 0.814
170.262 0.757
170.996 0.734
171.736 0.74
172.491 0.755
173.273 0.782
174.035 0.762
174.789 0.754
175.566 0.777
176.367 0.801
177.127 0.76
177.86 0.733
178.618 0.758
179.428 0.81
180.232 0.804
181.0 0.768
181.791 0.791
182.6 0.809
183.422 0.822
184.184 0.762
184.953 0.769
185.741 0.788
186.523 0.782
187.284 0.761
188.055 0.771
188.851 0.796
189.645 0.794
190.409 0.764
191.224 0.815
192.032 0.808
192.809 0.777
193.551 0.742
194.313 0.762
195.085 0.772
195.869 0.784
196.595 0.726
197.339 0.744
198.103 0.764
198.885 0.782
199.636 0.751
200.424 0.788
201.222 0.798
201.995 0.773
202.727 0.732
203.484 0.757
204.262 0.778
205.041 0.779
205.789 0.748
206.551 0.762
207.324 0.773
208.127 0.803
208.927 0.8
209.745 0.818
210.567 0.822
211.385 0.818
212.146 0.761
212.914 0.768
213.673 0.759
214.443 0.77
215.17 0.727
215.919 0.749
216.684 0.765
217.51 0.826
218.325 0.815
219.133 0.808
219.93 0.797
220.711 0.781
221.477 0.766
222.24 0.763
223.006 0.766
223.736 0.73
224.473 0.737
225.239 0.766
226.007 0.768
226.777 0.77
227.533 0.756
228.278 0.745
228.988 0.71
229.688 0.7
230.364 0.676
231.041 0.677
231.793 0.752
232.527 0.734
233.224 0.697
233.916 0.692
234.66 0.744
235.443 0.783
236.222 0.779
236.991 0.769
237.707 0.716
238.421 0.714
239.128 0.707
239.844 0.716
240.576 0.732
241.265 0.689
241.923 0.658
242.58 0.657
243.266 0.686
244.017 0.751
244.75 0.733
245.473 0.723
246.15 0.677
246.818 0.668
247.522 0.704
248.334 0.812
249.3 0.966
250.212 0.912
251.0 0.788
251.741 0.741
252.483 0.742
253.261 0.778
254.069 0.808
254.847 0.778
255.623 0.776
256.404 0.781
257.213 0.809
258.005 0.792
258.763 0.758
259.533 0.77
260.342 0.809
261.14 0.798
261.919 0.779
262.697 0.778
263.484 0.787
264.285 0.801
265.08 0.795
265.832 0.752
266.597 0.765
267.396 0.799
268.224 0.828
269.067 0.843
269.864 0.797
270.679 0.815
271.505 0.826
272.311 0.806
273.089 0.778
273.878 0.789
274.68 0.802
275.527 0.847
276.39 0.863
277.164 0.774
277.907 0.743
278.628 0.721
279.383 0.755
280.155 0.772
280.929 0.774
281.71 0.781
282.516 0.806
283.354 0.838
284.203 0.849
285.001 0.798
285.801 0.8
286.629 0.828
287.447 0.818
288.234 0.787
288.977 0.743
289.721 0.744
290.513 0.792
291.323 0.81
292.15 0.827
292.947 0.797
293.757 0.81
294.578 0.821
295.387 0.809
296.164 0.777
296.962 0.798
297.783 0.821
298.564 0.781
299.311 0.747
300.076 0.765
300.874 0.798
301.662 0.788
302.443 0.781
303.239 0.796
304.051 0.812
304.853 0.802
305.647 0.794
306.443 0.796
307.25 0.807
308.035 0.785
308.8 0.765
309.559 0.759
310.367 0.808
311.144 0.777
311.949 0.805
312.771 0.822
313.619 0.848
314.409 0.79
315.188 0.779
315.956 0.768
316.747 0.791
317.54 0.793
318.346 0.806
319.176 0.83
320.002 0.826
320.784 0.782
321.583 0.799
322.379 0.796
323.179 0.8
323.952 0.773
324.748 0.796
325.537 0.789
326.342 0.805
327.141 0.799
327.907 0.766
328.662 0.755
329.44 0.778
330.245 0.805
331.042 0.797
331.841 0.799
332.648 0.807
333.487 0.839
334.29 0.803
335.056 0.766
335.821 0.765
336.61 0.789
337.443 0.833
338.245 0.802
339.01 0.765
339.729 0.719
340.461 0.732
341.255 0.794
342.06 0.805
342.903 0.843
343.702 0.799
344.489 0.787
345.281 0.792
346.085 0.804
346.86 0.775
347.603 0.743
348.363 0.76
349.163 0.8
349.971 0.808
350.752 0.781
351.552 0.8
352.367 0.815
353.177 0.81
353.96 0.783
354.762 0.802
355.585 0.823
356.396 0.811
357.179 0.783
357.977 0.798
358.768 0.791
359.557 0.789
360.291 0.734
361.024 0.733
361.766 0.742
362.543 0.777
363.32 0.777
364.066 0.746
364.849 0.783
365.643 0.794
366.456 0.813
367.23 0.774
368.002 0.772
368.778 0.776
369.524 0.746
370.25 0.726
370.977 0.727
371.727 0.75
372.495 0.768
373.273 0.778
374.044 0.771
374.818 0.774
375.585 0.767
376.366 0.781
377.124 0.758
377.88 0.756
378.65 0.77
379.445 0.795
380.238 0.793
381.001 0.763
381.77 0.769
382.553 0.783
383.34 0.787
384.107 0.767
384.862 0.755
385.639 0.777
386.448 0.809
387.224 0.776
387.983 0.759
388.744 0.761
389.528 0.784
390.314 0.786
391.074 0.76
391.83 0.756
392.583 0.753
393.359 0.776
394.11 0.751
394.875 0.765
395.644 0.769
396.447 0.803
397.213 0.766
397.989 0.776
398.783 0.794
399.542 0.759
400.268 0.726
401.026 0.758
401.804 0.778
402.586 0.782
403.343 0.757
404.079 0.736
404.833 0.754
405.61 0.777
406.356 0.746
407.073 0.717
407.804 0.731
408.563 0.759
409.315 0.752
410.097 0.782
410.853 0.756
411.609 0.756
412.366 0.757
413.137 0.771
413.905 0.768
414.647 0.742
415.398 0.751
416.172 0.774
416.948 0.776
417.719 0.771
418.453 0.734
419.194 0.741
419.975 0.781
420.75 0.775
421.533 0.783
422.308 0.775
423.086 0.778
423.855 0.769
424.627 0.772
425.364 0.737
426.091 0.727
426.837 0.746
427.621 0.784
428.388 0.767
429.145 0.757
429.887 0.742
430.636 0.749
431.386 0.75
432.108 0.722
432.83 0.722
433.586 0.756
434.368 0.782
435.126 0.758
435.879 0.753
436.639 0.76
437.393 0.754
438.151 0.758
438.883 0.732
439.619 0.736
440.367 0.748
441.145 0.778
441.95 0.805
442.719 0.769
443.489 0.77
444.263 0.774
445.007 0.744
445.732 0.725
446.465 0.733
447.248 0.783
448.078 0.83
448.873 0.795
449.634 0.761
450.395 0.761
451.145 0.75
451.882 0.737
452.619 0.737
453.378 0.759
454.17 0.792
455.008 0.838
455.794 0.786
456.577 0.783
457.343 0.766
458.12 0.777
458.874 0.754
459.615 0.741
460.382 0.767
461.187 0.805
462.02 0.833
462.795 0.775
463.58 0.785
464.376 0.796
465.178 0.802
465.932 0.754
466.689 0.757
467.459 0.77
468.25 0.791
469.031 0.781
469.814 0.783
470.612 0.798
471.427 0.815
472.226 0.799
472.995 0.769
473.77 0.775
474.58 0.81
475.382 0.802
476.155 0.773
476.944 0.789
477.738 0.794
478.541 0.803
479.313 0.772
480.087 0.774
480.873 0.786
481.685 0.812
482.462 0.777
483.211 0.749
483.974 0.763
484.779 0.805
485.603 0.824
486.398 0.795
487.163 0.765
487.938 0.775
488.721 0.783
489.531 0.81
490.341 0.81
491.123 0.782
491.901 0.778
492.686 0.785
493.486 0.8
494.246 0.76
495.01 0.764
495.785 0.775
496.582 0.797
497.399 0.817
498.186 0.787
498.99 0.804
499.804 0.814
500.603 0.799
501.393 0.79
502.154 0.761
502.93 0.776
503.709 0.779
504.509 0.8
505.275 0.766
506.052 0.777
506.844 0.792
507.66 0.816
508.487 0.827
509.285 0.798
510.082 0.797
510.895 0.813
511.705 0.81
512.476 0.771
513.212 0.736
513.955 0.743
514.71 0.755
515.496 0.786
516.255 0.759
516.997 0.742
517.769 0.772
518.57 0.801
519.401 0.831
520.189 0.788
520.973 0.784
521.768 0.795
522.565 0.797
523.316 0.751
524.04 0.724
524.744 0.704
525.455 0.711
526.15 0.695
526.852 0.702
527.572 0.72
528.342 0.77
529.15 0.808
529.96 0.81
530.782 0.822
531.584 0.802
532.383 0.799
533.145 0.762
533.906 0.761
534.684 0.778
535.477 0.793
536.259 0.782
537.03 0.771
537.794 0.764
538.559 0.765
539.343 0.784
540.096 0.753
540.824 0.728
541.55 0.726
542.346 0.796
543.156 0.81
543.917 0.761
544.69 0.773
545.474 0.784
546.291 0.817
547.062 0.771
547.844 0.782
548.629 0.785
549.435 0.806
550.237 0.802
551.065 0.828
551.889 0.824
552.715 0.826
553.495 0.78
554.279 0.784
555.059 0.78
555.848 0.789
556.615 0.767
557.391 0.776
558.191 0.8
559.013 0.822
559.86 0.847
560.646 0.786
561.443 0.797
562.237 0.794
563.038 0.801
563.788 0.75
564.543 0.755
565.315 0.772
566.106 0.791
566.869 0.763
567.647 0.778
568.426 0.779
569.216 0.79
569.974 0.758
570.755 0.781
571.568 0.813
572.406 0.838
573.206 0.8
573.981 0.775
574.753 0.772
575.537 0.784
576.319 0.782
577.101 0.782
577.849 0.748
578.566 0.717
579.28 0.714
580.021 0.741
580.779 0.758
581.531 0.752
582.277 0.746
583.02 0.743
583.763 0.743
584.491 0.728
585.241 0.75
586.006 0.765
586.824 0.818
587.608 0.784
588.41 0.802
589.204 0.794
590.078 0.874
590.928 0.85
591.734 0.806
592.529 0.795
593.313 0.784
594.117 0.804
594.903 0.786
595.671 0.768
596.451 0.78
597.261 0.81
598.067 0.806
598.912 0.845
599.8 0.888
600.675 0.875
601.48 0.805
602.264 0.784
603.058 0.794
603.851 0.793
604.628 0.777
605.362 0.734
606.107 0.745
606.898 0.791
607.705 0.807
608.504 0.799
609.32 0.816
610.113 0.793
610.935 0.822
611.718 0.783
612.504 0.786
613.307 0.803
614.13 0.823
614.92 0.79
615.72 0.8