0.000 0.681
0.681 0.681
1.382 0.701
2.11 0.728
2.847 0.737
3.613 0.766
4.411 0.798
5.165 0.754
5.921 0.756
6.658 0.737
7.388 0.73
8.122 0.734
8.857 0.735
9.618 0.761
10.386 0.768
11.133 0.747
11.908 0.775
12.8 0.892
13.746 0.946
14.573 0.827
15.372 0.799
16.119 0.747
16.817 0.698
17.496 0.679
18.233 0.737
19.007 0.774
19.759 0.752
20.439 0.68
21.293 0.854
22.041 0.748
22.767 0.726
23.487 0.72
24.194 0.707
24.887 0.693
25.57 0.683
26.279 0.709
26.994 0.715
27.706 0.712
28.434 0.728
29.168 0.734
29.889 0.721
30.597 0.708
31.347 0.75
32.141 0.794
32.949 0.808
33.785 0.836
34.605 0.82
35.416 0.811
36.2 0.784
36.957 0.757
37.719 0.762
38.497 0.778
39.29 0.793
40.214 0.924
41.443 1.229
42.48 1.037
43.473 0.993
44.387 0.914
45.329 0.942
46.299 0.97
47.242 0.943
48.3 1.058
49.288 0.988
50.176 0.888
51.055 0.879
51.895 0.84
52.68 0.785
53.466 0.786
54.294 0.828
55.215 0.921
56.168 0.953
57.078 0.91
57.935 0.857
58.778 0.843
59.548 0.77
60.29 0.742
61.026 0.736
61.755 0.729
62.468 0.713
63.192 0.724
63.564 0.372
63.97 0.406
64.791 0.821
65.64 0.849
66.464 0.824
67.325 0.861
68.173 0.848
68.733 0.56
69.002 0.269
69.474 0.472
69.943 0.469
83.127 13.184
83.998 0.871
84.962 0.964
85.968 1.006
86.889 0.921
87.791 0.902
88.624 0.833
89.444 0.82
90.328 0.884
91.541 1.213
92.727 1.186
93.837 1.11
94.94 1.103
96.056 1.116
97.084 1.028
98.142 1.058
99.143 1.001
100.123 0.98
101.188 1.065
102.234 1.046
103.304 1.07
104.384 1.08
105.431 1.047
106.485 1.054
107.464 0.979
108.455 0.991
109.434 0.979
110.399 0.965
111.309 0.91
112.159 0.85
112.998 0.839
113.81 0.812
114.627 0.817
115.43 0.803
116.228 0.798
117.025 0.797
117.824 0.799
118.612 0.788
119.422 0.81
120.224 0.802
121.009 0.785
121.807 0.798
122.637 0.83
123.461 0.824
124.277 0.816
125.093 0.816
125.887 0.794
126.714 0.827
127.52 0.806
128.304 0.784
129.099 0.795
129.884 0.785
130.689 0.805
131.557 0.868
132.454 0.897
133.351 0.897
134.255 0.904
135.133 0.878
136.003 0.87
136.837 0.834
137.643 0.806
138.479 0.836
139.361 0.882
140.28 0.919
141.3 1.02
142.195 0.895
143.075 0.88
143.929 0.854
144.733 0.804
145.485 0.752
146.216 0.731
146.964 0.748
148.233 1.269
149.187 0.954
150.072 0.885
150.381 0.309
150.939 0.558
151.737 0.798
152.508 0.771
153.252 0.744
154.003 0.751
154.761 0.758
155.522 0.761
156.279 0.757
157.059 0.78
157.843 0.784
158.66 0.817
159.604 0.944
160.814 1.21
161.897 1.083
162.97 1.073
164.082 1.112
165.205 1.123
166.259 1.054
167.334 1.075
168.466 1.132
169.565 1.099
170.631 1.066
171.687 1.056
172.695 1.008
173.709 1.014
174.801 1.092
175.815 1.014
176.895 1.08
178.009 1.114
179.041 1.032
180.014 0.973
181.077 1.063
182.119 1.042
183.111 0.992
184.11 0.999
185.126 1.016
186.087 0.961
187.084 0.997
188.178 1.094
189.229 1.051
190.288 1.059
191.387 1.099
192.359 0.972
193.329 0.97
194.251 0.922
195.106 0.855
195.993 0.887
196.991 0.998
197.977 0.986
199.011 1.034
200.14 1.129
201.22 1.08
202.369 1.149
203.485 1.116
204.462 0.977
205.425 0.963
206.386 0.961
207.307 0.921
208.357 1.05
209.593 1.236
210.749 1.156
211.955 1.206
213.089 1.134
214.159 1.07
215.318 1.159
216.401 1.083
217.434 1.033
218.518 1.084
219.499 0.981
220.497 0.998
221.534 1.037
222.615 1.081
223.823 1.208
225.097 1.274
226.243 1.146
227.469 1.226
228.652 1.183
229.74 1.088
230.896 1.156
232.209 1.313
233.379 1.17
234.664 1.285
235.87 1.206
237.025 1.155
238.131 1.106
239.072 0.941
240.004 0.932
240.916 0.912
241.748 0.832
242.557 0.809
243.428 0.871
244.312 0.884
245.143 0.831
245.993 0.85
246.892 0.899
247.146 0.254
247.424 0.278
247.781 0.357
248.049 0.268
248.728 0.679
249.684 0.956
250.562 0.878
251.402 0.84
252.295 0.893
253.284 0.989
254.225 0.941
255.247 1.022
256.268 1.021
257.216 0.948
257.86 0.644
258.115 0.255
258.617 0.502
269.122 1.126
270.198 1.076
271.398 1.2
272.569 1.171
273.687 1.118
274.794 1.107
275.784 0.99
276.808 1.024
277.771 0.963
278.76 0.989
279.745 0.985
280.769 1.024
281.877 1.108
282.933 1.056
284.018 1.085
285.053 1.035
286.006 0.953
287.088 1.082
288.089 1.001
288.996 0.907
289.94 0.944
290.888 0.948
291.777 0.889
292.719 0.942
293.666 0.947
294.609 0.943
295.559 0.95
296.459 0.9
297.403 0.944
298.391 0.988
299.297 0.906
300.242 0.945
301.203 0.961
302.15 0.947
303.065 0.915
303.975 0.91
304.89 0.915
305.778 0.888
306.635 0.857
307.435 0.8
308.185 0.75
308.912 0.727
309.653 0.741
310.511 0.858
311.456 0.945
312.558 1.102
313.739 1.181
314.94 1.201
316.091 1.151
317.153 1.062
318.221 1.068
319.208 0.987
320.192 0.984
321.19 0.998
322.173 0.983
323.243 1.07
324.37 1.127
325.411 1.041
326.553 1.142
327.724 1.171
328.827 1.103
329.937 1.11
331.025 1.088
332.027 1.002
333.058 1.031
334.163 1.105
335.161 0.998
336.199 1.038
337.327 1.128
338.334 1.007
339.396 1.062
340.498 1.102
341.525 1.027
342.626 1.101
343.683 1.057
344.648 0.965
345.721 1.073
346.786 1.065
347.758 0.972
348.883 1.125
350.074 1.191
351.165 1.091
352.293 1.128
353.458 1.165
354.516 1.058
355.652 1.136
356.837 1.185
357.865 1.028
358.896 1.031
360.018 1.122
361.207 1.189
362.356 1.149
363.455 1.099
364.461 1.006
365.531 1.07
366.612 1.081
367.578 0.966
368.598 1.02
369.631 1.033
370.583 0.952
371.572 0.989
372.709 1.137
373.728 1.019
374.83 1.102
375.902 1.072
376.877 0.975
377.869 0.992
378.897 1.028
380.041 1.144
381.392 1.351
382.487 1.095
383.66 1.173
384.791 1.131
385.86 1.069
386.898 1.038
387.887 0.989
388.949 1.062
390.071 1.122
391.121 1.05
392.206 1.085
393.192 0.986
394.11 0.918
395.166 1.056
396.221 1.055
397.275 1.054
398.489 1.214
399.586 1.097
400.582 0.996
401.579 0.997
402.493 0.914
403.379 0.886
404.239 0.86
405.092 0.853
405.906 0.814
406.703 0.797
407.181 0.478
407.511 0.33
408.288 0.777
409.041 0.753
409.763 0.722
410.469 0.706
411.214 0.745
412.027 0.813
412.858 0.831
413.696 0.838
414.531 0.835
415.346 0.815
416.172 0.826
417.036 0.864
417.937 0.901
418.888 0.951
419.848 0.96
420.796 0.948
421.78 0.984
422.806 1.026
423.78 0.974
424.766 0.986
425.747 0.981
426.68 0.933
427.606 0.926
428.651 1.045
429.747 1.096
430.712 0.965
431.7 0.988
432.732 1.032
433.747 1.015
434.802 1.055
436.054 1.252
437.215 1.161
438.299 1.084
439.399 1.1
440.553 1.154
441.611 1.058
443.077 1.466
444.403 1.326
445.495 1.092
446.584 1.089
447.746 1.162
448.887 1.141
450.518 1.631
451.837 1.319
452.969 1.132
454.196 1.227
455.418 1.222
456.632 1.214
458.269 1.637
459.524 1.255
460.664 1.14
462.053 1.389
463.233 1.18
464.387 1.154
465.627 1.24
466.801 1.174
467.908 1.107
469.162 1.254
470.297 1.135
471.404 1.107
472.697 1.293
473.854 1.157
475.028 1.174
476.631 1.603
477.832 1.201
479.006 1.174
480.182 1.176
481.255 1.073
482.816 1.561
484.181 1.365
485.398 1.217
486.567 1.169
487.613 1.046
488.686 1.073
489.799 1.113
490.857 1.058
492.024 1.167
493.186 1.162
494.342 1.156
495.531 1.189
496.622 1.091
497.68 1.058
499.202 1.522
500.521 1.319
501.726 1.205
503.002 1.276
504.126 1.124
505.336 1.21
506.591 1.255
507.715 1.124
509.137 1.422
510.366 1.229
511.499 1.133
513.12 1.621
514.352 1.232
515.427 1.075
516.774 1.347
518.033 1.259
519.124 1.091
520.391 1.267
521.632 1.241
522.758 1.126
524.373 1.615
525.736 1.363
526.911 1.175
528.237 1.326
529.542 1.305
530.862 1.32
532.453 1.591
533.78 1.327
534.958 1.178
536.477 1.519
537.772 1.295
539.138 1.366
540.555 1.417
541.813 1.258
543.379 1.566
544.679 1.3
545.878 1.199
547.247 1.369
548.521 1.274
549.784 1.263
551.18 1.396
552.336 1.156
553.634 1.298
554.994 1.36
556.195 1.201
557.385 1.19
558.436 1.051
559.666 1.23
560.822 1.156
561.861 1.039
563.015 1.154
564.233 1.218
565.425 1.192
566.886 1.461
568.105 1.219
569.307 1.202
570.712 1.405
571.902 1.19
573.209 1.307
574.353 1.144
575.394 1.041
576.572 1.178
577.917 1.345
579.104 1.187
580.891 1.787
582.267 1.376
583.453 1.186
584.948 1.495
586.292 1.344
587.535 1.243
588.862 1.327
590.06 1.198
591.446 1.386
592.48 1.034
593.371 0.891
594.273 0.902
595.192 0.919
596.035 0.843
596.838 0.803
597.743 0.905
598.81 1.067
599.856 1.046
600.878 1.022
601.781 0.903
602.61 0.829