0.000 0.966
0.966 0.966
1.989 1.023
3.011 1.022
4.039 1.028
4.991 0.952
5.97 0.979
6.811 0.841
7.656 0.845
8.577 0.921
9.504 0.927
10.688 1.184
11.792 1.104
12.797 1.005
13.803 1.006
14.724 0.921
15.712 0.988
16.693 0.981
17.593 0.9
18.577 0.984
19.501 0.924
20.465 0.964
21.51 1.045
22.467 0.957
23.59 1.123
24.609 1.019
25.566 0.957
26.668 1.102
27.653 0.985
28.756 1.103
29.731 0.975
30.771 1.04
31.769 0.998
32.672 0.903
33.653 0.981
34.595 0.942
35.513 0.918
36.496 0.983
37.418 0.922
38.396 0.978
39.31 0.914
40.248 0.938
41.207 0.959
42.142 0.935
43.194 1.052
44.219 1.025
45.186 0.967
45.771 0.585
46.133 0.362
47.002 0.869
47.795 0.793
48.56 0.765
48.935 0.375
49.304 0.369
50.035 0.731
50.304 0.269
50.733 0.429
51.434 0.701
52.178 0.744
52.998 0.82
53.882 0.884
54.829 0.947
55.743 0.914
56.646 0.903
57.527 0.881
58.372 0.845
59.265 0.893
60.177 0.912
61.045 0.868
61.939 0.894
62.81 0.871
63.749 0.939
64.748 0.999
65.706 0.958
66.761 1.055
67.733 0.972
68.607 0.874
69.433 0.826
70.243 0.81
71.031 0.788
71.861 0.83
72.748 0.887
73.621 0.873
74.636 1.015
75.649 1.013
76.618 0.969
77.559 0.941
78.411 0.852
79.308 0.897
80.247 0.939
81.157 0.91
82.285 1.128
83.375 1.09
84.464 1.089
85.517 1.053
86.594 1.077
87.678 1.084
88.679 1.001
89.807 1.128
90.837 1.03
91.956 1.119
92.963 1.007
94.02 1.057
95.025 1.005
96.038 1.013
97.183 1.145
98.279 1.096
99.292 1.013
100.235 0.943
101.23 0.995
102.193 0.963
103.211 1.018
104.276 1.065
105.304 1.028
106.4 1.096
107.472 1.072
108.475 1.003
109.445 0.97
110.33 0.885
111.198 0.868
112.153 0.955
113.105 0.952
114.19 1.085
115.299 1.109
116.38 1.081
117.478 1.098
118.505 1.027
119.611 1.106
120.669 1.058
121.714 1.045
122.766 1.052
123.846 1.08
124.981 1.135
126.072 1.091
127.208 1.136
128.376 1.168
129.389 1.013
130.517 1.128
131.641 1.124
132.67 1.029
133.715 1.045
134.703 0.988
135.786 1.083
136.872 1.086
138.132 1.26
139.277 1.145
140.451 1.174
141.631 1.18
142.773 1.142
143.878 1.105
144.958 1.08
146.067 1.109
147.018 0.951
147.876 0.858
148.694 0.818
149.516 0.822
150.388 0.872
151.366 0.978
152.477 1.111
153.543 1.066
154.69 1.147
155.738 1.048
156.789 1.051
157.789 1.0
158.75 0.961
159.792 1.042
160.778 0.986
161.763 0.985
162.697 0.934
163.588 0.891
164.538 0.95
165.413 0.875
166.218 0.805
167.038 0.82
167.84 0.802
168.669 0.829
169.593 0.924
170.566 0.973
171.701 1.135
172.779 1.078
173.822 1.043
174.821 0.999
175.746 0.925
176.64 0.894
177.433 0.793
178.2 0.767
178.951 0.751
179.683 0.732
180.434 0.751
181.276 0.842
182.209 0.933
183.263 1.054
184.238 0.975
185.258 1.02
186.225 0.967
187.138 0.913
188.081 0.943
188.993 0.912
189.943 0.95
190.874 0.931
191.765 0.891
192.709 0.944
193.615 0.906
194.58 0.965
195.518 0.938
196.415 0.897
197.352 0.937
198.313 0.961
199.247 0.934
200.214 0.967
201.136 0.922
202.023 0.887
202.871 0.848
203.705 0.834
204.587 0.882
205.488 0.901
206.491 1.003
207.516 1.025
208.527 1.011
209.55 1.023
210.466 0.916
211.348 0.882
212.245 0.897
213.164 0.919
214.156 0.992
215.134 0.978
216.19 1.056
217.296 1.106
218.349 1.053
219.386 1.037
220.294 0.908
221.158 0.864
222.015 0.857
223.006 0.991
224.206 1.2
225.32 1.114
226.545 1.225
227.65 1.105
228.665 1.015
229.686 1.021
230.69 1.004
231.836 1.146
233.035 1.199
234.168 1.133
235.354 1.186
236.468 1.114
237.588 1.12
238.688 1.1
239.824 1.136
240.886 1.062
242.014 1.128
243.026 1.012
244.125 1.099
245.258 1.133
246.344 1.086
247.52 1.176
248.618 1.098
249.715 1.097
250.759 1.044
251.966 1.207
253.056 1.09
254.224 1.168
255.297 1.073
256.378 1.081
257.428 1.05
258.505 1.077
259.695 1.19
260.859 1.164
262.086 1.227
263.233 1.147
264.369 1.136
265.466 1.097
266.424 0.958
267.396 0.972
268.397 1.001
269.357 0.96
270.516 1.159
271.61 1.094
272.817 1.207
273.887 1.07
274.964 1.077
276.035 1.071
277.109 1.074
278.253 1.144
279.299 1.046
280.399 1.1
281.481 1.082
282.582 1.101
283.577 0.995
284.491 0.914
285.428 0.937
286.387 0.959
287.611 1.224
288.847 1.236
290.032 1.185
291.27 1.238
292.37 1.1
293.633 1.263
294.804 1.171
295.986 1.182
297.159 1.173
298.28 1.121
299.449 1.169
300.566 1.117
301.668 1.102
302.635 0.967
303.574 0.939
304.424 0.85
305.267 0.843
306.072 0.805
306.852 0.78
307.743 0.891
308.643 0.9
309.707 1.064
310.824 1.117
311.84 1.016
312.839 0.999
313.735 0.896
314.645 0.91
315.588 0.943
316.512 0.924
317.5 0.988
318.438 0.938
319.339 0.901
320.318 0.979
321.342 1.024
322.361 1.019
323.447 1.086
324.478 1.031
325.535 1.057
326.629 1.094
327.699 1.07
328.8 1.101
329.785 0.985
330.738 0.953
331.607 0.869
332.569 0.962
333.642 1.073
334.674 1.032
335.801 1.127
336.849 1.048
337.934 1.085
338.951 1.017
339.978 1.027
341.056 1.078
342.198 1.142
343.342 1.144
344.436 1.094
345.609 1.173
346.776 1.167
347.934 1.158
349.011 1.077
350.121 1.11
351.134 1.013
352.224 1.09
353.348 1.124
354.468 1.12
355.609 1.141
356.624 1.015
357.806 1.182
358.915 1.109
360.025 1.11
361.175 1.15
362.264 1.089
363.352 1.088
364.357 1.005
365.541 1.184
366.634 1.093
367.852 1.218
368.884 1.032
369.839 0.955
370.714 0.875
371.571 0.857
372.482 0.911
373.387 0.905
374.393 1.006
375.46 1.067
376.473 1.013
377.527 1.054
378.55 1.023
379.56 1.01
380.484 0.924
381.447 0.963
382.396 0.949
383.294 0.898
384.316 1.022
385.429 1.113
386.548 1.119
387.738 1.19
388.832 1.094
389.982 1.15
390.977 0.995
392.03 1.053
393.094 1.064
394.059 0.965
395.186 1.127
396.264 1.078
397.444 1.18
398.539 1.095
399.549 1.01
400.573 1.024
401.508 0.935
402.444 0.936
403.45 1.006
404.468 1.018
405.596 1.128
406.659 1.063
407.685 1.026
408.742 1.057
409.738 0.996
410.772 1.034
411.762 0.99
412.717 0.955
413.696 0.979
414.619 0.923
415.594 0.975
416.533 0.939
417.559 1.026
418.597 1.038
419.538 0.941
420.552 1.014
421.531 0.979
422.502 0.971
423.435 0.933
424.322 0.887
425.385 1.063
426.498 1.113
427.53 1.032
428.468 0.938
429.388 0.92
430.367 0.979
431.301 0.934
432.367 1.066
433.452 1.085
434.572 1.12
435.683 1.111
436.702 1.019
437.731 1.029
438.68 0.949
439.689 1.009
440.741 1.052
441.779 1.038
442.773 0.994
443.741 0.968
444.847 1.106
445.887 1.04
447.055 1.168
448.125 1.07
449.21 1.085
450.343 1.133
451.353 1.01
452.401 1.048
453.389 0.988
454.454 1.065
455.657 1.203
456.725 1.068
457.788 1.063
458.789 1.001
459.773 0.984
460.913 1.14
461.979 1.066
463.203 1.224
464.237 1.034
465.329 1.092
466.409 1.08
467.537 1.128
468.633 1.096
469.679 1.046
470.723 1.044
471.829 1.106
472.92 1.091
474.096 1.176
475.174 1.078
476.345 1.171
477.474 1.129
478.732 1.258
479.945 1.213
481.12 1.175
482.378 1.258
483.522 1.144
484.607 1.085
485.555 0.948
486.42 0.865
487.237 0.817
488.033 0.796
488.905 0.872
489.86 0.955
490.851 0.991
491.936 1.085
492.925 0.989
493.922 0.997
494.939 1.017
495.896 0.957
496.883 0.987
497.876 0.993
498.841 0.965
499.949 1.108
501.049 1.1
502.225 1.176
503.414 1.189
504.621 1.207
505.783 1.162
506.942 1.159
508.087 1.145
509.114 1.027
510.059 0.945
511.167 1.108
512.243 1.076
513.375 1.132
514.494 1.119
515.466 0.972
516.65 1.184
517.778 1.128
518.808 1.03
519.934 1.126
520.934 1.0
522.006 1.072
523.19 1.184
524.257 1.067
525.28 1.023
526.388 1.108
527.656 1.268
528.778 1.122
530.118 1.34
531.323 1.205
532.607 1.284
533.782 1.175
534.98 1.198
536.199 1.219
537.37 1.171
538.507 1.137
539.553 1.046
540.675 1.122
541.725 1.05
542.831 1.106
543.886 1.055
544.993 1.107
545.99 0.997
547.019 1.029
548.048 1.029
549.064 1.016
550.151 1.087
551.185 1.034
552.147 0.962
552.993 0.846
553.799 0.806
554.612 0.813
555.498 0.886
556.528 1.03
557.497 0.969
558.386 0.889
559.212 0.826
559.796 0.584
560.785 0.989
561.542 0.757
562.304 0.762
563.054 0.75
563.418 0.364
563.822 0.404
564.603 0.781
565.378 0.775
566.144 0.766
566.568 0.424
566.91 0.342
567.174 0.264
567.697 0.523
568.028 0.331
568.321 0.293
568.762 0.441
569.622 0.86
576.79 0.797
577.599 0.809
578.426 0.827
579.342 0.916
580.256 0.914
580.613 0.357
581.122 0.509
582.057 0.935
582.97 0.913
583.422 0.452
583.848 0.426
584.76 0.912
585.642 0.882
586.473 0.831
587.331 0.858
588.255 0.924
589.158 0.903
590.097 0.939
591.088 0.991
592.005 0.917
592.906 0.901
593.814 0.908
594.659 0.845
595.561 0.902
596.515 0.954
597.393 0.878
598.358 0.965
599.337 0.979
600.255 0.918
601.307 1.052
602.271 0.964
603.277 1.006
604.334 1.057
605.225 0.891
606.131 0.906
607.073 0.942
608.0 0.927
609.106 1.106
610.219 1.113
611.262 1.043
612.342 1.08
613.301 0.959
614.221 0.92
615.209 0.988
616.119 0.91
617.064 0.945
618.109 1.045
619.092 0.983
620.252 1.16
621.319 1.067
622.47 1.151
623.548 1.078
624.661 1.113
625.615 0.954
626.493 0.878
627.293 0.8
628.077 0.784
628.848 0.771
629.601 0.753
630.399 0.798
631.326 0.927
632.271 0.945
633.328 1.057
634.429 1.101
635.502 1.073