0.000 0.849
0.849 0.849
1.301 0.452
1.654 0.353
2.44 0.786
3.226 0.786
3.98 0.754
4.714 0.734
5.436 0.722
6.143 0.707
6.851 0.708
7.556 0.705
8.252 0.696
8.937 0.685
9.637 0.7
10.321 0.684
10.999 0.678
11.678 0.679
12.361 0.683
13.059 0.698
13.767 0.708
14.492 0.725
15.246 0.754
16.01 0.764
16.755 0.745
17.479 0.724
18.234 0.755
19.164 0.93
20.232 1.068
21.158 0.926
22.091 0.933
23.103 1.012
24.047 0.944
24.961 0.914
25.942 0.981
26.781 0.839
27.576 0.795
28.329 0.753
29.053 0.724
29.767 0.714
30.493 0.726
31.28 0.787
32.071 0.791
32.883 0.812
33.841 0.958
34.994 1.153
36.075 1.081
37.173 1.098
38.193 1.02
39.121 0.928
40.176 1.055
41.232 1.056
42.207 0.975
43.27 1.063
44.556 1.286
45.643 1.087
46.767 1.124
47.961 1.194
49.202 1.241
50.211 1.009
51.11 0.899
52.071 0.961
53.146 1.075
54.231 1.085
55.21 0.979
56.158 0.948
57.122 0.964
58.031 0.909
58.879 0.848
59.785 0.906
60.716 0.931
61.576 0.86
62.464 0.888
63.383 0.919
64.246 0.863
65.076 0.83
65.87 0.794
66.634 0.764
67.379 0.745
68.107 0.728
68.824 0.717
69.54 0.716
70.257 0.717
70.983 0.726
71.759 0.776
72.613 0.854
73.469 0.856
74.314 0.845
75.148 0.834
75.959 0.811
76.745 0.786
77.546 0.801
78.367 0.821
79.181 0.814
80.002 0.821
80.86 0.858
81.951 1.091
83.17 1.219
84.201 1.031
85.185 0.984
86.221 1.036
87.27 1.049
88.221 0.951
89.259 1.038
90.264 1.005
91.198 0.934
92.223 1.025
93.364 1.141
94.453 1.089
95.573 1.12
96.648 1.075
97.705 1.057
98.765 1.06
99.715 0.95
100.636 0.921
101.528 0.892
102.5 0.972
103.49 0.99
104.359 0.869
105.204 0.845
106.056 0.852
106.9 0.844
107.834 0.934
108.874 1.04
109.863 0.989
110.964 1.101
111.908 0.944
112.778 0.87
113.634 0.856
114.512 0.878
115.391 0.879
116.38 0.989
117.451 1.071
118.422 0.971
119.448 1.026
120.492 1.044
121.468 0.976
122.493 1.025
123.479 0.986
124.484 1.005
125.531 1.047
126.473 0.942
127.396 0.923
128.301 0.905
129.189 0.888
130.089 0.9
131.049 0.96
131.994 0.945
132.95 0.956
134.032 1.082
135.141 1.109
136.171 1.03
137.22 1.049
138.197 0.977
139.133 0.936
140.086 0.953
140.986 0.9
141.915 0.929
142.925 1.01
143.931 1.006
144.959 1.028
146.05 1.091
147.113 1.063
148.168 1.055
149.106 0.938
149.956 0.85
150.792 0.836
151.673 0.881
152.638 0.965
153.714 1.076
154.695 0.981
155.596 0.901
156.511 0.915
157.525 1.014
158.479 0.954
159.483 1.004
160.562 1.079
161.542 0.98
162.509 0.967
163.471 0.962
164.445 0.974
165.443 0.998
166.487 1.044
167.5 1.013
168.551 1.051
169.651 1.1
170.691 1.04
171.771 1.08
172.824 1.053
173.829 1.005
174.92 1.091
176.119 1.199
177.183 1.064
178.212 1.029
179.264 1.052
180.245 0.981
181.218 0.973
182.16 0.942
183.084 0.924
184.083 0.999
185.07 0.987
185.999 0.929
186.997 0.998
187.948 0.951
188.835 0.887
189.719 0.884
190.569 0.85
191.39 0.821
192.246 0.856
193.299 1.053
194.416 1.117
195.519 1.103
196.738 1.219
197.816 1.078
198.907 1.091
199.97 1.063
200.932 0.962
201.947 1.015
203.053 1.106
204.098 1.045
205.214 1.116
206.319 1.105
207.309 0.99
208.331 1.022
209.388 1.057
210.358 0.97
211.382 1.024
212.345 0.963
213.286 0.941
214.287 1.001
215.257 0.97
216.268 1.011
217.309 1.041
218.319 1.01
219.404 1.085
220.415 1.011
221.386 0.971
222.391 1.005
223.335 0.944
224.26 0.925
225.204 0.944
226.068 0.864
226.893 0.825
227.741 0.848
228.554 0.813
229.37 0.816
230.246 0.876
231.187 0.941
232.246 1.059
233.299 1.053
234.281 0.982
235.259 0.978
236.263 1.004
237.185 0.922
238.101 0.916
238.989 0.888
239.828 0.839
240.625 0.797
241.394 0.769
242.15 0.756
242.923 0.773
243.804 0.881
244.79 0.986
245.91 1.12
246.915 1.005
247.99 1.075
249.083 1.093
250.124 1.041
251.281 1.157
252.611 1.33
253.65 1.039
254.739 1.089
255.862 1.123
256.886 1.024
257.986 1.1
259.064 1.078
260.103 1.039
261.238 1.135
262.22 0.982
263.193 0.973
264.196 1.003
265.165 0.969
266.168 1.003
267.18 1.012
268.168 0.988
269.257 1.089
270.324 1.067
271.366 1.042
272.397 1.031
273.338 0.941
274.315 0.977
275.315 1.0
276.301 0.986
277.432 1.131
278.458 1.026
279.477 1.019
280.506 1.029
281.462 0.956
282.43 0.968
283.409 0.979
284.342 0.933
285.329 0.987
286.389 1.06
287.367 0.978
288.365 0.998
289.351 0.986
290.325 0.974
291.355 1.03
292.424 1.069
293.44 1.016
294.473 1.033
295.496 1.023
296.594 1.098
297.806 1.212
298.988 1.182
300.077 1.089
301.187 1.11
302.294 1.107
303.305 1.011
304.347 1.042
305.387 1.04
306.407 1.02
307.436 1.029
308.473 1.037
309.416 0.943
310.407 0.991
311.511 1.104
312.551 1.04
313.661 1.11
314.768 1.107
315.775 1.007
316.799 1.024
317.84 1.041
318.838 0.998
319.856 1.018
320.923 1.067
321.97 1.047
323.059 1.089
324.028 0.969
324.896 0.868
325.798 0.902
326.83 1.032
327.88 1.05
329.016 1.136
330.122 1.106
331.129 1.007
332.207 1.078
333.27 1.063
334.25 0.98
335.34 1.09
336.521 1.181
337.633 1.112
338.694 1.061
339.63 0.936
340.575 0.945
341.524 0.949
342.373 0.849
343.188 0.815
343.994 0.806
344.888 0.894
345.899 1.011
346.824 0.925
347.794 0.97
348.751 0.957
349.656 0.905
350.615 0.959
351.501 0.886
352.38 0.879
353.289 0.909
354.257 0.968
355.213 0.956
356.121 0.908
357.0 0.879
357.858 0.858
358.694 0.836
359.477 0.783
360.262 0.785
361.024 0.762
361.768 0.744
362.496 0.728
363.21 0.714
363.901 0.691
364.588 0.687
365.264 0.676
365.931 0.667
366.585 0.654
367.236 0.651
367.881 0.645
368.515 0.634
369.136 0.621
369.755 0.619
370.373 0.618
370.998 0.625
371.653 0.655
372.393 0.74
373.327 0.934
374.419 1.092
375.59 1.171
376.722 1.132
377.77 1.048
378.624 0.854
379.397 0.773
380.167 0.77
381.499 1.332
382.61 1.111
383.52 0.91
384.353 0.833
385.176 0.823
386.396 1.22
387.658 1.262
388.891 1.233
389.92 1.029
391.009 1.089
392.025 1.016
392.894 0.869
393.801 0.907
394.758 0.957
395.633 0.875
396.54 0.907
397.565 1.025
398.521 0.956
399.628 1.107
400.683 1.055
401.713 1.03
402.851 1.138
403.846 0.995
404.901 1.055
406.019 1.118
406.982 0.963
408.007 1.025
408.948 0.941
409.946 0.998
410.95 1.004
411.874 0.924
412.899 1.025
413.944 1.045
414.957 1.013
416.059 1.102
417.074 1.015
418.136 1.062
419.077 0.941
420.05 0.973
421.074 1.024
422.023 0.949
423.121 1.098
424.227 1.106
425.198 0.971
426.328 1.13
427.435 1.107
428.4 0.965
429.45 1.05
430.446 0.996
431.39 0.944
432.347 0.957
433.203 0.856
434.043 0.84
434.839 0.796
435.609 0.77
436.351 0.742
437.141 0.79
438.506 1.365
439.687 1.181
440.875 1.188
441.811 0.936
442.748 0.937
443.75 1.002
444.661 0.911
445.606 0.945
447.056 1.45
448.103 1.047
449.226 1.123
450.338 1.112
451.441 1.103
452.383 0.942
453.345 0.962
454.41 1.065
455.351 0.941
456.37 1.019
457.309 0.939
458.315 1.006
459.403 1.088
460.371 0.968
461.373 1.002
462.334 0.961
463.233 0.899
464.213 0.98
465.271 1.058
466.204 0.933
467.193 0.989
468.157 0.964
469.097 0.94
470.146 1.049
471.129 0.983
472.155 1.026
473.118 0.963
474.029 0.911
475.015 0.986
476.047 1.032
476.971 0.924
477.944 0.973
478.877 0.933
479.878 1.001
480.899 1.021
481.869 0.97
482.921 1.052
483.874 0.953
484.859 0.985
485.935 1.076
486.898 0.963
487.911 1.013
489.0 1.089
489.964 0.964
490.952 0.988
491.949 0.997
492.898 0.949
493.976 1.078
494.99 1.014
496.196 1.206
497.358 1.162
498.474 1.116
499.606 1.132
500.572 0.966
501.571 0.999
502.64 1.069
503.614 0.974
504.676 1.062
505.734 1.058
506.701 0.967
507.817 1.116
508.876 1.059
509.967 1.091
511.016 1.049
511.992 0.976
513.064 1.072
514.042 0.978
515.066 1.024
516.047 0.981
517.021 0.974
518.078 1.057
519.021 0.943
520.031 1.01
521.057 1.026
522.029 0.972
523.061 1.032
524.078 1.017
525.152 1.074
526.29 1.138
527.264 0.974
528.259 0.995
529.241 0.982
530.161 0.92
531.225 1.064
532.287 1.062
533.257 0.97
534.26 1.003
535.188 0.928
536.206 1.018
537.19 0.984
538.187 0.997
539.422 1.235
540.555 1.133
541.497 0.942
542.392 0.895
543.262 0.87
544.09 0.828
544.961 0.871
545.885 0.924
547.011 1.126
548.006 0.995
548.935 0.929
549.801 0.866
550.621 0.82
551.419 0.798
552.214 0.795
553.028 0.814
553.848 0.82
554.688 0.84
555.619 0.931
556.521 0.902
557.484 0.963
558.54 1.056
559.521 0.981
560.449 0.928
561.423 0.974
562.414 0.991
563.307 0.893
564.235 0.928
565.145 0.91
566.047 0.902
566.974 0.927
567.961 0.987
568.88 0.919
569.793 0.913
570.803 1.01
571.929 1.126
573.013 1.084
574.012 0.999
574.95 0.938
575.887 0.937
576.783 0.896
577.695 0.912
578.56 0.865
579.45 0.89
580.418 0.968
581.337 0.919
582.337 1.0
583.295 0.958
584.184 0.889
585.075 0.891
585.992 0.917
586.893 0.901
587.84 0.947
588.826 0.986
589.747 0.921
590.693 0.946
591.649 0.956
592.613 0.964
593.492 0.879
594.31 0.818
595.1 0.79
595.892 0.792
596.714 0.822
597.612 0.898
598.513 0.901
599.476 0.963
600.504 1.028
601.506 1.002
602.629 1.123