0.000 0.558
0.558 0.558
1.118 0.56
1.683 0.565
2.248 0.565
3.373 1.125
3.937 0.564
4.498 0.561
5.064 0.566
5.629 0.565
6.197 0.568
6.766 0.569
7.34 0.574
7.91 0.57
8.476 0.566
9.034 0.558
9.595 0.561
10.154 0.559
10.711 0.557
11.27 0.559
11.837 0.567
12.405 0.568
12.968 0.563
13.524 0.556
14.077 0.553
14.628 0.551
15.181 0.553
15.736 0.555
16.305 0.569
16.878 0.573
17.453 0.575
18.037 0.584
18.62 0.583
19.201 0.581
19.783 0.582
20.364 0.581
20.938 0.574
21.511 0.573
22.084 0.573
22.651 0.567
23.212 0.561
23.771 0.559
24.331 0.56
24.886 0.555
25.441 0.555
26.005 0.564
26.567 0.562
27.128 0.561
27.686 0.558
28.248 0.562
28.809 0.561
29.374 0.565
29.949 0.575
30.525 0.576
31.095 0.57
31.66 0.565
32.224 0.564
32.796 0.572
33.373 0.577
33.947 0.574
34.518 0.571
35.084 0.566
35.644 0.56
36.202 0.558
36.762 0.56
37.327 0.565
37.891 0.564
38.453 0.562
39.015 0.562
39.58 0.565
40.166 0.586
40.772 0.606
41.376 0.604
41.965 0.589
42.544 0.579
43.122 0.578
43.707 0.585
44.287 0.58
44.864 0.577
45.431 0.567
46.004 0.573
46.571 0.567
47.132 0.561
47.689 0.557
48.249 0.56
48.82 0.571
49.402 0.582
49.986 0.584
50.569 0.583
51.151 0.582
51.739 0.588
52.327 0.588
52.906 0.579
53.479 0.573
54.05 0.571
54.62 0.57
55.186 0.566
55.744 0.558
56.303 0.559
56.866 0.563
57.429 0.563
57.992 0.563
58.567 0.575
59.156 0.589
59.744 0.588
60.342 0.598
60.933 0.591
61.516 0.583
62.099 0.583
62.676 0.577
62.98 0.304
63.25 0.27
63.828 0.578
64.416 0.588
65.007 0.591
65.596 0.589
66.184 0.588
66.77 0.586
67.35 0.58
67.922 0.572
68.488 0.566
69.051 0.563
69.61 0.559
70.169 0.559
70.732 0.563
71.315 0.583
71.917 0.602
72.53 0.613
73.157 0.627
73.78 0.623
74.395 0.615
75.011 0.616
75.627 0.616
76.233 0.606
76.831 0.598
77.424 0.593
78.013 0.589
78.596 0.583
79.168 0.572
79.742 0.574
80.315 0.573
80.884 0.569
81.446 0.562
82.006 0.56
82.565 0.559
83.123 0.558
83.679 0.556
84.237 0.558
84.793 0.556
85.353 0.56
85.916 0.563
86.491 0.575
87.087 0.596
87.707 0.62
88.331 0.624
88.952 0.621
89.557 0.605
90.15 0.593
90.74 0.59
91.33 0.59
91.913 0.583
92.488 0.575
93.066 0.578
93.642 0.576
94.215 0.573
94.782 0.567
95.356 0.574
95.941 0.585
96.519 0.578
97.095 0.576
97.674 0.579
98.257 0.583
98.841 0.584
99.422 0.581
99.998 0.576
100.57 0.572
101.136 0.566
101.698 0.562
102.253 0.555
102.809 0.556
103.369 0.56
103.933 0.564
104.496 0.563
105.067 0.571
105.642 0.575
106.221 0.579
106.813 0.592
107.395 0.582
107.968 0.573
108.536 0.568
109.101 0.565
109.663 0.562
110.232 0.569
110.797 0.565
111.361 0.564
111.926 0.565
112.495 0.569
113.064 0.569
113.63 0.566
114.205 0.575
114.789 0.584
115.378 0.589
115.974 0.596
116.576 0.602
117.185 0.609
117.788 0.603
118.385 0.597
118.98 0.595
119.564 0.584
120.145 0.581
120.717 0.572
121.287 0.57
121.858 0.571
122.433 0.575
123.002 0.569
123.565 0.563
124.124 0.559
124.683 0.559
125.245 0.562
125.812 0.567
126.381 0.569
126.954 0.573
127.543 0.589
128.149 0.606
128.751 0.602
129.362 0.611
129.963 0.601
130.548 0.585
131.122 0.574
131.696 0.574
132.267 0.571
132.835 0.568
133.399 0.564
133.968 0.569
134.535 0.567
135.106 0.571
135.678 0.572
136.255 0.577
136.824 0.569
137.398 0.574
137.98 0.582
138.558 0.578
139.132 0.574
139.704 0.572
140.278 0.574
140.854 0.576
141.433 0.579
142.021 0.588
142.622 0.601
143.233 0.611
143.849 0.616
144.473 0.624
145.089 0.616
145.699 0.61
146.313 0.614
146.916 0.603
147.514 0.598
148.101 0.587
148.695 0.594
149.292 0.597
149.874 0.582
150.446 0.572
151.028 0.582
151.606 0.578
152.187 0.581
152.763 0.576
153.34 0.577
153.912 0.572
154.495 0.583
155.083 0.588
155.676 0.593
156.27 0.594
156.866 0.596
157.464 0.598
158.063 0.599
158.661 0.598
159.259 0.598
159.858 0.599
160.455 0.597
161.048 0.593
161.641 0.593
162.237 0.596
162.831 0.594
163.43 0.599
164.029 0.599
164.646 0.617
165.269 0.623
165.885 0.616
166.492 0.607
167.088 0.596
167.682 0.594
168.284 0.602
168.884 0.6
169.473 0.589
170.055 0.582
170.636 0.581
171.222 0.586
171.809 0.587
172.387 0.578
172.952 0.565
173.527 0.575
174.101 0.574
174.666 0.565
175.247 0.581
175.83 0.583
176.405 0.575
176.973 0.568
177.556 0.583
178.136 0.58
178.713 0.577
179.294 0.581
179.872 0.578
180.447 0.575
181.017 0.57
181.59 0.573
182.158 0.568
182.733 0.575
183.307 0.574
183.879 0.572
184.449 0.57
185.02 0.571
185.595 0.575
186.175 0.58
186.759 0.584
187.346 0.587
187.935 0.589
188.514 0.579
189.096 0.582
189.678 0.582
190.256 0.578
190.829 0.573
191.397 0.568
191.968 0.571
192.541 0.573
193.112 0.571
193.683 0.571
194.259 0.576
194.834 0.575
195.409 0.575
195.982 0.573
196.561 0.579
197.143 0.582
197.727 0.584
198.314 0.587
198.895 0.581
199.479 0.584
200.062 0.583
200.64 0.578
201.216 0.576
201.793 0.577
202.367 0.574
202.945 0.578
203.528 0.583
204.116 0.588
204.701 0.585
205.286 0.585
205.875 0.589
206.465 0.59
207.062 0.597
207.654 0.592
208.246 0.592
208.836 0.59
209.425 0.589
210.008 0.583
210.584 0.576
211.154 0.57
211.72 0.566
212.288 0.568
212.858 0.57
213.434 0.576
214.012 0.578
214.592 0.58
215.174 0.582
215.757 0.583
216.347 0.59
216.938 0.591
217.532 0.594
218.125 0.593
218.717 0.592
219.305 0.588
219.894 0.589
220.478 0.584
221.058 0.58
221.63 0.572
222.203 0.573
222.785 0.582
223.37 0.585
223.954 0.584
224.534 0.58
225.131 0.597
225.737 0.606
226.337 0.6
226.924 0.587
227.525 0.601
228.139 0.614
228.751 0.612
229.354 0.603
229.958 0.604
230.553 0.595
231.143 0.59
231.737 0.594
232.326 0.589
232.91 0.584
233.49 0.58
234.07 0.58
234.644 0.574
235.218 0.574
235.795 0.577
236.381 0.586
236.97 0.589
237.56 0.59
238.158 0.598
238.761 0.603
239.365 0.604
239.966 0.601
240.567 0.601
241.159 0.592
241.743 0.584
242.33 0.587
242.912 0.582
243.488 0.576
244.063 0.575
244.635 0.572
245.204 0.569
245.77 0.566
246.342 0.572
246.912 0.57
247.482 0.57
248.055 0.573
248.633 0.578
249.208 0.575
249.788 0.58
250.373 0.585
250.953 0.58
251.53 0.577
252.112 0.582
252.692 0.58
253.265 0.573
253.839 0.574
254.413 0.574
254.984 0.571
255.55 0.566
256.113 0.563
256.685 0.572
257.262 0.577
257.839 0.577
258.423 0.584
259.013 0.59
259.604 0.591
260.199 0.595
260.798 0.599
261.395 0.597
261.982 0.587
262.566 0.584
263.147 0.581
263.722 0.575
264.291 0.569
264.863 0.572
265.436 0.573
266.007 0.571
266.577 0.57
267.15 0.573
267.729 0.579
268.313 0.584
268.896 0.583
269.482 0.586
270.075 0.593
270.665 0.59
271.249 0.584
271.834 0.585
272.418 0.584
272.999 0.581
273.574 0.575
274.146 0.572
274.724 0.578
275.301 0.577
275.876 0.575
276.444 0.568
277.019 0.575
277.598 0.579
278.183 0.585
278.763 0.58
279.348 0.585
279.939 0.591
280.526 0.587
281.111 0.585
281.689 0.578
282.275 0.586
282.86 0.585
283.435 0.575
284.005 0.57
284.571 0.566
285.131 0.56
285.693 0.562
286.254 0.561
286.819 0.565
287.397 0.578
287.978 0.581
288.56 0.582
289.143 0.583
289.738 0.595
290.343 0.605
290.947 0.604
291.55 0.603
292.162 0.612
292.774 0.612
293.381 0.607
293.987 0.606
294.586 0.599
295.18 0.594
295.774 0.594
296.369 0.595
296.961 0.592
297.553 0.592
298.145 0.592
298.745 0.6
299.356 0.611
299.969 0.613
300.581 0.612
301.195 0.614
301.814 0.619
302.433 0.619
303.051 0.618
303.669 0.618
304.28 0.611
304.887 0.607
305.498 0.611
306.113 0.615
306.729 0.616
307.338 0.609
307.95 0.612
308.573 0.623
309.195 0.622
309.814 0.619
310.431 0.617
311.063 0.632
311.698 0.635
312.318 0.62
312.931 0.613
313.543 0.612
314.156 0.613
314.766 0.61
315.367 0.601
315.967 0.6
316.576 0.609
317.191 0.615
317.804 0.613
318.414 0.61
319.034 0.62
319.652 0.618
320.266 0.614
320.878 0.612
321.486 0.608
322.09 0.604
322.696 0.606
323.302 0.606
323.901 0.599
324.494 0.593
325.081 0.587
325.675 0.594
326.272 0.597
326.866 0.594
327.456 0.59
328.045 0.589
328.631 0.586
329.218 0.587
329.811 0.593
330.404 0.593
330.997 0.593
331.587 0.59
332.173 0.586
332.762 0.589
333.357 0.595
333.953 0.596
334.549 0.596
335.138 0.589
335.726 0.588
336.324 0.598
336.915 0.591
337.503 0.588
338.088 0.585
338.675 0.587
339.264 0.589
339.851 0.587
340.443 0.592
341.041 0.598
341.639 0.598
342.237 0.598
342.833 0.596
343.428 0.595
344.025 0.597
344.609 0.584
345.2 0.591
345.791 0.591
346.373 0.582
346.947 0.574
347.513 0.566
348.075 0.562
348.634 0.559
349.189 0.555
349.739 0.55
350.291 0.552
350.842 0.551
351.396 0.554
351.952 0.556
352.512 0.56
353.075 0.563
353.64 0.565
354.208 0.568
354.782 0.574
355.356 0.574
355.933 0.577
356.507 0.574
357.086 0.579
357.663 0.577
358.24 0.577
358.821 0.581
359.412 0.591
360.01 0.598
360.613 0.603
361.224 0.611
361.841 0.617
362.445 0.604
363.047 0.602
363.645 0.598
364.253 0.608
364.866 0.613
365.466 0.6
366.056 0.59
366.642 0.586
367.235 0.593
367.829 0.594
368.419 0.59
369.0 0.581
369.585 0.585
370.17 0.585
370.744 0.574
371.326 0.582
371.916 0.59
372.503 0.587
373.082 0.579
373.655 0.573
374.223 0.568
374.792 0.569
375.362 0.57
375.94 0.578
376.525 0.585
377.12 0.595
377.729 0.609
378.356 0.627
378.991 0.635
379.63 0.639
380.272 0.642
380.902 0.63
381.526 0.624
382.148 0.622
382.762 0.614
383.37 0.608
383.973 0.603
384.574 0.601
385.165 0.591
385.751 0.586
386.339 0.588
386.932 0.593
387.519 0.587
388.108 0.589
388.707 0.599
389.324 0.617
389.95 0.626
390.575 0.625
391.205 0.63
391.83 0.625
392.445 0.615
393.053 0.608
393.657 0.604
394.263 0.606
394.869 0.606
395.467 0.598
396.062 0.595
396.656 0.594
397.255 0.599
397.853 0.598
398.449 0.596
399.049 0.6
399.653 0.604
400.251 0.598
400.845 0.594
401.437 0.592
402.034 0.597
402.633 0.599
403.23 0.597
403.817 0.587
404.401 0.584
404.979 0.578
405.554 0.575
406.127 0.573
406.69 0.563
407.253 0.563
407.818 0.565
408.416 0.598
409.027 0.611
409.619 0.592
410.237 0.618
410.861 0.624
411.48 0.619
412.089 0.609
412.689 0.6
413.278 0.589
413.863 0.585
414.442 0.579
415.014 0.572
415.581 0.567
416.14 0.559
416.693 0.553
417.249 0.556
417.815 0.566
418.395 0.58
418.983 0.588
419.576 0.593
420.165 0.589
420.749 0.584
421.35 0.601
421.957 0.607
422.576 0.619
423.195 0.619
423.809 0.614
424.418 0.609
425.029 0.611
425.639 0.61
426.235 0.596
426.817 0.582
427.389 0.572
427.948 0.559
428.512 0.564
429.073 0.561
429.629 0.556
430.178 0.549
430.722 0.544
431.257 0.535
431.784 0.527
432.31 0.526
432.837 0.527
433.364 0.527
433.893 0.529
434.421 0.528
434.949 0.528
435.479 0.53
436.017 0.538
436.562 0.545
437.115 0.553
437.695 0.58
438.247 0.552
438.796 0.549
439.341 0.545
439.882 0.541
440.416 0.534
440.944 0.528
441.468 0.524
442.0 0.532
442.539 0.539
443.093 0.554
443.658 0.565
444.233 0.575
444.835 0.602
445.503 0.668
446.206 0.703
446.869 0.663
447.527 0.658
448.163 0.636
448.762 0.599
449.354 0.592
449.937 0.583
450.515 0.578
451.085 0.57
451.65 0.565
452.221 0.571
452.792 0.571
453.359 0.567
453.92 0.561
454.479 0.559
455.043 0.564
455.603 0.56
456.159 0.556
456.71 0.551
457.263 0.553
457.808 0.545
458.348 0.54
458.887 0.539
459.43 0.543
459.987 0.557
460.554 0.567
461.124 0.57
461.696 0.572
462.289 0.593
462.875 0.586
463.458 0.583
464.041 0.583
464.63 0.589
465.217 0.587
465.796 0.579
466.372 0.576
466.951 0.579
467.528 0.577
468.104 0.576
468.678 0.574
469.251 0.573
469.835 0.584
470.413 0.578
470.988 0.575
471.563 0.575
472.144 0.581
472.718 0.574
473.283 0.565
473.855 0.572
474.435 0.58
475.011 0.576
475.582 0.571
476.163 0.581
476.746 0.583
477.328 0.582
477.905 0.577
478.49 0.585
479.072 0.582
479.651 0.579
480.228 0.577
480.81 0.582
481.392 0.582
481.967 0.575
482.538 0.571
483.115 0.577
483.695 0.58
484.27 0.575
484.84 0.57
485.419 0.579
486.004 0.585
486.591 0.587
487.174 0.583
487.756 0.582
488.337 0.581
488.915 0.578
489.488 0.573
490.066 0.578
490.643 0.577
491.217 0.574
491.786 0.569
492.361 0.575
492.939 0.578
493.518 0.579
494.095 0.577
494.675 0.58
495.261 0.586
495.854 0.593
496.449 0.595
497.037 0.588
497.636 0.599
498.244 0.608
498.842 0.598
499.439 0.597
500.045 0.606
500.665 0.62
501.272 0.607
501.873 0.601
502.473 0.6
503.074 0.601
503.674 0.6
504.263 0.589
504.842 0.579
505.44 0.598
506.033 0.593
506.623 0.59
507.217 0.594
507.82 0.603
508.426 0.606
509.028 0.602
509.629 0.601
510.234 0.605
510.851 0.617
511.465 0.614
512.07 0.605
512.689 0.619
513.314 0.625
513.928 0.614
514.535 0.607
515.151 0.616
515.751 0.6
516.341 0.59
516.918 0.577
517.49 0.572
518.054 0.564
518.647 0.593
519.248 0.601
519.846 0.598
520.453 0.607
521.068 0.615
521.687 0.619
522.312 0.625
522.931 0.619
523.55 0.619
524.163 0.613
524.774 0.611
525.381 0.607
525.982 0.601
526.578 0.596
527.17 0.592
527.756 0.586
528.341 0.585
528.935 0.594
529.518 0.583
530.098 0.58
530.664 0.566
531.232 0.568
531.805 0.573
532.377 0.572
532.948 0.571
533.518 0.57
534.085 0.567
534.654 0.569
535.217 0.563
535.771 0.554
536.326 0.555
536.876 0.55
537.421 0.545
537.963 0.542
538.505 0.542
539.042 0.537
539.578 0.536
540.111 0.533
540.636 0.525
541.153 0.517
541.668 0.515
542.194 0.526
542.75 0.556
543.3 0.55
543.851 0.551
544.414 0.563
544.995 0.581
545.582 0.587
546.182 0.6
546.78 0.598
547.383 0.603
548.026 0.643
548.687 0.661
549.343 0.656
549.97 0.627
550.576 0.606
551.171 0.595
551.768 0.597
552.364 0.596
552.953 0.589
553.534 0.581
554.112 0.578
554.684 0.572
555.251 0.567
555.817 0.566
556.381 0.564
556.944 0.563
557.511 0.567
558.091 0.58
558.694 0.603
559.307 0.613
559.914 0.607
560.527 0.613
561.132 0.605
561.725 0.593
562.317 0.592
562.913 0.596
563.51 0.597
564.109 0.599
564.711 0.602
565.315 0.604
565.922 0.607
566.523 0.601
567.121 0.598
567.734 0.613
568.355 0.621
568.984 0.629
569.623 0.639
570.266 0.643
570.916 0.65
571.568 0.652
572.196 0.628
572.804 0.608
573.398 0.594
573.984 0.586
574.563 0.579
575.139 0.576
575.716 0.577
576.292 0.576
576.884 0.592
577.478 0.594
578.072 0.594
578.658 0.586
579.238 0.58
579.812 0.574
580.381 0.569
580.947 0.566
581.509 0.562
582.07 0.561
582.626 0.556
583.178 0.552
583.744 0.566
584.298 0.554
584.846 0.548
585.391 0.545
585.936 0.545
586.48 0.544
587.025 0.545
587.581 0.556
588.145 0.564
588.7 0.555
589.249 0.549
589.796 0.547
590.343 0.547
590.89 0.547
591.439 0.549
591.989 0.55
592.546 0.557
593.096 0.55
593.64 0.544
594.197 0.557
594.752 0.555
595.304 0.552
595.858 0.554
596.407 0.549
596.954 0.547
597.5 0.546
598.045 0.545
598.587 0.542
599.134 0.547
599.684 0.55
600.25 0.566
600.851 0.601
601.437 0.586
602.012 0.575
602.587 0.575
603.157 0.57
603.724 0.567
604.288 0.564
604.852 0.564
605.411 0.559
605.966 0.555
606.519 0.553
607.071 0.552
607.621 0.55
608.181 0.56
608.731 0.55
609.292 0.561
609.847 0.555
610.124 0.277
610.389 0.265
610.926 0.537
611.458 0.532
612.0 0.542
612.537 0.537
613.074 0.537
613.611 0.537
614.161 0.55
614.73 0.569
615.302 0.572
615.864 0.562
616.42 0.556
616.972 0.552
617.522 0.55
618.069 0.547
618.617 0.548
619.167 0.55
619.718 0.551
620.271 0.553
620.825 0.554
621.381 0.556
621.939 0.558
622.498 0.559
623.05 0.552
623.666 0.616
624.259 0.593
624.848 0.589
625.428 0.58
626.004 0.576
626.574 0.57
627.137 0.563
627.698 0.561
628.251 0.553
628.821 0.57
629.394 0.573
629.966 0.572
630.544 0.578
631.121 0.577
631.7 0.579
632.272 0.572
632.843 0.571
633.413 0.57
633.98 0.567
634.54 0.56
635.086 0.546
635.635 0.549
636.183 0.548
636.736 0.553
637.21 0.474
637.845 0.635
638.398 0.553
638.957 0.559
639.515 0.558
640.069 0.554
640.62 0.551
641.173 0.553