0.000 0.923
0.923 0.923
2.009 1.086
3.134 1.125
4.141 1.007
5.272 1.131
6.46 1.188
7.651 1.191
8.743 1.092
9.683 0.94
10.626 0.943
17.945 0.946
18.961 1.016
19.98 1.019
21.073 1.093
22.192 1.119
23.267 1.075
24.144 0.877
25.086 0.942
26.073 0.987
27.112 1.039
28.07 0.958
29.048 0.978
30.088 1.04
31.211 1.123
32.283 1.072
33.172 0.889
34.17 0.998
35.232 1.062
36.345 1.113
37.412 1.067
38.371 0.959
39.388 1.017
40.392 1.004
41.388 0.996
42.306 0.918
43.148 0.842
44.04 0.892
44.92 0.88
45.78 0.86
46.75 0.97
47.821 1.071
48.776 0.955
49.765 0.989
50.739 0.974
51.731 0.992
52.651 0.92
53.519 0.868
54.477 0.958
55.574 1.097
56.709 1.135
57.702 0.993
58.727 1.025
59.825 1.098
60.885 1.06
61.87 0.985
62.838 0.968
63.718 0.88
64.703 0.985
65.717 1.014
66.827 1.11
67.953 1.126
69.026 1.073
69.947 0.921
70.928 0.981
71.943 1.015
73.021 1.078
74.001 0.98
74.947 0.946
75.902 0.955
76.822 0.92
77.691 0.869
78.536 0.845
79.398 0.862
80.35 0.952
81.289 0.939
82.212 0.923
83.242 1.03
84.321 1.079
85.343 1.022
86.197 0.854
87.07 0.873
87.984 0.914
89.016 1.032
90.095 1.079
91.07 0.975
92.15 1.08
93.273 1.123
94.27 0.997
95.236 0.966
96.219 0.983
97.183 0.964
98.118 0.935
99.07 0.952
99.889 0.819
100.827 0.938
101.787 0.96
102.843 1.056
103.797 0.954
104.76 0.963
105.795 1.035
106.901 1.106
108.025 1.124
109.14 1.115
110.105 0.965
111.058 0.953
112.038 0.98
113.079 1.041
114.151 1.072
115.215 1.064
116.109 0.894
117.024 0.915
117.976 0.952
118.985 1.009
120.023 1.038
120.883 0.86
121.771 0.888
122.671 0.9
123.65 0.979
124.678 1.028
125.738 1.06
126.735 0.997
127.65 0.915
128.516 0.866
129.369 0.853
130.156 0.787
131.041 0.885
131.92 0.879
132.86 0.94
133.801 0.941
134.64 0.839
135.542 0.902
136.481 0.939
137.501 1.02
138.456 0.955
139.388 0.932
140.372 0.984
141.425 1.053
142.476 1.051
143.543 1.067
144.504 0.961
145.353 0.849
146.239 0.886
147.105 0.866
148.023 0.918
149.05 1.027
150.134 1.084
151.225 1.091
152.262 1.037
153.252 0.99
154.145 0.893
155.041 0.896
155.926 0.885
156.864 0.938
157.73 0.866
158.518 0.788
159.374 0.856
160.341 0.967
161.587 1.246
162.852 1.265
163.981 1.129
164.991 1.01
165.924 0.933
166.8 0.876
167.668 0.868
168.529 0.861
169.409 0.88
170.265 0.856
171.103 0.838
171.974 0.871
172.882 0.908
173.847 0.965
174.794 0.947
175.693 0.899
176.663 0.97
177.684 1.021
178.68 0.996
179.582 0.902
180.545 0.963
181.577 1.032
182.662 1.085
183.717 1.055
184.654 0.937
185.637 0.983
186.614 0.977
187.504 0.89
188.307 0.803
189.115 0.808
189.937 0.822
190.763 0.826
191.677 0.914
192.664 0.987
193.689 1.025
194.611 0.922
195.493 0.882
196.415 0.922
197.361 0.946
198.272 0.911
199.088 0.816
199.912 0.824
200.742 0.83
201.607 0.865
202.59 0.983
203.61 1.02
204.564 0.954
205.588 1.024
206.664 1.076
207.778 1.114
208.865 1.087
209.859 0.994
210.79 0.931
211.743 0.953
212.74 0.997
213.77 1.03
214.74 0.97
215.703 0.963
216.73 1.027
217.813 1.083
218.848 1.035
219.721 0.873
220.649 0.928
221.602 0.953
222.612 1.01
223.668 1.056
224.743 1.075
225.801 1.058
226.765 0.964
227.601 0.836
228.466 0.865
229.344 0.878
230.34 0.996
231.447 1.107
232.509 1.062
233.541 1.032
234.422 0.881
235.366 0.944
236.316 0.95
237.345 1.029
238.384 1.039
239.323 0.939
240.304 0.981
241.306 1.002
242.318 1.012
243.324 1.006
244.221 0.897
245.202 0.981
246.212 1.01
247.147 0.935
248.076 0.929
248.973 0.897
249.85 0.877
250.686 0.836
251.534 0.848
252.449 0.915
253.323 0.874
254.092 0.769
254.974 0.882
255.818 0.844
256.706 0.888
257.648 0.942
258.634 0.986
259.636 1.002
260.642 1.006
261.66 1.018
262.702 1.042
263.766 1.064
264.848 1.082
265.919 1.071
266.973 1.054
268.004 1.031
269.023 1.019
269.956 0.933
270.916 0.96
271.914 0.998
272.947 1.033
273.886 0.939
274.9 1.014
276.018 1.118
277.156 1.138
278.242 1.086
279.238 0.996
280.24 1.002
281.254 1.014
282.274 1.02
283.286 1.012
284.254 0.968
285.106 0.852
286.042 0.936
286.995 0.953
288.071 1.076
289.138 1.067
290.094 0.956
291.024 0.93
291.969 0.945
292.858 0.889
293.711 0.853
294.533 0.822
295.379 0.846
296.235 0.856
297.103 0.868
297.908 0.805
298.675 0.767
299.5 0.825
300.314 0.814
301.161 0.847
301.988 0.827
302.785 0.797
303.668 0.883
304.664 0.996
305.797 1.133
306.817 1.02
307.789 0.972
308.791 1.002
309.81 1.019
310.823 1.013
311.852 1.029
312.857 1.005
313.728 0.871
314.616 0.888
315.526 0.91
316.499 0.973
317.389 0.89
318.328 0.939
319.284 0.956
320.209 0.925
321.167 0.958
322.008 0.841
322.926 0.918
323.84 0.914
324.842 1.002
325.846 1.004
326.861 1.015
327.879 1.018
328.785 0.906
329.65 0.865
330.566 0.916
331.436 0.87
332.45 1.014
333.588 1.138
334.711 1.123
335.745 1.034
336.809 1.064
337.849 1.04
338.859 1.01
339.712 0.853
340.573 0.861
341.409 0.836
342.346 0.937
343.222 0.876
344.161 0.939
345.143 0.982
346.187 1.044
347.28 1.093
348.376 1.096
349.444 1.068
350.504 1.06
351.529 1.025
352.464 0.935
353.29 0.826
354.112 0.822
354.945 0.833
355.812 0.867
356.6 0.788
357.471 0.871
358.401 0.93
359.42 1.019
360.408 0.988
361.343 0.935
362.337 0.994
363.363 1.026
364.413 1.05
365.433 1.02
366.389 0.956
367.271 0.882
368.2 0.929
369.175 0.975
370.219 1.044
371.241 1.022
372.189 0.948
373.177 0.988
374.27 1.093
375.339 1.069
376.324 0.985
377.175 0.851
378.003 0.828
378.873 0.87
379.839 0.966
380.921 1.082
382.038 1.117
383.157 1.119
384.263 1.106
385.327 1.064
386.323 0.996
387.215 0.892
388.126 0.911
389.09 0.964
390.144 1.054
391.198 1.054
392.094 0.896
393.023 0.929
393.969 0.946
394.972 1.003
396.079 1.107
397.193 1.114
398.258 1.065
399.3 1.042
400.327 1.027
401.343 1.016
402.376 1.033
403.392 1.016
404.289 0.897
405.193 0.904
406.138 0.945
407.157 1.019
408.164 1.007
409.15 0.986
410.205 1.055
411.265 1.06
412.224 0.959
413.139 0.915
414.02 0.881
414.894 0.874
415.727 0.833
416.546 0.819
417.291 0.745
418.037 0.746
418.876 0.839
419.719 0.843
420.633 0.914
421.606 0.973
422.577 0.971
423.465 0.888
424.361 0.896
425.258 0.897
426.13 0.872
427.006 0.876
427.79 0.784
428.602 0.812
429.467 0.865
430.414 0.947
431.452 1.038
432.438 0.986
433.402 0.964
434.433 1.031
435.481 1.048
436.478 0.997
437.405 0.927
438.376 0.971
439.34 0.964
440.318 0.978
441.291 0.973
442.268 0.977
443.153 0.885
444.098 0.945
445.064 0.966
446.11 1.046
447.166 1.056
448.246 1.08
449.186 0.94
450.078 0.892
450.941 0.863
451.833 0.892
452.798 0.965
453.721 0.923
454.611 0.89
455.37 0.759
456.214 0.844
457.123 0.909
458.217 1.094
459.298 1.081
460.339 1.041
461.254 0.915
462.176 0.922
463.101 0.925
464.067 0.966
465.065 0.998
466.023 0.958
466.856 0.833
467.716 0.86
468.582 0.866
469.551 0.969
470.626 1.075
471.728 1.102
472.857 1.129
473.965 1.108
475.023 1.058
476.036 1.013
477.014 0.978
477.871 0.857
478.768 0.897
479.7 0.932
480.832 1.132
482.006 1.174
483.112 1.106
484.178 1.066
485.135 0.957
486.039 0.904
486.971 0.932
487.922 0.951
488.783 0.861
489.725 0.942
490.693 0.968
491.736 1.043
492.789 1.053
493.829 1.04
494.742 0.913
495.66 0.918
496.587 0.927
497.441 0.854
498.29 0.849
499.14 0.85
500.055 0.915
500.976 0.921
501.839 0.863
502.771 0.932
503.755 0.984
504.779 1.024
505.802 1.023
506.781 0.979
507.615 0.834
508.458 0.843
509.348 0.89
510.271 0.923
511.177 0.906
512.091 0.914
513.079 0.988
514.112 1.033
515.146 1.034
516.098 0.952
517.043 0.945
517.992 0.949
518.965 0.973
519.908 0.943
520.799 0.891
521.723 0.924
522.606 0.883
523.457 0.851
524.241 0.784
525.027 0.786
525.809 0.782
526.579 0.77
527.341 0.762
528.193 0.852
529.152 0.959
530.226 1.074
531.296 1.07
532.3 1.004
533.193 0.893
534.069 0.876
534.953 0.884
535.847 0.894
536.734 0.887
537.583 0.849
538.366 0.783
539.12 0.754
539.919 0.799
540.828 0.909
541.991 1.163
543.231 1.24
544.353 1.122
545.33 0.977
546.286 0.956
547.229 0.943
548.172 0.943
549.138 0.966
550.086 0.948
551.017 0.931
551.939 0.922
552.839 0.9
553.709 0.87
554.543 0.834
555.341 0.798
556.094 0.753
556.906 0.812
557.783 0.877
558.821 1.038
559.856 1.035
560.716 0.86
561.708 0.992
562.764 1.056
563.913 1.149
564.985 1.072
565.959 0.974
566.882 0.923
567.826 0.944
568.775 0.949
569.746 0.971
570.695 0.949
571.569 0.874
572.404 0.835
573.162 0.758
573.927 0.765
574.693 0.766
575.457 0.764
576.258 0.801
577.075 0.817
577.903 0.828
578.714 0.811
579.527 0.813
580.32 0.793
581.097 0.777
581.867 0.77
582.621 0.754
583.392 0.771
584.173 0.781
584.961 0.788
585.743 0.782
586.476 0.733
587.29 0.814
588.133 0.843
589.097 0.964
590.111 1.014
591.077 0.966
591.985 0.908
592.887 0.902
593.822 0.935
594.865 1.043
595.951 1.086
596.989 1.038
597.907 0.918
598.868 0.961
599.852 0.984
600.887 1.035
601.952 1.065
603.021 1.069
603.964 0.943
604.912 0.948
605.878 0.966
606.934 1.056
608.011 1.077
609.001 0.99
610.041 1.04
611.131 1.09
612.222 1.091
613.275 1.053
614.228 0.953
615.089 0.861
615.993 0.904
616.954 0.961
617.98 1.026
618.948 0.968
619.807 0.859
620.696 0.889
621.605 0.909
622.597 0.992
623.657 1.06
624.725 1.068
625.738 1.013
626.725 0.987
627.58 0.855
628.461 0.881
629.341 0.88
630.28 0.939
631.238 0.958
632.132 0.894
633.14 1.008
634.217 1.077
635.317 1.1
636.228 0.911
637.137 0.909
638.102 0.965
639.11 1.008
640.104 0.994
641.048 0.944
641.913 0.865
642.742 0.829
643.507 0.765
644.309 0.802
645.029 0.72
645.789 0.76
646.562 0.773
647.332 0.77
648.062 0.73
648.85 0.788
649.663 0.813