0.000 0.588
0.588 0.588
1.182 0.594
1.775 0.593
2.367 0.592
2.959 0.592
3.553 0.594
4.146 0.593
4.74 0.594
5.337 0.597
5.928 0.591
6.526 0.598
7.137 0.611
7.752 0.615
8.357 0.605
8.948 0.591
9.534 0.586
10.107 0.573
10.676 0.569
11.247 0.571
11.814 0.567
12.376 0.562
12.936 0.56
13.491 0.555
14.051 0.56
14.61 0.559
15.18 0.57
15.758 0.578
16.34 0.582
16.926 0.586
17.514 0.588
18.111 0.597
18.715 0.604
19.311 0.596
19.919 0.608
20.524 0.605
21.128 0.604
21.4 0.272
21.732 0.332
22.271 0.539
22.92 0.649
23.502 0.582
24.079 0.577
24.654 0.575
25.229 0.575
25.795 0.566
26.359 0.564
26.916 0.557
27.468 0.552
28.021 0.553
28.577 0.556
29.141 0.564
29.708 0.567
30.271 0.563
30.842 0.571
31.448 0.606
32.09 0.642
32.781 0.691
33.506 0.725
34.201 0.695
34.856 0.655
35.479 0.623
36.023 0.544
36.695 0.672
37.281 0.586
37.854 0.573
38.422 0.568
38.984 0.562
39.543 0.559
39.819 0.276
40.11 0.291
40.677 0.567
41.253 0.576
41.538 0.285
41.827 0.289
42.407 0.58
42.853 0.446
43.169 0.316
43.519 0.35
44.156 0.637
44.749 0.593
45.356 0.607
45.975 0.619
46.598 0.623
47.1 0.502
47.54 0.44
47.852 0.312
48.486 0.634
49.113 0.627
49.732 0.619
50.34 0.608
50.942 0.602
51.54 0.598
52.132 0.592
52.414 0.282
52.723 0.309
53.303 0.58
53.654 0.351
54.339 0.685
54.988 0.649
55.399 0.411
56.2 0.801
56.485 0.285
56.771 0.286
57.343 0.572
57.881 0.538
58.541 0.66
58.906 0.365
59.188 0.282
59.569 0.381
60.068 0.499
60.376 0.308
60.66 0.284
61.182 0.522
61.961 0.779
62.238 0.277
63.049 0.811
63.628 0.579
64.21 0.582
64.789 0.579
65.373 0.584
65.959 0.586
66.544 0.585
67.12 0.576
67.377 0.257
67.703 0.326
68.278 0.575
68.585 0.307
68.852 0.267
69.299 0.447
69.986 0.687
70.549 0.563
71.109 0.56
71.669 0.56
71.988 0.319
72.24 0.252
72.507 0.267
72.821 0.314
73.314 0.493
74.064 0.75
74.697 0.633
75.321 0.624
75.937 0.616
76.548 0.611
77.153 0.605
77.75 0.597
78.339 0.589
78.917 0.578
79.499 0.582
80.08 0.581
80.661 0.581
81.238 0.577
81.804 0.566
82.377 0.573
82.957 0.58
83.541 0.584
84.13 0.589
84.722 0.592
85.318 0.596
85.914 0.596
86.505 0.591
87.099 0.594
87.707 0.608
88.326 0.619
88.949 0.623
89.574 0.625
90.211 0.637
90.839 0.628
91.459 0.62
92.09 0.631
92.725 0.635
93.353 0.628
93.974 0.621
94.587 0.613
95.193 0.606
95.728 0.535
95.997 0.269
96.334 0.337
96.984 0.65
97.591 0.607
98.206 0.615
98.641 0.435
99.453 0.812
100.075 0.622
100.704 0.629
101.135 0.431
101.959 0.824
102.597 0.638
103.222 0.625
103.527 0.305
103.83 0.303
104.366 0.536
104.857 0.491
105.292 0.435
105.605 0.313
105.918 0.313
106.177 0.259
106.622 0.445
107.342 0.72
107.711 0.369
108.358 0.647
109.174 0.816
109.533 0.359
109.79 0.257
110.439 0.649
110.946 0.507
111.224 0.278
111.534 0.31
111.903 0.369
112.335 0.432
112.825 0.49
113.56 0.735
113.826 0.266
114.245 0.419
114.714 0.469
115.121 0.407
115.803 0.682
116.128 0.325
116.897 0.769
117.166 0.269
117.449 0.283
117.924 0.475
118.518 0.594
119.05 0.532
119.708 0.658
120.313 0.605
120.871 0.558
121.527 0.656
121.839 0.312
122.109 0.27
122.772 0.663
123.397 0.625
123.677 0.28
124.021 0.344
124.447 0.426
124.789 0.342
125.53 0.741
126.128 0.598
126.439 0.311
126.799 0.36
127.499 0.7
127.76 0.261
128.392 0.632
128.896 0.504
129.235 0.339
129.502 0.267
130.231 0.729
130.826 0.595
131.402 0.576
131.723 0.321
132.069 0.346
132.337 0.268
132.686 0.349
133.148 0.462
133.551 0.403
133.908 0.357
134.263 0.355
134.531 0.268
134.814 0.283
135.155 0.341
135.41 0.255
136.054 0.644
136.403 0.349
136.994 0.591
137.27 0.276
137.616 0.346
138.124 0.508
138.825 0.701
139.081 0.256
139.377 0.296
139.647 0.27
139.949 0.302
140.257 0.308
140.579 0.322
140.98 0.401
141.379 0.399
141.63 0.251
141.955 0.325
142.219 0.264
142.481 0.262
142.838 0.357
143.208 0.37
143.516 0.308
143.807 0.291
144.174 0.367
144.576 0.402
144.837 0.261
145.094 0.257
145.403 0.309
145.761 0.358
146.084 0.323
146.402 0.318
146.813 0.411
147.359 0.546
147.612 0.253
147.961 0.349
148.437 0.476
149.961 1.524
150.371 0.41
150.74 0.369
151.102 0.362
151.681 0.579
152.188 0.507
152.802 0.614
153.077 0.275
153.382 0.305
154.083 0.701
154.34 0.257
154.766 0.426
155.017 0.251
155.804 0.787
156.109 0.305
156.524 0.415
156.862 0.338
157.296 0.434
157.755 0.459
158.869 1.114
161.809 2.94
162.418 0.609
163.031 0.613
163.644 0.613
164.257 0.613
164.864 0.607
165.172 0.308
165.463 0.291
166.057 0.594
166.642 0.585
167.221 0.579
167.791 0.57
168.264 0.473
168.831 0.567
169.235 0.404
169.49 0.255
169.792 0.302
170.072 0.28
170.661 0.589
171.254 0.593
171.641 0.387
171.916 0.275
172.205 0.289
172.675 0.47
173.049 0.374
173.33 0.281
173.634 0.304
173.922 0.288
174.246 0.324
174.862 0.616
175.493 0.631
176.145 0.652
176.528 0.383
176.798 0.27
177.407 0.609
177.774 0.367
178.041 0.267
178.664 0.623
179.276 0.612
179.72 0.444
180.155 0.435
180.47 0.315
181.058 0.588
181.645 0.587
182.238 0.593
182.841 0.603
183.452 0.611
184.067 0.615
184.688 0.621
185.336 0.648
185.986 0.65
186.643 0.657
187.287 0.644
187.808 0.521
188.463 0.655
189.157 0.694
189.766 0.609
190.369 0.603
190.969 0.6
191.566 0.597
192.174 0.608
192.79 0.616
193.409 0.619
194.029 0.62
194.643 0.614
195.265 0.622
195.894 0.629
196.527 0.633
197.151 0.624
197.459 0.308
197.763 0.304
198.368 0.605
198.718 0.35
199.094 0.376
199.574 0.48
199.844 0.27
200.152 0.308
200.753 0.601
201.352 0.599
201.653 0.301
201.949 0.296
202.221 0.272
203.735 1.514
204.316 0.581
204.901 0.585
205.394 0.493
206.099 0.705
206.708 0.609
207.319 0.611
207.954 0.635
208.61 0.656
209.286 0.676
209.939 0.653
210.58 0.641
211.214 0.634
211.839 0.625
212.275 0.436
212.875 0.6
213.706 0.831
213.983 0.277
214.322 0.339
214.583 0.261
214.931 0.348
215.202 0.271
215.533 0.331
216.079 0.546
216.712 0.633
217.301 0.589
217.908 0.607
218.515 0.607
218.796 0.281
219.129 0.333
219.423 0.294
219.69 0.267
220.182 0.492
220.796 0.614
221.048 0.252
221.322 0.274
221.693 0.371
221.954 0.261
222.336 0.382
222.78 0.444
223.276 0.496
223.618 0.342
224.263 0.645
224.558 0.295
224.854 0.296
225.527 0.673
225.851 0.324
226.148 0.297
226.771 0.623
227.395 0.624
227.808 0.413
228.212 0.404
228.502 0.29
229.183 0.681
229.464 0.281
229.754 0.29
230.092 0.338
230.521 0.429
231.136 0.615
231.622 0.486
232.023 0.401
232.351 0.328
232.958 0.607
233.583 0.625
234.153 0.57
234.846 0.693
235.267 0.421
235.705 0.438
235.983 0.278
236.434 0.451
236.78 0.346
237.08 0.3
237.337 0.257
237.713 0.376
237.975 0.262
238.6 0.625
239.22 0.62
239.842 0.622
240.363 0.521
240.628 0.265
240.931 0.303
241.427 0.496
241.702 0.275
242.085 0.383
242.877 0.792
243.472 0.595
244.892 1.42
245.437 0.545
245.796 0.359
246.058 0.262
246.334 0.276
246.65 0.316
247.03 0.38
250.571 3.541
250.93 0.359
254.201 3.271
254.817 0.616
255.427 0.61
256.029 0.602
256.632 0.603
257.239 0.607
257.842 0.603
258.441 0.599
259.045 0.604
259.653 0.608
260.268 0.615
260.887 0.619
261.508 0.621
262.131 0.623
262.751 0.62
263.378 0.627
264.0 0.622
264.628 0.628
265.258 0.63
265.884 0.626
266.171 0.287
266.514 0.343
267.141 0.627
267.783 0.642
268.427 0.644
269.072 0.645
269.694 0.622
270.296 0.602
270.888 0.592
271.46 0.572
272.019 0.559
272.566 0.547
273.11 0.544
273.643 0.533
274.175 0.532
274.71 0.535
275.24 0.53
275.774 0.534
276.318 0.544
276.874 0.556
277.443 0.569
278.017 0.574
278.602 0.585
279.199 0.597
279.803 0.604
280.397 0.594
280.988 0.591
281.573 0.585
282.151 0.578
282.73 0.579
283.308 0.578
283.887 0.579
284.471 0.584
285.065 0.594
285.674 0.609
286.299 0.625
286.925 0.626
287.551 0.626
288.184 0.633
288.867 0.683
289.597 0.73
290.327 0.73
291.031 0.704
291.7 0.669
292.347 0.647
292.97 0.623
293.595 0.625
294.215 0.62
294.834 0.619
295.118 0.284
295.46 0.342
296.094 0.634
296.723 0.629
297.355 0.632
298.009 0.654
298.662 0.653
299.307 0.645
299.95 0.643
300.582 0.632
301.207 0.625
301.82 0.613
302.428 0.608
303.027 0.599
303.625 0.598
304.218 0.593
304.815 0.597
305.405 0.59
306.009 0.604
306.634 0.625
307.257 0.623
307.878 0.621
308.501 0.623
309.126 0.625
309.786 0.66
310.444 0.658
311.094 0.65
311.734 0.64
312.36 0.626
312.967 0.607
313.593 0.626
314.216 0.623
314.835 0.619
315.448 0.613
316.051 0.603
316.655 0.604
317.258 0.603
317.86 0.602
318.468 0.608
319.08 0.612
319.711 0.631
320.375 0.664
321.055 0.68
321.736 0.681
322.394 0.658
323.025 0.631
323.688 0.663
324.338 0.65
324.689 0.351
324.986 0.297
325.621 0.635
326.242 0.621
326.855 0.613
327.462 0.607
328.092 0.63
328.725 0.633
329.358 0.633
329.976 0.618
330.603 0.627
331.236 0.633
331.863 0.627
332.483 0.62
333.096 0.613
333.701 0.605
334.305 0.604
334.914 0.609
335.523 0.609
336.137 0.614
336.759 0.622
337.383 0.624
338.024 0.641
338.665 0.641
339.303 0.638
339.941 0.638
340.582 0.641
341.213 0.631
341.829 0.616
342.447 0.618
343.065 0.618
343.684 0.619
344.299 0.615
344.912 0.613
345.529 0.617
346.156 0.627
346.791 0.635
347.425 0.634
348.062 0.637
348.704 0.642
349.347 0.643
349.986 0.639
350.614 0.628
351.235 0.621
351.862 0.627
352.479 0.617
353.093 0.614
353.701 0.608
354.305 0.604
354.906 0.601
355.51 0.604
356.112 0.602
356.715 0.603
357.311 0.596
357.916 0.605
358.522 0.606
359.131 0.609
359.735 0.604
360.331 0.596
360.932 0.601
361.536 0.604
362.141 0.605
362.746 0.605
363.351 0.605
363.96 0.609
364.583 0.623
365.214 0.631
365.852 0.638
366.487 0.635
367.106 0.619
367.729 0.623
368.352 0.623
368.972 0.62
369.59 0.618
370.2 0.61
370.806 0.606
371.423 0.617
372.042 0.619
372.665 0.623
373.287 0.622
373.903 0.616
374.523 0.62
375.16 0.637
375.817 0.657
376.486 0.669
377.157 0.671
377.868 0.711
378.566 0.698
379.259 0.693
379.932 0.673
380.586 0.654
381.224 0.638
381.866 0.642
382.504 0.638
383.144 0.64
383.778 0.634
384.405 0.627
385.032 0.627
385.666 0.634
386.306 0.64
386.944 0.638
387.579 0.635
388.214 0.635
388.857 0.643
389.504 0.647
390.15 0.646
390.787 0.637
391.418 0.631
392.055 0.637
392.695 0.64
393.34 0.645
393.985 0.645
394.619 0.634
395.254 0.635
395.887 0.633
396.512 0.625
397.129 0.617
397.753 0.624
398.38 0.627
399.004 0.624
399.62 0.616
400.23 0.61
400.849 0.619
401.469 0.62
402.09 0.621
402.708 0.618
403.321 0.613
403.934 0.613
404.545 0.611
405.154 0.609
405.762 0.608
406.364 0.602
406.957 0.593
407.554 0.597
408.166 0.612
408.802 0.636
409.446 0.644
410.098 0.652
410.762 0.664
411.405 0.643
412.037 0.632
412.679 0.642
413.328 0.649
413.979 0.651
414.629 0.65
415.278 0.649
415.924 0.646
416.574 0.65
417.217 0.643
417.859 0.642
418.504 0.645
419.147 0.643
419.792 0.645
420.435 0.643
421.083 0.648
421.755 0.672
422.419 0.664
423.061 0.642
423.686 0.625
424.309 0.623
424.932 0.623
425.571 0.639
426.202 0.631
426.83 0.628
427.452 0.622
428.078 0.626
428.714 0.636
429.344 0.63
429.974 0.63
430.592 0.618
431.209 0.617
431.825 0.616
432.463 0.638
433.121 0.658
433.802 0.681
434.492 0.69
435.178 0.686
435.836 0.658
436.476 0.64
437.106 0.63
437.723 0.617
438.339 0.616
438.959 0.62
439.583 0.624
440.203 0.62
440.837 0.634
441.501 0.664
442.187 0.686
442.883 0.696
443.575 0.692
444.25 0.675
444.931 0.681
445.6 0.669
446.251 0.651
446.898 0.647
447.552 0.654
448.199 0.647
448.845 0.646
449.481 0.636
450.112 0.631
450.751 0.639
451.407 0.656
452.071 0.664
452.744 0.673
453.408 0.664
454.068 0.66
454.727 0.659
455.383 0.656
456.022 0.639
456.649 0.627
457.257 0.608
457.887 0.63
458.516 0.629
459.146 0.63
459.774 0.628
460.404 0.63
461.033 0.629
461.659 0.626
462.286 0.627
462.908 0.622
463.526 0.618
464.143 0.617
464.751 0.608
465.351 0.6
465.947 0.596
466.56 0.613
467.185 0.625
467.815 0.63
468.448 0.633
469.073 0.625
469.692 0.619
470.308 0.616
470.913 0.605
471.515 0.602
472.121 0.606
472.734 0.613
473.372 0.638
474.026 0.654
474.69 0.664
475.352 0.662
476.05 0.698
476.733 0.683
477.41 0.677
478.059 0.649
478.705 0.646
479.35 0.645
479.988 0.638
480.618 0.63
481.239 0.621
481.855 0.616
482.478 0.623
483.095 0.617
483.71 0.615
484.322 0.612
484.928 0.606
485.542 0.614
486.156 0.614
486.772 0.616
487.387 0.615
488.0 0.613
488.621 0.621
489.242 0.621
489.863 0.621
490.48 0.617
491.106 0.626
491.725 0.619
492.339 0.614
492.943 0.604
493.551 0.608
494.158 0.607
494.769 0.611
495.402 0.633
496.037 0.635
496.669 0.632
497.293 0.624
497.897 0.604
498.535 0.638
499.172 0.637
499.816 0.644
500.463 0.647
501.125 0.662
501.787 0.662
502.436 0.649
503.068 0.632
503.707 0.639
504.353 0.646
505.007 0.654
505.66 0.653
506.294 0.634
506.92 0.626
507.551 0.631
508.179 0.628
508.806 0.627
509.422 0.616
510.047 0.625
510.687 0.64
511.348 0.661
512.001 0.653
512.644 0.643
513.296 0.652
513.945 0.649
514.6 0.655
515.248 0.648
515.882 0.634
516.508 0.626
517.121 0.613
517.729 0.608
518.337 0.608
518.942 0.605
520.187 1.245
520.834 0.647
521.488 0.654
522.146 0.658
522.81 0.664
523.476 0.666
524.137 0.661
524.795 0.658
525.454 0.659
526.12 0.666
526.778 0.658
527.429 0.651
528.081 0.652
528.715 0.634
529.336 0.621
529.991 0.655
530.658 0.667
531.348 0.69
532.013 0.665
532.666 0.653
533.334 0.668
534.003 0.669
534.666 0.663
535.315 0.649
535.953 0.638
536.529 0.576
537.202 0.673
537.815 0.613
538.424 0.609
539.035 0.611
539.649 0.614
540.022 0.373
540.853 0.831
541.365 0.512
541.666 0.301
542.055 0.389
542.657 0.602
543.256 0.599
543.845 0.589
544.425 0.58
545.014 0.589
545.605 0.591
546.201 0.596
546.799 0.598
547.39 0.591
547.98 0.59
548.576 0.596
549.212 0.636
549.855 0.643
550.519 0.664
551.178 0.659
551.823 0.645
552.466 0.643
553.114 0.648
553.761 0.647
554.404 0.643
555.039 0.635
555.666 0.627
556.297 0.631
556.925 0.628
557.559 0.634
558.186 0.627
558.807 0.621
559.443 0.636
560.087 0.644
560.753 0.666
561.43 0.677
562.1 0.67
562.766 0.666
563.433 0.667
564.101 0.668
564.747 0.646
565.384 0.637
566.027 0.643
566.679 0.652
567.313 0.634
567.934 0.621
568.548 0.614
569.161 0.613
569.78 0.619
570.409 0.629
571.042 0.633
571.676 0.634
572.323 0.647
573.011 0.688
573.714 0.703
574.408 0.694
575.07 0.662
575.723 0.653
576.373 0.65
577.008 0.635
577.628 0.62
578.234 0.606
578.848 0.614
579.46 0.612
580.076 0.616
580.693 0.617
581.316 0.623
581.936 0.62
582.555 0.619
583.186 0.631
583.809 0.623
584.42 0.611
585.038 0.618
585.659 0.621
586.285 0.626
586.909 0.624
587.545 0.636
588.18 0.635
588.814 0.634
589.443 0.629
590.062 0.619
590.687 0.625
591.316 0.629
591.952 0.636
592.585 0.633
593.219 0.634
593.84 0.621
594.469 0.629
595.106 0.637
595.741 0.635
596.374 0.633
597.015 0.641
597.664 0.649
598.317 0.653
598.958 0.641
599.595 0.637
600.233 0.638
600.865 0.632
601.494 0.629
602.121 0.627
602.741 0.62
603.375 0.634
604.021 0.646
604.679 0.658
605.339 0.66
605.991 0.652
606.659 0.668
607.321 0.662
607.984 0.663
608.643 0.659
609.289 0.646
609.922 0.633
610.547 0.625
611.177 0.63
611.802 0.625
612.426 0.624
613.049 0.623
613.67 0.621
614.302 0.632
614.94 0.638
615.581 0.641
616.217 0.636
616.848 0.631
617.465 0.617
618.069 0.604
618.662 0.593
619.253 0.591
619.849 0.596
620.449 0.6
621.046 0.597
621.639 0.593
622.233 0.594
622.831 0.598