0.000 1.096
1.096 1.096
2.122 1.026
3.028 0.906
3.946 0.918
4.912 0.966
5.942 1.03
6.941 0.999
7.82 0.879
8.719 0.899
9.796 1.077
10.901 1.105
16.999 6.098
17.894 0.895
18.8 0.906
19.791 0.991
20.831 1.04
21.865 1.034
22.692 0.827
23.588 0.896
24.749 1.161
25.876 1.127
26.832 0.956
27.869 1.037
28.935 1.066
29.978 1.043
30.894 0.916
31.762 0.868
32.535 0.773
33.309 0.774
34.073 0.764
34.857 0.784
35.996 1.139
36.987 0.991
37.858 0.871
38.615 0.757
39.327 0.712
40.013 0.686
40.688 0.675
41.371 0.683
42.057 0.686
42.754 0.697
43.48 0.726
44.319 0.839
45.183 0.864
45.934 0.751
46.699 0.765
47.423 0.724
48.125 0.702
48.822 0.697
49.558 0.736
50.419 0.861
51.478 1.059
52.537 1.059
53.566 1.029
54.594 1.028
55.596 1.002
56.502 0.906
57.236 0.734
57.944 0.708
58.638 0.694
59.325 0.687
60.018 0.693
60.746 0.728
61.465 0.719
62.2 0.735
63.251 1.051
64.238 0.987
65.317 1.079
66.396 1.079
67.446 1.05
68.39 0.944
69.174 0.784
69.897 0.723
70.6 0.703
71.318 0.718
72.013 0.695
72.612 0.599
73.456 0.844
74.17 0.714
74.895 0.725
75.644 0.749
76.503 0.859
77.301 0.798
78.066 0.765
78.844 0.778
79.668 0.824
80.482 0.814
81.276 0.794
82.061 0.785
82.872 0.811
83.692 0.82
84.531 0.839
85.325 0.794
86.175 0.85
87.025 0.85
87.836 0.811
88.609 0.773
89.418 0.809
90.347 0.929
91.138 0.791
91.621 0.483
91.99 0.369
92.898 0.908
93.888 0.99
94.777 0.889
95.537 0.76
96.413 0.876
97.212 0.799
97.972 0.76
98.757 0.785
99.756 0.999
100.382 0.626
100.843 0.461
101.931 1.088
102.793 0.862
103.574 0.781
104.383 0.809
105.136 0.753
105.999 0.863
106.577 0.578
106.904 0.327
107.796 0.892
108.567 0.771
109.41 0.843
110.289 0.879
111.182 0.893
112.008 0.826
112.768 0.76
113.537 0.769
114.254 0.717
114.966 0.712
115.66 0.694
116.393 0.733
117.207 0.814
118.109 0.902
118.909 0.8
119.835 0.926
120.792 0.957
121.708 0.916
122.498 0.79
123.418 0.92
124.346 0.928
125.21 0.864
126.001 0.791
126.886 0.885
127.67 0.784
128.673 1.003
129.799 1.126
130.836 1.037
131.752 0.916
132.619 0.867
133.486 0.867
134.313 0.827
135.187 0.874
136.119 0.932
137.083 0.964
137.974 0.891
138.796 0.822
139.774 0.978
140.841 1.067
141.752 0.911
142.785 1.033
143.833 1.048
144.683 0.85
145.535 0.852
146.305 0.77
147.053 0.748
147.817 0.764
148.544 0.727
149.259 0.715
149.956 0.697
150.673 0.717
151.382 0.709
152.076 0.694
152.78 0.704
153.489 0.709
154.24 0.751
155.011 0.771
155.759 0.748
156.541 0.782
157.285 0.744
158.005 0.72
158.706 0.701
159.405 0.699
160.077 0.672
160.758 0.681
161.422 0.664
162.1 0.678
162.779 0.679
163.45 0.671
164.128 0.678
164.801 0.673
165.5 0.699
166.235 0.735
167.02 0.785
167.776 0.756
168.474 0.698
169.173 0.699
169.856 0.683
170.529 0.673
171.202 0.673
171.876 0.674
172.55 0.674
173.255 0.705
174.034 0.779
174.816 0.782
175.625 0.809
176.356 0.731
177.229 0.873
178.105 0.876
178.94 0.835
179.688 0.748
180.448 0.76
181.2 0.752
182.032 0.832
182.89 0.858
183.82 0.93
184.697 0.877
185.574 0.877
186.57 0.996
187.591 1.021
188.537 0.946
189.431 0.894
190.416 0.985
191.482 1.066
192.56 1.078
193.57 1.01
194.495 0.925
195.468 0.973
196.392 0.924
197.21 0.818
197.993 0.783
199.016 1.023
200.18 1.164
201.33 1.15
202.4 1.07
203.409 1.009
204.363 0.954
205.222 0.859
206.035 0.813
206.803 0.768
207.564 0.761
208.316 0.752
209.05 0.734
209.801 0.751
210.651 0.85
211.532 0.881
212.502 0.97
213.503 1.001
214.375 0.872
215.29 0.915
216.211 0.921
217.078 0.867
217.886 0.808
218.743 0.857
219.679 0.936
220.518 0.839
221.342 0.824
222.137 0.795
222.877 0.74
223.646 0.769
224.415 0.769
225.265 0.85
226.185 0.92
227.044 0.859
227.988 0.944
228.945 0.957
229.782 0.837
230.781 0.999
231.759 0.978
232.626 0.867
233.411 0.785
234.167 0.756
234.907 0.74
235.646 0.739
236.404 0.758
237.199 0.795
238.003 0.804
239.035 1.032
240.01 0.975
240.854 0.844
241.606 0.752
242.324 0.718
243.013 0.689
243.675 0.662
244.322 0.647
244.968 0.646
245.613 0.645
246.287 0.674
246.956 0.669
247.679 0.723
248.396 0.717
249.162 0.766
250.031 0.869
250.976 0.945
251.772 0.796
252.678 0.906
253.522 0.844
254.258 0.736
255.068 0.81
255.949 0.881
256.717 0.768
257.496 0.779
258.224 0.728
258.922 0.698
259.611 0.689
260.285 0.674
260.955 0.67
261.615 0.66
262.297 0.682
262.957 0.66
263.724 0.767
264.491 0.767
265.26 0.769
266.01 0.75
266.777 0.767
267.652 0.875
268.391 0.739
269.124 0.733
269.841 0.717
270.53 0.689
271.207 0.677
271.866 0.659
272.529 0.663
273.241 0.712
274.442 1.201
275.363 0.921
276.42 1.057
277.297 0.877
278.094 0.797
278.848 0.754
279.596 0.748
280.368 0.772
281.148 0.78
281.929 0.781
282.702 0.773
283.622 0.92
284.598 0.976
285.608 1.01
286.564 0.956
287.391 0.827
288.15 0.759
288.948 0.798
289.776 0.828
290.7 0.924
291.492 0.792
292.515 1.023
293.451 0.936
294.308 0.857
295.144 0.836
296.199 1.055
297.311 1.112
298.347 1.036
299.217 0.87
300.105 0.888
301.018 0.913
302.095 1.077
302.992 0.897
303.852 0.86
304.78 0.928
305.718 0.938
306.672 0.954
307.499 0.827
308.438 0.939
309.496 1.058
310.435 0.939
311.236 0.801
312.07 0.834
312.93 0.86
313.883 0.953
314.764 0.881
315.33 0.566
315.761 0.431
316.123 0.362
316.451 0.328
316.876 0.425
317.146 0.27
318.498 1.352
318.906 0.408
319.205 0.299
319.57 0.365
320.039 0.469
320.411 0.372
321.551 1.14
321.938 0.387
322.259 0.321
322.58 0.321
322.86 0.28
323.112 0.252
323.392 0.28
323.706 0.314
324.056 0.35
324.789 0.733
328.239 3.45
329.076 0.837
329.984 0.908
330.937 0.953
331.888 0.951
332.736 0.848
333.58 0.844
334.325 0.745
335.048 0.723
335.752 0.704
336.43 0.678
337.096 0.666
337.771 0.675
338.463 0.692
339.365 0.902
340.739 1.374
341.88 1.141
342.991 1.111
344.115 1.124
345.205 1.09
346.213 1.008
347.025 0.812
347.86 0.835
348.867 1.007
349.888 1.021
350.732 0.844
351.625 0.893
352.579 0.954
353.91 1.331
355.158 1.248
356.222 1.064
357.069 0.847
357.77 0.701
358.032 0.262
358.864 0.832
359.77 0.906
360.617 0.847
361.394 0.777
362.142 0.748
362.908 0.766
363.744 0.836
364.675 0.931
365.611 0.936
366.492 0.881
367.485 0.993
368.412 0.927
369.317 0.905
370.152 0.835
371.064 0.912
372.027 0.963
373.003 0.976
373.971 0.968
374.799 0.828
375.745 0.946
376.744 0.999
377.659 0.915
378.667 1.008
379.81 1.143
380.843 1.033
381.71 0.867
382.579 0.869
383.69 1.111
384.702 1.012
385.581 0.879
386.429 0.848
387.47 1.041
388.666 1.196
389.765 1.099
390.647 0.882
391.573 0.926
392.564 0.991
393.659 1.095
394.682 1.023
395.559 0.877
396.408 0.849
397.181 0.773
397.935 0.754
398.662 0.727
399.378 0.716
400.092 0.714
400.825 0.733
401.684 0.859
402.855 1.171
404.082 1.227
405.226 1.144
406.144 0.918
406.946 0.802
407.704 0.758
408.439 0.735
409.171 0.732
410.046 0.875
411.069 1.023
412.125 1.056
413.307 1.182
414.466 1.159
415.584 1.118
416.453 0.869
417.297 0.844
418.161 0.864
419.092 0.931
419.961 0.869
420.821 0.86
421.907 1.086
422.916 1.009
423.795 0.879
424.946 1.151
426.115 1.169
427.229 1.114
428.267 1.038
429.084 0.817
429.915 0.831
430.819 0.904
431.87 1.051
432.694 0.824
433.529 0.835
434.318 0.789
435.236 0.918
436.336 1.1
437.447 1.111
438.383 0.936
439.205 0.822
440.038 0.833
440.822 0.784
441.751 0.929
442.723 0.972
443.779 1.056
444.638 0.859
445.662 1.024
446.687 1.025
447.669 0.982
448.521 0.852
449.488 0.967
450.566 1.078
451.68 1.114
452.696 1.016
453.629 0.933
454.694 1.065
455.819 1.125
456.91 1.091
457.859 0.949
458.871 1.012
459.924 1.053
460.998 1.074
461.873 0.875
462.629 0.756
463.499 0.87
464.537 1.038
465.534 0.997
466.515 0.981
467.498 0.983
468.44 0.942
469.298 0.858
470.15 0.852
471.002 0.852
471.856 0.854
472.732 0.876
473.725 0.993
474.763 1.038
475.752 0.989
476.642 0.89
477.581 0.939
478.618 1.037
479.502 0.884
480.364 0.862
481.337 0.973
482.366 1.029
483.235 0.869
484.173 0.938
485.157 0.984
486.158 1.001
487.066 0.908
488.194 1.128
489.287 1.093
490.319 1.032
491.324 1.005
492.304 0.98
493.254 0.95
493.901 0.647
494.217 0.316
496.57 2.353
497.83 1.26
498.172 0.342
498.537 0.365
498.93 0.393
499.713 0.783
500.517 0.804
501.309 0.792
502.101 0.792
502.685 0.584
502.981 0.296
503.293 0.312
503.596 0.303
504.367 0.771
505.143 0.776
505.907 0.764
506.179 0.272
506.651 0.472
507.439 0.788
507.843 0.404
508.167 0.324
509.023 0.856
509.3 0.277
509.564 0.264
510.688 1.124
511.576 0.888
511.881 0.305
512.166 0.285
512.43 0.264
513.273 0.843
514.846 1.573
516.817 1.971
517.589 0.772
517.878 0.289
518.204 0.326
523.876 5.672
524.663 0.787
525.549 0.886
526.313 0.764
527.141 0.828
528.097 0.956
529.004 0.907
529.257 0.253
529.774 0.517
530.579 0.805
530.963 0.384
531.393 0.43
532.396 1.003
533.291 0.895
534.101 0.81
534.984 0.883
535.893 0.909
536.855 0.962
537.799 0.944
538.08 0.281
538.605 0.525
539.65 1.045
540.614 0.964
541.542 0.928
541.918 0.376
542.333 0.415
545.978 3.645
547.026 1.048
548.004 0.978
548.848 0.844
549.502 0.654
549.818 0.316
550.785 0.967
551.56 0.775
552.354 0.794
553.142 0.788
553.892 0.75
554.616 0.724
555.054 0.438
555.337 0.283
556.004 0.667
556.822 0.818
557.605 0.783
558.367 0.762
559.214 0.847
559.973 0.759
560.358 0.385
560.738 0.38
562.326 1.588
563.205 0.879
564.004 0.799
564.838 0.834
565.625 0.787
566.38 0.755
567.107 0.727
567.53 0.423
567.835 0.305
568.571 0.736
569.321 0.75
570.09 0.769
570.409 0.319
570.713 0.304
571.732 1.019
572.405 0.673
572.716 0.311
573.457 0.741
573.767 0.31
574.055 0.288
574.434 0.379
575.121 0.687
575.902 0.781
576.758 0.856
577.552 0.794
577.937 0.385
578.229 0.292
579.206 0.977
579.502 0.296
580.075 0.573
583.385 3.31
584.145 0.76
584.885 0.74
585.632 0.747
586.291 0.659
586.563 0.272
586.854 0.291
587.116 0.262
594.991 7.875
595.815 0.824
596.622 0.807
597.702 1.08
598.816 1.114
599.907 1.091
600.932 1.025
601.775 0.843
602.646 0.871
603.633 0.987
604.54 0.907
605.377 0.837
606.528 1.151
607.657 1.129
608.731 1.074
609.812 1.081
610.95 1.138
612.054 1.104
613.008 0.954
613.947 0.939
614.917 0.97
615.895 0.978
616.794 0.899
617.814 1.02
618.811 0.997
619.777 0.966
620.641 0.864
621.731 1.09
622.82 1.089
623.755 0.935
624.589 0.834
625.5 0.911
626.445 0.945
627.506 1.061
628.408 0.902
629.331 0.923
630.38 1.049
631.38 1.0
632.245 0.865
633.191 0.946
633.998 0.807
635.011 1.013
636.083 1.072
637.182 1.099
638.089 0.907
639.077 0.988
640.1 1.023
640.976 0.876
641.943 0.967
643.039 1.096
643.998 0.959
644.881 0.883
645.864 0.983
646.898 1.034
647.812 0.914
648.814 1.002
649.797 0.983
650.755 0.958
651.672 0.917
652.471 0.799
653.264 0.793
654.045 0.781
654.951 0.906
655.911 0.96
656.961 1.05
657.958 0.997
658.826 0.868
659.835 1.009
660.769 0.934
661.665 0.896
662.478 0.813
663.317 0.839
664.127 0.81
664.885 0.758
665.628 0.743
666.078 0.45
666.34 0.262
668.121 1.781
668.436 0.315
671.289 2.853
671.709 0.42
672.072 0.363
672.925 0.853
673.665 0.74
673.982 0.317
674.274 0.292
674.536 0.262
681.055 0.955
682.004 0.949
682.885 0.881
683.8 0.915
684.728 0.928
685.597 0.869
686.365 0.768
687.17 0.805
687.458 0.288
687.77 0.312
688.042 0.272
688.885 0.843
689.673 0.788
690.02 0.347
690.425 0.405
690.676 0.251
691.299 0.623
692.156 0.857
692.969 0.813
693.918 0.949