0.000 0.806
0.806 0.806
1.6 0.794
2.395 0.795
3.233 0.838
4.109 0.876
4.947 0.838
5.766 0.819
6.598 0.832
7.424 0.826
8.181 0.757
8.95 0.769
9.706 0.756
10.431 0.725
11.139 0.708
11.873 0.734
12.587 0.714
13.332 0.745
14.041 0.709
14.744 0.703
15.444 0.7
16.144 0.7
16.83 0.686
17.505 0.675
18.163 0.658
18.809 0.646
19.442 0.633
20.061 0.619
20.669 0.608
21.273 0.604
21.879 0.606
22.498 0.619
23.133 0.635
23.78 0.647
24.439 0.659
25.121 0.682
25.828 0.707
26.578 0.75
27.358 0.78
28.103 0.745
28.882 0.779
29.677 0.795
30.498 0.821
31.326 0.828
32.186 0.86
32.97 0.784
33.764 0.794
34.572 0.808
35.334 0.762
36.125 0.791
36.939 0.814
37.744 0.805
38.563 0.819
39.475 0.912
40.398 0.923
41.238 0.84
42.072 0.834
42.908 0.836
43.825 0.917
44.652 0.827
45.487 0.835
46.366 0.879
47.185 0.819
48.011 0.826
48.844 0.833
49.676 0.832
50.477 0.801
51.282 0.805
52.095 0.813
52.902 0.807
53.663 0.761
54.441 0.778
55.186 0.745
55.939 0.753
56.684 0.745
57.452 0.768
58.28 0.828
59.067 0.787
59.854 0.787
60.636 0.782
61.376 0.74
62.127 0.751
62.872 0.745
63.601 0.729
64.327 0.726
65.029 0.702
65.719 0.69
66.4 0.681
67.117 0.717
67.957 0.84
68.885 0.928
69.747 0.862
70.587 0.84
71.384 0.797
72.142 0.758
72.89 0.748
73.63 0.74
74.339 0.709
75.04 0.701
75.763 0.723
76.495 0.732
77.214 0.719
77.957 0.743
78.713 0.756
79.469 0.756
80.236 0.767
81.013 0.777
81.817 0.804
82.641 0.824
83.461 0.82
84.352 0.891
85.232 0.88
86.063 0.831
86.849 0.786
87.624 0.775
88.366 0.742
89.094 0.728
89.829 0.735
90.556 0.727
91.277 0.721
92.013 0.736
92.747 0.734
93.467 0.72
94.172 0.705
94.875 0.703
95.571 0.696
96.263 0.692
96.943 0.68
97.627 0.684
98.3 0.673
99.0 0.7
99.728 0.728
100.461 0.733
101.246 0.785
102.041 0.795
102.848 0.807
103.663 0.815
104.475 0.812
105.293 0.818
106.088 0.795
106.858 0.77
107.642 0.784
108.5 0.858
109.416 0.916
110.301 0.885
111.089 0.788
111.833 0.744
112.567 0.734
113.323 0.756
114.084 0.761
114.858 0.774
115.651 0.793
116.427 0.776
117.169 0.742
117.913 0.744
118.715 0.802
119.534 0.819
120.278 0.744
121.011 0.733
121.755 0.744
122.515 0.76
123.246 0.731
123.997 0.751
124.801 0.804
125.57 0.769
126.336 0.766
127.092 0.756
127.906 0.814
128.687 0.781
129.442 0.755
130.199 0.757
130.996 0.797
131.82 0.824
132.618 0.798
133.353 0.735
134.092 0.739
134.821 0.729
135.578 0.757
136.327 0.749
137.057 0.73
137.772 0.715
138.46 0.688
139.145 0.685
139.833 0.688
140.515 0.682
141.184 0.669
141.843 0.659
142.525 0.682
143.226 0.701
143.926 0.7
144.646 0.72
145.42 0.774
146.264 0.844
147.144 0.88
147.968 0.824
148.791 0.823
149.612 0.821
150.517 0.905
151.413 0.896
152.248 0.835
153.072 0.824
153.868 0.796
154.694 0.826
155.542 0.848
156.372 0.83
157.195 0.823
158.519 1.324
159.391 0.872
160.226 0.835
161.019 0.793
161.74 0.721
162.429 0.689
163.13 0.701
163.826 0.696
164.506 0.68
165.187 0.681
165.873 0.686
166.558 0.685
167.246 0.688
167.943 0.697
168.637 0.694
169.371 0.734
170.204 0.833
171.029 0.825
171.842 0.813
172.642 0.8
173.429 0.787
174.212 0.783
174.996 0.784
175.761 0.765
176.519 0.758
177.286 0.767
178.06 0.774
178.841 0.781
179.626 0.785
180.388 0.762
181.191 0.803
181.982 0.791
182.786 0.804
183.619 0.833
184.446 0.827
185.247 0.801
185.997 0.75
186.731 0.734
187.458 0.727
188.186 0.728
188.92 0.734
189.663 0.743
190.419 0.756
191.202 0.783
191.982 0.78
192.797 0.815
193.682 0.885
194.537 0.855
195.393 0.856
196.222 0.829
197.033 0.811
197.802 0.769
198.575 0.773
199.342 0.767
200.132 0.79
200.863 0.731
201.572 0.709
202.296 0.724
203.124 0.828
204.426 1.302
205.445 1.019
206.345 0.9
207.204 0.859
208.045 0.841
208.878 0.833
209.685 0.807
210.47 0.785
211.264 0.794
212.037 0.773
212.81 0.773
213.585 0.775
214.39 0.805
215.218 0.828
216.095 0.877
216.91 0.815
217.72 0.81
218.561 0.841
219.365 0.804
220.158 0.793
220.942 0.784
221.736 0.794
222.482 0.746
223.227 0.745
223.964 0.737
224.732 0.768
225.507 0.775
226.322 0.815
227.183 0.861
228.063 0.88
228.902 0.839
229.75 0.848
230.542 0.792
231.35 0.808
232.098 0.748
232.838 0.74
233.55 0.712
234.263 0.713
234.972 0.709
235.685 0.713
236.413 0.728
237.163 0.75
237.953 0.79
238.795 0.842
239.628 0.833
240.456 0.828
241.256 0.8
242.056 0.8
242.856 0.8
243.615 0.759
244.366 0.751
245.058 0.692
245.774 0.716
246.503 0.729
247.234 0.731
247.952 0.718
248.649 0.697
249.333 0.684
250.003 0.67
250.658 0.655
251.298 0.64
251.928 0.63
252.554 0.626
253.184 0.63
253.83 0.646
254.496 0.666
255.176 0.68
255.883 0.707
256.584 0.701
257.277 0.693
257.988 0.711
258.75 0.762
259.614 0.864
260.92 1.306
261.933 1.013
262.785 0.852
263.609 0.824
264.391 0.782
265.115 0.724
265.779 0.664
266.424 0.645
267.052 0.628
267.685 0.633
268.344 0.659
269.081 0.737
269.947 0.866
270.859 0.912
271.714 0.855
272.566 0.852
273.491 0.925
274.405 0.914
275.248 0.843
276.118 0.87
276.978 0.86
277.854 0.876
278.69 0.836
279.499 0.809
280.286 0.787
281.081 0.795
281.834 0.753
282.611 0.777
283.387 0.776
284.191 0.804
285.001 0.81
285.792 0.791
286.572 0.78
287.38 0.808
288.161 0.781
288.919 0.758
289.663 0.744
290.409 0.746
291.154 0.745
291.918 0.764
292.716 0.798
293.524 0.808
294.363 0.839
295.225 0.862
296.098 0.873
296.888 0.79
297.685 0.797
298.522 0.837
299.357 0.835
300.116 0.759
300.861 0.745
301.613 0.752
302.347 0.734
303.1 0.753
303.836 0.736
304.587 0.751
305.356 0.769
306.163 0.807
306.953 0.79
307.756 0.803
308.541 0.785
309.308 0.767
310.059 0.751
310.821 0.762
311.584 0.763
312.343 0.759
313.186 0.843
314.033 0.847
314.855 0.822
315.69 0.835
316.515 0.825
317.336 0.821
318.12 0.784
318.89 0.77
319.654 0.764
320.406 0.752
321.136 0.73
321.859 0.723
322.586 0.727
323.334 0.748
324.084 0.75
324.852 0.768
325.6 0.748
326.371 0.771
327.165 0.794
327.954 0.789
328.96 1.006
329.846 0.886
330.653 0.807
331.436 0.783
332.197 0.761
332.949 0.752
333.668 0.719
334.384 0.716
335.119 0.735
335.856 0.737
336.607 0.751
337.388 0.781
338.14 0.752
338.92 0.78
339.739 0.819
340.562 0.823
341.352 0.79
342.104 0.752
342.889 0.785
343.695 0.806
344.542 0.847
345.395 0.853
346.23 0.835
347.011 0.781
347.798 0.787
348.593 0.795
349.376 0.783
350.161 0.785
350.926 0.765
351.773 0.847
352.567 0.794
353.393 0.826
354.21 0.817
354.995 0.785
355.773 0.778
356.539 0.766
357.308 0.769
358.032 0.724
358.735 0.703
359.454 0.719
360.21 0.756
360.998 0.788
361.854 0.856
362.751 0.897
363.555 0.804
364.332 0.777
365.14 0.808
365.939 0.799
366.709 0.77
367.455 0.746
368.235 0.78
369.157 0.922
370.166 1.009
371.014 0.848
371.891 0.877
372.832 0.941
373.731 0.899
374.582 0.851
375.377 0.795
376.136 0.759
376.884 0.748
377.66 0.776
378.484 0.824
379.285 0.801
380.123 0.838
381.017 0.894
381.932 0.915
382.831 0.899
383.796 0.965
384.747 0.951
385.666 0.919
386.532 0.866
387.401 0.869
388.282 0.881
389.157 0.875
389.99 0.833
390.848 0.858
391.723 0.875
392.54 0.817
393.364 0.824
394.204 0.84
395.006 0.802
395.765 0.759
396.502 0.737
397.23 0.728
397.963 0.733
398.703 0.74
399.437 0.734
400.139 0.702
400.82 0.681
401.503 0.683
402.185 0.682
402.864 0.679
403.529 0.665
404.183 0.654
404.818 0.635
405.456 0.638
406.096 0.64
406.78 0.684
407.566 0.786
408.364 0.798
409.199 0.835
410.023 0.824
410.803 0.78
411.542 0.739
412.251 0.709
412.95 0.699
413.697 0.747
414.467 0.77
415.251 0.784
416.013 0.762
416.73 0.717
417.43 0.7
418.131 0.701
418.838 0.707
419.552 0.714
420.28 0.728
421.03 0.75
421.812 0.782
422.608 0.796
423.463 0.855
424.331 0.868
425.207 0.876
426.032 0.825
426.8 0.768
427.543 0.743
428.336 0.793
429.215 0.879
430.053 0.838
430.815 0.762
431.588 0.773
432.335 0.747
433.101 0.766
433.881 0.78
434.74 0.859
435.676 0.936
436.559 0.883
437.375 0.816
438.183 0.808
438.99 0.807
439.804 0.814
440.619 0.815
441.405 0.786
442.203 0.798
443.044 0.841
443.89 0.846
444.692 0.802
445.473 0.781
446.22 0.747
446.987 0.767
447.832 0.845
449.067 1.235
449.984 0.917
450.908 0.924
451.804 0.896
452.731 0.927
453.604 0.873
454.471 0.867
455.389 0.918
456.352 0.963
457.251 0.899
458.065 0.814
458.843 0.778
459.603 0.76
460.362 0.759
461.101 0.739
461.835 0.734
462.567 0.732
463.299 0.732
464.036 0.737
464.817 0.781
465.681 0.864
466.57 0.889
467.535 0.965
468.43 0.895
469.286 0.856
470.115 0.829
470.894 0.779
471.644 0.75
472.405 0.761
473.177 0.772
473.961 0.784
474.757 0.796
475.522 0.765
476.31 0.788
477.113 0.803
477.939 0.826
478.761 0.822
479.56 0.799
480.322 0.762
481.061 0.739
481.797 0.736
482.526 0.729
483.256 0.73
483.975 0.719
484.694 0.719
485.404 0.71
486.123 0.719
486.869 0.746
487.709 0.84
488.551 0.842
489.458 0.907
490.38 0.922
491.224 0.844
492.045 0.821
492.874 0.829
493.753 0.879
494.582 0.829
495.375 0.793
496.149 0.774
496.916 0.767
497.652 0.736
498.382 0.73
499.12 0.738
499.875 0.755
500.694 0.819
502.006 1.312
503.051 1.045
504.027 0.976
504.936 0.909
505.809 0.873
506.662 0.853
507.541 0.879
508.444 0.903
509.348 0.904
510.172 0.824
510.997 0.825
511.77 0.773
512.505 0.735
513.237 0.732
513.983 0.746
514.752 0.769
515.545 0.793
516.376 0.831
517.199 0.823
517.994 0.795
518.799 0.805
519.609 0.81
520.435 0.826
521.264 0.829
522.066 0.802
522.896 0.83
523.79 0.894
524.643 0.853
525.512 0.869
526.313 0.801
527.081 0.768
527.859 0.778
528.609 0.75
529.346 0.737
530.07 0.724
530.78 0.71
531.48 0.7
532.175 0.695
532.92 0.745
533.732 0.812
534.528 0.796
535.364 0.836
536.155 0.791
536.93 0.775
537.731 0.801
538.591 0.86
539.423 0.832
540.172 0.749
540.913 0.741
541.673 0.76
542.421 0.748
543.169 0.748
543.919 0.75
544.683 0.764
545.455 0.772
546.199 0.744
546.943 0.744
547.684 0.741
548.454 0.77
549.245 0.791
550.011 0.766
550.82 0.809
551.701 0.881
552.609 0.908
553.443 0.834
554.27 0.827
555.146 0.876
556.078 0.932
556.928 0.85
557.79 0.862
558.662 0.872
559.545 0.883
560.365 0.82
561.178 0.813
561.987 0.809
562.933 0.946
564.447 1.514
565.74 1.293
566.985 1.245
568.139 1.154
569.139 1.0
569.98 0.841
570.766 0.786
571.529 0.763
572.306 0.777
573.125 0.819
573.962 0.837
574.785 0.823
575.639 0.854
576.524 0.885
577.44 0.916
578.277 0.837
579.114 0.837
579.952 0.838
580.742 0.79
581.549 0.807
582.455 0.906
583.373 0.918
584.251 0.878
585.076 0.825
585.912 0.836
586.765 0.853
587.572 0.807
588.365 0.793
589.135 0.77
589.916 0.781
590.656 0.74
591.397 0.741
592.166 0.769
592.993 0.827
593.877 0.884
594.694 0.817
595.547 0.853
596.431 0.884
597.328 0.897
598.136 0.808
598.955 0.819
599.785 0.83
600.624 0.839
601.409 0.785
602.198 0.789
603.008 0.81
603.774 0.766
604.555 0.781
605.305 0.75
606.049 0.744
606.831 0.782
607.632 0.801
608.422 0.79
609.18 0.758
609.936 0.756
610.712 0.776
611.518 0.806
612.359 0.841
613.19 0.831
614.046 0.856
614.903 0.857
615.696 0.793