0.000 0.852
5.851 0.852
6.736 0.885
7.628 0.892
8.43 0.802
9.212 0.782
10.007 0.795
10.86 0.853
11.634 0.774
12.472 0.838
13.264 0.792
14.09 0.826
15.267 1.177
16.265 0.998
17.225 0.96
18.145 0.92
18.986 0.841
19.709 0.723
20.399 0.69
21.074 0.675
21.78 0.706
22.572 0.792
23.722 1.15
24.564 0.842
25.38 0.816
26.256 0.876
27.14 0.884
27.955 0.815
28.839 0.884
29.681 0.842
30.396 0.715
31.15 0.754
31.93 0.78
32.695 0.765
33.485 0.79
34.336 0.851
35.207 0.871
36.01 0.803
36.82 0.81
37.611 0.791
38.364 0.753
39.059 0.695
39.769 0.71
40.504 0.735
41.25 0.746
42.057 0.807
43.281 1.224
44.348 1.067
45.214 0.866
46.138 0.924
47.081 0.943
47.929 0.848
48.833 0.904
49.741 0.908
50.644 0.903
51.471 0.827
52.387 0.916
53.268 0.881
54.214 0.946
55.186 0.972
56.045 0.859
56.904 0.859
57.824 0.92
58.68 0.856
59.621 0.941
60.515 0.894
61.498 0.983
62.531 1.033
63.39 0.859
64.31 0.92
65.221 0.911
66.018 0.797
66.756 0.738
67.449 0.693
68.169 0.72
68.86 0.691
69.585 0.725
70.344 0.759
71.125 0.781
71.897 0.772
72.631 0.734
73.396 0.765
74.197 0.801
75.078 0.881
75.951 0.873
76.793 0.842
77.647 0.854
78.459 0.812
79.267 0.808
80.323 1.056
81.351 1.028
82.37 1.019
83.276 0.906
84.129 0.853
85.285 1.156
86.184 0.899
87.082 0.898
88.073 0.991
88.961 0.888
89.885 0.924
90.817 0.932
91.75 0.933
92.625 0.875
93.563 0.938
94.476 0.913
95.33 0.854
96.278 0.948
97.24 0.962
98.16 0.92
99.087 0.927
100.0 0.913
100.862 0.862
101.758 0.896
102.698 0.94
103.63 0.932
104.511 0.881
105.464 0.953
106.427 0.963
107.339 0.912
108.212 0.873
109.14 0.928
110.091 0.951
110.966 0.875
111.91 0.944
112.915 1.005
113.94 1.025
114.861 0.921
115.823 0.962
116.818 0.995
117.756 0.938
118.743 0.987
119.785 1.042
120.727 0.942
121.649 0.922
122.632 0.983
123.59 0.958
124.489 0.899
125.463 0.974
126.408 0.945
127.349 0.941
128.26 0.911
129.124 0.864
130.056 0.932
130.992 0.936
131.957 0.965
132.942 0.985
133.815 0.873
134.651 0.836
135.59 0.939
136.466 0.876
137.335 0.869
138.257 0.922
139.055 0.798
139.81 0.755
140.543 0.733
141.202 0.659
141.832 0.63
142.45 0.618
143.058 0.608
143.678 0.62
144.321 0.643
144.961 0.64
145.587 0.626
146.207 0.62
146.816 0.609
147.416 0.6
148.014 0.598
148.629 0.615
149.311 0.682
150.11 0.799
151.042 0.932
151.866 0.824
152.723 0.857
153.624 0.901
154.537 0.913
155.447 0.91
156.497 1.05
157.516 1.019
158.589 1.073
159.495 0.906
160.553 1.058
161.436 0.883
162.292 0.856
163.203 0.911
164.136 0.933
165.049 0.913
165.957 0.908
166.941 0.984
167.916 0.975
168.887 0.971
169.881 0.994
170.892 1.011
171.862 0.97
172.805 0.943
173.711 0.906
174.568 0.857
175.449 0.881
176.254 0.805
177.02 0.766
177.708 0.688
178.373 0.665
179.027 0.654
179.661 0.634
180.296 0.635
180.918 0.622
181.544 0.626
182.198 0.654
182.885 0.687
183.592 0.707
184.301 0.709
185.012 0.711
185.685 0.673
186.348 0.663
186.994 0.646
187.637 0.643
188.259 0.622
188.888 0.629
189.559 0.671
190.318 0.759
191.108 0.79
191.835 0.727
192.538 0.703
193.345 0.807
194.465 1.12
195.398 0.933
196.293 0.895
197.179 0.886
198.01 0.831
198.871 0.861
199.809 0.938
200.753 0.944
201.65 0.897
202.569 0.919
203.415 0.846
204.293 0.878
205.212 0.919
206.121 0.909
207.091 0.97
207.979 0.888
208.871 0.892
209.686 0.815
210.474 0.788
211.221 0.747
211.918 0.697
212.622 0.704
213.385 0.763
214.216 0.831
215.363 1.147
216.21 0.847
217.095 0.885
217.981 0.886
218.822 0.841
219.675 0.853
220.564 0.889
221.463 0.899
222.488 1.025
223.514 1.026
224.423 0.909
225.384 0.961
226.39 1.006
227.323 0.933
228.235 0.912
229.214 0.979
230.236 1.022
231.191 0.955
232.231 1.04
233.349 1.118
234.299 0.95
235.226 0.927
236.221 0.995
237.234 1.013
238.151 0.917
239.157 1.006
240.173 1.016
241.214 1.041
242.129 0.915
243.127 0.998
244.188 1.061
245.292 1.104
246.262 0.97
247.365 1.103
248.349 0.984
249.333 0.984
250.236 0.903
251.159 0.923
252.107 0.948
252.979 0.872
253.816 0.837
254.708 0.892
255.654 0.946
256.553 0.899
257.419 0.866
258.321 0.902
259.278 0.957
260.173 0.895
261.081 0.908
262.031 0.95
262.931 0.9
263.881 0.95
264.842 0.961
265.805 0.963
266.657 0.852
267.537 0.88
268.421 0.884
269.238 0.817
270.005 0.767
270.852 0.847
271.903 1.051
272.846 0.943
273.738 0.892
274.718 0.98
275.721 1.003
276.639 0.918
277.591 0.952
278.58 0.989
279.554 0.974
280.433 0.879
281.379 0.946
282.357 0.978
283.299 0.942
284.212 0.913
285.193 0.981
286.222 1.029
287.146 0.924
288.085 0.939
288.977 0.892
289.978 1.001
291.027 1.049
291.927 0.9
292.924 0.997
293.975 1.051
294.933 0.958
295.913 0.98
296.927 1.014
297.876 0.949
298.752 0.876
299.679 0.927
300.632 0.953
301.527 0.895
302.518 0.991
303.576 1.058
304.603 1.027
305.54 0.937
306.555 1.015
307.592 1.037
308.512 0.92
309.457 0.945
310.452 0.995
311.446 0.994
312.389 0.943
313.412 1.023
314.49 1.078
315.488 0.998
316.411 0.923
317.41 0.999
318.444 1.034
319.33 0.886
320.181 0.851
321.103 0.922
322.06 0.957
322.942 0.882
323.836 0.894
324.779 0.943
325.737 0.958
326.611 0.874
327.525 0.914
328.483 0.958
329.444 0.961
330.321 0.877
331.238 0.917
332.183 0.945
333.117 0.934
334.004 0.887
334.915 0.911
335.833 0.918
336.708 0.875
337.606 0.898
338.53 0.924
339.429 0.899
340.28 0.851
341.062 0.782
341.827 0.765
342.671 0.844
343.481 0.81
344.319 0.838
345.175 0.856
345.983 0.808
346.774 0.791
347.538 0.764
348.267 0.729
349.012 0.745
349.736 0.724
350.438 0.702
351.109 0.671
351.759 0.65
352.435 0.676
353.17 0.735
353.937 0.767
354.757 0.82
355.642 0.885
356.539 0.897
357.418 0.879
358.235 0.817
359.112 0.877
360.041 0.929
360.932 0.891
361.768 0.836
362.641 0.873
363.619 0.978
364.61 0.991
365.493 0.883
366.434 0.941
367.449 1.015
368.306 0.857
369.264 0.958
370.228 0.964
371.007 0.779
371.75 0.743
372.532 0.782
373.315 0.783
374.06 0.745
374.923 0.863
375.91 0.987
376.866 0.956
377.76 0.894
378.681 0.921
379.619 0.938
380.558 0.939
381.396 0.838
382.253 0.857
383.152 0.899
384.141 0.989
385.13 0.989
386.069 0.939
387.108 1.039
388.135 1.027
389.058 0.923
389.903 0.845
390.894 0.991
392.172 1.278
393.188 1.016
394.176 0.988
395.233 1.057
396.323 1.09
397.267 0.944
398.219 0.952
399.22 1.001
400.279 1.059
401.226 0.947
402.275 1.049
403.276 1.001
404.191 0.915
405.13 0.939
406.002 0.872
406.888 0.886
407.775 0.887
408.712 0.937
409.65 0.938
410.505 0.855
411.419 0.914
412.362 0.943
413.323 0.961
414.218 0.895
415.173 0.955
416.129 0.956
417.084 0.955
417.97 0.886
418.914 0.944
419.88 0.966
420.832 0.952
421.704 0.872
422.638 0.934
423.632 0.994
424.613 0.981
425.503 0.89
426.453 0.95
427.407 0.954
428.329 0.922
429.228 0.899
430.102 0.874
430.947 0.845
431.835 0.888
432.751 0.916
433.709 0.958
434.522 0.813
435.338 0.816
436.096 0.758
436.808 0.712
437.611 0.803
438.419 0.808
439.235 0.816
440.135 0.9
441.08 0.945
442.04 0.96
443.002 0.962
443.859 0.857
444.636 0.777
445.432 0.796
446.238 0.806
447.073 0.835
447.876 0.803
448.692 0.816
449.594 0.902
450.551 0.957
451.393 0.842
452.274 0.881
453.219 0.945
454.052 0.833
454.848 0.796
455.641 0.793
456.423 0.782
457.151 0.728
457.847 0.696
458.529 0.682
459.235 0.706
459.931 0.696
460.604 0.673
461.335 0.731
462.015 0.68
462.673 0.658
463.314 0.641
463.938 0.624
464.558 0.62
465.182 0.624
465.815 0.633
466.441 0.626
467.081 0.64
467.735 0.654
468.386 0.651
469.031 0.645
469.687 0.656
470.382 0.695
471.182 0.8
472.068 0.886
472.961 0.893
473.869 0.908
474.7 0.831
475.463 0.763
476.256 0.793
477.099 0.843
477.907 0.808
478.76 0.853
479.644 0.884
480.505 0.861
481.332 0.827
482.15 0.818
483.029 0.879
483.891 0.862
484.761 0.87
485.6 0.839
486.372 0.772
487.195 0.823
488.322 1.127
489.192 0.87
490.009 0.817
490.894 0.885
491.828 0.934
492.671 0.843
493.541 0.87
494.522 0.981
495.499 0.977
496.377 0.878
497.326 0.949
498.287 0.961
499.144 0.857
500.062 0.918
501.041 0.979
501.958 0.917
502.846 0.888
503.809 0.963
504.842 1.033
505.722 0.88
506.62 0.898
507.532 0.912
508.43 0.898
509.292 0.862
510.191 0.899
511.124 0.933
512.026 0.902
512.911 0.885
513.87 0.959
514.835 0.965
515.695 0.86
516.582 0.887
517.548 0.966
518.463 0.915
519.307 0.844
520.196 0.889
521.136 0.94
522.076 0.94
522.928 0.852
523.818 0.89
524.741 0.923
525.657 0.916
526.513 0.856
527.419 0.906
528.382 0.963
529.259 0.877
530.126 0.867
531.027 0.901
531.934 0.907
532.766 0.832
533.627 0.861
534.541 0.914
535.461 0.92
536.31 0.849
537.166 0.856
538.098 0.932
539.052 0.954
539.879 0.827
540.714 0.835
541.482 0.768
542.202 0.72
542.894 0.692
543.571 0.677
544.253 0.682
544.919 0.666
545.568 0.649
546.199 0.631
546.835 0.636
547.494 0.659
548.19 0.696
548.902 0.712
549.626 0.724
550.404 0.778
551.251 0.847
552.141 0.89
552.954 0.813
553.788 0.834
554.678 0.89
555.594 0.916
556.39 0.796
557.148 0.758
558.007 0.859
559.177 1.17
560.226 1.049
561.3 1.074
562.189 0.889
563.164 0.975
564.197 1.033
565.132 0.935
566.172 1.04
567.206 1.034
568.221 1.015
569.262 1.041
570.177 0.915
571.158 0.981
572.17 1.012
573.171 1.001
574.081 0.91
575.119 1.038
576.253 1.134
577.295 1.042
578.169 0.874
578.971 0.802
579.915 0.944
580.919 1.004
581.971 1.052
582.97 0.999
584.108 1.138
585.269 1.161
586.342 1.073
587.299 0.957
588.337 1.038
589.308 0.971
590.334 1.026
591.375 1.041
592.357 0.982
593.376 1.019
594.349 0.973
595.345 0.996
596.318 0.973
597.217 0.899
598.215 0.998
599.144 0.929
600.088 0.944
600.989 0.901
601.882 0.893
602.846 0.964
603.85 1.004
604.839 0.989
605.829 0.99
606.756 0.927
607.744 0.988
608.784 1.04
609.765 0.981
610.701 0.936
611.662 0.961
612.645 0.983
613.666 1.021
614.675 1.009
615.599 0.924
616.577 0.978
617.583 1.006
618.528 0.945
619.382 0.854
620.273 0.891
621.218 0.945
622.132 0.914
623.007 0.875
623.811 0.804
624.62 0.809
625.334 0.714
626.026 0.692
626.709 0.683
627.407 0.698
628.152 0.745
628.911 0.759
629.66 0.749
630.346 0.686
631.053 0.707
631.724 0.671
632.392 0.668
633.068 0.676
633.721 0.653
634.373 0.652
635.016 0.643
635.668 0.652
636.328 0.66
636.999 0.671
637.703 0.704
638.454 0.751
639.222 0.768
640.001 0.779
640.746 0.745
641.451 0.705
642.145 0.694
642.897 0.752
643.694 0.797
644.52 0.826
645.462 0.942
646.487 1.025
647.523 1.036
648.496 0.973
649.471 0.975
650.455 0.984
651.369 0.914
652.166 0.797
652.974 0.808
653.758 0.784
654.508 0.75
655.232 0.724
656.133 0.901
657.357 1.224
658.36 1.003
659.355 0.995
660.329 0.974
661.211 0.882
662.158 0.947
663.077 0.919
664.054 0.977
665.056 1.002
666.077 1.021
666.941 0.864
667.867 0.926
668.809 0.942
669.778 0.969
670.638 0.86
671.524 0.886
672.45 0.926
673.407 0.957
674.277 0.87
675.237 0.96
676.169 0.932
677.019 0.85
677.861 0.842
678.754 0.893
679.629 0.875
680.566 0.937
681.503 0.937
682.487 0.984
683.451 0.964
684.404 0.953
685.265 0.861
686.114 0.849
687.026 0.912
687.982 0.956
688.924 0.942
689.868 0.944
690.75 0.882
691.667 0.917
692.622 0.955
693.589 0.967
694.461 0.872
695.355 0.894
696.258 0.903
697.222 0.964
698.095 0.873
699.094 0.999
699.98 0.886
700.967 0.987
701.864 0.897
702.766 0.902
703.67 0.904
704.564 0.894
705.43 0.866
706.223 0.793
707.047 0.824
707.883 0.836
708.69 0.807
709.443 0.753
710.158 0.715
710.856 0.698
711.534 0.678
712.198 0.664
712.857 0.659
713.507 0.65
714.151 0.644
714.788 0.637
715.43 0.642