0.000 0.828
0.828 0.828
1.61 0.782
2.318 0.708
3.026 0.708
3.782 0.756
4.558 0.776
5.313 0.755
6.091 0.778
6.938 0.847
7.735 0.797
8.496 0.761
9.277 0.781
10.188 0.911
11.1 0.912
11.97 0.87
12.864 0.894
13.741 0.877
14.621 0.88
15.44 0.819
16.171 0.731
16.899 0.728
17.715 0.816
18.781 1.066
19.661 0.88
20.607 0.946
21.517 0.91
22.45 0.933
23.305 0.855
24.073 0.768
24.826 0.753
25.516 0.69
26.184 0.668
26.845 0.661
27.559 0.714
28.776 1.217
29.755 0.979
30.691 0.936
31.552 0.861
32.347 0.795
33.21 0.863
34.053 0.843
34.818 0.765
35.542 0.724
36.257 0.715
37.052 0.795
37.877 0.825
38.646 0.769
39.393 0.747
40.162 0.769
40.935 0.773
41.709 0.774
42.395 0.686
43.059 0.664
43.82 0.761
44.924 1.104
45.848 0.924
46.857 1.009
47.776 0.919
48.69 0.914
49.52 0.83
50.27 0.75
50.977 0.707
51.668 0.691
52.403 0.735
53.105 0.702
53.82 0.715
54.583 0.763
55.487 0.904
56.359 0.872
57.18 0.821
57.936 0.756
58.72 0.784
59.521 0.801
60.412 0.891
61.204 0.792
61.983 0.779
62.686 0.703
63.383 0.697
64.088 0.705
64.834 0.746
65.558 0.724
66.241 0.683
66.893 0.652
67.523 0.63
68.175 0.652
68.911 0.736
69.684 0.773
70.382 0.698
71.045 0.663
71.683 0.638
72.326 0.643
73.047 0.721
73.823 0.776
74.679 0.856
75.524 0.845
76.371 0.847
77.23 0.859
78.052 0.822
78.84 0.788
79.629 0.789
80.334 0.705
81.001 0.667
81.632 0.631
82.247 0.615
82.871 0.624
83.511 0.64
84.194 0.683
84.951 0.757
85.621 0.67
86.261 0.64
86.885 0.624
87.514 0.629
88.147 0.633
88.809 0.662
89.538 0.729
90.326 0.788
91.209 0.883
92.013 0.804
92.744 0.731
93.413 0.669
94.046 0.633
94.663 0.617
95.271 0.608
95.877 0.606
96.508 0.631
97.549 1.041
98.418 0.869
99.232 0.814
100.027 0.795
100.776 0.749
101.565 0.789
102.718 1.153
103.738 1.02
104.674 0.936
105.562 0.888
106.458 0.896
107.356 0.898
108.274 0.918
109.109 0.835
109.93 0.821
110.753 0.823
111.67 0.917
112.624 0.954
113.494 0.87
114.384 0.89
115.376 0.992
116.339 0.963
117.29 0.951
118.209 0.919
119.103 0.894
119.927 0.824
120.749 0.822
121.636 0.887
122.617 0.981
123.613 0.996
124.541 0.928
125.389 0.848
126.207 0.818
127.049 0.842
127.96 0.911
128.958 0.998
129.868 0.91
130.788 0.92
131.611 0.823
132.427 0.816
133.153 0.726
133.878 0.725
134.647 0.769
135.52 0.873
136.438 0.918
137.305 0.867
138.177 0.872
139.025 0.848
139.82 0.795
140.591 0.771
141.406 0.815
142.299 0.893
143.233 0.934
143.88 0.647
144.924 1.044
145.748 0.824
146.54 0.792
147.356 0.816
148.172 0.816
149.097 0.925
150.178 1.081
151.278 1.1
152.273 0.995
153.144 0.871
154.02 0.876
154.94 0.92
155.935 0.995
156.849 0.914
157.734 0.885
158.519 0.785
159.257 0.738
159.979 0.722
160.675 0.696
161.346 0.671
161.992 0.646
162.635 0.643
163.359 0.724
164.186 0.827
164.902 0.716
165.582 0.68
166.236 0.654
166.872 0.636
167.505 0.633
168.132 0.627
168.762 0.63
169.399 0.637
170.047 0.648
170.707 0.66
171.372 0.665
172.038 0.666
172.695 0.657
173.342 0.647
173.993 0.651
174.644 0.651
175.299 0.655
175.97 0.671
176.618 0.648
177.248 0.63
177.867 0.619
178.491 0.624
179.139 0.648
179.814 0.675
180.552 0.738
181.313 0.761
182.043 0.73
182.74 0.697
183.436 0.696
184.243 0.807
185.007 0.764
185.806 0.799
186.64 0.834
187.498 0.858
188.291 0.793
189.055 0.764
189.793 0.738
190.517 0.724
191.243 0.726
192.05 0.807
192.892 0.842
193.781 0.889
194.585 0.804
195.341 0.756
196.058 0.717
196.754 0.696
197.485 0.731
198.331 0.846
199.303 0.972
200.236 0.933
201.011 0.775
201.745 0.734
202.508 0.763
203.392 0.884
204.311 0.919
205.178 0.867
205.939 0.761
206.676 0.737
207.402 0.726
208.173 0.771
209.456 1.283
210.591 1.135
211.56 0.969
212.467 0.907
213.27 0.803
214.064 0.794
214.836 0.772
215.603 0.767
216.404 0.801
217.196 0.792
217.96 0.764
218.821 0.861
219.896 1.075
220.773 0.877
221.655 0.882
222.497 0.842
223.351 0.854
224.13 0.779
224.854 0.724
225.536 0.682
226.217 0.681
226.95 0.733
227.809 0.859
228.661 0.852
229.509 0.848
230.517 1.008
231.563 1.046
232.499 0.936
233.292 0.793
234.053 0.761
234.842 0.789
235.638 0.796
236.423 0.785
237.177 0.754
237.921 0.744
238.669 0.748
239.462 0.793
240.259 0.797
241.228 0.969
242.188 0.96
243.056 0.868
243.838 0.782
244.602 0.764
245.341 0.739
246.047 0.706
246.734 0.687
247.422 0.688
248.137 0.715
248.876 0.739
249.574 0.698
250.269 0.695
250.987 0.718
251.729 0.742
252.478 0.749
253.313 0.835
254.183 0.87
255.01 0.827
255.763 0.753
256.477 0.714
257.168 0.691
257.85 0.682
258.574 0.724
259.469 0.895
260.387 0.918
261.337 0.95
262.209 0.872
263.007 0.798
263.797 0.79
264.621 0.824
265.553 0.932
266.582 1.029
267.517 0.935
268.38 0.863
269.181 0.801
269.965 0.784
270.716 0.751
271.494 0.778
272.327 0.833
273.114 0.787
273.933 0.819
274.763 0.83
275.586 0.823
276.412 0.826
277.192 0.78
277.968 0.776
278.727 0.759
279.525 0.798
280.333 0.808
281.151 0.818
281.903 0.752
282.636 0.733
283.361 0.725
284.148 0.787
285.012 0.864
285.863 0.851
286.834 0.971
287.75 0.916
288.653 0.903
289.474 0.821
290.247 0.773
291.038 0.791
291.856 0.818
292.699 0.843
293.573 0.874
294.365 0.792
295.074 0.709
295.746 0.672
296.412 0.666
297.065 0.653
297.706 0.641
298.343 0.637
299.021 0.678
299.873 0.852
300.762 0.889
301.604 0.842
302.568 0.964
303.496 0.928
304.321 0.825
305.069 0.748
305.813 0.744
306.63 0.817
307.709 1.079
308.695 0.986
309.603 0.908
310.518 0.915
311.352 0.834
312.174 0.822
312.995 0.821
313.795 0.8
314.605 0.81
315.415 0.81
316.166 0.751
316.873 0.707
317.624 0.751
318.38 0.756
319.123 0.743
319.859 0.736
320.585 0.726
321.292 0.707
321.977 0.685
322.651 0.674
323.34 0.689
324.056 0.716
324.785 0.729
325.504 0.719
326.186 0.682
326.866 0.68
327.548 0.682
328.247 0.699
328.977 0.73
329.694 0.717
330.409 0.715
331.115 0.706
331.862 0.747
332.583 0.721
333.28 0.697
333.965 0.685
334.644 0.679
335.334 0.69
336.06 0.726
336.802 0.742
337.555 0.753
338.275 0.72
338.985 0.71
339.667 0.682
340.343 0.676
341.02 0.677
341.702 0.682
342.366 0.664
343.009 0.643
343.638 0.629
344.252 0.614
344.86 0.608
345.48 0.62
346.147 0.667
346.913 0.766
347.871 0.958
348.742 0.871
349.723 0.981
350.732 1.009
351.662 0.93
352.551 0.889
353.46 0.909
354.351 0.891
355.218 0.867
356.039 0.821
356.881 0.842
357.713 0.832
358.591 0.878
359.436 0.845
360.246 0.81
361.014 0.768
361.814 0.8
362.748 0.934
363.663 0.915
364.575 0.912
365.436 0.861
366.212 0.776
366.976 0.764
367.768 0.792
368.851 1.083
369.639 0.788
370.423 0.784
371.225 0.802
372.006 0.781
372.778 0.772
373.506 0.728
374.228 0.722
375.01 0.782
375.867 0.857
376.813 0.946
377.713 0.9
378.535 0.822
379.283 0.748
380.011 0.728
380.731 0.72
381.469 0.738
382.264 0.795
383.265 1.001
384.256 0.991
385.088 0.832
385.894 0.806
386.691 0.797
387.486 0.795
388.272 0.786
389.096 0.824
389.859 0.763
390.599 0.74
391.339 0.74
392.032 0.693
392.723 0.691
393.437 0.714
394.184 0.747
395.039 0.855
396.145 1.106
397.137 0.992
398.024 0.887
398.832 0.808
399.647 0.815
400.506 0.859
401.407 0.901
402.31 0.903
403.21 0.9
404.032 0.822
404.827 0.795
405.654 0.827
406.544 0.89
407.378 0.834
408.208 0.83
409.062 0.854
409.865 0.803
410.689 0.824
411.457 0.768
412.215 0.758
412.965 0.75
413.738 0.773
414.568 0.83
415.411 0.843
416.251 0.84
417.074 0.823
417.858 0.784
418.594 0.736
419.303 0.709
419.994 0.691
420.719 0.725
421.631 0.912
422.601 0.97
423.529 0.928
424.35 0.821
425.162 0.812
425.965 0.803
426.743 0.778
427.506 0.763
428.271 0.765
429.018 0.747
429.758 0.74
430.451 0.693
431.123 0.672
431.79 0.667
432.434 0.644
433.08 0.646
433.745 0.665
434.417 0.672
435.105 0.688
435.789 0.684
436.462 0.673
437.136 0.674
437.812 0.676
438.482 0.67
439.137 0.655
439.772 0.635
440.4 0.628
441.029 0.629
441.658 0.629
442.279 0.621
442.892 0.613
443.511 0.619
444.139 0.628
444.793 0.654
445.479 0.686
446.217 0.738
447.019 0.802
447.83 0.811
448.581 0.751
449.338 0.757
450.23 0.892
451.307 1.077
452.326 1.019
453.268 0.942
454.168 0.9
455.035 0.867
455.836 0.801
456.565 0.729
457.29 0.725
458.012 0.722
458.753 0.741
459.465 0.712
460.197 0.732
460.94 0.743
461.727 0.787
462.491 0.764
463.224 0.733
463.975 0.751
464.706 0.731
465.434 0.728
466.136 0.702
466.845 0.709
467.527 0.682
468.216 0.689
468.909 0.693
469.622 0.713
470.376 0.754
471.127 0.751
471.841 0.714
472.527 0.686
473.194 0.667
473.862 0.668
474.551 0.689
475.24 0.689
475.942 0.702
476.704 0.762
477.491 0.787
478.271 0.78
479.035 0.764
479.746 0.711
480.529 0.783
481.318 0.789
482.073 0.755
482.803 0.73
483.532 0.729
484.255 0.723
484.99 0.735
485.739 0.749
486.488 0.749
487.257 0.769
488.02 0.763
488.761 0.741
489.486 0.725
490.23 0.744
490.981 0.751
491.741 0.76
492.542 0.801
493.452 0.91
494.273 0.821
495.076 0.803
495.855 0.779
496.589 0.734
497.323 0.734
498.067 0.744
498.797 0.73
499.57 0.773
500.334 0.764
501.06 0.726
501.769 0.709
502.484 0.715
503.229 0.745
503.998 0.769
504.81 0.812
505.551 0.741
506.272 0.721
506.999 0.727
507.774 0.775
508.628 0.854
509.505 0.877
510.284 0.779
511.053 0.769
511.77 0.717
512.475 0.705
513.155 0.68
513.827 0.672
514.509 0.682
515.21 0.701
515.919 0.709
516.61 0.691
517.3 0.69
518.044 0.744
518.875 0.831
519.702 0.827
520.584 0.882
521.398 0.814
522.164 0.766
522.897 0.733
523.624 0.727
524.334 0.71
525.054 0.72
525.821 0.767
526.714 0.893
527.609 0.895
528.485 0.876
529.413 0.928
530.309 0.896
531.082 0.773
531.81 0.728
532.524 0.714
533.184 0.66
533.832 0.648
534.48 0.648
535.108 0.628
535.736 0.628
536.381 0.645
537.163 0.782
538.162 0.999
539.065 0.903
539.946 0.881
540.897 0.951
541.814 0.917
542.725 0.911
543.573 0.848
544.38 0.807
545.17 0.79
545.959 0.789
546.662 0.703
547.325 0.663
547.967 0.642
548.603 0.636
549.266 0.663
550.029 0.763
550.809 0.78
551.769 0.96
552.914 1.145
554.033 1.119
555.003 0.97
555.812 0.809
556.585 0.773
557.309 0.724
558.005 0.696
558.717 0.712
559.953 1.236
561.008 1.055
561.941 0.933
562.851 0.91
563.786 0.935
564.664 0.878
565.573 0.909
566.526 0.953
567.451 0.925
568.401 0.95
569.356 0.955
570.341 0.985
571.252 0.911
572.129 0.877
572.97 0.841
573.8 0.83
574.612 0.812
575.551 0.939
576.458 0.907
577.254 0.796
578.084 0.83
578.97 0.886
579.89 0.92
580.761 0.871
581.605 0.844
582.427 0.822
583.331 0.904
584.239 0.908
585.158 0.919
586.066 0.908
586.885 0.819
587.745 0.86
588.582 0.837
589.479 0.897
590.498 1.019
591.541 1.043
592.574 1.033
593.562 0.988
594.542 0.98
595.404 0.862
596.248 0.844
597.103 0.855
598.06 0.957
599.092 1.032
600.139 1.047
601.165 1.026
602.137 0.972
603.089 0.952
603.946 0.857
604.769 0.823
605.583 0.814
606.409 0.826
607.318 0.909
608.244 0.926
609.261 1.017
610.261 1.0
611.218 0.957
612.16 0.942
613.01 0.85
613.872 0.862
614.693 0.821
615.44 0.747
616.191 0.751
616.973 0.782