0.000 0.824
0.824 0.824
1.973 1.149
3.124 1.151
4.067 0.943
5.071 1.004
6.066 0.995
7.031 0.965
7.899 0.868
8.77 0.871
9.735 0.965
10.782 1.047
11.797 1.015
12.89 1.093
13.878 0.988
14.763 0.885
15.794 1.031
16.765 0.971
17.655 0.89
18.521 0.866
19.452 0.931
20.435 0.983
21.278 0.843
22.069 0.791
22.89 0.821
23.716 0.826
24.518 0.802
25.28 0.762
26.043 0.763
26.886 0.843
27.824 0.938
28.763 0.939
29.742 0.979
30.728 0.986
31.58 0.852
32.399 0.819
33.261 0.862
34.109 0.848
34.909 0.8
35.692 0.783
36.561 0.869
37.721 1.16
38.725 1.004
39.649 0.924
40.604 0.955
41.517 0.913
42.396 0.879
43.354 0.958
44.362 1.008
45.289 0.927
46.394 1.105
47.44 1.046
48.421 0.981
49.418 0.997
50.507 1.089
51.554 1.047
52.567 1.013
53.634 1.067
54.659 1.025
55.611 0.952
56.661 1.05
57.728 1.067
58.731 1.003
59.788 1.057
60.885 1.097
61.845 0.96
62.823 0.978
63.808 0.985
64.792 0.984
65.859 1.067
66.936 1.077
67.948 1.012
68.867 0.919
69.752 0.885
70.721 0.969
71.691 0.97
72.724 1.033
73.756 1.032
74.781 1.025
75.738 0.957
76.699 0.961
77.631 0.932
78.564 0.933
79.458 0.894
80.419 0.961
81.395 0.976
82.334 0.939
83.222 0.888
84.083 0.861
84.965 0.882
85.864 0.899
86.763 0.899
87.626 0.863
88.519 0.893
89.49 0.971
90.474 0.984
91.445 0.971
92.373 0.928
93.228 0.855
94.03 0.802
94.819 0.789
95.67 0.851
96.711 1.041
97.751 1.04
98.701 0.95
99.742 1.041
100.756 1.014
101.737 0.981
102.607 0.87
103.462 0.855
104.364 0.902
105.285 0.921
106.196 0.911
107.102 0.906
108.008 0.906
108.858 0.85
109.734 0.876
110.673 0.939
111.603 0.93
112.505 0.902
113.362 0.857
114.227 0.865
115.122 0.895
116.004 0.882
116.849 0.845
117.706 0.857
118.612 0.906
119.568 0.956
120.483 0.915
121.437 0.954
122.384 0.947
123.309 0.925
124.179 0.87
125.062 0.883
125.967 0.905
126.863 0.896
127.77 0.907
128.626 0.856
129.455 0.829
130.302 0.847
131.15 0.848
132.045 0.895
132.881 0.836
133.712 0.831
134.572 0.86
135.458 0.886
136.354 0.896
137.24 0.886
138.127 0.887
139.0 0.873
139.918 0.918
140.852 0.934
141.771 0.919
142.652 0.881
143.483 0.831
144.265 0.782
145.019 0.754
145.748 0.729
146.453 0.705
147.195 0.742
148.099 0.904
149.198 1.099
150.128 0.93
151.002 0.874
151.902 0.9
152.895 0.993
153.873 0.978
154.748 0.875
155.608 0.86
156.496 0.888
157.427 0.931
158.36 0.933
159.336 0.976
160.265 0.929
161.16 0.895
162.064 0.904
162.974 0.91
163.811 0.837
164.616 0.805
165.365 0.749
166.166 0.801
167.064 0.898
168.003 0.939
168.955 0.952
169.939 0.984
170.867 0.928
171.712 0.845
172.532 0.82
173.354 0.822
174.189 0.835
175.01 0.821
175.794 0.784
176.562 0.768
177.652 1.09
178.639 0.987
179.624 0.985
180.603 0.979
181.602 0.999
182.573 0.971
183.498 0.925
184.479 0.981
185.46 0.981
186.447 0.987
187.542 1.095
188.547 1.005
189.511 0.964
190.361 0.85
191.235 0.874
192.151 0.916
193.075 0.924
193.983 0.908
194.878 0.895
195.806 0.928
196.752 0.946
197.658 0.906
198.521 0.863
199.32 0.799
200.104 0.784
200.847 0.743
201.62 0.773
202.458 0.838
203.352 0.894
204.225 0.873
205.043 0.818
205.83 0.787
206.628 0.798
207.476 0.848
208.374 0.898
209.357 0.983
210.386 1.029
211.333 0.947
212.177 0.844
212.981 0.804
213.731 0.75
214.475 0.744
215.218 0.743
216.098 0.88
217.04 0.942
217.962 0.922
218.838 0.876
219.765 0.927
220.784 1.019
221.804 1.02
222.767 0.963
223.696 0.929
224.603 0.907
225.407 0.804
226.214 0.807
227.028 0.814
227.951 0.923
228.857 0.906
229.826 0.969
230.837 1.011
231.716 0.879
232.583 0.867
233.45 0.867
234.344 0.894
235.248 0.904
236.049 0.801
236.849 0.8
237.648 0.799
238.466 0.818
239.243 0.777
240.028 0.785
240.869 0.841
241.761 0.892
242.655 0.894
243.542 0.887
244.43 0.888
245.313 0.883
246.171 0.858
247.007 0.836
247.851 0.844
248.731 0.88
249.566 0.835
250.393 0.827
251.194 0.801
251.995 0.801
252.853 0.858
253.717 0.864
254.571 0.854
255.438 0.867
256.298 0.86
257.16 0.862
258.0 0.84
258.836 0.836
259.672 0.836
260.563 0.891
261.479 0.916
262.379 0.9
263.211 0.832
264.033 0.822
264.852 0.819
265.617 0.765
266.336 0.719
267.087 0.751
267.944 0.857
269.185 1.241
270.302 1.117
271.372 1.07
272.384 1.012
273.406 1.022
274.359 0.953
275.207 0.848
276.046 0.839
276.993 0.947
278.121 1.128
279.176 1.055
280.189 1.013
281.18 0.991
282.118 0.938
282.987 0.869
283.869 0.882
284.824 0.955
285.819 0.995
286.784 0.965
287.75 0.966
288.674 0.924
289.578 0.904
290.408 0.83
291.285 0.877
292.21 0.925
293.187 0.977
294.137 0.95
295.122 0.985
296.103 0.981
296.98 0.877
297.791 0.811
298.636 0.845
299.487 0.851
300.462 0.975
301.472 1.01
302.412 0.94
303.343 0.931
304.332 0.989
305.309 0.977
306.278 0.969
307.155 0.877
308.043 0.888
308.949 0.906
309.958 1.009
310.942 0.984
311.921 0.979
312.91 0.989
313.922 1.012
314.94 1.018
316.022 1.082
316.968 0.946
317.924 0.956
318.917 0.993
319.907 0.99
320.903 0.996
321.862 0.959
322.894 1.032
323.894 1.0
324.79 0.896
325.62 0.83
326.441 0.821
327.289 0.848
328.23 0.941
329.138 0.908
330.06 0.922
331.043 0.983
332.002 0.959
332.886 0.884
333.739 0.853
334.597 0.858
335.484 0.887
336.444 0.96
337.401 0.957
338.314 0.913
339.238 0.924
340.145 0.907
341.019 0.874
341.871 0.852
342.67 0.799
343.453 0.783
344.18 0.727
344.988 0.808
345.984 0.996
346.865 0.881
347.691 0.826
348.585 0.894
349.497 0.912
350.341 0.844
351.141 0.8
351.949 0.808
352.733 0.784
353.484 0.751
354.192 0.708
354.87 0.678
355.538 0.668
356.194 0.656
356.843 0.649
357.516 0.673
358.319 0.803
359.215 0.896
360.1 0.885
360.942 0.842
361.738 0.796
362.509 0.771
363.231 0.722
363.93 0.699
364.617 0.687
365.335 0.718
366.138 0.803
367.017 0.879
367.909 0.892
368.782 0.873
369.573 0.791
370.34 0.767
371.112 0.772
371.948 0.836
372.852 0.904
373.796 0.944
374.643 0.847
375.41 0.767
376.143 0.733
376.876 0.733
377.703 0.827
378.682 0.979
379.668 0.986
380.631 0.963
381.536 0.905
382.38 0.844
383.144 0.764
383.896 0.752
384.652 0.756
385.479 0.827
386.526 1.047
387.512 0.986
388.426 0.914
389.333 0.907
390.26 0.927
391.223 0.963
392.125 0.902
393.036 0.911
393.987 0.951
394.971 0.984
395.898 0.927
396.848 0.95
397.792 0.944
398.725 0.933
399.58 0.855
400.402 0.822
401.172 0.77
401.9 0.728
402.962 1.062
403.957 0.995
404.92 0.963
405.862 0.942
406.783 0.921
407.709 0.926
408.644 0.935
409.611 0.967
410.641 1.03
411.767 1.126
412.804 1.037
413.799 0.995
414.742 0.943
415.747 1.005
416.82 1.073
417.861 1.041
418.928 1.067
419.916 0.988
420.958 1.042
421.965 1.007
422.917 0.952
423.792 0.875
424.66 0.868
425.468 0.808
426.21 0.742
427.15 0.94
428.098 0.948
429.052 0.954
430.107 1.055
431.122 1.015
431.995 0.873
432.856 0.861
433.75 0.894
434.609 0.859
435.458 0.849
436.403 0.945
437.359 0.956
438.319 0.96
439.182 0.863
439.99 0.808
440.788 0.798
441.557 0.769
442.277 0.72
443.053 0.776
444.005 0.952
445.042 1.037
446.075 1.033
447.075 1.0
448.03 0.955
448.912 0.882
449.777 0.865
450.725 0.948
451.693 0.968
452.691 0.998
453.628 0.937
454.571 0.943
455.597 1.026
456.665 1.068
457.683 1.018
458.584 0.901
459.54 0.956
460.49 0.95
461.392 0.902
462.271 0.879
463.164 0.893
464.042 0.878
464.877 0.835
465.727 0.85
466.621 0.894
467.54 0.919
468.457 0.917
469.323 0.866
470.167 0.844
471.002 0.835
471.853 0.851
472.699 0.846
473.523 0.824
474.33 0.807
475.149 0.819
475.915 0.766
476.697 0.782
477.58 0.883
478.462 0.882
479.362 0.9
480.314 0.952
481.228 0.914
482.049 0.821
482.829 0.78
483.573 0.744
484.242 0.669
484.891 0.649
485.546 0.655
486.189 0.643
486.797 0.608
487.398 0.601
488.0 0.602
488.578 0.578
489.17 0.592
489.752 0.582
490.384 0.632
491.127 0.743
491.925 0.798
492.77 0.845
493.622 0.852
494.456 0.834
495.236 0.78
496.034 0.798
496.813 0.779
497.543 0.73
498.229 0.686
498.92 0.691
499.684 0.764
500.593 0.909
501.585 0.992
502.533 0.948
503.42 0.887
504.249 0.829
505.091 0.842
505.984 0.893
506.864 0.88
507.72 0.856
508.621 0.901
509.482 0.861
510.344 0.862
511.151 0.807
511.972 0.821
512.765 0.793
513.498 0.733
514.203 0.705
514.898 0.695
515.582 0.684
516.32 0.738
517.21 0.89
518.167 0.957
519.104 0.937
520.019 0.915
520.838 0.819
521.615 0.777
522.393 0.778
523.162 0.769
523.917 0.755
524.672 0.755
525.44 0.768
526.202 0.762
526.988 0.786
527.934 0.946
528.838 0.904
529.639 0.801
530.507 0.868
531.427 0.92
532.368 0.941
533.341 0.973
534.278 0.937
535.201 0.923
536.043 0.842
536.827 0.784
537.614 0.787
538.376 0.762
539.179 0.803
539.978 0.799
540.821 0.843
541.662 0.841
542.45 0.788
543.216 0.766
544.036 0.82
544.991 0.955
545.887 0.896
546.717 0.83
547.479 0.762
548.23 0.751
548.97 0.74
549.69 0.72
550.377 0.687
551.066 0.689
551.756 0.69
552.423 0.667
553.075 0.652
553.721 0.646
554.411 0.69
555.34 0.929
556.447 1.107
557.527 1.08
558.527 1.0
559.607 1.08
560.584 0.977
561.502 0.918
562.497 0.995
563.504 1.007
564.386 0.882
565.42 1.034
566.62 1.2
567.777 1.157
568.86 1.083
569.879 1.019
570.857 0.978
571.825 0.968
572.856 1.031
573.856 1.0
574.801 0.945
575.791 0.99
576.868 1.077
577.956 1.088
579.051 1.095
580.058 1.007
581.048 0.99
582.035 0.987
583.042 1.007
584.065 1.023
584.933 0.868
585.831 0.898
586.733 0.902
587.575 0.842
588.488 0.913
589.355 0.867
590.257 0.902
591.16 0.903
591.997 0.837
592.762 0.765
593.539 0.777
594.269 0.73
594.982 0.713
595.673 0.691
596.343 0.67
596.986 0.643
597.61 0.624
598.248 0.638
598.921 0.673
599.638 0.717
600.346 0.708
601.082 0.736
601.874 0.792
602.706 0.832
603.528 0.822
604.308 0.78
605.058 0.75
605.844 0.786
606.668 0.824
607.467 0.799
608.53 1.063
609.572 1.042
610.567 0.995
611.607 1.04
612.614 1.007
613.511 0.897
614.276 0.765
615.053 0.777
615.885 0.832
616.766 0.881
617.692 0.926
618.688 0.996
619.543 0.855
620.289 0.746
621.02 0.731
621.751 0.731
622.535 0.784
623.423 0.888
624.283 0.86
625.101 0.818
625.865 0.764
626.628 0.763
627.366 0.738
628.101 0.735
628.851 0.75
629.64 0.789
630.482 0.842
631.462 0.98
632.473 1.011
633.467 0.994
634.314 0.847
635.096 0.782
635.908 0.812
636.744 0.836
637.625 0.881
638.602 0.977
639.41 0.808
640.151 0.741