0.000 0.867
0.867 0.867
1.736 0.869
2.605 0.869
3.483 0.878
4.358 0.875
5.237 0.879
6.123 0.886
7.07 0.947
8.02 0.95
9.01 0.99
9.948 0.938
10.899 0.951
11.842 0.943
12.733 0.891
13.599 0.866
14.413 0.814
15.232 0.819
16.058 0.826
16.876 0.818
17.738 0.862
18.609 0.871
19.473 0.864
20.341 0.868
21.264 0.923
22.214 0.95
23.114 0.9
23.992 0.878
24.861 0.869
25.693 0.832
26.525 0.832
27.38 0.855
28.236 0.856
29.1 0.864
30.019 0.919
30.952 0.933
31.885 0.933
32.816 0.931
33.705 0.889
34.572 0.867
35.445 0.873
36.323 0.878
37.189 0.866
38.092 0.903
38.968 0.876
39.844 0.876
40.761 0.917
41.704 0.943
42.634 0.93
43.61 0.976
44.542 0.932
45.443 0.901
46.34 0.897
47.202 0.862
48.054 0.852
48.915 0.861
49.796 0.881
50.67 0.874
51.576 0.906
52.483 0.907
53.375 0.892
54.257 0.882
55.108 0.851
55.938 0.83
56.82 0.882
57.812 0.992
58.777 0.965
59.759 0.982
60.699 0.94
61.605 0.906
62.48 0.875
63.35 0.87
64.213 0.863
65.06 0.847
65.897 0.837
66.764 0.867
67.662 0.898
68.586 0.924
69.488 0.902
70.408 0.92
71.333 0.925
72.257 0.924
73.162 0.905
74.094 0.932
75.031 0.937
75.953 0.922
76.903 0.95
77.866 0.963
78.809 0.943
79.764 0.955
80.725 0.961
81.659 0.934
82.599 0.94
83.495 0.896
84.391 0.896
85.307 0.916
86.193 0.886
87.078 0.885
87.969 0.891
88.841 0.872
89.694 0.853
90.576 0.882
91.469 0.893
92.342 0.873
93.223 0.881
94.107 0.884
94.979 0.872
95.893 0.914
96.904 1.011
97.9 0.996
98.896 0.996
99.839 0.943
100.763 0.924
101.646 0.883
102.529 0.883
103.407 0.878
104.285 0.878
105.182 0.897
106.078 0.896
106.969 0.891
107.872 0.903
108.739 0.867
109.577 0.838
110.42 0.843
111.272 0.852
112.118 0.846
112.968 0.85
113.832 0.864
114.717 0.885
115.582 0.865
116.482 0.9
117.389 0.907
118.304 0.915
119.261 0.957
120.259 0.998
121.247 0.988
122.236 0.989
123.173 0.937
124.087 0.914
124.988 0.901
125.88 0.892
126.751 0.871
127.592 0.841
128.448 0.856
129.294 0.846
130.135 0.841
130.992 0.857
131.865 0.873
132.736 0.871
133.651 0.915
134.553 0.902
135.451 0.898
136.355 0.904
137.24 0.885
138.106 0.866
138.966 0.86
139.77 0.804
140.553 0.783
141.342 0.789
142.121 0.779
142.878 0.757
143.621 0.743
144.354 0.733
145.092 0.738
145.854 0.762
146.629 0.775
147.453 0.824
148.335 0.882
149.247 0.912
150.122 0.875
151.01 0.888
151.901 0.891
152.794 0.893
153.684 0.89
154.584 0.9
155.466 0.882
156.355 0.889
157.24 0.885
158.125 0.885
159.013 0.888
159.914 0.901
160.806 0.892
161.691 0.885
162.61 0.919
163.538 0.928
164.456 0.918
165.381 0.925
166.285 0.904
167.179 0.894
168.118 0.939
169.08 0.962
170.027 0.947
170.998 0.971
171.936 0.938
172.849 0.913
173.734 0.885
174.586 0.852
175.448 0.862
176.286 0.838
177.128 0.842
177.999 0.871
178.894 0.895
179.816 0.922
180.739 0.923
181.679 0.94
182.645 0.966
183.604 0.959
184.582 0.978
185.568 0.986
186.544 0.976
187.52 0.976
188.444 0.924
189.356 0.912
190.229 0.873
191.078 0.849
191.94 0.862
192.807 0.867
193.679 0.872
194.59 0.911
195.51 0.92
196.424 0.914
197.362 0.938
198.275 0.913
199.173 0.898
200.061 0.888
200.918 0.857
201.757 0.839
202.589 0.832
203.4 0.811
204.214 0.814
205.039 0.825
205.883 0.844
206.739 0.856
207.602 0.863
208.453 0.851
209.316 0.863
210.2 0.884
211.084 0.884
211.962 0.878
212.838 0.876
213.696 0.858
214.548 0.852
215.377 0.829
216.174 0.797
216.94 0.766
217.697 0.757
218.455 0.758
219.231 0.776
220.044 0.813
220.909 0.865
221.831 0.922
222.765 0.934
223.689 0.924
224.598 0.909
225.492 0.894
226.348 0.856
227.199 0.851
228.024 0.825
228.862 0.838
229.715 0.853
230.577 0.862
231.439 0.862
232.304 0.865
233.161 0.857
233.983 0.822
234.808 0.825
235.611 0.803
236.387 0.776
237.128 0.741
237.851 0.723
238.565 0.714
239.264 0.699
239.952 0.688
240.626 0.674
241.295 0.669
241.955 0.66
242.606 0.651
243.256 0.65
243.919 0.663
244.606 0.687
245.321 0.715
246.069 0.748
246.83 0.761
247.606 0.776
248.371 0.765
249.117 0.746
249.837 0.72
250.541 0.704
251.248 0.707
251.961 0.713
252.68 0.719
253.391 0.711
254.144 0.753
254.939 0.795
255.752 0.813
256.586 0.834
257.429 0.843
258.257 0.828
259.076 0.819
259.888 0.812
260.692 0.804
261.501 0.809
262.301 0.8
263.091 0.79
263.879 0.788
264.697 0.818
265.58 0.883
266.479 0.899
267.4 0.921
268.352 0.952
269.25 0.898
270.136 0.886
271.01 0.874
271.861 0.851
272.727 0.866
273.604 0.877
274.494 0.89
275.396 0.902
276.289 0.893
277.202 0.913
278.126 0.924
279.054 0.928
279.944 0.89
280.839 0.895
281.71 0.871
282.573 0.863
283.446 0.873
284.318 0.872
285.196 0.878
286.096 0.9
287.016 0.92
287.956 0.94
288.877 0.921
289.779 0.902
290.648 0.869
291.493 0.845
292.336 0.843
293.196 0.86
294.053 0.857
294.905 0.852
295.738 0.833
296.579 0.841
297.425 0.846
298.285 0.86
299.17 0.885
300.065 0.895
300.964 0.899
301.869 0.905
302.759 0.89
303.641 0.882
304.508 0.867
305.363 0.855
306.234 0.871
307.097 0.863
307.958 0.861
308.81 0.852
309.644 0.834
310.479 0.835
311.305 0.826
312.127 0.822
312.949 0.822
313.757 0.808
314.558 0.801
315.344 0.786
316.111 0.767
316.866 0.755
317.614 0.748
318.373 0.759
319.14 0.767
319.926 0.786
320.753 0.827
321.586 0.833
322.404 0.818
323.198 0.794
323.957 0.759
324.695 0.738
325.425 0.73
326.151 0.726
326.877 0.726
327.612 0.735
328.36 0.748
329.111 0.751
329.859 0.748
330.606 0.747
331.349 0.743
332.081 0.732
332.808 0.727
333.544 0.736
334.272 0.728
334.999 0.727
335.733 0.734
336.465 0.732
337.197 0.732
337.93 0.733
338.678 0.748
339.43 0.752
340.191 0.761
340.96 0.769
341.726 0.766
342.481 0.755
343.232 0.751
343.993 0.761
344.76 0.767
345.537 0.777
346.328 0.791
347.144 0.816
347.99 0.846
348.866 0.876
349.743 0.877
350.62 0.877
351.502 0.882
352.364 0.862
353.187 0.823
353.977 0.79
354.749 0.772
355.499 0.75
356.247 0.748
356.991 0.744
357.743 0.752
358.515 0.772
359.296 0.781
360.091 0.795
360.898 0.807
361.705 0.807
362.515 0.81
363.306 0.791
364.085 0.779
364.858 0.773
365.627 0.769
366.391 0.764
367.161 0.77
367.943 0.782
368.736 0.793
369.547 0.811
370.385 0.838
371.232 0.847
372.089 0.857
372.951 0.862
373.816 0.865
374.688 0.872
375.564 0.876
376.434 0.87
377.291 0.857
378.136 0.845
378.964 0.828
379.773 0.809
380.579 0.806
381.399 0.82
382.228 0.829
383.058 0.83
383.893 0.835
384.727 0.834
385.568 0.841
386.42 0.852
387.287 0.867
388.136 0.849
388.965 0.829
389.765 0.8
390.538 0.773
391.28 0.742
392.001 0.721
392.702 0.701
393.394 0.692
394.089 0.695
394.803 0.714
395.58 0.777
396.421 0.841
397.302 0.881
398.214 0.912
399.119 0.905
400.005 0.886
400.844 0.839
401.661 0.817
402.489 0.828
403.331 0.842
404.17 0.839
405.019 0.849
405.869 0.85
406.7 0.831
407.533 0.833
408.362 0.829
409.174 0.812
409.973 0.799
410.767 0.794
411.56 0.793
412.338 0.778
413.104 0.766
413.848 0.744
414.593 0.745
415.343 0.75
416.104 0.761
416.887 0.783
417.69 0.803
418.481 0.791
419.27 0.789
420.058 0.788
420.838 0.78
421.604 0.766
422.356 0.752
423.096 0.74
423.825 0.729
424.546 0.721
425.261 0.715
425.979 0.718
426.697 0.718
427.427 0.73
428.166 0.739
428.912 0.746
429.683 0.771
430.479 0.796
431.29 0.811
432.127 0.837
432.982 0.855
433.832 0.85
434.667 0.835
435.48 0.813
436.28 0.8
437.078 0.798
437.869 0.791
438.659 0.79
439.459 0.8
440.276 0.817
441.091 0.815
441.913 0.822
442.732 0.819
443.537 0.805
444.341 0.804
445.138 0.797
445.916 0.778
446.68 0.764
447.437 0.757
448.199 0.762
448.98 0.781
449.76 0.78
450.539 0.779
451.317 0.778
452.078 0.761
452.825 0.747
453.544 0.719
454.251 0.707
454.953 0.702
455.658 0.705
456.373 0.715
457.108 0.735
457.873 0.765
458.648 0.775
459.439 0.791
460.238 0.799
461.048 0.81
461.859 0.811
462.664 0.805
463.475 0.811
464.28 0.805
465.079 0.799
465.876 0.797
466.669 0.793
467.474 0.805
468.278 0.804
469.094 0.816
469.934 0.84
470.778 0.844
471.659 0.881
472.547 0.888
473.446 0.899
474.354 0.908
475.22 0.866
476.069 0.849
476.89 0.821
477.703 0.813
478.516 0.813
479.336 0.82
480.153 0.817
480.982 0.829
481.799 0.817
482.606 0.807
483.414 0.808
484.223 0.809
485.033 0.81
485.847 0.814
486.659 0.812
487.466 0.807
488.278 0.812
489.095 0.817
489.911 0.816
490.727 0.816
491.538 0.811
492.34 0.802
493.134 0.794
493.926 0.792
494.714 0.788
495.506 0.792
496.301 0.795
497.114 0.813
497.932 0.818
498.765 0.833
499.598 0.833
500.431 0.833
501.26 0.829
502.074 0.814
502.891 0.817
503.706 0.815
504.524 0.818
505.336 0.812
506.144 0.808
506.932 0.788
507.707 0.775
508.477 0.77
509.253 0.776
510.026 0.773
510.789 0.763
511.553 0.764
512.312 0.759
513.062 0.75
513.794 0.732
514.508 0.714
515.208 0.7
515.898 0.69
516.592 0.694
517.3 0.708
518.01 0.71
518.715 0.705
519.423 0.708
520.119 0.696
520.806 0.687
521.474 0.668
522.133 0.659
522.791 0.658
523.451 0.66
524.118 0.667
524.785 0.667
525.456 0.671
526.122 0.666
526.784 0.662
527.446 0.662
528.102 0.656
528.751 0.649
529.392 0.641
530.028 0.636
530.662 0.634
531.301 0.639
531.94 0.639
532.597 0.657
533.305 0.708
534.078 0.773
534.88 0.802
535.771 0.891
536.692 0.921
537.627 0.935
538.534 0.907
539.44 0.906
540.337 0.897
541.209 0.872
542.044 0.835
542.904 0.86
543.81 0.906
544.739 0.929
545.671 0.932
546.595 0.924
547.519 0.924
548.445 0.926
549.353 0.908
550.227 0.874
551.081 0.854
551.943 0.862
552.808 0.865
553.698 0.89
554.614 0.916
555.538 0.924
556.488 0.95
557.423 0.935
558.352 0.929
559.25 0.898
560.147 0.897
561.017 0.87
561.888 0.871
562.767 0.879
563.641 0.874
564.503 0.862
565.354 0.851
566.188 0.834
567.027 0.839
567.862 0.835
568.701 0.839
569.554 0.853
570.405 0.851
571.252 0.847
572.131 0.879
573.011 0.88
573.886 0.875
574.753 0.867
575.625 0.872
576.51 0.885
577.393 0.883
578.269 0.876
579.129 0.86
579.98 0.851
580.801 0.821
581.612 0.811
582.405 0.793
583.189 0.784
583.966 0.777
584.727 0.761
585.475 0.748
586.22 0.745
586.968 0.748
587.7 0.732
588.428 0.728
589.152 0.724
589.88 0.728
590.609 0.729
591.348 0.739
592.084 0.736
592.803 0.719
593.526 0.723
594.258 0.732
594.972 0.714
595.673 0.701
596.379 0.706
597.079 0.7
597.769 0.69
598.472 0.703
599.182 0.71
599.899 0.717
600.613 0.714
601.346 0.733
602.098 0.752
602.873 0.775
603.683 0.81
604.505 0.822