0.000 0.322
0.322 0.322
1.108 0.786
1.895 0.787
2.719 0.824
3.567 0.848
4.447 0.88
5.327 0.88
6.219 0.892
7.049 0.83
7.869 0.82
8.709 0.84
9.568 0.859
10.405 0.837
11.295 0.89
12.179 0.884
13.095 0.916
13.98 0.885
14.833 0.853
15.674 0.841
16.471 0.797
17.3 0.829
18.142 0.842
18.971 0.829
19.827 0.856
20.711 0.884
21.596 0.885
22.502 0.906
23.405 0.903
24.32 0.915
25.224 0.904
26.126 0.902
27.031 0.905
27.908 0.877
28.798 0.89
29.66 0.862
30.548 0.888
31.491 0.943
32.437 0.946
33.415 0.978
34.369 0.954
35.291 0.922
36.218 0.927
37.117 0.899
38.015 0.898
38.89 0.875
39.724 0.834
40.556 0.832
41.38 0.824
42.199 0.819
43.059 0.86
43.89 0.831
44.672 0.782
45.465 0.793
46.217 0.752
46.933 0.716
47.635 0.702
48.345 0.71
49.103 0.758
49.946 0.843
50.835 0.889
51.743 0.908
52.667 0.924
53.592 0.925
54.509 0.917
55.436 0.927
56.361 0.925
57.282 0.921
58.165 0.883
59.026 0.861
59.964 0.938
60.945 0.981
61.926 0.981
62.903 0.977
63.854 0.951
64.784 0.93
65.755 0.971
66.781 1.026
67.776 0.995
68.761 0.985
69.714 0.953
70.639 0.925
71.554 0.915
72.421 0.867
73.314 0.893
74.237 0.923
75.149 0.912
76.11 0.961
77.065 0.955
78.056 0.991
79.04 0.984
80.011 0.971
81.003 0.992
81.964 0.961
82.896 0.932
83.831 0.935
84.738 0.907
85.625 0.887
86.528 0.903
87.412 0.884
88.318 0.906
89.227 0.909
90.125 0.898
91.029 0.904
91.906 0.877
92.772 0.866
93.616 0.844
94.448 0.832
95.313 0.865
96.19 0.877
97.074 0.884
97.961 0.887
98.846 0.885
99.752 0.906
100.684 0.932
101.574 0.89
102.461 0.887
103.355 0.894
104.228 0.873
105.119 0.891
105.972 0.853
106.844 0.872
107.729 0.885
108.61 0.881
109.529 0.919
110.446 0.917
111.333 0.887
112.224 0.891
113.101 0.877
113.985 0.884
114.897 0.912
115.78 0.883
116.679 0.899
117.575 0.896
118.464 0.889
119.34 0.876
120.18 0.84
121.021 0.841
121.852 0.831
122.678 0.826
123.515 0.837
124.341 0.826
125.177 0.836
126.027 0.85
126.882 0.855
127.731 0.849
128.562 0.831
129.38 0.818
130.217 0.837
131.052 0.835
131.892 0.84
132.778 0.886
133.675 0.897
134.572 0.897
135.464 0.892
136.32 0.856
137.165 0.845
137.998 0.833
138.823 0.825
139.66 0.837
140.518 0.858
141.39 0.872
142.257 0.867
143.104 0.847
143.925 0.821
144.744 0.819
145.544 0.8
146.334 0.79
147.127 0.793
147.9 0.773
148.646 0.746
149.373 0.727
150.089 0.716
150.821 0.732
151.557 0.736
152.318 0.761
153.138 0.82
153.992 0.854
154.85 0.858
155.737 0.887
156.653 0.916
157.545 0.892
158.42 0.875
159.3 0.88
160.176 0.876
161.01 0.834
161.821 0.811
162.641 0.82
163.46 0.819
164.279 0.819
165.119 0.84
165.998 0.879
166.876 0.878
167.737 0.861
168.577 0.84
169.373 0.796
170.168 0.795
170.958 0.79
171.747 0.789
172.506 0.759
173.279 0.773
174.044 0.765
174.839 0.795
175.657 0.818
176.485 0.828
177.356 0.871
178.225 0.869
179.065 0.84
179.885 0.82
180.694 0.809
181.506 0.812
182.281 0.775
183.065 0.784
183.838 0.773
184.617 0.779
185.382 0.765
186.126 0.744
186.847 0.721
187.556 0.709
188.234 0.678
188.916 0.682
189.593 0.677
190.264 0.671
190.949 0.685
191.651 0.702
192.359 0.708
193.098 0.739
193.834 0.736
194.581 0.747
195.348 0.767
196.135 0.787
196.933 0.798
197.716 0.783
198.517 0.801
199.317 0.8
200.114 0.797
200.954 0.84
201.802 0.848
202.636 0.834
203.491 0.855
204.31 0.819
205.137 0.827
205.934 0.797
206.721 0.787
207.504 0.783
208.298 0.794
209.064 0.766
209.839 0.775
210.587 0.748
211.348 0.761
212.086 0.738
212.824 0.738
213.564 0.74
214.291 0.727
215.02 0.729
215.723 0.703
216.425 0.702
217.111 0.686
217.8 0.689
218.493 0.693
219.187 0.694
219.899 0.712
220.615 0.716
221.35 0.735
222.134 0.784
222.933 0.799
223.718 0.785
224.514 0.796
225.305 0.791
226.072 0.767
226.851 0.779
227.638 0.787
228.419 0.781
229.243 0.824
230.079 0.836
230.942 0.863
231.812 0.87
232.655 0.843
233.537 0.882
234.412 0.875
235.298 0.886
236.151 0.853
236.973 0.822
237.808 0.835
238.62 0.812
239.476 0.856
240.343 0.867
241.237 0.894
242.114 0.877
242.996 0.882
243.886 0.89
244.76 0.874
245.626 0.866
246.471 0.845
247.318 0.847
248.137 0.819
248.941 0.804
249.769 0.828
250.631 0.862
251.561 0.93
252.545 0.984
253.527 0.982
254.471 0.944
255.363 0.892
256.259 0.896
257.128 0.869
257.994 0.866
258.856 0.862
259.735 0.879
260.581 0.846
261.394 0.813
262.199 0.805
263.011 0.812
263.811 0.8
264.612 0.801
265.43 0.818
266.23 0.8
267.058 0.828
267.904 0.846
268.77 0.866
269.621 0.851
270.475 0.854
271.326 0.851
272.19 0.864
273.072 0.882
273.96 0.888
274.887 0.927
275.799 0.912
276.735 0.936
277.669 0.934
278.608 0.939
279.519 0.911
280.432 0.913
281.354 0.922
282.281 0.927
283.217 0.936
284.149 0.932
285.096 0.947
286.035 0.939
286.951 0.916
287.854 0.903
288.713 0.859
289.534 0.821
290.347 0.813
291.176 0.829
292.058 0.882
292.976 0.918
293.957 0.981
294.933 0.976
295.908 0.975
296.833 0.925
297.763 0.93
298.677 0.914
299.595 0.918
300.512 0.917
301.427 0.915
302.358 0.931
303.277 0.919
304.205 0.928
305.153 0.948
306.161 1.008
307.095 0.934
307.965 0.87
308.792 0.827
309.569 0.777
310.335 0.766
311.075 0.74
311.819 0.744
312.571 0.752
313.33 0.759
314.123 0.793
314.967 0.844
315.843 0.876
316.761 0.918
317.691 0.93
318.634 0.943
319.571 0.937
320.468 0.897
321.364 0.896
322.247 0.883
323.116 0.869
324.014 0.898
324.906 0.892
325.824 0.918
326.75 0.926
327.647 0.897
328.567 0.92
329.499 0.932
330.389 0.89
331.287 0.898
332.194 0.907
333.094 0.9
333.994 0.9
334.885 0.891
335.812 0.927
336.702 0.89
337.602 0.9
338.499 0.897
339.384 0.885
340.297 0.913
341.206 0.909
342.16 0.954
343.092 0.932
344.053 0.961
345.017 0.964
345.959 0.942
346.922 0.963
347.888 0.966
348.842 0.954
349.798 0.956
350.734 0.936
351.694 0.96
352.619 0.925
353.569 0.95
354.506 0.937
355.431 0.925
356.38 0.949
357.324 0.944
358.277 0.953
359.242 0.965
360.198 0.956
361.17 0.972
362.093 0.923
363.033 0.94
363.937 0.904
364.835 0.898
365.762 0.927
366.701 0.939
367.694 0.993
368.688 0.994
369.68 0.992
370.7 1.02
371.724 1.024
372.757 1.033
373.789 1.032
374.826 1.037
375.866 1.04
376.854 0.988
377.822 0.968
378.742 0.92
379.654 0.912
380.552 0.898
381.495 0.943
382.406 0.911
383.335 0.929
384.272 0.937
385.174 0.902
386.105 0.931
387.032 0.927
387.932 0.9
388.799 0.867
389.626 0.827
390.446 0.82
391.236 0.79
392.02 0.784
392.799 0.779
393.576 0.777
394.387 0.811
395.229 0.842
396.121 0.892
397.051 0.93
397.978 0.927
398.928 0.95
399.861 0.933
400.784 0.923
401.65 0.866
402.503 0.853
403.359 0.856
404.224 0.865
405.111 0.887
405.997 0.886
406.893 0.896
407.777 0.884
408.646 0.869
409.495 0.849
410.327 0.832
411.183 0.856
412.023 0.84
412.891 0.868
413.771 0.88
414.638 0.867
415.491 0.853
416.346 0.855
417.194 0.848
418.05 0.856
418.905 0.855
419.746 0.841
420.587 0.841
421.402 0.815
422.232 0.83
423.065 0.833
423.9 0.835
424.746 0.846
425.607 0.861
426.434 0.827
427.249 0.815
428.052 0.803
428.823 0.771
429.609 0.786
430.431 0.822
431.258 0.827
432.084 0.826
432.897 0.813
433.682 0.785
434.47 0.788
435.273 0.803
436.094 0.821
436.936 0.842
437.806 0.87
438.662 0.856
439.503 0.841
440.339 0.836
441.122 0.783
441.877 0.755
442.601 0.724
443.321 0.72
444.05 0.729
444.795 0.745
445.552 0.757
446.312 0.76
447.065 0.753
447.799 0.734
448.509 0.71
449.214 0.705
449.913 0.699
450.606 0.693
451.293 0.687
451.972 0.679
452.655 0.683
453.346 0.691
454.048 0.702
454.789 0.741
455.571 0.782
456.356 0.785
457.162 0.806
457.974 0.812
458.793 0.819
459.602 0.809
460.367 0.765
461.115 0.748
461.845 0.73
462.561 0.716
463.265 0.704
463.951 0.686
464.627 0.676
465.295 0.668
465.953 0.658
466.601 0.648
467.24 0.639
467.883 0.643
468.582 0.699
469.349 0.767
470.185 0.836
471.04 0.855
471.918 0.878
472.744 0.826
473.575 0.831
474.396 0.821
475.195 0.799
476.004 0.809
476.856 0.852
477.73 0.874
478.585 0.855
479.451 0.866
480.27 0.819
481.074 0.804
481.854 0.78
482.639 0.785
483.475 0.836
484.37 0.895
485.291 0.921
486.23 0.939
487.142 0.912
488.076 0.934
489.007 0.931
489.895 0.888
490.762 0.867
491.642 0.88
492.53 0.888
493.395 0.865
494.292 0.897
495.226 0.934
496.199 0.973
497.178 0.979
498.097 0.919
499.031 0.934
499.891 0.86
500.757 0.866
501.609 0.852
502.442 0.833
503.318 0.876
504.195 0.877
505.11 0.915
505.986 0.876
506.872 0.886
507.713 0.841
508.568 0.855
509.431 0.863
510.297 0.866
511.174 0.877
512.054 0.88
512.903 0.849
513.744 0.841
514.565 0.821
515.358 0.793
516.141 0.783
516.917 0.776
517.668 0.751
518.408 0.74
519.142 0.734
519.858 0.716
520.556 0.698
521.231 0.675
521.903 0.672
522.577 0.674
523.27 0.693
523.998 0.728
524.757 0.759
525.54 0.783
526.32 0.78
527.084 0.764
527.851 0.767
528.627 0.776
529.421 0.794
530.213 0.792
530.988 0.775
531.765 0.777
532.561 0.796
533.353 0.792
534.153 0.8
534.977 0.824
535.803 0.826
536.613 0.81
537.44 0.827
538.252 0.812
539.064 0.812
539.887 0.823
540.711 0.824
541.537 0.826
542.361 0.824
543.155 0.794
543.922 0.767
544.656 0.734
545.39 0.734
546.14 0.75
546.906 0.766
547.668 0.762
548.469 0.801
549.296 0.827
550.131 0.835
550.939 0.808
551.725 0.786
552.476 0.751
553.202 0.726
553.918 0.716
554.612 0.694
555.29 0.678
555.955 0.665
556.618 0.663
557.296 0.678
558.014 0.718
558.793 0.779
559.617 0.824
560.489 0.872
561.402 0.913
562.333 0.931
563.267 0.934
564.219 0.952
565.128 0.909
566.016 0.888
566.897 0.881
567.795 0.898
568.723 0.928
569.674 0.951
570.605 0.931
571.481 0.876
572.363 0.882
573.269 0.906
574.241 0.972
575.251 1.01
576.292 1.041
577.338 1.046
578.335 0.997
579.312 0.977
580.245 0.933
581.153 0.908
581.983 0.83
582.816 0.833
583.627 0.811
584.419 0.792
585.222 0.803
586.034 0.812
586.903 0.869
587.812 0.909
588.747 0.935
589.696 0.949
590.627 0.931
591.526 0.899
592.386 0.86
593.227 0.841
594.045 0.818
594.853 0.808
595.676 0.823
596.491 0.815
597.272 0.781
598.058 0.786