0.000 0.983
0.983 0.983
1.922 0.939
2.862 0.94
3.721 0.859
4.571 0.85
5.462 0.891
6.293 0.831
7.117 0.824
7.929 0.812
8.695 0.766
9.469 0.774
10.299 0.83
11.183 0.884
12.06 0.877
13.034 0.974
14.037 1.003
14.977 0.94
15.897 0.92
16.831 0.934
17.781 0.95
18.689 0.908
19.623 0.934
20.32 0.697
20.597 0.277
21.587 0.99
22.514 0.927
23.498 0.984
24.54 1.042
25.525 0.985
26.458 0.933
27.434 0.976
28.363 0.929
29.356 0.993
29.942 0.586
30.274 0.332
30.669 0.395
31.21 0.541
32.165 0.955
33.083 0.918
34.071 0.988
35.139 1.068
36.229 1.09
37.216 0.987
38.202 0.986
39.187 0.985
40.19 1.003
41.133 0.943
42.054 0.921
43.025 0.971
44.064 1.039
45.07 1.006
45.977 0.907
46.936 0.959
47.953 1.017
48.974 1.021
49.957 0.983
50.851 0.894
51.778 0.927
52.063 0.285
52.493 0.43
53.674 1.181
54.558 0.884
55.122 0.564
55.488 0.366
55.916 0.428
56.44 0.524
57.408 0.968
58.318 0.91
59.272 0.954
60.256 0.984
61.233 0.977
62.142 0.909
63.088 0.946
64.05 0.962
65.001 0.951
65.895 0.894
66.833 0.938
67.777 0.944
68.439 0.662
69.531 1.092
70.366 0.835
70.756 0.39
71.384 0.628
72.362 0.978
73.278 0.916
74.214 0.936
75.169 0.955
76.087 0.918
76.965 0.878
77.857 0.892
78.807 0.95
79.676 0.869
80.508 0.832
81.384 0.876
82.347 0.963
83.269 0.922
84.142 0.873
85.084 0.942
85.431 0.347
86.068 0.637
87.085 1.017
87.347 0.262
87.649 0.302
88.077 0.428
88.328 0.251
88.98 0.652
89.381 0.401
89.664 0.283
90.699 1.035
91.412 0.713
91.931 0.519
92.286 0.355
92.964 0.678
93.39 0.426
93.877 0.487
94.808 0.931
95.688 0.88
96.08 0.392
96.615 0.535
97.557 0.942
97.95 0.393
98.501 0.551
99.39 0.889
99.766 0.376
100.111 0.345
100.475 0.364
100.831 0.356
101.13 0.299
101.643 0.513
102.007 0.364
102.8 0.793
103.612 0.812
104.453 0.841
105.346 0.893
106.263 0.917
107.138 0.875
108.017 0.879
108.908 0.891
109.812 0.904
110.607 0.795
111.541 0.934
111.834 0.293
112.404 0.57
113.277 0.873
113.885 0.608
114.138 0.253
114.418 0.28
114.965 0.547
115.28 0.315
115.672 0.392
116.182 0.51
116.794 0.612
117.336 0.542
117.795 0.459
118.656 0.861
119.533 0.877
120.43 0.897
121.342 0.912
121.81 0.468
122.236 0.426
123.093 0.857
123.786 0.693
124.897 1.111
125.835 0.938
126.711 0.876
127.587 0.876
127.964 0.377
128.465 0.501
128.814 0.349
129.236 0.422
129.603 0.367
130.187 0.584
131.009 0.822
131.877 0.868
132.592 0.715
132.985 0.393
133.8 0.815
134.239 0.439
134.66 0.421
134.923 0.263
135.527 0.604
136.408 0.881
137.308 0.9
138.151 0.843
138.987 0.836
139.851 0.864
140.755 0.904
141.237 0.482
141.693 0.456
142.586 0.893
142.876 0.29
143.506 0.63
144.44 0.934
144.692 0.252
145.103 0.411
146.18 1.077
146.879 0.699
147.872 0.993
148.128 0.256
148.438 0.31
148.715 0.277
149.06 0.345
149.647 0.587
150.332 0.685
150.654 0.322
151.064 0.41
151.757 0.693
152.289 0.532
152.85 0.561
153.532 0.682
153.787 0.255
154.097 0.31
154.403 0.306
155.493 1.09
156.074 0.581
156.394 0.32
157.262 0.868
157.653 0.391
158.113 0.46
158.968 0.855
159.369 0.401
159.839 0.47
160.218 0.379
160.68 0.462
161.408 0.728
161.771 0.363
162.469 0.698
163.364 0.895
163.776 0.412
164.146 0.37
165.062 0.916
165.493 0.431
165.943 0.45
166.776 0.833
167.493 0.717
168.07 0.577
168.557 0.487
169.423 0.866
170.284 0.861
171.133 0.849
171.947 0.814
172.376 0.429
172.628 0.252
173.028 0.4
173.626 0.598
173.913 0.287
174.422 0.509
174.762 0.34
175.287 0.525
176.123 0.836
176.963 0.84
177.783 0.82
178.589 0.806
179.411 0.822
180.237 0.826
180.739 0.502
181.048 0.309
181.837 0.789
182.281 0.444
182.644 0.363
183.464 0.82
184.292 0.828
184.89 0.598
185.798 0.908
186.637 0.839
187.432 0.795
187.773 0.341
188.091 0.318
189.059 0.968
189.898 0.839
190.765 0.867
191.021 0.256
191.364 0.343
191.623 0.259
192.033 0.41
192.451 0.418
193.319 0.868
193.66 0.341
194.216 0.556
194.942 0.726
195.254 0.312
195.637 0.383
195.922 0.285
196.59 0.668
197.606 1.016
198.294 0.688
198.553 0.259
199.005 0.452
199.331 0.326
200.015 0.684
200.835 0.82
201.741 0.906
202.752 1.011
203.088 0.336
203.346 0.258
203.709 0.363
204.256 0.547
204.566 0.31
205.541 0.975
206.469 0.928
207.106 0.637
207.356 0.25
208.226 0.87
209.112 0.886
210.018 0.906
210.465 0.447
210.748 0.283
211.588 0.84
212.63 1.042
213.504 0.874
214.047 0.543
214.358 0.311
215.087 0.729
216.087 1.0
217.065 0.978
217.349 0.284
217.614 0.265
217.978 0.364
218.866 0.888
219.802 0.936
220.735 0.933
221.032 0.297
221.452 0.42
221.881 0.429
222.521 0.64
223.41 0.889
224.264 0.854
224.642 0.378
224.897 0.255
225.89 0.993
226.777 0.887
227.711 0.934
228.613 0.902
229.491 0.878
230.394 0.903
231.056 0.662
232.203 1.147
232.651 0.448
232.906 0.255
233.912 1.006
234.768 0.856
235.289 0.521
235.571 0.282
235.88 0.309
236.133 0.253
236.528 0.395
237.113 0.585
237.382 0.269
238.249 0.867
239.06 0.811
239.521 0.461
239.88 0.359
240.248 0.368
240.815 0.567
241.689 0.874
242.595 0.906
243.342 0.747
243.594 0.252
243.998 0.404
245.059 1.061
245.922 0.863
246.859 0.937
247.677 0.818
248.603 0.926
249.509 0.906
250.443 0.934
251.37 0.927
251.778 0.408
252.135 0.357
252.415 0.28
253.147 0.732
253.594 0.447
254.065 0.471
254.978 0.913
255.42 0.442
255.734 0.314
256.001 0.267
256.787 0.786
257.745 0.958
258.716 0.971
259.001 0.285
259.287 0.286
259.598 0.311
260.481 0.883
261.406 0.925
262.309 0.903
262.803 0.494
263.094 0.291
263.404 0.31
263.711 0.307
264.038 0.327
264.406 0.368
264.78 0.374
265.067 0.287
265.583 0.516
265.999 0.416
266.478 0.479
266.822 0.344
267.763 0.941
268.222 0.459
268.728 0.506
269.086 0.358
269.438 0.352
269.757 0.319
270.046 0.289
270.357 0.311
270.716 0.359
271.075 0.359
271.488 0.413
271.802 0.314
272.295 0.493
272.995 0.7
274.02 1.025
274.796 0.776
275.107 0.311
275.404 0.297
275.732 0.328
276.273 0.541
276.602 0.329
278.455 1.853
279.524 1.069
280.227 0.703
281.061 0.834
281.563 0.502
281.874 0.311
283.665 1.791
284.693 1.028
285.267 0.574
285.525 0.258
286.032 0.507
286.423 0.391
288.311 1.888
290.193 1.882
290.8 0.607
291.063 0.263
291.376 0.313
292.273 0.897
292.86 0.587
293.187 0.327
293.796 0.609
294.08 0.284
294.986 0.906
295.826 0.84
296.643 0.817
297.467 0.824
298.327 0.86
299.283 0.956
299.923 0.64
300.212 0.289
300.47 0.258
300.86 0.39
301.147 0.287
301.405 0.258
302.295 0.89
302.602 0.307
302.857 0.255
303.207 0.35
303.741 0.534
304.652 0.911
305.57 0.918
306.105 0.535
306.429 0.324
307.213 0.784
307.464 0.251
307.801 0.337
308.134 0.333
308.388 0.254
308.68 0.292
309.04 0.36
310.015 0.975
311.018 1.003
311.991 0.973
312.974 0.983
313.624 0.65
314.01 0.386
314.355 0.345
315.054 0.699
315.324 0.27
315.613 0.289
316.002 0.389
316.384 0.382
316.895 0.511
317.488 0.593
318.071 0.583
319.094 1.023
320.132 1.038
320.401 0.269
320.667 0.266
321.039 0.372
321.767 0.728
322.034 0.267
322.44 0.406
323.345 0.905
323.873 0.528
325.549 1.676
336.775 0.781
337.338 0.563
338.021 0.683
338.325 0.304
338.659 0.334
339.095 0.436
339.841 0.746
340.241 0.4
340.53 0.289
340.891 0.361
341.396 0.505
341.785 0.389
342.051 0.266
342.545 0.494
342.873 0.328
343.192 0.319
343.788 0.596
344.348 0.56
344.874 0.526
348.658 3.784
349.458 0.8
350.229 0.771
351.007 0.778
351.811 0.804
352.648 0.837
353.03 0.382
353.292 0.262
354.37 1.078
355.236 0.866
355.97 0.734
356.478 0.508
356.923 0.445
357.743 0.82
358.605 0.862
359.541 0.936
360.184 0.643
360.443 0.259
361.434 0.991
362.397 0.963
363.321 0.924
364.235 0.914
365.108 0.873
365.526 0.418
366.005 0.479
366.9 0.895
367.788 0.888
368.704 0.916
369.61 0.906
370.494 0.884
371.343 0.849
372.138 0.795
372.949 0.811
373.77 0.821
374.579 0.809
374.942 0.363
375.345 0.403
376.105 0.76
376.871 0.766
377.675 0.804
378.518 0.843
379.34 0.822
380.186 0.846
381.069 0.883
381.978 0.909
382.905 0.927
383.795 0.89
384.73 0.935
384.99 0.26
385.645 0.655
386.544 0.899
387.445 0.901
388.336 0.891
389.165 0.829
389.98 0.815
390.829 0.849
391.663 0.834
392.541 0.878
393.382 0.841
394.213 0.831
395.07 0.857
395.953 0.883
396.842 0.889
397.696 0.854
398.588 0.892
399.499 0.911
400.41 0.911
401.302 0.892
402.162 0.86
403.06 0.898
403.977 0.917
404.881 0.904
405.757 0.876
406.616 0.859
407.484 0.868
408.383 0.899
409.238 0.855
410.084 0.846
410.984 0.9
411.916 0.932
412.805 0.889
413.692 0.887
414.582 0.89
415.474 0.892
416.294 0.82
417.134 0.84
417.985 0.851
418.856 0.871
419.73 0.874
420.57 0.84
421.426 0.856
422.28 0.854
423.136 0.856
423.997 0.861
424.841 0.844
425.708 0.867
426.608 0.9
427.57 0.962
428.463 0.893
429.335 0.872
430.228 0.893
431.121 0.893
432.026 0.905
432.922 0.896
433.746 0.824
434.568 0.822
435.386 0.818
436.265 0.879
437.165 0.9
438.015 0.85
438.837 0.822
439.658 0.821
440.491 0.833
441.34 0.849
442.164 0.824
442.97 0.806
443.789 0.819
444.649 0.86
445.103 0.454
445.509 0.406
446.374 0.865
447.199 0.825
448.004 0.805
448.829 0.825
449.671 0.842
450.512 0.841
451.148 0.636
452.106 0.958
452.859 0.753
453.601 0.742
454.321 0.72
455.057 0.736
455.859 0.802
456.673 0.814
457.516 0.843
458.421 0.905
459.394 0.973
460.354 0.96
461.266 0.912
462.176 0.91
463.081 0.905
463.97 0.889
464.825 0.855
465.65 0.825
466.515 0.865
467.43 0.915
468.403 0.973
469.329 0.926
470.303 0.974
471.313 1.01
472.296 0.983
473.211 0.915
474.135 0.924
475.101 0.966
476.095 0.994
477.017 0.922
477.93 0.913
478.877 0.947
479.84 0.963
480.753 0.913
481.663 0.91
482.585 0.922
483.517 0.932
484.378 0.861
485.25 0.872
486.157 0.907
487.097 0.94
488.0 0.903
488.892 0.892
489.816 0.924
490.775 0.959
491.66 0.885
492.544 0.884
493.457 0.913
494.385 0.928
495.283 0.898
496.17 0.887
497.082 0.912
498.018 0.936
498.914 0.896
499.801 0.887
500.729 0.928
501.697 0.968
502.642 0.945
503.542 0.9
504.469 0.927
505.389 0.92
506.302 0.913
507.172 0.87
508.022 0.85
508.883 0.861
509.767 0.884
510.68 0.913
511.533 0.853
512.373 0.84
513.249 0.876
514.115 0.866
514.976 0.861
515.78 0.804
516.569 0.789
517.362 0.793
518.157 0.795
518.967 0.81
519.758 0.791
520.516 0.758
521.276 0.76
522.054 0.778
522.857 0.803
523.687 0.83
524.506 0.819
525.326 0.82
526.203 0.877
527.175 0.972
528.132 0.957
529.047 0.915
530.015 0.968
531.001 0.986
531.907 0.906
532.768 0.861
533.657 0.889
534.582 0.925
535.484 0.902
536.391 0.907
537.336 0.945
538.285 0.949
539.171 0.886
540.047 0.876
540.925 0.878
541.848 0.923
542.738 0.89
543.618 0.88
544.505 0.887
545.416 0.911
546.291 0.875
547.176 0.885
548.125 0.949
549.1 0.975
550.01 0.91
550.886 0.876
551.764 0.878
552.642 0.878
553.476 0.834
554.237 0.761
555.165 0.928
556.057 0.892
556.961 0.904
557.806 0.845
558.625 0.819
559.449 0.824
560.255 0.806
561.841 1.586
562.628 0.787
563.391 0.763
564.164 0.773
564.946 0.782
565.741 0.795
566.53 0.789
567.29 0.76
568.055 0.765
568.843 0.788
569.656 0.813
570.491 0.835
571.312 0.821
572.11 0.798
572.924 0.814
573.753 0.829
574.579 0.826
575.382 0.803
576.201 0.819
577.049 0.848
577.922 0.873
578.774 0.852
579.651 0.877
580.539 0.888
581.402 0.863
582.239 0.837
583.119 0.88
584.042 0.923
584.973 0.931
585.829 0.856
586.726 0.897
587.66 0.934
588.608 0.948
589.495 0.887
590.398 0.903
591.355 0.957
592.401 1.046
593.398 0.997
594.375 0.977
595.39 1.015
596.435 1.045
597.417 0.982
598.411 0.994
599.458 1.047
600.499 1.041
601.467 0.968
602.433 0.966
603.434 1.001
604.443 1.009
605.44 0.997
606.413 0.973
607.333 0.92
608.283 0.95
609.279 0.996
610.308 1.029
611.238 0.93
612.157 0.919
613.119 0.962
614.084 0.965
615.015 0.931
615.996 0.981
616.952 0.956
617.878 0.926
618.809 0.931
619.758 0.949
620.708 0.95
621.638 0.93
622.538 0.9
623.389 0.851
624.269 0.88
625.182 0.913
626.124 0.942
627.039 0.915
627.912 0.873
628.819 0.907
629.765 0.946
630.789 1.024
631.576 0.787
631.841 0.265
632.623 0.782
633.556 0.933
634.501 0.945
635.444 0.943
636.363 0.919
637.284 0.921
638.196 0.912
639.124 0.928
640.043 0.919
640.928 0.885
641.849 0.921
642.788 0.939
643.7 0.912
643.97 0.27
644.334 0.364
645.489 1.155
646.444 0.955
647.378 0.934
648.264 0.886
649.167 0.903
650.063 0.896
650.962 0.899
651.802 0.84
652.368 0.566
652.667 0.299
653.557 0.89
654.481 0.924
655.365 0.884
656.276 0.911
657.202 0.926
658.125 0.923
659.03 0.905
659.953 0.923
660.875 0.922
661.797 0.922
662.671 0.874
663.533 0.862
664.394 0.861
665.269 0.875
666.144 0.875
667.05 0.906
667.993 0.943
668.934 0.941
669.818 0.884
670.707 0.889
671.593 0.886
672.482 0.889
673.316 0.834
674.136 0.82
674.995 0.859
675.913 0.918
676.844 0.931
677.738 0.894
678.666 0.928
679.634 0.968
680.562 0.928
681.463 0.901
682.393 0.93
683.311 0.918
684.211 0.9
685.058 0.847
685.911 0.853
686.778 0.867
687.645 0.867
688.506 0.861
689.377 0.871
690.275 0.898
691.196 0.921
692.068 0.872
692.95 0.882
693.851 0.901
694.766 0.915
695.519 0.753
696.045 0.526
696.539 0.494
697.487 0.948
698.456 0.969
699.345 0.889
700.226 0.881
701.108 0.882
701.973 0.865
702.373 0.4
702.81 0.437
703.703 0.893
704.647 0.944
705.605 0.958
706.1 0.495
706.509 0.409
707.41 0.901
708.248 0.838
709.088 0.84
709.602 0.514
709.876 0.274
710.645 0.769
711.451 0.806
712.305 0.854
713.199 0.894
713.595 0.396
714.082 0.487
715.013 0.931
715.982 0.969
716.924 0.942
717.817 0.893
718.718 0.901
719.597 0.879
720.438 0.841
720.983 0.545
721.255 0.272
722.106 0.851
722.949 0.843
723.774 0.825
724.242 0.468
724.632 0.39
725.465 0.833
726.522 1.057
727.361 0.839
727.624 0.263
728.196 0.572
729.328 1.132
730.236 0.908
730.594 0.358
730.873 0.279
731.976 1.103