0.000 1.099
1.099 1.099
2.035 0.936
2.971 0.936
4.016 1.045
5.078 1.062
6.049 0.971
6.984 0.935
7.965 0.981
8.834 0.869
9.714 0.88
10.617 0.903
11.482 0.865
12.319 0.837
13.24 0.921
14.199 0.959
15.078 0.879
16.007 0.929
16.937 0.93
17.758 0.821
18.589 0.831
19.399 0.81
20.168 0.769
20.967 0.799
21.834 0.867
22.741 0.907
23.687 0.946
24.546 0.859
25.403 0.857
26.283 0.88
27.181 0.898
28.063 0.882
28.997 0.934
29.922 0.925
30.795 0.873
31.741 0.946
32.701 0.96
33.682 0.981
34.663 0.981
35.555 0.892
36.469 0.914
37.418 0.949
38.371 0.953
39.251 0.88
40.185 0.934
41.123 0.938
42.095 0.972
43.023 0.928
43.985 0.962
44.941 0.956
45.819 0.878
46.75 0.931
47.695 0.945
48.565 0.87
49.431 0.866
50.368 0.937
51.36 0.992
52.262 0.902
53.225 0.963
54.201 0.976
55.093 0.892
56.03 0.937
57.02 0.99
57.94 0.92
58.876 0.936
59.767 0.891
60.647 0.88
61.527 0.88
62.381 0.854
63.313 0.932
64.359 1.046
65.397 1.038
66.393 0.996
67.455 1.062
68.462 1.007
69.391 0.929
70.368 0.977
71.322 0.954
72.229 0.907
73.228 0.999
74.227 0.999
75.206 0.979
76.123 0.917
77.045 0.922
78.052 1.007
79.097 1.045
80.066 0.969
81.098 1.032
82.137 1.039
83.108 0.971
84.106 0.998
85.11 1.004
86.037 0.927
87.015 0.978
88.01 0.995
88.971 0.961
89.924 0.953
90.966 1.042
92.0 1.034
92.991 0.991
93.964 0.973
94.954 0.99
95.886 0.932
96.767 0.881
97.666 0.899
98.587 0.921
99.444 0.857
100.324 0.88
101.205 0.881
102.057 0.852
102.909 0.852
103.819 0.91
104.717 0.898
105.578 0.861
106.507 0.929
107.46 0.953
108.359 0.899
109.297 0.938
110.288 0.991
111.242 0.954
112.159 0.917
113.105 0.946
114.05 0.945
114.955 0.905
115.903 0.948
116.852 0.949
117.751 0.899
118.673 0.922
119.594 0.921
120.461 0.867
121.37 0.909
122.29 0.92
123.165 0.875
124.05 0.885
124.984 0.934
125.936 0.952
126.894 0.958
127.812 0.918
128.759 0.947
129.697 0.938
130.595 0.898
131.503 0.908
132.457 0.954
133.407 0.95
134.325 0.918
135.302 0.977
136.287 0.985
137.253 0.966
138.173 0.92
139.101 0.928
140.02 0.919
140.917 0.897
141.756 0.839
142.637 0.881
143.491 0.854
144.312 0.821
145.105 0.793
145.934 0.829
146.806 0.872
147.718 0.912
148.61 0.892
149.511 0.901
150.363 0.852
151.163 0.8
151.957 0.794
152.781 0.824
153.628 0.847
154.488 0.86
155.325 0.837
156.136 0.811
156.914 0.778
157.718 0.804
158.603 0.885
159.441 0.838
160.255 0.814
161.119 0.864
161.995 0.876
162.908 0.913
163.807 0.899
164.672 0.865
165.512 0.84
166.294 0.782
167.038 0.744
167.772 0.734
168.499 0.727
169.237 0.738
170.025 0.788
170.924 0.899
171.853 0.929
172.777 0.924
173.719 0.942
174.663 0.944
175.609 0.946
176.523 0.914
177.355 0.832
178.166 0.811
178.985 0.819
179.832 0.847
180.682 0.85
181.576 0.894
182.509 0.933
183.402 0.893
184.232 0.83
185.05 0.818
185.871 0.821
186.651 0.78
187.458 0.807
188.278 0.82
189.054 0.776
189.87 0.816
190.693 0.823
191.505 0.812
192.349 0.844
193.195 0.846
194.084 0.889
194.96 0.876
195.808 0.848
196.672 0.864
197.53 0.858
198.417 0.887
199.329 0.912
200.239 0.91
201.133 0.894
202.006 0.873
202.856 0.85
203.671 0.815
204.471 0.8
205.371 0.9
206.261 0.89
207.107 0.846
207.899 0.792
208.627 0.728
209.331 0.704
210.04 0.709
210.756 0.716
211.47 0.714
212.208 0.738
212.973 0.765
213.725 0.752
214.469 0.744
215.242 0.773
216.075 0.833
216.939 0.864
217.824 0.885
218.644 0.82
219.498 0.854
220.388 0.89
221.282 0.894
222.134 0.852
222.957 0.823
223.86 0.903
224.815 0.955
225.66 0.845
226.537 0.877
227.44 0.903
228.343 0.903
229.142 0.799
229.944 0.802
230.756 0.812
231.57 0.814
232.36 0.79
233.189 0.829
234.075 0.886
234.895 0.82
235.733 0.838
236.599 0.866
237.483 0.884
238.297 0.814
239.163 0.866
240.054 0.891
240.947 0.893
241.768 0.821
242.649 0.881
243.625 0.976
244.515 0.89
245.507 0.992
246.55 1.043
247.571 1.021
248.465 0.894
249.39 0.925
250.318 0.928
251.172 0.854
252.074 0.902
253.029 0.955
253.902 0.873
254.86 0.958
255.851 0.991
256.732 0.881
257.634 0.902
258.523 0.889
259.37 0.847
260.173 0.803
261.019 0.846
261.92 0.901
262.809 0.889
263.636 0.827
264.535 0.899
265.452 0.917
266.32 0.868
267.13 0.81
267.979 0.849
268.823 0.844
269.643 0.82
270.426 0.783
271.254 0.828
272.141 0.887
273.018 0.877
273.911 0.893
274.881 0.97
275.839 0.958
276.681 0.842
277.537 0.856
278.373 0.836
279.162 0.789
280.005 0.843
280.781 0.776
281.537 0.756
282.302 0.765
283.051 0.749
283.836 0.785
284.613 0.777
285.368 0.755
286.113 0.745
286.834 0.721
287.526 0.692
288.195 0.669
288.861 0.666
289.52 0.659
290.185 0.665
290.858 0.673
291.551 0.693
292.279 0.728
293.001 0.722
293.724 0.723
294.488 0.764
295.275 0.787
296.018 0.743
296.778 0.76
297.539 0.761
298.273 0.734
298.993 0.72
299.714 0.721
300.416 0.702
301.15 0.734
301.913 0.763
302.686 0.773
303.465 0.779
304.218 0.753
304.936 0.718
305.641 0.705
306.464 0.823
307.327 0.863
308.238 0.911
309.15 0.912
310.062 0.912
310.931 0.869
311.758 0.827
312.548 0.79
313.317 0.769
314.085 0.768
314.823 0.738
315.557 0.734
316.327 0.77
317.178 0.851
318.03 0.852
318.913 0.883
319.861 0.948
320.889 1.028
321.87 0.981
322.842 0.972
323.683 0.841
324.472 0.789
325.294 0.822
326.197 0.903
327.133 0.936
328.034 0.901
328.937 0.903
329.84 0.903
330.743 0.903
331.633 0.89
332.522 0.889
333.37 0.848
334.191 0.821
334.996 0.805
335.781 0.785
336.532 0.751
337.316 0.784
338.18 0.864
339.148 0.968
340.254 1.106
341.277 1.023
342.197 0.92
343.108 0.911
343.943 0.835
344.788 0.845
345.593 0.805
346.417 0.824
347.249 0.832
348.083 0.834
348.892 0.809
349.63 0.738
350.366 0.736
351.085 0.719
351.802 0.717
352.506 0.704
353.222 0.716
353.98 0.758
354.797 0.817
355.704 0.907
356.63 0.926
357.587 0.957
358.506 0.919
359.462 0.956
360.41 0.948
361.281 0.871
362.133 0.852
362.949 0.816
363.835 0.886
364.884 1.049
365.887 1.003
366.859 0.972
367.741 0.882
368.597 0.856
369.507 0.91
370.511 1.004
371.399 0.888
372.35 0.951
373.373 1.023
374.267 0.894
375.227 0.96
376.192 0.965
377.154 0.962
378.052 0.898
378.885 0.833
379.69 0.805
380.464 0.774
381.274 0.81
382.157 0.883
383.026 0.869
383.961 0.935
384.887 0.926
385.775 0.888
386.632 0.857
387.492 0.86
388.364 0.872
389.263 0.899
390.18 0.917
391.159 0.979
392.145 0.986
393.034 0.889
393.955 0.921
394.927 0.972
395.853 0.926
396.797 0.944
397.793 0.996
398.788 0.995
399.692 0.904
400.637 0.945
401.58 0.943
402.544 0.964
403.426 0.882
404.372 0.946
405.362 0.99
406.352 0.99
407.304 0.952
408.246 0.942
409.17 0.924
410.068 0.898
410.945 0.877
411.818 0.873
412.63 0.812
413.42 0.79
414.255 0.835
415.15 0.895
416.038 0.888
416.897 0.859
417.796 0.899
418.702 0.906
419.553 0.851
420.446 0.893
421.35 0.904
422.251 0.901
423.091 0.84
423.951 0.86
424.81 0.859
425.637 0.827
426.461 0.824
427.329 0.868
428.235 0.906
429.111 0.876
429.961 0.85
430.829 0.868
431.683 0.854
432.492 0.809
433.315 0.823
434.162 0.847
435.051 0.889
435.907 0.856
436.806 0.899
437.737 0.931
438.671 0.934
439.539 0.868
440.415 0.876
441.342 0.927
442.23 0.888
443.048 0.818
443.874 0.826
444.706 0.832
445.555 0.849
446.401 0.846
447.327 0.926
448.292 0.965
449.182 0.89
450.101 0.919
451.027 0.926
451.881 0.854
452.79 0.909
453.701 0.911
454.566 0.865
455.424 0.858
456.335 0.911
457.264 0.929
458.143 0.879
459.066 0.923
460.004 0.938
460.898 0.894
461.769 0.871
462.654 0.885
463.549 0.895
464.416 0.867
465.34 0.924
466.284 0.944
467.188 0.904
468.082 0.894
468.993 0.911
469.916 0.923
470.789 0.873
471.703 0.914
472.653 0.95
473.566 0.913
474.447 0.881
475.337 0.89
476.24 0.903
477.065 0.825
477.899 0.834
478.756 0.857
479.575 0.819
480.371 0.796
481.224 0.853
482.139 0.915
483.061 0.922
483.927 0.866
484.816 0.889
485.681 0.865
486.508 0.827
487.315 0.807
488.15 0.835
489.011 0.861
489.86 0.849
490.696 0.836
491.564 0.868
492.441 0.877
493.305 0.864
494.133 0.828
494.994 0.861
495.88 0.886
496.725 0.845
497.553 0.828
498.418 0.865
499.3 0.882
500.144 0.844
500.985 0.841
501.822 0.837
502.735 0.913
503.677 0.942
504.591 0.914
505.535 0.944
506.409 0.874
507.207 0.798
508.02 0.813
508.819 0.799
509.582 0.763
510.317 0.735
511.05 0.733
511.804 0.754
512.591 0.787
513.406 0.815
514.178 0.772
514.91 0.732
515.615 0.705
516.304 0.689
516.974 0.67
517.645 0.671
518.324 0.679
519.057 0.733
519.924 0.867
520.84 0.916
521.787 0.947
522.743 0.956
523.676 0.933
524.564 0.888
525.384 0.82
526.127 0.743
526.839 0.712
527.544 0.705
528.27 0.726
529.097 0.827
529.887 0.79
530.699 0.812
531.598 0.899
532.502 0.904
533.412 0.91
534.299 0.887
535.204 0.905
536.106 0.902
536.998 0.892
537.863 0.865
538.652 0.789
539.442 0.79
540.27 0.828
541.185 0.915
542.087 0.902
543.052 0.965
543.998 0.946
544.933 0.935
545.76 0.827
546.579 0.819
547.426 0.847
548.275 0.849
549.134 0.859
550.047 0.913
550.939 0.892
551.84 0.901
552.795 0.955
553.767 0.972
554.678 0.911
555.613 0.935
556.481 0.868
557.301 0.82
558.149 0.848
559.016 0.867
560.076 1.06
561.046 0.97
562.062 1.016
563.061 0.999
563.958 0.897
564.851 0.893
565.745 0.894
566.585 0.84
567.474 0.889
568.382 0.908
569.27 0.888
570.139 0.869
571.07 0.931
572.057 0.987
572.961 0.904
573.872 0.911
574.792 0.92
575.652 0.86
576.537 0.885
577.423 0.886
578.262 0.839
579.109 0.847
579.976 0.867
580.881 0.905
581.755 0.874
582.661 0.906
583.606 0.945
584.494 0.888
585.405 0.911
586.303 0.898
587.204 0.901
588.051 0.847
588.907 0.856
589.786 0.879
590.647 0.861
591.489 0.842
592.391 0.902
593.353 0.962
594.281 0.928
595.135 0.854
596.028 0.893
596.88 0.852
597.755 0.875
598.692 0.937
599.635 0.943
600.571 0.936
601.517 0.946
602.423 0.906
603.337 0.914
604.284 0.947
605.242 0.958
606.2 0.958
607.226 1.026
608.209 0.983
609.09 0.881
610.001 0.911
610.922 0.921
611.826 0.904
612.682 0.856
613.536 0.854
614.347 0.811
615.086 0.739
615.855 0.769
616.639 0.784
617.386 0.747
618.129 0.743
618.832 0.703
619.553 0.721
620.269 0.716
620.996 0.727
621.767 0.771
622.57 0.803
623.439 0.869
624.302 0.863
625.179 0.877
626.107 0.928
627.028 0.921
628.01 0.982
628.971 0.961
629.922 0.951
630.868 0.946
631.804 0.936
632.731 0.927
633.545 0.814
634.395 0.85
635.341 0.946
636.369 1.028
637.333 0.964
638.157 0.824
638.942 0.785
639.719 0.777
640.529 0.81
641.423 0.894
642.296 0.873
643.196 0.9
644.079 0.883
644.951 0.872
645.787 0.836