0.000 0.806
0.806 0.806
1.596 0.79
2.379 0.783
3.163 0.784
4.046 0.883
5.041 0.995
6.048 1.007
6.992 0.944
7.929 0.937
8.796 0.867
9.544 0.748
10.244 0.7
10.924 0.68
11.664 0.74
12.508 0.844
13.334 0.826
14.137 0.803
14.894 0.757
15.71 0.816
16.599 0.889
17.506 0.907
18.336 0.83
19.083 0.747
19.793 0.71
20.481 0.688
21.142 0.661
21.801 0.659
22.475 0.674
23.151 0.676
23.804 0.653
24.46 0.656
25.153 0.693
25.937 0.784
26.813 0.876
27.685 0.872
28.531 0.846
29.353 0.822
30.147 0.794
30.937 0.79
31.73 0.793
32.608 0.878
33.518 0.91
34.423 0.905
35.336 0.913
36.241 0.905
37.133 0.892
37.997 0.864
38.869 0.872
39.697 0.828
40.462 0.765
41.208 0.746
41.99 0.782
42.847 0.857
43.701 0.854
44.609 0.908
45.53 0.921
46.438 0.908
47.359 0.921
48.294 0.935
49.121 0.827
49.905 0.784
50.689 0.784
51.487 0.798
52.313 0.826
53.131 0.818
53.943 0.812
54.731 0.788
55.487 0.756
56.233 0.746
56.961 0.728
57.668 0.707
58.346 0.678
59.024 0.678
59.708 0.684
60.38 0.672
61.05 0.67
61.735 0.685
62.484 0.749
63.303 0.819
64.161 0.858
65.007 0.846
65.822 0.815
66.598 0.776
67.329 0.731
68.036 0.707
68.744 0.708
69.444 0.7
70.142 0.698
70.833 0.691
71.535 0.702
72.218 0.683
72.889 0.671
73.563 0.674
74.266 0.703
74.952 0.686
75.618 0.666
76.296 0.678
76.987 0.691
77.706 0.719
78.489 0.783
79.343 0.854
80.213 0.87
81.086 0.873
81.917 0.831
82.697 0.78
83.461 0.764
84.252 0.791
85.103 0.851
86.054 0.951
87.051 0.997
88.1 1.049
89.16 1.06
90.194 1.034
91.169 0.975
92.074 0.905
92.93 0.856
93.76 0.83
94.596 0.836
95.453 0.857
96.328 0.875
97.236 0.908
98.183 0.947
99.146 0.963
100.076 0.93
100.974 0.898
101.796 0.822
102.596 0.8
103.372 0.776
104.153 0.781
104.945 0.792
105.759 0.814
106.619 0.86
107.514 0.895
108.42 0.906
109.313 0.893
110.158 0.845
110.967 0.809
111.755 0.788
112.534 0.779
113.315 0.781
114.16 0.845
115.094 0.934
116.042 0.948
116.978 0.936
117.965 0.987
118.961 0.996
119.905 0.944
120.853 0.948
121.806 0.953
122.741 0.935
123.647 0.906
124.569 0.922
125.493 0.924
126.391 0.898
127.279 0.888
128.196 0.917
129.11 0.914
130.018 0.908
130.948 0.93
131.916 0.968
132.876 0.96
133.834 0.958
134.824 0.99
135.821 0.997
136.789 0.968
137.725 0.936
138.654 0.929
139.561 0.907
140.462 0.901
141.386 0.924
142.332 0.946
143.282 0.95
144.205 0.923
145.13 0.925
146.055 0.925
146.982 0.927
147.909 0.927
148.811 0.902
149.713 0.902
150.627 0.914
151.531 0.904
152.44 0.909
153.331 0.891
154.244 0.913
155.162 0.918
156.056 0.894
156.954 0.898
157.849 0.895
158.776 0.927
159.693 0.917
160.582 0.889
161.437 0.855
162.275 0.838
163.143 0.868
164.013 0.87
164.902 0.889
165.79 0.888
166.65 0.86
167.54 0.89
168.441 0.901
169.32 0.879
170.19 0.87
171.035 0.845
171.895 0.86
172.77 0.875
173.646 0.876
174.52 0.874
175.376 0.856
176.254 0.878
177.15 0.896
178.026 0.876
178.881 0.855
179.704 0.823
180.574 0.87
181.448 0.874
182.317 0.869
183.129 0.812
183.906 0.777
184.712 0.806
185.553 0.841
186.394 0.841
187.233 0.839
188.067 0.834
188.885 0.818
189.7 0.815
190.513 0.813
191.339 0.826
192.187 0.848
193.068 0.881
193.95 0.882
194.813 0.863
195.622 0.809
196.385 0.763
197.104 0.719
197.78 0.676
198.435 0.655
199.071 0.636
199.695 0.624
200.311 0.616
200.925 0.614
201.551 0.626
202.179 0.628
202.813 0.634
203.434 0.621
204.062 0.628
204.683 0.621
205.297 0.614
205.912 0.615
206.534 0.622
207.169 0.635
207.832 0.663
208.514 0.682
209.242 0.728
209.954 0.712
210.654 0.7
211.366 0.712
212.065 0.699
212.775 0.71
213.529 0.754
214.321 0.792
215.094 0.773
215.872 0.778
216.643 0.771
217.413 0.77
218.178 0.765
218.955 0.777
219.758 0.803
220.577 0.819
221.429 0.852
222.364 0.935
223.341 0.977
224.242 0.901
225.12 0.878
225.974 0.854
226.838 0.864
227.699 0.861
228.581 0.882
229.444 0.863
230.279 0.835
231.053 0.774
231.78 0.727
233.136 1.356
233.787 0.651
234.424 0.637
235.059 0.635
235.755 0.696
236.536 0.781
237.272 0.736
237.963 0.691
238.632 0.669
239.301 0.669
239.967 0.666
240.63 0.663
241.292 0.662
241.933 0.641
242.583 0.65
243.266 0.683
243.981 0.715
244.708 0.727
245.386 0.678
246.039 0.653
246.676 0.637
247.301 0.625
247.913 0.612
248.598 0.685
249.477 0.879
250.431 0.954
251.414 0.983
252.383 0.969
253.284 0.901
254.148 0.864
255.014 0.866
255.887 0.873
256.748 0.861
257.604 0.856
258.439 0.835
259.303 0.864
260.193 0.89
261.099 0.906
262.0 0.901
262.877 0.877
263.762 0.885
264.676 0.914
265.601 0.925
266.518 0.917
267.411 0.893
268.285 0.874
269.118 0.833
269.955 0.837
270.738 0.783
271.493 0.755
272.252 0.759
272.99 0.738
273.698 0.708
274.404 0.706
275.088 0.684
275.751 0.663
276.414 0.663
277.138 0.724
277.953 0.815
278.773 0.82
279.594 0.821
280.386 0.792
281.148 0.762
281.883 0.735
282.595 0.712
283.295 0.7
283.973 0.678
284.625 0.652
285.256 0.631
285.868 0.612
286.475 0.607
287.065 0.59
287.645 0.58
288.217 0.572
288.781 0.564
289.343 0.562
289.916 0.573
290.51 0.594
291.121 0.611
291.711 0.59
292.347 0.636
293.075 0.728
293.879 0.804
294.722 0.843
295.577 0.855
296.453 0.876
297.34 0.887
298.22 0.88
299.054 0.834
299.849 0.795
300.697 0.848
301.588 0.891
302.465 0.877
303.335 0.87
304.176 0.841
305.025 0.849
305.888 0.863
306.736 0.848
307.577 0.841
308.429 0.852
309.29 0.861
310.182 0.892
311.093 0.911
311.986 0.893
312.841 0.855
313.678 0.837
314.478 0.8
315.255 0.777
316.026 0.771
316.839 0.813
317.659 0.82
318.455 0.796
319.186 0.731
319.872 0.686
320.522 0.65
321.157 0.635
321.794 0.637
322.47 0.676
323.193 0.723
323.911 0.718
324.596 0.685
325.254 0.658
325.903 0.649
326.556 0.653
327.246 0.69
328.011 0.765
328.895 0.884
329.817 0.922
330.713 0.896
331.621 0.908
332.491 0.87
333.347 0.856
334.216 0.869
335.077 0.861
335.914 0.837
336.713 0.799
337.505 0.792
338.313 0.808
339.141 0.828
340.003 0.862
340.928 0.925
341.905 0.977
342.887 0.982
343.864 0.977
344.826 0.962
345.764 0.938
346.662 0.898
347.539 0.877
348.399 0.86
349.237 0.838
350.044 0.807
350.848 0.804
351.648 0.8
352.471 0.823
353.299 0.828
354.156 0.857
355.009 0.853
355.833 0.824
356.664 0.831
357.5 0.836
358.36 0.86
359.205 0.845
360.034 0.829
360.857 0.823
361.642 0.785
362.397 0.755
363.15 0.753
363.943 0.793
364.786 0.843
365.64 0.854
366.492 0.852
367.342 0.85
368.183 0.841
369.034 0.851
369.889 0.855
370.75 0.861
371.612 0.862
372.47 0.858
373.312 0.842
374.143 0.831
374.992 0.849
375.859 0.867
376.737 0.878
377.601 0.864
378.453 0.852
379.272 0.819
380.063 0.791
380.866 0.803
381.674 0.808
382.479 0.805
383.222 0.743
383.944 0.722
384.683 0.739
385.439 0.756
386.19 0.751
386.931 0.741
387.646 0.715
388.33 0.684
389.005 0.675
389.653 0.648
390.285 0.632
390.894 0.609
391.494 0.6
392.085 0.591
392.683 0.598
393.296 0.613
393.909 0.613
394.541 0.632
395.187 0.646
396.407 1.22
397.015 0.608
397.616 0.601
398.21 0.594
398.795 0.585
399.372 0.577
399.947 0.575
400.515 0.568
401.074 0.559
401.633 0.559
402.215 0.582
402.834 0.619
403.466 0.632
404.132 0.666
404.87 0.738
405.711 0.841
406.622 0.911
407.557 0.935
408.493 0.936
409.371 0.878
410.22 0.849
411.129 0.909
412.128 0.999
413.155 1.027
414.183 1.028
415.23 1.047
416.304 1.074
417.402 1.098
418.458 1.056
419.501 1.043
420.495 0.994
421.456 0.961
422.398 0.942
423.326 0.928
424.247 0.921
425.163 0.916
426.105 0.942
427.058 0.953
428.05 0.992
429.018 0.968
429.967 0.949
430.901 0.934
431.838 0.937
432.783 0.945
433.754 0.971
434.725 0.971
435.671 0.946
436.587 0.916
437.481 0.894
438.387 0.906
439.317 0.93
440.258 0.941
441.177 0.919
442.081 0.904
442.988 0.907
443.929 0.941
444.888 0.959
445.867 0.979
446.815 0.948
447.742 0.927
448.657 0.915
449.567 0.91
450.505 0.938
451.447 0.942
452.369 0.922
453.287 0.918
454.215 0.928
455.111 0.896
455.973 0.862
456.758 0.785
457.528 0.77
458.259 0.731
458.952 0.693
459.605 0.653
460.239 0.634
460.868 0.629
461.533 0.665
462.351 0.818
463.288 0.937
464.224 0.936
465.109 0.885
465.965 0.856
466.786 0.821
467.567 0.781
468.326 0.759
469.052 0.726
469.782 0.73
470.537 0.755
471.314 0.777
472.044 0.73
472.737 0.693
473.406 0.669
474.045 0.639
474.683 0.638
475.344 0.661
476.04 0.696
476.726 0.686
477.402 0.676
478.061 0.659
478.705 0.644
479.343 0.638
479.98 0.637
480.629 0.649
481.305 0.676
482.051 0.746
482.829 0.778
483.556 0.727
484.265 0.709
484.95 0.685
485.615 0.665
486.263 0.648
486.907 0.644
487.549 0.642
488.21 0.661
488.873 0.663
489.535 0.662
490.208 0.673
490.875 0.667
491.542 0.667
492.24 0.698
492.983 0.743
493.735 0.752
494.507 0.772
495.294 0.787
496.086 0.792
496.89 0.804
497.681 0.791
498.487 0.806
499.328 0.841
500.195 0.867
501.086 0.891
501.993 0.907
502.889 0.896
503.762 0.873
504.614 0.852
505.447 0.833
506.296 0.849
507.154 0.858
508.083 0.929
509.164 1.081
510.277 1.113
511.331 1.054
512.297 0.966
513.21 0.913
514.151 0.941
515.155 1.004
516.138 0.983
517.101 0.963
518.05 0.949
518.992 0.942
519.942 0.95
520.948 1.006
521.877 0.929
522.798 0.921
523.66 0.862
524.457 0.797
525.222 0.765
525.964 0.742
526.729 0.765
527.592 0.863
528.502 0.91
529.391 0.889
530.28 0.889
531.192 0.912
532.121 0.929
533.04 0.919
533.934 0.894
534.793 0.859
535.664 0.871
536.587 0.923
537.546 0.959
538.456 0.91
539.278 0.822
540.048 0.77
540.782 0.734
541.496 0.714
542.179 0.683
542.859 0.68
543.56 0.701
544.345 0.785
545.238 0.893
546.097 0.859
546.88 0.783
547.645 0.765
548.386 0.741
549.103 0.717
549.813 0.71
550.521 0.708
551.271 0.75
552.167 0.896
553.122 0.955
554.135 1.013
555.133 0.998
556.052 0.919
556.892 0.84
557.718 0.826
558.467 0.749
559.178 0.711
559.893 0.715
560.642 0.749
561.452 0.81
562.34 0.888
563.262 0.922
564.208 0.946
565.184 0.976
566.23 1.046
567.303 1.073
568.361 1.058
569.441 1.08
570.381 0.94
571.244 0.863
572.11 0.866
572.998 0.888
573.927 0.929
574.915 0.988
575.923 1.008
576.948 1.025
577.95 1.002
578.864 0.914
579.757 0.893
580.629 0.872
581.526 0.897
582.489 0.963
583.495 1.006
584.455 0.96
585.402 0.947
586.36 0.958
587.335 0.975
588.281 0.946
589.211 0.93
590.17 0.959
591.172 1.002
592.135 0.963
593.035 0.9
593.915 0.88
594.814 0.899
595.743 0.929
596.659 0.916
597.512 0.853
598.355 0.843
599.228 0.873
600.072 0.844
600.925 0.853
601.832 0.907
602.783 0.951
603.715 0.932
604.606 0.891