0.000 0.726
0.726 0.726
1.413 0.687
2.125 0.712
2.907 0.782
3.833 0.926
4.753 0.92
5.677 0.924
6.537 0.86
7.294 0.757
8.035 0.741
8.751 0.716
9.5 0.749
10.282 0.782
11.256 0.974
12.354 1.098
13.329 0.975
14.282 0.953
15.378 1.096
16.307 0.929
17.151 0.844
18.041 0.89
18.922 0.881
24.999 0.845
25.953 0.954
26.92 0.967
27.83 0.91
28.791 0.961
29.845 1.054
30.816 0.971
31.833 1.017
32.897 1.064
33.871 0.974
34.92 1.049
36.061 1.141
37.056 0.995
37.971 0.915
38.901 0.93
39.906 1.005
40.916 1.01
41.93 1.014
42.79 0.86
43.726 0.936
44.604 0.878
45.417 0.813
46.295 0.878
47.242 0.947
48.214 0.972
49.057 0.843
50.0 0.943
50.963 0.963
51.844 0.881
52.638 0.794
53.483 0.845
54.422 0.939
55.519 1.097
56.464 0.945
57.41 0.946
58.351 0.941
59.219 0.868
60.149 0.93
61.108 0.959
62.061 0.953
63.072 1.011
63.979 0.907
64.86 0.881
65.728 0.868
66.624 0.896
67.432 0.808
68.228 0.796
69.001 0.773
69.776 0.775
70.537 0.761
71.314 0.777
72.033 0.719
72.724 0.691
73.443 0.719
74.209 0.766
75.082 0.873
75.932 0.85
76.76 0.828
77.653 0.893
78.615 0.962
79.611 0.996
80.512 0.901
81.452 0.94
82.381 0.929
83.256 0.875
84.17 0.914
85.127 0.957
86.122 0.995
87.007 0.885
87.858 0.851
88.744 0.886
89.642 0.898
90.602 0.96
91.543 0.941
92.466 0.923
93.453 0.987
94.445 0.992
95.294 0.849
96.114 0.82
96.964 0.85
98.039 1.075
99.132 1.093
100.194 1.062
101.205 1.011
102.05 0.845
102.854 0.804
103.7 0.846
104.678 0.978
105.608 0.93
106.506 0.898
107.361 0.855
108.307 0.946
109.296 0.989
110.269 0.973
111.095 0.826
111.852 0.757
112.612 0.76
113.425 0.813
114.472 1.047
115.559 1.087
116.5 0.941
117.394 0.894
118.377 0.983
119.424 1.047
120.472 1.048
121.419 0.947
122.435 1.016
123.5 1.065
124.558 1.058
125.472 0.914
126.408 0.936
127.375 0.967
128.301 0.926
129.125 0.824
129.937 0.812
130.742 0.805
131.905 1.163
132.976 1.071
134.074 1.098
135.126 1.052
136.133 1.007
137.014 0.881
137.85 0.836
138.669 0.819
139.533 0.864
140.483 0.95
141.437 0.954
142.327 0.89
143.225 0.898
144.105 0.88
145.031 0.926
145.973 0.942
146.867 0.894
147.743 0.876
148.612 0.869
149.425 0.813
150.189 0.764
150.958 0.769
151.706 0.748
152.444 0.738
153.173 0.729
153.97 0.797
154.781 0.811
155.646 0.865
156.528 0.882
157.427 0.899
158.323 0.896
159.173 0.85
160.013 0.84
160.78 0.767
161.558 0.778
162.353 0.795
163.137 0.784
163.922 0.785
164.773 0.851
165.555 0.782
166.289 0.734
167.091 0.802
168.008 0.917
168.984 0.976
169.858 0.874
170.765 0.907
171.749 0.984
172.711 0.962
173.611 0.9
174.542 0.931
175.508 0.966
176.42 0.912
177.273 0.853
178.171 0.898
179.156 0.985
180.102 0.946
180.994 0.892
181.917 0.923
182.915 0.998
183.879 0.964
184.805 0.926
185.768 0.963
186.772 1.004
187.708 0.936
188.603 0.895
189.563 0.96
190.587 1.024
191.539 0.952
192.434 0.895
193.437 1.003
194.485 1.048
195.421 0.936
196.455 1.034
197.54 1.085
198.521 0.981
199.445 0.924
200.439 0.994
201.468 1.029
202.334 0.866
203.253 0.919
204.283 1.03
205.325 1.042
206.191 0.866
207.182 0.991
208.237 1.055
209.179 0.942
210.04 0.861
211.039 0.999
212.056 1.017
212.928 0.872
213.876 0.948
214.845 0.969
215.709 0.864
216.682 0.973
217.714 1.032
218.766 1.052
219.745 0.979
220.581 0.836
221.462 0.881
222.369 0.907
223.275 0.906
224.082 0.807
224.878 0.796
225.747 0.869
226.699 0.952
227.672 0.973
228.52 0.848
229.382 0.862
230.357 0.975
231.364 1.007
232.347 0.983
233.193 0.846
234.089 0.896
235.038 0.949
235.952 0.914
236.799 0.847
237.788 0.989
238.741 0.953
239.61 0.869
240.423 0.813
241.272 0.849
242.069 0.797
242.884 0.815
243.857 0.973
244.682 0.825
245.621 0.939
246.615 0.994
247.526 0.911
248.377 0.851
249.321 0.944
250.31 0.989
251.149 0.839
252.073 0.924
252.999 0.926
253.938 0.939
254.773 0.835
255.752 0.979
256.826 1.074
257.777 0.951
258.671 0.894
259.66 0.989
260.678 1.018
261.517 0.839
262.429 0.912
263.389 0.96
264.353 0.964
265.178 0.825
266.089 0.911
267.117 1.028
268.101 0.984
268.97 0.869
269.964 0.994
270.999 1.035
271.876 0.877
272.832 0.956
273.847 1.015
274.798 0.951
275.652 0.854
276.585 0.933
277.551 0.966
278.403 0.852
279.228 0.825
280.197 0.969
281.245 1.048
282.242 0.997
283.12 0.878
284.095 0.975
285.096 1.001
286.019 0.923
286.889 0.87
287.817 0.928
288.837 1.02
289.723 0.886
290.695 0.972
291.658 0.963
292.528 0.87
293.424 0.896
294.459 1.035
295.528 1.069
296.443 0.915
297.454 1.011
298.519 1.065
299.515 0.996
300.498 0.983
301.59 1.092
302.704 1.114
303.664 0.96
304.696 1.032
305.767 1.071
306.775 1.008
307.68 0.905
308.657 0.977
309.721 1.064
310.654 0.933
311.588 0.934
312.606 1.018
313.671 1.065
314.583 0.912
315.597 1.014
316.665 1.068
317.637 0.972
318.586 0.949
319.645 1.059
320.709 1.064
321.614 0.905
322.561 0.947
323.613 1.052
324.571 0.958
325.427 0.856
326.42 0.993
327.511 1.091
328.533 1.022
329.49 0.957
330.558 1.068
331.622 1.064
332.525 0.903
333.464 0.939
334.44 0.976
335.432 0.992
336.3 0.868
337.289 0.989
338.365 1.076
339.381 1.016
340.303 0.922
341.333 1.03
342.411 1.078
343.399 0.988
344.407 1.008
345.457 1.05
346.454 0.997
347.295 0.841
348.187 0.892
349.152 0.965
350.114 0.962
350.966 0.852
351.882 0.916
352.876 0.994
353.883 1.007
354.744 0.861
355.696 0.952
356.692 0.996
357.602 0.91
358.476 0.874
359.447 0.971
360.447 1.0
361.269 0.822
362.094 0.825
362.952 0.858
363.799 0.847
364.611 0.812
365.394 0.783
366.287 0.893
367.263 0.976
368.167 0.904
369.046 0.879
370.041 0.995
371.036 0.995
371.933 0.897
372.846 0.913
373.799 0.953
374.752 0.953
375.591 0.839
376.514 0.923
377.521 1.007
378.464 0.943
379.339 0.875
380.299 0.96
381.292 0.993
382.152 0.86
383.07 0.918
383.993 0.923
384.879 0.886
385.678 0.799
386.515 0.837
387.429 0.914
388.362 0.933
389.173 0.811
390.049 0.876
391.014 0.965
391.883 0.869
392.691 0.808
393.577 0.886
394.453 0.876
395.28 0.827
396.063 0.783
396.908 0.845
397.8 0.892
398.73 0.93
399.553 0.823
400.432 0.879
401.356 0.924
402.229 0.873
403.037 0.808
403.931 0.894
404.854 0.923
405.703 0.849
406.551 0.848
407.513 0.962
408.532 1.019
409.432 0.9
410.424 0.992
411.434 1.01
412.3 0.866
413.156 0.856
414.082 0.926
415.026 0.944
415.84 0.814
416.706 0.866
417.632 0.926
418.525 0.893
419.349 0.824
420.26 0.911
421.256 0.996
422.159 0.903
422.986 0.827
423.862 0.876
424.775 0.913
425.599 0.824
426.48 0.881
427.398 0.918
428.363 0.965
429.203 0.84
430.065 0.862
430.961 0.896
431.923 0.962
432.855 0.932
433.727 0.872
434.62 0.893
435.533 0.913
436.475 0.942
437.321 0.846
438.283 0.962
439.309 1.026
440.304 0.995
441.215 0.911
442.223 1.008
443.253 1.03
444.27 1.017
445.154 0.884
446.102 0.948
447.081 0.979
447.977 0.896
448.921 0.944
449.8 0.879
450.634 0.834
451.411 0.777
452.185 0.774
452.939 0.754
453.703 0.764
454.565 0.862
455.356 0.791
456.209 0.853
457.109 0.9
458.037 0.928
458.905 0.868
459.763 0.858
460.669 0.906
461.633 0.964
462.58 0.947
463.566 0.986
464.504 0.938
465.355 0.851
466.233 0.878
467.141 0.908
468.128 0.987
469.058 0.93
470.05 0.992
471.129 1.079
472.238 1.109
473.236 0.998
474.229 0.993
475.231 1.002
476.185 0.954
477.064 0.879
477.984 0.92
478.992 1.008
479.966 0.974
480.832 0.866
481.753 0.921
482.67 0.917
483.526 0.856
484.396 0.87
485.342 0.946
486.306 0.964
487.265 0.959
488.112 0.847
488.966 0.854
489.862 0.896
490.804 0.942
491.702 0.898
492.549 0.847
493.496 0.947
494.448 0.952
495.379 0.931
496.183 0.804
497.01 0.827
497.839 0.829
498.68 0.841
499.468 0.788
500.295 0.827
501.228 0.933
502.206 0.978
503.053 0.847
503.954 0.901
504.901 0.947
505.796 0.895
506.653 0.857
507.616 0.963
508.617 1.001
509.549 0.932
510.405 0.856
511.33 0.925
512.274 0.944
513.208 0.934
514.046 0.838
514.986 0.94
515.933 0.947
516.874 0.941
517.707 0.833
518.591 0.884
519.572 0.981
520.58 1.008
521.469 0.889
522.356 0.887
523.315 0.959
524.273 0.958
525.132 0.859
526.013 0.881
526.99 0.977
527.974 0.984
528.837 0.863
529.767 0.93
530.719 0.952
531.635 0.916
532.462 0.827
533.361 0.899
534.335 0.974
535.277 0.942
536.122 0.845
537.05 0.928
537.994 0.944
538.878 0.884
539.727 0.849
540.683 0.956
541.595 0.912
542.43 0.835
543.263 0.833
544.163 0.9
545.146 0.983
546.086 0.94
546.94 0.854
547.864 0.924
548.849 0.985
549.822 0.973
550.674 0.852
551.579 0.905
552.507 0.928
553.388 0.881
554.216 0.828
555.13 0.914
556.101 0.971
557.031 0.93
557.875 0.844
558.845 0.97
559.891 1.046
560.868 0.977
561.756 0.888
562.7 0.944
563.665 0.965
564.486 0.821
565.257 0.771
566.011 0.754
566.83 0.819
567.662 0.832
568.553 0.891
569.424 0.871
570.266 0.842
571.047 0.781
571.828 0.781
572.598 0.77
573.359 0.761
574.103 0.744
574.816 0.713
575.527 0.711
576.234 0.707
576.934 0.7
577.659 0.725
578.433 0.774
579.355 0.922
580.25 0.895
581.151 0.901
582.106 0.955
582.946 0.84
583.791 0.845
584.621 0.83
585.443 0.822
586.219 0.776
587.0 0.781
587.784 0.784
588.626 0.842
589.461 0.835
590.284 0.823
591.141 0.857
592.021 0.88
592.868 0.847
593.742 0.874
594.606 0.864
595.443 0.837
596.292 0.849
597.224 0.932
598.197 0.973
599.186 0.989
600.151 0.965
601.115 0.964
602.075 0.96
602.998 0.923
603.884 0.886
604.711 0.827
605.515 0.804