0.000 0.609
0.609 0.609
1.229 0.62
1.879 0.65
2.571 0.692
3.269 0.698
3.961 0.692
4.66 0.699
5.395 0.735
6.112 0.717
6.81 0.698
7.503 0.693
8.164 0.661
8.811 0.647
9.447 0.636
10.083 0.636
10.719 0.636
11.36 0.641
12.0 0.64
12.643 0.643
13.296 0.653
13.947 0.651
14.593 0.646
15.244 0.651
15.896 0.652
16.54 0.644
17.2 0.66
17.866 0.666
18.517 0.651
19.156 0.639
19.806 0.65
20.478 0.672
21.15 0.672
21.821 0.671
22.481 0.66
23.13 0.649
23.773 0.643
24.418 0.645
25.083 0.665
25.779 0.696
26.479 0.7
27.179 0.7
27.87 0.691
28.575 0.705
29.29 0.715
29.998 0.708
30.674 0.676
31.325 0.651
31.962 0.637
32.607 0.645
33.257 0.65
33.935 0.678
34.633 0.698
35.337 0.704
36.02 0.683
36.7 0.68
37.374 0.674
38.038 0.664
38.691 0.653
39.337 0.646
39.976 0.639
40.609 0.633
41.235 0.626
41.869 0.634
42.522 0.653
43.181 0.659
43.84 0.659
44.491 0.651
45.145 0.654
45.805 0.66
46.456 0.651
47.099 0.643
47.738 0.639
48.369 0.631
48.987 0.618
49.597 0.61
50.207 0.61
50.837 0.63
51.535 0.698
52.254 0.719
52.991 0.737
53.721 0.73
54.424 0.703
55.097 0.673
55.748 0.651
56.386 0.638
57.014 0.628
57.633 0.619
58.246 0.613
58.878 0.632
59.551 0.673
60.257 0.706
60.967 0.71
61.679 0.712
62.382 0.703
63.072 0.69
63.752 0.68
64.422 0.67
65.081 0.659
65.737 0.656
66.387 0.65
67.042 0.655
67.69 0.648
68.334 0.644
68.957 0.623
69.643 0.686
70.345 0.702
71.053 0.708
71.737 0.684
72.407 0.67
73.066 0.659
73.709 0.643
74.349 0.64
74.986 0.637
75.627 0.641
76.268 0.641
76.914 0.646
77.562 0.648
78.219 0.657
78.872 0.653
79.518 0.646
80.162 0.644
80.816 0.654
81.469 0.653
82.116 0.647
82.761 0.645
83.407 0.646
84.04 0.633
84.672 0.632
85.308 0.636
85.948 0.64
86.589 0.641
87.225 0.636
87.862 0.637
88.512 0.65
89.167 0.655
89.824 0.657
90.469 0.645
91.108 0.639
91.742 0.634
92.364 0.622
92.978 0.614
93.593 0.615
94.215 0.622
94.844 0.629
95.492 0.648
96.168 0.676
96.851 0.683
97.536 0.685
98.213 0.677
98.893 0.68
99.563 0.67
100.216 0.653
100.859 0.643
101.501 0.642
102.14 0.639
102.78 0.64
103.417 0.637
104.066 0.649
104.721 0.655
105.377 0.656
106.033 0.656
106.691 0.658
107.344 0.653
107.997 0.653
108.646 0.649
109.305 0.659
109.969 0.664
110.644 0.675
111.324 0.68
112.0 0.676
112.682 0.682
113.367 0.685
114.047 0.68
114.727 0.68
115.399 0.672
116.066 0.667
116.73 0.664
117.399 0.669
118.077 0.678
118.763 0.686
119.467 0.704
120.17 0.703
120.862 0.692
121.544 0.682
122.208 0.664
122.853 0.645
123.488 0.635
124.122 0.634
124.767 0.645
125.413 0.646
126.049 0.636
126.677 0.628
127.294 0.617
127.903 0.609
128.508 0.605
129.114 0.606
129.715 0.601
130.314 0.599
130.915 0.601
131.513 0.598
132.11 0.597
132.71 0.6
133.308 0.598
133.901 0.593
134.493 0.592
135.084 0.591
135.676 0.592
136.266 0.59
136.851 0.585
137.441 0.59
138.033 0.592
138.637 0.604
139.252 0.615
139.869 0.617
140.491 0.622
141.114 0.623
141.738 0.624
142.352 0.614
142.964 0.612
143.577 0.613
144.194 0.617
144.822 0.628
145.457 0.635
146.102 0.645
146.759 0.657
147.423 0.664
148.087 0.664
148.741 0.654
149.383 0.642
150.027 0.644
150.67 0.643
151.326 0.656
151.971 0.645
152.628 0.657
153.27 0.642
153.918 0.648
154.561 0.643
155.194 0.633
155.822 0.628
156.452 0.63
157.095 0.643
157.75 0.655
158.41 0.66
159.071 0.661
159.722 0.651
160.358 0.636
160.992 0.634
161.633 0.641
162.276 0.643
162.925 0.649
163.576 0.651
164.238 0.662
164.907 0.669
165.574 0.667
166.241 0.667
166.895 0.654
167.538 0.643
168.175 0.637
168.803 0.628
169.421 0.618
170.038 0.617
170.655 0.617
171.294 0.639
171.926 0.632
172.571 0.645
173.2 0.629
173.837 0.637
174.471 0.634
175.106 0.635
175.735 0.629
176.359 0.624
176.979 0.62
177.59 0.611
178.205 0.615
178.822 0.617
179.442 0.62
180.06 0.618
180.68 0.62
181.3 0.62
181.919 0.619
182.534 0.615
183.144 0.61
183.747 0.603
184.351 0.604
184.961 0.61
185.571 0.61
186.19 0.619
186.853 0.663
187.532 0.679
188.211 0.679
188.857 0.646
189.501 0.644
190.132 0.631
190.761 0.629
191.383 0.622
192.004 0.621
192.621 0.617
193.24 0.619
193.868 0.628
194.501 0.633
195.144 0.643
195.797 0.653
196.451 0.654
197.096 0.645
197.739 0.643
198.389 0.65
199.015 0.626
199.639 0.624
200.254 0.615
200.857 0.603
201.45 0.593
202.029 0.579
202.598 0.569
203.158 0.56
203.722 0.564
204.292 0.57
204.866 0.574
205.442 0.576
206.015 0.573
206.593 0.578
207.176 0.583
207.765 0.589
208.363 0.598
208.983 0.62
209.622 0.639
210.269 0.647
210.92 0.651
211.574 0.654
212.225 0.651
212.871 0.646
213.514 0.643
214.147 0.633
214.771 0.624
215.375 0.604
215.972 0.597
216.562 0.59
217.148 0.586
217.729 0.581
218.305 0.576
218.883 0.578
219.479 0.596
220.064 0.585
220.648 0.584
221.236 0.588
221.824 0.588
222.409 0.585
223.002 0.593
223.6 0.598
224.198 0.598
224.803 0.605
225.411 0.608
226.028 0.617
226.64 0.612
227.254 0.614
227.86 0.606
228.459 0.599
229.06 0.601
229.667 0.607
230.283 0.616
230.906 0.623
231.543 0.637
232.206 0.663
232.873 0.667
233.545 0.672
234.225 0.68
234.909 0.684
235.588 0.679
236.249 0.661
236.91 0.661
237.576 0.666
238.259 0.683
238.927 0.668
239.592 0.665
240.264 0.672
240.932 0.668
241.59 0.658
242.26 0.67
242.919 0.659
243.57 0.651
244.223 0.653
244.878 0.655
245.53 0.652
246.173 0.643
246.807 0.634
247.452 0.645
248.093 0.641
248.733 0.64
249.38 0.647
250.039 0.659
250.712 0.673
251.385 0.673
252.047 0.662
252.701 0.654
253.345 0.644
253.983 0.638
254.614 0.631
255.248 0.634
255.884 0.636
256.522 0.638
257.16 0.638
257.804 0.644
258.453 0.649
259.105 0.652
259.758 0.653
260.406 0.648
261.059 0.653
261.71 0.651
262.351 0.641
263.0 0.649
263.647 0.647
264.303 0.656
264.965 0.662
265.612 0.647
266.25 0.638
266.883 0.633
267.52 0.637
268.168 0.648
268.811 0.643
269.435 0.624
270.051 0.616
270.664 0.613
271.289 0.625
271.914 0.625
272.543 0.629
273.171 0.628
273.793 0.622
274.412 0.619
275.031 0.619
275.656 0.625
276.301 0.645
276.992 0.691
277.737 0.745
278.516 0.779
279.274 0.758
280.014 0.74
280.738 0.724
281.431 0.693
282.11 0.679
282.788 0.678
283.466 0.678
284.142 0.676
284.819 0.677
285.488 0.669
286.152 0.664
286.815 0.663
287.456 0.641
288.087 0.631
288.713 0.626
289.339 0.626
289.97 0.631
290.602 0.632
291.243 0.641
291.899 0.656
292.585 0.686
293.284 0.699
293.986 0.702
294.687 0.701
295.376 0.689
296.073 0.697
296.771 0.698
297.458 0.687
298.143 0.685
298.817 0.674
299.493 0.676
300.157 0.664
300.82 0.663
301.488 0.668
302.172 0.684
302.863 0.691
303.554 0.691
304.238 0.684
304.918 0.68
305.599 0.681
306.3 0.701
306.997 0.697
307.673 0.676
308.341 0.668
309.003 0.662
309.679 0.676
310.339 0.66
310.994 0.655
311.661 0.667
312.33 0.669
313.002 0.672
313.676 0.674
314.364 0.688
315.065 0.701
315.767 0.702
316.462 0.695
317.144 0.682
317.819 0.675
318.487 0.668
319.154 0.667
319.822 0.668
320.498 0.676
321.19 0.692
321.9 0.71
322.613 0.713
323.338 0.725
324.063 0.725
324.774 0.711
325.474 0.7
326.162 0.688
326.834 0.672
327.494 0.66
328.136 0.642
328.772 0.636
329.404 0.632
330.071 0.667
330.76 0.689
331.433 0.673
332.087 0.654
332.739 0.652
333.39 0.651
334.036 0.646
334.671 0.635
335.304 0.633
335.931 0.627
336.555 0.624
337.172 0.617
337.785 0.613
338.389 0.604
339.003 0.614
339.628 0.625
340.255 0.627
340.888 0.633
341.527 0.639
342.154 0.627
342.776 0.622
343.4 0.624
344.023 0.623
344.649 0.626
345.334 0.685
346.059 0.725
346.78 0.721
347.485 0.705
348.186 0.701
348.863 0.677
349.538 0.675
350.203 0.665
350.868 0.665
351.537 0.669
352.234 0.697
352.944 0.71
353.649 0.705
354.335 0.686
355.009 0.674
355.746 0.737
356.525 0.779
357.297 0.772
358.062 0.765
358.788 0.726
359.489 0.701
360.176 0.687
360.853 0.677
361.521 0.668
362.187 0.666
362.836 0.649
363.478 0.642
364.13 0.652
364.805 0.675
365.503 0.698
366.226 0.723
366.938 0.712
367.663 0.725
368.381 0.718
369.079 0.698
369.761 0.682
370.427 0.666
371.112 0.685
371.826 0.714
372.535 0.709
373.237 0.702
373.917 0.68
374.582 0.665
375.24 0.658
375.897 0.657
376.603 0.706
377.357 0.754
378.136 0.779
378.88 0.744
379.598 0.718
380.305 0.707
381.015 0.71
381.734 0.719
382.456 0.722
383.165 0.709
383.875 0.71
384.571 0.696
385.264 0.693
385.952 0.688
386.634 0.682
387.302 0.668
387.974 0.672
388.639 0.665
389.313 0.674
389.967 0.654
390.63 0.663
391.317 0.687
392.022 0.705
392.735 0.713
393.463 0.728
394.188 0.725
394.906 0.718
395.608 0.702
396.302 0.694
396.987 0.685
397.668 0.681
398.353 0.685
399.032 0.679
399.714 0.682
400.41 0.696
401.149 0.739
401.91 0.761
402.674 0.764
403.434 0.76
404.178 0.744
404.905 0.727
405.623 0.718
406.327 0.704
407.023 0.696
407.708 0.685
408.402 0.694
409.08 0.678
409.763 0.683
410.448 0.685
411.159 0.711
411.875 0.716
412.587 0.712
413.299 0.712
414.017 0.718
414.737 0.72
415.451 0.714
416.154 0.703
416.851 0.697
417.538 0.687
418.216 0.678
418.892 0.676
419.565 0.673
420.242 0.677
420.929 0.687
421.632 0.703
422.351 0.719
423.072 0.721
423.788 0.716
424.492 0.704
425.192 0.7
425.881 0.689
426.559 0.678
427.232 0.673
427.896 0.664
428.553 0.657
429.197 0.644
429.84 0.643
430.488 0.648
431.154 0.666
431.837 0.683
432.516 0.679
433.177 0.661
433.835 0.658
434.487 0.652
435.142 0.655
435.793 0.651
436.436 0.643
437.082 0.646
437.726 0.644
438.366 0.64
438.998 0.632
439.627 0.629
440.263 0.636
440.914 0.651
441.583 0.669
442.247 0.664
442.924 0.677
443.627 0.703
444.342 0.715
445.063 0.721
445.785 0.722
446.492 0.707
447.195 0.703
447.89 0.695
448.582 0.692
449.27 0.688
449.961 0.691
450.657 0.696
451.35 0.693
452.04 0.69
452.734 0.694
453.421 0.687
454.106 0.685
454.786 0.68
455.468 0.682
456.134 0.666
456.803 0.669
457.467 0.664
458.134 0.667
458.794 0.66
459.45 0.656
460.116 0.666
460.796 0.68
461.471 0.675
462.142 0.671
462.811 0.669
463.49 0.679
464.175 0.685
464.858 0.683
465.528 0.67
466.198 0.67
466.869 0.671
467.536 0.667
468.203 0.667
468.861 0.658
469.519 0.658
470.18 0.661
470.847 0.667
471.519 0.672
472.203 0.684
472.89 0.687
473.562 0.672
474.235 0.673
474.901 0.666
475.554 0.653
476.213 0.659
476.879 0.666
477.541 0.662
478.197 0.656
478.853 0.656
479.505 0.652
480.15 0.645
480.793 0.643
481.433 0.64
482.082 0.649
482.753 0.671
483.439 0.686
484.128 0.689
484.82 0.692
485.524 0.704
486.226 0.702
486.927 0.701
487.614 0.687
488.289 0.675
488.971 0.682
489.652 0.681
490.324 0.672
490.99 0.666
491.656 0.666
492.311 0.655
492.959 0.648
493.596 0.637
494.231 0.635
494.898 0.667
495.633 0.735
496.371 0.738
497.09 0.719
497.799 0.709
498.513 0.714
499.257 0.744
500.006 0.749
500.763 0.757
501.511 0.748
502.26 0.749
502.989 0.729
503.7 0.711
504.395 0.695
505.083 0.688
505.785 0.702
506.488 0.703
507.161 0.673
507.866 0.705
508.58 0.714
509.32 0.74
510.054 0.734
510.77 0.716
511.486 0.716
512.192 0.706
512.891 0.699
513.594 0.703
514.298 0.704
515.002 0.704
515.696 0.694
516.385 0.689
517.065 0.68
517.75 0.685
518.463 0.713
519.213 0.75
519.966 0.753
520.709 0.743
521.434 0.725
522.15 0.716
522.847 0.697
523.532 0.685
524.212 0.68
524.885 0.673
525.556 0.671
526.223 0.667
526.897 0.674
527.581 0.684
528.271 0.69
528.956 0.685
529.66 0.704
530.372 0.712
531.076 0.704
531.774 0.698
532.465 0.691
533.134 0.669
533.798 0.664
534.467 0.669
535.144 0.677
535.825 0.681
536.513 0.688
537.199 0.686
537.891 0.692
538.574 0.683
539.253 0.679
539.935 0.682
540.622 0.687
541.312 0.69
541.992 0.68
542.663 0.671
543.326 0.663
543.984 0.658
544.647 0.663
545.324 0.677
546.001 0.677
546.682 0.681
547.366 0.684
548.064 0.698
548.756 0.692
549.442 0.686
550.127 0.685
550.809 0.682
551.492 0.683
552.172 0.68
552.851 0.679
553.528 0.677
554.204 0.676
554.893 0.689
555.585 0.692
556.261 0.676
556.922 0.661
557.598 0.676
558.287 0.689
559.006 0.719
559.723 0.717
560.42 0.697
561.104 0.684
561.784 0.68
562.475 0.691
563.188 0.713
563.927 0.739
564.677 0.75
565.417 0.74
566.157 0.74
566.879 0.722
567.59 0.711
568.297 0.707
568.997 0.7
569.693 0.696
570.388 0.695
571.08 0.692
571.773 0.693
572.46 0.687
573.154 0.694
573.853 0.699
574.552 0.699
575.251 0.699
575.957 0.706
576.651 0.694
577.343 0.692
578.027 0.684
578.704 0.677
579.393 0.689
580.09 0.697
580.761 0.671
581.431 0.67
582.11 0.679
582.787 0.677
583.474 0.687
584.171 0.697
584.862 0.691
585.556 0.694
586.241 0.685
586.933 0.692
587.615 0.682
588.302 0.687
588.986 0.684
589.674 0.688
590.361 0.687
591.031 0.67
591.692 0.661
592.354 0.662
593.02 0.666
593.695 0.675
594.379 0.684
595.075 0.696
595.795 0.72
596.51 0.715
597.221 0.711
597.936 0.715
598.645 0.709
599.36 0.715
600.06 0.7
600.752 0.692
601.433 0.681
602.11 0.677
602.79 0.68
603.463 0.673
604.133 0.67
604.819 0.686
605.555 0.736
606.345 0.79
607.121 0.776
607.861 0.74
608.565 0.704
609.255 0.69
609.932 0.677
610.6 0.668
611.273 0.673
611.945 0.672
612.642 0.697
613.356 0.714
614.082 0.726
614.802 0.72
615.519 0.717
616.215 0.696
616.91 0.695
617.594 0.684
618.278 0.684
618.949 0.671
619.608 0.659
620.256 0.648
620.89 0.634
621.51 0.62
622.124 0.614
622.74 0.616
623.365 0.625
624.014 0.649
624.678 0.664
625.353 0.675
626.044 0.691
626.709 0.665
627.404 0.695
628.156 0.752
628.922 0.766