0.000 0.814
0.814 0.814
1.552 0.738
2.242 0.69
2.901 0.659
3.59 0.689
4.249 0.659
4.887 0.638
5.206 0.319
5.512 0.306
5.77 0.258
6.075 0.305
6.348 0.273
6.606 0.258
11.895 0.642
12.538 0.643
13.185 0.647
13.828 0.643
14.476 0.648
15.135 0.659
15.795 0.66
16.453 0.658
17.134 0.681
17.863 0.729
18.641 0.778
19.454 0.813
20.268 0.814
21.047 0.779
21.825 0.778
22.607 0.782
23.346 0.739
24.051 0.705
24.746 0.695
25.468 0.722
26.251 0.783
27.126 0.875
27.987 0.861
28.855 0.868
29.702 0.847
30.48 0.778
31.234 0.754
32.007 0.773
32.78 0.773
33.571 0.791
34.317 0.746
35.022 0.705
35.708 0.686
36.399 0.691
37.132 0.733
37.91 0.778
38.723 0.813
39.503 0.78
40.28 0.777
41.119 0.839
41.862 0.743
42.558 0.696
43.22 0.662
43.894 0.674
44.389 0.495
44.835 0.446
45.187 0.352
45.705 0.518
47.851 2.146
49.222 1.371
49.921 0.699
50.63 0.709
51.313 0.683
52.016 0.703
52.732 0.716
53.452 0.72
54.151 0.699
54.821 0.67
55.494 0.673
56.205 0.711
57.011 0.806
57.847 0.836
58.706 0.859
59.509 0.803
60.267 0.758
61.014 0.747
61.751 0.737
62.45 0.699
63.178 0.728
63.94 0.762
64.704 0.764
65.502 0.798
66.344 0.842
67.193 0.849
67.999 0.806
68.81 0.811
69.613 0.803
70.361 0.748
71.115 0.754
71.874 0.759
72.602 0.728
73.361 0.759
74.151 0.79
74.904 0.753
75.635 0.731
76.375 0.74
77.146 0.771
77.97 0.824
78.823 0.853
79.653 0.83
80.487 0.834
81.318 0.831
82.109 0.791
82.896 0.787
83.681 0.785
84.455 0.774
85.185 0.73
85.929 0.744
86.69 0.761
87.427 0.737
88.151 0.724
88.91 0.759
89.697 0.787
90.498 0.801
91.274 0.776
92.062 0.788
92.848 0.786
93.595 0.747
94.346 0.751
95.097 0.751
95.836 0.739
96.574 0.738
97.328 0.754
98.097 0.769
98.858 0.761
99.578 0.72
100.287 0.709
101.011 0.724
101.784 0.773
102.568 0.784
103.305 0.737
104.039 0.734
104.767 0.728
105.493 0.726
106.197 0.704
106.924 0.727
107.683 0.759
108.481 0.798
109.29 0.809
110.086 0.796
110.881 0.795
111.667 0.786
112.419 0.752
113.136 0.717
113.878 0.742
114.651 0.773
115.462 0.811
116.245 0.783
116.995 0.75
117.763 0.768
118.552 0.789
119.374 0.822
120.152 0.778
120.945 0.793
121.754 0.809
122.545 0.791
123.31 0.765
124.107 0.797
124.927 0.82
125.748 0.821
126.531 0.783
127.325 0.794
128.113 0.788
128.887 0.774
129.644 0.757
130.427 0.783
131.268 0.841
132.141 0.873
132.914 0.773
133.707 0.793
134.519 0.812
135.316 0.797
136.116 0.8
136.889 0.773
137.612 0.723
138.289 0.677
138.945 0.656
139.573 0.628
140.198 0.625
140.805 0.607
141.426 0.621
142.094 0.668
142.836 0.742
143.628 0.792
144.437 0.809
145.255 0.818
146.032 0.777
146.756 0.724
147.443 0.687
148.124 0.681
148.838 0.714
149.584 0.746
150.337 0.753
151.101 0.764
151.847 0.746
152.569 0.722
153.26 0.691
153.96 0.7
154.676 0.716
155.404 0.728
156.142 0.738
156.862 0.72
157.59 0.728
158.296 0.706
158.978 0.682
159.647 0.669
160.318 0.671
161.003 0.685
161.75 0.747
162.534 0.784
163.346 0.812
164.158 0.812
164.955 0.797
165.695 0.74
166.405 0.71
167.107 0.702
167.804 0.697
168.515 0.711
169.211 0.696
169.953 0.742
170.722 0.769
171.53 0.808
172.327 0.797
173.074 0.747
173.788 0.714
174.476 0.688
175.135 0.659
175.796 0.661
176.455 0.659
177.134 0.679
177.857 0.723
178.612 0.755
179.38 0.768
180.119 0.739
180.819 0.7
181.483 0.664
182.13 0.647
182.747 0.617
183.385 0.638
184.027 0.642
184.671 0.644
185.312 0.641
185.928 0.616
186.547 0.619
187.168 0.621
187.781 0.613
188.403 0.622
189.026 0.623
189.646 0.62
190.27 0.624
190.904 0.634
191.542 0.638
192.199 0.657
192.87 0.671
193.526 0.656
194.169 0.643
194.83 0.661
195.527 0.697
196.24 0.713
196.939 0.699
197.684 0.745
198.451 0.767
199.223 0.772
200.012 0.789
200.746 0.734
201.483 0.737
202.214 0.731
202.908 0.694
203.582 0.674
204.278 0.696
204.969 0.691
205.695 0.726
206.399 0.704
207.153 0.754
207.894 0.741
208.628 0.734
209.374 0.746
210.115 0.741
210.84 0.725
211.539 0.699
212.249 0.71
212.939 0.69
213.636 0.697
214.364 0.728
215.082 0.718
215.837 0.755
216.608 0.771
217.398 0.79
218.198 0.8
218.973 0.775
219.688 0.715
220.396 0.708
221.084 0.688
221.744 0.66
222.405 0.661
223.113 0.708
223.84 0.727
224.837 0.997
225.726 0.889
226.575 0.849
227.441 0.866
228.284 0.843
229.051 0.767
229.842 0.791
230.622 0.78
231.38 0.758
232.099 0.719
232.793 0.694
233.479 0.686
234.203 0.724
235.07 0.867
236.029 0.959
236.937 0.908
237.799 0.862
238.629 0.83
239.457 0.828
240.267 0.81
241.029 0.762
241.74 0.711
242.453 0.713
243.176 0.723
243.914 0.738
244.622 0.708
245.336 0.714
246.064 0.728
246.811 0.747
247.551 0.74
248.257 0.706
248.933 0.676
249.627 0.694
250.329 0.702
251.019 0.69
251.774 0.755
252.542 0.768
253.331 0.789
254.084 0.753
254.836 0.752
255.544 0.708
256.221 0.677
256.919 0.698
257.64 0.721
258.372 0.732
259.072 0.7
259.763 0.691
260.461 0.698
261.178 0.717
261.889 0.711
262.58 0.691
263.31 0.73
264.026 0.716
264.754 0.728
265.497 0.743
266.222 0.725
266.971 0.749
267.681 0.71
268.419 0.738
269.165 0.746
269.893 0.728
270.592 0.699
271.294 0.702
272.005 0.711
272.729 0.724
273.418 0.689
274.108 0.69
274.83 0.722
275.574 0.744
276.312 0.738
277.041 0.729
277.74 0.699
278.438 0.698
279.158 0.72
279.9 0.742
280.623 0.723
281.314 0.691
282.019 0.705
282.78 0.761
283.611 0.831
284.452 0.841
285.236 0.784
286.01 0.774
286.741 0.731
287.436 0.695
288.091 0.655
288.721 0.63
289.35 0.629
289.989 0.639
290.638 0.649
291.289 0.651
291.965 0.676
292.669 0.704
293.401 0.732
294.147 0.746
294.877 0.73
295.601 0.724
296.309 0.708
296.99 0.681
297.653 0.663
298.314 0.661
298.979 0.665
299.638 0.659
300.321 0.683
300.99 0.669
301.628 0.638
302.259 0.631
302.959 0.7
303.963 1.004
304.908 0.945
305.805 0.897
306.663 0.858
307.475 0.812
308.204 0.729
308.889 0.685
309.567 0.678
310.274 0.707
311.064 0.79
312.076 1.012
312.993 0.917
313.927 0.934
314.844 0.917
315.731 0.887
316.585 0.854
317.402 0.817
318.162 0.76
318.88 0.718
319.581 0.701
320.285 0.704
321.039 0.754
321.875 0.836
322.781 0.906
323.676 0.895
324.541 0.865
325.358 0.817
326.133 0.775
326.896 0.763
327.625 0.729
328.311 0.686
328.983 0.672
329.659 0.676
330.354 0.695
331.113 0.759
331.895 0.782
332.748 0.853
333.606 0.858
334.4 0.794
334.734 0.334
335.14 0.406
335.897 0.757
336.616 0.719
337.364 0.748
338.124 0.76
338.885 0.761
339.657 0.772
340.488 0.831
341.313 0.825
342.137 0.824
342.947 0.81
343.715 0.768
344.459 0.744
345.21 0.751
345.981 0.771
346.745 0.764
347.555 0.81
348.396 0.841
349.207 0.811
350.026 0.819
350.855 0.829
351.655 0.8
352.457 0.802
353.273 0.816
354.07 0.797
354.881 0.811
355.706 0.825
356.54 0.834
357.362 0.822
358.181 0.819
359.004 0.823
359.815 0.811
360.584 0.769
361.385 0.801
362.202 0.817
363.008 0.806
363.774 0.766
364.553 0.779
365.32 0.767
366.065 0.745
366.644 0.579
367.498 0.854
368.251 0.753
369.033 0.782
369.835 0.802
370.586 0.751
371.357 0.771
372.142 0.785
372.929 0.787
373.718 0.789
374.468 0.75
375.234 0.766
376.01 0.776
376.83 0.82
377.674 0.844
378.522 0.848
379.379 0.857
380.206 0.827
380.972 0.766
381.742 0.77
382.532 0.79
383.348 0.816
384.215 0.867
385.041 0.826
385.816 0.775
386.564 0.748
387.305 0.741
388.076 0.771
388.877 0.801
389.704 0.827
390.509 0.805
391.335 0.826
392.165 0.83
392.978 0.813
393.773 0.795
394.572 0.799
395.377 0.805
396.176 0.799
396.953 0.777
397.705 0.752
398.448 0.743
399.191 0.743
399.952 0.761
400.766 0.814
401.59 0.824
402.392 0.802
403.137 0.745
403.837 0.7
404.171 0.334
404.515 0.344
405.205 0.69
405.976 0.771
406.896 0.92
407.837 0.941
408.745 0.908
409.637 0.892
410.498 0.861
411.34 0.842
412.128 0.788
412.868 0.74
413.605 0.737
414.366 0.761
415.148 0.782
415.964 0.816
416.802 0.838
417.459 0.657
417.729 0.27
418.682 0.953
419.582 0.9
420.44 0.858
421.224 0.784
422.012 0.788
422.803 0.791
423.597 0.794
424.36 0.763
425.138 0.778
425.92 0.782
426.672 0.752
427.406 0.734
428.165 0.759
428.947 0.782
429.721 0.774
430.47 0.749
431.207 0.737
431.934 0.727
432.676 0.742
433.441 0.765
434.207 0.766
434.936 0.729
435.635 0.699
436.301 0.666
436.964 0.663
437.644 0.68
438.358 0.714
439.134 0.776
439.916 0.782
440.724 0.808
441.556 0.832
442.385 0.829
443.15 0.765
443.915 0.765
444.663 0.748
445.412 0.749
446.151 0.739
446.891 0.74
447.651 0.76
448.422 0.771
449.196 0.774
450.016 0.82
450.846 0.83
451.637 0.791
452.43 0.793
453.226 0.796
453.993 0.767
454.756 0.763
455.542 0.786
456.331 0.789
457.094 0.763
457.847 0.753
458.612 0.765
459.376 0.764
460.122 0.746
460.901 0.779
461.698 0.797
462.483 0.785
463.252 0.769
464.027 0.775
464.798 0.771
465.54 0.742
466.308 0.768
467.046 0.738
467.748 0.702
468.448 0.7
469.154 0.706
469.865 0.711
470.595 0.73
471.378 0.783
472.193 0.815
472.976 0.783
473.762 0.786
474.544 0.782
475.304 0.76
476.039 0.735
476.783 0.744
477.549 0.766
478.323 0.774
479.084 0.761
479.851 0.767
480.631 0.78
481.396 0.765
482.145 0.749
482.875 0.73
483.609 0.734
484.372 0.763
485.15 0.778
485.9 0.75
486.633 0.733
487.354 0.721
488.071 0.717
488.775 0.704
489.481 0.706
490.203 0.722
490.946 0.743
491.687 0.741
492.435 0.748
493.197 0.762
493.941 0.744
494.668 0.727
495.386 0.718
496.115 0.729
496.847 0.732
497.571 0.724
498.315 0.744
499.057 0.742
499.804 0.747
500.539 0.735
501.284 0.745
502.043 0.759
502.81 0.767
503.552 0.742
504.26 0.708
504.935 0.675
505.598 0.663
506.261 0.663
506.949 0.688
507.966 1.017
508.816 0.85
509.573 0.757
510.277 0.704
510.71 0.433
511.61 0.9
512.284 0.674
512.98 0.696
513.693 0.713
514.43 0.737
515.154 0.724
515.857 0.703
516.572 0.715
517.294 0.722
518.046 0.752
518.805 0.759
519.516 0.711
520.235 0.719
520.97 0.735
521.712 0.742
522.432 0.72
523.136 0.704
523.846 0.71
524.579 0.733
525.069 0.49
525.328 0.259
526.071 0.743
526.799 0.728
527.53 0.731
528.255 0.725
528.972 0.717
529.496 0.524
530.392 0.896
531.125 0.733
531.854 0.729
532.144 0.29
532.581 0.437
533.283 0.702
533.985 0.702
534.655 0.67
535.336 0.681
536.002 0.666
536.669 0.667
537.337 0.668
538.021 0.684
538.729 0.708
539.446 0.717
540.16 0.714
540.832 0.672
541.483 0.651
542.117 0.634
542.75 0.633
543.392 0.642
544.061 0.669
544.766 0.705
545.473 0.707
546.157 0.684
546.823 0.666
547.498 0.675
548.181 0.683
548.886 0.705
549.592 0.706
550.288 0.696
550.992 0.704
551.708 0.716
552.419 0.711
553.129 0.71
553.853 0.724
554.591 0.738
555.317 0.726
556.037 0.72
556.756 0.719
557.478 0.722
558.196 0.718
558.895 0.699
559.577 0.682
560.246 0.669
560.917 0.671
561.63 0.713
562.42 0.79
563.251 0.831
564.043 0.792
564.803 0.76
565.535 0.732
566.225 0.69
566.891 0.666
567.543 0.652
568.205 0.662
568.899 0.694
569.682 0.783
570.671 0.989
571.512 0.841
572.365 0.853
573.211 0.846
573.982 0.771
574.742 0.76
575.499 0.757
576.279 0.78
577.073 0.794
577.863 0.79
578.621 0.758
579.398 0.777
580.187 0.789
580.957 0.77
581.72 0.763
582.504 0.784
583.302 0.798
584.078 0.776
584.839 0.761
585.606 0.767
586.357 0.751
587.061 0.704
587.79 0.729
588.537 0.747
589.323 0.786
590.18 0.857
590.994 0.814
591.805 0.811
592.641 0.836
593.432 0.791
594.187 0.755
594.95 0.763
595.711 0.761
596.46 0.749
597.19 0.73
597.924 0.734
598.645 0.721
599.368 0.723
600.172 0.804
601.041 0.869