0.000 0.81
0.81 0.81
1.593 0.783
2.315 0.722
3.098 0.783
3.82 0.722
4.524 0.704
5.28 0.756
6.076 0.796
6.959 0.883
7.794 0.835
8.661 0.867
9.508 0.847
10.363 0.855
11.155 0.792
11.905 0.75
12.654 0.749
13.348 0.694
14.059 0.711
14.795 0.736
15.658 0.863
16.544 0.886
17.35 0.806
18.083 0.733
18.794 0.711
19.514 0.72
20.264 0.75
21.014 0.75
21.733 0.719
22.46 0.727
23.251 0.791
24.251 1.0
25.145 0.894
26.006 0.861
26.909 0.903
27.888 0.979
28.878 0.99
29.836 0.958
30.79 0.954
31.753 0.963
32.709 0.956
33.603 0.894
34.531 0.928
35.517 0.986
36.439 0.922
37.378 0.939
38.325 0.947
39.232 0.907
40.122 0.89
41.04 0.918
41.96 0.92
42.861 0.901
43.781 0.92
44.692 0.911
45.56 0.868
46.462 0.902
47.395 0.933
48.305 0.91
49.215 0.91
50.108 0.893
51.003 0.895
51.903 0.9
52.773 0.87
53.602 0.829
54.441 0.839
55.281 0.84
56.097 0.816
57.004 0.907
57.995 0.991
58.906 0.911
59.828 0.922
60.689 0.861
61.566 0.877
62.471 0.905
63.351 0.88
64.21 0.859
65.105 0.895
66.053 0.948
66.999 0.946
67.954 0.955
68.93 0.976
69.907 0.977
70.843 0.936
71.721 0.878
72.626 0.905
73.571 0.945
74.462 0.891
75.419 0.957
76.376 0.957
77.34 0.964
78.314 0.974
79.29 0.976
80.244 0.954
81.234 0.99
82.213 0.979
83.16 0.947
84.141 0.981
85.084 0.943
85.949 0.865
86.754 0.805
87.556 0.802
88.46 0.904
89.51 1.05
90.512 1.002
91.447 0.935
92.356 0.909
93.219 0.863
94.05 0.831
94.796 0.746
95.528 0.732
96.276 0.748
97.062 0.786
97.855 0.793
98.811 0.956
99.855 1.044
100.846 0.991
101.832 0.986
102.825 0.993
103.805 0.98
104.769 0.964
105.748 0.979
106.735 0.987
107.718 0.983
108.721 1.003
109.685 0.964
110.583 0.898
111.532 0.949
112.492 0.96
113.499 1.007
114.429 0.93
115.383 0.954
116.373 0.99
117.342 0.969
118.297 0.955
119.243 0.946
120.138 0.895
120.941 0.803
121.74 0.799
122.56 0.82
123.412 0.852
124.321 0.909
125.249 0.928
126.206 0.957
127.14 0.934
128.064 0.924
129.022 0.958
129.946 0.924
130.87 0.924
131.763 0.893
132.6 0.837
133.402 0.802
134.17 0.768
134.943 0.773
135.732 0.789
136.707 0.975
137.633 0.926
138.52 0.887
139.439 0.919
140.374 0.935
141.264 0.89
142.15 0.886
143.055 0.905
143.94 0.885
144.768 0.828
145.602 0.834
146.455 0.853
147.344 0.889
148.207 0.863
149.054 0.847
149.93 0.876
150.816 0.886
151.662 0.846
152.55 0.888
153.457 0.907
154.354 0.897
155.217 0.863
156.122 0.905
157.102 0.98
158.086 0.984
159.031 0.945
159.972 0.941
160.89 0.918
161.765 0.875
162.589 0.824
163.434 0.845
164.332 0.898
165.364 1.032
166.302 0.938
167.267 0.965
168.266 0.999
169.245 0.979
170.181 0.936
171.132 0.951
172.07 0.938
172.952 0.882
173.762 0.81
174.567 0.805
175.34 0.773
176.09 0.75
176.888 0.798
177.697 0.809
178.558 0.861
179.502 0.944
180.456 0.954
181.363 0.907
182.191 0.828
182.995 0.804
183.832 0.837
184.753 0.921
185.683 0.93
186.612 0.929
187.581 0.969
188.55 0.969
189.479 0.929
190.392 0.913
191.299 0.907
192.156 0.857
193.024 0.868
193.901 0.877
194.755 0.854
195.555 0.8
196.279 0.724
197.002 0.723
197.719 0.717
198.45 0.731
199.192 0.742
199.926 0.734
200.651 0.725
201.424 0.773
202.3 0.876
203.293 0.993
204.215 0.922
205.137 0.922
206.049 0.912
206.936 0.887
207.749 0.813
208.569 0.82
209.434 0.865
210.341 0.907
211.219 0.878
212.152 0.933
213.137 0.985
214.117 0.98
215.051 0.934
216.024 0.973
216.982 0.958
217.894 0.912
218.773 0.879
219.68 0.907
220.603 0.923
221.493 0.89
222.349 0.856
223.252 0.903
224.174 0.922
225.083 0.909
226.013 0.93
226.956 0.943
227.86 0.904
228.752 0.892
229.661 0.909
230.546 0.885
231.421 0.875
232.268 0.847
233.078 0.81
233.885 0.807
234.716 0.831
235.596 0.88
236.493 0.897
237.451 0.958
238.409 0.958
239.317 0.908
240.18 0.863
241.064 0.884
241.987 0.923
242.912 0.925
243.888 0.976
244.872 0.984
245.824 0.952
246.758 0.934
247.721 0.963
248.683 0.962
249.591 0.908
250.481 0.89
251.386 0.905
252.275 0.889
253.14 0.865
254.022 0.882
254.943 0.921
255.846 0.903
256.745 0.899
257.664 0.919
258.596 0.932
259.485 0.889
260.397 0.912
261.333 0.936
262.225 0.892
263.09 0.865
263.991 0.901
264.907 0.916
265.811 0.904
266.697 0.886
267.621 0.924
268.522 0.901
269.368 0.846
270.174 0.806
271.025 0.851
271.903 0.878
272.725 0.822
273.634 0.909
274.498 0.864
275.296 0.798
276.098 0.802
276.89 0.792
277.624 0.734
278.354 0.73
279.075 0.721
279.778 0.703
280.47 0.692
281.151 0.681
281.822 0.671
282.508 0.686
283.231 0.723
284.048 0.817
285.014 0.966
285.91 0.896
286.809 0.899
287.692 0.883
288.527 0.835
289.344 0.817
290.162 0.818
290.98 0.818
291.768 0.788
292.572 0.804
293.476 0.904
294.534 1.058
295.512 0.978
296.451 0.939
297.398 0.947
298.348 0.95
299.255 0.907
300.151 0.896
301.079 0.928
301.998 0.919
302.879 0.881
303.816 0.937
304.752 0.936
305.661 0.909
306.536 0.875
307.425 0.889
308.314 0.889
309.177 0.863
309.986 0.809
310.771 0.785
311.57 0.799
312.398 0.828
313.228 0.83
314.067 0.839
314.898 0.831
315.665 0.767
316.429 0.764
317.177 0.748
317.962 0.785
318.747 0.785
319.513 0.766
320.33 0.817
321.228 0.898
322.086 0.858
322.97 0.884
323.892 0.922
324.823 0.931
325.74 0.917
326.643 0.903
327.507 0.864
328.345 0.838
329.142 0.797
329.882 0.74
330.62 0.738
331.393 0.773
332.357 0.964
333.307 0.95
333.596 0.289
334.127 0.531
334.979 0.852
335.885 0.906
336.896 1.011
337.93 1.034
338.89 0.96
339.859 0.969
340.813 0.954
341.738 0.925
342.614 0.876
343.508 0.894
344.441 0.933
345.393 0.952
346.36 0.967
347.328 0.968
348.293 0.965
349.241 0.948
350.122 0.881
350.971 0.849
351.861 0.89
352.847 0.986
353.859 1.012
354.843 0.984
355.816 0.973
356.742 0.926
357.58 0.838
358.376 0.796
359.188 0.812
360.027 0.839
360.944 0.917
361.921 0.977
362.876 0.955
363.762 0.886
364.579 0.817
365.408 0.829
366.223 0.815
367.054 0.831
367.907 0.853
368.763 0.856
369.595 0.832
370.447 0.852
371.317 0.87
372.205 0.888
373.027 0.822
373.83 0.803
374.643 0.813
375.492 0.849
376.331 0.839
377.189 0.858
378.134 0.945
379.124 0.99
380.055 0.931
380.979 0.924
381.92 0.941
382.835 0.915
383.706 0.871
384.605 0.899
385.549 0.944
386.512 0.963
387.398 0.886
388.348 0.95
389.38 1.032
390.368 0.988
391.318 0.95
392.301 0.983
393.278 0.977
394.198 0.92
395.105 0.907
396.028 0.923
396.933 0.905
397.813 0.88
398.733 0.92
399.712 0.979
400.701 0.989
401.662 0.961
402.656 0.994
403.654 0.998
404.591 0.937
405.542 0.951
406.515 0.973
407.453 0.938
408.422 0.969
409.362 0.94
410.252 0.89
411.041 0.789
411.798 0.757
412.537 0.739
413.364 0.827
414.34 0.976
415.33 0.99
416.346 1.016
417.36 1.014
418.367 1.007
419.363 0.996
420.336 0.973
421.261 0.925
422.16 0.899
423.048 0.888
423.908 0.86
424.772 0.864
425.654 0.882
426.568 0.914
427.528 0.96
428.5 0.972
429.444 0.944
430.335 0.891
431.172 0.837
432.024 0.852
432.929 0.905
433.936 1.007
434.833 0.897
435.669 0.836
436.481 0.812
437.322 0.841
438.182 0.86
439.04 0.858
439.902 0.862
440.783 0.881
441.661 0.878
442.536 0.875
443.436 0.9
444.34 0.904
445.221 0.881
446.109 0.888
447.041 0.932
447.942 0.901
448.803 0.861
449.673 0.87
450.58 0.907
451.5 0.92
452.413 0.913
453.32 0.907
454.198 0.878
455.037 0.839
455.89 0.853
456.778 0.888
457.709 0.931
458.641 0.932
459.565 0.924
460.506 0.941
461.446 0.94
462.376 0.93
463.317 0.941
464.25 0.933
465.146 0.896
466.031 0.885
466.99 0.959
467.984 0.994
468.944 0.96
469.882 0.938
470.859 0.977
471.857 0.998
472.822 0.965
473.746 0.924
474.68 0.934
475.6 0.92
476.467 0.867
477.344 0.877
478.237 0.893
479.138 0.901
480.011 0.873
480.948 0.937
481.942 0.994
482.898 0.956
483.824 0.926
484.762 0.938
485.671 0.909
486.55 0.879
487.431 0.881
488.305 0.874
489.149 0.844
489.984 0.835
490.862 0.878
491.755 0.893
492.639 0.884
493.555 0.916
494.533 0.978
495.512 0.979
496.442 0.93
497.365 0.923
498.249 0.884
499.118 0.869
499.986 0.868
500.835 0.849
501.682 0.847
502.657 0.975
503.599 0.942
504.631 1.032
505.625 0.994
506.648 1.023
507.637 0.989
508.595 0.958
509.558 0.963
510.482 0.924
511.318 0.836
512.186 0.868
513.072 0.886
513.96 0.888
514.852 0.892
515.777 0.925
516.687 0.91
517.559 0.872
518.458 0.899
519.379 0.921
520.262 0.883
521.174 0.912
522.097 0.923
523.022 0.925
523.934 0.912
524.846 0.912
525.722 0.876
526.532 0.81
527.355 0.823
528.19 0.835
529.049 0.859
529.893 0.844
530.787 0.894
531.744 0.957
532.674 0.93
533.582 0.908
534.499 0.917
535.403 0.904
536.272 0.869
537.166 0.894
538.083 0.917
538.966 0.883
539.853 0.887
540.679 0.826
541.457 0.778
542.263 0.806
543.099 0.836
544.052 0.953
544.944 0.892
545.913 0.969
546.908 0.995
547.894 0.986
548.861 0.967
549.831 0.97
550.746 0.915
551.63 0.884
552.506 0.876
553.392 0.886
554.262 0.87
555.175 0.913
556.091 0.916
556.974 0.883
557.935 0.961
558.953 1.018
559.932 0.979
560.91 0.978
561.901 0.991
562.806 0.905
563.677 0.871
564.515 0.838
565.308 0.793
566.075 0.767
566.919 0.844
567.889 0.97
568.808 0.919
569.689 0.881
570.487 0.798
571.279 0.792
572.048 0.769
572.88 0.832
573.635 0.755
574.354 0.719
575.07 0.716
575.781 0.711
576.506 0.725
577.257 0.751
578.022 0.765
578.804 0.782
579.571 0.767
580.324 0.753
581.053 0.729
581.796 0.743
582.538 0.742
583.277 0.739
583.996 0.719
584.74 0.744
585.493 0.753
586.259 0.766
587.04 0.781
587.803 0.763
588.607 0.804
589.551 0.944
590.485 0.934
591.386 0.901
592.216 0.83
593.054 0.838
593.918 0.864
594.802 0.884
595.673 0.871
596.491 0.818
597.294 0.803
598.096 0.802
598.918 0.822
599.724 0.806