0.000 0.565
0.565 0.565
1.128 0.563
1.471 0.343
2.139 0.668
2.709 0.57
3.283 0.574
3.853 0.57
4.416 0.563
4.98 0.564
5.544 0.564
6.113 0.569
6.682 0.569
7.244 0.562
7.804 0.56
8.361 0.557
8.911 0.55
9.463 0.552
10.021 0.558
10.586 0.565
11.174 0.588
11.79 0.616
12.422 0.632
13.048 0.626
13.677 0.629
14.297 0.62
14.914 0.617
15.526 0.612
16.115 0.589
16.703 0.588
17.289 0.586
17.868 0.579
18.442 0.574
19.013 0.571
19.586 0.573
20.156 0.57
20.735 0.579
21.398 0.663
22.123 0.725
22.801 0.678
23.475 0.674
24.128 0.653
24.773 0.645
25.392 0.619
25.998 0.606
26.605 0.607
27.223 0.618
27.856 0.633
28.516 0.66
29.203 0.687
29.887 0.684
30.562 0.675
31.215 0.653
31.874 0.659
32.568 0.694
33.317 0.749
34.078 0.761
34.8 0.722
35.468 0.668
36.105 0.637
36.714 0.609
37.312 0.598
37.895 0.583
38.476 0.581
39.053 0.577
39.642 0.589
40.247 0.605
40.859 0.612
41.473 0.614
42.09 0.617
42.713 0.623
43.338 0.625
43.969 0.631
44.591 0.622
45.211 0.62
45.828 0.617
46.445 0.617
47.059 0.614
47.679 0.62
48.3 0.621
48.916 0.616
49.536 0.62
50.165 0.629
50.784 0.619
51.383 0.599
51.981 0.598
52.568 0.587
53.145 0.577
53.729 0.584
54.316 0.587
54.9 0.584
55.483 0.583
56.087 0.604
56.711 0.624
57.329 0.618
57.959 0.63
58.586 0.627
59.203 0.617
59.813 0.61
60.427 0.614
61.041 0.614
61.659 0.618
62.302 0.643
62.964 0.662
63.633 0.669
64.303 0.67
64.95 0.647
65.59 0.64
66.231 0.641
66.906 0.675
67.648 0.742
68.386 0.738
69.104 0.718
69.774 0.67
70.449 0.675
71.139 0.69
71.87 0.731
72.611 0.741
73.341 0.73
74.08 0.739
74.815 0.735
75.539 0.724
76.23 0.691
76.9 0.67
77.556 0.656
78.231 0.675
78.928 0.697
79.668 0.74
80.398 0.73
81.118 0.72
81.839 0.721
82.509 0.67
83.171 0.662
83.821 0.65
84.481 0.66
85.173 0.692
85.873 0.7
86.591 0.718
87.319 0.728
88.021 0.702
88.705 0.684
89.361 0.656
90.006 0.645
90.648 0.642
91.295 0.647
91.985 0.69
92.691 0.706
93.391 0.7
94.079 0.688
94.759 0.68
95.411 0.652
96.062 0.651
96.707 0.645
97.348 0.641
97.979 0.631
98.608 0.629
99.26 0.652
99.927 0.667
100.576 0.649
101.218 0.642
101.87 0.652
102.519 0.649
103.157 0.638
103.796 0.639
104.429 0.633
105.059 0.63
105.694 0.635
106.333 0.639
106.965 0.632
107.609 0.644
108.271 0.662
108.922 0.651
109.556 0.634
110.181 0.625
110.812 0.631
111.461 0.649
112.124 0.663
112.81 0.686
113.469 0.659
114.134 0.665
114.804 0.67
115.48 0.676
116.153 0.673
116.819 0.666
117.473 0.654
118.113 0.64
118.74 0.627
119.354 0.614
119.976 0.622
120.592 0.616
121.209 0.617
121.821 0.612
122.43 0.609
123.027 0.597
123.618 0.591
124.202 0.584
124.786 0.584
125.364 0.578
125.937 0.573
126.496 0.559
127.053 0.557
127.609 0.556
128.154 0.545
128.69 0.536
129.225 0.535
129.771 0.546
130.326 0.555
130.924 0.598
131.553 0.629
132.225 0.672
132.883 0.658
133.537 0.654
134.201 0.664
134.851 0.65
135.496 0.645
136.132 0.636
136.773 0.641
137.399 0.626
137.938 0.539
138.343 0.405
138.622 0.279
139.211 0.589
139.787 0.576
140.354 0.567
140.921 0.567
141.492 0.571
142.01 0.518
142.341 0.331
142.664 0.323
143.252 0.588
143.706 0.454
144.189 0.483
144.748 0.559
145.161 0.413
145.528 0.367
145.815 0.287
146.463 0.648
147.117 0.654
147.791 0.674
148.461 0.67
149.123 0.662
149.758 0.635
150.267 0.509
150.53 0.263
150.863 0.333
151.156 0.293
151.432 0.276
151.697 0.265
152.008 0.311
152.313 0.305
152.661 0.348
152.941 0.28
153.57 0.629
154.203 0.633
154.885 0.682
155.707 0.822
156.481 0.774
156.797 0.316
157.252 0.455
158.014 0.762
158.539 0.525
159.455 0.916
160.166 0.711
160.848 0.682
161.472 0.624
162.096 0.624
162.727 0.631
163.359 0.632
163.989 0.63
164.594 0.605
165.192 0.598
165.785 0.593
166.306 0.521
166.61 0.304
166.93 0.32
167.498 0.568
167.763 0.265
168.072 0.309
168.548 0.476
168.974 0.426
169.281 0.307
169.687 0.406
170.496 0.809
171.111 0.615
171.736 0.625
172.365 0.629
172.996 0.631
173.631 0.635
174.254 0.623
174.873 0.619
175.511 0.638
176.201 0.69
176.87 0.669
177.35 0.48
177.656 0.306
178.226 0.57
178.891 0.665
179.547 0.656
180.193 0.646
180.836 0.643
181.456 0.62
182.07 0.614
182.442 0.372
183.264 0.822
183.872 0.608
184.515 0.643
185.199 0.684
185.553 0.354
185.866 0.313
186.637 0.771
187.374 0.737
188.142 0.768
188.925 0.783
189.656 0.731
190.349 0.693
191.029 0.68
191.669 0.64
192.302 0.633
192.925 0.623
193.544 0.619
194.164 0.62
194.788 0.624
195.391 0.603
195.997 0.606
196.38 0.383
196.756 0.376
197.2 0.444
197.656 0.456
198.516 0.86
199.201 0.685
199.467 0.266
199.919 0.452
200.622 0.703
201.032 0.41
201.349 0.317
202.039 0.69
202.443 0.404
202.739 0.296
203.423 0.684
204.087 0.664
204.741 0.654
205.026 0.285
205.388 0.362
205.779 0.391
206.03 0.251
206.507 0.477
206.93 0.423
207.311 0.381
207.951 0.64
208.471 0.52
209.261 0.79
209.948 0.687
210.468 0.52
211.38 0.912
212.063 0.683
212.731 0.668
213.29 0.559
214.039 0.749
214.687 0.648
215.348 0.661
216.004 0.656
216.313 0.309
216.655 0.342
217.307 0.652
217.958 0.651
218.663 0.705
219.354 0.691
220.029 0.675
220.692 0.663
221.345 0.653
221.988 0.643
222.629 0.641
223.264 0.635
223.897 0.633
224.533 0.636
225.074 0.541
225.435 0.361
225.861 0.426
226.128 0.267
226.527 0.399
227.203 0.676
227.905 0.702
228.597 0.692
229.01 0.413
229.268 0.258
229.943 0.675
230.624 0.681
231.28 0.656
231.919 0.639
232.554 0.635
233.189 0.635
233.826 0.637
234.464 0.638
235.111 0.647
235.768 0.657
236.423 0.655
237.079 0.656
237.73 0.651
238.368 0.638
238.998 0.63
239.621 0.623
240.242 0.621
240.855 0.613
241.463 0.608
242.081 0.618
242.7 0.619
243.328 0.628
243.967 0.639
244.609 0.642
245.249 0.64
245.884 0.635
246.527 0.643
247.174 0.647
247.821 0.647
248.451 0.63
249.072 0.621
249.697 0.625
250.329 0.632
250.971 0.642
251.603 0.632
252.24 0.637
252.901 0.661
253.563 0.662
253.962 0.399
254.283 0.321
254.908 0.625
255.598 0.69
256.3 0.702
256.973 0.673
257.645 0.672
258.304 0.659
258.908 0.604
259.616 0.708
260.276 0.66
260.944 0.668
261.606 0.662
262.06 0.454
262.916 0.856
263.58 0.664
264.246 0.666
264.899 0.653
265.558 0.659
266.215 0.657
266.869 0.654
267.526 0.657
268.175 0.649
268.82 0.645
269.509 0.689
270.176 0.667
270.887 0.711
271.486 0.599
272.069 0.583
272.746 0.677
273.36 0.614
273.969 0.609
274.572 0.603
275.173 0.601
275.784 0.611
276.377 0.593
276.647 0.27
276.987 0.34
277.632 0.645
278.294 0.662
278.939 0.645
279.58 0.641
280.216 0.636
280.851 0.635
281.49 0.639
282.124 0.634
282.766 0.642
283.418 0.652
284.072 0.654
284.352 0.28
284.726 0.374
285.419 0.693
286.13 0.711
286.853 0.723
287.538 0.685
288.211 0.673
288.876 0.665
289.523 0.647
290.153 0.63
290.782 0.629
291.417 0.635
292.052 0.635
292.683 0.631
293.309 0.626
293.942 0.633
294.582 0.64
295.225 0.643
295.863 0.638
296.494 0.631
296.987 0.493
297.383 0.396
297.733 0.35
298.091 0.358
298.374 0.283
298.947 0.573
299.553 0.606
299.811 0.258
300.163 0.352
300.781 0.618
301.402 0.621
302.03 0.628
302.665 0.635
303.303 0.638
303.944 0.641
304.592 0.648
305.238 0.646
305.685 0.447
306.536 0.851
307.059 0.523
307.807 0.748
308.433 0.626
309.049 0.616
309.657 0.608
310.262 0.605
310.864 0.602
311.47 0.606
312.088 0.618
312.653 0.565
313.099 0.446
313.413 0.314
314.019 0.606
314.358 0.339
314.644 0.286
315.261 0.617
315.818 0.557
316.09 0.272
316.417 0.327
317.119 0.702
317.602 0.483
317.984 0.382
318.325 0.341
318.778 0.453
319.508 0.73
320.097 0.589
320.681 0.584
321.267 0.586
321.863 0.596
322.472 0.609
323.086 0.614
323.707 0.621
324.331 0.624
324.955 0.624
325.584 0.629
325.901 0.317
326.206 0.305
326.485 0.279
326.833 0.348
327.212 0.379
327.685 0.473
328.005 0.32
328.704 0.699
329.234 0.53
329.513 0.279
329.932 0.419
330.602 0.67
331.248 0.646
331.886 0.638
332.539 0.653
333.185 0.646
333.841 0.656
334.517 0.676
335.204 0.687
335.877 0.673
336.161 0.284
336.578 0.417
337.268 0.69
337.964 0.696
338.427 0.463
338.769 0.342
339.326 0.557
339.838 0.512
340.131 0.293
340.392 0.261
341.908 1.516
342.541 0.633
344.4 1.859
345.684 1.284
346.289 0.605
346.891 0.602
347.499 0.608
348.12 0.621
348.751 0.631
349.381 0.63
350.011 0.63
350.658 0.647
351.314 0.656
351.954 0.64
352.59 0.636
353.06 0.47
353.902 0.842
354.551 0.649
355.206 0.655
355.859 0.653
356.398 0.539
357.171 0.773
357.82 0.649
358.462 0.642
359.094 0.632
359.727 0.633
360.355 0.628
360.999 0.644
361.645 0.646
362.299 0.654
362.932 0.633
363.561 0.629
364.196 0.635
364.831 0.635
365.471 0.64
366.101 0.63
366.727 0.626
367.344 0.617
367.96 0.616
368.569 0.609
368.939 0.37
369.774 0.835
370.373 0.599
370.978 0.605
371.588 0.61
372.2 0.612
372.824 0.624
373.448 0.624
374.064 0.616
374.684 0.62
375.3 0.616
375.935 0.635
376.587 0.652
377.252 0.665
377.92 0.668
378.581 0.661
379.029 0.448
379.877 0.848
380.533 0.656
381.182 0.649
381.84 0.658
382.503 0.663
382.832 0.329
383.166 0.334
383.837 0.671
384.494 0.657
384.78 0.286
385.146 0.366
385.639 0.493
385.89 0.251
386.445 0.555
387.089 0.644
387.726 0.637
388.365 0.639
388.991 0.626
389.614 0.623
390.238 0.624
390.86 0.622
391.482 0.622
392.091 0.609
392.695 0.604
393.294 0.599
393.898 0.604
394.405 0.507
395.119 0.714
395.731 0.612
396.168 0.437
396.952 0.784
397.52 0.568
398.191 0.671
398.779 0.588
399.066 0.287
399.457 0.391
400.083 0.626
400.694 0.611
401.313 0.619
401.93 0.617
402.54 0.61
403.16 0.62
403.788 0.628
404.426 0.638
405.058 0.632
405.677 0.619
406.286 0.609
406.881 0.595
407.472 0.591
408.072 0.6
408.685 0.613
409.313 0.628
409.957 0.644
410.655 0.698
411.384 0.729
412.087 0.703
412.805 0.718
413.505 0.7
414.202 0.697
414.88 0.678
415.548 0.668
416.194 0.646
416.827 0.633
417.444 0.617
418.057 0.613
418.677 0.62
419.321 0.644
419.982 0.661
420.643 0.661
421.311 0.668
421.968 0.657
422.626 0.658
423.285 0.659
423.958 0.673
424.641 0.683
425.358 0.717
426.053 0.695
426.739 0.686
428.061 1.322
428.737 0.676
429.407 0.67
430.082 0.675
430.753 0.671
431.409 0.656
432.076 0.667
432.751 0.675
433.443 0.692
434.122 0.679
434.807 0.685
435.546 0.739
436.349 0.803
437.067 0.718
437.792 0.725
438.505 0.713
439.205 0.7
439.883 0.678
440.568 0.685
441.25 0.682
441.917 0.667
442.584 0.667
443.245 0.661
443.903 0.658
444.573 0.67
445.255 0.682
445.943 0.688
446.617 0.674
447.287 0.67
447.954 0.667
448.62 0.666
449.289 0.669
449.956 0.667
450.629 0.673
451.308 0.679
451.98 0.672
452.651 0.671
453.33 0.679
454.008 0.678
454.695 0.687
455.366 0.671
456.043 0.677
456.732 0.689
457.428 0.696
458.129 0.701
458.818 0.689
459.498 0.68
460.183 0.685
460.856 0.673
461.526 0.67
462.189 0.663
462.861 0.672
463.524 0.663
464.21 0.686
464.894 0.684
470.99 0.663
471.652 0.662
472.34 0.688
473.026 0.686
473.713 0.687
474.386 0.673
475.056 0.67
475.731 0.675
476.399 0.668
477.055 0.656
477.737 0.682
478.443 0.706
479.15 0.707
479.84 0.69
480.527 0.687
481.199 0.672
481.86 0.661
482.522 0.662
483.171 0.649
483.814 0.643
484.471 0.657
485.13 0.659
485.802 0.672
486.478 0.676
487.17 0.692
487.9 0.73
488.603 0.703
489.294 0.691
489.987 0.693
490.683 0.696
491.389 0.706
492.098 0.709
492.81 0.712
493.494 0.684
494.17 0.676
494.843 0.673
495.506 0.663
496.162 0.656
496.81 0.648
497.447 0.637
498.095 0.648
498.746 0.651
499.391 0.645
500.044 0.653
500.701 0.657
501.365 0.664
502.013 0.648
502.662 0.649
503.306 0.644
503.945 0.639
504.585 0.64
505.22 0.635
505.853 0.633
506.48 0.627
507.111 0.631
507.738 0.627
508.364 0.626
508.99 0.626
509.609 0.619
510.23 0.621
510.851 0.621
511.47 0.619
512.089 0.619
512.707 0.618
513.32 0.613
513.931 0.611
514.552 0.621
515.17 0.618
515.799 0.629
516.427 0.628
517.057 0.63
517.702 0.645
518.338 0.636
518.984 0.646
519.623 0.639
520.256 0.633
520.885 0.629
521.515 0.63
522.146 0.631
522.771 0.625
523.399 0.628
524.02 0.621
524.632 0.612
525.237 0.605
525.838 0.601
526.447 0.609
527.056 0.609
527.673 0.617
528.296 0.623
528.92 0.624
529.545 0.625
530.16 0.615
530.775 0.615
531.385 0.61
531.998 0.613
532.621 0.623
533.238 0.617
533.858 0.62
534.482 0.624
535.101 0.619
535.712 0.611
536.32 0.608
536.929 0.609
537.546 0.617
538.163 0.617
538.784 0.621
539.419 0.635
540.053 0.634
540.688 0.635
541.324 0.636
541.956 0.632
542.59 0.634
543.222 0.632
543.849 0.627
544.472 0.623
545.09 0.618
545.716 0.626
546.343 0.627
546.973 0.63
547.609 0.636
548.241 0.632
548.888 0.647
549.559 0.671
550.222 0.663
550.871 0.649
551.517 0.646
552.147 0.63
552.767 0.62
553.39 0.623
554.014 0.624
554.649 0.635
555.295 0.646
555.941 0.646
556.591 0.65
557.242 0.651
557.904 0.662
558.571 0.667
559.243 0.672
559.914 0.671
560.58 0.666
561.239 0.659
561.898 0.659
562.558 0.66
563.219 0.661
563.885 0.666
564.542 0.657
565.181 0.639
565.814 0.633
566.455 0.641
567.162 0.707
567.961 0.799
568.695 0.734
569.416 0.721
570.111 0.695
570.792 0.681
571.468 0.676
572.115 0.647
572.763 0.648
573.424 0.661
574.098 0.674
574.791 0.693
575.475 0.684
576.18 0.705
576.86 0.68
577.525 0.665
578.174 0.649
578.807 0.633
579.424 0.617
580.033 0.609
580.638 0.605
581.258 0.62
581.893 0.635
582.578 0.685
583.318 0.74
584.103 0.785
584.822 0.719
585.538 0.716
586.247 0.709
586.957 0.71
587.67 0.713
588.41 0.74
589.114 0.704
589.817 0.703
590.509 0.692
591.196 0.687
591.867 0.671
592.53 0.663
593.182 0.652
593.829 0.647
594.477 0.648
595.128 0.651
595.773 0.645
596.425 0.652
597.096 0.671
597.787 0.691
598.485 0.698
599.184 0.699
599.883 0.699
600.57 0.687
601.261 0.691
601.935 0.674
602.613 0.678
603.296 0.683
603.985 0.689
604.662 0.677
605.342 0.68
606.001 0.659
606.657 0.656
607.299 0.642
607.933 0.634
608.561 0.628
609.19 0.629
609.807 0.617
610.432 0.625
611.058 0.626
611.673 0.615
612.301 0.628
612.939 0.638
613.572 0.633
614.221 0.649
614.88 0.659
615.543 0.663
616.215 0.672
616.878 0.663
617.536 0.658
618.19 0.654
618.84 0.65
619.496 0.656
620.152 0.656
620.794 0.642
621.416 0.622
622.033 0.617
622.635 0.602
623.236 0.601
623.842 0.606
624.457 0.615