0.000 0.701
0.701 0.701
1.365 0.664
2.035 0.67
2.733 0.698
3.496 0.763
4.187 0.691
4.909 0.722
10.999 0.744
11.772 0.773
12.675 0.903
13.6 0.925
14.421 0.821
15.282 0.861
16.081 0.799
16.79 0.709
17.507 0.717
18.278 0.771
19.037 0.759
19.745 0.708
20.429 0.684
21.11 0.681
21.809 0.699
22.522 0.713
23.202 0.68
23.861 0.659
24.516 0.655
24.805 0.289
25.187 0.382
25.704 0.517
28.846 3.142
29.446 0.6
29.971 0.525
32.803 2.832
33.637 0.834
34.523 0.886
35.3 0.777
36.03 0.73
36.828 0.798
37.834 1.006
38.778 0.944
39.625 0.847
40.527 0.902
41.533 1.006
42.446 0.913
43.381 0.935
44.413 1.032
45.355 0.942
46.326 0.971
47.388 1.062
48.348 0.96
49.429 1.081
50.472 1.043
51.324 0.852
52.102 0.778
52.949 0.847
54.074 1.125
55.038 0.964
55.888 0.85
56.76 0.872
57.844 1.084
59.018 1.174
60.006 0.988
60.999 0.993
62.084 1.085
63.031 0.947
63.975 0.944
65.008 1.033
65.909 0.901
66.761 0.852
67.859 1.098
68.975 1.116
69.947 0.972
70.998 1.051
72.015 1.017
72.947 0.932
73.978 1.031
75.008 1.03
75.982 0.974
77.077 1.095
78.086 1.009
79.044 0.958
80.1 1.056
81.088 0.988
82.089 1.001
83.194 1.105
84.166 0.972
85.238 1.072
86.289 1.051
87.175 0.886
88.074 0.899
89.137 1.063
90.143 1.006
91.161 1.018
92.206 1.045
93.161 0.955
94.152 0.991
95.169 1.017
96.095 0.926
97.104 1.009
98.077 0.973
98.984 0.907
100.004 1.02
100.957 0.953
101.821 0.864
102.767 0.946
103.781 1.014
104.697 0.916
105.677 0.98
106.684 1.007
107.599 0.915
108.596 0.997
109.582 0.986
110.5 0.918
111.513 1.013
112.474 0.961
113.395 0.921
114.388 0.993
115.355 0.967
116.216 0.861
116.999 0.783
117.737 0.738
118.511 0.774
119.277 0.766
120.004 0.727
120.777 0.773
121.686 0.909
122.515 0.829
123.322 0.807
124.215 0.893
125.082 0.867
125.872 0.79
126.69 0.818
127.59 0.9
128.436 0.846
129.411 0.975
130.435 1.024
131.307 0.872
132.102 0.795
132.995 0.893
134.085 1.09
135.087 1.002
136.045 0.958
137.088 1.043
138.084 0.996
138.995 0.911
139.969 0.974
140.921 0.952
141.793 0.872
142.746 0.953
143.711 0.965
144.601 0.89
145.604 1.003
146.564 0.96
147.481 0.917
148.511 1.03
149.501 0.99
150.467 0.966
151.528 1.061
152.526 0.998
153.504 0.978
154.556 1.052
155.517 0.961
156.512 0.995
157.596 1.084
158.535 0.939
159.608 1.073
160.636 1.028
161.56 0.924
162.598 1.038
163.592 0.994
164.568 0.976
165.608 1.04
166.542 0.934
167.343 0.801
168.157 0.814
169.037 0.88
169.883 0.846
170.678 0.795
171.493 0.815
172.499 1.006
173.459 0.96
174.42 0.961
175.374 0.954
176.281 0.907
177.102 0.821
177.965 0.863
178.902 0.937
179.731 0.829
180.628 0.897
181.605 0.977
182.449 0.844
183.354 0.905
184.246 0.892
185.069 0.823
185.871 0.802
186.861 0.99
187.88 1.019
188.833 0.953
189.855 1.022
190.748 0.893
191.562 0.814
192.366 0.804
193.166 0.8
194.002 0.836
195.005 1.003
196.045 1.04
196.901 0.856
197.742 0.841
198.57 0.828
199.336 0.766
200.166 0.83
201.112 0.946
201.968 0.856
202.792 0.824
203.678 0.886
204.521 0.843
205.304 0.783
206.16 0.856
207.096 0.936
207.898 0.802
208.771 0.873
209.74 0.969
210.6 0.86
211.537 0.937
212.494 0.957
213.363 0.869
214.298 0.935
215.179 0.881
216.029 0.85
216.976 0.947
217.893 0.917
218.761 0.868
219.726 0.965
220.637 0.911
221.525 0.888
222.488 0.963
223.394 0.906
224.305 0.911
225.3 0.995
226.227 0.927
227.161 0.934
228.132 0.971
229.025 0.893
229.967 0.942
230.954 0.987
231.864 0.91
232.811 0.947
233.723 0.912
234.541 0.818
235.35 0.809
236.107 0.757
236.838 0.731
237.646 0.808
238.437 0.791
239.295 0.858
240.08 0.785
240.96 0.88
241.827 0.867
242.644 0.817
243.561 0.917
244.504 0.943
245.386 0.882
246.175 0.789
246.91 0.735
247.633 0.723
248.368 0.735
249.296 0.928
250.341 1.045
251.3 0.959
252.253 0.953
253.249 0.996
254.1 0.851
254.933 0.833
255.831 0.898
256.783 0.952
257.698 0.915
258.695 0.997
259.756 1.061
260.652 0.896
261.62 0.968
262.535 0.915
263.529 0.994
264.547 1.018
265.547 1.0
266.48 0.933
267.463 0.983
268.4 0.937
269.243 0.843
270.087 0.844
270.94 0.853
271.209 0.269
271.562 0.353
271.882 0.32
272.677 0.795
273.451 0.774
274.323 0.872
275.338 1.015
276.311 0.973
277.22 0.909
278.123 0.903
279.049 0.926
279.907 0.858
280.773 0.866
281.699 0.926
282.659 0.96
283.602 0.943
284.628 1.026
285.652 1.024
286.561 0.909
287.506 0.945
288.523 1.017
289.455 0.932
290.374 0.919
291.316 0.942
292.145 0.829
292.883 0.738
293.58 0.697
293.89 0.31
294.257 0.367
295.024 0.767
296.177 1.153
297.21 1.033
298.162 0.952
298.968 0.806
299.702 0.734
300.412 0.71
301.124 0.712
301.9 0.776
302.881 0.981
303.894 1.013
304.75 0.856
305.534 0.784
306.378 0.844
307.378 1.0
308.366 0.988
309.244 0.878
310.047 0.803
310.904 0.857
311.86 0.956
312.73 0.87
313.578 0.848
314.535 0.957
315.453 0.918
316.41 0.957
317.416 1.006
318.4 0.984
319.254 0.854
320.174 0.92
321.151 0.977
322.053 0.902
323.022 0.969
324.074 1.052
325.025 0.951
325.969 0.944
326.963 0.994
327.882 0.919
328.815 0.933
329.788 0.973
330.675 0.887
331.485 0.81
332.37 0.885
333.462 1.092
334.405 0.943
335.29 0.885
336.258 0.968
337.206 0.948
338.124 0.918
339.076 0.952
340.03 0.954
340.898 0.868
341.712 0.814
342.514 0.802
343.44 0.926
344.423 0.983
345.314 0.891
346.238 0.924
347.136 0.898
347.992 0.856
348.896 0.904
349.913 1.017
350.852 0.939
351.66 0.808
352.448 0.788
353.361 0.913
354.302 0.941
355.152 0.85
355.969 0.817
356.724 0.755
357.466 0.742
358.366 0.9
359.18 0.814
360.2 1.02
361.26 1.06
362.201 0.941
363.244 1.043
364.211 0.967
365.095 0.884
366.053 0.958
367.027 0.974
367.935 0.908
368.912 0.977
369.804 0.892
370.706 0.902
371.681 0.975
372.608 0.927
373.594 0.986
374.622 1.028
375.519 0.897
376.459 0.94
377.418 0.959
378.238 0.82
379.12 0.882
380.037 0.917
380.907 0.87
381.911 1.004
382.921 1.01
383.859 0.938
384.847 0.988
385.754 0.907
386.717 0.963
387.716 0.999
388.629 0.913
389.673 1.044
390.71 1.037
391.682 0.972
392.722 1.04
393.675 0.953
394.574 0.899
395.576 1.002
396.535 0.959
397.444 0.909
398.423 0.979
399.336 0.913
400.26 0.924
401.204 0.944
402.079 0.875
402.98 0.901
403.907 0.927
404.79 0.883
405.752 0.962
406.709 0.957
407.57 0.861
408.495 0.925
409.464 0.969
410.365 0.901
411.345 0.98
412.281 0.936
413.215 0.934
414.212 0.997
415.121 0.909
416.031 0.91
416.982 0.951
417.869 0.887
418.762 0.893
419.72 0.958
420.606 0.886
421.54 0.934
422.592 1.052
423.509 0.917
424.367 0.858
425.261 0.894
426.145 0.884
426.943 0.798
427.773 0.83
428.569 0.796
429.314 0.745
430.078 0.764
430.896 0.818
431.822 0.926
432.77 0.948
433.618 0.848
434.482 0.864
435.341 0.859
436.157 0.816
436.971 0.814
437.814 0.843
438.662 0.848
439.442 0.78
440.261 0.819
441.274 1.013
442.243 0.969
443.107 0.864
444.099 0.992
445.077 0.978
445.957 0.88
446.847 0.89
447.784 0.937
448.648 0.864
449.494 0.846
450.468 0.974
451.498 1.03
452.37 0.872
453.348 0.978
454.268 0.92
455.079 0.811
455.946 0.867
457.052 1.106
457.998 0.946
458.936 0.938
459.938 1.002
460.859 0.921
461.741 0.882
462.733 0.992
463.734 1.001
464.639 0.905
465.611 0.972
466.679 1.068
467.622 0.943
468.653 1.031
469.639 0.986
470.568 0.929
471.566 0.998
472.554 0.988
473.476 0.922
474.471 0.995
475.388 0.917
476.201 0.813
477.007 0.806
477.855 0.848
478.613 0.758
479.437 0.824
480.292 0.855
481.094 0.802
482.025 0.931
483.075 1.05
483.911 0.836
484.672 0.761
485.478 0.806
486.462 0.984
487.447 0.985
488.329 0.882
489.24 0.911
490.176 0.936
491.085 0.909
491.915 0.83
492.79 0.875
493.712 0.922
494.632 0.92
495.532 0.9
496.512 0.98
497.454 0.942
498.309 0.855
499.207 0.898
500.155 0.948
501.044 0.889
502.001 0.957
503.051 1.05
503.971 0.92
504.983 1.012
505.974 0.991
506.909 0.935
507.879 0.97
508.843 0.964
509.704 0.861
510.63 0.926
511.575 0.945
512.424 0.849
513.328 0.904
514.264 0.936
515.108 0.844
515.995 0.887
516.836 0.841
517.602 0.766
518.412 0.81
519.181 0.769
520.044 0.863
521.023 0.979
521.871 0.848
522.65 0.779
523.483 0.833
524.401 0.918
525.271 0.87
526.051 0.78
526.81 0.759
527.567 0.757
528.306 0.739
529.067 0.761
529.941 0.874
530.867 0.926
531.767 0.9
532.551 0.784
533.299 0.748
534.015 0.716
534.703 0.688
535.379 0.676
536.071 0.692
536.764 0.693
537.498 0.734
538.191 0.693
538.863 0.672
539.567 0.704
540.368 0.801
541.161 0.793
541.939 0.778
542.734 0.795
543.521 0.787
544.273 0.752
545.001 0.728
545.747 0.746
546.496 0.749
547.254 0.758
547.984 0.73
548.681 0.697
549.4 0.719
550.233 0.833
551.104 0.871
551.865 0.761
552.623 0.758
553.465 0.842
554.235 0.77
555.015 0.78
556.016 1.001
557.042 1.026
557.921 0.879
558.679 0.758
559.396 0.717
560.173 0.777
561.268 1.095
562.242 0.974
563.121 0.879
564.066 0.945
565.075 1.009
566.04 0.965
566.969 0.929
567.929 0.96
568.938 1.009
569.896 0.958
570.813 0.917
571.856 1.043
572.899 1.043
573.81 0.911
574.73 0.92
575.69 0.96
576.591 0.901
577.438 0.847
578.385 0.947
579.394 1.009
580.314 0.92
581.255 0.941
582.138 0.883
582.94 0.802
583.726 0.786
584.502 0.776
585.305 0.803
586.131 0.826
586.917 0.786
587.826 0.909
588.821 0.995
589.721 0.9
590.484 0.763
591.242 0.758
592.029 0.787
592.797 0.768
593.611 0.814
594.521 0.91
595.41 0.889
596.219 0.809
597.053 0.834
597.881 0.828
598.623 0.742
599.378 0.755
600.177 0.799
601.025 0.848
601.845 0.82
602.671 0.826
603.5 0.829
604.273 0.773
604.998 0.725