0.000 0.643
0.643 0.643
1.283 0.64
1.968 0.685
2.718 0.75
3.497 0.779
4.258 0.761
4.975 0.717
5.69 0.715
6.396 0.706
7.091 0.695
7.776 0.685
8.436 0.66
9.096 0.66
9.754 0.658
10.396 0.642
11.025 0.629
11.657 0.632
12.284 0.627
12.903 0.619
13.517 0.614
14.139 0.622
14.795 0.656
15.474 0.679
16.144 0.67
16.788 0.644
17.42 0.632
18.054 0.634
18.69 0.636
19.332 0.642
19.997 0.665
20.677 0.68
21.354 0.677
22.016 0.662
22.666 0.65
23.311 0.645
23.968 0.657
24.66 0.692
25.388 0.728
26.122 0.734
26.837 0.715
27.52 0.683
28.193 0.673
28.874 0.681
29.569 0.695
30.3 0.731
31.005 0.705
31.695 0.69
32.368 0.673
33.049 0.681
33.752 0.703
34.48 0.728
35.184 0.704
35.866 0.682
36.542 0.676
37.221 0.679
37.899 0.678
38.6 0.701
39.281 0.681
39.938 0.657
40.595 0.657
41.273 0.678
41.974 0.701
42.71 0.736
43.427 0.717
44.134 0.707
44.846 0.712
45.55 0.704
46.248 0.698
46.936 0.688
47.607 0.671
48.257 0.65
48.908 0.651
49.555 0.647
50.203 0.648
50.856 0.653
51.537 0.681
52.257 0.72
52.998 0.741
53.711 0.713
54.403 0.692
55.09 0.687
55.802 0.712
56.585 0.783
57.381 0.796
58.176 0.795
58.909 0.733
59.622 0.713
60.335 0.713
61.047 0.712
61.751 0.704
62.434 0.683
63.1 0.666
63.771 0.671
64.462 0.691
65.192 0.73
65.938 0.746
66.653 0.715
67.367 0.714
68.089 0.722
68.845 0.756
69.57 0.725
70.272 0.702
70.973 0.701
71.681 0.708
72.371 0.69
73.036 0.665
73.691 0.655
74.341 0.65
75.002 0.661
75.681 0.679
76.372 0.691
77.045 0.673
77.7 0.655
78.362 0.662
79.023 0.661
79.667 0.644
80.304 0.637
80.944 0.64
81.607 0.663
82.313 0.706
83.028 0.715
83.731 0.703
84.408 0.677
85.073 0.665
85.73 0.657
86.395 0.665
87.102 0.707
87.859 0.757
88.609 0.75
89.323 0.714
90.036 0.713
90.767 0.731
91.524 0.757
92.279 0.755
93.024 0.745
93.765 0.741
94.494 0.729
95.201 0.707
95.884 0.683
96.569 0.685
97.273 0.704
98.037 0.764
98.826 0.789
99.593 0.767
100.304 0.711
101.006 0.702
101.719 0.713
102.455 0.736
103.199 0.744
103.923 0.724
104.648 0.725
105.367 0.719
106.063 0.696
106.741 0.678
107.409 0.668
108.092 0.683
108.781 0.689
109.443 0.662
110.094 0.651
110.739 0.645
111.371 0.632
111.998 0.627
112.629 0.631
113.281 0.652
113.941 0.66
114.629 0.688
115.307 0.678
115.974 0.667
116.633 0.659
117.298 0.665
117.988 0.69
118.698 0.71
119.431 0.733
120.144 0.713
120.832 0.688
121.502 0.67
122.165 0.663
122.83 0.665
123.533 0.703
124.249 0.716
124.937 0.688
125.606 0.669
126.293 0.687
126.997 0.704
127.691 0.694
128.374 0.683
129.054 0.68
129.742 0.688
130.447 0.705
131.138 0.691
131.823 0.685
132.502 0.679
133.167 0.665
133.824 0.657
134.492 0.668
135.182 0.69
135.855 0.673
136.527 0.672
137.219 0.692
137.939 0.72
138.647 0.708
139.354 0.707
140.081 0.727
140.825 0.744
141.53 0.705
142.219 0.689
142.912 0.693
143.627 0.715
144.336 0.709
145.036 0.7
145.749 0.713
146.47 0.721
147.179 0.709
147.888 0.709
148.589 0.701
149.269 0.68
149.944 0.675
150.615 0.671
151.271 0.656
151.929 0.658
152.594 0.665
153.3 0.706
154.037 0.737
154.73 0.693
155.406 0.676
156.077 0.671
156.73 0.653
157.376 0.646
158.028 0.652
158.724 0.696
159.469 0.745
160.178 0.709
160.879 0.701
161.587 0.708
162.317 0.73
163.045 0.728
163.762 0.717
164.473 0.711
165.176 0.703
165.854 0.678
166.519 0.665
167.179 0.66
167.865 0.686
168.599 0.734
169.333 0.734
170.061 0.728
170.794 0.733
171.518 0.724
172.225 0.707
172.911 0.686
173.579 0.668
174.243 0.664
174.898 0.655
175.545 0.647
176.185 0.64
176.819 0.634
177.455 0.636
178.087 0.632
178.706 0.619
179.32 0.614
179.931 0.611
180.545 0.614
181.171 0.626
181.797 0.626
182.428 0.631
183.061 0.633
183.729 0.668
184.423 0.694
185.1 0.677
185.756 0.656
186.429 0.673
187.108 0.679
187.771 0.663
188.428 0.657
189.116 0.688
189.826 0.71
190.547 0.721
191.231 0.684
191.898 0.667
192.559 0.661
193.232 0.673
193.95 0.718
194.713 0.763
195.471 0.758
196.202 0.731
196.939 0.737
197.691 0.752
198.445 0.754
199.172 0.727
199.854 0.682
200.521 0.667
201.187 0.666
201.881 0.694
202.611 0.73
203.363 0.752
204.099 0.736
204.803 0.704
205.507 0.704
206.223 0.716
206.974 0.751
207.754 0.78
208.518 0.764
209.279 0.761
210.034 0.755
210.787 0.753
211.541 0.754
212.266 0.725
212.978 0.712
213.676 0.698
214.382 0.706
215.111 0.729
215.895 0.784
216.722 0.827
217.516 0.794
218.259 0.743
219.001 0.742
219.737 0.736
220.454 0.717
221.174 0.72
221.905 0.731
222.631 0.726
223.339 0.708
224.049 0.71
224.776 0.727
225.499 0.723
226.216 0.717
226.944 0.728
227.693 0.749
228.44 0.747
229.195 0.755
229.906 0.711
230.605 0.699
231.274 0.669
231.922 0.648
232.559 0.637
233.188 0.629
233.814 0.626
234.46 0.646
235.178 0.718
236.0 0.822
236.822 0.822
237.601 0.779
238.333 0.732
239.044 0.711
239.755 0.711
240.471 0.716
241.185 0.714
241.912 0.727
242.622 0.71
243.317 0.695
243.995 0.678
244.655 0.66
245.332 0.677
246.021 0.689
246.698 0.677
247.362 0.664
248.027 0.665
248.716 0.689
249.458 0.742
250.247 0.789
251.046 0.799
251.803 0.757
252.524 0.721
253.238 0.714
253.954 0.716
254.66 0.706
255.349 0.689
256.03 0.681
256.698 0.668
257.373 0.675
258.064 0.691
258.802 0.738
259.571 0.769
260.327 0.756
261.052 0.725
261.781 0.729
262.517 0.736
263.245 0.728
263.984 0.739
264.736 0.752
265.478 0.742
266.218 0.74
266.962 0.744
267.687 0.725
268.384 0.697
269.076 0.692
269.783 0.707
270.51 0.727
271.253 0.743
271.963 0.71
272.663 0.7
273.351 0.688
274.021 0.67
274.696 0.675
275.373 0.677
276.05 0.677
276.72 0.67
277.381 0.661
278.04 0.659
278.7 0.66
279.361 0.661
280.01 0.649
280.653 0.643
281.285 0.632
281.94 0.655
282.611 0.671
283.275 0.664
283.922 0.647
284.56 0.638
285.203 0.643
285.857 0.654
286.595 0.738
287.372 0.777
288.126 0.754
288.849 0.723
289.534 0.685
290.229 0.695
290.898 0.669
291.554 0.656
292.204 0.65
292.876 0.672
293.582 0.706
294.317 0.735
295.062 0.745
295.775 0.713
296.472 0.697
297.183 0.711
297.906 0.723
298.624 0.718
299.313 0.689
299.98 0.667
300.639 0.659
301.301 0.662
302.098 0.797
302.907 0.809
303.679 0.772
304.436 0.757
305.176 0.74
305.903 0.727
306.604 0.701
307.278 0.674
307.951 0.673
308.63 0.679
309.335 0.705
310.057 0.722
310.785 0.728
311.511 0.726
312.244 0.733
312.997 0.753
313.741 0.744
314.502 0.761
315.263 0.761
316.012 0.749
316.732 0.72
317.439 0.707
318.143 0.704
318.851 0.708
319.557 0.706
320.245 0.688
320.941 0.696
321.646 0.705
322.343 0.697
323.019 0.676
323.699 0.68
324.392 0.693
325.096 0.704
325.791 0.695
326.48 0.689
327.188 0.708
327.89 0.702
328.569 0.679
329.229 0.66
329.89 0.661
330.539 0.649
331.176 0.637
331.815 0.639
332.473 0.658
333.151 0.678
333.831 0.68
334.518 0.687
335.236 0.718
335.963 0.727
336.681 0.718
337.381 0.7
338.055 0.674
338.716 0.661
339.371 0.655
340.04 0.669
340.703 0.663
341.377 0.674
342.056 0.679
342.744 0.688
343.413 0.669
344.073 0.66
344.732 0.659
345.417 0.685
346.109 0.692
346.794 0.685
347.482 0.688
348.175 0.693
348.862 0.687
349.56 0.698
350.24 0.68
350.911 0.671
351.573 0.662
352.216 0.643
352.867 0.651
353.538 0.671
354.207 0.669
354.873 0.666
355.564 0.691
356.296 0.732
357.061 0.765
357.809 0.748
358.519 0.71
359.218 0.699
359.932 0.714
360.677 0.745
361.417 0.74
362.129 0.712
362.823 0.694
363.526 0.703
364.254 0.728
364.997 0.743
365.719 0.722
366.418 0.699
367.107 0.689
367.807 0.7
368.513 0.706
369.215 0.702
369.91 0.695
370.614 0.704
371.335 0.721
372.053 0.718
372.753 0.7
373.457 0.704
374.183 0.726
374.915 0.732
375.626 0.711
376.342 0.716
377.071 0.729
377.809 0.738
378.526 0.717
379.217 0.691
379.917 0.7
380.612 0.695
381.35 0.738
382.073 0.723
382.782 0.709
383.468 0.686
384.133 0.665
384.79 0.657
385.456 0.666
386.149 0.693
386.867 0.718
387.564 0.697
388.248 0.684
388.934 0.686
389.649 0.715
390.375 0.726
391.129 0.754
391.867 0.738
392.574 0.707
393.279 0.705
393.992 0.713
394.704 0.712
395.404 0.7
396.1 0.696
396.814 0.714
397.551 0.737
398.293 0.742
399.007 0.714
399.715 0.708
400.437 0.722
401.167 0.73
401.869 0.702
402.563 0.694
403.264 0.701
403.969 0.705
404.648 0.679
405.311 0.663
405.978 0.667
406.674 0.696
407.401 0.727
408.131 0.73
408.83 0.699
409.514 0.684
410.203 0.689
410.894 0.691
411.589 0.695
412.266 0.677
412.939 0.673
413.626 0.687
414.327 0.701
415.018 0.691
415.701 0.683
416.383 0.682
417.054 0.671
417.718 0.664
418.381 0.663
419.064 0.683
419.766 0.702
420.453 0.687
421.152 0.699
421.869 0.717
422.581 0.712
423.28 0.699
423.977 0.697
424.667 0.69
425.336 0.669
425.989 0.653
426.64 0.651
427.291 0.651
427.926 0.635
428.55 0.624
429.179 0.629
429.803 0.624
430.424 0.621
431.056 0.632
431.705 0.649
432.367 0.662
433.016 0.649
433.658 0.642
434.306 0.648
434.982 0.676
435.69 0.708
436.408 0.718
437.094 0.686
437.782 0.688
438.47 0.688
439.149 0.679
439.815 0.666
440.465 0.65
441.105 0.64
441.758 0.653
442.471 0.713
443.563 1.092
444.44 0.877
445.271 0.831
446.064 0.793
446.817 0.753
447.553 0.736
448.276 0.723
448.999 0.723
449.737 0.738
450.502 0.765
451.281 0.779
452.063 0.782
452.845 0.782
453.61 0.765
454.334 0.724
455.048 0.714
455.757 0.709
456.477 0.72
457.237 0.76
458.045 0.808
458.872 0.827
459.681 0.809
460.474 0.793
461.236 0.762
461.979 0.743
462.705 0.726
463.43 0.725
464.141 0.711
464.842 0.701
465.53 0.688
466.217 0.687
466.915 0.698
467.651 0.736
468.452 0.801
469.262 0.81
470.057 0.795
470.831 0.774
471.59 0.759
472.325 0.735
473.043 0.718
473.764 0.721
474.491 0.727
475.226 0.735
475.969 0.743
476.708 0.739
477.418 0.71
478.104 0.686
478.78 0.676
479.48 0.7
480.259 0.779
481.092 0.833
481.903 0.811
482.69 0.787
483.431 0.741
484.131 0.7
484.82 0.689
485.5 0.68
486.164 0.664
486.828 0.664
487.52 0.692
488.251 0.731
489.012 0.761
489.773 0.761
490.485 0.712
491.182 0.697
491.873 0.691
492.581 0.708
493.311 0.73
494.072 0.761
494.853 0.781
495.623 0.77
496.359 0.736
497.06 0.701
497.738 0.678
498.401 0.663
499.054 0.653
499.713 0.659
500.407 0.694
501.154 0.747
501.947 0.793
502.737 0.79
503.501 0.764
504.263 0.762
505.001 0.738
505.7 0.699
506.374 0.674
507.038 0.664
507.713 0.675
508.428 0.715
509.202 0.774
509.992 0.79
510.75 0.758
511.473 0.723
512.194 0.721
512.935 0.741
513.699 0.764
514.444 0.745
515.189 0.745
515.931 0.742
516.675 0.744
517.415 0.74
518.148 0.733
518.867 0.719
519.563 0.696
520.261 0.698
520.965 0.704
521.705 0.74
522.407 0.702
523.078 0.671
523.75 0.672
524.402 0.652
525.045 0.643
525.686 0.641
526.357 0.671
527.142 0.785
527.985 0.843
528.804 0.819
529.605 0.801
530.343 0.738
531.065 0.722
531.785 0.72
532.503 0.718
533.207 0.704
533.889 0.682
534.573 0.684
535.267 0.694
535.981 0.714
536.668 0.687
537.369 0.701
538.083 0.714
538.818 0.735
539.534 0.716
540.238 0.704
540.941 0.703
541.663 0.722
542.387 0.724
543.098 0.711
543.785 0.687
544.467 0.682
545.164 0.697
545.874 0.71
546.592 0.718
547.302 0.71
547.984 0.682
548.661 0.677
549.34 0.679
550.026 0.686
550.709 0.683
551.389 0.68
552.068 0.679
552.743 0.675
553.399 0.656
554.052 0.653
554.734 0.682
555.46 0.726
556.22 0.76
556.963 0.743
557.66 0.697
558.33 0.67
558.994 0.664
559.706 0.712
560.465 0.759
561.213 0.748
561.958 0.745
562.687 0.729
563.403 0.716
564.113 0.71
564.815 0.702
565.514 0.699
566.21 0.696
566.905 0.695
567.585 0.68
568.257 0.672
568.953 0.696
569.681 0.728
570.434 0.753
571.173 0.739
571.878 0.705
572.584 0.706
573.318 0.734
574.058 0.74
574.784 0.726
575.476 0.692
576.174 0.698
576.875 0.701
577.542 0.667
578.207 0.665
578.881 0.674
579.535 0.654
580.194 0.659
580.871 0.677
581.571 0.7
582.283 0.712
582.967 0.684
583.651 0.684
584.34 0.689
585.025 0.685
585.699 0.674
586.37 0.671
587.044 0.674
587.716 0.672
588.374 0.658
589.033 0.659
589.702 0.669
590.389 0.687
591.075 0.686
591.748 0.673
592.423 0.675
593.121 0.698
593.847 0.726
594.615 0.768
595.387 0.772
596.141 0.754
596.863 0.722
597.555 0.692
598.247 0.692
598.946 0.699
599.675 0.729
600.386 0.711
601.085 0.699
601.787 0.702
602.498 0.711
603.23 0.732
603.943 0.713
604.618 0.675
605.291 0.673
605.977 0.686
606.684 0.707
607.38 0.696
608.078 0.698
608.79 0.712
609.499 0.709
610.199 0.7
610.899 0.7
611.599 0.7
612.282 0.683
612.951 0.669
613.616 0.665
614.277 0.661
614.939 0.662
615.601 0.662