0.000 0.847
0.847 0.847
1.77 0.923
2.707 0.937
3.556 0.849
4.494 0.938
5.342 0.848
6.248 0.906
7.185 0.937
8.055 0.87
8.999 0.944
9.883 0.884
10.703 0.82
11.582 0.879
12.429 0.847
13.209 0.78
14.056 0.847
14.935 0.879
15.755 0.82
16.487 0.732
17.189 0.702
17.9 0.711
18.714 0.814
19.575 0.861
20.327 0.752
21.118 0.791
21.911 0.793
22.668 0.757
23.45 0.782
24.369 0.919
25.202 0.833
26.17 0.968
27.198 1.028
28.068 0.87
28.874 0.806
29.701 0.827
30.672 0.971
31.505 0.833
32.303 0.798
33.198 0.895
34.096 0.898
34.924 0.828
35.838 0.914
36.782 0.944
37.661 0.879
38.459 0.798
39.413 0.954
40.399 0.986
41.236 0.837
42.011 0.775
42.783 0.772
43.596 0.813
44.361 0.765
45.081 0.72
45.787 0.706
46.5 0.713
47.292 0.792
48.054 0.762
48.787 0.733
49.517 0.73
50.278 0.761
51.012 0.734
51.7 0.688
52.36 0.66
53.004 0.644
53.638 0.634
54.259 0.621
54.884 0.625
55.594 0.71
56.386 0.792
57.151 0.765
57.881 0.73
58.76 0.879
59.744 0.984
60.7 0.956
61.472 0.772
62.213 0.741
62.962 0.749
63.877 0.915
64.676 0.799
65.487 0.811
66.48 0.993
67.361 0.881
68.147 0.786
68.92 0.773
69.65 0.73
70.352 0.702
71.042 0.69
71.751 0.709
72.514 0.763
73.438 0.924
74.368 0.93
75.129 0.761
75.887 0.758
76.661 0.774
77.431 0.77
78.177 0.746
78.893 0.716
79.58 0.687
80.259 0.679
80.944 0.685
81.65 0.706
82.328 0.678
82.992 0.664
83.66 0.668
84.32 0.66
84.986 0.666
85.702 0.716
86.378 0.676
87.04 0.662
87.718 0.678
88.418 0.7
89.108 0.69
89.776 0.668
90.452 0.676
91.139 0.687
91.832 0.693
92.511 0.679
93.201 0.69
93.892 0.691
94.627 0.735
95.393 0.766
96.145 0.752
96.871 0.726
97.556 0.685
98.215 0.659
98.853 0.638
99.481 0.628
100.097 0.616
100.701 0.604
101.31 0.609
101.955 0.645
102.681 0.726
103.392 0.711
104.096 0.704
104.907 0.811
105.741 0.834
106.493 0.752
107.209 0.716
107.986 0.777
108.856 0.87
109.667 0.811
110.169 0.502
110.462 0.293
111.347 0.885
112.136 0.789
112.99 0.854
113.865 0.875
114.663 0.798
115.462 0.799
116.231 0.769
116.951 0.72
117.708 0.757
118.541 0.833
119.474 0.933
120.377 0.903
121.212 0.835
122.099 0.887
122.996 0.897
123.894 0.898
124.684 0.79
125.518 0.834
126.362 0.844
127.18 0.818
127.926 0.746
128.669 0.743
129.476 0.807
130.347 0.871
131.144 0.797
132.011 0.867
132.939 0.928
133.857 0.918
134.698 0.841
135.608 0.91
136.53 0.922
137.37 0.84
138.238 0.868
139.152 0.914
140.042 0.89
140.861 0.819
141.736 0.875
142.702 0.966
143.552 0.85
144.489 0.937
145.518 1.029
146.366 0.848
147.26 0.894
148.345 1.085
149.199 0.854
150.007 0.808
150.941 0.934
151.927 0.986
152.815 0.888
153.788 0.973
154.711 0.923
155.523 0.812
156.397 0.874
157.288 0.891
158.1 0.812
158.962 0.862
159.755 0.793
160.533 0.778
161.367 0.834
162.238 0.871
163.025 0.787
163.803 0.778
164.734 0.931
165.836 1.102
166.794 0.958
167.63 0.836
168.576 0.946
169.563 0.987
170.475 0.912
171.366 0.891
172.155 0.789
172.912 0.757
173.702 0.79
174.734 1.032
175.732 0.998
176.585 0.853
177.372 0.787
177.748 0.376
178.019 0.271
178.38 0.361
178.68 0.3
178.984 0.304
179.307 0.323
179.629 0.322
179.969 0.34
180.233 0.264
180.648 0.415
182.304 1.656
182.724 0.42
183.13 0.406
183.413 0.283
183.785 0.372
184.069 0.284
185.433 1.364
185.706 0.273
186.008 0.302
186.377 0.369
186.701 0.324
188.463 1.762
188.831 0.368
189.156 0.325
189.473 0.317
189.762 0.289
190.037 0.275
190.396 0.359
190.993 0.597
193.546 2.553
194.181 0.635
197.675 3.494
197.943 0.268
200.122 2.179
200.89 0.768
201.761 0.871
202.765 1.004
203.65 0.885
204.6 0.95
205.584 0.984
206.431 0.847
207.29 0.859
208.184 0.894
209.001 0.817
209.81 0.809
210.677 0.867
211.554 0.877
212.372 0.818
213.27 0.898
213.921 0.651
214.264 0.343
214.573 0.309
214.869 0.296
215.648 0.779
216.539 0.891
217.403 0.864
218.273 0.87
219.168 0.895
219.958 0.79
220.797 0.839
221.442 0.645
221.693 0.251
222.478 0.785
223.43 0.952
224.243 0.813
225.202 0.959
226.048 0.846
226.93 0.882
227.758 0.828
228.59 0.832
229.491 0.901
230.31 0.819
231.221 0.911
232.14 0.919
232.993 0.853
233.94 0.947
234.867 0.927
235.697 0.83
236.54 0.843
237.418 0.878
238.312 0.894
239.15 0.838
240.073 0.923
241.053 0.98
241.947 0.894
242.875 0.928
243.805 0.93
244.655 0.85
245.516 0.861
246.392 0.876
247.213 0.821
248.057 0.844
248.931 0.874
249.727 0.796
250.558 0.831
251.399 0.841
252.192 0.793
253.005 0.813
253.843 0.838
254.651 0.808
255.447 0.796
256.279 0.832
257.065 0.786
257.925 0.86
258.768 0.843
259.539 0.771
260.257 0.718
260.893 0.636
261.649 0.756
262.629 0.98
263.603 0.974
264.566 0.963
265.416 0.85
266.191 0.775
266.94 0.749
267.688 0.748
268.414 0.726
269.116 0.702
269.83 0.714
270.57 0.74
271.286 0.716
272.022 0.736
272.776 0.754
273.642 0.866
274.54 0.898
275.407 0.867
276.245 0.838
277.068 0.823
277.807 0.739
278.54 0.733
279.285 0.745
280.0 0.715
280.683 0.683
281.368 0.685
282.082 0.714
282.898 0.816
283.764 0.866
284.58 0.816
285.325 0.745
286.078 0.753
286.811 0.733
287.607 0.796
288.578 0.971
289.415 0.837
290.219 0.804
291.126 0.907
292.05 0.924
292.952 0.902
293.86 0.908
294.7 0.84
295.467 0.767
296.243 0.776
296.988 0.745
297.843 0.855
298.724 0.881
299.605 0.881
300.56 0.955
301.485 0.925
302.456 0.971
303.331 0.875
304.106 0.775
304.894 0.788
305.699 0.805
306.482 0.783
307.263 0.781
308.132 0.869
309.041 0.909
309.899 0.858
310.776 0.877
311.545 0.769
312.274 0.729
313.021 0.747
313.764 0.743
314.509 0.745
315.39 0.881
316.208 0.818
317.011 0.803
317.831 0.82
318.604 0.773
319.333 0.729
320.081 0.748
320.917 0.836
321.838 0.921
322.65 0.812
323.483 0.833
324.438 0.955
325.338 0.9
326.08 0.742
326.808 0.728
327.549 0.741
328.439 0.89
329.391 0.952
330.312 0.921
331.175 0.863
332.078 0.903
332.9 0.822
333.704 0.804
334.542 0.838
335.419 0.877
336.236 0.817
337.099 0.863
337.923 0.824
338.865 0.942
339.87 1.005
340.873 1.003
341.791 0.918
342.729 0.938
343.691 0.962
344.634 0.943
345.589 0.955
346.568 0.979
347.529 0.961
348.42 0.891
349.378 0.958
350.336 0.958
351.212 0.876
352.112 0.9
353.05 0.938
354.009 0.959
354.894 0.885
355.818 0.924
356.753 0.935
357.605 0.852
358.455 0.85
359.33 0.875
360.164 0.834
361.008 0.844
361.924 0.916
362.792 0.868
363.684 0.892
364.596 0.912
365.411 0.815
366.243 0.832
367.064 0.821
367.834 0.77
368.587 0.753
369.376 0.789
370.219 0.843
371.001 0.782
371.878 0.877
372.872 0.994
373.683 0.811
374.513 0.83
375.379 0.866
376.317 0.938
377.235 0.918
378.055 0.82
378.853 0.798
379.651 0.798
380.465 0.814
381.245 0.78
382.063 0.818
382.872 0.809
383.727 0.855
384.584 0.857
385.375 0.791
386.172 0.797
386.973 0.801
387.767 0.794
388.06 0.293
388.496 0.436
389.197 0.701
389.644 0.447
389.897 0.253
390.675 0.778
391.501 0.826
392.246 0.745
392.962 0.716
393.701 0.739
394.418 0.717
395.114 0.696
395.81 0.696
396.541 0.731
397.257 0.716
397.947 0.69
398.658 0.711
399.437 0.779
400.332 0.895
401.197 0.865
401.983 0.786
402.795 0.812
403.647 0.852
404.457 0.81
405.299 0.842
406.18 0.881
407.066 0.886
407.952 0.886
408.865 0.913
409.768 0.903
410.6 0.832
411.495 0.895
412.386 0.891
413.217 0.831
414.083 0.866
414.983 0.9
415.907 0.924
416.745 0.838
417.617 0.872
418.502 0.885
419.321 0.819
420.218 0.897
421.167 0.949
422.024 0.857
422.894 0.87
423.858 0.964
424.803 0.945
425.675 0.872
426.63 0.955
427.633 1.003
428.494 0.861
429.336 0.842
430.229 0.893
431.197 0.968
432.076 0.879
433.01 0.934
433.972 0.962
434.839 0.867
435.774 0.935
436.728 0.954
437.6 0.872
438.527 0.927
439.483 0.956
440.378 0.895
441.279 0.901
442.237 0.958
443.155 0.918
444.067 0.912
444.979 0.912
445.854 0.875
446.767 0.913
447.679 0.912
448.564 0.885
449.503 0.939
450.402 0.899
451.301 0.899
452.224 0.923
453.089 0.865
453.99 0.901
454.918 0.928
455.826 0.908
456.754 0.928
457.697 0.943
458.57 0.873
459.477 0.907
460.398 0.921
461.278 0.88
462.198 0.92
463.136 0.938
463.984 0.848
464.811 0.827
465.662 0.851
466.454 0.792
467.199 0.745
467.614 0.415
467.902 0.288
468.633 0.731
469.495 0.862
470.387 0.892
471.282 0.895
472.051 0.769
472.785 0.734
473.492 0.707
474.315 0.823
475.24 0.925
476.087 0.847
476.866 0.779
477.607 0.741
478.299 0.692
478.974 0.675
479.632 0.658
480.274 0.642
480.918 0.644
481.577 0.659
482.262 0.685
482.977 0.715
483.706 0.729
484.406 0.7
485.112 0.706
485.802 0.69
486.513 0.711
487.222 0.709
487.911 0.689
488.595 0.684
489.308 0.713
490.135 0.827
490.964 0.829
491.762 0.798
492.487 0.725
493.195 0.708
493.906 0.711
494.62 0.714
495.34 0.72
496.063 0.723
496.794 0.731
497.558 0.764
498.503 0.945
499.441 0.938
500.333 0.892
501.164 0.831
501.929 0.765
502.73 0.801
503.588 0.858
504.388 0.8
505.12 0.732
505.856 0.736
506.698 0.842
507.618 0.92
508.38 0.762
509.215 0.835
510.243 1.028
511.234 0.991
512.094 0.86
512.872 0.778
513.654 0.782
514.466 0.812
515.362 0.896
516.204 0.842
517.044 0.84
517.936 0.892
518.814 0.878
519.699 0.885
520.607 0.908
521.419 0.812
522.283 0.864
523.177 0.894
524.042 0.865
524.97 0.928
525.875 0.905
526.712 0.837
527.592 0.88
528.5 0.908
529.37 0.87
530.215 0.845
531.103 0.888
531.97 0.867
532.758 0.788
533.545 0.787
534.35 0.805
535.118 0.768
535.854 0.736
536.6 0.746
537.424 0.824
538.269 0.845
539.062 0.793
540.025 0.963
540.829 0.804
541.66 0.831
542.525 0.865
543.351 0.826
544.212 0.861
545.12 0.908
545.995 0.875
546.9 0.905
547.792 0.892
548.656 0.864
549.508 0.852
550.423 0.915
551.348 0.925
552.204 0.856
553.115 0.911
554.075 0.96
554.972 0.897
555.914 0.942
556.821 0.907
557.669 0.848
558.575 0.906
559.481 0.906
560.341 0.86
561.251 0.91
562.146 0.895
562.963 0.817
563.839 0.876
564.772 0.933
565.692 0.92
566.539 0.847
567.445 0.906
568.295 0.85
569.102 0.807
569.893 0.791
570.717 0.824
571.607 0.89
572.521 0.914
573.357 0.836
574.186 0.829
575.074 0.888
575.996 0.922
576.948 0.952
577.813 0.865
578.598 0.785
579.35 0.752
580.054 0.704
580.851 0.797
582.017 1.166
583.135 1.118
584.189 1.054
585.129 0.94
585.935 0.806
586.692 0.757
587.445 0.753
588.231 0.786
588.975 0.744
589.786 0.811
590.7 0.914
591.574 0.874
592.478 0.904
593.312 0.834
594.076 0.764
594.787 0.711
595.482 0.695
596.202 0.72
597.028 0.826
597.897 0.869
598.662 0.765
599.497 0.835
600.341 0.844
601.115 0.774