0.000 0.702
0.702 0.702
1.416 0.714
2.163 0.747
2.944 0.781
3.705 0.761
4.495 0.79
5.273 0.778
5.996 0.723
6.707 0.711
7.417 0.71
8.121 0.704
8.791 0.67
9.461 0.67
10.192 0.731
10.936 0.744
11.714 0.778
12.514 0.8
13.278 0.764
14.01 0.732
14.7 0.69
15.38 0.68
16.071 0.691
16.758 0.687
17.466 0.708
18.197 0.731
18.965 0.768
19.791 0.826
20.619 0.828
21.494 0.875
22.35 0.856
23.164 0.814
23.897 0.733
24.573 0.676
25.245 0.672
25.944 0.699
26.756 0.812
27.583 0.827
28.393 0.81
29.222 0.829
30.067 0.845
30.866 0.799
31.624 0.758
32.378 0.754
33.164 0.786
34.087 0.923
35.043 0.956
35.968 0.925
36.819 0.851
37.692 0.873
38.534 0.842
39.373 0.839
40.217 0.844
41.028 0.811
41.778 0.75
42.502 0.724
43.217 0.715
43.93 0.713
44.633 0.703
45.32 0.687
46.002 0.682
46.698 0.696
47.421 0.723
48.187 0.766
48.907 0.72
49.679 0.772
50.605 0.926
51.458 0.853
52.244 0.786
52.984 0.74
53.691 0.707
54.358 0.667
55.015 0.657
55.672 0.657
56.376 0.704
57.06 0.684
57.728 0.668
58.385 0.657
59.038 0.653
59.708 0.67
60.419 0.711
61.163 0.744
61.909 0.746
62.662 0.753
63.443 0.781
64.25 0.807
65.075 0.825
65.909 0.834
66.692 0.783
67.488 0.796
68.325 0.837
69.175 0.85
69.995 0.82
70.761 0.766
71.514 0.753
72.23 0.716
72.92 0.69
73.646 0.726
74.403 0.757
75.241 0.838
76.148 0.907
77.08 0.932
78.001 0.921
78.881 0.88
79.678 0.797
80.442 0.764
81.259 0.817
82.115 0.856
82.895 0.78
83.65 0.755
84.448 0.798
85.322 0.874
86.203 0.881
87.022 0.819
87.827 0.805
88.642 0.815
89.472 0.83
90.236 0.764
91.028 0.792
91.835 0.807
92.611 0.776
93.433 0.822
94.195 0.762
95.008 0.813
95.837 0.829
96.614 0.777
97.404 0.79
98.256 0.852
99.065 0.809
99.862 0.797
100.676 0.814
101.432 0.756
102.162 0.73
102.863 0.701
103.56 0.697
104.264 0.704
104.978 0.714
105.71 0.732
106.422 0.712
107.118 0.696
107.819 0.701
108.533 0.714
109.306 0.773
110.095 0.789
110.888 0.793
111.652 0.764
112.386 0.734
113.104 0.718
113.854 0.75
114.628 0.774
115.449 0.821
116.217 0.768
117.004 0.787
117.805 0.801
118.696 0.891
119.572 0.876
120.454 0.882
121.218 0.764
121.965 0.747
122.743 0.778
123.543 0.8
124.375 0.832
125.175 0.8
125.983 0.808
126.823 0.84
127.654 0.831
128.458 0.804
129.221 0.763
129.988 0.767
130.749 0.761
131.507 0.758
132.239 0.732
132.974 0.735
133.752 0.778
134.504 0.752
135.249 0.745
135.984 0.735
136.772 0.788
137.546 0.774
138.289 0.743
139.015 0.726
139.747 0.732
140.494 0.747
141.215 0.721
141.936 0.721
142.675 0.739
143.411 0.736
144.148 0.737
144.855 0.707
145.523 0.668
146.163 0.64
146.809 0.646
147.488 0.679
148.242 0.754
149.002 0.76
149.771 0.769
150.555 0.784
151.39 0.835
152.234 0.844
152.987 0.753
153.683 0.696
154.346 0.663
155.014 0.668
155.655 0.641
156.305 0.65
157.016 0.711
157.78 0.764
158.586 0.806
159.34 0.754
160.066 0.726
160.776 0.71
161.439 0.663
162.081 0.642
162.718 0.637
163.349 0.631
163.982 0.633
164.641 0.659
165.299 0.658
165.971 0.672
166.652 0.681
167.346 0.694
168.039 0.693
168.726 0.687
169.432 0.706
170.194 0.762
170.994 0.8
171.748 0.754
172.471 0.723
173.163 0.692
173.814 0.651
174.457 0.643
175.094 0.637
175.753 0.659
176.469 0.716
177.253 0.784
178.062 0.809
178.88 0.818
179.702 0.822
180.527 0.825
181.411 0.884
182.339 0.928
183.234 0.895
184.079 0.845
184.906 0.827
185.761 0.855
186.635 0.874
187.503 0.868
188.276 0.773
189.021 0.745
189.743 0.722
190.417 0.674
191.075 0.658
191.73 0.655
192.425 0.695
193.149 0.724
193.91 0.761
194.726 0.816
195.577 0.851
196.418 0.841
197.254 0.836
198.088 0.834
199.051 0.963
200.046 0.995
201.057 1.011
201.997 0.94
202.939 0.942
203.785 0.846
204.639 0.854
205.472 0.833
206.198 0.726
206.867 0.669
207.529 0.662
208.196 0.667
208.892 0.696
209.721 0.829
210.834 1.113
211.838 1.004
212.873 1.035
213.9 1.027
214.811 0.911
215.679 0.868
216.589 0.91
217.539 0.95
218.47 0.931
219.315 0.845
220.154 0.839
220.994 0.84
221.892 0.898
222.808 0.916
223.667 0.859
224.504 0.837
225.336 0.832
226.243 0.907
227.184 0.941
228.069 0.885
228.901 0.832
229.723 0.822
230.579 0.856
231.491 0.912
232.418 0.927
233.308 0.89
234.136 0.828
234.94 0.804
235.76 0.82
236.584 0.824
237.445 0.861
238.357 0.912
239.313 0.956
240.259 0.946
241.168 0.909
242.017 0.849
242.884 0.867
243.769 0.885
244.647 0.878
245.479 0.832
246.348 0.869
247.237 0.889
248.173 0.936
249.215 1.042
250.149 0.934
251.093 0.944
252.021 0.928
252.889 0.868
253.703 0.814
254.569 0.866
255.384 0.815
256.23 0.846
257.146 0.916
258.072 0.926
258.901 0.829
259.778 0.877
260.697 0.919
261.631 0.934
262.534 0.903
263.376 0.842
264.259 0.883
265.165 0.906
266.031 0.866
266.816 0.785
267.618 0.802
268.434 0.816
269.359 0.925
270.226 0.867
271.067 0.841
271.915 0.848
272.821 0.906
273.732 0.911
274.614 0.882
275.425 0.811
276.244 0.819
277.081 0.837
277.873 0.792
278.599 0.726
279.285 0.686
279.986 0.701
280.711 0.725
281.541 0.83
282.549 1.008
283.517 0.968
284.345 0.828
285.135 0.79
285.953 0.818
286.782 0.829
287.634 0.852
288.511 0.877
289.38 0.869
290.181 0.801
290.988 0.807
291.823 0.835
292.683 0.86
293.563 0.88
294.394 0.831
295.176 0.782
295.964 0.788
296.737 0.773
297.538 0.801
298.334 0.796
299.085 0.751
299.801 0.716
300.508 0.707
301.258 0.75
302.092 0.834
303.006 0.914
303.873 0.867
304.685 0.812
305.417 0.732
306.124 0.707
306.843 0.719
307.593 0.75
308.494 0.901
309.44 0.946
310.386 0.946
311.309 0.923
312.193 0.884
312.986 0.793
313.747 0.761
314.509 0.762
315.315 0.806
316.076 0.761
316.78 0.704
317.469 0.689
318.134 0.665
318.789 0.655
319.429 0.64
320.058 0.629
320.677 0.619
321.29 0.613
321.895 0.605
322.495 0.6
323.096 0.601
323.71 0.614
324.361 0.651
325.099 0.738
325.876 0.777
326.609 0.733
327.343 0.734
328.133 0.79
328.952 0.819
329.779 0.827
330.633 0.854
331.45 0.817
332.227 0.777
333.036 0.809
333.934 0.898
334.842 0.908
335.694 0.852
336.557 0.863
337.473 0.916
338.406 0.933
339.332 0.926
340.206 0.874
341.067 0.861
341.883 0.816
342.744 0.861
343.62 0.876
344.479 0.859
345.396 0.917
346.373 0.977
347.349 0.976
348.26 0.911
349.192 0.932
350.109 0.917
350.989 0.88
351.784 0.795
352.628 0.844
353.466 0.838
354.317 0.851
355.093 0.776
355.846 0.753
356.63 0.784
357.486 0.856
358.319 0.833
359.085 0.766
359.841 0.756
360.574 0.733
361.308 0.734
362.036 0.728
362.765 0.729
363.519 0.754
364.291 0.772
365.032 0.741
365.758 0.726
366.483 0.725
367.267 0.784
368.12 0.853
368.969 0.849
369.811 0.842
370.721 0.91
371.637 0.916
372.513 0.876
373.343 0.83
374.162 0.819
375.036 0.874
375.873 0.837
376.673 0.8
377.513 0.84
378.407 0.894
379.303 0.896
380.179 0.876
381.045 0.866
381.93 0.885
382.84 0.91
383.741 0.901
384.607 0.866
385.416 0.809
386.185 0.769
386.993 0.808
387.884 0.891
388.779 0.895
389.656 0.877
390.558 0.902
391.449 0.891
392.28 0.831
393.113 0.833
393.943 0.83
394.749 0.806
395.507 0.758
396.267 0.76
397.058 0.791
397.882 0.824
398.688 0.806
399.513 0.825
400.388 0.875
401.267 0.879
402.119 0.852
402.932 0.813
403.739 0.807
404.546 0.807
405.318 0.772
406.089 0.771
406.927 0.838
407.853 0.926
408.7 0.847
409.554 0.854
410.411 0.857
411.25 0.839
412.052 0.802
412.851 0.799
413.688 0.837
414.494 0.806
415.278 0.784
416.069 0.791
416.885 0.816
417.7 0.815
418.5 0.8
419.282 0.782
420.093 0.811
420.938 0.845
421.779 0.841
422.582 0.803
423.387 0.805
424.257 0.87
425.139 0.882
426.008 0.869
426.881 0.873
427.664 0.783
428.415 0.751
429.176 0.761
429.989 0.813
430.804 0.815
431.644 0.84
432.445 0.801
433.266 0.821
434.152 0.886
434.965 0.813
435.71 0.745
436.431 0.721
437.165 0.734
437.903 0.738
438.633 0.73
439.36 0.727
440.145 0.785
440.952 0.807
441.78 0.828
442.567 0.787
443.346 0.779
444.158 0.812
444.998 0.84
445.871 0.873
446.7 0.829
447.513 0.813
448.412 0.899
449.337 0.925
450.199 0.862
451.044 0.845
451.91 0.866
452.775 0.865
453.611 0.836
454.454 0.843
455.324 0.87
456.173 0.849
457.037 0.864
457.923 0.886
458.773 0.85
459.658 0.885
460.559 0.901
461.402 0.843
462.208 0.806
463.037 0.829
463.878 0.841
464.726 0.848
465.582 0.856
466.433 0.851
467.265 0.832
468.119 0.854
468.995 0.876
469.81 0.815
470.574 0.764
471.332 0.758
472.119 0.787
472.923 0.804
473.735 0.812
474.536 0.801
475.334 0.798
476.203 0.869
477.082 0.879
477.892 0.81
478.677 0.785
479.479 0.802
480.276 0.797
481.043 0.767
481.793 0.75
482.561 0.768
483.339 0.778
484.13 0.791
484.904 0.774
485.705 0.801
486.565 0.86
487.433 0.868
488.253 0.82
489.137 0.884
489.995 0.858
490.797 0.802
491.606 0.809
492.436 0.83
493.276 0.84
494.061 0.785
494.843 0.782
495.674 0.831
496.512 0.838
497.309 0.797
498.123 0.814
498.944 0.821
499.776 0.832
500.575 0.799
501.39 0.815
502.231 0.841
503.079 0.848
503.882 0.803
504.715 0.833
505.539 0.824
506.366 0.827
507.166 0.8
508.016 0.85
508.86 0.844
509.699 0.839
510.509 0.81
511.318 0.809
512.144 0.826
512.948 0.804
513.763 0.815
514.55 0.787
515.365 0.815
516.19 0.825
517.0 0.81
517.798 0.798
518.641 0.843
519.488 0.847
520.29 0.802
521.084 0.794
521.891 0.807
522.655 0.764
523.43 0.775
524.216 0.786
525.011 0.795
525.792 0.781
526.566 0.774
527.378 0.812
528.241 0.863
529.067 0.826
529.875 0.808
530.689 0.814
531.498 0.809
532.264 0.766
533.026 0.762
533.811 0.785
534.628 0.817
535.442 0.814
536.265 0.823
537.114 0.849
537.955 0.841
538.773 0.818
539.594 0.821
540.47 0.876
541.349 0.879
542.193 0.844
543.022 0.829
543.866 0.844
544.739 0.873
545.566 0.827
546.416 0.85
547.293 0.877
548.151 0.858
548.952 0.801
549.768 0.816
550.656 0.888
551.574 0.918
552.454 0.88
553.308 0.854
554.186 0.878
555.064 0.878
555.921 0.857
556.787 0.866
557.683 0.896
558.577 0.894
559.429 0.852
560.306 0.877
561.2 0.894
562.097 0.897
562.958 0.861
563.844 0.886
564.723 0.879
565.573 0.85
566.437 0.864
567.33 0.893
568.201 0.871
569.013 0.812
569.774 0.761
570.577 0.803
571.437 0.86
572.284 0.847
573.16 0.876
574.022 0.862
574.872 0.85
575.689 0.817
576.488 0.799
577.273 0.785
578.057 0.784
578.843 0.786
579.703 0.86
580.62 0.917
581.506 0.886
582.346 0.84
583.216 0.87
584.096 0.88
584.907 0.811
585.71 0.803
586.537 0.827
587.369 0.832
588.169 0.8
589.009 0.84
589.942 0.933
590.788 0.846
591.561 0.773
592.316 0.755
593.079 0.763
593.856 0.777
594.642 0.786
595.539 0.897
596.464 0.925
597.351 0.887
598.221 0.87
599.129 0.908
600.015 0.886
600.834 0.819
601.609 0.775
602.418 0.809
603.26 0.842
604.077 0.817
604.923 0.846
605.802 0.879
606.681 0.879
607.506 0.825
608.276 0.77
609.032 0.756
609.765 0.733
610.466 0.701
611.144 0.678
611.827 0.683
612.524 0.697
613.286 0.762
613.999 0.713
614.699 0.7
615.405 0.706
616.121 0.716
616.816 0.695
617.502 0.686
618.173 0.671
618.829 0.656
619.476 0.647
620.12 0.644
620.762 0.642
621.417 0.655
622.074 0.657