0.000 0.661
0.661 0.661
1.315 0.654
1.947 0.632
2.607 0.66
3.272 0.665
4.038 0.766
4.827 0.789
5.781 0.954
6.765 0.984
7.686 0.921
8.464 0.778
9.255 0.791
10.033 0.778
10.781 0.748
16.999 0.722
17.715 0.716
18.488 0.773
19.395 0.907
20.303 0.908
21.204 0.901
22.084 0.88
22.899 0.815
23.642 0.743
24.351 0.709
25.087 0.736
25.932 0.845
26.863 0.931
27.72 0.857
28.728 1.008
29.679 0.951
30.726 1.047
31.745 1.019
32.696 0.951
33.597 0.901
34.519 0.922
35.377 0.858
36.298 0.921
37.442 1.144
38.477 1.035
39.537 1.06
40.533 0.996
41.427 0.894
42.293 0.866
43.19 0.897
44.453 1.263
45.566 1.113
46.681 1.115
47.816 1.135
48.802 0.986
49.856 1.054
50.916 1.06
51.89 0.974
52.94 1.05
53.933 0.993
54.981 1.048
56.087 1.106
57.095 1.008
58.103 1.008
59.197 1.094
60.238 1.041
61.333 1.095
62.39 1.057
63.32 0.93
64.239 0.919
65.416 1.177
66.58 1.164
67.659 1.079
68.815 1.156
69.967 1.152
71.04 1.073
72.118 1.078
73.136 1.018
74.101 0.965
75.155 1.054
76.337 1.182
77.356 1.019
78.372 1.016
79.42 1.048
80.453 1.033
81.409 0.956
82.274 0.865
83.195 0.921
84.109 0.914
84.947 0.838
85.801 0.854
86.708 0.907
87.661 0.953
88.565 0.904
89.562 0.997
90.55 0.988
91.527 0.977
92.391 0.864
93.309 0.918
94.339 1.03
95.3 0.961
96.212 0.912
97.207 0.995
98.387 1.18
99.412 1.025
100.389 0.977
101.306 0.917
102.348 1.042
103.431 1.083
104.489 1.058
105.5 1.011
106.443 0.943
107.385 0.942
108.445 1.06
109.616 1.171
110.692 1.076
111.695 1.003
112.676 0.981
113.7 1.024
114.652 0.952
115.586 0.934
116.539 0.953
117.793 1.254
119.007 1.214
120.093 1.086
121.185 1.092
122.24 1.055
123.249 1.009
124.352 1.103
125.376 1.024
126.326 0.95
127.311 0.985
128.144 0.833
128.985 0.841
130.006 1.021
131.063 1.057
132.03 0.967
133.045 1.015
134.158 1.113
135.273 1.115
136.339 1.066
137.294 0.955
138.227 0.933
139.309 1.082
140.391 1.082
141.443 1.052
142.297 0.854
143.087 0.79
143.919 0.832
145.265 1.346
146.549 1.284
147.705 1.156
148.76 1.055
149.759 0.999
150.739 0.98
151.833 1.094
152.995 1.162
154.109 1.114
155.128 1.019
156.086 0.958
157.018 0.932
158.02 1.002
159.131 1.111
160.227 1.096
161.252 1.025
162.299 1.047
163.351 1.052
164.332 0.981
165.237 0.905
166.142 0.905
167.141 0.999
168.255 1.114
169.284 1.029
170.401 1.117
171.532 1.131
172.546 1.014
173.447 0.901
174.336 0.889
175.369 1.033
176.587 1.218
177.759 1.172
178.92 1.161
179.955 1.035
180.892 0.937
181.881 0.989
182.929 1.048
183.974 1.045
184.917 0.943
185.909 0.992
186.91 1.001
187.848 0.938
188.761 0.913
189.765 1.004
190.846 1.081
191.721 0.875
192.562 0.841
193.436 0.874
194.309 0.873
195.268 0.959
196.231 0.963
197.144 0.913
198.094 0.95
199.087 0.993
199.986 0.899
200.809 0.823
201.66 0.851
202.581 0.921
203.53 0.949
204.511 0.981
205.544 1.033
206.527 0.983
207.517 0.99
208.576 1.059
209.585 1.009
210.501 0.916
211.388 0.887
212.372 0.984
213.519 1.147
214.554 1.035
215.585 1.031
216.738 1.153
217.835 1.097
218.816 0.981
219.797 0.981
220.857 1.06
221.942 1.085
222.984 1.042
224.075 1.091
225.132 1.057
226.163 1.031
227.244 1.081
228.266 1.022
229.203 0.937
230.181 0.978
231.277 1.096
232.212 0.935
233.207 0.995
234.263 1.056
235.279 1.016
236.182 0.903
237.08 0.898
238.091 1.011
239.144 1.053
240.173 1.029
241.262 1.089
242.235 0.973
243.263 1.028
244.278 1.015
245.288 1.01
246.328 1.04
247.32 0.992
248.284 0.964
249.268 0.984
250.334 1.066
251.312 0.978
252.307 0.995
253.317 1.01
254.32 1.003
255.283 0.963
256.293 1.01
257.348 1.055
258.365 1.017
259.294 0.929
260.126 0.832
260.91 0.784
261.663 0.753
262.393 0.73
263.133 0.74
263.968 0.835
264.947 0.979
265.899 0.952
266.748 0.849
267.562 0.814
268.432 0.87
269.31 0.878
270.138 0.828
270.936 0.798
271.705 0.769
272.46 0.755
273.193 0.733
273.992 0.799
274.919 0.927
275.864 0.945
276.784 0.92
277.633 0.849
278.458 0.825
279.315 0.857
280.296 0.981
281.288 0.992
282.198 0.91
283.044 0.846
283.881 0.837
284.747 0.866
285.878 1.131
287.016 1.138
288.068 1.052
289.028 0.96
290.001 0.973
290.994 0.993
291.962 0.968
292.843 0.881
293.645 0.802
294.411 0.766
295.238 0.827
296.567 1.329
297.667 1.1
298.746 1.079
299.936 1.19
300.908 0.972
301.838 0.93
302.878 1.04
303.983 1.105
305.028 1.045
306.033 1.005
306.893 0.86
307.698 0.805
308.541 0.843
309.675 1.134
310.822 1.147
311.931 1.109
312.952 1.021
314.065 1.113
315.077 1.012
315.961 0.884
316.824 0.863
317.805 0.981
318.926 1.121
319.994 1.068
320.887 0.893
321.853 0.966
323.011 1.158
324.162 1.151
325.193 1.031
326.215 1.022
327.121 0.906
327.901 0.78
328.652 0.751
329.505 0.853
330.848 1.343
332.058 1.21
333.2 1.142
334.322 1.122
335.417 1.095
336.437 1.02
337.458 1.021
338.459 1.001
339.545 1.086
340.66 1.115
341.746 1.086
342.844 1.098
343.866 1.022
344.89 1.024
345.967 1.077
346.943 0.976
347.88 0.937
348.999 1.119
350.01 1.011
350.991 0.981
352.098 1.107
353.082 0.984
354.16 1.078
355.271 1.111
356.268 0.997
357.405 1.137
358.531 1.126
359.514 0.983
360.59 1.076
361.652 1.062
362.603 0.951
363.608 1.005
364.636 1.028
365.575 0.939
366.603 1.028
367.685 1.082
368.685 1.0
369.716 1.031
370.722 1.006
371.678 0.956
372.646 0.968
373.629 0.983
374.543 0.914
375.504 0.961
376.48 0.976
377.441 0.961
378.398 0.957
379.232 0.834
380.228 0.996
381.139 0.911
382.083 0.944
383.119 1.036
384.161 1.042
385.08 0.919
386.07 0.99
387.08 1.01
388.085 1.005
389.0 0.915
389.944 0.944
390.978 1.034
391.925 0.947
392.956 1.031
393.977 1.021
394.884 0.907
395.82 0.936
396.839 1.019
397.902 1.063
398.979 1.077
399.947 0.968
400.985 1.038
402.129 1.144
403.192 1.063
404.301 1.109
405.359 1.058
406.357 0.998
407.378 1.021
408.46 1.082
409.464 1.004
410.385 0.921
411.527 1.142
412.83 1.303
413.987 1.157
415.131 1.144
416.337 1.206
417.427 1.09
418.568 1.141
419.652 1.084
420.743 1.091
421.892 1.149
422.9 1.008
423.923 1.023
425.304 1.381
426.595 1.291
427.805 1.21
428.821 1.016
429.923 1.102
431.204 1.281
432.47 1.266
433.684 1.214
434.806 1.122
435.75 0.944
436.666 0.916
438.019 1.353
439.194 1.175
440.211 1.017
441.084 0.873
441.893 0.809
442.677 0.784
443.513 0.836
444.733 1.22
445.923 1.19
447.044 1.121
448.133 1.089
449.124 0.991
450.07 0.946
451.046 0.976
452.151 1.105
453.257 1.106
454.282 1.025
455.375 1.093
456.51 1.135
457.586 1.076
458.549 0.963
459.519 0.97
460.662 1.143
461.81 1.148
462.94 1.13
464.109 1.169
465.232 1.123
466.336 1.104
467.356 1.02
468.473 1.117
469.657 1.184
470.697 1.04
471.603 0.906
472.537 0.934
473.844 1.307
474.985 1.141
475.971 0.986
477.065 1.094
478.235 1.17
479.251 1.016
480.339 1.088
481.32 0.981
482.485 1.165
483.565 1.08
484.546 0.981
485.723 1.177
486.881 1.158
488.032 1.151
489.197 1.165
490.286 1.089
491.322 1.036
492.418 1.096
493.378 0.96
494.499 1.121
495.712 1.213
496.798 1.086
497.845 1.047
498.958 1.113
500.15 1.192
501.33 1.18
502.525 1.195
503.541 1.016
504.565 1.024
505.667 1.102
506.569 0.902
507.418 0.849
508.281 0.863
509.628 1.347
510.674 1.046
511.767 1.093
512.78 1.013
513.954 1.174
514.969 1.015
516.063 1.094
517.104 1.041
518.104 1.0
519.249 1.145
520.255 1.006
521.354 1.099
522.517 1.163
523.57 1.053
524.694 1.124
525.803 1.109
526.907 1.104
528.027 1.12
529.093 1.066
530.094 1.001
531.048 0.954
532.137 1.089
533.162 1.025
534.332 1.17
535.443 1.111
536.439 0.996
537.501 1.062
538.648 1.147
539.725 1.077
540.634 0.909
541.638 1.004
542.804 1.166
543.868 1.064
544.825 0.957
545.823 0.998
547.093 1.27
548.217 1.124
549.262 1.045
550.206 0.944
551.212 1.006
552.321 1.109
553.385 1.064
554.48 1.095
555.473 0.993
556.532 1.059
557.613 1.081
558.6 0.987
559.519 0.919
560.606 1.087
561.835 1.229
563.014 1.179
563.95 0.936
564.791 0.841
565.637 0.846
566.917 1.28
568.091 1.174
568.974 0.883
570.076 1.102
571.171 1.095
572.175 1.004
573.18 1.005
574.319 1.139
575.479 1.16
576.603 1.124
577.707 1.104
578.672 0.965
579.542 0.87
580.347 0.805
581.155 0.808
582.055 0.9
583.277 1.222
584.44 1.163
585.532 1.092
586.485 0.953
587.417 0.932
588.34 0.923
589.489 1.149
590.614 1.125
591.66 1.046
592.661 1.001
593.56 0.899
594.424 0.864
595.228 0.804
596.076 0.848
597.282 1.206
598.658 1.376
599.847 1.189
601.014 1.167
602.021 1.007