0.000 0.848
0.848 0.848
1.696 0.848
2.539 0.843
3.424 0.885
4.518 1.094
5.619 1.101
6.566 0.947
7.431 0.865
8.249 0.818
9.054 0.805
9.875 0.821
10.756 0.881
11.704 0.948
12.553 0.849
13.418 0.865
14.235 0.817
15.011 0.776
15.757 0.746
16.531 0.774
17.466 0.935
18.536 1.07
19.536 1.0
20.513 0.977
21.437 0.924
22.334 0.897
23.378 1.044
24.421 1.043
25.447 1.026
26.412 0.965
27.317 0.905
28.186 0.869
29.091 0.905
30.158 1.067
31.294 1.136
32.375 1.081
33.376 1.001
34.328 0.952
35.195 0.867
36.067 0.872
36.936 0.869
37.764 0.828
38.576 0.812
39.376 0.8
40.388 1.012
41.284 0.896
42.146 0.862
43.026 0.88
44.045 1.019
45.186 1.141
46.252 1.066
47.155 0.903
48.037 0.882
48.983 0.946
50.132 1.149
51.32 1.188
52.491 1.171
53.472 0.981
54.405 0.933
55.332 0.927
56.451 1.119
57.585 1.134
58.686 1.101
59.691 1.005
60.59 0.899
61.505 0.915
62.528 1.023
63.702 1.174
64.846 1.144
65.88 1.034
66.749 0.869
67.676 0.927
68.552 0.876
69.578 1.026
70.849 1.271
71.955 1.106
72.915 0.96
73.844 0.929
74.775 0.931
75.965 1.19
77.022 1.057
77.97 0.948
78.854 0.884
79.747 0.893
80.778 1.031
81.745 0.967
82.877 1.132
83.834 0.957
84.736 0.902
85.625 0.889
86.658 1.033
87.771 1.113
88.75 0.979
89.703 0.953
90.572 0.869
91.403 0.831
92.26 0.857
93.601 1.341
94.714 1.113
95.64 0.926
96.765 1.125
97.87 1.105
98.745 0.875
99.638 0.893
100.452 0.814
101.329 0.877
102.739 1.41
103.926 1.187
104.971 1.045
105.948 0.977
106.89 0.942
107.84 0.95
108.894 1.054
109.834 0.94
110.672 0.838
111.491 0.819
112.338 0.847
113.262 0.924
114.238 0.976
115.339 1.101
116.495 1.156
117.629 1.134
118.686 1.057
119.615 0.929
120.496 0.881
121.398 0.902
122.387 0.989
123.556 1.169
124.58 1.024
125.437 0.857
126.249 0.812
127.062 0.813
127.984 0.922
129.218 1.234
130.276 1.058
131.152 0.876
132.013 0.861
132.877 0.864
133.781 0.904
134.786 1.005
135.936 1.15
136.998 1.062
138.016 1.018
139.002 0.986
139.925 0.923
140.844 0.919
141.752 0.908
142.871 1.119
143.966 1.095
145.023 1.057
146.078 1.055
147.062 0.984
147.969 0.907
148.859 0.89
149.765 0.906
150.755 0.99
151.873 1.118
152.884 1.011
153.916 1.032
154.843 0.927
155.727 0.884
156.601 0.874
157.563 0.962
158.543 0.98
159.563 1.02
160.517 0.954
161.383 0.866
162.396 1.013
163.52 1.124
164.571 1.051
165.534 0.963
166.422 0.888
167.308 0.886
168.33 1.022
169.408 1.078
170.496 1.088
171.476 0.98
172.373 0.897
173.259 0.886
174.233 0.974
175.32 1.087
176.375 1.055
177.379 1.004
178.268 0.889
179.151 0.883
180.056 0.905
181.035 0.979
182.101 1.066
183.103 1.002
184.015 0.912
184.936 0.921
185.949 1.013
187.102 1.153
188.14 1.038
189.025 0.885
189.9 0.875
190.888 0.988
192.089 1.201
193.267 1.178
194.26 0.993
195.243 0.983
196.301 1.058
197.279 0.978
198.221 0.942
199.149 0.928
200.12 0.971
201.218 1.098
202.296 1.078
203.355 1.059
204.35 0.995
205.285 0.935
206.193 0.908
207.128 0.935
208.173 1.045
209.218 1.045
210.199 0.981
211.112 0.913
211.977 0.865
212.837 0.86
213.765 0.928
214.792 1.027
215.847 1.055
216.75 0.903
217.633 0.883
218.53 0.897
219.419 0.889
220.341 0.922
221.496 1.155
222.647 1.151
223.751 1.104
224.716 0.965
225.603 0.887
226.508 0.905
227.446 0.938
228.478 1.032
229.496 1.018
230.435 0.939
231.325 0.89
232.23 0.905
233.197 0.967
234.424 1.227
235.574 1.15
236.664 1.09
237.703 1.039
238.696 0.993
239.614 0.918
240.501 0.887
241.413 0.912
242.408 0.995
243.619 1.211
244.787 1.168
245.81 1.023
246.779 0.969
247.658 0.879
248.496 0.838
249.33 0.834
250.222 0.892
251.244 1.022
252.437 1.193
253.559 1.122
254.604 1.045
255.584 0.98
256.48 0.896
257.315 0.835
258.148 0.833
259.036 0.888
260.014 0.978
261.184 1.17
262.29 1.106
263.376 1.086
264.416 1.04
265.369 0.953
266.252 0.883
267.102 0.85
267.956 0.854
268.878 0.922
270.012 1.134
271.167 1.155
272.247 1.08
273.261 1.014
274.261 1.0
275.245 0.984
276.156 0.911
277.01 0.854
277.831 0.821
278.65 0.819
279.525 0.875
280.577 1.052
281.728 1.151
282.785 1.057
283.797 1.012
284.783 0.986
285.676 0.893
286.518 0.842
287.354 0.836
288.173 0.819
289.096 0.923
290.209 1.113
291.33 1.121
292.398 1.068
293.422 1.024
294.345 0.923
295.191 0.846
296.014 0.823
296.834 0.82
297.653 0.819
298.443 0.79
299.246 0.803
300.087 0.841
300.98 0.893
301.833 0.853
302.665 0.832
303.508 0.843
304.366 0.858
305.336 0.97
306.495 1.159
307.658 1.163
308.763 1.105
309.823 1.06
310.753 0.93
311.619 0.866
312.457 0.838
313.353 0.896
314.585 1.232
315.805 1.22
316.938 1.133
317.98 1.042
318.983 1.003
319.938 0.955
320.802 0.864
321.603 0.801
322.395 0.792
323.224 0.829
324.239 1.015
325.42 1.181
326.643 1.223
327.812 1.169
328.939 1.127
329.944 1.005
330.88 0.936
331.804 0.924
332.799 0.995
333.969 1.17
335.163 1.194
336.347 1.184
337.5 1.153
338.585 1.085
339.556 0.971
340.464 0.908
341.37 0.906
342.299 0.929
343.28 0.981
344.384 1.104
345.473 1.089
346.564 1.091
347.618 1.054
348.63 1.012
349.569 0.939
350.468 0.899
351.375 0.907
352.329 0.954
353.325 0.996
354.411 1.086
355.522 1.111
356.58 1.058
357.555 0.975
358.497 0.942
359.445 0.948
360.326 0.881
361.17 0.844
362.038 0.868
362.97 0.932
363.962 0.992
365.023 1.061
366.0 0.977
366.971 0.971
367.839 0.868
368.694 0.855
369.604 0.91
370.681 1.077
371.771 1.09
372.823 1.052
373.827 1.004
374.806 0.979
375.7 0.894
376.54 0.84
377.37 0.83
378.213 0.843
379.154 0.941
380.256 1.102
381.322 1.066
382.375 1.053
383.414 1.039
384.377 0.963
385.313 0.936
386.275 0.962
387.268 0.993
388.317 1.049
389.375 1.058
390.382 1.007
391.376 0.994
392.318 0.942
393.236 0.918
394.082 0.846
394.885 0.803
395.672 0.787
396.486 0.814
397.362 0.876
398.414 1.052
399.51 1.096
400.662 1.152
401.781 1.119
402.838 1.057
403.814 0.976
404.77 0.956
405.775 1.005
406.908 1.133
408.041 1.133
409.085 1.044
410.077 0.992
410.979 0.902
411.847 0.868
412.766 0.919
413.786 1.02
414.977 1.191
416.152 1.175
417.283 1.131
418.364 1.081
419.37 1.006
420.286 0.916
421.167 0.881
422.053 0.886
423.056 1.003
424.046 0.99
424.945 0.899
425.784 0.839
426.62 0.836
427.463 0.843
428.305 0.842
429.158 0.853
430.296 1.138
431.523 1.227
432.695 1.172
433.819 1.124
434.895 1.076
435.875 0.98
436.81 0.935
437.755 0.945
438.843 1.088
440.158 1.315
441.378 1.22
442.515 1.137
443.605 1.09
444.659 1.054
445.643 0.984
446.64 0.997
447.606 0.966
448.621 1.015
449.758 1.137
450.901 1.143
452.027 1.126
453.052 1.025
454.031 0.979
454.953 0.922
455.819 0.866
456.673 0.854
457.569 0.896
458.7 1.131
459.806 1.106
460.923 1.117
461.956 1.033
462.91 0.954
463.824 0.914
464.727 0.903
465.682 0.955
466.761 1.079
467.868 1.107
468.917 1.049
469.892 0.975
470.823 0.931
471.733 0.91
472.65 0.917
473.646 0.996
474.713 1.067
475.758 1.045
476.764 1.006
477.709 0.945
478.6 0.891
479.451 0.851
480.301 0.85
481.185 0.884
482.205 1.02
483.341 1.136
484.444 1.103
485.364 0.92
486.218 0.854
487.059 0.841
487.933 0.874
488.926 0.993
489.877 0.951
490.786 0.909
491.646 0.86
492.539 0.893
493.433 0.894
494.325 0.892
495.188 0.863
496.068 0.88
496.966 0.898
497.859 0.893
498.718 0.859
499.544 0.826
500.371 0.827
501.232 0.861
502.104 0.872
502.999 0.895
503.869 0.87
504.71 0.841
505.535 0.825
506.377 0.842
507.214 0.837
508.143 0.929
509.124 0.981
510.138 1.014
511.154 1.016
512.152 0.998
513.049 0.897
513.887 0.838
514.749 0.862
515.636 0.887
516.545 0.909
517.544 0.999
518.538 0.994
519.402 0.864
520.227 0.825
521.064 0.837
521.939 0.875
522.865 0.926
523.894 1.029
524.941 1.047
525.971 1.03
526.953 0.982
527.915 0.962
528.846 0.931
529.829 0.983
530.84 1.011
531.915 1.075
532.991 1.076
534.016 1.025
534.964 0.948
535.882 0.918
536.754 0.872
537.625 0.871
538.54 0.915
539.571 1.031
540.653 1.082
541.719 1.066
542.762 1.043
543.703 0.941
544.595 0.892
545.497 0.902
546.459 0.962
547.466 1.007
548.483 1.017
549.481 0.998
550.46 0.979
551.445 0.985
552.569 1.124
553.739 1.17
554.852 1.113
555.935 1.083
556.934 0.999
557.844 0.91
558.755 0.911
559.713 0.958
560.745 1.032
561.807 1.062
562.867 1.06
563.872 1.005
564.83 0.958
565.787 0.957
566.767 0.98
567.851 1.084
568.905 1.054
569.91 1.005
570.895 0.985
571.831 0.936
572.752 0.921
573.668 0.916
574.597 0.929
575.626 1.029
576.687 1.061
577.705 1.018
578.682 0.977
579.596 0.914
580.474 0.878
581.355 0.881
582.271 0.916
583.265 0.994
584.285 1.02
585.28 0.995
586.209 0.929
587.116 0.907
588.022 0.906
588.991 0.969
590.009 1.018
590.999 0.99
591.958 0.959
592.891 0.933
593.804 0.913
594.763 0.959
595.796 1.033
596.788 0.992
597.753 0.965
598.707 0.954
599.621 0.914
600.49 0.869
601.355 0.865
602.254 0.899
603.204 0.95
604.175 0.971
605.128 0.953
606.017 0.889
606.896 0.879
607.784 0.888
608.678 0.894
609.523 0.845
610.366 0.843
611.243 0.877
612.14 0.897
613.022 0.882
613.892 0.87
614.787 0.895
615.779 0.992
616.834 1.055
617.798 0.964
618.705 0.907
619.627 0.922
620.585 0.958
621.561 0.976