0.000 0.644
0.644 0.644
1.289 0.645
1.921 0.632
2.552 0.631
3.181 0.629
3.819 0.638
4.449 0.63
5.086 0.637
5.728 0.642
6.378 0.65
7.034 0.656
7.669 0.635
8.309 0.64
8.944 0.635
9.573 0.629
10.181 0.608
10.781 0.6
11.377 0.596
11.976 0.599
12.582 0.606
13.184 0.602
13.784 0.6
14.396 0.612
15.053 0.657
15.712 0.659
16.399 0.687
17.071 0.672
17.728 0.657
18.354 0.626
18.972 0.618
19.573 0.601
20.166 0.593
20.758 0.592
21.357 0.599
21.966 0.609
22.589 0.623
23.223 0.634
23.868 0.645
24.521 0.653
25.164 0.643
25.804 0.64
26.453 0.649
27.104 0.651
27.77 0.666
28.45 0.68
29.102 0.652
29.741 0.639
30.366 0.625
30.991 0.625
31.636 0.645
32.279 0.643
32.903 0.624
33.516 0.613
34.126 0.61
34.747 0.621
35.388 0.641
36.041 0.653
36.73 0.689
37.415 0.685
38.086 0.671
38.773 0.687
39.452 0.679
40.109 0.657
40.779 0.67
41.438 0.659
42.092 0.654
42.734 0.642
43.345 0.611
43.968 0.623
44.584 0.616
45.218 0.634
45.872 0.654
46.536 0.664
47.216 0.68
47.884 0.668
48.533 0.649
49.163 0.63
49.81 0.647
50.46 0.65
51.132 0.672
51.816 0.684
52.485 0.669
53.12 0.635
53.755 0.635
54.38 0.625
54.999 0.619
55.608 0.609
56.202 0.594
56.784 0.582
57.349 0.565
57.907 0.558
58.465 0.558
59.021 0.556
59.58 0.559
60.159 0.579
60.753 0.594
61.348 0.595
61.955 0.607
62.584 0.629
63.233 0.649
63.904 0.671
64.593 0.689
65.29 0.697
65.963 0.673
66.603 0.64
67.265 0.662
67.932 0.667
68.602 0.67
69.261 0.659
69.911 0.65
70.555 0.644
71.212 0.657
71.866 0.654
72.495 0.629
73.123 0.628
73.769 0.646
74.417 0.648
75.091 0.674
75.764 0.673
76.421 0.657
77.082 0.661
77.746 0.664
78.405 0.659
79.036 0.631
79.675 0.639
80.295 0.62
80.906 0.611
81.521 0.615
82.119 0.598
82.719 0.6
83.326 0.607
83.94 0.614
84.555 0.615
85.179 0.624
85.827 0.648
86.513 0.686
87.254 0.741
87.972 0.718
88.689 0.717
89.401 0.712
90.11 0.709
90.778 0.668
91.448 0.67
92.132 0.684
92.807 0.675
93.457 0.65
94.119 0.662
94.77 0.651
95.412 0.642
96.044 0.632
96.682 0.638
97.33 0.648
97.982 0.652
98.63 0.648
99.305 0.675
99.988 0.683
100.681 0.693
101.344 0.663
102.016 0.672
102.688 0.672
103.37 0.682
104.017 0.647
104.655 0.638
105.296 0.641
105.931 0.635
106.549 0.618
107.176 0.627
107.811 0.635
108.469 0.658
109.128 0.659
109.815 0.687
110.507 0.692
111.175 0.668
111.827 0.652
112.483 0.656
113.132 0.649
113.773 0.641
114.393 0.62
115.002 0.609
115.61 0.608
116.214 0.604
116.817 0.603
117.437 0.62
118.097 0.66
118.805 0.708
119.476 0.671
120.147 0.671
120.827 0.68
121.521 0.694
122.199 0.678
122.86 0.661
123.533 0.673
124.2 0.667
124.852 0.652
125.497 0.645
126.136 0.639
126.773 0.637
127.398 0.625
128.018 0.62
128.647 0.629
129.278 0.631
129.912 0.634
130.546 0.634
131.19 0.644
131.852 0.662
132.534 0.682
133.212 0.678
133.887 0.675
134.564 0.677
135.243 0.679
135.927 0.684
136.603 0.676
137.252 0.649
137.888 0.636
138.526 0.638
139.169 0.643
139.808 0.639
140.44 0.632
141.09 0.65
141.745 0.655
142.388 0.643
143.028 0.64
143.699 0.671
144.4 0.701
145.124 0.724
145.835 0.711
146.513 0.678
147.172 0.659
147.847 0.675
148.506 0.659
149.152 0.646
149.797 0.645
150.45 0.653
151.114 0.664
151.77 0.656
152.419 0.649
153.074 0.655
153.73 0.656
154.388 0.658
155.027 0.639
155.654 0.627
156.275 0.621
156.89 0.615
157.513 0.623
158.142 0.629
158.785 0.643
159.428 0.643
160.066 0.638
160.72 0.654
161.394 0.674
162.117 0.723
162.819 0.702
163.521 0.702
164.242 0.721
164.972 0.73
165.673 0.701
166.353 0.68
167.03 0.677
167.694 0.664
168.339 0.645
168.978 0.639
169.622 0.644
170.273 0.651
170.923 0.65
171.576 0.653
172.242 0.666
172.897 0.655
173.547 0.65
174.192 0.645
174.852 0.66
175.505 0.653
176.154 0.649
176.795 0.641
177.445 0.65
178.09 0.645
178.736 0.646
179.371 0.635
180.008 0.637
180.647 0.639
181.287 0.64
181.923 0.636
182.572 0.649
183.226 0.654
183.893 0.667
184.543 0.65
185.197 0.654
185.859 0.662
186.533 0.674
187.2 0.667
187.855 0.655
188.519 0.664
189.189 0.67
189.852 0.663
190.519 0.667
191.187 0.668
191.849 0.662
192.499 0.65
193.145 0.646
193.801 0.656
194.466 0.665
195.155 0.689
195.821 0.666
196.486 0.665
197.148 0.662
197.804 0.656
198.484 0.68
199.15 0.666
199.815 0.665
200.484 0.669
201.165 0.681
201.839 0.674
202.52 0.681
203.213 0.693
203.916 0.703
204.596 0.68
205.292 0.696
205.969 0.677
206.648 0.679
207.311 0.663
207.993 0.682
208.676 0.683
209.366 0.69
210.041 0.675
210.729 0.688
211.419 0.69
212.095 0.676
212.76 0.665
213.434 0.674
214.101 0.667
214.774 0.673
215.429 0.655
216.084 0.655
216.739 0.655
217.391 0.652
218.033 0.642
218.682 0.649
219.332 0.65
219.999 0.667
220.674 0.675
221.355 0.681
222.033 0.678
222.712 0.679
223.38 0.668
224.035 0.655
224.687 0.652
225.34 0.653
225.987 0.647
226.622 0.635
227.258 0.636
227.898 0.64
228.55 0.652
229.21 0.66
229.867 0.657
230.529 0.662
231.204 0.675
231.897 0.693
232.576 0.679
233.248 0.672
233.91 0.662
234.577 0.667
235.229 0.652
235.883 0.654
236.532 0.649
237.176 0.644
237.813 0.637
238.459 0.646
239.108 0.649
239.797 0.689
240.486 0.689
241.233 0.747
241.945 0.712
242.652 0.707
243.308 0.656
243.96 0.652
244.602 0.642
245.241 0.639
245.868 0.627
246.501 0.633
247.139 0.638
247.789 0.65
248.431 0.642
249.075 0.644
249.729 0.654
250.383 0.654
251.032 0.649
251.667 0.635
252.309 0.642
252.95 0.641
253.602 0.652
254.249 0.647
254.909 0.66
255.575 0.666
256.264 0.689
256.945 0.681
257.603 0.658
258.258 0.655
258.921 0.663
259.578 0.657
260.235 0.657
260.904 0.669
261.578 0.674
262.288 0.71
262.993 0.705
263.652 0.659
264.278 0.626
264.896 0.618
265.501 0.605
266.092 0.591
266.675 0.583
267.256 0.581
267.84 0.584
268.428 0.588
269.019 0.591
269.61 0.591
270.206 0.596
270.817 0.611
271.443 0.626
272.078 0.635
272.713 0.635
273.355 0.642
274.003 0.648
274.661 0.658
275.347 0.686
276.028 0.681
276.693 0.665
277.362 0.669
278.031 0.669
278.718 0.687
279.388 0.67
280.075 0.687
280.772 0.697
281.482 0.71
282.178 0.696
282.856 0.678
283.518 0.662
284.172 0.654
284.817 0.645
285.446 0.629
286.068 0.622
286.683 0.615
287.299 0.616
287.924 0.625
288.577 0.653
289.256 0.679
289.973 0.717
290.749 0.776
291.566 0.817
292.351 0.785
293.111 0.76
293.859 0.748
294.575 0.716
295.286 0.711
295.976 0.69
296.656 0.68
297.318 0.662
297.978 0.66
298.636 0.658
299.292 0.656
299.943 0.651
300.62 0.677
301.307 0.687
302.015 0.708
302.715 0.7
303.421 0.706
304.133 0.712
304.83 0.697
305.504 0.674
306.174 0.67
306.831 0.657
307.494 0.663
308.141 0.647
308.794 0.653
309.453 0.659
310.123 0.67
310.796 0.673
311.47 0.674
312.138 0.668
312.802 0.664
313.45 0.648
314.097 0.647
314.736 0.639
315.376 0.64
316.009 0.633
316.648 0.639
317.297 0.649
317.957 0.66
318.608 0.651
319.271 0.663
319.933 0.662
320.594 0.661
321.243 0.649
321.889 0.646
322.542 0.653
323.191 0.649
323.835 0.644
324.479 0.644
325.121 0.642
325.769 0.648
326.41 0.641
327.055 0.645
327.7 0.645
328.358 0.658
329.011 0.653
329.686 0.675
330.369 0.683
331.066 0.697
331.763 0.697
332.472 0.709
333.16 0.688
333.825 0.665
334.461 0.636
335.087 0.626
335.709 0.622
336.343 0.634
336.996 0.653
337.653 0.657
338.331 0.678
339.016 0.685
339.721 0.705
340.406 0.685
341.089 0.683
341.763 0.674
342.44 0.677
343.091 0.651
343.744 0.653
344.391 0.647
345.031 0.64
345.669 0.638
346.312 0.643
346.975 0.663
347.659 0.684
348.334 0.675
349.022 0.688
349.72 0.698
350.428 0.708
351.112 0.684
351.804 0.692
352.48 0.676
353.152 0.672
353.819 0.667
354.488 0.669
355.16 0.672
355.835 0.675
356.502 0.667
357.15 0.648
357.802 0.652
358.455 0.653
359.11 0.655
359.765 0.655
360.415 0.65
361.072 0.657
361.732 0.66
362.408 0.676
363.081 0.673
363.761 0.68
364.429 0.668
365.101 0.672
365.759 0.658
366.412 0.653
367.062 0.65
367.711 0.649
368.338 0.627
368.96 0.622
369.583 0.623
370.201 0.618
370.814 0.613
371.422 0.608
372.042 0.62
372.67 0.628
373.311 0.641
373.967 0.656
374.63 0.663
375.293 0.663
375.967 0.674
376.647 0.68
377.344 0.697
378.038 0.694
378.726 0.688
379.402 0.676
380.068 0.666
380.722 0.654
381.365 0.643
382.006 0.641
382.643 0.637
383.286 0.643
383.929 0.643
384.588 0.659
385.266 0.678
385.956 0.69
386.642 0.686
387.323 0.681
388.001 0.678
388.671 0.67
389.32 0.649
389.957 0.637
390.586 0.629
391.209 0.623
391.83 0.621
392.44 0.61
393.056 0.616
393.674 0.618
394.299 0.625
394.932 0.633
395.568 0.636
396.225 0.657
396.902 0.677
397.588 0.686
398.257 0.669
398.927 0.67
399.594 0.667
400.26 0.666
400.92 0.66
401.57 0.65
402.214 0.644
402.86 0.646
403.51 0.65
404.156 0.646
404.806 0.65
405.453 0.647
406.118 0.665
406.775 0.657
407.433 0.658
408.082 0.649
408.732 0.65
409.368 0.636
410.002 0.634
410.639 0.637
411.282 0.643
411.945 0.663
412.625 0.68
413.305 0.68
413.98 0.675
414.665 0.685
415.33 0.665
415.98 0.65
416.621 0.641
417.257 0.636
417.888 0.631
418.523 0.635
419.149 0.626
419.772 0.623
420.392 0.62
421.006 0.614
421.613 0.607
422.215 0.602
422.823 0.608
423.45 0.627
424.092 0.642
424.76 0.668
425.458 0.698
426.157 0.699
426.855 0.698
427.535 0.68
428.207 0.672
428.875 0.668
429.54 0.665
430.201 0.661
430.857 0.656
431.528 0.671
432.189 0.661
432.855 0.666
433.506 0.651
434.158 0.652
434.793 0.635
436.159 1.366
437.05 0.891
437.809 0.759
438.527 0.718
439.221 0.694
439.9 0.679
440.562 0.662
441.208 0.646
441.847 0.639
442.496 0.649
443.143 0.647
443.793 0.65
444.443 0.65
445.084 0.641
445.722 0.638
446.361 0.639
447.005 0.644
447.644 0.639
448.285 0.641
448.923 0.638
449.559 0.636
450.199 0.64
450.858 0.659
451.51 0.652
452.15 0.64
452.795 0.645
453.441 0.646
454.097 0.656
454.742 0.645
455.386 0.644
456.028 0.642
456.675 0.647
457.335 0.66
458.005 0.67
458.663 0.658
459.313 0.65
459.96 0.647
460.606 0.646
461.269 0.663
461.935 0.666
462.58 0.645
463.231 0.651
463.884 0.653
464.556 0.672
465.231 0.675
465.911 0.68
466.587 0.676
467.249 0.662
467.901 0.652
468.549 0.648
469.189 0.64
469.816 0.627
470.435 0.619
471.061 0.626
471.687 0.626
472.34 0.653
473.006 0.666
473.682 0.676
474.357 0.675
475.02 0.663
475.677 0.657
476.332 0.655
476.97 0.638
477.598 0.628
478.213 0.615
478.832 0.619
479.449 0.617
480.07 0.621
480.71 0.64
481.385 0.675
482.076 0.691
482.763 0.687
483.449 0.686
484.12 0.671
484.776 0.656
485.417 0.641
486.06 0.643
486.704 0.644
487.36 0.656
488.008 0.648
488.657 0.649
489.308 0.651
489.96 0.652
490.62 0.66
491.29 0.67
491.951 0.661
492.616 0.665
493.277 0.661
493.939 0.662
494.581 0.642
495.232 0.651
495.887 0.655
496.542 0.655
497.184 0.642
497.84 0.656
498.492 0.652
499.16 0.668
499.825 0.665
500.488 0.663
501.153 0.665
501.811 0.658
502.452 0.641
503.095 0.643
503.738 0.643
504.378 0.64
505.02 0.642
505.673 0.653
506.306 0.633
506.941 0.635
507.576 0.635
508.219 0.643
508.871 0.652
509.515 0.644
510.162 0.647
510.797 0.635
511.431 0.634
512.068 0.637
512.706 0.638
513.353 0.647
514.002 0.649
514.643 0.641
515.28 0.637
515.919 0.639
516.575 0.656
517.251 0.676
517.918 0.667
518.598 0.68
519.28 0.682
519.973 0.693
520.638 0.665
521.286 0.648
521.929 0.643
522.583 0.654
523.238 0.655
523.889 0.651
524.552 0.663
525.215 0.663
525.871 0.656
526.525 0.654
527.172 0.647
527.823 0.651
528.47 0.647
529.118 0.648
529.76 0.642
530.376 0.616
530.99 0.614
531.606 0.616
532.233 0.627
532.865 0.632
533.514 0.649
534.152 0.638
534.8 0.648
535.433 0.633
536.059 0.626
536.695 0.636
537.332 0.637
537.963 0.631
538.597 0.634
539.231 0.634
539.864 0.633
540.5 0.636
541.141 0.641
541.78 0.639
542.417 0.637
543.053 0.636
543.683 0.63
544.294 0.611
544.902 0.608
545.501 0.599
546.084 0.583
546.667 0.583
547.244 0.577
547.81 0.566
548.381 0.571
548.958 0.577
549.554 0.596
550.165 0.611
550.772 0.607
551.388 0.616
551.997 0.609
552.593 0.596
553.182 0.589
553.766 0.584
554.353 0.587
554.945 0.592
555.542 0.597
556.153 0.611
556.774 0.621
557.407 0.633
558.045 0.638
558.683 0.638
559.315 0.632
559.939 0.624
560.57 0.631
561.199 0.629
561.831 0.632
562.496 0.665
563.322 0.826
564.055 0.733
564.733 0.678
565.375 0.642
565.998 0.623
566.611 0.613
567.219 0.608
567.841 0.622
568.481 0.64
569.167 0.686
569.873 0.706
570.583 0.71
571.28 0.697
571.976 0.696
572.665 0.689
573.365 0.7
574.046 0.681
574.734 0.688
575.404 0.67
576.069 0.665
576.729 0.66
577.382 0.653
578.012 0.63
578.634 0.622
579.241 0.607
579.845 0.604
580.441 0.596
581.035 0.594
581.647 0.612
582.279 0.632
583.007 0.728
584.13 1.123
584.954 0.824
585.678 0.724
586.375 0.697
587.046 0.671
587.705 0.659
588.349 0.644
588.994 0.645
589.643 0.649
590.302 0.659
590.972 0.67
591.64 0.668
592.31 0.67
592.987 0.677
593.677 0.69
594.35 0.673
595.017 0.667
595.685 0.668
596.346 0.661
597.007 0.661
597.657 0.65
598.317 0.66
598.975 0.658
599.638 0.663
600.295 0.657
600.947 0.652
601.596 0.649
602.245 0.649
602.882 0.637
603.519 0.637
604.148 0.629
604.771 0.623
605.388 0.617
606.01 0.622
606.624 0.614
607.232 0.608
607.834 0.602
608.451 0.617
609.086 0.635
609.726 0.64
610.364 0.638
611.004 0.64
611.658 0.654
612.315 0.657
612.957 0.642