0.000 0.64
0.64 0.64
1.288 0.648
1.937 0.649
2.345 0.408
3.194 0.849
4.043 0.849
4.665 0.622
5.293 0.628
5.929 0.636
6.575 0.646
7.204 0.629
7.839 0.635
8.178 0.339
8.463 0.285
8.844 0.381
9.246 0.402
9.51 0.264
9.762 0.252
10.114 0.352
10.461 0.347
10.779 0.318
11.255 0.476
11.615 0.36
11.88 0.265
12.146 0.266
12.547 0.401
13.099 0.552
13.48 0.381
14.365 0.885
14.818 0.453
15.138 0.32
21.686 6.548
21.999 0.313
22.279 0.28
29.999 0.617
30.624 0.625
31.233 0.609
31.852 0.619
32.477 0.625
33.103 0.626
33.742 0.639
34.391 0.649
35.051 0.66
35.714 0.663
36.252 0.538
36.539 0.287
36.964 0.425
37.579 0.615
38.192 0.613
38.82 0.628
40.109 1.289
40.744 0.635
41.362 0.618
41.992 0.63
42.627 0.635
43.268 0.641
43.562 0.294
43.898 0.336
44.557 0.659
44.972 0.415
45.867 0.895
46.126 0.259
46.38 0.254
46.668 0.288
47.198 0.53
47.507 0.309
47.839 0.332
48.093 0.254
48.354 0.261
49.497 1.143
50.366 0.869
51.579 1.213
51.881 0.302
52.179 0.298
52.598 0.419
53.363 0.765
53.796 0.433
54.071 0.275
54.46 0.389
56.152 1.692
56.455 0.303
56.803 0.348
58.569 1.766
59.339 0.77
60.031 0.692
60.683 0.652
61.331 0.648
61.65 0.319
61.96 0.31
62.564 0.604
63.098 0.534
63.756 0.658
64.068 0.312
64.332 0.264
64.958 0.626
65.618 0.66
66.464 0.846
67.265 0.801
67.522 0.257
68.05 0.528
68.777 0.727
69.468 0.691
70.194 0.726
70.856 0.662
71.518 0.662
72.205 0.687
72.882 0.677
73.58 0.698
74.268 0.688
74.954 0.686
75.604 0.65
76.27 0.666
76.911 0.641
77.536 0.625
78.161 0.625
78.795 0.634
79.457 0.662
80.199 0.742
80.954 0.755
81.242 0.288
81.571 0.329
82.089 0.518
82.481 0.392
83.254 0.773
83.989 0.735
84.64 0.651
84.905 0.265
85.193 0.288
85.494 0.301
85.775 0.281
86.113 0.338
86.474 0.361
87.56 1.086
87.907 0.347
88.186 0.279
88.465 0.279
88.737 0.272
89.018 0.281
89.401 0.383
90.534 1.133
91.468 0.934
91.819 0.351
92.697 0.878
93.556 0.859
94.183 0.627
94.44 0.257
94.706 0.266
94.963 0.257
95.401 0.438
95.717 0.316
96.097 0.38
97.1 1.003
97.441 0.341
97.721 0.28
99.094 1.373
99.356 0.262
100.357 1.001
100.837 0.48
103.696 2.859
104.918 1.222
105.685 0.767
106.401 0.716
107.038 0.637
107.679 0.641
108.462 0.783
109.149 0.687
109.835 0.686
110.518 0.683
111.201 0.683
111.879 0.678
112.25 0.371
112.563 0.313
112.906 0.343
113.26 0.354
114.005 0.745
114.352 0.347
114.607 0.255
114.922 0.315
115.192 0.27
115.562 0.37
116.801 1.239
118.209 1.408
118.49 0.281
118.862 0.372
121.615 2.753
122.353 0.738
123.117 0.764
123.913 0.796
124.658 0.745
125.375 0.717
125.963 0.588
126.742 0.779
127.482 0.74
127.757 0.275
128.066 0.309
128.429 0.363
128.811 0.382
129.085 0.274
129.758 0.673
130.473 0.715
131.183 0.71
131.788 0.605
132.241 0.453
132.527 0.286
133.899 1.372
134.633 0.734
134.946 0.313
135.334 0.388
135.702 0.368
136.607 0.905
137.343 0.736
137.647 0.304
138.915 1.268
139.624 0.709
140.356 0.732
141.086 0.73
141.767 0.681
142.444 0.677
143.109 0.665
143.766 0.657
144.432 0.666
145.08 0.648
145.335 0.255
145.786 0.451
146.605 0.819
147.165 0.56
149.186 2.021
149.577 0.391
149.844 0.267
150.128 0.284
150.43 0.302
151.166 0.736
151.831 0.665
152.478 0.647
152.98 0.502
153.768 0.788
154.163 0.395
155.026 0.863
155.657 0.631
156.277 0.62
156.905 0.628
157.565 0.66
158.23 0.665
158.498 0.268
158.748 0.25
159.535 0.787
159.854 0.319
160.211 0.357
160.489 0.278
160.879 0.39
161.607 0.728
162.281 0.674
163.005 0.724
163.782 0.777
164.505 0.723
165.204 0.699
165.873 0.669
166.531 0.658
167.199 0.668
167.788 0.589
168.539 0.751
169.199 0.66
169.853 0.654
170.525 0.672
171.186 0.661
171.834 0.648
172.467 0.633
173.088 0.621
173.697 0.609
174.3 0.603
174.568 0.268
174.916 0.348
175.536 0.62
175.909 0.373
176.163 0.254
176.848 0.685
177.566 0.718
178.34 0.774
179.072 0.732
179.788 0.716
180.464 0.676
181.113 0.649
181.729 0.616
182.357 0.628
182.971 0.614
183.584 0.613
184.21 0.626
184.857 0.647
185.544 0.687
186.205 0.661
186.865 0.66
187.558 0.693
188.222 0.664
188.876 0.654
189.52 0.644
190.148 0.628
190.785 0.637
191.219 0.434
191.528 0.309
191.827 0.299
192.136 0.309
192.639 0.503
193.274 0.635
193.897 0.623
194.523 0.626
195.147 0.624
195.772 0.625
196.39 0.618
197.0 0.61
197.62 0.62
198.242 0.622
198.842 0.6
199.449 0.607
200.061 0.612
200.663 0.602
201.25 0.587
201.825 0.575
202.394 0.569
202.954 0.56
203.367 0.413
204.075 0.708
204.641 0.566
205.13 0.489
205.84 0.71
206.491 0.651
207.165 0.674
207.818 0.653
208.514 0.696
209.242 0.728
209.968 0.726
210.653 0.685
211.148 0.495
211.441 0.293
211.944 0.503
212.557 0.613
213.164 0.607
213.769 0.605
214.369 0.6
214.955 0.586
215.538 0.583
216.113 0.575
216.686 0.573
217.257 0.571
217.827 0.57
218.399 0.572
218.982 0.583
219.563 0.581
220.138 0.575
220.728 0.59
221.327 0.599
221.957 0.63
222.658 0.701
223.384 0.726
224.06 0.676
224.7 0.64
225.314 0.614
225.92 0.606
226.52 0.6
227.175 0.655
227.931 0.756
228.702 0.771
229.465 0.763
230.211 0.746
230.904 0.693
231.607 0.703
232.322 0.715
233.096 0.774
233.967 0.871
234.775 0.808
235.659 0.884
236.528 0.869
237.322 0.794
238.066 0.744
238.793 0.727
239.462 0.669
240.232 0.77
240.628 0.396
240.98 0.352
241.719 0.739
242.426 0.707
243.159 0.733
243.883 0.724
244.601 0.718
245.329 0.728
246.087 0.758
246.81 0.723
247.519 0.709
248.227 0.708
248.928 0.701
249.656 0.728
250.411 0.755
251.127 0.716
251.861 0.734
252.589 0.728
253.277 0.688
253.994 0.717
254.698 0.704
255.426 0.728
256.138 0.712
256.877 0.739
257.603 0.726
258.328 0.725
259.034 0.706
259.732 0.698
260.43 0.698
261.119 0.689
261.82 0.701
262.535 0.715
263.253 0.718
263.959 0.706
264.675 0.716
265.422 0.747
266.227 0.805
267.033 0.806
267.778 0.745
268.539 0.761
269.311 0.772
270.074 0.763
270.793 0.719
271.537 0.744
272.281 0.744
273.024 0.743
273.787 0.763
274.592 0.805
275.37 0.778
276.134 0.764
276.866 0.732
277.634 0.768
278.357 0.723
279.032 0.675
279.681 0.649
280.313 0.632
280.932 0.619
281.55 0.618
282.172 0.622
282.862 0.69
283.656 0.794
284.499 0.843
285.351 0.852
286.164 0.813
286.987 0.823
287.736 0.749
288.478 0.742
289.211 0.733
289.937 0.726
290.59 0.653
291.4 0.81
292.113 0.713
292.812 0.699
293.483 0.671
294.191 0.708
294.862 0.671
295.542 0.68
296.138 0.596
296.874 0.736
297.543 0.669
298.245 0.702
298.965 0.72
299.709 0.744
300.43 0.721
301.162 0.732
301.884 0.722
302.605 0.721
303.333 0.728
304.056 0.723
304.782 0.726
305.504 0.722
306.216 0.712
306.941 0.725
307.679 0.738
308.44 0.761
309.216 0.776
309.985 0.769
310.718 0.733
311.448 0.73
312.151 0.703
312.827 0.676
313.512 0.685
314.21 0.698
314.929 0.719
315.662 0.733
316.394 0.732
317.128 0.734
317.846 0.718
318.578 0.732
319.306 0.728
320.036 0.73
320.731 0.695
321.417 0.686
322.109 0.692
322.808 0.699
323.543 0.735
324.259 0.716
324.975 0.716
325.677 0.702
326.393 0.716
327.112 0.719
327.863 0.751
328.636 0.773
329.411 0.775
330.217 0.806
331.007 0.79
331.768 0.761
332.513 0.745
333.224 0.711
333.907 0.683
334.56 0.653
335.223 0.663
335.885 0.662
336.561 0.676
337.276 0.715
337.986 0.71
338.696 0.71
339.362 0.666
340.034 0.672
340.69 0.656
341.354 0.664
342.039 0.685
342.709 0.67
343.41 0.701
344.119 0.709
344.859 0.74
345.586 0.727
346.359 0.773
347.101 0.742
347.857 0.756
348.567 0.71
349.274 0.707
349.978 0.704
350.662 0.684
351.356 0.694
352.04 0.684
352.713 0.673
353.375 0.662
354.039 0.664
354.705 0.666
355.368 0.663
356.023 0.655
356.666 0.643
357.296 0.63
357.901 0.605
358.499 0.598
359.092 0.593
359.68 0.588
360.279 0.599
360.915 0.636
361.566 0.651
362.21 0.644
362.862 0.652
363.507 0.645
364.161 0.654
364.803 0.642
365.426 0.623
366.054 0.628
366.68 0.626
367.332 0.652
367.992 0.66
368.664 0.672
369.348 0.684
370.008 0.66
370.667 0.659
371.327 0.66
371.979 0.652
372.643 0.664
373.336 0.693
374.083 0.747
374.813 0.73
375.555 0.742
376.309 0.754
377.095 0.786
377.864 0.769
378.621 0.757
379.377 0.756
380.12 0.743
380.889 0.769
381.714 0.825
382.543 0.829
383.294 0.751
384.046 0.752
384.809 0.763
385.552 0.743
386.268 0.716
386.995 0.727
387.743 0.748
388.507 0.764
389.214 0.707
389.889 0.675
390.553 0.664
391.247 0.694
391.966 0.719
392.674 0.708
393.378 0.704
394.048 0.67
394.355 0.307
394.671 0.316
394.948 0.277
395.318 0.37
395.982 0.664
396.658 0.676
398.166 1.508
398.909 0.743
399.664 0.755
400.417 0.753
401.196 0.779
401.939 0.743
402.632 0.693
403.318 0.686
403.977 0.659
404.551 0.574
405.291 0.74
405.951 0.66
406.619 0.668
407.306 0.687
408.001 0.695
408.702 0.701
409.423 0.721
410.14 0.717
410.858 0.718
411.592 0.734
412.281 0.689
412.957 0.676
413.618 0.661
414.261 0.643
414.893 0.632
415.507 0.614
416.12 0.613
416.437 0.317
416.743 0.306
417.258 0.515
417.822 0.564
418.176 0.354
418.585 0.409
419.286 0.701
419.891 0.605
420.154 0.263
422.171 2.017
422.921 0.75
423.629 0.708
424.327 0.698
424.908 0.581
425.705 0.797
426.425 0.72
427.154 0.729
427.862 0.708
428.567 0.705
429.275 0.708
429.977 0.702
430.685 0.708
431.411 0.726
432.156 0.745
432.907 0.751
433.657 0.75
434.366 0.709
435.116 0.75
435.83 0.714
436.508 0.678
436.78 0.272
437.168 0.388
437.485 0.317
437.821 0.336
438.481 0.66
439.144 0.663
439.664 0.52
440.496 0.832
441.172 0.676
441.857 0.685
442.556 0.699
443.237 0.681
443.962 0.725
444.611 0.649
445.257 0.646
445.896 0.639
446.525 0.629
447.16 0.635
447.418 0.258
447.813 0.395
448.101 0.288
448.485 0.384
449.147 0.662
449.451 0.304
449.834 0.383
450.199 0.365
450.534 0.335
451.27 0.736
452.024 0.754
452.816 0.792
453.609 0.793
454.356 0.747
455.054 0.698
455.71 0.656
456.371 0.661
457.048 0.677
457.727 0.679
458.024 0.297
458.456 0.432
459.207 0.751
459.954 0.747
460.688 0.734
461.46 0.772
462.219 0.759
462.952 0.733
463.657 0.705
464.331 0.674
464.993 0.662
465.641 0.648
466.288 0.647
466.941 0.653
467.609 0.668
468.27 0.661
468.956 0.686
469.623 0.667
470.312 0.689
471.022 0.71
471.737 0.715
472.447 0.71
473.082 0.635
473.806 0.724
474.46 0.654
475.102 0.642
475.753 0.651
476.408 0.655
477.069 0.661
477.721 0.652
478.367 0.646
479.001 0.634
479.655 0.654
480.325 0.67
481.034 0.709
481.735 0.701
482.412 0.677
483.084 0.672
483.527 0.443
484.395 0.868
485.054 0.659
485.716 0.662
486.379 0.663
487.059 0.68
487.375 0.316
487.73 0.355
488.384 0.654
489.025 0.641
489.646 0.621
490.248 0.602
490.832 0.584
491.403 0.571
491.962 0.559
492.517 0.555
493.075 0.558
493.645 0.57
494.259 0.614
494.948 0.689
495.656 0.708
496.376 0.72
496.909 0.533
497.811 0.902
498.536 0.725
499.286 0.75
500.033 0.747
500.772 0.739
501.488 0.716
502.19 0.702
502.872 0.682
503.564 0.692
504.296 0.732
505.057 0.761
505.813 0.756
506.609 0.796
507.367 0.758
508.123 0.756
508.869 0.746
509.615 0.746
510.357 0.742
511.137 0.78
511.896 0.759
512.617 0.721
513.297 0.68
513.951 0.654
514.608 0.657
515.28 0.672
515.99 0.71
516.731 0.741
517.469 0.738
517.787 0.318
518.154 0.367
518.823 0.669
519.414 0.591
519.814 0.4
520.123 0.309
520.777 0.654
521.443 0.666
521.757 0.314
522.015 0.258
522.279 0.264
522.55 0.271
523.417 0.867
524.073 0.656
524.684 0.611
525.217 0.533
526.049 0.832
526.746 0.697
527.439 0.693
528.161 0.722
528.893 0.732
529.595 0.702
530.262 0.667
530.914 0.652
531.199 0.285
531.467 0.268
532.222 0.755
532.889 0.667
533.58 0.691
534.294 0.714
535.038 0.744
535.806 0.768
536.547 0.741
537.268 0.721
537.977 0.709
538.675 0.698
539.382 0.707
540.107 0.725
540.854 0.747
541.594 0.74
542.346 0.752
543.098 0.752
543.826 0.728
544.578 0.752
545.319 0.741
546.032 0.713
546.695 0.663
547.353 0.658
547.999 0.646
548.651 0.652
549.311 0.66
549.991 0.68
550.654 0.663
551.326 0.672
552.019 0.693
552.74 0.721
553.468 0.728
554.187 0.719
554.867 0.68
555.54 0.673
556.192 0.652
556.642 0.45
557.093 0.451
557.523 0.43
558.235 0.712
558.975 0.74
559.781 0.806
560.501 0.72
561.208 0.707
561.908 0.7
562.601 0.693
563.3 0.699
564.041 0.741
564.786 0.745
565.51 0.724
566.266 0.756
567.012 0.746
567.758 0.746
568.485 0.727
569.209 0.724
569.924 0.715
570.638 0.714
571.312 0.674
571.963 0.651
572.621 0.658
573.28 0.659
573.954 0.674
574.622 0.668
575.297 0.675
576.001 0.704
576.77 0.769
577.583 0.813
578.365 0.782
579.113 0.748
579.853 0.74
580.576 0.723
581.291 0.715
581.997 0.706
582.691 0.694
583.378 0.687
584.073 0.695
584.777 0.704
585.492 0.715
586.173 0.681
586.833 0.66
587.49 0.657
588.16 0.67
588.832 0.672
589.507 0.675
590.198 0.691
590.957 0.759
591.721 0.764
592.454 0.733
593.12 0.666
593.791 0.671
594.458 0.667
595.138 0.68
595.833 0.695
596.551 0.718
597.311 0.76
598.174 0.863
599.009 0.835
599.305 0.296
599.77 0.465
600.528 0.758
601.305 0.777
602.054 0.749