0.000 0.724
0.724 0.724
1.452 0.728
2.154 0.702
2.905 0.751
3.722 0.817
4.57 0.848
5.342 0.772
6.173 0.831
7.064 0.891
7.93 0.866
8.738 0.808
9.631 0.893
10.568 0.937
11.383 0.815
12.187 0.804
13.045 0.858
13.938 0.893
14.735 0.797
15.583 0.848
16.527 0.944
17.449 0.922
18.286 0.837
19.179 0.893
20.114 0.935
20.968 0.854
21.786 0.818
22.668 0.882
23.562 0.894
24.388 0.826
25.239 0.851
26.075 0.836
26.864 0.789
27.588 0.724
28.351 0.763
29.175 0.824
29.975 0.8
30.791 0.816
31.723 0.932
32.513 0.79
33.345 0.832
34.271 0.926
35.189 0.918
35.981 0.792
36.756 0.775
37.586 0.83
38.484 0.898
39.303 0.819
40.181 0.878
41.122 0.941
42.027 0.905
42.875 0.848
43.781 0.906
44.733 0.952
45.577 0.844
46.431 0.854
47.312 0.881
48.161 0.849
48.982 0.821
49.876 0.894
50.81 0.934
51.664 0.854
52.568 0.904
53.511 0.943
54.382 0.871
55.232 0.85
56.119 0.887
57.031 0.912
57.842 0.811
58.666 0.824
59.512 0.846
60.392 0.88
61.186 0.794
61.965 0.779
62.824 0.859
63.749 0.925
64.609 0.86
65.403 0.794
66.193 0.79
67.075 0.882
67.997 0.922
68.849 0.852
69.684 0.835
70.473 0.789
71.205 0.732
71.889 0.684
72.56 0.671
73.239 0.679
73.961 0.722
74.704 0.743
75.407 0.703
76.165 0.758
77.004 0.839
77.81 0.806
78.62 0.81
79.463 0.843
80.29 0.827
81.075 0.785
81.9 0.825
82.783 0.883
83.589 0.806
84.422 0.833
85.306 0.884
86.165 0.859
86.96 0.795
87.787 0.827
88.614 0.827
89.39 0.776
90.256 0.866
91.136 0.88
91.947 0.811
92.821 0.874
93.712 0.891
94.522 0.81
95.383 0.861
96.258 0.875
97.048 0.79
97.883 0.835
98.812 0.929
99.644 0.832
100.474 0.83
101.383 0.909
102.245 0.862
103.084 0.839
103.98 0.896
104.86 0.88
105.677 0.817
106.554 0.877
107.458 0.904
108.261 0.803
109.046 0.785
109.817 0.771
110.535 0.718
111.234 0.699
111.916 0.682
112.635 0.719
113.444 0.809
114.195 0.751
114.976 0.781
115.824 0.848
116.667 0.843
117.465 0.798
118.312 0.847
119.217 0.905
120.064 0.847
120.915 0.851
121.808 0.893
122.715 0.907
123.551 0.836
124.429 0.878
125.323 0.894
126.172 0.849
126.996 0.824
127.885 0.889
128.803 0.918
129.64 0.837
130.514 0.874
131.451 0.937
132.327 0.876
133.167 0.84
134.05 0.883
134.983 0.933
135.859 0.876
136.653 0.794
137.481 0.828
138.392 0.911
139.235 0.843
140.086 0.851
141.012 0.926
141.914 0.902
142.73 0.816
143.591 0.861
144.423 0.832
145.274 0.851
146.118 0.844
146.872 0.754
147.601 0.729
148.304 0.703
149.009 0.705
149.743 0.734
150.522 0.779
151.267 0.745
151.971 0.704
152.687 0.716
153.375 0.688
154.039 0.664
154.677 0.638
155.305 0.628
155.786 0.481
157.214 1.428
157.861 0.647
158.487 0.626
159.112 0.625
159.746 0.634
160.37 0.624
160.971 0.601
161.58 0.609
162.182 0.602
162.806 0.624
163.45 0.644
164.17 0.72
164.962 0.792
165.698 0.736
166.467 0.769
167.196 0.729
168.01 0.814
168.759 0.749
169.661 0.902
170.467 0.806
171.235 0.768
172.086 0.851
172.956 0.87
173.734 0.778
174.548 0.814
175.349 0.801
176.073 0.724
176.809 0.736
177.59 0.781
178.34 0.75
179.042 0.702
179.758 0.716
180.551 0.793
181.459 0.908
182.3 0.841
183.158 0.858
184.033 0.875
184.88 0.847
185.633 0.753
186.404 0.771
187.172 0.768
187.892 0.72
188.669 0.777
189.5 0.831
190.29 0.79
191.067 0.777
191.919 0.852
192.78 0.861
193.54 0.76
194.326 0.786
195.124 0.798
195.837 0.713
196.547 0.71
197.276 0.729
198.024 0.748
198.801 0.777
199.598 0.797
200.349 0.751
201.049 0.7
201.758 0.709
202.454 0.696
203.195 0.741
204.0 0.805
204.752 0.752
205.511 0.759
206.227 0.716
206.978 0.751
207.768 0.79
208.597 0.829
209.392 0.795
210.161 0.769
210.908 0.747
211.645 0.737
212.386 0.741
213.129 0.743
213.822 0.693
214.533 0.711
215.281 0.748
216.041 0.76
216.757 0.716
217.47 0.713
218.159 0.689
218.906 0.747
219.818 0.912
220.631 0.813
221.409 0.778
222.196 0.787
222.922 0.726
223.65 0.728
224.415 0.765
225.202 0.787
226.002 0.8
226.797 0.795
227.559 0.762
228.293 0.734
229.023 0.73
229.725 0.702
230.431 0.706
231.149 0.718
231.909 0.76
232.733 0.824
233.584 0.851
234.41 0.826
235.222 0.812
235.996 0.774
236.743 0.747
237.441 0.698
238.096 0.655
238.747 0.651
239.422 0.675
240.144 0.722
240.848 0.704
241.613 0.765
242.558 0.945
243.405 0.847
244.238 0.833
245.184 0.946
246.125 0.941
246.958 0.833
247.846 0.888
248.727 0.881
249.498 0.771
250.244 0.746
251.009 0.765
251.763 0.754
252.479 0.716
253.243 0.764
254.103 0.86
254.97 0.867
255.762 0.792
256.59 0.828
257.485 0.895
258.32 0.835
259.146 0.826
260.033 0.887
260.91 0.877
261.726 0.816
262.6 0.874
263.464 0.864
264.232 0.768
265.024 0.792
265.875 0.851
266.672 0.797
267.462 0.79
268.315 0.853
269.219 0.904
270.034 0.815
270.871 0.837
271.755 0.884
272.58 0.825
273.389 0.809
274.275 0.886
275.109 0.834
275.906 0.797
276.756 0.85
277.616 0.86
278.389 0.773
279.242 0.853
280.133 0.891
280.909 0.776
281.69 0.781
282.492 0.802
283.235 0.743
283.962 0.727
284.756 0.794
285.583 0.827
286.344 0.761
287.118 0.774
287.917 0.799
288.686 0.769
289.429 0.743
290.215 0.786
291.07 0.855
291.877 0.807
292.627 0.75
293.425 0.798
294.271 0.846
295.112 0.841
295.902 0.79
296.745 0.843
297.637 0.892
298.464 0.827
299.232 0.768
300.024 0.792
300.824 0.8
301.597 0.773
302.34 0.743
303.133 0.793
303.976 0.843
304.803 0.827
305.581 0.778
306.416 0.835
307.272 0.856
308.06 0.788
308.827 0.767
309.631 0.804
310.448 0.817
311.191 0.743
311.933 0.742
312.698 0.765
313.511 0.813
314.261 0.75
315.047 0.786
315.905 0.858
316.754 0.849
317.554 0.8
318.413 0.859
319.294 0.881
320.085 0.791
320.888 0.803
321.716 0.828
322.49 0.774
323.24 0.75
324.034 0.794
324.891 0.857
325.668 0.777
326.456 0.788
327.262 0.806
328.066 0.804
328.81 0.744
329.598 0.788
330.446 0.848
331.257 0.811
332.075 0.818
332.968 0.893
333.869 0.901
334.686 0.817
335.545 0.859
336.425 0.88
337.224 0.799
338.022 0.798
338.889 0.867
339.759 0.87
340.55 0.791
341.355 0.805
342.218 0.863
343.022 0.804
343.738 0.716
344.45 0.712
345.117 0.667
345.782 0.665
346.436 0.654
347.083 0.647
347.763 0.68
348.518 0.755
349.231 0.713
349.944 0.713
350.709 0.765
351.522 0.813
352.256 0.734
352.999 0.743
353.8 0.801
354.618 0.818
355.394 0.776
356.254 0.86
357.178 0.924
358.016 0.838
358.89 0.874
359.821 0.931
360.703 0.882
361.572 0.869
362.469 0.897
363.319 0.85
364.067 0.748
364.811 0.744
365.631 0.82
366.513 0.882
367.311 0.798
368.222 0.911
369.208 0.986
370.099 0.891
370.984 0.885
371.912 0.928
372.751 0.839
373.593 0.842
374.483 0.89
375.31 0.827
376.133 0.823
377.025 0.892
377.811 0.786
378.536 0.725
379.294 0.758
380.151 0.857
380.987 0.836
381.826 0.839
382.779 0.953
383.724 0.945
384.574 0.85
385.451 0.877
386.353 0.902
387.194 0.841
387.996 0.802
388.838 0.842
389.715 0.877
390.519 0.804
391.378 0.859
392.309 0.931
393.209 0.9
394.055 0.846
394.949 0.894
395.89 0.941
396.763 0.873
397.606 0.843
398.469 0.863
399.363 0.894
400.17 0.807
400.99 0.82
401.871 0.881
402.764 0.893
403.563 0.799
404.401 0.838
405.282 0.881
406.043 0.761
406.755 0.712
407.451 0.696
408.124 0.673
408.848 0.724
409.577 0.729
410.286 0.709
411.046 0.76
411.855 0.809
412.629 0.774
413.411 0.782
414.238 0.827
415.005 0.767
415.713 0.708
416.444 0.731
417.239 0.795
418.047 0.808
418.835 0.788
419.717 0.882
420.656 0.939
421.49 0.834
422.352 0.862
423.205 0.853
424.001 0.796
424.809 0.808
425.723 0.914
426.645 0.922
427.477 0.832
428.361 0.884
429.295 0.934
430.157 0.862
431.035 0.878
431.94 0.905
432.784 0.844
433.613 0.829
434.418 0.805
435.189 0.771
435.917 0.728
436.692 0.775
437.607 0.915
438.469 0.862
439.353 0.884
440.315 0.962
441.283 0.968
442.209 0.926
443.159 0.95
444.102 0.943
444.936 0.834
445.751 0.815
446.589 0.838
447.396 0.807
448.133 0.737
448.88 0.747
449.699 0.819
450.621 0.922
451.453 0.832
452.314 0.861
453.235 0.921
454.139 0.904
455.001 0.862
455.904 0.903
456.766 0.862
457.53 0.764
458.319 0.789
459.151 0.832
459.964 0.813
460.759 0.795
461.614 0.855
462.558 0.944
463.477 0.919
464.388 0.911
465.337 0.949
466.306 0.969
467.218 0.912
468.128 0.91
469.053 0.925
469.979 0.926
470.825 0.846
471.674 0.849
472.519 0.845
473.339 0.82
474.117 0.778
474.939 0.822
475.819 0.88
476.682 0.863
477.521 0.839
478.448 0.927
479.384 0.936
480.234 0.85
481.12 0.886
482.028 0.908
482.905 0.877
483.722 0.817
484.565 0.843
485.419 0.854
486.175 0.756
486.891 0.716
487.628 0.737
488.41 0.782
489.157 0.747
489.869 0.712
490.574 0.705
491.265 0.691
491.995 0.73
492.731 0.736
493.431 0.7
494.171 0.74
494.95 0.779
495.717 0.767
496.495 0.778
497.299 0.804
498.107 0.808
498.903 0.796
499.618 0.715
500.345 0.727
501.13 0.785
502.051 0.921
502.873 0.822
503.725 0.852
504.632 0.907
505.509 0.877
506.294 0.785
507.13 0.836
508.028 0.898
508.852 0.824
509.66 0.808
510.476 0.816
511.254 0.778
511.959 0.705
512.653 0.694
513.332 0.679
513.998 0.666
514.639 0.641
515.27 0.631
515.91 0.64
516.581 0.671
517.272 0.691
517.958 0.686
518.652 0.694
519.377 0.725
520.071 0.694
520.809 0.738
521.587 0.778
522.377 0.79
523.123 0.746
523.904 0.781
524.739 0.835
525.487 0.748
526.217 0.73
526.996 0.779
527.849 0.853
528.633 0.784
529.463 0.83
530.405 0.942
531.353 0.948
532.18 0.827
533.043 0.863
533.966 0.923
534.841 0.875
535.678 0.837
536.564 0.886
537.463 0.899
538.252 0.789
539.058 0.806
539.917 0.859
540.74 0.823
541.496 0.756
542.263 0.767
543.093 0.83
543.931 0.838
544.703 0.772
545.542 0.839
546.419 0.877
547.194 0.775
547.99 0.796
548.85 0.86
549.669 0.819
550.468 0.799
551.344 0.876
552.248 0.904
553.039 0.791
553.876 0.837
554.77 0.894
555.602 0.832
556.38 0.778
557.179 0.799
557.948 0.769
558.663 0.715
559.398 0.735
560.195 0.797
561.077 0.882
561.879 0.802
562.708 0.829
563.611 0.903
564.492 0.881
565.325 0.833
566.21 0.885
567.012 0.802
567.785 0.773
568.698 0.913
569.592 0.894
570.485 0.893
571.386 0.901
572.241 0.855
573.077 0.836
573.904 0.827
574.645 0.741
575.391 0.746
576.15 0.759
576.973 0.823
577.904 0.931
578.744 0.84
579.669 0.925
580.631 0.962
581.592 0.961
582.439 0.847
583.249 0.81
584.066 0.817
584.866 0.8
585.61 0.744
586.355 0.745
587.162 0.807
588.051 0.889
588.878 0.827
589.712 0.834
590.57 0.858
591.33 0.76
592.106 0.776
592.915 0.809
593.689 0.774
594.433 0.744
595.232 0.799
596.105 0.873
596.907 0.802
597.755 0.848
598.629 0.874
599.51 0.881
600.308 0.798
601.134 0.826
601.996 0.862
602.833 0.837
603.606 0.773
604.402 0.796
605.271 0.869
606.116 0.845
606.943 0.827
607.847 0.904
608.766 0.919
609.603 0.837
610.489 0.886
611.408 0.919
612.271 0.863
613.089 0.818
613.939 0.85
614.806 0.867
615.602 0.796
616.42 0.818
617.319 0.899
618.084 0.765
618.821 0.737
619.589 0.768
620.457 0.868
621.324 0.867
622.151 0.827
623.059 0.908
623.966 0.907
624.763 0.797
625.562 0.799
626.377 0.815
627.155 0.778
627.933 0.778
628.756 0.823
629.63 0.874
630.442 0.812
631.291 0.849
632.199 0.908
633.074 0.875
633.909 0.835
634.735 0.826
635.529 0.794
636.272 0.743
637.025 0.753
637.817 0.792
638.636 0.819
639.404 0.768
640.224 0.82
641.105 0.881
641.95 0.845
642.754 0.804
643.602 0.848
644.501 0.899
645.349 0.848
646.141 0.792
646.954 0.813
647.834 0.88
648.677 0.843
649.446 0.769
650.248 0.802
651.092 0.844
651.965 0.873
652.756 0.791
653.564 0.808
654.442 0.878
655.33 0.888
656.107 0.777
656.883 0.776
657.711 0.828
658.545 0.834
659.3 0.755
660.013 0.713
660.717 0.704
661.423 0.706
662.237 0.814
662.983 0.746
663.794 0.811
664.642 0.848
665.418 0.776
666.228 0.81
667.116 0.888
667.957 0.841
668.733 0.776
669.554 0.821
670.424 0.87
671.232 0.808
672.005 0.773
672.883 0.878
673.869 0.986
674.83 0.961
675.731 0.901