0.000 0.756
0.756 0.756
1.514 0.758
2.263 0.749
3.076 0.813
3.914 0.838
4.671 0.757
5.443 0.772
6.248 0.805
6.975 0.727
7.692 0.717
8.411 0.719
9.137 0.726
9.88 0.743
10.592 0.712
11.301 0.709
12.042 0.741
12.842 0.8
13.625 0.783
14.364 0.739
15.113 0.749
15.937 0.824
21.999 0.842
22.84 0.841
23.621 0.781
24.345 0.724
25.058 0.713
25.76 0.702
26.469 0.709
27.302 0.833
28.097 0.795
28.901 0.804
29.776 0.875
30.61 0.834
31.356 0.746
32.132 0.776
32.956 0.824
33.73 0.774
34.468 0.738
35.258 0.79
36.145 0.887
36.921 0.776
37.741 0.82
38.636 0.895
39.44 0.804
40.286 0.846
41.24 0.954
42.085 0.845
42.895 0.81
43.79 0.895
44.638 0.848
45.434 0.796
46.356 0.922
47.262 0.906
48.087 0.825
48.984 0.897
49.889 0.905
50.689 0.8
51.58 0.891
52.401 0.821
53.16 0.759
53.975 0.815
54.866 0.891
55.68 0.814
56.566 0.886
57.529 0.963
58.468 0.939
59.277 0.809
60.125 0.848
60.992 0.867
61.767 0.775
62.563 0.796
63.436 0.873
64.334 0.898
65.132 0.798
65.951 0.819
66.836 0.885
67.703 0.867
68.467 0.764
69.3 0.833
70.235 0.935
71.034 0.799
71.839 0.805
72.708 0.869
73.531 0.823
74.427 0.896
75.338 0.911
76.15 0.812
77.005 0.855
77.936 0.931
78.812 0.876
79.63 0.818
80.519 0.889
81.421 0.902
82.245 0.824
83.106 0.861
83.979 0.873
84.785 0.806
85.641 0.856
86.548 0.907
87.369 0.821
88.165 0.796
89.002 0.837
89.811 0.809
90.615 0.804
91.486 0.871
92.358 0.872
93.132 0.774
93.903 0.771
94.644 0.741
95.359 0.715
96.07 0.711
96.756 0.686
97.478 0.722
98.262 0.784
99.013 0.751
99.803 0.79
100.648 0.845
101.433 0.785
102.264 0.831
103.134 0.87
103.932 0.798
104.768 0.836
105.597 0.829
106.377 0.78
107.206 0.829
108.064 0.858
108.849 0.785
109.702 0.853
110.577 0.875
111.384 0.807
112.278 0.894
113.156 0.878
114.003 0.847
114.897 0.894
115.763 0.866
116.608 0.845
117.408 0.8
118.193 0.785
118.924 0.731
119.651 0.727
120.413 0.762
121.192 0.779
122.012 0.82
122.926 0.914
123.855 0.929
124.717 0.862
125.651 0.934
126.489 0.838
127.273 0.784
128.06 0.787
128.859 0.799
129.671 0.812
130.404 0.733
131.146 0.742
131.866 0.72
132.62 0.754
133.4 0.78
134.199 0.799
134.955 0.756
135.744 0.789
136.545 0.801
137.323 0.778
138.129 0.806
138.959 0.83
139.78 0.821
140.624 0.844
141.513 0.889
142.401 0.888
143.204 0.803
144.03 0.826
144.871 0.841
145.686 0.815
146.475 0.789
147.308 0.833
148.196 0.888
149.097 0.901
149.954 0.857
150.885 0.931
151.796 0.911
152.657 0.861
153.439 0.782
154.216 0.777
154.993 0.777
155.773 0.78
156.525 0.752
157.311 0.786
158.17 0.859
159.014 0.844
159.885 0.871
160.789 0.904
161.609 0.82
162.415 0.806
163.212 0.797
164.012 0.8
164.782 0.77
165.496 0.714
166.191 0.695
166.891 0.7
167.651 0.76
168.511 0.86
169.35 0.839
170.202 0.852
171.112 0.91
171.975 0.863
172.823 0.848
173.73 0.907
174.593 0.863
175.404 0.811
176.204 0.8
176.953 0.749
177.69 0.737
178.398 0.708
179.126 0.728
179.932 0.806
180.721 0.789
181.544 0.823
182.465 0.921
183.423 0.958
184.396 0.973
185.389 0.993
186.357 0.968
187.182 0.825
187.927 0.745
188.68 0.753
189.446 0.766
190.245 0.799
190.989 0.744
191.754 0.765
192.635 0.881
193.64 1.005
194.542 0.902
195.4 0.858
196.33 0.93
197.284 0.954
198.184 0.9
199.065 0.881
199.952 0.887
200.844 0.892
201.675 0.831
202.501 0.826
203.372 0.871
204.3 0.928
205.213 0.913
206.039 0.826
206.909 0.87
207.822 0.913
208.695 0.873
209.495 0.8
210.341 0.846
211.226 0.885
212.098 0.872
212.872 0.774
213.608 0.736
214.343 0.735
215.09 0.747
215.871 0.781
216.657 0.786
217.552 0.895
218.463 0.911
219.305 0.842
220.184 0.879
221.078 0.894
221.934 0.856
222.746 0.812
223.617 0.871
224.523 0.906
225.354 0.831
226.147 0.793
226.979 0.832
227.853 0.874
228.696 0.843
229.465 0.769
230.231 0.766
231.064 0.833
232.041 0.977
232.882 0.841
233.788 0.906
234.759 0.971
235.679 0.92
236.511 0.832
237.395 0.884
238.296 0.901
239.149 0.853
239.925 0.776
240.75 0.825
241.617 0.867
242.478 0.861
243.273 0.795
244.087 0.814
244.884 0.797
245.705 0.821
246.429 0.724
247.138 0.709
247.832 0.694
248.535 0.703
249.353 0.818
250.298 0.945
251.166 0.868
252.112 0.946
253.115 1.003
254.023 0.908
254.974 0.951
255.956 0.982
256.903 0.947
257.796 0.893
258.734 0.938
259.724 0.99
260.609 0.885
261.526 0.917
262.506 0.98
263.504 0.998
264.386 0.882
265.327 0.941
266.309 0.982
267.263 0.954
268.091 0.828
268.957 0.866
269.905 0.948
270.839 0.934
271.731 0.892
272.687 0.956
273.688 1.001
274.634 0.946
275.493 0.859
276.267 0.774
277.032 0.765
277.82 0.788
278.677 0.857
279.51 0.833
280.296 0.786
281.135 0.839
282.077 0.942
283.085 1.008
284.101 1.016
285.104 1.003
286.034 0.93
286.851 0.817
287.609 0.758
288.368 0.759
289.104 0.736
289.822 0.718
290.526 0.704
291.295 0.769
292.083 0.788
292.9 0.817
293.833 0.933
294.822 0.989
295.693 0.871
296.573 0.88
297.442 0.869
298.302 0.86
299.074 0.772
299.864 0.79
300.642 0.778
301.385 0.743
302.191 0.806
303.156 0.965
304.004 0.848
304.91 0.906
305.831 0.921
306.756 0.925
307.557 0.801
308.325 0.768
309.112 0.787
309.916 0.804
310.675 0.759
311.456 0.781
312.184 0.728
312.904 0.72
313.692 0.788
314.529 0.837
315.264 0.735
316.073 0.809
316.83 0.757
317.574 0.744
318.316 0.742
319.046 0.73
319.805 0.759
320.601 0.796
321.322 0.721
322.039 0.717
322.802 0.763
323.673 0.871
324.552 0.879
325.433 0.881
326.269 0.836
327.027 0.758
327.738 0.711
328.447 0.709
329.168 0.721
329.928 0.76
330.647 0.719
331.41 0.763
332.255 0.845
333.159 0.904
333.975 0.816
334.888 0.913
335.859 0.971
336.837 0.978
337.745 0.908
338.681 0.936
339.6 0.919
340.422 0.822
341.257 0.835
342.115 0.858
342.951 0.836
343.763 0.812
344.713 0.95
345.632 0.919
346.538 0.906
347.482 0.944
348.387 0.905
349.216 0.829
350.121 0.905
351.125 1.004
352.169 1.044
353.043 0.874
353.977 0.934
354.953 0.976
355.837 0.884
356.637 0.8
357.456 0.819
358.35 0.894
359.199 0.849
359.976 0.777
360.8 0.824
361.723 0.923
362.693 0.97
363.547 0.854
364.432 0.885
365.371 0.939
366.225 0.854
367.092 0.867
367.988 0.896
368.817 0.829
369.61 0.793
370.442 0.832
371.284 0.842
372.078 0.794
372.945 0.867
373.881 0.936
374.771 0.89
375.56 0.789
376.377 0.817
377.272 0.895
378.151 0.879
379.029 0.878
379.988 0.959
380.903 0.915
381.791 0.888
382.717 0.926
383.616 0.899
384.463 0.847
385.362 0.899
386.373 1.011
387.412 1.039
388.304 0.892
389.081 0.777
389.843 0.762
390.63 0.787
391.407 0.777
392.134 0.727
392.838 0.704
393.535 0.697
394.22 0.685
394.93 0.71
395.697 0.767
396.415 0.718
397.148 0.733
397.934 0.786
398.725 0.791
399.479 0.754
400.313 0.834
401.188 0.875
402.042 0.854
402.794 0.752
403.518 0.724
404.265 0.747
405.029 0.764
405.796 0.767
406.546 0.75
407.389 0.843
408.397 1.008
409.262 0.865
410.192 0.93
411.194 1.002
412.161 0.967
413.037 0.876
413.988 0.951
414.967 0.979
415.847 0.88
416.752 0.905
417.706 0.954
418.629 0.923
419.574 0.945
420.591 1.017
421.578 0.987
422.479 0.901
423.41 0.931
424.286 0.876
425.06 0.774
425.86 0.8
426.73 0.87
427.703 0.973
428.564 0.861
429.458 0.894
430.387 0.929
431.254 0.867
432.086 0.832
433.024 0.938
433.951 0.927
434.8 0.849
435.724 0.924
436.697 0.973
437.605 0.908
438.523 0.918
439.49 0.967
440.448 0.958
441.32 0.872
442.214 0.894
443.069 0.855
443.825 0.756
444.547 0.722
445.256 0.709
445.956 0.7
446.651 0.695
447.42 0.769
447.945 0.525
448.208 0.263
448.906 0.698
449.704 0.798
450.621 0.917
451.607 0.986
452.585 0.978
453.523 0.938
454.39 0.867
455.267 0.877
456.167 0.9
457.006 0.839
457.874 0.868
458.751 0.877
459.704 0.953
460.655 0.951
461.508 0.853
462.393 0.885
463.347 0.954
464.326 0.979
464.866 0.54
465.158 0.292
466.01 0.852
466.899 0.889
467.841 0.942
468.686 0.845
469.546 0.86
470.495 0.949
471.164 0.669
472.237 1.073
473.193 0.956
474.165 0.972
474.969 0.804
475.772 0.803
476.57 0.798
477.377 0.807
477.65 0.273
478.137 0.487
478.911 0.774
479.777 0.866
480.713 0.936
481.555 0.842
482.397 0.842
483.267 0.87
484.189 0.922
485.005 0.816
485.823 0.818
486.706 0.883
487.349 0.643
487.61 0.261
488.306 0.696
489.308 1.002
490.254 0.946
491.137 0.883
491.981 0.844
492.895 0.914
493.82 0.925
494.425 0.605
494.685 0.26
495.587 0.902
496.513 0.926
497.312 0.799
498.303 0.991
499.218 0.915
500.129 0.911
500.975 0.846
501.862 0.887
502.75 0.888
503.575 0.825
504.324 0.749
505.078 0.754
505.816 0.738
506.531 0.715
507.304 0.773
508.184 0.88
509.013 0.829
509.521 0.508
509.842 0.321
510.734 0.892
511.656 0.922
512.524 0.868
512.776 0.252
513.327 0.551
514.167 0.84
515.035 0.868
515.594 0.559
515.865 0.271
516.577 0.712
517.498 0.921
518.4 0.902
518.679 0.279
519.255 0.576
519.51 0.255
520.146 0.636
521.083 0.937
522.036 0.953
522.492 0.456
523.758 1.266
524.55 0.792
525.024 0.474
525.28 0.256
525.622 0.342
525.965 0.343
526.256 0.291
526.536 0.28
526.788 0.252
527.3 0.512
527.568 0.268
528.24 0.672
531.945 3.705
533.056 1.111
536.015 2.959
536.4 0.385
537.209 0.809
537.464 0.255
538.948 1.484
539.22 0.272
539.744 0.524
540.593 0.849
541.286 0.693
541.869 0.583
542.39 0.521
542.823 0.433
543.223 0.4
544.101 0.878
544.995 0.894
545.746 0.751
546.003 0.257
546.662 0.659
547.475 0.813
548.975 1.5
549.444 0.469
550.208 0.764
550.966 0.758
551.473 0.507
551.815 0.342
552.187 0.372
552.506 0.319
553.319 0.813
554.139 0.82
555.012 0.873
555.278 0.266
555.851 0.573
556.178 0.327
556.561 0.383
557.069 0.508
557.353 0.284
558.31 0.957
559.179 0.869
559.464 0.285
560.765 1.301
561.628 0.863
562.443 0.815
563.129 0.686
563.41 0.281
563.737 0.327
564.0 0.263
564.255 0.255
564.726 0.471
565.206 0.48
566.226 1.02
566.528 0.302
567.016 0.488
567.47 0.454
568.379 0.909
569.265 0.886
570.091 0.826
570.373 0.282
570.655 0.282
570.95 0.295
571.334 0.384
571.633 0.299
572.031 0.398
572.305 0.274
573.061 0.756
573.828 0.767
574.118 0.29
574.413 0.295
574.904 0.491
575.225 0.321
575.632 0.407
576.216 0.584
576.591 0.375
577.002 0.411
577.449 0.447
577.794 0.345
578.632 0.838
579.734 1.102
580.216 0.482
580.537 0.321
581.215 0.678
582.615 1.4
582.872 0.257