0.000 0.627
0.627 0.627
1.228 0.601
2.456 1.228
3.085 0.629
3.695 0.61
4.306 0.611
4.915 0.609
5.548 0.633
6.185 0.637
6.799 0.614
7.399 0.6
7.982 0.583
8.557 0.575
9.14 0.583
9.73 0.59
10.326 0.596
10.643 0.317
10.91 0.267
11.497 0.587
12.073 0.576
12.646 0.573
13.213 0.567
13.78 0.567
14.345 0.565
14.909 0.564
15.475 0.566
15.937 0.462
16.603 0.666
17.147 0.544
17.695 0.548
18.233 0.538
18.774 0.541
19.305 0.531
19.834 0.529
20.362 0.528
20.89 0.528
21.416 0.526
21.943 0.527
22.478 0.535
23.018 0.54
23.564 0.546
24.107 0.543
24.651 0.544
25.208 0.557
25.784 0.576
26.37 0.586
26.968 0.598
27.583 0.615
28.23 0.647
28.978 0.748
29.729 0.751
30.383 0.654
31.011 0.628
31.679 0.668
32.641 0.962
33.473 0.832
34.232 0.759
34.925 0.693
35.57 0.645
36.175 0.605
36.767 0.592
37.354 0.587
37.934 0.58
38.509 0.575
39.079 0.57
39.641 0.562
40.209 0.568
40.785 0.576
41.362 0.577
41.936 0.574
42.519 0.583
43.122 0.603
43.729 0.607
44.328 0.599
44.916 0.588
45.518 0.602
46.118 0.6
46.708 0.59
47.296 0.588
47.898 0.602
48.56 0.662
49.566 1.006
50.468 0.902
51.251 0.783
51.997 0.746
52.696 0.699
53.374 0.678
54.016 0.642
54.64 0.624
55.261 0.621
55.905 0.644
56.595 0.69
57.264 0.669
57.948 0.684
58.706 0.758
59.426 0.72
60.076 0.65
60.711 0.635
61.358 0.647
62.039 0.681
62.756 0.717
63.522 0.766
64.352 0.83
65.152 0.8
65.904 0.752
66.587 0.683
67.268 0.681
67.927 0.659
68.644 0.717
69.307 0.663
69.928 0.621
70.527 0.599
71.107 0.58
71.68 0.573
72.273 0.593
72.893 0.62
73.538 0.645
74.233 0.695
75.226 0.993
76.01 0.784
76.704 0.694
77.334 0.63
77.942 0.608
78.55 0.608
79.149 0.599
79.736 0.587
80.319 0.583
80.915 0.596
81.599 0.684
82.612 1.013
83.497 0.885
84.278 0.781
85.033 0.755
85.784 0.751
86.518 0.734
87.198 0.68
87.842 0.644
88.489 0.647
89.174 0.685
89.87 0.696
90.523 0.653
91.165 0.642
91.913 0.748
92.782 0.869
93.554 0.772
94.324 0.77
95.101 0.777
95.829 0.728
96.507 0.678
97.174 0.667
97.854 0.68
98.591 0.737
99.52 0.929
100.265 0.745
100.992 0.727
101.715 0.723
102.412 0.697
103.065 0.653
103.702 0.637
104.373 0.671
105.075 0.702
105.88 0.805
106.649 0.769
107.336 0.687
108.0 0.664
108.695 0.695
109.454 0.759
110.134 0.68
110.757 0.623
111.359 0.602
111.96 0.601
112.558 0.598
113.14 0.582
113.723 0.583
114.31 0.587
114.89 0.58
115.463 0.573
116.036 0.573
116.616 0.58
117.231 0.615
117.882 0.651
118.537 0.655
119.158 0.621
119.816 0.658
120.507 0.691
121.183 0.676
121.862 0.679
122.566 0.704
123.322 0.756
124.08 0.758
124.831 0.751
125.6 0.769
126.343 0.743
127.02 0.677
127.667 0.647
128.301 0.634
128.951 0.65
129.629 0.678
130.294 0.665
130.94 0.646
131.607 0.667
132.275 0.668
132.951 0.676
133.635 0.684
134.315 0.68
134.967 0.652
135.608 0.641
136.255 0.647
136.94 0.685
137.621 0.681
138.284 0.663
138.95 0.666
139.662 0.712
140.457 0.795
141.227 0.77
141.937 0.71
142.64 0.703
143.349 0.709
144.08 0.731
144.755 0.675
145.406 0.651
146.045 0.639
146.688 0.643
147.333 0.645
147.961 0.628
148.59 0.629
149.263 0.673
150.133 0.87
150.889 0.756
151.585 0.696
152.258 0.673
152.923 0.665
153.569 0.646
154.198 0.629
154.823 0.625
155.465 0.642
156.181 0.716
156.942 0.761
157.605 0.663
158.264 0.659
158.936 0.672
159.68 0.744
160.43 0.75
161.103 0.673
161.751 0.648
162.392 0.641
163.042 0.65
163.698 0.656
164.335 0.637
164.978 0.643
165.634 0.656
166.294 0.66
166.925 0.631
167.546 0.621
168.16 0.614
168.786 0.626
169.456 0.67
170.144 0.688
170.818 0.674
171.526 0.708
172.409 0.883
173.162 0.753
173.862 0.7
174.569 0.707
175.293 0.724
176.05 0.757
176.769 0.719
177.431 0.662
178.082 0.651
178.759 0.677
179.535 0.776
180.435 0.9
181.207 0.772
181.944 0.737
182.684 0.74
183.46 0.776
184.285 0.825
185.028 0.743
185.723 0.695
186.407 0.684
187.093 0.686
187.836 0.743
188.58 0.744
189.246 0.666
189.9 0.654
190.557 0.657
191.226 0.669
191.922 0.696
192.617 0.695
193.264 0.647
193.919 0.655
194.598 0.679
195.296 0.698
195.971 0.675
196.632 0.661
197.287 0.655
197.926 0.639
198.565 0.639
199.195 0.63
199.807 0.612
200.409 0.602
201.009 0.6
201.609 0.6
202.204 0.595
202.788 0.584
203.362 0.574
203.943 0.581
204.53 0.587
205.117 0.587
205.696 0.579
206.263 0.567
206.837 0.574
207.411 0.574
207.989 0.578
208.566 0.577
209.139 0.573
209.713 0.574
210.281 0.568
210.843 0.562
211.409 0.566
211.986 0.577
212.599 0.613
213.257 0.658
213.92 0.663
214.581 0.661
215.274 0.693
215.996 0.722
216.679 0.683
217.392 0.713
218.164 0.772
218.904 0.74
219.621 0.717
220.392 0.771
221.132 0.74
221.894 0.762
222.728 0.834
223.551 0.823
224.306 0.755
225.026 0.72
225.789 0.763
226.522 0.733
227.198 0.676
227.832 0.634
228.49 0.658
229.137 0.647
229.763 0.626
230.38 0.617
230.996 0.616
231.611 0.615
232.224 0.613
232.843 0.619
233.471 0.628
234.133 0.662
234.795 0.662
235.482 0.687
236.199 0.717
236.909 0.71
237.656 0.747
238.467 0.811
239.256 0.789
239.99 0.734
240.746 0.756
241.552 0.806
242.303 0.751
243.023 0.72
243.764 0.741
244.57 0.806
245.412 0.842
246.169 0.757
246.89 0.721
247.622 0.732
248.395 0.773
249.207 0.812
249.972 0.765
250.754 0.782
251.522 0.768
252.247 0.725
252.916 0.669
253.566 0.65
254.225 0.659
254.908 0.683
255.547 0.639
256.172 0.625
256.785 0.613
257.395 0.61
258.01 0.615
258.606 0.596
259.188 0.582
259.765 0.577
260.335 0.57
260.895 0.56
261.451 0.556
262.001 0.55
262.546 0.545
263.082 0.536
263.62 0.538
264.155 0.535
264.687 0.532
265.214 0.527
265.734 0.52
266.254 0.52
266.771 0.517
267.287 0.516
267.802 0.515
268.314 0.512
268.826 0.512
269.338 0.512
269.852 0.514
270.368 0.516
270.887 0.519
271.409 0.522
271.936 0.527
272.47 0.534
273.007 0.537
273.554 0.547
274.12 0.566
274.73 0.61
275.422 0.692
276.175 0.753
276.8 0.625
277.402 0.602
277.999 0.597
278.601 0.602
279.203 0.602
279.788 0.585
280.365 0.577
280.941 0.576
281.525 0.584
282.121 0.596
282.704 0.583
283.281 0.577
283.853 0.572
284.429 0.576
285.014 0.585
285.61 0.596
286.204 0.594
286.797 0.593
287.393 0.596
288.016 0.623
288.668 0.652
289.304 0.636
289.937 0.633
290.58 0.643
291.24 0.66
291.899 0.659
292.533 0.634
293.169 0.636
293.813 0.644
294.461 0.648
295.082 0.621
295.705 0.623
296.324 0.619
296.956 0.632
297.579 0.623
298.197 0.618
298.822 0.625
299.472 0.65
300.139 0.667
300.801 0.662
301.48 0.679
302.177 0.697
302.866 0.689
303.52 0.654
304.181 0.661
304.844 0.663
305.51 0.666
306.155 0.645
306.784 0.629
307.415 0.631
308.057 0.642
308.732 0.675
309.375 0.643
310.016 0.641
310.665 0.649
311.326 0.661
311.97 0.644
312.604 0.634
313.246 0.642
313.907 0.661
314.555 0.648
315.192 0.637
315.831 0.639
316.479 0.648
317.157 0.678
317.81 0.653
318.448 0.638
319.09 0.642
319.747 0.657
320.381 0.634
320.998 0.617
321.605 0.607
322.212 0.607
322.839 0.627
323.552 0.713
324.259 0.707
324.94 0.681
325.638 0.698
326.377 0.739
327.068 0.691
327.736 0.668
328.405 0.669
329.093 0.688
329.832 0.739
330.5 0.668
331.144 0.644
331.779 0.635
332.424 0.645
333.109 0.685
333.789 0.68
334.451 0.662
335.128 0.677
335.871 0.743
336.596 0.725
337.299 0.703
338.017 0.718
338.746 0.729
339.42 0.674
340.098 0.678
340.784 0.686
341.482 0.698
342.145 0.663
342.814 0.669
343.491 0.677
344.192 0.701
344.853 0.661
345.515 0.662
346.179 0.664
346.882 0.703
347.56 0.678
348.21 0.65
348.865 0.655
349.558 0.693
350.329 0.771
351.067 0.738
351.754 0.687
352.436 0.682
353.133 0.697
353.788 0.655
354.427 0.639
355.058 0.631
355.683 0.625
356.297 0.614
356.905 0.608
357.49 0.585
358.073 0.583
358.66 0.587
359.267 0.607
359.879 0.612
360.474 0.595
361.068 0.594
361.689 0.621
362.376 0.687
363.119 0.743
363.812 0.693
364.451 0.639
365.075 0.624
365.705 0.63
366.411 0.706
367.355 0.944
368.255 0.9
369.13 0.875
369.961 0.831
370.704 0.743
371.438 0.734
372.169 0.731
372.888 0.719
373.57 0.682
374.24 0.67
374.913 0.673
375.599 0.686
376.272 0.673
376.921 0.649
377.575 0.654
378.24 0.665
378.969 0.729
379.666 0.697
380.331 0.665
380.996 0.665
381.682 0.686
382.368 0.686
383.02 0.652
383.67 0.65
384.335 0.665
385.019 0.684
385.724 0.705
386.391 0.667
387.055 0.664
387.726 0.671
388.428 0.702
389.097 0.669
389.742 0.645
390.374 0.632
391.006 0.632
391.667 0.661
392.37 0.703
393.121 0.751
393.79 0.669
394.448 0.658
395.11 0.662
395.804 0.694
396.506 0.702
397.17 0.664
397.825 0.655
398.486 0.661
399.16 0.674
399.838 0.678
400.504 0.666
401.139 0.635
401.78 0.641
402.441 0.661
403.128 0.687
403.787 0.659
404.441 0.654
405.114 0.673
405.814 0.7
406.485 0.671
407.152 0.667
407.805 0.653
408.444 0.639
409.053 0.609
409.65 0.597
410.239 0.589
410.817 0.578
411.389 0.572
411.968 0.579
412.559 0.591
413.153 0.594
413.746 0.593
414.348 0.602
414.975 0.627
415.626 0.651
416.262 0.636
416.9 0.638
417.561 0.661
418.273 0.712
418.928 0.655
419.555 0.627
420.17 0.615
420.777 0.607
421.378 0.601
421.972 0.594
422.57 0.598
423.188 0.618
423.805 0.617
424.43 0.625
425.075 0.645
425.731 0.656
426.39 0.659
427.036 0.646
427.691 0.655
428.355 0.664
429.017 0.662
429.659 0.642
430.31 0.651
430.972 0.662
431.654 0.682
432.32 0.666
432.994 0.674
433.694 0.7
434.415 0.721
435.113 0.698
435.794 0.681
436.471 0.677
437.148 0.677
437.795 0.647
438.448 0.653
439.131 0.683
439.886 0.755
440.661 0.775
441.365 0.704
442.057 0.692
442.741 0.684
443.43 0.689
444.109 0.679
444.809 0.7
445.562 0.753
446.341 0.779
447.038 0.697
447.714 0.676
448.392 0.678
449.095 0.703
449.758 0.663
450.407 0.649
451.06 0.653
451.779 0.719
452.636 0.857
453.398 0.762
454.15 0.752
454.928 0.778
455.695 0.767
456.39 0.695
457.066 0.676
457.712 0.646
458.355 0.643
459.001 0.646
459.641 0.64
460.274 0.633
460.908 0.634
461.597 0.689
462.324 0.727
463.042 0.718
463.815 0.773
464.66 0.845
465.403 0.743
466.144 0.741
466.879 0.735
467.604 0.725
468.283 0.679
468.962 0.679
469.667 0.705
470.391 0.724
471.122 0.731
471.8 0.678
472.488 0.688
473.202 0.714
473.942 0.74
474.632 0.69
475.316 0.684
476.001 0.685
476.714 0.713
477.393 0.679
478.068 0.675
478.752 0.684
479.454 0.702
480.132 0.678
480.796 0.664
481.473 0.677
482.168 0.695
482.882 0.714
483.586 0.704
484.34 0.754
485.156 0.816
485.89 0.734
486.56 0.67
487.193 0.633
487.812 0.619
488.418 0.606
489.016 0.598
489.616 0.6
490.226 0.61
490.83 0.604
491.442 0.612
492.076 0.634
492.744 0.668
493.382 0.638
494.0 0.618
494.608 0.608
495.209 0.601
495.822 0.613
496.447 0.625
497.073 0.626
497.695 0.622
498.323 0.628
498.969 0.646
499.641 0.672
500.32 0.679
500.999 0.679
501.691 0.692
502.424 0.733
503.17 0.746
503.901 0.731
504.577 0.676
505.236 0.659
505.882 0.646
506.533 0.651
507.213 0.68
507.901 0.688
508.556 0.655
509.206 0.65
509.868 0.662
510.574 0.706
511.256 0.682
511.921 0.665
512.6 0.679
513.304 0.704
513.979 0.675
514.633 0.654
515.28 0.647
515.945 0.665
516.629 0.684
517.274 0.645
517.923 0.649
518.586 0.663
519.294 0.708
519.994 0.7
520.66 0.666
521.333 0.673
522.048 0.715
522.783 0.735
523.451 0.668
524.127 0.676
524.823 0.696
525.535 0.712
526.214 0.679
526.885 0.671
527.574 0.689
528.267 0.693
528.919 0.652
529.551 0.632
530.181 0.63
530.817 0.636
531.481 0.664
532.182 0.701
532.904 0.722
533.568 0.664
534.216 0.648
534.868 0.652
535.492 0.624
536.109 0.617
536.747 0.638
537.416 0.669
538.112 0.696
538.796 0.684
539.5 0.704
540.241 0.741
540.971 0.73
541.665 0.694
542.366 0.701
543.071 0.705
543.734 0.663
544.388 0.654
545.045 0.657
545.709 0.664
546.395 0.686
547.043 0.648
547.702 0.659
548.389 0.687
549.107 0.718
549.813 0.706
550.512 0.699
551.201 0.689
551.914 0.713
552.592 0.678
553.255 0.663
553.925 0.67
554.615 0.69
555.306 0.691
555.968 0.662
556.627 0.659
557.318 0.691
558.058 0.74
558.772 0.714
559.445 0.673
560.132 0.687
560.863 0.731
561.658 0.795
562.404 0.746
563.101 0.697
563.789 0.688
564.51 0.721
565.25 0.74
565.935 0.685
566.613 0.678
567.329 0.716
568.092 0.763
568.859 0.767
569.566 0.707
570.251 0.685
570.95 0.699
571.651 0.701
572.401 0.75
573.083 0.682
573.742 0.659
574.408 0.666
575.112 0.704
575.802 0.69
576.457 0.655
577.095 0.638
577.752 0.657
578.43 0.678
579.118 0.688
579.787 0.669
580.432 0.645
581.081 0.649
581.744 0.663
582.408 0.664
583.056 0.648
583.708 0.652
584.381 0.673
585.064 0.683
585.722 0.658
586.379 0.657
587.055 0.676
587.752 0.697
588.437 0.685
589.097 0.66
589.759 0.662
590.443 0.684
591.157 0.714
591.831 0.674
592.507 0.676
593.203 0.696
593.921 0.718
594.617 0.696
595.281 0.664
595.953 0.672
596.672 0.719
597.43 0.758
598.132 0.702
598.801 0.669
599.49 0.689
600.22 0.73
600.968 0.748
601.688 0.72
602.414 0.726
603.12 0.706
603.776 0.656
604.407 0.631
605.024 0.617
605.659 0.635
606.292 0.633
606.907 0.615
607.517 0.61
608.12 0.603
608.739 0.619
609.357 0.618
609.967 0.61
610.581 0.614
611.211 0.63
611.861 0.65
612.51 0.649
613.177 0.667
613.856 0.679
614.61 0.754
615.344 0.734
616.036 0.692
616.73 0.694
617.432 0.702
618.09 0.658
618.732 0.642
619.363 0.631
620.027 0.664
620.704 0.677
621.344 0.64
621.971 0.627
622.598 0.627
623.242 0.644