0.000 0.541
0.541 0.541
1.084 0.543
1.621 0.537
2.159 0.538
3.242 1.083
3.785 0.543
4.326 0.541
4.867 0.541
5.412 0.545
5.958 0.546
6.515 0.557
7.077 0.562
7.634 0.557
8.195 0.561
8.754 0.559
9.308 0.554
9.868 0.56
10.431 0.563
11.0 0.569
11.564 0.564
12.134 0.57
12.703 0.569
13.281 0.578
13.855 0.574
14.43 0.575
15.007 0.577
15.568 0.561
16.123 0.555
16.672 0.549
17.225 0.553
17.774 0.549
18.322 0.548
18.874 0.552
19.431 0.557
19.991 0.56
20.553 0.562
21.107 0.554
21.655 0.548
22.203 0.548
22.752 0.549
23.304 0.552
23.859 0.555
24.42 0.561
24.986 0.566
25.56 0.574
26.133 0.573
26.693 0.56
27.251 0.558
27.793 0.542
28.335 0.542
28.871 0.536
29.406 0.535
29.934 0.528
30.461 0.527
30.985 0.524
31.507 0.522
32.025 0.518
32.547 0.522
33.07 0.523
33.601 0.531
34.142 0.541
34.702 0.56
35.304 0.602
35.927 0.623
36.519 0.592
37.149 0.63
37.817 0.668
38.435 0.618
39.063 0.628
39.691 0.628
40.313 0.622
40.928 0.615
41.548 0.62
42.142 0.594
42.719 0.577
43.292 0.573
43.853 0.561
44.423 0.57
45.001 0.578
45.59 0.589
46.195 0.605
46.804 0.609
47.412 0.608
48.022 0.61
48.63 0.608
49.227 0.597
49.816 0.589
50.416 0.6
51.023 0.607
51.622 0.599
52.211 0.589
52.785 0.574
53.361 0.576
53.942 0.581
54.523 0.581
55.103 0.58
55.678 0.575
56.251 0.573
56.815 0.564
57.377 0.562
57.942 0.565
58.51 0.568
59.081 0.571
59.652 0.571
60.219 0.567
60.784 0.565
61.366 0.582
61.963 0.597
62.566 0.603
63.174 0.608
63.778 0.604
64.375 0.597
64.956 0.581
65.522 0.566
66.089 0.567
66.655 0.566
67.225 0.57
67.792 0.567
68.361 0.569
68.926 0.565
69.498 0.572
70.078 0.58
70.669 0.591
71.263 0.594
71.854 0.591
72.443 0.589
73.024 0.581
73.608 0.584
74.197 0.589
74.789 0.592
75.375 0.586
75.96 0.585
76.537 0.577
77.115 0.578
77.694 0.579
78.273 0.579
78.852 0.579
79.42 0.568
79.98 0.56
80.537 0.557
81.087 0.55
81.637 0.55
82.196 0.559
82.765 0.569
83.339 0.574
83.918 0.579
84.505 0.587
85.096 0.591
85.695 0.599
86.298 0.603
86.901 0.603
87.503 0.602
88.102 0.599
88.691 0.589
89.278 0.587
89.872 0.594
90.462 0.59
91.051 0.589
91.636 0.585
92.212 0.576
92.789 0.577
93.374 0.585
93.965 0.591
94.562 0.597
95.161 0.599
95.757 0.596
96.345 0.588
96.925 0.58
97.499 0.574
98.081 0.582
98.668 0.587
99.256 0.588
99.841 0.585
100.423 0.582
100.995 0.572
101.571 0.576
102.151 0.58
102.733 0.582
103.314 0.581
103.893 0.579
104.468 0.575
105.043 0.575
105.62 0.577
106.205 0.585
106.795 0.59
107.378 0.583
107.961 0.583
108.538 0.577
109.109 0.571
109.671 0.562
110.233 0.562
110.793 0.56
111.352 0.559
111.914 0.562
112.478 0.564
113.039 0.561
113.603 0.564
114.17 0.567
114.741 0.571
115.314 0.573
115.888 0.574
116.463 0.575
117.037 0.574
117.602 0.565
118.165 0.563
118.725 0.56
119.284 0.559
119.844 0.56
120.398 0.554
120.949 0.551
121.493 0.544
122.036 0.543
122.584 0.548
123.134 0.55
123.685 0.551
124.245 0.56
124.812 0.567
125.386 0.574
125.96 0.574
126.525 0.565
127.082 0.557
127.639 0.557
128.195 0.556
128.745 0.55
129.287 0.542
129.832 0.545
130.372 0.54
130.911 0.539
131.447 0.536
131.983 0.536
132.525 0.542
133.068 0.543
133.611 0.543
134.159 0.548
134.71 0.551
135.261 0.551
135.817 0.556
136.374 0.557
136.938 0.564
137.515 0.577
138.094 0.579
138.675 0.581
139.262 0.587
139.842 0.58
140.425 0.583
141.018 0.593
141.603 0.585
142.185 0.582
142.769 0.584
143.356 0.587
143.936 0.58
144.509 0.573
145.087 0.578
145.664 0.577
146.235 0.571
146.799 0.564
147.367 0.568
147.934 0.567
148.494 0.56
149.055 0.561
149.617 0.562
150.185 0.568
150.763 0.578
151.346 0.583
151.924 0.578
152.507 0.583
153.093 0.586
153.685 0.592
154.278 0.593
154.875 0.597
155.467 0.592
156.056 0.589
156.645 0.589
157.237 0.592
157.832 0.595
158.43 0.598
159.023 0.593
159.61 0.587
160.199 0.589
160.788 0.589
161.381 0.593
161.974 0.593
162.562 0.588
163.154 0.592
163.747 0.593
164.349 0.602
164.949 0.6
165.546 0.597
166.138 0.592
166.733 0.595
167.329 0.596
167.925 0.596
168.519 0.594
169.111 0.592
169.699 0.588
170.292 0.593
170.887 0.595
171.485 0.598
172.076 0.591
172.665 0.589
173.251 0.586
173.843 0.592
174.441 0.598
175.039 0.598
175.639 0.6
176.237 0.598
176.831 0.594
177.417 0.586
178.01 0.593
178.626 0.616
179.259 0.633
179.901 0.642
180.524 0.623
181.143 0.619
181.753 0.61
182.349 0.596
182.939 0.59
183.526 0.587
184.113 0.587
184.694 0.581
185.278 0.584
185.883 0.605
186.544 0.661
187.236 0.692
187.95 0.714
188.662 0.712
189.362 0.7
190.003 0.641
190.659 0.656
191.289 0.63
191.901 0.612
192.502 0.601
193.094 0.592
193.674 0.58
194.247 0.573
194.823 0.576
195.408 0.585
196.015 0.607
196.638 0.623
197.274 0.636
197.915 0.641
198.551 0.636
199.183 0.632
199.805 0.622
200.417 0.612
201.019 0.602
201.614 0.595
202.2 0.586
202.782 0.582
203.364 0.582
203.964 0.6
204.591 0.627
205.23 0.639
205.864 0.634
206.493 0.629
207.114 0.621
207.727 0.613
208.34 0.613
208.944 0.604
209.539 0.595
210.124 0.585
210.702 0.578
211.276 0.574
211.853 0.577
212.43 0.577
213.008 0.578
213.598 0.59
214.225 0.627
214.892 0.667
215.58 0.688
216.278 0.698
216.968 0.69
217.63 0.662
218.279 0.649
218.902 0.623
219.512 0.61
220.113 0.601
220.71 0.597
221.303 0.593
221.894 0.591
222.479 0.585
223.062 0.583
223.648 0.586
224.25 0.602
224.865 0.615
225.49 0.625
226.117 0.627
226.737 0.62
227.352 0.615
227.954 0.602
228.547 0.593
229.133 0.586
229.711 0.578
230.283 0.572
230.858 0.575
231.433 0.575
232.009 0.576
232.588 0.579
233.169 0.581
233.75 0.581
234.329 0.579
234.909 0.58
235.487 0.578
236.064 0.577
236.637 0.573
237.211 0.574
237.788 0.577
238.376 0.588
238.974 0.598
239.567 0.593
240.163 0.596
240.757 0.594
241.355 0.598
241.949 0.594
242.538 0.589
243.12 0.582
243.698 0.578
244.294 0.596
244.941 0.647
245.601 0.66
246.255 0.654
246.862 0.607
247.485 0.623
248.1 0.615
248.71 0.61
249.309 0.599
249.913 0.604
250.527 0.614
251.134 0.607
251.742 0.608
252.36 0.618
253.017 0.657
253.75 0.733
254.522 0.772
255.275 0.753
255.988 0.713
256.643 0.655
257.28 0.637
257.893 0.613
258.497 0.604
259.097 0.6
259.692 0.595
260.282 0.59
260.87 0.588
261.462 0.592
262.072 0.61
262.74 0.668
263.478 0.738
264.23 0.752
264.987 0.757
265.719 0.732
266.385 0.666
267.052 0.667
267.7 0.648
268.313 0.613
268.912 0.599
269.505 0.593
270.096 0.591
270.678 0.582
271.257 0.579
271.835 0.578
272.437 0.602
273.105 0.668
273.799 0.694
274.495 0.696
275.179 0.684
275.817 0.638
276.461 0.644
277.079 0.618
277.685 0.606
278.285 0.6
278.878 0.593
279.47 0.592
280.056 0.586
280.638 0.582
281.219 0.581
281.803 0.584
282.406 0.603
283.031 0.625
283.679 0.648
284.341 0.662
285.0 0.659
285.642 0.642
286.266 0.624
286.878 0.612
287.484 0.606
288.088 0.604
288.69 0.602
289.29 0.6
289.887 0.597
290.484 0.597
291.091 0.607
291.726 0.635
292.401 0.675
293.088 0.687
293.771 0.683
294.438 0.667
295.084 0.646
295.711 0.627
296.33 0.619
296.943 0.613
297.548 0.605
298.151 0.603
298.751 0.6
299.347 0.596
299.943 0.596
300.54 0.597
301.156 0.616
301.8 0.644
302.469 0.669
303.145 0.676
303.815 0.67
304.461 0.646
305.091 0.63
305.709 0.618
306.318 0.609
306.92 0.602
307.519 0.599
308.117 0.598
308.718 0.601
309.315 0.597
309.918 0.603
310.537 0.619
311.181 0.644
311.844 0.663
312.514 0.67
313.174 0.66
313.816 0.642
314.441 0.625
315.055 0.614
315.66 0.605
316.262 0.602
316.861 0.599
317.454 0.593
318.043 0.589
318.635 0.592
319.237 0.602
319.847 0.61
320.459 0.612
321.068 0.609
321.671 0.603
322.272 0.601
322.873 0.601
323.47 0.597
324.065 0.595
324.667 0.602
325.265 0.598
325.861 0.596
326.458 0.597
327.052 0.594
327.642 0.59
328.232 0.59
328.822 0.59
329.408 0.586
329.994 0.586
330.581 0.587
331.169 0.588
331.758 0.589
332.346 0.588
332.94 0.594
333.532 0.592
334.122 0.59
334.712 0.59
335.3 0.588
335.889 0.589
336.476 0.587
337.059 0.583
337.646 0.587
338.232 0.586
338.82 0.588
339.41 0.59
339.994 0.584
340.581 0.587
341.168 0.587
341.755 0.587
342.351 0.596
342.944 0.593
343.536 0.592
344.125 0.589
344.715 0.59
345.304 0.589
345.894 0.59
346.489 0.595
347.095 0.606
347.699 0.604
348.298 0.599
348.907 0.609
349.503 0.596
350.105 0.602
350.703 0.598
351.303 0.6
351.903 0.6
352.504 0.601
353.101 0.597
353.702 0.601
354.308 0.606
354.91 0.602
355.521 0.611
356.132 0.611
356.754 0.622
357.375 0.621
357.989 0.614
358.597 0.608
359.199 0.602
359.796 0.597
360.388 0.592
360.981 0.593
361.575 0.594
362.169 0.594
362.756 0.587
363.346 0.59
363.943 0.597
364.538 0.595
365.139 0.601
365.739 0.6
366.348 0.609
366.937 0.589
367.528 0.591
368.12 0.592
368.711 0.591
369.302 0.591
369.888 0.586
370.473 0.585
371.06 0.587
371.644 0.584
372.23 0.586
372.813 0.583
373.396 0.583
373.982 0.586
374.581 0.599
375.175 0.594
375.773 0.598
376.372 0.599
376.966 0.594
377.572 0.606
378.155 0.583
378.756 0.601
379.335 0.579
379.914 0.579
380.489 0.575
381.06 0.571
381.63 0.57
382.192 0.562
382.755 0.563
383.318 0.563
383.885 0.567
384.454 0.569
385.033 0.579
385.62 0.587
386.189 0.569
386.79 0.601
387.374 0.584
387.948 0.574
388.529 0.581
389.111 0.582
389.7 0.589
390.293 0.593
390.876 0.583
391.47 0.594
392.064 0.594
392.655 0.591
393.245 0.59
393.833 0.588
394.419 0.586
395.005 0.586
395.585 0.58
396.166 0.581
396.747 0.581
397.317 0.57
397.887 0.57
398.456 0.569
399.026 0.57
399.594 0.568
400.157 0.563
400.72 0.563
401.28 0.56
401.833 0.553
402.386 0.553
402.934 0.548
403.487 0.553
404.044 0.557
404.647 0.603
405.257 0.61
405.887 0.63
406.515 0.628
407.106 0.591
407.726 0.62
408.343 0.617
408.96 0.617
409.563 0.603
410.158 0.595
410.746 0.588
411.334 0.588
411.923 0.589
412.513 0.59
413.101 0.588
413.688 0.587
414.281 0.593
414.89 0.609
415.512 0.622
416.132 0.62
416.75 0.618
417.359 0.609
417.972 0.613
418.588 0.616
419.215 0.627
419.847 0.632
420.475 0.628
421.101 0.626
421.726 0.625
422.352 0.626
422.983 0.631
423.623 0.64
424.261 0.638
424.895 0.634
425.523 0.628
426.143 0.62
426.761 0.618
427.375 0.614
427.992 0.617
428.604 0.612
429.22 0.616
429.833 0.613
430.44 0.607
431.049 0.609
431.649 0.6
432.247 0.598
432.841 0.594
433.432 0.591
434.028 0.596
434.631 0.603
435.229 0.598
435.832 0.603
436.427 0.595
437.015 0.588
437.605 0.59
438.195 0.59
438.793 0.598
439.401 0.608
440.01 0.609
440.628 0.618
441.231 0.603
441.846 0.615
442.484 0.638
443.132 0.648
443.803 0.671
444.465 0.662
445.126 0.661
445.758 0.632
446.395 0.637
447.022 0.627
447.655 0.633
448.295 0.64
448.935 0.64
449.56 0.625
450.18 0.62
450.792 0.612
451.408 0.616
452.029 0.621
452.654 0.625
453.271 0.617
453.892 0.621
454.51 0.618
455.134 0.624
455.765 0.631
456.399 0.634
457.041 0.642
457.679 0.638
458.308 0.629
458.926 0.618
459.547 0.621
460.154 0.607
460.762 0.608
461.369 0.607
461.988 0.619
462.603 0.615
463.199 0.596
463.791 0.592
464.379 0.588
464.965 0.586
465.548 0.583
466.128 0.58
466.704 0.576
467.281 0.577
467.861 0.58
468.435 0.574
469.008 0.573
469.587 0.579
470.164 0.577
470.742 0.578
471.331 0.589
471.92 0.589
472.507 0.587
473.094 0.587
473.686 0.592
474.278 0.592
474.865 0.587
475.454 0.589
476.038 0.584
476.622 0.584
477.206 0.584
477.792 0.586
478.38 0.588
478.97 0.59
479.554 0.584
480.14 0.586
480.728 0.588
481.328 0.6
481.929 0.601
482.529 0.6
483.127 0.598
483.721 0.594
484.309 0.588
484.893 0.584
485.477 0.584
486.06 0.583
486.645 0.585
487.231 0.586
487.814 0.583
488.403 0.589
488.999 0.596
489.601 0.602
490.2 0.599
490.805 0.605
491.421 0.616
492.043 0.622
492.669 0.626
493.29 0.621
493.908 0.618
494.518 0.61
495.114 0.596
495.714 0.6
496.31 0.596
496.903 0.593
497.495 0.592
498.082 0.587
498.668 0.586
499.252 0.584
499.834 0.582
500.416 0.582
500.997 0.581
501.576 0.579
502.159 0.583
502.746 0.587
503.333 0.587
503.928 0.595
504.525 0.597
505.122 0.597
505.717 0.595
506.311 0.594
506.897 0.586
507.481 0.584
508.053 0.572
508.623 0.57
509.186 0.563
509.747 0.561
510.307 0.56
510.868 0.561
511.433 0.565
512.001 0.568
512.573 0.572
513.149 0.576
513.725 0.576
514.302 0.577
514.88 0.578
515.464 0.584
516.052 0.588
516.644 0.592
517.237 0.593
517.836 0.599
518.442 0.606
519.054 0.612
519.669 0.615
520.274 0.605
520.883 0.609
521.483 0.6
522.083 0.6
522.685 0.602
523.288 0.603
523.902 0.614
524.512 0.61
525.121 0.609
525.733 0.612
526.343 0.61
526.952 0.609
527.566 0.614
528.179 0.613
528.561 0.382
529.405 0.844
530.023 0.618
530.642 0.619
531.282 0.64
531.932 0.65
532.582 0.65
533.229 0.647
533.867 0.638
534.506 0.639
535.137 0.631
535.755 0.618
536.367 0.612
536.974 0.607
537.581 0.607
538.186 0.605
538.793 0.607
539.398 0.605
540.0 0.602
540.595 0.595
541.194 0.599
541.792 0.598
542.392 0.6
542.994 0.602
543.603 0.609
544.21 0.607
544.829 0.619
545.47 0.641
546.081 0.611
546.718 0.637
547.361 0.643
547.986 0.625
548.619 0.633
549.245 0.626
549.862 0.617
550.48 0.618
551.093 0.613
551.696 0.603
552.29 0.594
552.878 0.588
553.465 0.587
554.051 0.586
554.645 0.594
555.237 0.592
555.83 0.593
556.428 0.598
557.032 0.604
557.646 0.614
558.009 0.363
558.279 0.27
558.876 0.597
559.349 0.473
559.62 0.271
560.07 0.45
560.652 0.582
560.953 0.301
561.243 0.29
561.851 0.608
562.459 0.608
562.868 0.409
563.156 0.288
563.702 0.546
564.19 0.488
564.577 0.387
564.944 0.367
565.401 0.457
566.202 0.801
566.824 0.622
567.446 0.622
568.059 0.613
568.671 0.612
569.28 0.609
569.897 0.617
570.516 0.619
571.145 0.629
571.783 0.638
572.446 0.663
573.093 0.647
573.735 0.642
574.362 0.627
574.983 0.621
575.602 0.619
576.217 0.615
576.821 0.604
577.419 0.598
578.012 0.593
578.608 0.596
579.203 0.595
579.796 0.593
580.391 0.595
580.992 0.601
581.61 0.618
582.227 0.617
582.867 0.64
583.494 0.627
584.138 0.644
584.775 0.637
585.439 0.664
586.055 0.616
586.683 0.628
587.307 0.624
587.931 0.624
588.55 0.619
589.169 0.619
589.785 0.616
590.398 0.613
591.009 0.611
591.618 0.609
592.219 0.601
592.827 0.608
593.439 0.612
594.047 0.608
594.661 0.614
595.273 0.612
595.904 0.631
596.428 0.524
597.134 0.706
597.752 0.618
598.372 0.62
598.999 0.627
599.265 0.266
599.617 0.352
600.23 0.613
600.845 0.615
601.46 0.615
602.078 0.618
602.693 0.615
603.322 0.629
603.622 0.3
603.935 0.313
604.558 0.623
605.174 0.616
605.811 0.637
606.415 0.604
607.022 0.607
607.625 0.603
608.231 0.606
608.836 0.605
609.438 0.602
610.039 0.601
610.666 0.627
611.286 0.62
611.882 0.596
612.532 0.65
613.165 0.633