0.000 1.027
1.027 1.027
2.056 1.029
3.087 1.031
4.05 0.963
5.027 0.977
6.027 1.0
7.051 1.024
8.034 0.983
9.002 0.968
9.991 0.989
10.97 0.979
11.905 0.935
12.846 0.941
13.806 0.96
14.755 0.949
15.694 0.939
16.678 0.984
17.695 1.017
18.682 0.987
19.707 1.025
20.723 1.016
21.73 1.007
22.706 0.976
23.696 0.99
24.669 0.973
25.647 0.978
26.647 1.0
27.654 1.007
28.652 0.998
29.622 0.97
30.627 1.005
31.647 1.02
32.672 1.025
33.665 0.993
34.655 0.99
35.662 1.007
36.676 1.014
37.654 0.978
38.664 1.01
39.708 1.044
40.77 1.062
41.79 1.02
42.805 1.015
43.82 1.015
44.844 1.024
45.847 1.003
46.874 1.027
47.931 1.057
48.999 1.068
50.043 1.044
51.076 1.033
52.093 1.017
53.079 0.986
54.093 1.014
55.099 1.006
56.079 0.98
57.08 1.001
58.079 0.999
59.021 0.942
59.952 0.931
60.838 0.886
61.776 0.938
62.699 0.923
63.619 0.92
64.567 0.948
65.538 0.971
66.53 0.992
67.523 0.993
68.538 1.015
69.583 1.045
70.612 1.029
71.614 1.002
72.651 1.037
73.719 1.068
74.783 1.064
75.791 1.008
76.799 1.008
77.826 1.027
78.859 1.033
79.852 0.993
80.861 1.009
81.896 1.035
82.934 1.038
83.947 1.013
84.926 0.979
85.913 0.987
86.916 1.003
87.947 1.031
88.945 0.998
89.953 1.008
90.985 1.032
92.031 1.046
93.041 1.01
94.055 1.014
95.071 1.016
96.086 1.015
97.089 1.003
98.084 0.995
99.056 0.972
100.053 0.997
101.08 1.027
102.114 1.034
103.104 0.99
104.112 1.008
105.143 1.031
106.191 1.048
107.218 1.027
108.206 0.988
109.223 1.017
110.24 1.017
111.233 0.993
112.234 1.001
113.285 1.051
114.334 1.049
115.369 1.035
116.375 1.006
117.401 1.026
118.432 1.031
119.446 1.014
120.448 1.002
121.479 1.031
122.528 1.049
123.587 1.059
124.606 1.019
125.631 1.025
126.67 1.039
127.709 1.039
128.725 1.016
129.755 1.03
130.773 1.018
131.785 1.012
132.814 1.029
133.849 1.035
134.888 1.039
135.891 1.003
136.897 1.006
137.892 0.995
138.884 0.992
139.891 1.007
140.87 0.979
141.878 1.008
142.907 1.029
143.925 1.018
144.933 1.008
145.935 1.002
146.931 0.996
147.93 0.999
148.891 0.961
149.883 0.992
150.892 1.009
151.905 1.013
152.885 0.98
153.879 0.994
154.858 0.979
155.784 0.926
156.695 0.911
157.662 0.967
158.633 0.971
159.572 0.939
160.535 0.963
161.51 0.975
162.488 0.978
163.442 0.954
164.42 0.978
165.401 0.981
166.356 0.955
167.324 0.968
168.328 1.004
169.349 1.021
170.342 0.993
171.348 1.006
172.356 1.008
173.36 1.004
174.369 1.009
175.364 0.995
176.365 1.001
177.348 0.983
178.29 0.942
179.229 0.939
180.19 0.961
181.165 0.975
182.123 0.958
183.093 0.97
184.085 0.992
185.095 1.01
186.071 0.976
187.052 0.981
188.034 0.982
189.01 0.976
189.974 0.964
190.934 0.96
191.874 0.94
192.742 0.868
193.623 0.881
194.544 0.921
195.534 0.99
196.515 0.981
197.505 0.99
198.501 0.996
199.505 1.004
200.487 0.982
201.51 1.023
202.518 1.008
203.55 1.032
204.573 1.023
205.586 1.013
206.597 1.011
207.591 0.994
208.59 0.999
209.562 0.972
210.526 0.964
211.515 0.989
212.485 0.97
213.465 0.98
214.462 0.997
215.453 0.991
216.455 1.002
217.452 0.997
218.395 0.943
219.336 0.941
220.302 0.966
221.27 0.968
222.231 0.961
223.183 0.952
224.148 0.965
225.107 0.959
226.055 0.948
226.99 0.935
227.871 0.881
228.747 0.876
229.677 0.93
230.632 0.955
231.599 0.967
232.539 0.94
233.473 0.934
234.379 0.906
235.264 0.885
236.176 0.912
237.15 0.974
238.121 0.971
239.101 0.98
240.108 1.007
241.131 1.023
242.152 1.021
243.168 1.016
244.168 1.0
245.173 1.005
246.191 1.018
247.174 0.983
248.175 1.001
249.177 1.002
250.167 0.99
251.137 0.97
252.105 0.968
253.103 0.998
254.106 1.003
255.14 1.034
256.164 1.024
257.181 1.017
258.179 0.998
259.195 1.016
260.222 1.027
261.251 1.029
262.248 0.997
263.252 1.004
264.259 1.007
265.253 0.994
266.21 0.957
267.167 0.957
268.134 0.967
269.101 0.967
270.043 0.942
271.008 0.965
271.987 0.979
272.952 0.965
273.918 0.966
274.898 0.98
275.879 0.981
276.828 0.949
277.774 0.946
278.715 0.941
279.659 0.944
280.583 0.924
281.522 0.939
282.47 0.948
283.437 0.967
284.37 0.933
285.317 0.947
286.276 0.959
287.234 0.958
288.174 0.94
289.132 0.958
290.1 0.968
291.059 0.959
291.985 0.926
292.931 0.946
293.876 0.945
294.811 0.935
295.724 0.913
296.659 0.935
297.611 0.952
298.576 0.965
299.518 0.942
300.479 0.961
301.449 0.97
302.425 0.976
303.377 0.952
304.341 0.964
305.316 0.975
306.301 0.985
307.282 0.981
308.262 0.98
309.221 0.959
310.194 0.973
311.173 0.979
312.152 0.979
313.107 0.955
314.076 0.969
315.056 0.98
316.041 0.985
317.016 0.975
317.962 0.946
318.849 0.887
319.682 0.833
320.534 0.852
321.459 0.925
322.44 0.981
323.438 0.998
324.407 0.969
325.337 0.93
326.264 0.927
327.192 0.928
328.127 0.935
329.046 0.919
329.972 0.926
330.915 0.943
331.88 0.965
332.829 0.949
333.8 0.971
334.801 1.001
335.807 1.006
336.777 0.97
337.753 0.976
338.724 0.971
339.69 0.966
340.621 0.931
341.56 0.939
342.508 0.948
343.472 0.964
344.412 0.94
345.365 0.953
346.33 0.965
347.291 0.961
348.26 0.969
349.214 0.954
350.142 0.928
351.083 0.941
352.031 0.948
352.991 0.96
353.959 0.968
354.911 0.952
355.86 0.949
356.827 0.967
357.81 0.983
358.802 0.992
359.787 0.985
360.746 0.959
361.713 0.967
362.686 0.973
363.655 0.969
364.625 0.97
365.602 0.977
366.57 0.968
367.536 0.966
368.473 0.937
369.39 0.917
370.328 0.938
371.291 0.963
372.281 0.99
373.271 0.99
374.247 0.976
375.189 0.942
376.136 0.947
377.088 0.952
378.033 0.945
378.97 0.937
379.907 0.937
380.849 0.942
381.791 0.942
382.709 0.918
383.635 0.926
384.584 0.949
385.551 0.967
386.5 0.949
387.429 0.929
388.379 0.95
389.35 0.971
390.344 0.994
391.305 0.961
392.257 0.952
393.253 0.996
394.266 1.013
395.275 1.009
396.238 0.963
397.211 0.973
398.2 0.989
399.203 1.003
400.175 0.972
401.139 0.964
402.12 0.981
403.115 0.995
404.106 0.991
405.04 0.934
405.974 0.934
406.885 0.911
407.741 0.856
408.575 0.834
409.454 0.879
410.382 0.928
411.351 0.969
412.303 0.952
413.237 0.934
414.139 0.902
414.989 0.85
415.801 0.812
416.725 0.924
417.725 1.0
418.706 0.981
419.712 1.006
420.749 1.037
421.785 1.036
422.809 1.024
423.824 1.015
424.828 1.004
425.837 1.009
426.812 0.975
427.733 0.921
428.645 0.912
429.585 0.94
430.571 0.986
431.596 1.025
432.633 1.037
433.665 1.032
434.681 1.016
435.658 0.977
436.614 0.956
437.582 0.968
438.564 0.982
439.563 0.999
440.539 0.976
441.499 0.96
442.466 0.967
443.465 0.999
444.434 0.969
445.409 0.975
446.352 0.943
447.27 0.918
448.205 0.935
449.165 0.96
450.144 0.979
451.099 0.955
452.043 0.944
452.987 0.944
453.935 0.948
454.889 0.954
455.797 0.908
456.684 0.887
457.588 0.904
458.52 0.932
459.455 0.935
460.386 0.931
461.338 0.952
462.314 0.976
463.307 0.993
464.256 0.949
465.199 0.943
466.14 0.941
467.098 0.958
468.055 0.957
468.99 0.935
469.923 0.933
470.869 0.946
471.838 0.969
472.797 0.959
473.76 0.963
474.747 0.987
475.735 0.988
476.71 0.975
477.692 0.982
478.675 0.983
479.646 0.971
480.588 0.942
481.521 0.933
482.346 0.825
483.199 0.853
484.086 0.887
485.018 0.932
485.954 0.936
486.882 0.928
487.835 0.953
488.797 0.962
489.728 0.931
490.656 0.928
491.59 0.934
492.538 0.948
493.459 0.921
494.384 0.925
495.33 0.946
496.302 0.972
497.237 0.935
498.178 0.941
499.127 0.949
500.09 0.963
501.02 0.93
501.971 0.951
502.935 0.964
503.897 0.962
504.855 0.958
505.8 0.945
506.724 0.924
507.617 0.893
508.522 0.905
509.455 0.933
510.416 0.961
511.363 0.947
512.316 0.953
513.315 0.999
514.317 1.002
515.341 1.024
516.336 0.995
517.342 1.006
518.329 0.987
519.271 0.942
520.22 0.949
521.134 0.914
522.055 0.921
522.967 0.912
523.877 0.91
524.785 0.908
525.682 0.897
526.617 0.935
527.587 0.97
528.553 0.966
529.493 0.94
530.438 0.945
531.407 0.969
532.377 0.97
533.311 0.934
534.255 0.944
535.22 0.965
536.21 0.99
537.181 0.971
538.155 0.974
539.129 0.974
540.073 0.944
541.011 0.938
541.932 0.921
542.797 0.865
543.638 0.841
544.508 0.87
545.44 0.932
546.439 0.999
547.392 0.953
548.343 0.951
549.319 0.976
550.302 0.983
551.268 0.966
552.228 0.96
553.172 0.944
554.133 0.961
555.059 0.926
555.961 0.902
556.862 0.901
557.811 0.949
558.746 0.935
559.676 0.93
560.644 0.968
561.641 0.997
562.597 0.956
563.569 0.972
564.533 0.964
565.473 0.94
566.412 0.939
567.341 0.929
568.235 0.894
569.134 0.899
570.084 0.95
571.034 0.95
571.949 0.915
572.886 0.937
573.824 0.938
574.768 0.944
575.708 0.94
576.644 0.936
577.586 0.942
578.535 0.949
579.45 0.915
580.386 0.936
581.32 0.934
582.248 0.928
583.157 0.909
584.066 0.909
584.988 0.922
585.885 0.897
586.792 0.907
587.747 0.955
588.721 0.974
589.701 0.98
590.683 0.982
591.646 0.963
592.591 0.945
593.553 0.962
594.529 0.976
595.519 0.99
596.498 0.979
597.474 0.976
598.428 0.954
599.326 0.898
600.232 0.906
601.131 0.899
602.029 0.898
602.928 0.899
603.863 0.935
604.842 0.979
605.811 0.969
606.771 0.96
607.75 0.979
608.727 0.977
609.653 0.926
610.581 0.928
611.48 0.899
612.358 0.878
613.26 0.902
614.178 0.918
615.132 0.954
616.087 0.955
617.061 0.974
618.045 0.984
619.035 0.99
619.995 0.96