0.000 1.081
1.081 1.081
2.085 1.004
3.131 1.046
4.175 1.044
5.181 1.006
6.18 0.999
7.187 1.007
8.166 0.979
9.162 0.996
10.131 0.969
11.04 0.909
11.977 0.937
12.94 0.963
13.875 0.935
14.824 0.949
15.811 0.987
16.822 1.011
17.745 0.923
18.697 0.952
19.641 0.944
20.598 0.957
21.525 0.927
22.489 0.964
23.504 1.015
24.587 1.083
25.623 1.036
26.664 1.041
27.737 1.073
28.823 1.086
29.899 1.076
30.984 1.085
32.012 1.028
33.054 1.042
34.137 1.083
35.222 1.085
36.252 1.03
37.331 1.079
38.474 1.143
39.62 1.146
40.69 1.07
41.814 1.124
42.968 1.154
44.088 1.12
45.138 1.05
46.223 1.085
47.343 1.12
48.47 1.127
49.523 1.053
50.614 1.091
51.709 1.095
52.701 0.992
53.694 0.993
54.645 0.951
55.591 0.946
56.631 1.04
57.738 1.107
58.811 1.073
59.816 1.005
60.86 1.044
61.934 1.074
63.014 1.08
64.054 1.04
65.086 1.032
66.162 1.076
67.272 1.11
68.367 1.095
69.394 1.027
70.454 1.06
71.533 1.079
72.626 1.093
73.682 1.056
74.769 1.087
75.864 1.095
76.897 1.033
77.945 1.048
79.016 1.071
80.12 1.104
81.202 1.082
82.213 1.011
83.249 1.036
84.33 1.081
85.441 1.111
86.51 1.069
87.574 1.064
88.675 1.101
89.796 1.121
90.852 1.056
91.863 1.011
92.892 1.029
93.892 1.0
94.949 1.057
96.021 1.072
97.083 1.062
98.148 1.065
99.226 1.078
100.283 1.057
101.274 0.991
102.281 1.007
103.319 1.038
104.38 1.061
105.389 1.009
106.454 1.065
107.554 1.1
108.573 1.019
109.614 1.041
110.666 1.052
111.719 1.053
112.72 1.001
113.749 1.029
114.812 1.063
115.903 1.091
116.977 1.074
118.036 1.059
119.048 1.012
120.081 1.033
121.121 1.04
122.169 1.048
123.176 1.007
124.193 1.017
125.259 1.066
126.36 1.101
127.428 1.068
128.511 1.083
129.615 1.104
130.737 1.122
131.806 1.069
132.867 1.061
133.981 1.114
135.116 1.135
136.236 1.12
137.301 1.065
138.388 1.087
139.497 1.109
140.61 1.113
141.685 1.075
142.741 1.056
143.837 1.096
144.943 1.106
146.017 1.074
147.126 1.109
148.245 1.119
149.334 1.089
150.373 1.039
151.447 1.074
152.521 1.074
153.568 1.047
154.642 1.074
155.728 1.086
156.814 1.086
157.851 1.037
158.932 1.081
160.048 1.116
161.083 1.035
162.136 1.053
163.235 1.099
164.323 1.088
165.331 1.008
166.36 1.029
167.418 1.058
168.494 1.076
169.531 1.037
170.599 1.068
171.707 1.108
172.801 1.094
173.821 1.02
174.866 1.045
175.883 1.017
176.824 0.941
177.73 0.906
178.6 0.87
179.537 0.937
180.54 1.003
181.591 1.051
182.634 1.043
183.611 0.977
184.616 1.005
185.663 1.047
186.725 1.062
187.737 1.012
188.76 1.023
189.778 1.018
190.824 1.046
191.864 1.04
192.857 0.993
193.901 1.044
194.982 1.081
196.038 1.056
197.043 1.005
198.069 1.026
199.094 1.025
200.121 1.027
201.107 0.986
202.121 1.014
203.174 1.053
204.25 1.076
205.287 1.037
206.349 1.062
207.413 1.064
208.463 1.05
209.474 1.011
210.507 1.033
211.537 1.03
212.577 1.04
213.605 1.028
214.589 0.984
215.592 1.003
216.608 1.016
217.633 1.025
218.627 0.994
219.616 0.989
220.628 1.012
221.656 1.028
222.69 1.034
223.679 0.989
224.687 1.008
225.72 1.033
226.755 1.035
227.749 0.994
228.741 0.992
229.761 1.02
230.782 1.021
231.773 0.991
232.778 1.005
233.802 1.024
234.823 1.021
235.815 0.992
236.825 1.01
237.808 0.983
238.754 0.946
239.75 0.996
240.79 1.04
241.767 0.977
242.731 0.964
243.763 1.032
244.796 1.033
245.783 0.987
246.745 0.962
247.713 0.968
248.698 0.985
249.66 0.962
250.639 0.979
251.628 0.989
252.618 0.99
253.565 0.947
254.553 0.988
255.567 1.014
256.593 1.026
257.64 1.047
258.71 1.07
259.749 1.039
260.725 0.976
261.713 0.988
262.717 1.004
263.69 0.973
264.707 1.017
265.755 1.048
266.776 1.021
267.829 1.053
268.864 1.035
269.871 1.007
270.876 1.005
271.868 0.992
272.872 1.004
273.878 1.006
274.854 0.976
275.834 0.98
276.815 0.981
277.769 0.954
278.695 0.926
279.674 0.979
280.695 1.021
281.736 1.041
282.695 0.959
283.574 0.879
284.448 0.874
285.317 0.869
286.219 0.902
287.129 0.91
288.008 0.879
288.927 0.919
289.891 0.964
290.832 0.941
291.736 0.904
292.628 0.892
293.546 0.918
294.52 0.974
295.561 1.041
296.622 1.061
297.655 1.033
298.636 0.981
299.583 0.947
300.529 0.946
301.477 0.948
302.407 0.93
303.39 0.983
304.436 1.046
305.481 1.045
306.512 1.031
307.524 1.012
308.552 1.028
309.583 1.031
310.571 0.988
311.589 1.018
312.593 1.004
313.592 0.999
314.527 0.935
315.509 0.982
316.486 0.977
317.464 0.978
318.502 1.038
319.516 1.014
320.483 0.967
321.443 0.96
322.366 0.923
323.288 0.922
324.231 0.943
325.147 0.916
326.072 0.925
326.999 0.927
327.946 0.947
328.915 0.969
329.79 0.875
330.636 0.846
331.486 0.85
332.405 0.919
333.383 0.978
334.416 1.033
335.427 1.011
336.444 1.017
337.451 1.007
338.445 0.994
339.426 0.981
340.442 1.016
341.493 1.051
342.542 1.049
343.543 1.001
344.51 0.967
345.488 0.978
346.499 1.011
347.563 1.064
348.63 1.067
349.695 1.065
350.728 1.033
351.727 0.999
352.709 0.982
353.74 1.031
354.794 1.054
355.823 1.029
356.836 1.013
357.855 1.019
358.853 0.998
359.812 0.959
360.743 0.931
361.669 0.926
362.638 0.969
363.652 1.014
364.689 1.037
365.714 1.025
366.708 0.994
367.667 0.959
368.618 0.951
369.58 0.962
370.568 0.988
371.578 1.01
372.61 1.032
373.633 1.023
374.633 1.0
375.609 0.976
376.572 0.963
377.566 0.994
378.579 1.013
379.605 1.026
380.643 1.038
381.673 1.03
382.664 0.991
383.649 0.985
384.656 1.007
385.705 1.049
386.768 1.063
387.814 1.046
388.838 1.024
389.821 0.983
390.78 0.959
391.762 0.982
392.757 0.995
393.766 1.009
394.764 0.998
395.698 0.934
396.597 0.899
397.457 0.86
398.305 0.848
399.175 0.87
400.126 0.951
401.139 1.013
402.19 1.051
403.267 1.077
404.323 1.056
405.314 0.991
406.29 0.976
407.27 0.98
408.269 0.999
409.269 1.0
410.275 1.006
411.257 0.982
412.216 0.959
413.186 0.97
414.198 1.012
415.249 1.051
416.278 1.029
417.297 1.019
418.286 0.989
419.26 0.974
420.201 0.941
421.148 0.947
422.117 0.969
423.101 0.984
424.097 0.996
425.069 0.972
426.034 0.965
427.007 0.973
427.953 0.946
428.857 0.904
429.767 0.91
430.712 0.945
431.722 1.01
432.756 1.034
433.762 1.006
434.744 0.982
435.789 1.045
436.872 1.083
437.947 1.075
438.975 1.028
439.947 0.972
440.909 0.962
441.889 0.98
442.88 0.991
443.858 0.978
444.868 1.01
445.895 1.027
446.886 0.991
447.86 0.974
448.866 1.006
449.883 1.017
450.903 1.02
451.894 0.991
452.914 1.02
453.964 1.05
455.031 1.067
456.06 1.029
457.055 0.995
458.084 1.029
459.12 1.036
460.159 1.039
461.163 1.004
462.118 0.955
463.084 0.966
464.067 0.983
465.067 1.0
466.067 1.0
467.039 0.972
467.994 0.955
468.985 0.991
469.979 0.994
470.921 0.942
471.831 0.91
472.709 0.878
473.588 0.879
474.472 0.884
475.395 0.923
476.366 0.971
477.308 0.942
478.278 0.97
479.274 0.996
480.265 0.991
481.265 1.0
482.241 0.976
483.204 0.963
484.139 0.935
485.021 0.882
485.949 0.928
486.933 0.984
487.93 0.997
488.956 1.026
489.972 1.016
490.96 0.988
491.939 0.979
492.964 1.025
494.012 1.048
494.99 0.978
495.973 0.983
496.95 0.977
497.935 0.985
498.905 0.97
499.857 0.952
500.849 0.992
501.86 1.011
502.867 1.007
503.817 0.95
504.802 0.985
505.811 1.009
506.829 1.018
507.788 0.959
508.754 0.966
509.703 0.949
510.629 0.926
511.513 0.884
512.373 0.86
513.259 0.886
514.187 0.928
515.138 0.951
516.159 1.021
517.209 1.05
518.247 1.038
519.264 1.017
520.296 1.032
521.321 1.025
522.302 0.981
523.3 0.998
524.296 0.996
525.279 0.983
526.208 0.929
527.107 0.899
528.03 0.923
528.976 0.946
529.942 0.966
530.883 0.941
531.87 0.987
532.901 1.031
533.942 1.041
534.928 0.986
535.926 0.998
536.927 1.001
537.865 0.938
538.817 0.952
539.777 0.96
540.749 0.972
541.671 0.922
542.617 0.946
543.579 0.962
544.545 0.966
545.482 0.937
546.454 0.972
547.381 0.927
548.357 0.976
549.317 0.96
550.323 1.006
551.366 1.043
552.374 1.008
553.376 1.002
554.391 1.015
555.397 1.006
556.377 0.98
557.334 0.957
558.315 0.981
559.303 0.988
560.295 0.992
561.257 0.962
562.263 1.006
563.296 1.033
564.334 1.038
565.323 0.989
566.338 1.015
567.367 1.029
568.382 1.015
569.333 0.951
570.252 0.919
571.183 0.931
572.097 0.914
573.005 0.908
573.961 0.956
574.921 0.96
575.898 0.977
576.898 1.0
577.884 0.986
578.826 0.942
579.795 0.969
580.766 0.971
581.749 0.983
582.692 0.943
583.667 0.975
584.622 0.955
585.602 0.98
586.602 1.0
587.575 0.973
588.572 0.997
589.543 0.971
590.532 0.989
591.532 1.0
592.492 0.96
593.43 0.938
594.373 0.943
595.332 0.959
596.258 0.926
597.183 0.925
598.102 0.919
598.999 0.897
599.958 0.959