0.000 0.89
0.89 0.89
1.626 0.736
2.412 0.786
3.235 0.823
4.027 0.792
4.754 0.727
5.543 0.789
6.511 0.968
7.41 0.899
8.28 0.87
9.166 0.886
9.99 0.824
10.751 0.761
11.503 0.752
12.285 0.782
13.752 1.467
14.771 1.019
15.706 0.935
16.643 0.937
17.517 0.874
18.349 0.832
19.29 0.941
20.206 0.916
21.128 0.922
22.126 0.998
23.047 0.921
23.834 0.787
24.664 0.83
25.46 0.796
26.249 0.789
26.986 0.737
27.693 0.707
28.414 0.721
29.103 0.689
29.794 0.691
30.575 0.781
31.384 0.809
32.34 0.956
33.219 0.879
34.133 0.914
35.019 0.886
35.819 0.8
36.662 0.843
37.565 0.903
38.445 0.88
39.403 0.958
40.363 0.96
41.264 0.901
42.239 0.975
43.078 0.839
43.839 0.761
44.662 0.823
45.424 0.762
46.276 0.852
47.168 0.892
47.978 0.81
48.786 0.808
49.675 0.889
50.52 0.845
51.379 0.859
52.281 0.902
53.092 0.811
53.941 0.849
54.78 0.839
55.531 0.751
56.301 0.77
57.105 0.804
57.972 0.867
58.83 0.858
59.725 0.895
60.586 0.861
61.44 0.854
62.297 0.857
63.101 0.804
63.87 0.769
64.592 0.722
65.263 0.671
65.984 0.721
66.823 0.839
67.72 0.897
68.643 0.923
69.532 0.889
70.438 0.906
71.282 0.844
72.121 0.839
73.012 0.891
73.877 0.865
74.728 0.851
75.621 0.893
76.493 0.872
77.38 0.887
78.271 0.891
79.122 0.851
79.961 0.839
80.791 0.83
81.71 0.919
82.631 0.921
83.492 0.861
84.336 0.844
85.224 0.888
86.14 0.916
86.99 0.85
87.836 0.846
88.676 0.84
89.495 0.819
90.314 0.819
91.108 0.794
91.958 0.85
92.786 0.828
93.704 0.918
94.564 0.86
95.295 0.731
96.003 0.708
96.696 0.693
97.363 0.667
98.037 0.674
98.854 0.817
99.722 0.868
100.666 0.944
101.558 0.892
102.368 0.81
103.182 0.814
104.008 0.826
104.788 0.78
105.563 0.775
106.379 0.816
107.234 0.855
108.035 0.801
108.815 0.78
109.607 0.792
110.405 0.798
111.26 0.855
112.158 0.898
113.024 0.866
113.901 0.877
114.762 0.861
115.562 0.8
116.353 0.791
117.14 0.787
117.897 0.757
118.632 0.735
119.402 0.77
120.201 0.799
121.034 0.833
121.934 0.9
122.796 0.862
123.652 0.856
124.529 0.877
125.346 0.817
126.156 0.81
126.975 0.819
127.732 0.757
128.48 0.748
129.251 0.771
130.033 0.782
130.847 0.814
131.708 0.861
132.591 0.883
133.453 0.862
134.322 0.869
135.205 0.883
136.022 0.817
136.845 0.823
137.683 0.838
138.494 0.811
139.317 0.823
140.162 0.845
141.001 0.839
141.818 0.817
142.668 0.85
143.565 0.897
144.398 0.833
145.22 0.822
146.034 0.814
146.808 0.774
147.601 0.793
148.412 0.811
149.202 0.79
149.973 0.771
150.742 0.769
151.504 0.762
152.254 0.75
153.007 0.753
153.752 0.745
154.489 0.737
155.231 0.742
155.985 0.754
156.72 0.735
157.435 0.715
158.094 0.659
158.765 0.671
159.523 0.758
160.358 0.835
161.173 0.815
161.976 0.803
162.808 0.832
163.649 0.841
164.433 0.784
165.149 0.716
165.864 0.715
166.608 0.744
167.39 0.782
168.198 0.808
169.067 0.869
169.958 0.891
170.848 0.89
171.762 0.914
172.616 0.854
173.451 0.835
174.272 0.821
175.068 0.796
175.851 0.783
176.681 0.83
177.568 0.887
178.474 0.906
179.351 0.877
180.224 0.873
181.023 0.799
181.84 0.817
182.67 0.83
183.475 0.805
184.292 0.817
185.119 0.827
185.937 0.818
186.717 0.78
187.511 0.794
188.295 0.784
189.094 0.799
189.934 0.84
190.733 0.799
191.525 0.792
192.334 0.809
193.111 0.777
193.874 0.763
194.639 0.765
195.385 0.746
196.113 0.728
196.839 0.726
197.638 0.799
198.497 0.859
199.344 0.847
200.182 0.838
201.031 0.849
201.856 0.825
202.621 0.765
203.376 0.755
204.133 0.757
204.87 0.737
205.632 0.762
206.418 0.786
207.273 0.855
208.116 0.843
208.963 0.847
209.856 0.893
210.741 0.885
211.561 0.82
212.358 0.797
213.188 0.83
213.987 0.799
214.775 0.788
215.61 0.835
216.512 0.902
217.348 0.836
218.185 0.837
219.022 0.837
219.794 0.772
220.507 0.713
221.175 0.668
221.838 0.663
222.506 0.668
223.17 0.664
223.835 0.665
224.619 0.784
225.477 0.858
226.311 0.834
227.091 0.78
227.871 0.78
228.638 0.767
229.366 0.728
230.098 0.732
230.868 0.77
231.682 0.814
232.493 0.811
233.334 0.841
234.206 0.872
235.059 0.853
235.88 0.821
236.701 0.821
237.545 0.844
238.357 0.812
239.176 0.819
240.005 0.829
240.791 0.786
241.584 0.793
242.444 0.86
243.31 0.866
244.15 0.84
245.031 0.881
245.869 0.838
246.703 0.834
247.547 0.844
248.391 0.844
249.214 0.823
250.039 0.825
250.882 0.843
251.72 0.838
252.554 0.834
253.155 0.601
254.126 0.971
254.878 0.752
255.605 0.727
256.328 0.723
257.027 0.699
257.748 0.721
258.454 0.706
258.805 0.351
259.14 0.335
259.822 0.682
260.816 0.994
261.715 0.899
262.609 0.894
263.485 0.876
264.331 0.846
265.141 0.81
265.899 0.758
266.7 0.801
267.55 0.85
268.417 0.867
269.162 0.745
269.91 0.748
270.702 0.792
271.495 0.793
272.345 0.85
273.205 0.86
274.066 0.861
274.903 0.837
275.721 0.818
276.49 0.769
277.26 0.77
278.048 0.788
278.876 0.828
279.709 0.833
280.595 0.886
281.501 0.906
282.357 0.856
283.18 0.823
284.019 0.839
284.829 0.81
285.663 0.834
286.522 0.859
287.338 0.816
288.099 0.761
288.87 0.771
289.654 0.784
290.298 0.644
290.56 0.262
290.841 0.281
291.241 0.4
291.776 0.535
292.452 0.676
293.791 1.339
294.497 0.706
295.2 0.703
295.992 0.792
296.824 0.832
297.636 0.812
298.425 0.789
298.911 0.486
299.201 0.29
299.95 0.749
300.668 0.718
301.372 0.704
302.108 0.736
302.885 0.777
303.685 0.8
304.514 0.829
305.363 0.849
306.186 0.823
307.05 0.864
307.778 0.728
308.753 0.975
309.557 0.804
310.337 0.78
311.104 0.767
311.922 0.818
312.756 0.834
313.554 0.798
314.296 0.742
315.027 0.731
315.786 0.759
316.601 0.815
317.426 0.825
318.284 0.858
319.159 0.875
320.039 0.88
320.845 0.806
321.643 0.798
322.406 0.763
323.158 0.752
323.924 0.766
324.717 0.793
325.529 0.812
326.349 0.82
326.867 0.518
327.817 0.95
328.517 0.7
329.189 0.672
329.898 0.709
330.644 0.746
331.447 0.803
332.282 0.835
333.077 0.795
333.839 0.762
334.63 0.791
335.416 0.786
336.146 0.73
336.885 0.739
337.641 0.756
338.414 0.773
339.196 0.782
339.978 0.782
340.747 0.769
341.487 0.74
342.014 0.527
342.37 0.356
342.621 0.251
343.492 0.871
344.178 0.686
344.512 0.334
344.936 0.424
345.213 0.277
345.475 0.262
345.774 0.299
346.327 0.553
346.801 0.474
347.075 0.274
347.786 0.711
348.491 0.705
349.224 0.733
350.018 0.794
350.31 0.292
350.795 0.485
351.563 0.768
352.165 0.602
352.823 0.658
353.132 0.309
353.412 0.28
354.441 1.029
355.27 0.829
356.102 0.832
356.965 0.863
357.475 0.51
357.784 0.309
358.126 0.342
358.474 0.348
359.155 0.681
359.992 0.837
360.252 0.26
360.8 0.548
361.07 0.27
361.86 0.79
362.133 0.273
362.749 0.616
363.009 0.26
363.509 0.5
363.873 0.364
364.43 0.557
365.927 1.497
368.069 2.142
369.266 1.197
370.66 1.394
371.408 0.748
372.182 0.774
372.435 0.253
372.926 0.491
373.604 0.678
374.094 0.49
374.429 0.335
374.687 0.258
374.969 0.282
376.477 1.508
377.109 0.632
377.364 0.255
378.1 0.736
378.778 0.678
379.239 0.461
379.491 0.252
379.809 0.318
380.092 0.283
381.559 1.467
381.867 0.308
382.258 0.391
382.544 0.286
383.552 1.008
383.824 0.272
384.775 0.951
385.482 0.707
386.149 0.667
386.767 0.618
387.055 0.288
387.456 0.401
387.734 0.278
388.02 0.286
388.302 0.282
388.61 0.308
389.236 0.626
389.575 0.339
390.152 0.577
390.469 0.317
390.811 0.342
392.993 2.182
393.546 0.553
393.845 0.299
394.097 0.252
394.405 0.308
396.141 1.736
396.466 0.325
396.781 0.315
397.093 0.312
397.571 0.478
398.69 1.119
399.023 0.333
399.316 0.293
399.691 0.375
400.009 0.318
400.289 0.28
401.326 1.037
401.773 0.447
402.292 0.519
403.125 0.833
403.665 0.54
404.421 0.756
404.699 0.278
405.8 1.101
406.132 0.332
406.395 0.263
406.935 0.54
408.533 1.598
409.036 0.503
409.319 0.283
409.579 0.26
409.846 0.267
410.625 0.779
411.047 0.422
411.552 0.505
412.349 0.797
412.601 0.252
412.87 0.269
413.17 0.3
413.424 0.254
413.684 0.26
414.386 0.702
414.641 0.255
415.003 0.362
415.296 0.293
415.553 0.257
415.811 0.258
416.3 0.489
416.584 0.284
416.85 0.266
417.117 0.267
417.372 0.255
417.641 0.269
418.092 0.451
418.358 0.266
418.7 0.342
420.543 1.843
421.856 1.313
422.662 0.806
428.992 6.33
430.164 1.172
430.478 0.314
430.874 0.396
431.634 0.76
432.257 0.623
432.603 0.346
433.219 0.616
435.25 2.031
435.557 0.307
435.858 0.301
437.033 1.175
438.872 1.839
439.596 0.724
439.976 0.38
440.319 0.343
440.796 0.477
441.165 0.369
448.458 0.863
449.374 0.916
449.752 0.378
450.237 0.485
450.773 0.536
451.151 0.378
451.636 0.485
452.121 0.485
453.003 0.882
453.776 0.773
454.126 0.35
454.566 0.44
455.293 0.727
455.972 0.679
456.674 0.702
457.404 0.73
457.829 0.425
458.133 0.304
458.892 0.759
459.684 0.792
460.539 0.855
461.367 0.828
462.269 0.902
463.149 0.88
464.022 0.873
464.862 0.84
465.643 0.781
466.385 0.742
467.102 0.717
467.78 0.678
468.441 0.661
469.142 0.701
469.913 0.771
470.689 0.776
471.12 0.431
471.386 0.266
471.689 0.303
472.056 0.367
472.814 0.758
473.101 0.287
473.441 0.34
473.748 0.307
474.036 0.288
474.455 0.419
474.852 0.397
475.609 0.757
476.054 0.445
476.332 0.278
476.598 0.266
476.85 0.252
477.253 0.403
479.316 2.063
479.67 0.354
479.959 0.289
480.66 0.701
482.209 1.549
482.507 0.298
482.866 0.359
483.171 0.305
483.449 0.278
483.802 0.353
484.869 1.067
485.258 0.389
485.543 0.285
485.795 0.252
486.059 0.264
486.407 0.348
488.505 2.098
488.847 0.342
489.133 0.286
490.8 1.667
491.068 0.268
491.345 0.277
493.82 2.475
494.093 0.273
498.023 3.93
498.895 0.872
499.71 0.815
500.518 0.808
501.335 0.817
502.055 0.72
502.736 0.681
503.436 0.7
504.196 0.76
505.04 0.844
505.512 0.472
505.823 0.311
506.116 0.293
506.384 0.268
506.744 0.36
506.995 0.251
507.283 0.288
507.944 0.661
511.696 3.752
512.673 0.977
513.594 0.921
514.548 0.954
515.448 0.9
516.252 0.804
517.066 0.814
517.874 0.808
518.686 0.812
519.549 0.863
520.441 0.892
520.977 0.536
521.244 0.267
522.174 0.93
522.525 0.351
522.807 0.282
523.095 0.288
525.337 2.242
526.085 0.748
526.885 0.8
527.691 0.806
527.956 0.265
528.486 0.53
528.909 0.423
529.261 0.352
529.884 0.623
530.162 0.278
530.518 0.356
531.541 1.023
533.699 2.158
534.474 0.775
535.261 0.787
536.064 0.803
536.87 0.806
537.679 0.809
538.473 0.794
538.947 0.474
539.206 0.259
539.536 0.33
539.942 0.406
540.703 0.761
541.487 0.784
542.067 0.58
543.855 1.788
544.509 0.654
544.852 0.343
545.431 0.579
546.228 0.797
547.01 0.782
547.57 0.56
547.876 0.306
548.56 0.684
549.34 0.78
549.619 0.279
549.885 0.266
550.153 0.268
553.183 3.03
553.939 0.756
554.699 0.76
555.466 0.767
556.126 0.66
556.987 0.861
557.772 0.785
558.455 0.683
559.291 0.836
560.082 0.791
560.847 0.765
561.613 0.766
562.376 0.763
563.111 0.735
563.813 0.702
564.53 0.717
565.283 0.753
566.063 0.78
566.837 0.774
567.641 0.804
568.421 0.78
569.191 0.77
569.948 0.757
570.648 0.7
571.338 0.69
572.039 0.701
572.749 0.71
573.491 0.742
574.238 0.747
574.999 0.761
575.779 0.78
576.56 0.781
577.343 0.783
578.156 0.813
578.964 0.808
579.374 0.41
579.75 0.376
580.524 0.774
581.307 0.783
581.788 0.481
582.059 0.271
582.771 0.712
583.468 0.697
584.219 0.751
584.974 0.755
585.671 0.697
586.343 0.672
587.068 0.725
587.797 0.729
588.537 0.74
589.278 0.741
589.982 0.704
590.662 0.68
591.344 0.682
592.025 0.681
592.718 0.693
593.406 0.688
594.083 0.677
594.775 0.692
595.525 0.75
596.33 0.805
597.115 0.785
597.896 0.781
598.66 0.764
599.394 0.734
600.136 0.742
600.897 0.761
601.704 0.807
602.612 0.908
603.592 0.98