0.000 0.778
0.778 0.778
1.629 0.851
2.579 0.95
3.527 0.948
4.29 0.763
5.04 0.75
5.762 0.722
6.417 0.655
7.052 0.635
7.667 0.615
8.292 0.625
9.036 0.744
9.958 0.922
10.8 0.842
11.713 0.913
12.628 0.915
13.526 0.898
14.279 0.753
14.948 0.669
15.612 0.664
16.29 0.678
17.044 0.754
17.975 0.931
18.899 0.924
19.779 0.88
20.696 0.917
21.617 0.921
22.543 0.926
23.433 0.89
24.317 0.884
25.105 0.788
25.959 0.854
26.696 0.737
27.471 0.775
28.189 0.718
28.979 0.79
29.857 0.878
30.743 0.886
31.575 0.832
32.385 0.81
33.184 0.799
33.99 0.806
34.762 0.772
35.599 0.837
36.415 0.816
37.234 0.819
38.059 0.825
38.816 0.757
39.546 0.73
40.288 0.742
41.042 0.754
41.831 0.789
42.603 0.772
43.417 0.814
44.258 0.841
45.035 0.777
45.763 0.728
46.463 0.7
47.175 0.712
47.92 0.745
48.681 0.761
49.44 0.759
50.245 0.805
51.014 0.769
51.767 0.753
52.513 0.746
53.263 0.75
54.041 0.778
54.795 0.754
55.544 0.749
56.325 0.781
57.1 0.775
57.866 0.766
58.613 0.747
59.372 0.759
60.116 0.744
60.799 0.683
61.508 0.709
62.308 0.8
63.125 0.817
63.901 0.776
64.637 0.736
65.337 0.7
66.063 0.726
66.809 0.746
67.502 0.693
68.224 0.722
68.97 0.746
69.816 0.846
70.715 0.899
71.566 0.851
72.324 0.758
73.039 0.715
73.725 0.686
74.423 0.698
75.188 0.765
76.022 0.834
76.906 0.884
77.781 0.875
78.665 0.884
79.535 0.87
80.397 0.862
81.241 0.844
81.987 0.746
82.724 0.737
83.452 0.728
84.202 0.75
84.895 0.693
85.609 0.714
86.312 0.703
87.022 0.71
87.739 0.717
88.438 0.699
89.125 0.687
89.801 0.676
90.493 0.692
91.198 0.705
91.873 0.675
92.522 0.649
93.167 0.645
93.822 0.655
94.484 0.662
95.173 0.689
95.852 0.679
96.552 0.7
97.201 0.649
97.852 0.651
98.495 0.643
99.127 0.632
99.766 0.639
100.442 0.676
101.11 0.668
101.762 0.652
102.396 0.634
103.014 0.618
103.631 0.617
104.259 0.628
104.921 0.662
105.637 0.716
106.386 0.749
107.099 0.713
107.79 0.691
108.463 0.673
109.162 0.699
109.845 0.683
110.486 0.641
111.161 0.675
111.952 0.791
112.777 0.825
113.507 0.73
114.235 0.728
115.015 0.78
115.767 0.752
116.474 0.707
117.268 0.794
118.061 0.793
118.867 0.806
119.642 0.775
120.414 0.772
121.192 0.778
121.98 0.788
122.673 0.693
123.349 0.676
123.994 0.645
124.66 0.666
125.349 0.689
126.104 0.755
126.941 0.837
127.782 0.841
128.611 0.829
129.388 0.777
130.161 0.773
130.941 0.78
131.722 0.781
132.551 0.829
133.407 0.856
134.26 0.853
135.06 0.8
135.828 0.768
136.52 0.692
137.191 0.671
137.94 0.749
138.747 0.807
139.515 0.768
140.267 0.752
141.031 0.764
141.815 0.784
142.604 0.789
143.394 0.79
144.186 0.792
144.957 0.771
145.715 0.758
146.469 0.754
147.224 0.755
147.998 0.774
148.781 0.783
149.561 0.78
150.322 0.761
151.074 0.752
151.821 0.747
152.571 0.75
153.328 0.757
154.088 0.76
154.852 0.764
155.598 0.746
156.325 0.727
157.095 0.77
157.925 0.83
158.749 0.824
159.567 0.818
160.335 0.768
161.053 0.718
161.763 0.71
162.491 0.728
163.231 0.74
163.974 0.743
164.705 0.731
165.41 0.705
166.069 0.659
166.738 0.669
167.445 0.707
168.235 0.79
169.025 0.79
169.832 0.807
170.615 0.783
171.398 0.783
172.135 0.737
172.835 0.7
173.52 0.685
174.195 0.675
174.911 0.716
175.644 0.733
176.384 0.74
177.119 0.735
177.811 0.692
178.466 0.655
179.127 0.661
179.811 0.684
180.506 0.695
181.177 0.671
181.828 0.651
182.457 0.629
183.097 0.64
183.763 0.666
184.468 0.705
185.149 0.681
185.843 0.694
186.566 0.723
187.311 0.745
188.057 0.746
188.816 0.759
189.573 0.757
190.287 0.714
190.997 0.71
191.719 0.722
192.393 0.674
193.079 0.686
193.75 0.671
194.439 0.689
195.106 0.667
195.745 0.639
196.373 0.628
196.983 0.61
197.589 0.606
198.199 0.61
198.83 0.631
199.479 0.649
200.136 0.657
200.803 0.667
201.474 0.671
202.174 0.7
202.864 0.69
203.558 0.694
204.306 0.748
205.205 0.899
206.103 0.898
206.949 0.846
207.763 0.814
208.549 0.786
209.316 0.767
210.024 0.708
210.711 0.687
211.417 0.706
212.182 0.765
213.01 0.828
213.858 0.848
214.705 0.847
215.548 0.843
216.386 0.838
217.214 0.828
217.987 0.773
218.69 0.703
219.356 0.666
220.011 0.655
220.683 0.672
221.394 0.711
222.15 0.756
222.933 0.783
223.61 0.677
224.251 0.641
224.854 0.603
225.447 0.593
226.028 0.581
226.601 0.573
227.197 0.596
227.832 0.635
228.603 0.771
229.304 0.701
229.976 0.672
230.625 0.649
231.248 0.623
231.89 0.642
232.604 0.714
233.493 0.889
234.32 0.827
235.159 0.839
235.937 0.778
236.612 0.675
237.27 0.658
237.935 0.665
238.604 0.669
239.266 0.662
239.895 0.629
240.515 0.62
241.111 0.596
241.701 0.59
242.305 0.604
242.914 0.609
243.559 0.645
244.243 0.684
244.9 0.657
245.585 0.685
246.252 0.667
246.913 0.661
247.556 0.643
248.18 0.624
248.805 0.625
249.433 0.628
250.108 0.675
250.871 0.763
251.745 0.874
252.694 0.949
253.706 1.012
254.706 1.0
255.654 0.948
256.517 0.863
257.399 0.882
258.229 0.83
258.978 0.749
259.681 0.703
260.447 0.766
261.358 0.911
262.232 0.874
263.104 0.872
264.013 0.909
264.962 0.949
265.883 0.921
266.659 0.776
267.438 0.779
268.218 0.78
268.938 0.72
269.622 0.684
270.282 0.66
270.942 0.66
271.616 0.674
272.254 0.638
272.93 0.676
273.698 0.768
274.645 0.947
275.591 0.946
276.435 0.844
277.162 0.727
277.927 0.765
278.714 0.787
279.484 0.77
280.257 0.773
281.106 0.849
282.021 0.915
282.941 0.92
283.821 0.88
284.706 0.885
285.58 0.874
286.452 0.872
287.282 0.83
288.188 0.906
289.071 0.883
289.862 0.791
290.683 0.821
291.503 0.82
292.39 0.887
293.328 0.938
294.247 0.919
295.179 0.932
296.099 0.92
296.963 0.864
297.829 0.866
298.677 0.848
299.501 0.824
300.223 0.722
300.945 0.722
301.683 0.738
302.488 0.805
303.298 0.81
304.081 0.783
304.866 0.785
305.591 0.725
306.278 0.687
306.941 0.663
307.605 0.664
308.323 0.718
309.105 0.782
309.94 0.835
310.782 0.842
311.634 0.852
312.463 0.829
313.287 0.824
314.111 0.824
314.913 0.802
315.663 0.75
316.37 0.707
317.068 0.698
317.774 0.706
318.455 0.681
319.148 0.693
319.824 0.676
320.503 0.679
321.299 0.796
322.103 0.804
322.874 0.771
323.573 0.699
324.274 0.701
325.03 0.756
325.877 0.847
326.735 0.858
327.487 0.752
328.182 0.695
328.95 0.768
329.717 0.767
330.449 0.732
331.127 0.678
331.824 0.697
332.598 0.774
333.366 0.768
334.169 0.803
334.993 0.824
335.821 0.828
336.666 0.845
337.493 0.827
338.319 0.826
339.129 0.81
339.932 0.803
340.743 0.811
341.531 0.788
342.324 0.793
343.084 0.76
343.801 0.717
344.565 0.764
345.365 0.8
346.244 0.879
347.13 0.886
347.984 0.854
348.795 0.811
349.641 0.846
350.467 0.826
351.289 0.822
352.053 0.764
352.78 0.727
353.512 0.732
354.252 0.74
354.989 0.737
355.775 0.786
356.588 0.813
357.428 0.84
358.224 0.796
358.979 0.755
359.68 0.701
360.356 0.676
361.047 0.691
361.781 0.734
362.525 0.744
363.265 0.74
364.001 0.736
364.728 0.727
365.443 0.715
366.189 0.746
366.978 0.789
367.749 0.771
368.536 0.787
369.379 0.843
370.239 0.86
371.098 0.859
371.892 0.794
372.654 0.762
373.449 0.795
374.242 0.793
375.021 0.779
375.808 0.787
376.582 0.774
377.304 0.722
377.973 0.669
378.63 0.657
379.255 0.625
379.882 0.627
380.483 0.601
381.075 0.592
381.648 0.573
382.215 0.567
382.778 0.563
383.335 0.557
383.886 0.551
384.462 0.576
385.051 0.589
385.617 0.566
386.21 0.593
386.791 0.581
387.407 0.616
387.993 0.586
388.558 0.565
389.126 0.568
389.701 0.575
390.331 0.63
390.986 0.655
391.654 0.668
392.309 0.655
392.916 0.607
393.514 0.598
394.091 0.577
394.665 0.574
395.233 0.568
395.925 0.692
396.606 0.681
397.233 0.627
397.822 0.589
398.407 0.585
399.016 0.609
399.624 0.608
400.274 0.65
400.987 0.713
401.686 0.699
402.382 0.696
403.025 0.643
403.628 0.603
404.219 0.591
404.824 0.605
405.436 0.612
406.014 0.578
406.629 0.615
407.291 0.662
408.012 0.721
408.701 0.689
409.388 0.687
410.128 0.74
410.907 0.779
411.675 0.768
412.468 0.793
413.248 0.78
414.015 0.767
414.786 0.771
415.548 0.762
416.313 0.765
417.063 0.75
417.793 0.73
418.549 0.756
419.421 0.872
420.283 0.862
421.081 0.798
421.786 0.705
422.476 0.69
423.204 0.728
423.936 0.732
424.658 0.722
425.382 0.724
426.077 0.695
426.779 0.702
427.489 0.71
428.219 0.73
428.971 0.752
429.706 0.735
430.422 0.716
431.133 0.711
431.836 0.703
432.499 0.663
433.128 0.629
433.76 0.632
434.406 0.646
435.099 0.693
435.877 0.778
436.588 0.711
437.299 0.711
438.035 0.736
438.765 0.73
439.565 0.8
440.371 0.806
441.197 0.826
441.963 0.766
442.722 0.759
443.517 0.795
444.271 0.754
444.991 0.72
445.723 0.732
446.528 0.805
447.477 0.949
448.384 0.907
449.239 0.855
449.98 0.741
450.682 0.702
451.349 0.667
452.059 0.71
452.852 0.793
453.7 0.848
454.553 0.853
455.414 0.861
456.262 0.848
457.065 0.803
457.856 0.791
458.68 0.824
459.525 0.845
460.347 0.822
461.159 0.812
461.989 0.83
462.797 0.808
463.58 0.783
464.357 0.777
465.131 0.774
465.849 0.718
466.524 0.675
467.263 0.739
468.039 0.776
468.839 0.8
469.608 0.769
470.366 0.758
471.04 0.674
471.703 0.663
472.341 0.638
472.956 0.615
473.569 0.613
474.167 0.598
474.76 0.593
475.413 0.653
476.21 0.797
477.147 0.937
477.928 0.781
478.629 0.701
479.298 0.669
479.958 0.66
480.647 0.689
481.457 0.81
482.282 0.825
483.137 0.855
483.926 0.789
484.704 0.778
485.465 0.761
486.197 0.732
486.954 0.757
487.72 0.766
488.47 0.75
489.271 0.801
490.131 0.86
491.042 0.911
491.983 0.941
492.904 0.921
493.805 0.901
494.698 0.893
495.53 0.832
496.285 0.755
497.046 0.761
497.797 0.751
498.533 0.736
499.286 0.753
500.043 0.757
500.778 0.735
501.458 0.68
502.11 0.652
502.792 0.682
503.461 0.669
504.122 0.661
504.774 0.652
505.444 0.67
506.099 0.655
506.803 0.704
507.51 0.707
508.238 0.728
508.946 0.708
509.655 0.709
510.306 0.651
510.935 0.629
511.541 0.606
512.159 0.618
512.839 0.68
513.637 0.798
514.451 0.814
515.244 0.793
516.122 0.878
517.028 0.906
517.945 0.917
518.697 0.752
519.445 0.748
520.18 0.735
520.963 0.783
521.748 0.785
522.606 0.858
523.542 0.936
524.464 0.922
525.361 0.897
526.249 0.888
527.126 0.877
527.971 0.845
528.681 0.71
529.349 0.668
530.0 0.651
530.674 0.674
531.383 0.709
532.188 0.805
532.944 0.756
533.755 0.811
534.513 0.758
535.23 0.717
535.976 0.746
536.708 0.732
537.448 0.74
538.122 0.674
538.764 0.642
539.416 0.652
540.089 0.673
540.801 0.712
541.581 0.78
542.274 0.693
542.957 0.683
543.602 0.645
544.23 0.628
544.862 0.632
545.496 0.634
546.129 0.633
546.756 0.627
547.402 0.646
548.048 0.646
548.728 0.68
549.438 0.71
550.186 0.748
550.922 0.736
551.702 0.78
552.506 0.804
553.336 0.83
554.088 0.752
554.797 0.709
555.498 0.701
556.239 0.741
557.037 0.798
557.876 0.839
558.685 0.809
559.433 0.748
560.19 0.757
560.977 0.787
561.795 0.818
562.58 0.785
563.276 0.696
563.983 0.707
564.759 0.776
565.6 0.841
566.47 0.87
567.294 0.824
568.128 0.834
568.921 0.793
569.714 0.793
570.52 0.806
571.339 0.819
572.075 0.736
572.777 0.702
573.528 0.751
574.318 0.79
575.115 0.797
575.95 0.835
576.699 0.749
577.404 0.705
578.116 0.712
578.836 0.72
579.537 0.701
580.264 0.727
581.068 0.804
581.885 0.817
582.804 0.919
583.653 0.849
584.438 0.785
585.263 0.825
586.094 0.831
586.865 0.771
587.63 0.765
588.396 0.766
589.112 0.716
589.788 0.676
590.451 0.663
591.085 0.634
591.737 0.652
592.456 0.719
593.381 0.925
594.275 0.894
595.193 0.918
596.074 0.881
596.938 0.864
597.777 0.839
598.541 0.764
599.232 0.691
599.885 0.653
600.554 0.669
601.258 0.704
601.915 0.657
602.6 0.685
603.499 0.899
604.286 0.787
605.149 0.863
605.889 0.74
606.561 0.672
607.19 0.629
607.806 0.616
608.42 0.614
609.067 0.647
609.776 0.709