0.000 1.008
1.008 1.008
2.017 1.009
3.022 1.005
3.952 0.93
4.866 0.914
5.787 0.921
6.735 0.948
7.711 0.976
8.64 0.929
9.52 0.88
10.363 0.843
11.221 0.858
12.101 0.88
12.982 0.881
13.869 0.887
14.724 0.855
15.578 0.854
16.416 0.838
17.241 0.825
18.09 0.849
18.977 0.887
19.812 0.835
20.628 0.816
21.441 0.813
22.255 0.814
23.056 0.801
23.825 0.769
24.598 0.773
25.374 0.776
26.163 0.789
27.01 0.847
27.9 0.89
28.85 0.95
29.844 0.994
30.91 1.066
32.003 1.093
33.081 1.078
34.152 1.071
35.242 1.09
36.236 0.994
37.19 0.954
38.135 0.945
39.091 0.956
40.049 0.958
41.09 1.041
42.07 0.98
43.074 1.004
44.14 1.066
45.19 1.05
46.255 1.065
47.264 1.009
48.215 0.951
49.169 0.954
50.193 1.024
51.28 1.087
52.311 1.031
53.378 1.067
54.478 1.1
55.545 1.067
56.666 1.121
57.928 1.262
59.026 1.098
60.053 1.027
61.067 1.014
62.103 1.036
63.135 1.032
64.191 1.056
65.234 1.043
66.318 1.084
67.512 1.194
68.627 1.115
69.663 1.036
70.609 0.946
71.513 0.904
72.462 0.949
73.464 1.002
74.404 0.94
75.32 0.916
76.247 0.927
77.197 0.95
78.115 0.918
78.999 0.884
79.918 0.919
80.945 1.027
82.06 1.115
83.13 1.07
84.266 1.136
85.411 1.145
86.495 1.084
87.512 1.017
88.522 1.01
89.531 1.009
90.519 0.988
91.509 0.99
92.557 1.048
93.672 1.115
94.827 1.155
96.01 1.183
97.115 1.105
98.206 1.091
99.379 1.173
100.489 1.11
101.517 1.028
102.57 1.053
103.676 1.106
104.797 1.121
105.867 1.07
107.003 1.136
108.147 1.144
109.151 1.004
110.155 1.004
111.176 1.021
112.23 1.054
113.411 1.181
114.623 1.212
115.757 1.134
116.893 1.136
118.013 1.12
119.068 1.055
120.069 1.001
121.043 0.974
122.063 1.02
123.136 1.073
124.156 1.02
125.217 1.061
126.333 1.116
127.42 1.087
128.435 1.015
129.47 1.035
130.521 1.051
131.515 0.994
132.566 1.051
133.656 1.09
134.689 1.033
135.673 0.984
136.676 1.003
137.728 1.052
138.775 1.047
139.835 1.06
140.961 1.126
142.108 1.147
143.196 1.088
144.291 1.095
145.457 1.166
146.619 1.162
147.746 1.127
148.906 1.16
150.051 1.145
151.127 1.076
152.242 1.115
153.39 1.148
154.498 1.108
155.687 1.189
156.901 1.214
158.02 1.119
159.15 1.13
160.29 1.14
161.335 1.045
162.374 1.039
163.464 1.09
164.455 0.991
165.431 0.976
166.465 1.034
167.632 1.167
168.781 1.149
169.885 1.104
171.025 1.14
172.144 1.119
173.198 1.054
174.283 1.085
175.42 1.137
176.548 1.128
177.639 1.091
178.82 1.181
179.911 1.091
180.903 0.992
181.84 0.937
182.829 0.989
183.808 0.979
184.762 0.954
185.752 0.99
186.903 1.151
187.95 1.047
188.969 1.019
190.051 1.082
191.157 1.106
192.249 1.092
193.387 1.138
194.442 1.055
195.407 0.965
196.361 0.954
197.26 0.899
198.108 0.848
198.945 0.837
199.811 0.866
200.804 0.993
201.727 0.923
202.626 0.899
203.592 0.966
204.935 1.343
206.214 1.279
207.387 1.173
208.574 1.187
209.765 1.191
210.888 1.123
211.98 1.092
213.106 1.126
214.332 1.226
215.452 1.12
216.568 1.116
217.743 1.175
218.884 1.141
219.951 1.067
221.141 1.19
222.377 1.236
223.516 1.139
224.663 1.147
225.827 1.164
226.895 1.068
227.984 1.089
229.172 1.188
230.221 1.049
231.302 1.081
232.498 1.196
233.607 1.109
234.602 0.995
235.616 1.014
236.764 1.148
237.876 1.112
238.939 1.063
239.996 1.057
241.043 1.047
241.976 0.933
242.873 0.897
243.776 0.903
244.755 0.979
245.805 1.05
246.849 1.044
247.892 1.043
248.961 1.069
250.057 1.096
251.074 1.017
252.099 1.025
253.138 1.039
254.11 0.972
255.065 0.955
255.98 0.915
256.939 0.959
258.028 1.089
259.095 1.067
260.08 0.985
261.11 1.03
262.206 1.096
263.242 1.036
264.23 0.988
265.267 1.037
266.291 1.024
267.242 0.951
268.224 0.982
269.331 1.107
270.586 1.255
271.7 1.114
272.778 1.078
273.891 1.113
275.042 1.151
276.168 1.126
277.239 1.071
278.317 1.078
279.379 1.062
280.423 1.044
281.453 1.03
282.532 1.079
283.719 1.187
284.815 1.096
285.841 1.026
286.88 1.039
287.977 1.097
289.007 1.03
289.983 0.976
290.98 0.997
291.999 1.019
293.011 1.012
294.024 1.013
295.058 1.034
296.149 1.091
297.312 1.163
298.47 1.158
299.571 1.101
300.658 1.087
301.75 1.092
302.789 1.039
303.777 0.988
304.716 0.939
305.667 0.951
306.689 1.022
307.845 1.156
309.084 1.239
310.277 1.193
311.513 1.236
312.743 1.23
313.9 1.157
314.971 1.071
316.025 1.054
317.075 1.05
318.207 1.132
319.344 1.137
320.398 1.054
321.495 1.097
322.744 1.249
323.948 1.204
325.111 1.163
326.185 1.074
327.282 1.097
328.509 1.227
329.781 1.272
330.943 1.162
332.027 1.084
333.09 1.063
334.135 1.045
335.097 0.962
336.014 0.917
336.932 0.918
337.864 0.932
338.774 0.91
339.729 0.955
340.761 1.032
341.781 1.02
342.717 0.936
343.645 0.928
344.604 0.959
345.626 1.022
346.627 1.001
347.58 0.953
348.536 0.956
349.52 0.984
350.475 0.955
351.484 1.009
352.606 1.122
353.736 1.13
354.773 1.037
355.8 1.027
356.901 1.101
358.05 1.149
359.185 1.135
360.324 1.139
361.398 1.074
362.476 1.078
363.595 1.119
364.672 1.077
365.7 1.028
366.736 1.036
367.788 1.052
368.792 1.004
369.796 1.004
370.745 0.949
371.688 0.943
372.658 0.97
373.68 1.022
374.697 1.017
375.655 0.958
376.545 0.89
377.432 0.887
378.324 0.892
379.231 0.907
380.128 0.897
381.107 0.979
382.149 1.042
383.14 0.991
384.121 0.981
385.168 1.047
386.291 1.123
387.41 1.119
388.425 1.015
389.404 0.979
390.451 1.047
391.586 1.135
392.664 1.078
393.747 1.083
394.845 1.098
396.002 1.157
397.07 1.068
398.162 1.092
399.297 1.135
400.369 1.072
401.416 1.047
402.534 1.118
403.658 1.124
404.685 1.027
405.677 0.992
406.685 1.008
407.751 1.066
408.777 1.026
409.786 1.009
410.839 1.053
411.955 1.116
413.087 1.132
414.157 1.07
415.249 1.092
416.395 1.146
417.561 1.166
418.631 1.07
419.684 1.053
420.788 1.104
421.813 1.025
422.822 1.009
423.875 1.053
425.073 1.198
426.242 1.169
427.359 1.117
428.521 1.162
429.699 1.178
430.784 1.085
431.867 1.083
432.963 1.096
434.071 1.108
435.079 1.008
436.102 1.023
437.207 1.105
438.258 1.051
439.279 1.021
440.34 1.061
441.48 1.14
442.587 1.107
443.636 1.049
444.701 1.065
445.709 1.008
446.724 1.015
447.764 1.04
448.893 1.129
450.069 1.176
451.159 1.09
452.207 1.048
453.3 1.093
454.449 1.149
455.594 1.145
456.714 1.12
457.823 1.109
458.89 1.067
459.888 0.998
460.857 0.969
461.767 0.91
462.693 0.926
463.713 1.02
464.693 0.98
465.638 0.945
466.625 0.987
467.733 1.108
468.815 1.082
469.786 0.971
470.772 0.986
471.822 1.05
472.906 1.084
473.926 1.02
474.952 1.026
476.019 1.067
477.118 1.099
478.136 1.018
479.184 1.048
480.335 1.151
481.497 1.162
482.631 1.134
483.758 1.127
484.85 1.092
485.927 1.077
487.022 1.095
488.128 1.106
489.162 1.034
490.219 1.057
491.334 1.115
492.482 1.148
493.537 1.055
494.606 1.069
495.723 1.117
496.818 1.095
497.914 1.096
499.046 1.132
500.226 1.18
501.28 1.054
502.353 1.073
503.48 1.127
504.62 1.14
505.728 1.108
506.875 1.147
508.003 1.128
509.068 1.065
510.133 1.065
511.234 1.101
512.337 1.103
513.352 1.015
514.363 1.011
515.459 1.096
516.56 1.101
517.632 1.072
518.758 1.126
519.866 1.108
520.893 1.027
521.897 1.004
522.939 1.042
524.0 1.061
525.0 1.0
525.999 0.999
527.046 1.047
528.172 1.126
529.234 1.062
530.336 1.102
531.45 1.114
532.519 1.069
533.59 1.071
534.716 1.126
535.805 1.089
536.821 1.016
537.854 1.033
538.965 1.111
540.037 1.072
541.025 0.988
541.962 0.937
542.862 0.9
543.798 0.936
544.734 0.936
545.611 0.877
546.516 0.905
547.493 0.977
548.563 1.07
549.596 1.033
550.624 1.028
551.711 1.087
552.744 1.033
553.75 1.006
554.823 1.073
555.92 1.097
556.932 1.012
557.959 1.027
559.04 1.081
560.093 1.053
561.08 0.987
562.124 1.044
563.312 1.188
564.514 1.202
565.617 1.103
566.713 1.096
567.832 1.119
568.922 1.09
569.986 1.064
571.107 1.121
572.281 1.174
573.356 1.075
574.467 1.111
575.601 1.134
576.732 1.131
577.943 1.211
579.072 1.129
580.107 1.035
581.164 1.057
582.298 1.134
583.45 1.152
584.564 1.114
585.692 1.128
586.847 1.155
587.948 1.101
588.962 1.014
589.935 0.973
590.956 1.021
592.007 1.051
592.99 0.983
593.978 0.988
595.023 1.045
596.078 1.055
597.068 0.99
598.104 1.036