0.000 0.802
0.802 0.802
1.55 0.748
2.298 0.748
3.026 0.728
3.797 0.771
4.593 0.796
5.367 0.774
6.078 0.711
6.782 0.704
7.523 0.741
8.31 0.787
9.052 0.742
9.761 0.709
10.512 0.751
11.452 0.94
12.398 0.946
13.213 0.815
13.993 0.78
14.745 0.752
15.463 0.718
16.183 0.72
16.872 0.689
17.588 0.716
18.302 0.714
18.995 0.693
19.786 0.791
20.863 1.077
21.768 0.905
22.631 0.863
23.578 0.947
24.613 1.035
25.612 0.999
26.414 0.802
27.199 0.785
28.048 0.849
28.837 0.789
29.6 0.763
30.477 0.877
31.402 0.925
32.213 0.811
33.139 0.926
34.054 0.915
34.862 0.808
35.709 0.847
36.554 0.845
37.314 0.76
38.124 0.81
39.007 0.883
39.823 0.816
40.646 0.823
41.583 0.937
42.572 0.989
43.422 0.85
44.366 0.944
45.325 0.959
46.154 0.829
46.948 0.794
47.819 0.871
48.923 1.104
49.863 0.94
50.651 0.788
51.395 0.744
52.223 0.828
53.485 1.262
54.632 1.147
55.706 1.074
56.72 1.014
57.595 0.875
58.347 0.752
59.072 0.725
59.818 0.746
61.146 1.328
62.341 1.195
63.516 1.175
64.492 0.976
65.496 1.004
66.528 1.032
67.508 0.98
68.347 0.839
69.103 0.756
69.849 0.746
70.652 0.803
71.684 1.032
72.694 1.01
73.664 0.97
74.466 0.802
75.199 0.733
75.899 0.7
76.62 0.721
77.428 0.808
78.258 0.83
79.257 0.999
80.259 1.002
81.283 1.024
82.256 0.973
83.192 0.936
84.112 0.92
84.971 0.859
85.74 0.769
86.54 0.8
87.384 0.844
88.309 0.925
89.266 0.957
90.157 0.891
90.946 0.789
91.715 0.769
92.59 0.875
93.567 0.977
94.542 0.975
95.567 1.025
96.524 0.957
97.41 0.886
98.224 0.814
99.053 0.829
100.054 1.001
101.101 1.047
102.155 1.054
103.098 0.943
103.974 0.876
104.794 0.82
105.669 0.875
106.675 1.006
107.676 1.001
108.615 0.939
109.505 0.89
110.37 0.865
111.249 0.879
112.203 0.954
113.192 0.989
114.092 0.9
114.898 0.806
115.647 0.749
116.434 0.787
117.369 0.935
118.363 0.994
119.365 1.002
120.344 0.979
121.3 0.956
122.234 0.934
123.165 0.931
124.078 0.913
124.986 0.908
125.885 0.899
126.767 0.882
127.648 0.881
128.505 0.857
129.258 0.753
129.988 0.73
130.741 0.753
131.601 0.86
132.627 1.026
133.571 0.944
134.518 0.947
135.533 1.015
136.461 0.928
137.379 0.918
138.319 0.94
139.206 0.887
140.051 0.845
140.949 0.898
141.875 0.926
142.773 0.898
143.631 0.858
144.548 0.917
145.496 0.948
146.371 0.875
147.232 0.861
148.123 0.891
148.986 0.863
149.839 0.853
150.734 0.895
151.609 0.875
152.507 0.898
153.494 0.987
154.488 0.994
155.397 0.909
156.344 0.947
157.235 0.891
158.066 0.831
158.914 0.848
159.774 0.86
160.606 0.832
161.44 0.834
162.328 0.888
163.187 0.859
164.005 0.818
164.891 0.886
165.768 0.877
166.597 0.829
167.419 0.822
168.278 0.859
169.186 0.908
170.046 0.86
170.904 0.858
171.825 0.921
172.757 0.932
173.61 0.853
174.49 0.88
175.373 0.883
176.267 0.894
177.1 0.833
177.957 0.857
178.818 0.861
179.658 0.84
180.55 0.892
181.467 0.917
182.317 0.85
183.206 0.889
184.099 0.893
184.927 0.828
185.724 0.797
186.555 0.831
187.453 0.898
188.321 0.868
189.178 0.857
190.125 0.947
191.077 0.952
191.996 0.919
192.997 1.001
194.01 1.013
194.913 0.903
195.829 0.916
196.727 0.898
197.555 0.828
198.452 0.897
199.399 0.947
200.267 0.868
201.191 0.924
202.198 1.007
203.149 0.951
204.043 0.894
204.967 0.924
205.868 0.901
206.781 0.913
207.653 0.872
208.599 0.946
209.563 0.964
210.463 0.9
211.349 0.886
212.256 0.907
213.14 0.884
214.049 0.909
214.991 0.942
215.914 0.923
216.77 0.856
217.686 0.916
218.624 0.938
219.513 0.889
220.377 0.864
221.26 0.883
222.16 0.9
223.018 0.858
223.91 0.892
224.812 0.902
225.641 0.829
226.441 0.8
227.256 0.815
228.162 0.906
229.06 0.898
229.955 0.895
230.924 0.969
231.86 0.936
232.723 0.863
233.594 0.871
234.47 0.876
235.367 0.897
236.192 0.825
237.046 0.854
237.913 0.867
238.765 0.852
239.572 0.807
240.383 0.811
241.227 0.844
242.043 0.816
242.837 0.794
243.66 0.823
244.53 0.87
245.359 0.829
246.175 0.816
246.991 0.816
247.825 0.834
248.613 0.788
249.384 0.771
250.191 0.807
251.03 0.839
251.863 0.833
252.747 0.884
253.694 0.947
254.645 0.951
255.512 0.867
256.372 0.86
257.177 0.805
257.96 0.783
258.753 0.793
259.493 0.74
260.241 0.748
261.089 0.848
261.92 0.831
262.732 0.812
263.602 0.87
264.522 0.92
265.438 0.916
266.298 0.86
267.201 0.903
268.088 0.887
268.914 0.826
269.713 0.799
270.543 0.83
271.454 0.911
272.348 0.894
273.181 0.833
274.072 0.891
274.939 0.867
275.757 0.818
276.59 0.833
277.489 0.899
278.394 0.905
279.248 0.854
280.18 0.932
281.142 0.962
282.04 0.898
282.88 0.84
283.765 0.885
284.672 0.907
285.508 0.836
286.381 0.873
287.3 0.919
288.215 0.915
289.178 0.963
290.205 1.027
291.193 0.988
292.187 0.994
293.102 0.915
293.889 0.787
294.654 0.765
295.457 0.803
296.308 0.851
297.099 0.791
297.867 0.768
298.671 0.804
299.471 0.8
300.25 0.779
300.997 0.747
301.738 0.741
302.461 0.723
303.167 0.706
303.843 0.676
304.52 0.677
305.239 0.719
306.069 0.83
306.938 0.869
307.788 0.85
308.626 0.838
309.586 0.96
310.593 1.007
311.559 0.966
312.455 0.896
313.314 0.859
314.246 0.932
315.246 1.0
316.193 0.947
317.071 0.878
317.868 0.797
318.627 0.759
319.435 0.808
320.608 1.173
321.562 0.954
322.489 0.927
323.451 0.962
324.405 0.954
325.359 0.954
326.23 0.871
327.121 0.891
328.04 0.919
328.963 0.923
329.825 0.862
330.668 0.843
331.415 0.747
332.152 0.737
332.916 0.764
333.644 0.728
334.397 0.753
335.215 0.818
336.16 0.945
337.168 1.008
338.174 1.006
339.09 0.916
339.945 0.855
340.809 0.864
341.7 0.891
342.58 0.88
343.408 0.828
344.185 0.777
344.989 0.804
345.804 0.815
346.589 0.785
347.381 0.792
348.25 0.869
349.127 0.877
349.982 0.855
350.767 0.785
351.522 0.755
352.274 0.752
352.996 0.722
353.739 0.743
354.516 0.777
355.344 0.828
356.085 0.741
356.822 0.737
357.583 0.761
358.386 0.803
359.168 0.782
359.888 0.72
360.585 0.697
361.279 0.694
361.963 0.684
362.623 0.66
363.281 0.658
363.959 0.678
364.711 0.752
365.516 0.805
366.287 0.771
367.073 0.786
367.887 0.814
368.702 0.815
369.465 0.763
370.208 0.743
370.957 0.749
371.726 0.769
372.496 0.77
373.268 0.772
374.076 0.808
374.982 0.906
375.844 0.862
376.723 0.879
377.69 0.967
378.687 0.997
379.569 0.882
380.459 0.89
381.337 0.878
382.163 0.826
382.974 0.811
383.827 0.853
384.751 0.924
385.616 0.865
386.494 0.878
387.478 0.984
388.419 0.941
389.324 0.905
390.349 1.025
391.364 1.015
392.34 0.976
393.396 1.056
394.462 1.066
395.433 0.971
396.415 0.982
397.411 0.996
398.336 0.925
399.258 0.922
400.248 0.99
401.248 1.0
402.169 0.921
403.112 0.943
404.047 0.935
404.915 0.868
405.754 0.839
406.682 0.928
407.633 0.951
408.541 0.908
409.462 0.921
410.411 0.949
411.307 0.896
412.22 0.913
413.19 0.97
414.145 0.955
415.074 0.929
416.04 0.966
416.98 0.94
417.863 0.883
418.785 0.922
419.704 0.919
420.587 0.883
421.461 0.874
422.378 0.917
423.303 0.925
424.19 0.887
425.071 0.881
426.008 0.937
426.905 0.897
427.776 0.871
428.653 0.877
429.508 0.855
430.338 0.83
431.18 0.842
432.072 0.892
432.968 0.896
433.825 0.857
434.705 0.88
435.615 0.91
436.483 0.868
437.364 0.881
438.291 0.927
439.218 0.927
440.112 0.894
441.045 0.933
441.873 0.828
442.627 0.754
443.35 0.723
444.044 0.694
444.75 0.706
445.592 0.842
446.413 0.821
447.225 0.812
448.116 0.891
449.065 0.949
449.991 0.926
450.867 0.876
451.77 0.903
452.692 0.922
453.559 0.867
454.366 0.807
455.169 0.803
456.054 0.885
456.951 0.897
457.816 0.865
458.696 0.88
459.64 0.944
460.561 0.921
461.438 0.877
462.304 0.866
463.233 0.929
464.187 0.954
465.084 0.897
465.99 0.906
466.96 0.97
467.848 0.888
468.686 0.838
469.479 0.793
470.273 0.794
471.179 0.906
472.098 0.919
473.018 0.92
474.03 1.012
475.059 1.029
476.063 1.004
477.115 1.052
478.124 1.009
479.085 0.961
480.07 0.985
481.055 0.985
481.96 0.905
482.894 0.934
483.862 0.968
484.832 0.97
485.724 0.892
486.622 0.898
487.538 0.916
488.423 0.885
489.279 0.856
490.195 0.916
491.161 0.966
492.075 0.914
492.962 0.887
493.883 0.921
494.813 0.93
495.671 0.858
496.553 0.882
497.479 0.926
498.413 0.934
499.295 0.882
500.198 0.903
501.114 0.916
501.961 0.847
502.834 0.873
503.774 0.94
504.719 0.945
505.633 0.914
506.583 0.95
507.526 0.943
508.433 0.907
509.378 0.945
510.275 0.897
511.136 0.861
511.988 0.852
512.893 0.905
513.807 0.914
514.656 0.849
515.477 0.821
516.36 0.883
517.264 0.904
518.13 0.866
519.054 0.924
520.018 0.964
520.995 0.977
521.935 0.94
522.887 0.952
523.867 0.98
524.822 0.955
525.683 0.861
526.528 0.845
527.367 0.839
528.177 0.81
528.981 0.804
529.836 0.855
530.731 0.895
531.591 0.86
532.468 0.877
533.414 0.946
534.365 0.951
535.259 0.894
536.179 0.92
537.114 0.935
537.96 0.846
538.796 0.836
539.643 0.847
540.457 0.814
541.268 0.811
542.105 0.837
543.013 0.908
543.912 0.899
544.833 0.921
545.823 0.99
546.768 0.945
547.665 0.897
548.606 0.941
549.549 0.943
550.406 0.857
551.246 0.84
552.092 0.846
552.9 0.808
553.679 0.779
554.496 0.817
555.339 0.843
556.2 0.861
557.07 0.87
558.006 0.936
558.983 0.977
559.872 0.889
560.751 0.879
561.677 0.926
562.573 0.896
563.442 0.869
564.368 0.926
565.274 0.906
566.162 0.888
567.099 0.937
568.046 0.947
568.968 0.922
569.866 0.898
570.817 0.951
571.771 0.954
572.669 0.898
573.642 0.973
574.626 0.984
575.54 0.914
576.462 0.922
577.409 0.947
578.312 0.903
579.219 0.907
580.163 0.944
581.132 0.969
582.008 0.876
582.88 0.872
583.795 0.915
584.698 0.903
585.562 0.864
586.445 0.883
587.423 0.978
588.432 1.009
589.364 0.932
590.245 0.881
591.127 0.882
592.057 0.93
593.038 0.981
594.01 0.972
594.941 0.931
595.902 0.961
596.879 0.977
597.791 0.912
598.708 0.917
599.644 0.936
600.589 0.945
601.515 0.926
602.394 0.879
603.297 0.903
604.229 0.932
605.137 0.908
605.998 0.861
606.778 0.78
607.501 0.723
608.288 0.787
609.368 1.08
610.224 0.856
611.009 0.785
611.739 0.73
612.44 0.701