0.000 0.737
0.737 0.737
1.513 0.776
2.34 0.827
3.152 0.812
4.01 0.858
4.848 0.838
5.672 0.824
6.495 0.823
7.23 0.735
7.966 0.736
8.691 0.725
9.43 0.739
10.243 0.813
11.033 0.79
11.847 0.814
12.66 0.813
13.501 0.841
14.332 0.831
15.153 0.821
15.967 0.814
16.791 0.824
17.615 0.824
18.423 0.808
19.241 0.818
20.065 0.824
20.834 0.769
21.58 0.746
22.319 0.739
23.06 0.741
23.784 0.724
24.522 0.738
25.273 0.751
26.073 0.8
26.963 0.89
27.86 0.897
28.729 0.869
29.566 0.837
30.379 0.813
31.155 0.776
31.947 0.792
32.752 0.805
33.574 0.822
34.371 0.797
35.202 0.831
36.03 0.828
36.827 0.797
37.578 0.751
38.33 0.752
39.079 0.749
39.872 0.793
40.625 0.753
41.384 0.759
42.147 0.763
42.977 0.83
43.821 0.844
44.622 0.801
45.417 0.795
46.198 0.781
46.936 0.738
47.678 0.742
48.428 0.75
49.222 0.794
50.021 0.799
50.858 0.837
51.701 0.843
52.527 0.826
53.329 0.802
54.117 0.788
54.907 0.79
55.657 0.75
56.427 0.77
57.202 0.775
58.024 0.822
58.823 0.799
59.632 0.809
60.429 0.797
61.222 0.793
61.988 0.766
62.773 0.785
63.585 0.812
64.382 0.797
65.15 0.768
65.932 0.782
66.742 0.81
67.562 0.82
68.336 0.774
69.114 0.778
69.871 0.757
70.632 0.761
71.38 0.748
72.141 0.761
72.92 0.779
73.757 0.837
74.553 0.796
75.319 0.766
76.08 0.761
76.862 0.782
77.659 0.797
78.476 0.817
79.234 0.758
80.006 0.772
80.76 0.754
81.512 0.752
82.247 0.735
83.004 0.757
83.768 0.764
84.583 0.815
85.39 0.807
86.164 0.774
86.942 0.778
87.718 0.776
88.462 0.744
89.177 0.715
89.895 0.718
90.63 0.735
91.421 0.791
92.221 0.8
93.004 0.783
93.772 0.768
94.541 0.769
95.321 0.78
96.095 0.774
96.851 0.756
97.608 0.757
98.369 0.761
99.148 0.779
99.948 0.8
100.748 0.8
101.548 0.8
102.372 0.824
103.185 0.813
103.963 0.778
104.725 0.762
105.473 0.748
106.194 0.721
106.905 0.711
107.618 0.713
108.356 0.738
109.158 0.802
110.012 0.854
110.859 0.847
111.638 0.779
112.402 0.764
113.17 0.768
113.939 0.769
114.693 0.754
115.457 0.764
116.213 0.756
116.998 0.785
117.804 0.806
118.61 0.806
119.417 0.807
120.182 0.765
120.924 0.742
121.668 0.744
122.41 0.742
123.141 0.731
123.864 0.723
124.604 0.74
125.378 0.774
126.263 0.885
127.201 0.938
128.155 0.954
129.057 0.902
129.886 0.829
130.675 0.789
131.434 0.759
132.155 0.721
132.871 0.716
133.588 0.717
134.324 0.736
135.052 0.728
135.802 0.75
136.591 0.789
137.445 0.854
138.278 0.833
139.099 0.821
139.906 0.807
140.667 0.761
141.421 0.754
142.177 0.756
142.951 0.774
143.75 0.799
144.533 0.783
145.293 0.76
146.047 0.754
146.819 0.772
147.612 0.793
148.431 0.819
149.208 0.777
149.984 0.776
150.755 0.771
151.497 0.742
152.227 0.73
152.948 0.721
153.692 0.744
154.426 0.734
155.124 0.698
155.828 0.704
156.535 0.707
157.291 0.756
158.058 0.767
158.817 0.759
159.551 0.734
160.277 0.726
160.995 0.718
161.705 0.71
162.388 0.683
163.052 0.664
163.733 0.681
164.421 0.688
165.136 0.715
165.883 0.747
166.668 0.785
167.496 0.828
168.378 0.882
169.286 0.908
170.067 0.781
170.832 0.765
171.575 0.743
172.33 0.755
173.096 0.766
173.835 0.739
174.557 0.722
175.268 0.711
175.976 0.708
176.674 0.698
177.353 0.679
178.035 0.682
178.716 0.681
179.393 0.677
180.057 0.664
180.705 0.648
181.353 0.648
182.015 0.662
182.725 0.71
183.556 0.831
184.433 0.877
185.345 0.912
186.25 0.905
187.086 0.836
187.908 0.822
188.69 0.782
189.442 0.752
190.199 0.757
190.928 0.729
191.665 0.737
192.373 0.708
193.06 0.687
193.734 0.674
194.416 0.682
195.146 0.73
195.974 0.828
196.931 0.957
197.909 0.978
198.858 0.949
199.77 0.912
200.634 0.864
201.45 0.816
202.226 0.776
202.969 0.743
203.675 0.706
204.383 0.708
205.085 0.702
205.799 0.714
206.513 0.714
207.28 0.767
208.061 0.781
208.914 0.853
209.761 0.847
210.585 0.824
211.428 0.843
212.283 0.855
213.145 0.862
213.962 0.817
214.745 0.783
215.515 0.77
216.238 0.723
216.96 0.722
217.68 0.72
218.379 0.699
219.066 0.687
219.757 0.691
220.449 0.692
221.154 0.705
221.892 0.738
222.685 0.793
223.557 0.872
224.446 0.889
225.312 0.866
226.158 0.846
226.986 0.828
227.771 0.785
228.534 0.763
229.257 0.723
229.947 0.69
230.628 0.681
231.302 0.674
232.006 0.704
232.822 0.816
233.729 0.907
234.665 0.936
235.611 0.946
236.576 0.965
237.539 0.963
238.425 0.886
239.242 0.817
240.022 0.78
240.783 0.761
241.532 0.749
242.237 0.705
242.926 0.689
243.621 0.695
244.324 0.703
245.13 0.806
246.008 0.878
246.901 0.893
247.795 0.894
248.681 0.886
249.565 0.884
250.39 0.825
251.182 0.792
251.959 0.777
252.75 0.791
253.538 0.788
254.289 0.751
255.051 0.762
255.8 0.749
256.605 0.805
257.441 0.836
258.24 0.799
259.083 0.843
259.958 0.875
260.945 0.987
261.961 1.016
262.964 1.003
263.925 0.961
264.78 0.855
265.567 0.787
266.296 0.729
267.016 0.72
267.724 0.708
268.435 0.711
269.177 0.742
269.942 0.765
270.775 0.833
271.701 0.926
272.589 0.888
273.463 0.874
274.312 0.849
275.16 0.848
275.969 0.809
276.758 0.789
277.542 0.784
278.37 0.828
279.169 0.799
279.94 0.771
280.727 0.787
281.53 0.803
282.385 0.855
283.229 0.844
284.037 0.808
284.843 0.806
285.655 0.812
286.495 0.84
287.272 0.777
288.048 0.776
288.817 0.769
289.609 0.792
290.46 0.851
291.294 0.834
292.126 0.832
292.91 0.784
293.71 0.8
294.547 0.837
295.372 0.825
296.179 0.807
296.951 0.772
297.758 0.807
298.514 0.756
299.263 0.749
300.005 0.742
300.744 0.739
301.443 0.699
302.152 0.709
302.857 0.705
303.564 0.707
304.298 0.734
305.037 0.739
305.765 0.728
306.499 0.734
307.228 0.729
307.977 0.749
308.762 0.785
309.552 0.79
310.372 0.82
311.191 0.819
311.991 0.8
312.768 0.777
313.521 0.753
314.25 0.729
314.977 0.727
315.728 0.751
316.533 0.805
317.407 0.874
318.314 0.907
319.164 0.85
319.97 0.806
320.813 0.843
321.716 0.903
322.657 0.941
323.529 0.872
324.366 0.837
325.193 0.827
326.025 0.832
326.865 0.84
327.742 0.877
328.623 0.881
329.426 0.803
330.233 0.807
331.023 0.79
331.82 0.797
332.566 0.746
333.312 0.746
334.058 0.746
334.852 0.794
335.687 0.835
336.553 0.866
337.391 0.838
338.219 0.828
339.047 0.828
339.893 0.846
340.717 0.824
341.508 0.791
342.308 0.8
343.118 0.81
344.001 0.883
344.931 0.93
345.863 0.932
346.749 0.886
347.607 0.858
348.462 0.855
349.334 0.872
350.155 0.821
350.952 0.797
351.759 0.807
352.602 0.843
353.488 0.886
354.359 0.871
355.248 0.889
356.132 0.884
357.014 0.882
357.82 0.806
358.625 0.805
359.402 0.777
360.198 0.796
360.956 0.758
361.716 0.76
362.488 0.772
363.316 0.828
364.193 0.877
365.023 0.83
365.872 0.849
366.731 0.859
367.627 0.896
368.5 0.873
369.33 0.83
370.162 0.832
370.98 0.818
371.815 0.835
372.625 0.81
373.415 0.79
374.218 0.803
375.038 0.82
375.914 0.876
376.751 0.837
377.567 0.816
378.369 0.802
379.173 0.804
379.97 0.797
380.704 0.734
381.443 0.739
382.185 0.742
382.967 0.782
383.769 0.802
384.553 0.784
385.371 0.818
386.221 0.85
387.113 0.892
388.011 0.898
388.914 0.903
389.818 0.904
390.639 0.821
391.456 0.817
392.262 0.806
393.05 0.788
393.802 0.752
394.527 0.725
395.243 0.716
395.98 0.737
396.785 0.805
397.667 0.882
398.555 0.888
399.43 0.875
400.284 0.854
401.138 0.854
402.016 0.878
402.886 0.87
403.697 0.811
404.503 0.806
405.316 0.813
406.141 0.825
406.991 0.85
407.816 0.825
408.637 0.821
409.452 0.815
410.279 0.827
411.103 0.824
411.908 0.805
412.723 0.815
413.542 0.819
414.379 0.837
415.187 0.808
415.989 0.802
416.797 0.808
417.631 0.834
418.471 0.84
419.258 0.787
420.029 0.771
420.789 0.76
421.55 0.761
422.334 0.784
423.105 0.771
423.896 0.791
424.703 0.807
425.547 0.844
426.442 0.895
427.291 0.849
428.135 0.844
428.969 0.834
429.822 0.853
430.631 0.809
431.408 0.777
432.182 0.774
432.952 0.77
433.756 0.804
434.54 0.784
435.313 0.773
436.097 0.784
436.905 0.808
437.721 0.816
438.534 0.813
439.392 0.858
440.269 0.877
441.091 0.822
441.923 0.832
442.743 0.82
443.563 0.82
444.348 0.785
445.099 0.751
445.878 0.779
446.674 0.796
447.5 0.826
448.34 0.84
449.202 0.862
450.08 0.878
451.009 0.929
451.864 0.855
452.702 0.838
453.52 0.818
454.356 0.836
455.16 0.804
456.001 0.841
456.858 0.857
457.759 0.901
458.675 0.916
459.603 0.928
460.514 0.911
461.404 0.89
462.206 0.802
463.002 0.796
463.764 0.762
464.508 0.744
465.224 0.716
465.941 0.717
466.668 0.727
467.434 0.766
468.329 0.895
469.29 0.961
470.268 0.978
471.253 0.985
472.174 0.921
473.026 0.852
473.847 0.821
474.687 0.84
475.537 0.85
476.345 0.808
477.158 0.813
477.976 0.818
478.831 0.855
479.663 0.832
480.459 0.796
481.255 0.796
482.075 0.82
482.929 0.854
483.744 0.815
484.561 0.817
485.372 0.811
486.197 0.825
486.986 0.789
487.798 0.812
488.61 0.812
489.463 0.853
490.265 0.802
491.06 0.795
491.854 0.794
492.674 0.82
493.482 0.808
494.31 0.828
495.148 0.838
496.028 0.88
496.896 0.868
497.707 0.811
498.529 0.822
499.359 0.83
500.223 0.864
501.18 0.957
502.116 0.936
503.02 0.904
503.88 0.86
504.727 0.847
505.528 0.801
506.294 0.766
507.049 0.755
507.802 0.753
508.607 0.805
509.441 0.834
510.259 0.818
511.066 0.807
511.876 0.81
512.737 0.861
513.627 0.89
514.481 0.854
515.322 0.841
516.093 0.771
516.855 0.762
517.605 0.75
518.399 0.794
519.226 0.827
520.073 0.847
520.928 0.855
521.799 0.871
522.706 0.907
523.611 0.905
524.582 0.971
525.481 0.899
526.31 0.829
527.13 0.82
527.935 0.805
528.707 0.772
529.448 0.741
530.188 0.74
530.965 0.777
531.817 0.852
532.773 0.956
533.754 0.981
534.749 0.995
535.72 0.971
536.657 0.937
537.566 0.909
538.4 0.834
539.217 0.817
540.009 0.792
540.81 0.801
541.645 0.835
542.443 0.798
543.243 0.8
544.069 0.826
544.889 0.82
545.679 0.79
546.489 0.81
547.327 0.838
548.148 0.821
548.984 0.836
549.796 0.812
550.622 0.826
551.4 0.778
552.203 0.803
553.01 0.807
553.848 0.838
554.647 0.799
555.459 0.812
556.273 0.814
557.119 0.846
557.97 0.851
558.809 0.839
559.607 0.798
560.421 0.814
561.234 0.813
562.041 0.807
562.799 0.758
563.557 0.758
564.315 0.758
565.124 0.809
566.007 0.883
566.93 0.923
567.825 0.895
568.708 0.883
569.542 0.834
570.322 0.78
571.086 0.764
571.841 0.755
572.61 0.769
573.43 0.82
574.253 0.823
575.092 0.839
575.947 0.855
576.834 0.887
577.679 0.845
578.475 0.796
579.268 0.793
580.07 0.802
580.895 0.825
581.728 0.833
582.534 0.806
583.337 0.803
584.146 0.809
584.97 0.824
585.771 0.801
586.591 0.82
587.433 0.842
588.251 0.818
589.017 0.766
589.742 0.725
590.464 0.722
591.187 0.723
591.985 0.798
592.872 0.887
593.743 0.871
594.632 0.889
595.527 0.895
596.43 0.903
597.343 0.913
598.177 0.834
598.991 0.814
599.779 0.788
600.531 0.752
601.259 0.728
601.988 0.729
602.695 0.707
603.418 0.723
604.198 0.78
604.971 0.773
605.714 0.743
606.47 0.756
607.253 0.783
608.065 0.812
608.884 0.819
609.718 0.834
610.566 0.848
611.378 0.812
612.191 0.813
613.014 0.823
613.857 0.843
614.653 0.796
615.46 0.807
616.263 0.803
617.096 0.833
617.934 0.838
618.723 0.789
619.521 0.798
620.309 0.788
621.065 0.756
621.822 0.757
622.594 0.772
623.443 0.849
624.353 0.91
625.248 0.895
626.116 0.868
626.955 0.839
627.762 0.807
628.569 0.807
629.372 0.803
630.199 0.827
631.108 0.909
632.013 0.905
632.903 0.89
633.74 0.837
634.567 0.827
635.395 0.828
636.227 0.832
637.074 0.847
637.924 0.85
638.798 0.874
639.667 0.869
640.472 0.805
641.246 0.774
642.021 0.775