0.000 1.157
1.157 1.157
2.211 1.054
3.234 1.023
4.301 1.067
5.29 0.989
6.205 0.915
7.158 0.953
8.058 0.9
8.849 0.791
9.643 0.794
10.434 0.791
11.294 0.86
12.074 0.78
12.983 0.909
14.004 1.021
15.022 1.018
16.015 0.993
17.026 1.011
17.948 0.922
18.863 0.915
19.835 0.972
20.802 0.967
21.89 1.088
28.959 0.96
29.873 0.914
30.794 0.921
31.749 0.955
32.719 0.97
33.791 1.072
34.774 0.983
35.799 1.025
36.791 0.992
37.763 0.972
38.866 1.103
39.884 1.018
40.985 1.101
42.032 1.047
43.107 1.075
44.232 1.125
45.277 1.045
46.352 1.075
47.454 1.102
48.41 0.956
49.429 1.019
50.51 1.081
51.472 0.962
52.606 1.134
53.753 1.147
54.754 1.001
55.791 1.037
56.867 1.076
57.839 0.972
58.85 1.011
59.871 1.021
60.773 0.902
61.682 0.909
62.713 1.031
63.799 1.086
64.798 0.999
65.729 0.931
66.695 0.966
67.7 1.005
68.583 0.883
69.577 0.994
70.628 1.051
71.604 0.976
72.577 0.973
73.61 1.033
74.661 1.051
75.655 0.994
76.729 1.074
77.805 1.076
78.789 0.984
79.775 0.986
80.828 1.053
81.826 0.998
82.735 0.909
83.678 0.943
84.723 1.045
85.688 0.965
86.699 1.011
87.661 0.962
88.486 0.825
89.369 0.883
90.258 0.889
91.148 0.89
92.01 0.862
92.908 0.898
93.795 0.887
94.667 0.872
95.605 0.938
96.537 0.932
97.405 0.868
98.334 0.929
99.278 0.944
100.083 0.805
100.92 0.837
101.774 0.854
102.635 0.861
103.593 0.958
104.482 0.889
105.406 0.924
106.283 0.877
107.207 0.924
108.167 0.96
109.073 0.906
110.044 0.971
110.926 0.882
111.812 0.886
112.713 0.901
113.629 0.916
114.421 0.792
115.245 0.824
115.981 0.736
116.798 0.817
117.575 0.777
118.366 0.791
119.213 0.847
120.025 0.812
120.832 0.807
121.679 0.847
122.713 1.034
123.784 1.071
124.822 1.038
125.796 0.974
126.765 0.969
127.734 0.969
128.683 0.949
129.628 0.945
130.562 0.934
131.488 0.926
132.428 0.94
133.35 0.922
134.248 0.898
135.173 0.925
136.142 0.969
137.098 0.956
138.033 0.935
138.974 0.941
139.874 0.9
140.863 0.989
141.759 0.896
142.654 0.895
143.515 0.861
144.403 0.888
145.341 0.938
146.195 0.854
147.047 0.852
147.92 0.873
148.856 0.936
149.751 0.895
150.637 0.886
151.578 0.941
152.535 0.957
153.465 0.93
154.402 0.937
155.389 0.987
156.435 1.046
157.466 1.031
158.533 1.067
159.624 1.091
160.671 1.047
161.734 1.063
162.788 1.054
163.743 0.955
164.714 0.971
165.778 1.064
166.872 1.094
167.911 1.039
168.868 0.957
169.722 0.854
170.594 0.872
171.648 1.054
172.81 1.162
173.949 1.139
174.95 1.001
175.876 0.926
176.78 0.904
177.684 0.904
178.548 0.864
179.462 0.914
180.411 0.949
181.356 0.945
182.27 0.914
183.218 0.948
184.171 0.953
185.105 0.934
186.027 0.922
187.004 0.977
188.0 0.996
188.956 0.956
189.909 0.953
190.933 1.024
191.907 0.974
192.876 0.969
193.898 1.022
194.879 0.981
195.796 0.917
196.732 0.936
197.752 1.02
198.806 1.054
199.841 1.035
200.883 1.042
201.921 1.038
202.898 0.977
203.905 1.007
204.909 1.004
205.873 0.964
206.796 0.923
207.788 0.992
208.817 1.029
209.789 0.972
210.71 0.921
211.663 0.953
212.702 1.039
213.683 0.981
214.656 0.973
215.663 1.007
216.628 0.965
217.568 0.94
218.55 0.982
219.567 1.017
220.552 0.985
221.477 0.925
222.41 0.933
223.349 0.939
224.249 0.9
225.1 0.851
226.011 0.911
226.973 0.962
227.911 0.938
228.839 0.928
229.792 0.953
230.755 0.963
231.667 0.912
232.555 0.888
233.435 0.88
234.303 0.868
235.173 0.87
236.062 0.889
236.97 0.908
237.845 0.875
238.692 0.847
239.603 0.911
240.587 0.984
241.526 0.939
242.389 0.863
243.21 0.821
244.013 0.803
244.806 0.793
245.662 0.856
246.481 0.819
247.35 0.869
248.199 0.849
248.999 0.8
249.756 0.757
250.577 0.821
251.609 1.032
252.599 0.99
253.612 1.013
254.579 0.967
255.412 0.833
256.254 0.842
257.092 0.838
257.895 0.803
258.708 0.813
259.544 0.836
260.374 0.83
261.264 0.89
262.233 0.969
263.194 0.961
264.034 0.84
264.817 0.783
265.617 0.8
266.374 0.757
267.076 0.702
267.784 0.708
268.533 0.749
269.38 0.847
270.232 0.852
271.062 0.83
271.897 0.835
272.758 0.861
273.613 0.855
274.412 0.799
275.209 0.797
276.009 0.8
276.807 0.798
277.609 0.802
278.436 0.827
279.212 0.776
279.945 0.733
280.685 0.74
281.454 0.769
282.212 0.758
282.987 0.775
283.811 0.824
284.631 0.82
285.504 0.873
286.496 0.992
287.441 0.945
288.34 0.899
289.267 0.927
290.158 0.891
291.014 0.856
291.786 0.772
292.54 0.754
293.263 0.723
294.003 0.74
294.982 0.979
295.937 0.955
296.889 0.952
297.934 1.045
298.974 1.04
299.965 0.991
300.998 1.033
302.045 1.047
303.089 1.044
304.096 1.007
305.138 1.042
306.231 1.093
307.275 1.044
308.218 0.943
309.201 0.983
310.249 1.048
311.276 1.027
312.32 1.044
313.389 1.069
314.424 1.035
315.527 1.103
316.591 1.064
317.545 0.954
318.496 0.951
319.506 1.01
320.601 1.095
321.682 1.081
322.731 1.049
323.741 1.01
324.773 1.032
325.841 1.068
326.85 1.009
327.909 1.059
329.068 1.159
330.203 1.135
331.274 1.071
332.39 1.116
333.538 1.148
334.627 1.089
335.677 1.05
336.703 1.026
337.792 1.089
338.875 1.083
339.898 1.023
340.846 0.948
341.813 0.967
342.851 1.038
343.879 1.028
344.855 0.976
345.931 1.076
347.027 1.096
348.164 1.137
349.191 1.027
350.277 1.086
351.412 1.135
352.545 1.133
353.537 0.992
354.532 0.995
355.538 1.006
356.568 1.03
357.573 1.005
358.59 1.017
359.604 1.014
360.634 1.03
361.644 1.01
362.696 1.052
363.691 0.995
364.631 0.94
365.632 1.001
366.6 0.968
367.498 0.898
368.412 0.914
369.381 0.969
370.334 0.953
371.261 0.927
372.242 0.981
373.268 1.026
374.196 0.928
375.147 0.951
376.202 1.055
377.299 1.097
378.374 1.075
379.369 0.995
380.309 0.94
381.364 1.055
382.498 1.134
383.547 1.049
384.525 0.978
385.523 0.998
386.566 1.043
387.637 1.071
388.654 1.017
389.701 1.047
390.753 1.052
391.781 1.028
392.748 0.967
393.755 1.007
394.69 0.935
395.501 0.811
396.317 0.816
397.152 0.835
398.003 0.851
398.969 0.966
399.948 0.979
400.853 0.905
401.792 0.939
402.771 0.979
403.747 0.976
404.691 0.944
405.578 0.887
406.458 0.88
407.366 0.908
408.264 0.898
409.118 0.854
409.982 0.864
410.946 0.964
411.99 1.044
413.043 1.053
414.093 1.05
415.134 1.041
416.083 0.949
416.996 0.913
418.0 1.004
419.026 1.026
420.037 1.011
421.073 1.036
422.142 1.069
423.159 1.017
424.156 0.997
425.204 1.048
426.263 1.059
427.229 0.966
428.2 0.971
429.259 1.059
430.394 1.135
431.387 0.993
432.36 0.973
433.387 1.027
434.266 0.879
435.089 0.823
435.912 0.823
436.984 1.072
438.127 1.143
439.252 1.125
440.314 1.062
441.295 0.981
442.203 0.908
443.075 0.872
443.958 0.883
444.935 0.977
445.942 1.007
446.929 0.987
447.864 0.935
448.812 0.948
449.767 0.955
450.676 0.909
451.574 0.898
452.419 0.845
453.189 0.77
453.978 0.789
454.802 0.824
455.679 0.877
456.721 1.042
457.727 1.006
458.709 0.982
459.733 1.024
460.73 0.997
461.604 0.874
462.529 0.925
463.497 0.968
464.378 0.881
465.225 0.847
466.186 0.961
467.202 1.016
468.204 1.002
469.127 0.923
470.011 0.884
470.829 0.818
471.608 0.779
472.392 0.784
473.183 0.791
474.053 0.87
475.019 0.966
476.05 1.031
477.073 1.023
478.07 0.997
479.058 0.988
479.986 0.928
480.93 0.944
481.884 0.954
482.856 0.972
483.764 0.908
484.62 0.856
485.536 0.916
486.536 1.0
487.53 0.994
488.432 0.902
489.249 0.817
490.132 0.883
491.127 0.995
492.05 0.923
492.979 0.929
494.016 1.037
495.097 1.081
496.086 0.989
497.059 0.973
498.102 1.043
499.145 1.043
500.14 0.995
501.163 1.023
502.122 0.959
503.067 0.945
504.095 1.028
505.183 1.088
506.203 1.02
507.114 0.911
508.086 0.972
509.097 1.011
510.076 0.979
511.0 0.924
511.958 0.958
512.889 0.931
513.867 0.978
514.914 1.047
515.889 0.975
516.788 0.899
517.763 0.975
518.821 1.058
519.851 1.03
520.788 0.937
521.734 0.946
522.669 0.935
523.598 0.929
524.601 1.003
525.615 1.014
526.613 0.998
527.645 1.032
528.639 0.994
529.613 0.974
530.624 1.011
531.581 0.957
532.463 0.882
533.43 0.967
534.432 1.002
535.431 0.999
536.472 1.041
537.483 1.011
538.475 0.992
539.502 1.027
540.48 0.978
541.447 0.967
542.386 0.939
543.365 0.979
544.336 0.971
545.363 1.027
546.374 1.011
547.304 0.93
548.207 0.903
549.107 0.9
550.051 0.944
550.995 0.944
551.863 0.868
552.771 0.908
553.679 0.908
554.527 0.848
555.403 0.876
556.311 0.908
557.256 0.945
558.155 0.899
559.027 0.872
559.902 0.875
560.729 0.827
561.556 0.827
562.426 0.87
563.279 0.853
564.079 0.8
564.85 0.771
565.639 0.789
566.482 0.843
567.371 0.889
568.278 0.907
569.213 0.935
570.183 0.97
571.126 0.943
571.945 0.819
572.732 0.787
573.572 0.84
574.37 0.798
575.119 0.749
575.873 0.754
576.699 0.826
577.578 0.879
578.395 0.817
579.189 0.794
580.028 0.839
580.931 0.903
581.907 0.976
582.951 1.044
583.976 1.025
585.011 1.035
586.065 1.054
587.114 1.049
588.166 1.052
589.17 1.004
590.091 0.921
591.073 0.982
592.157 1.084
593.21 1.053
594.261 1.051
595.304 1.043
596.226 0.922
597.235 1.009
598.297 1.062
599.349 1.052
600.367 1.018
601.451 1.084
602.475 1.024
603.435 0.96
604.426 0.991
605.47 1.044
606.486 1.016