0.000 0.878
0.878 0.878
1.819 0.941
2.684 0.865
3.549 0.865
4.515 0.966
5.462 0.947
6.364 0.902
7.275 0.911
8.209 0.934
9.115 0.906
10.042 0.927
10.982 0.94
11.83 0.848
12.671 0.841
13.504 0.833
14.342 0.838
15.143 0.801
15.947 0.804
16.748 0.801
17.496 0.748
18.291 0.795
19.048 0.757
19.801 0.753
20.578 0.777
21.323 0.745
22.054 0.731
22.845 0.791
23.644 0.799
24.457 0.813
25.26 0.803
26.055 0.795
26.926 0.871
27.822 0.896
28.776 0.954
29.717 0.941
30.571 0.854
31.507 0.936
32.438 0.931
33.404 0.966
34.396 0.992
35.327 0.931
36.301 0.974
37.281 0.98
38.202 0.921
39.206 1.004
40.202 0.996
41.148 0.946
42.166 1.018
43.156 0.99
44.169 1.013
45.154 0.985
45.983 0.829
46.892 0.909
47.786 0.894
48.646 0.86
49.486 0.84
50.397 0.911
51.228 0.831
52.104 0.876
52.926 0.822
53.848 0.922
54.706 0.858
55.588 0.882
56.53 0.942
57.421 0.891
58.412 0.991
59.368 0.956
60.331 0.963
61.288 0.957
62.297 1.009
63.303 1.006
64.32 1.017
65.371 1.051
66.428 1.057
67.472 1.044
68.454 0.982
69.404 0.95
70.414 1.01
71.365 0.951
72.357 0.992
73.359 1.002
74.335 0.976
75.406 1.071
76.484 1.078
77.513 1.029
78.428 0.915
79.374 0.946
80.438 1.064
81.583 1.145
82.674 1.091
83.636 0.962
84.69 1.054
85.767 1.077
86.758 0.991
87.715 0.957
88.611 0.896
89.474 0.863
90.432 0.958
91.389 0.957
92.262 0.873
93.158 0.896
94.167 1.009
95.202 1.035
96.142 0.94
97.117 0.975
98.066 0.949
98.943 0.877
99.901 0.958
100.908 1.007
101.852 0.944
102.823 0.971
103.876 1.053
104.813 0.937
105.765 0.952
106.749 0.984
107.671 0.922
108.655 0.984
109.587 0.932
110.53 0.943
111.451 0.921
112.336 0.885
113.218 0.882
114.125 0.907
114.99 0.865
115.925 0.935
116.809 0.884
117.752 0.943
118.724 0.972
119.753 1.029
120.746 0.993
121.678 0.932
122.566 0.888
123.483 0.917
124.483 1.0
125.482 0.999
126.443 0.961
127.445 1.002
128.484 1.039
129.469 0.985
130.506 1.037
131.525 1.019
132.54 1.015
133.636 1.096
134.736 1.1
135.825 1.089
136.813 0.988
137.824 1.011
138.877 1.053
139.913 1.036
140.905 0.992
141.94 1.035
142.875 0.935
143.912 1.037
144.974 1.062
146.14 1.166
147.258 1.118
148.382 1.124
149.414 1.032
150.447 1.033
151.446 0.999
152.436 0.99
153.465 1.029
154.531 1.066
155.616 1.085
156.724 1.108
157.826 1.102
158.881 1.055
159.9 1.019
160.897 0.997
161.849 0.952
162.817 0.968
163.665 0.848
164.536 0.871
165.607 1.071
166.637 1.03
167.689 1.052
168.604 0.915
169.52 0.916
170.526 1.006
171.456 0.93
172.395 0.939
173.34 0.945
174.216 0.876
175.127 0.911
176.074 0.947
176.905 0.831
177.734 0.829
178.55 0.816
179.398 0.848
180.236 0.838
181.077 0.841
181.893 0.816
182.717 0.824
183.53 0.813
184.342 0.812
185.131 0.789
185.914 0.783
186.687 0.773
187.408 0.721
188.149 0.741
188.883 0.734
189.63 0.747
190.408 0.778
191.188 0.78
191.965 0.777
192.698 0.733
193.487 0.789
194.262 0.775
195.054 0.792
195.864 0.81
196.683 0.819
197.461 0.778
198.279 0.818
199.123 0.844
199.994 0.871
200.861 0.867
201.667 0.806
202.519 0.852
203.37 0.851
204.221 0.851
205.059 0.838
205.892 0.833
206.69 0.798
207.431 0.741
208.219 0.788
209.007 0.788
209.805 0.798
210.69 0.885
211.614 0.924
212.425 0.811
213.306 0.881
214.199 0.893
215.066 0.867
215.976 0.91
216.906 0.93
217.758 0.852
218.751 0.993
219.711 0.96
220.723 1.012
221.697 0.974
222.713 1.016
223.647 0.934
224.599 0.952
225.544 0.945
226.47 0.926
227.277 0.807
228.122 0.845
228.928 0.806
229.801 0.873
230.727 0.926
231.595 0.868
232.513 0.918
233.343 0.83
234.236 0.893
235.121 0.885
236.106 0.985
236.992 0.886
237.935 0.943
238.886 0.951
239.787 0.901
240.658 0.871
241.528 0.87
242.362 0.834
243.215 0.853
244.13 0.915
245.047 0.917
245.944 0.897
246.889 0.945
247.761 0.872
248.66 0.899
249.584 0.924
250.465 0.881
251.41 0.945
252.312 0.902
253.256 0.944
254.161 0.905
255.071 0.91
255.907 0.836
256.806 0.899
257.699 0.893
258.546 0.847
259.467 0.921
260.453 0.986
261.495 1.042
262.544 1.049
263.594 1.05
264.558 0.964
265.485 0.927
266.412 0.927
267.328 0.916
268.18 0.852
269.035 0.855
269.999 0.964
271.044 1.045
272.051 1.007
272.998 0.947
273.919 0.921
274.853 0.934
275.717 0.864
276.626 0.909
277.499 0.873
278.479 0.98
279.418 0.939
280.395 0.977
281.327 0.932
282.251 0.924
283.111 0.86
284.127 1.016
285.094 0.967
286.016 0.922
286.984 0.968
287.884 0.9
288.829 0.945
289.716 0.887
290.701 0.985
291.637 0.936
292.662 1.025
293.725 1.063
294.79 1.065
295.748 0.958
296.739 0.991
297.82 1.081
298.869 1.049
299.793 0.924
300.755 0.962
301.631 0.876
302.438 0.807
303.337 0.899
304.329 0.992
305.382 1.053
306.514 1.132
307.678 1.164
308.748 1.07
309.812 1.064
310.843 1.031
311.815 0.972
312.765 0.95
313.866 1.101
314.967 1.101
315.998 1.031
317.049 1.051
318.004 0.955
318.987 0.983
320.005 1.018
320.946 0.941
321.875 0.929
322.84 0.965
323.817 0.977
324.795 0.978
325.709 0.914
326.615 0.906
327.539 0.924
328.391 0.852
329.272 0.881
330.083 0.811
330.991 0.908
331.875 0.884
332.879 1.004
333.831 0.952
334.814 0.983
335.77 0.956
336.731 0.961
337.763 1.032
338.796 1.033
339.848 1.052
340.909 1.061
341.929 1.02
342.968 1.039
343.962 0.994
344.91 0.948
345.9 0.99
346.865 0.965
347.738 0.873
348.595 0.857
349.463 0.868
350.321 0.858
351.425 1.104
352.503 1.078
353.586 1.083
354.687 1.101
355.819 1.132
356.829 1.01
357.817 0.988
358.805 0.988
359.89 1.085
360.989 1.099
362.065 1.076
363.124 1.059
364.204 1.08
365.261 1.057
366.216 0.955
367.14 0.924
368.091 0.951
369.098 1.007
370.119 1.021
371.05 0.931
372.059 1.009
373.072 1.013
374.109 1.037
375.082 0.973
376.087 1.005
377.083 0.996
378.012 0.929
379.016 1.004
379.944 0.928
380.882 0.938
381.774 0.892
382.589 0.815
383.441 0.852
384.314 0.873
385.179 0.865
386.08 0.901
386.982 0.902
387.841 0.859
388.693 0.852
389.546 0.853
390.358 0.812
391.195 0.837
392.076 0.881
392.974 0.898
393.827 0.853
394.651 0.824
395.444 0.793
396.215 0.771
397.053 0.838
397.979 0.926
398.914 0.935
399.959 1.045
400.946 0.987
401.949 1.003
402.845 0.896
403.763 0.918
404.661 0.898
405.567 0.906
406.385 0.818
407.186 0.801
408.05 0.864
408.957 0.907
409.891 0.934
410.789 0.898
411.691 0.902
412.624 0.933
413.589 0.965
414.55 0.961
415.509 0.959
416.406 0.897
417.25 0.844
418.113 0.863
419.104 0.991
420.122 1.018
421.186 1.064
422.189 1.003
423.243 1.054
424.252 1.009
425.239 0.987
426.101 0.862
426.861 0.76
427.648 0.787
428.58 0.932
429.613 1.033
430.719 1.106
431.868 1.149
432.894 1.026
433.965 1.071
435.013 1.048
435.972 0.959
436.893 0.921
437.857 0.964
438.852 0.995
439.897 1.045
440.899 1.002
441.983 1.084
443.103 1.12
444.207 1.104
445.252 1.045
446.333 1.081
447.389 1.056
448.342 0.953
449.22 0.878
450.069 0.849
450.848 0.779
451.676 0.828
452.492 0.816
453.331 0.839
454.135 0.804
454.952 0.817
455.749 0.797
456.491 0.742
457.195 0.704
457.903 0.708
458.608 0.705
459.327 0.719
460.065 0.738
460.847 0.782
461.614 0.767
462.401 0.787
463.128 0.727
463.871 0.743
464.649 0.778
465.402 0.753
466.122 0.72
466.838 0.716
467.537 0.699
468.236 0.699
468.988 0.752
469.857 0.869
470.824 0.967
471.869 1.045
472.908 1.039
473.857 0.949
474.807 0.95
475.766 0.959
476.715 0.949
477.591 0.876
478.581 0.99
479.612 1.031
480.755 1.143
481.902 1.147
482.987 1.085
483.982 0.995
485.055 1.073
486.162 1.107
487.251 1.089
488.367 1.116
489.546 1.179
490.608 1.062
491.701 1.093
492.816 1.115
493.863 1.047
494.889 1.026
495.958 1.069
496.91 0.952
497.899 0.989
498.989 1.09
500.033 1.044
501.034 1.001
502.127 1.093
503.129 1.002
504.193 1.064
505.182 0.989
506.338 1.156
507.381 1.043
508.309 0.928
509.286 0.977
510.253 0.967
511.286 1.033
512.295 1.009
513.195 0.9
513.975 0.78
514.776 0.801
515.578 0.802
516.352 0.774
517.142 0.79
517.98 0.838
518.846 0.866
519.742 0.896
520.645 0.903
521.582 0.937
522.485 0.903
523.402 0.917
524.379 0.977
525.293 0.914
526.255 0.962
527.208 0.953
528.114 0.906
529.076 0.962
530.073 0.997
531.043 0.97
531.957 0.914
532.807 0.85
533.736 0.929
534.709 0.973
535.644 0.935
536.708 1.064
537.79 1.082
538.818 1.028
539.796 0.978
540.896 1.1
541.949 1.053
542.915 0.966
543.955 1.04
545.022 1.067
546.004 0.982
546.989 0.985
548.051 1.062
549.089 1.038
550.054 0.965
551.125 1.071
552.19 1.065
553.182 0.992
554.194 1.012
555.154 0.96
556.032 0.878
557.012 0.98
558.072 1.06
559.077 1.005
560.11 1.033
561.173 1.063
562.178 1.005
563.215 1.037
564.219 1.004
565.143 0.924
566.043 0.9
567.013 0.97
568.074 1.061
569.143 1.069
570.124 0.981
571.114 0.99
572.1 0.986
573.103 1.003
574.177 1.074
575.221 1.044
576.254 1.033
577.245 0.991
578.215 0.97
579.311 1.096
580.39 1.079
581.352 0.962
582.352 1.0
583.266 0.914
584.215 0.949
585.404 1.189
586.59 1.186
587.656 1.066
588.704 1.048
589.778 1.074
590.775 0.997
591.75 0.975
592.785 1.035
593.785 1.0
594.718 0.933
595.727 1.009
596.705 0.978
597.607 0.902
598.624 1.017
599.693 1.069
600.782 1.089
601.74 0.958
602.705 0.965
603.701 0.996
604.738 1.037
605.672 0.934
606.491 0.819
607.269 0.778
608.025 0.756
609.1 1.075