0.000 1.081
1.081 1.081
2.057 0.976
3.034 0.977
4.027 0.993
4.903 0.876
5.848 0.945
6.758 0.91
7.807 1.049
8.829 1.022
9.917 1.088
11.002 1.085
12.055 1.053
13.142 1.087
14.092 0.95
15.103 1.011
16.144 1.041
17.073 0.929
18.169 1.096
19.257 1.088
20.378 1.121
21.566 1.188
22.746 1.18
23.982 1.236
25.17 1.188
26.272 1.102
27.282 1.01
28.285 1.003
29.245 0.96
30.176 0.931
31.315 1.139
32.373 1.058
33.531 1.158
34.681 1.15
35.838 1.157
37.062 1.224
38.204 1.142
39.371 1.167
40.432 1.061
41.605 1.173
42.702 1.097
43.95 1.248
45.028 1.078
46.2 1.172
47.298 1.098
48.35 1.052
49.325 0.975
50.457 1.132
51.554 1.097
52.629 1.075
53.678 1.049
54.77 1.092
55.77 1.0
56.912 1.142
58.015 1.103
59.153 1.138
60.203 1.05
61.349 1.146
62.39 1.041
63.528 1.138
64.636 1.108
65.701 1.065
66.791 1.09
67.868 1.077
68.985 1.117
70.128 1.143
71.241 1.113
72.392 1.151
73.476 1.084
74.653 1.177
75.736 1.083
76.872 1.136
77.902 1.03
79.01 1.108
80.113 1.103
81.141 1.028
82.283 1.142
83.371 1.088
84.46 1.089
85.58 1.12
86.572 0.992
87.628 1.056
88.624 0.996
89.736 1.112
90.864 1.128
92.025 1.161
93.063 1.038
94.12 1.057
95.192 1.072
96.264 1.072
97.26 0.996
98.337 1.077
99.343 1.006
100.294 0.951
101.246 0.952
102.205 0.959
103.176 0.971
104.172 0.996
105.128 0.956
106.141 1.013
107.129 0.988
108.179 1.05
109.212 1.033
110.299 1.087
111.368 1.069
112.367 0.999
113.417 1.05
114.404 0.987
115.503 1.099
116.603 1.1
117.77 1.167
118.81 1.04
119.917 1.107
120.956 1.039
122.066 1.11
123.115 1.049
124.256 1.141
125.307 1.051
126.435 1.128
127.527 1.092
128.636 1.109
129.778 1.142
130.814 1.036
131.94 1.126
132.914 0.974
133.983 1.069
134.997 1.014
136.137 1.14
137.286 1.149
138.43 1.144
139.52 1.09
140.568 1.048
141.651 1.083
142.62 0.969
143.669 1.049
144.722 1.053
145.837 1.115
146.958 1.121
147.961 1.003
149.125 1.164
150.175 1.05
151.337 1.162
152.358 1.021
153.466 1.108
154.49 1.024
155.561 1.071
156.685 1.124
157.775 1.09
158.911 1.136
160.022 1.111
161.11 1.088
162.071 0.961
163.171 1.1
164.205 1.034
165.306 1.101
166.462 1.156
167.598 1.136
168.799 1.201
169.906 1.107
171.036 1.13
172.051 1.015
172.998 0.947
174.048 1.05
175.087 1.039
176.125 1.038
177.195 1.07
178.236 1.041
179.208 0.972
180.151 0.943
181.029 0.878
181.925 0.896
182.889 0.964
183.874 0.985
184.87 0.996
185.806 0.936
186.683 0.877
187.646 0.963
188.596 0.95
189.539 0.943
190.542 1.003
191.532 0.99
192.477 0.945
193.515 1.038
194.503 0.988
195.433 0.93
196.465 1.032
197.489 1.024
198.49 1.001
199.592 1.102
200.714 1.122
201.839 1.125
203.016 1.177
204.107 1.091
205.207 1.1
206.18 0.973
207.272 1.092
208.373 1.101
209.353 0.98
210.502 1.149
211.652 1.15
212.771 1.119
213.917 1.146
214.828 0.911
215.823 0.995
216.916 1.093
218.018 1.102
219.041 1.023
220.025 0.984
221.021 0.996
222.057 1.036
223.032 0.975
224.115 1.083
225.131 1.016
226.183 1.052
227.283 1.1
228.369 1.086
229.42 1.051
230.576 1.156
231.722 1.146
232.764 1.042
233.931 1.167
235.062 1.131
236.148 1.086
237.34 1.192
238.399 1.059
239.367 0.968
240.314 0.947
241.421 1.107
242.586 1.165
243.75 1.164
244.84 1.09
245.859 1.019
246.919 1.06
248.021 1.102
249.023 1.002
250.151 1.128
251.301 1.15
252.392 1.091
253.474 1.082
254.582 1.108
255.638 1.056
256.611 0.973
257.603 0.992
258.54 0.937
259.487 0.947
260.386 0.899
261.334 0.948
262.376 1.042
263.405 1.029
264.427 1.022
265.504 1.077
266.518 1.014
267.611 1.093
268.708 1.097
269.708 1.0
270.798 1.09
271.905 1.107
272.925 1.02
274.072 1.147
275.131 1.059
276.25 1.119
277.351 1.101
278.381 1.03
279.479 1.098
280.46 0.981
281.555 1.095
282.541 0.986
283.61 1.069
284.567 0.957
285.518 0.951
286.525 1.007
287.673 1.148
288.653 0.98
289.742 1.089
290.791 1.049
291.878 1.087
293.048 1.17
294.096 1.048
295.274 1.178
296.337 1.063
297.506 1.169
298.609 1.103
299.703 1.094
300.797 1.094
301.851 1.054
303.018 1.167
304.087 1.069
305.269 1.182
306.305 1.036
307.456 1.151
308.51 1.054
309.583 1.073
310.793 1.21
311.906 1.113
313.025 1.119
314.198 1.173
315.264 1.066
316.452 1.188
317.63 1.178
318.73 1.1
319.807 1.077
320.962 1.155
322.093 1.131
323.139 1.046
324.3 1.161
325.433 1.133
326.539 1.106
327.719 1.18
328.838 1.119
330.009 1.171
331.07 1.061
332.151 1.081
333.195 1.044
334.243 1.048
335.372 1.129
336.368 0.996
337.523 1.155
338.605 1.082
339.645 1.04
340.822 1.177
341.89 1.068
343.019 1.129
344.141 1.122
345.208 1.067
346.363 1.155
347.427 1.064
348.407 0.98
349.38 0.973
350.384 1.004
351.501 1.117
352.572 1.071
353.59 1.018
354.658 1.068
355.627 0.969
356.552 0.925
357.552 1.0
358.504 0.952
359.548 1.044
360.601 1.053
361.621 1.02
362.697 1.076
363.705 1.008
364.734 1.029
365.787 1.053
366.754 0.967
367.829 1.075
368.86 1.031
369.921 1.061
371.041 1.12
372.108 1.067
373.274 1.166
374.368 1.094
375.541 1.173
376.592 1.051
377.675 1.083
378.792 1.117
379.865 1.073
380.973 1.108
382.089 1.116
383.111 1.022
384.219 1.108
385.278 1.059
386.353 1.075
387.391 1.038
388.454 1.063
389.496 1.042
390.441 0.945
391.458 1.017
392.522 1.064
393.615 1.093
394.571 0.956
395.633 1.062
396.736 1.103
397.787 1.051
398.77 0.983
399.688 0.918
400.623 0.935
401.616 0.993
402.55 0.934
403.52 0.97
404.523 1.003
405.504 0.981
406.503 0.999
407.44 0.937
408.457 1.017
409.482 1.025
410.534 1.052
411.613 1.079
412.672 1.059
413.783 1.111
414.842 1.059
415.94 1.098
417.016 1.076
418.07 1.054
419.201 1.131
420.294 1.093
421.443 1.149
422.516 1.073
423.623 1.107
424.745 1.122
425.824 1.079
426.777 0.953
427.726 0.949
428.79 1.064
429.769 0.979
430.866 1.097
431.974 1.108
433.097 1.123
434.289 1.192
435.403 1.114
436.498 1.095
437.552 1.054
438.607 1.055
439.562 0.955
440.428 0.866
441.298 0.87
442.316 1.018
443.593 1.277
444.813 1.22
445.933 1.12
447.129 1.196
448.204 1.075
449.327 1.123
450.436 1.109
451.483 1.047
452.562 1.079
453.598 1.036
454.693 1.095
455.691 0.998
456.679 0.988
457.594 0.915
458.557 0.963
459.502 0.945
460.558 1.056
461.614 1.056
462.697 1.083
463.763 1.066
464.784 1.021
465.842 1.058
466.828 0.986
467.823 0.995
468.838 1.015
469.915 1.077
470.909 0.994
471.978 1.069
472.926 0.948
473.893 0.967
474.85 0.957
475.78 0.93
476.776 0.996
477.869 1.093
478.937 1.068
479.991 1.054
481.023 1.032
482.105 1.082
483.178 1.073
484.175 0.997
485.307 1.132
486.359 1.052
487.445 1.086
488.533 1.088
489.486 0.953
490.383 0.897
491.383 1.0
492.6 1.217
493.893 1.293
495.091 1.198
496.233 1.142
497.326 1.093
498.343 1.017
499.374 1.031
500.397 1.023
501.391 0.994
502.451 1.06
503.454 1.003
504.532 1.078
505.614 1.082
506.715 1.101
507.876 1.161
508.889 1.013
510.027 1.138
511.202 1.175
512.311 1.109
513.461 1.15
514.507 1.046
515.59 1.083
516.653 1.063
517.686 1.033
518.789 1.103
519.861 1.072
520.96 1.099
522.124 1.164
523.227 1.103
524.39 1.163
525.423 1.033
526.521 1.098
527.669 1.148
528.752 1.083
529.875 1.123
530.993 1.118
531.998 1.005
533.13 1.132
534.147 1.017
535.101 0.954
536.17 1.069
537.305 1.135
538.384 1.079
539.53 1.146
540.656 1.126
541.757 1.101
542.891 1.134
543.957 1.066
545.078 1.121
546.141 1.063
547.275 1.134
548.398 1.123
549.467 1.069
550.523 1.056
551.55 1.027
552.608 1.058
553.572 0.964
554.649 1.077
555.704 1.055
556.742 1.038
557.818 1.076
558.852 1.034
559.961 1.109
561.028 1.067
562.139 1.111
563.287 1.148
564.36 1.073
565.459 1.099
566.553 1.094
567.751 1.198
568.824 1.073
569.896 1.072
570.959 1.063
571.921 0.962
572.813 0.892
573.741 0.928
574.69 0.949
575.756 1.066
576.752 0.996
577.759 1.007
578.808 1.049
579.847 1.039
580.792 0.945
581.666 0.874
582.562 0.896
583.571 1.009
584.674 1.103
585.712 1.038
586.787 1.075
587.885 1.098
588.836 0.951
589.854 1.018
590.895 1.041
591.964 1.069
592.948 0.984
593.971 1.023
594.978 1.007
595.925 0.947
596.907 0.982
597.839 0.932
598.836 0.997
599.827 0.991