0.000 0.964
0.964 0.964
1.887 0.923
2.868 0.981
3.848 0.98
4.789 0.941
5.763 0.974
6.73 0.967
7.678 0.948
8.62 0.942
9.504 0.884
10.419 0.915
11.268 0.849
12.157 0.889
13.043 0.886
13.953 0.91
14.907 0.954
15.816 0.909
16.725 0.909
17.655 0.93
18.539 0.884
19.37 0.831
20.215 0.845
21.116 0.901
22.04 0.924
23.059 1.019
24.025 0.966
25.093 1.068
26.113 1.02
27.035 0.922
28.006 0.971
29.043 1.037
30.016 0.973
30.981 0.965
31.997 1.016
32.971 0.974
33.904 0.933
34.919 1.015
35.96 1.041
36.895 0.935
37.892 0.997
38.896 1.004
39.887 0.991
40.942 1.055
41.907 0.965
42.943 1.036
43.974 1.031
44.978 1.004
46.056 1.078
47.075 1.019
48.058 0.983
49.043 0.985
50.02 0.977
51.035 1.015
52.016 0.981
53.074 1.058
54.097 1.023
55.123 1.026
56.115 0.992
57.085 0.97
58.083 0.998
59.055 0.972
60.146 1.091
61.138 0.992
62.196 1.058
63.213 1.017
64.216 1.003
65.277 1.061
66.263 0.986
67.336 1.073
68.363 1.027
69.438 1.075
70.5 1.062
71.499 0.999
72.58 1.081
73.626 1.046
74.755 1.129
75.787 1.032
76.785 0.998
77.877 1.092
78.922 1.045
79.986 1.064
81.076 1.09
82.141 1.065
83.253 1.112
84.265 1.012
85.338 1.073
86.386 1.048
87.456 1.07
88.549 1.093
89.565 1.016
90.66 1.095
91.685 1.025
92.771 1.086
93.848 1.077
94.904 1.056
95.938 1.034
96.948 1.01
97.987 1.039
98.991 1.004
100.027 1.036
100.981 0.954
101.924 0.943
102.875 0.951
103.852 0.977
104.944 1.092
105.973 1.029
107.014 1.041
108.08 1.066
109.198 1.118
110.28 1.082
111.261 0.981
112.359 1.098
113.322 0.963
114.398 1.076
115.44 1.042
116.362 0.922
117.497 1.135
118.586 1.089
119.67 1.084
120.696 1.026
121.699 1.003
122.739 1.04
123.726 0.987
124.876 1.15
125.933 1.057
127.016 1.083
128.058 1.042
129.06 1.002
130.069 1.009
131.003 0.934
131.984 0.981
132.981 0.997
134.02 1.039
135.043 1.023
136.12 1.077
137.145 1.025
138.132 0.987
139.23 1.098
140.319 1.089
141.357 1.038
142.356 0.999
143.293 0.937
144.263 0.97
145.243 0.98
146.202 0.959
147.277 1.075
148.282 1.005
149.203 0.921
150.11 0.907
151.113 1.003
152.134 1.021
153.231 1.097
154.257 1.026
155.391 1.134
156.499 1.108
157.493 0.994
158.621 1.128
159.676 1.055
160.724 1.048
161.864 1.14
162.857 0.993
163.985 1.128
165.105 1.12
166.179 1.074
167.285 1.106
168.233 0.948
169.271 1.038
170.315 1.044
171.296 0.981
172.333 1.037
173.359 1.026
174.345 0.986
175.352 1.007
176.335 0.983
177.352 1.017
178.305 0.953
179.299 0.994
180.272 0.973
181.27 0.998
182.256 0.986
183.217 0.961
184.162 0.945
185.085 0.923
186.024 0.939
186.922 0.898
187.868 0.946
188.837 0.969
189.811 0.974
190.791 0.98
191.709 0.918
192.741 1.032
193.705 0.964
194.667 0.962
195.669 1.002
196.611 0.942
197.6 0.989
198.57 0.97
199.569 0.999
200.576 1.007
201.525 0.949
202.514 0.989
203.53 1.016
204.472 0.942
205.419 0.947
206.356 0.937
207.302 0.946
208.228 0.926
209.171 0.943
210.136 0.965
211.072 0.936
212.076 1.004
213.041 0.965
213.982 0.941
214.947 0.965
215.83 0.883
216.754 0.924
217.711 0.957
218.634 0.923
219.614 0.98
220.527 0.913
221.482 0.955
222.489 1.007
223.496 1.007
224.512 1.016
225.471 0.959
226.455 0.984
227.433 0.978
228.389 0.956
229.457 1.068
230.462 1.005
231.463 1.001
232.549 1.086
233.524 0.975
234.542 1.018
235.536 0.994
236.491 0.955
237.464 0.973
238.339 0.875
239.219 0.88
240.099 0.88
241.121 1.022
242.064 0.943
243.081 1.017
244.059 0.978
245.075 1.016
246.101 1.026
247.125 1.024
248.199 1.074
249.235 1.036
250.239 1.004
251.227 0.988
252.316 1.089
253.339 1.023
254.427 1.088
255.465 1.038
256.542 1.077
257.608 1.066
258.62 1.012
259.65 1.03
260.644 0.994
261.733 1.089
262.762 1.029
263.829 1.067
264.813 0.984
265.824 1.011
266.795 0.971
267.804 1.009
268.896 1.092
269.921 1.025
270.977 1.056
272.013 1.036
273.111 1.098
274.212 1.101
275.246 1.034
276.331 1.085
277.347 1.016
278.386 1.039
279.364 0.978
280.335 0.971
281.261 0.926
282.229 0.968
283.249 1.02
284.172 0.923
285.148 0.976
286.155 1.007
287.16 1.005
288.149 0.989
289.195 1.046
290.275 1.08
291.283 1.008
292.433 1.15
293.532 1.099
294.594 1.062
295.677 1.083
296.649 0.972
297.6 0.951
298.637 1.037
299.564 0.927
300.532 0.968
301.614 1.082
302.578 0.964
303.602 1.024
304.646 1.044
305.653 1.007
306.657 1.004
307.692 1.035
308.697 1.005
309.632 0.935
310.589 0.957
311.589 1.0
312.584 0.995
313.674 1.09
314.766 1.092
315.78 1.014
316.888 1.108
317.896 1.008
319.005 1.109
320.037 1.032
320.99 0.953
322.078 1.088
323.184 1.106
324.167 0.983
325.283 1.116
326.305 1.022
327.326 1.021
328.376 1.05
329.355 0.979
330.334 0.979
331.317 0.983
332.227 0.91
333.172 0.945
334.159 0.987
335.104 0.945
336.065 0.961
337.041 0.976
338.048 1.007
339.01 0.962
339.966 0.956
340.962 0.996
341.911 0.949
342.884 0.973
343.865 0.981
344.818 0.953
345.745 0.927
346.722 0.977
347.691 0.969
348.703 1.012
349.623 0.92
350.602 0.979
351.516 0.914
352.432 0.916
353.375 0.943
354.307 0.932
355.39 1.083
356.448 1.058
357.427 0.979
358.468 1.041
359.491 1.023
360.527 1.036
361.628 1.101
362.673 1.045
363.67 0.997
364.693 1.023
365.691 0.998
366.71 1.019
367.658 0.948
368.681 1.023
369.598 0.917
370.56 0.962
371.545 0.985
372.557 1.012
373.469 0.912
374.521 1.052
375.586 1.065
376.635 1.049
377.732 1.097
378.815 1.083
379.875 1.06
380.876 1.001
381.932 1.056
382.911 0.979
383.932 1.021
384.954 1.022
385.966 1.012
387.062 1.096
388.036 0.974
389.066 1.03
390.129 1.063
391.033 0.904
392.051 1.018
393.097 1.046
394.1 1.003
394.982 0.882
395.91 0.928
396.878 0.968
397.824 0.946
398.87 1.046
399.895 1.025
400.975 1.08
402.013 1.038
403.015 1.002
404.05 1.035
405.004 0.954
405.985 0.981
406.93 0.945
407.843 0.913
408.711 0.868
409.528 0.817
410.362 0.834
411.232 0.87
412.202 0.97
413.2 0.998
414.195 0.995
415.235 1.04
416.201 0.966
417.207 1.006
418.197 0.99
419.102 0.905
420.045 0.943
421.006 0.961
421.985 0.979
423.012 1.027
424.109 1.097
425.083 0.974
426.153 1.07
427.202 1.049
428.247 1.045
429.295 1.048
430.271 0.976
431.319 1.048
432.319 1.0
433.371 1.052
434.477 1.106
435.52 1.043
436.66 1.14
437.757 1.097
438.9 1.143
439.928 1.028
440.941 1.013
442.072 1.131
443.117 1.045
444.2 1.083
445.233 1.033
446.275 1.042
447.267 0.992
448.312 1.045
449.344 1.032
450.314 0.97
451.373 1.059
452.432 1.059
453.453 1.021
454.463 1.01
455.463 1.0
456.484 1.021
457.434 0.95
458.485 1.051
459.434 0.949
460.426 0.992
461.345 0.919
462.229 0.884
463.156 0.927
464.084 0.928
465.024 0.94
465.969 0.945
466.904 0.935
467.877 0.973
468.858 0.981
469.864 1.006
470.873 1.009
471.827 0.954
472.813 0.986
473.784 0.971
474.764 0.98
475.76 0.996
476.721 0.961
477.821 1.1
478.893 1.072
479.943 1.05
481.021 1.078
482.008 0.987
483.017 1.009
484.064 1.047
485.031 0.967
486.006 0.975
487.096 1.09
488.171 1.075
489.169 0.998
490.164 0.995
491.209 1.045
492.237 1.028
493.335 1.098
494.385 1.05
495.415 1.03
496.449 1.034
497.407 0.958
498.412 1.005
499.386 0.974
500.401 1.015
501.485 1.084
502.514 1.029
503.61 1.096
504.661 1.051
505.78 1.119
506.812 1.032
507.88 1.068
508.919 1.039
509.942 1.023
510.934 0.992
511.892 0.958
512.865 0.973
513.883 1.018
514.85 0.967
515.883 1.033
516.865 0.982
517.921 1.056
518.942 1.021
519.964 1.022
520.933 0.969
521.994 1.061
522.974 0.98
523.989 1.015
524.98 0.991
526.007 1.027
526.987 0.98
527.983 0.996
528.97 0.987
529.946 0.976
530.956 1.01
531.887 0.931
532.848 0.961
533.817 0.969
534.694 0.877
535.543 0.849
536.448 0.905
537.348 0.9
538.319 0.971
539.362 1.043
540.423 1.061
541.423 1.0
542.404 0.981
543.357 0.953
544.279 0.922
545.224 0.945
546.158 0.934
547.155 0.997
548.087 0.932
549.075 0.988
550.024 0.949
551.01 0.986
551.942 0.932
552.86 0.918
553.84 0.98
554.775 0.935
555.705 0.93
556.735 1.03
557.683 0.948
558.721 1.038
559.811 1.09
560.846 1.035
561.934 1.088
562.982 1.048
564.016 1.034
565.006 0.99
565.977 0.971
567.051 1.074
568.154 1.103
569.165 1.011
570.162 0.997
571.14 0.978
572.122 0.982
573.142 1.02
574.226 1.084
575.255 1.029
576.336 1.081
577.402 1.066
578.406 1.004
579.442 1.036
580.413 0.971
581.468 1.055
582.516 1.048
583.552 1.036
584.593 1.041
585.544 0.951
586.563 1.019
587.579 1.016
588.563 0.984
589.591 1.028
590.575 0.984
591.548 0.973
592.548 1.0
593.547 0.999
594.562 1.015
595.578 1.016
596.665 1.087
597.703 1.038
598.746 1.043
599.814 1.068
600.831 1.017
601.966 1.135
603.023 1.057
604.054 1.031
605.083 1.029
606.072 0.989
607.07 0.998
608.081 1.011
609.077 0.996