0.000 0.56
0.56 0.56
1.127 0.567
1.697 0.57
2.264 0.567
3.373 1.109
3.932 0.559
4.484 0.552
5.024 0.54
5.565 0.541
6.122 0.557
6.697 0.575
7.273 0.576
7.829 0.556
8.377 0.548
8.912 0.535
9.448 0.536
9.99 0.542
10.539 0.549
11.095 0.556
11.652 0.557
12.212 0.56
12.774 0.562
13.331 0.557
13.889 0.558
14.446 0.557
15.008 0.562
15.581 0.573
16.179 0.598
16.794 0.615
17.414 0.62
18.03 0.616
18.636 0.606
19.233 0.597
19.82 0.587
20.393 0.573
20.953 0.56
21.508 0.555
22.059 0.551
22.618 0.559
23.206 0.588
23.856 0.65
24.542 0.686
25.234 0.692
25.903 0.669
26.555 0.652
27.18 0.625
27.783 0.603
28.366 0.583
28.931 0.565
29.479 0.548
30.026 0.547
30.587 0.561
31.224 0.637
32.016 0.792
32.823 0.807
33.595 0.772
34.315 0.72
34.989 0.674
35.628 0.639
36.243 0.615
36.846 0.603
37.448 0.602
38.067 0.619
38.718 0.651
39.386 0.668
40.049 0.663
40.688 0.639
41.303 0.615
41.9 0.597
42.479 0.579
43.048 0.569
43.611 0.563
44.191 0.58
44.81 0.619
45.472 0.662
46.128 0.656
46.754 0.626
47.354 0.6
47.933 0.579
48.497 0.564
49.053 0.556
49.604 0.551
50.149 0.545
50.694 0.545
51.24 0.546
51.787 0.547
52.337 0.55
52.891 0.554
53.453 0.562
54.033 0.58
54.636 0.603
55.321 0.685
56.05 0.729
56.773 0.723
57.469 0.696
58.133 0.664
58.775 0.642
59.392 0.617
59.986 0.594
60.564 0.578
61.126 0.562
61.683 0.557
62.239 0.556
62.805 0.566
63.378 0.573
63.952 0.574
64.529 0.577
65.104 0.575
65.685 0.581
66.285 0.6
66.899 0.614
67.508 0.609
68.111 0.603
68.7 0.589
69.281 0.581
69.855 0.574
70.429 0.574
71.014 0.585
71.629 0.615
72.283 0.654
72.969 0.686
73.644 0.675
74.295 0.651
74.918 0.623
75.522 0.604
76.115 0.593
76.694 0.579
77.267 0.573
77.832 0.565
78.388 0.556
78.932 0.544
79.474 0.542
80.022 0.548
80.582 0.56
81.155 0.573
81.738 0.583
82.326 0.588
82.911 0.585
83.491 0.58
84.08 0.589
84.685 0.605
85.3 0.615
85.908 0.608
86.506 0.598
87.091 0.585
87.662 0.571
88.219 0.557
88.778 0.559
89.351 0.573
89.947 0.596
90.553 0.606
91.157 0.604
91.759 0.602
92.368 0.609
92.983 0.615
93.608 0.625
94.233 0.625
94.848 0.615
95.456 0.608
96.055 0.599
96.65 0.595
97.246 0.596
97.84 0.594
98.433 0.593
99.021 0.588
99.607 0.586
100.186 0.579
100.755 0.569
101.316 0.561
101.874 0.558
102.437 0.563
102.996 0.559
103.544 0.548
104.091 0.547
104.636 0.545
105.182 0.546
105.726 0.544
106.271 0.545
106.815 0.544
107.36 0.545
107.905 0.545
108.451 0.546
108.996 0.545
109.541 0.545
110.1 0.559
110.704 0.604
111.408 0.704
112.176 0.768
112.941 0.765
113.645 0.704
114.31 0.665
114.957 0.647
115.599 0.642
116.237 0.638
116.872 0.635
117.493 0.621
118.094 0.601
118.68 0.586
119.253 0.573
119.819 0.566
120.389 0.57
120.959 0.57
121.529 0.57
122.098 0.569
122.66 0.562
123.219 0.559
123.775 0.556
124.344 0.569
124.928 0.584
125.53 0.602
126.145 0.615
126.763 0.618
127.377 0.614
128.0 0.623
128.634 0.634
129.259 0.625
129.871 0.612
130.462 0.591
131.035 0.573
131.595 0.56
132.148 0.553
132.712 0.564
133.295 0.583
133.897 0.602
134.51 0.613
135.122 0.612
135.74 0.618
136.375 0.635
137.041 0.666
137.716 0.675
138.362 0.646
138.985 0.623
139.592 0.607
140.193 0.601
140.789 0.596
141.086 0.297
141.381 0.295
141.632 0.251
141.977 0.345
142.578 0.601
143.196 0.618
143.829 0.633
144.478 0.649
145.121 0.643
145.745 0.624
146.348 0.603
146.933 0.585
147.504 0.571
148.069 0.565
148.631 0.562
149.193 0.562
149.75 0.557
150.307 0.557
150.864 0.557
151.417 0.553
151.981 0.564
152.567 0.586
153.175 0.608
153.811 0.636
154.451 0.64
155.068 0.617
155.668 0.6
156.254 0.586
156.698 0.444
156.975 0.277
157.409 0.434
157.994 0.585
158.611 0.617
159.265 0.654
159.935 0.67
160.589 0.654
161.223 0.634
161.839 0.616
162.439 0.6
163.033 0.594
163.62 0.587
164.201 0.581
164.778 0.577
165.352 0.574
165.917 0.565
166.475 0.558
167.029 0.554
167.592 0.563
168.169 0.577
168.767 0.598
169.382 0.615
170.01 0.628
170.635 0.625
171.256 0.621
171.883 0.627
172.519 0.636
173.155 0.636
173.785 0.63
174.397 0.612
174.998 0.601
175.592 0.594
176.19 0.598
176.787 0.597
177.375 0.588
177.953 0.578
178.518 0.565
179.086 0.568
179.673 0.587
180.187 0.514
180.901 0.714
181.524 0.623
182.162 0.638
182.829 0.667
183.548 0.719
184.206 0.658
184.852 0.646
185.477 0.625
186.089 0.612
186.69 0.601
187.29 0.6
187.907 0.617
188.546 0.639
189.201 0.655
189.856 0.655
190.491 0.635
191.104 0.613
191.702 0.598
192.293 0.591
192.88 0.587
193.469 0.589
194.059 0.59
194.647 0.588
195.23 0.583
195.807 0.577
196.38 0.573
196.97 0.59
197.613 0.643
198.309 0.696
199.012 0.703
199.698 0.686
200.352 0.654
200.979 0.627
201.585 0.606
202.178 0.593
202.758 0.58
203.329 0.571
203.904 0.575
204.49 0.586
205.106 0.616
205.749 0.643
206.39 0.641
207.023 0.633
207.644 0.621
208.252 0.608
208.849 0.597
209.432 0.583
210.002 0.57
210.57 0.568
211.138 0.568
211.718 0.58
212.317 0.599
212.927 0.61
213.53 0.603
214.12 0.59
214.696 0.576
215.266 0.57
215.819 0.553
216.374 0.555
216.935 0.561
217.534 0.599
218.329 0.795
219.168 0.839
219.958 0.79
220.692 0.734
221.376 0.684
222.013 0.637
222.622 0.609
223.211 0.589
223.785 0.574
224.348 0.563
224.908 0.56
225.472 0.564
226.039 0.567
226.608 0.569
227.179 0.571
227.745 0.566
228.31 0.565
228.884 0.574
229.479 0.595
230.09 0.611
230.65 0.56
231.314 0.664
231.912 0.598
232.51 0.598
233.103 0.593
233.705 0.602
234.314 0.609
234.922 0.608
235.516 0.594
236.094 0.578
236.659 0.565
237.215 0.556
237.765 0.55
238.315 0.55
238.871 0.556
239.436 0.565
240.009 0.573
240.588 0.579
241.166 0.578
241.74 0.574
242.058 0.318
242.314 0.256
242.774 0.46
243.049 0.275
243.342 0.293
243.616 0.274
244.068 0.452
244.327 0.259
244.611 0.284
245.236 0.625
245.941 0.705
246.685 0.744
247.427 0.742
248.138 0.711
248.818 0.68
249.466 0.648
250.09 0.624
250.694 0.604
251.277 0.583
251.843 0.566
252.396 0.553
252.936 0.54
253.465 0.529
253.985 0.52
254.499 0.514
255.013 0.514
255.531 0.518
256.056 0.525
256.601 0.545
257.164 0.563
257.748 0.584
258.35 0.602
258.976 0.626
259.614 0.638
260.276 0.662
260.943 0.667
261.609 0.666
262.255 0.646
262.876 0.621
263.477 0.601
264.062 0.585
264.633 0.571
265.204 0.571
265.781 0.577
266.364 0.583
266.95 0.586
267.533 0.583
268.11 0.577
268.68 0.57
269.241 0.561
269.793 0.552
270.345 0.552
270.902 0.557
271.468 0.566
272.038 0.57
272.609 0.571
273.18 0.571
273.745 0.565
274.31 0.565
274.884 0.574
275.474 0.59
276.077 0.603
276.673 0.596
277.262 0.589
277.842 0.58
278.416 0.574
278.989 0.573
279.575 0.586
280.18 0.605
280.8 0.62
281.419 0.619
282.026 0.607
282.617 0.591
283.198 0.581
283.769 0.571
284.342 0.573
284.914 0.572
285.486 0.572
286.052 0.566
286.614 0.562
287.174 0.56
287.742 0.568
288.327 0.585
288.919 0.592
289.508 0.589
290.1 0.592
290.694 0.594
291.29 0.596
291.897 0.607
292.514 0.617
293.127 0.613
293.726 0.599
294.317 0.591
294.895 0.578
295.465 0.57
296.025 0.56
296.582 0.557
297.15 0.568
297.769 0.619
298.518 0.749
299.324 0.806
300.119 0.795
300.877 0.758
301.592 0.715
302.258 0.666
302.895 0.637
303.517 0.622
304.127 0.61
304.731 0.604
305.327 0.596
305.914 0.587
306.499 0.585
307.078 0.579
307.647 0.569
308.214 0.567
308.78 0.566
309.346 0.566
309.912 0.566
310.478 0.566
311.035 0.557
311.596 0.561
312.168 0.572
312.752 0.584
313.335 0.583
313.914 0.579
314.489 0.575
315.065 0.576
315.648 0.583
316.266 0.618
316.923 0.657
317.591 0.668
318.232 0.641
318.853 0.621
319.461 0.608
320.057 0.596
320.639 0.582
321.209 0.57
321.772 0.563
322.325 0.553
322.874 0.549
323.42 0.546
323.965 0.545
324.51 0.545
325.056 0.546
325.611 0.555
326.186 0.575
326.798 0.612
327.47 0.672
328.133 0.663
328.782 0.649
329.405 0.623
330.008 0.603
330.595 0.587
331.171 0.576
331.743 0.572
332.315 0.572
332.887 0.572
333.455 0.568
334.019 0.564
334.579 0.56
335.134 0.555
335.687 0.553
336.234 0.547
336.777 0.543
337.317 0.54
337.857 0.54
338.399 0.542
338.944 0.545
339.491 0.547
340.042 0.551
340.604 0.562
341.195 0.591
341.793 0.598
342.387 0.594
342.974 0.587
343.564 0.59
344.163 0.599
344.76 0.597
345.355 0.595
345.938 0.583
346.507 0.569
347.065 0.558
347.617 0.552
348.167 0.55
348.724 0.557
349.29 0.566
349.861 0.571
350.432 0.571
351.005 0.573
351.584 0.579
352.192 0.608
352.832 0.64
353.472 0.64
354.103 0.631
354.714 0.611
355.324 0.61
355.935 0.611
356.557 0.622
357.179 0.622
357.789 0.61
358.384 0.595
358.964 0.58
359.531 0.567
360.086 0.555
360.632 0.546
361.181 0.549
361.746 0.565
362.333 0.587
362.936 0.603
363.542 0.606
364.136 0.594
364.718 0.582
365.296 0.578
365.876 0.58
366.456 0.58
367.039 0.583
367.625 0.586
368.205 0.58
368.781 0.576
369.356 0.575
369.939 0.583
370.536 0.597
371.138 0.602
371.731 0.593
372.314 0.583
372.889 0.575
373.459 0.57
374.034 0.575
374.626 0.592
375.231 0.605
375.836 0.605
376.435 0.599
377.034 0.599
377.637 0.603
378.252 0.615
378.869 0.617
379.485 0.616
380.091 0.606
380.682 0.591
381.26 0.578
381.828 0.568
382.395 0.567
382.976 0.581
383.603 0.627
384.285 0.682
384.982 0.697
385.654 0.672
386.296 0.642
386.927 0.631
387.55 0.623
388.174 0.624
388.799 0.625
389.42 0.621
390.027 0.607
390.622 0.595
391.205 0.583
391.789 0.584
392.377 0.588
392.968 0.591
393.554 0.586
394.142 0.588
394.738 0.596
395.354 0.616
395.987 0.633
396.635 0.648
397.268 0.633
397.88 0.612
398.483 0.603
399.084 0.601
399.696 0.612
400.323 0.627
400.95 0.627
401.573 0.623
402.193 0.62
402.823 0.63
403.475 0.652
404.15 0.675
404.809 0.659
405.446 0.637
406.075 0.629
406.696 0.621
407.319 0.623
407.938 0.619
408.551 0.613
409.157 0.606
409.753 0.596
410.337 0.584
410.912 0.575
411.486 0.574
412.073 0.587
412.729 0.656
413.519 0.79
414.316 0.797
415.067 0.751
415.76 0.693
416.425 0.665
417.077 0.652
417.725 0.648
418.367 0.642
419.004 0.637
419.629 0.625
420.243 0.614
420.849 0.606
421.454 0.605
422.059 0.605
422.665 0.606
423.266 0.601
423.863 0.597
424.456 0.593
425.051 0.595
425.65 0.599
426.256 0.606
426.863 0.607
427.471 0.608
428.07 0.599
428.655 0.585
429.229 0.574
429.794 0.565
430.35 0.556
430.912 0.562
431.497 0.585
432.11 0.613
432.719 0.609
433.318 0.599
433.915 0.597
434.512 0.597
435.128 0.616
435.755 0.627
436.381 0.626
437.003 0.622
437.61 0.607
438.209 0.599
438.799 0.59
439.383 0.584
439.963 0.58
440.543 0.58
441.112 0.569
441.675 0.563
442.235 0.56
442.801 0.566
443.383 0.582
443.984 0.601
444.598 0.614
445.213 0.615
445.817 0.604
446.408 0.591
446.993 0.585
447.578 0.585
448.167 0.589
448.763 0.596
449.355 0.592
449.941 0.586
450.521 0.58
451.098 0.577
451.676 0.578
452.264 0.588
452.856 0.592
453.451 0.595
454.036 0.585
454.613 0.577
455.187 0.574
455.761 0.574
456.353 0.592
456.962 0.609
457.582 0.62
458.191 0.609
458.79 0.599
459.382 0.592
459.971 0.589
460.558 0.587
461.142 0.584
461.721 0.579
462.296 0.575
462.866 0.57
463.438 0.572
464.023 0.585
464.613 0.59
465.198 0.585
465.782 0.584
466.369 0.587
466.968 0.599
467.577 0.609
468.176 0.599
468.52 0.344
469.325 0.805
469.888 0.563
470.45 0.562
471.02 0.57
471.623 0.603
472.272 0.649
472.916 0.644
473.556 0.64
474.178 0.622
474.779 0.601
475.369 0.59
475.947 0.578
476.52 0.573
477.094 0.574
477.663 0.569
478.224 0.561
478.777 0.553
479.327 0.55
479.877 0.55
480.437 0.56
481.027 0.59
481.634 0.607
482.237 0.603
482.841 0.604
483.453 0.612
484.082 0.629
484.736 0.654
485.397 0.661
486.03 0.633
486.642 0.612
487.238 0.596
487.82 0.582
488.399 0.579
488.988 0.589
489.59 0.602
490.19 0.6
490.783 0.593
491.372 0.589
491.958 0.586
492.55 0.592
493.144 0.594
493.738 0.594
494.324 0.586
494.905 0.581
495.492 0.587
496.091 0.599
496.72 0.629
497.346 0.626
497.961 0.615
498.574 0.613
499.188 0.614
499.814 0.626
500.435 0.621
501.039 0.604
501.626 0.587
502.207 0.581
502.782 0.575
503.365 0.583
503.966 0.601
504.588 0.622
505.204 0.616
505.82 0.616
506.436 0.616
507.062 0.626
507.698 0.636
508.333 0.635
508.954 0.621
509.564 0.61
510.171 0.607
510.774 0.603
511.369 0.595
511.953 0.584
512.524 0.571
513.085 0.561
513.639 0.554
514.188 0.549
514.748 0.56
515.428 0.68
516.382 0.954
517.212 0.83
517.969 0.757
518.672 0.703
519.343 0.671
520.006 0.663
520.666 0.66
521.308 0.642
521.929 0.621
522.536 0.607
523.136 0.6
523.735 0.599
524.333 0.598
524.93 0.597
525.525 0.595
526.121 0.596
526.72 0.599
527.318 0.598
527.915 0.597
528.504 0.589
529.08 0.576
529.644 0.564
530.197 0.553
530.745 0.548
531.292 0.547
531.851 0.559
532.439 0.588
533.043 0.604
533.656 0.613
534.27 0.614
534.879 0.609
535.473 0.594
536.055 0.582
536.63 0.575
537.209 0.579
537.795 0.586
538.388 0.593
538.987 0.599
539.581 0.594
540.168 0.587
540.746 0.578
541.317 0.571
541.886 0.569
542.455 0.569
543.024 0.569
543.59 0.566
544.151 0.561
544.709 0.558
545.266 0.557
545.825 0.559
546.394 0.569
546.974 0.58
547.569 0.595
548.16 0.591
548.741 0.581
549.314 0.573
549.879 0.565
550.432 0.553
550.979 0.547
551.344 0.365
551.624 0.28
551.877 0.253
552.138 0.261
552.437 0.299
552.691 0.254
552.991 0.3
554.244 1.253
557.215 2.971
557.812 0.597
558.97 1.158
559.534 0.564
560.092 0.558
560.649 0.557
561.206 0.557
561.767 0.561
562.333 0.566
562.908 0.575
563.502 0.594
564.111 0.609
564.724 0.613
565.345 0.621
565.96 0.615
566.575 0.615
567.188 0.613
567.797 0.609
568.408 0.611
569.021 0.613
569.619 0.598
570.201 0.582
570.769 0.568
571.331 0.562
571.902 0.571
572.499 0.597
573.134 0.635
573.8 0.666
574.459 0.659
575.109 0.65
575.671 0.562
576.357 0.686
577.116 0.759
577.8 0.684
578.468 0.668
578.747 0.279
579.114 0.367
579.755 0.641
580.076 0.321
580.379 0.303
580.802 0.423
581.056 0.254
581.638 0.582
582.254 0.616
582.858 0.604
583.452 0.594
584.042 0.59
584.628 0.586
585.22 0.592
585.822 0.602
586.163 0.341
586.424 0.261
587.019 0.595
587.455 0.436
588.186 0.731
588.761 0.575
589.339 0.578
589.926 0.587
590.52 0.594
591.121 0.601
591.711 0.59
592.298 0.587
592.897 0.599
593.513 0.616
594.144 0.631
594.772 0.628
595.383 0.611
595.977 0.594
596.558 0.581
597.126 0.568
597.69 0.564
598.255 0.565
598.815 0.56
599.371 0.556
599.927 0.556
600.5 0.573
601.115 0.615
601.79 0.675
602.468 0.678
603.12 0.652
603.762 0.642
604.396 0.634
605.033 0.637
605.673 0.64
606.303 0.63
606.927 0.624
607.53 0.603
608.124 0.594
608.714 0.59
609.303 0.589
609.897 0.594
610.499 0.602
611.096 0.597
611.682 0.586
612.256 0.574
612.823 0.567
613.389 0.566
613.966 0.577
614.569 0.603
615.233 0.664
615.977 0.744
616.727 0.75
617.437 0.71
618.109 0.672
618.746 0.637
619.367 0.621
619.978 0.611
620.583 0.605
621.183 0.6
621.785 0.602
622.376 0.591
622.957 0.581
623.53 0.573
624.109 0.579
624.71 0.601
625.339 0.629
625.99 0.651
626.631 0.641
627.261 0.63
627.862 0.601
628.457 0.595
628.832 0.375
629.668 0.836
630.289 0.621
630.914 0.625
631.531 0.617
632.131 0.6
632.715 0.584
633.298 0.583
633.879 0.581
634.466 0.587
635.053 0.587
635.565 0.512
636.253 0.688
636.886 0.633
637.531 0.645
638.166 0.635
638.789 0.623
639.392 0.603
639.991 0.599
640.585 0.594
641.173 0.588
641.765 0.592
642.349 0.584
642.931 0.582
643.505 0.574
644.073 0.568
644.644 0.571
645.225 0.581
645.816 0.591
646.404 0.588
646.987 0.583
647.566 0.579
648.136 0.57