0.000 0.623
0.623 0.623
1.24 0.617
1.893 0.653
2.6 0.707
3.308 0.708
4.051 0.743
4.794 0.743
5.498 0.704
6.167 0.669
6.818 0.651
7.463 0.645
8.115 0.652
8.785 0.67
9.453 0.668
10.111 0.658
10.76 0.649
11.411 0.651
12.086 0.675
12.76 0.674
13.433 0.673
14.099 0.666
14.765 0.666
15.442 0.677
16.116 0.674
16.771 0.655
17.404 0.633
18.029 0.625
18.651 0.622
19.272 0.621
19.9 0.628
20.52 0.62
21.131 0.611
21.743 0.612
22.382 0.639
23.075 0.693
23.809 0.734
24.525 0.716
25.229 0.704
25.932 0.703
26.665 0.733
27.406 0.741
28.108 0.702
28.779 0.671
29.425 0.646
30.054 0.629
30.676 0.622
31.31 0.634
31.97 0.66
32.64 0.67
33.325 0.685
33.999 0.674
34.648 0.649
35.274 0.626
35.891 0.617
36.524 0.633
37.206 0.682
37.922 0.716
38.631 0.709
39.326 0.695
39.989 0.663
40.636 0.647
41.27 0.634
41.904 0.634
42.542 0.638
43.177 0.635
43.809 0.632
44.435 0.626
45.052 0.617
45.675 0.623
46.304 0.629
46.947 0.643
47.578 0.631
48.206 0.628
48.826 0.62
49.458 0.632
50.097 0.639
50.74 0.643
51.374 0.634
52.002 0.628
52.627 0.625
53.263 0.636
53.903 0.64
54.546 0.643
55.176 0.63
55.801 0.625
56.418 0.617
57.04 0.622
57.668 0.628
58.296 0.628
58.917 0.621
59.534 0.617
60.139 0.605
60.74 0.601
61.332 0.592
61.914 0.582
62.485 0.571
63.046 0.561
63.614 0.568
64.187 0.573
64.753 0.566
65.31 0.557
65.87 0.56
66.446 0.576
67.027 0.581
67.623 0.596
68.236 0.613
68.849 0.613
69.465 0.616
70.083 0.618
70.692 0.609
71.299 0.607
71.923 0.624
72.555 0.632
73.194 0.639
73.837 0.643
74.481 0.644
75.118 0.637
75.745 0.627
76.365 0.62
76.978 0.613
77.591 0.613
78.202 0.611
78.811 0.609
79.419 0.608
80.027 0.608
80.635 0.608
81.25 0.615
81.881 0.631
82.522 0.641
83.172 0.65
83.829 0.657
84.479 0.65
85.109 0.63
85.716 0.607
86.314 0.598
86.906 0.592
87.494 0.588
88.077 0.583
88.656 0.579
89.233 0.577
89.805 0.572
90.368 0.563
90.923 0.555
91.469 0.546
92.024 0.555
92.602 0.578
93.205 0.603
93.823 0.618
94.455 0.632
95.079 0.624
95.692 0.613
96.296 0.604
96.901 0.605
97.506 0.605
98.112 0.606
98.725 0.613
99.339 0.614
99.967 0.628
100.623 0.656
101.324 0.701
102.067 0.743
102.815 0.748
103.549 0.734
104.262 0.713
104.941 0.679
105.592 0.651
106.228 0.636
106.848 0.62
107.46 0.612
108.065 0.605
108.668 0.603
109.267 0.599
109.87 0.603
110.472 0.602
111.074 0.602
111.67 0.596
112.263 0.593
112.853 0.59
113.432 0.579
114.001 0.569
114.572 0.571
115.159 0.587
115.805 0.646
116.489 0.684
117.191 0.702
117.9 0.709
118.573 0.673
119.214 0.641
119.826 0.612
120.415 0.589
121.0 0.585
121.59 0.59
122.183 0.593
122.778 0.595
123.37 0.592
123.95 0.58
124.521 0.571
125.098 0.577
125.68 0.582
126.265 0.585
126.854 0.589
127.438 0.584
128.022 0.584
128.609 0.587
129.206 0.597
129.802 0.596
130.403 0.601
131.01 0.607
131.612 0.602
132.218 0.606
132.834 0.616
133.458 0.624
134.086 0.628
134.709 0.623
135.321 0.612
135.919 0.598
136.509 0.59
137.093 0.584
137.667 0.574
138.241 0.574
138.816 0.575
139.398 0.582
139.997 0.599
140.618 0.621
141.267 0.649
141.934 0.667
142.634 0.7
143.345 0.711
144.048 0.703
144.746 0.698
145.43 0.684
146.094 0.664
146.744 0.65
147.381 0.637
148.008 0.627
148.622 0.614
149.235 0.613
149.841 0.606
150.438 0.597
151.034 0.596
151.633 0.599
152.232 0.599
152.837 0.605
153.451 0.614
154.084 0.633
154.738 0.654
155.393 0.655
156.044 0.651
156.691 0.647
157.341 0.65
157.996 0.655
158.635 0.639
159.251 0.616
159.846 0.595
160.428 0.582
161.005 0.577
161.598 0.593
162.21 0.612
162.839 0.629
163.48 0.641
164.11 0.63
164.746 0.636
165.392 0.646
166.048 0.656
166.712 0.664
167.38 0.668
168.055 0.675
168.71 0.655
169.356 0.646
170.005 0.649
170.664 0.659
171.338 0.674
172.012 0.674
172.681 0.669
173.324 0.643
173.943 0.619
174.548 0.605
175.151 0.603
175.758 0.607
176.39 0.632
177.042 0.652
177.684 0.642
178.321 0.637
178.956 0.635
179.589 0.633
180.223 0.634
180.848 0.625
181.47 0.622
182.085 0.615
182.705 0.62
183.322 0.617
183.943 0.621
184.559 0.616
185.172 0.613
185.771 0.599
186.353 0.582
186.934 0.581
187.517 0.583
188.099 0.582
188.679 0.58
189.253 0.574
189.822 0.569
190.391 0.569
190.954 0.563
191.519 0.565
192.097 0.578
192.681 0.584
193.258 0.577
193.859 0.601
194.503 0.644
195.168 0.665
195.808 0.64
196.428 0.62
197.051 0.623
197.677 0.626
198.313 0.636
198.942 0.629
199.581 0.639
200.213 0.632
200.838 0.625
201.455 0.617
202.064 0.609
202.665 0.601
203.252 0.587
203.829 0.577
204.414 0.585
205.015 0.601
205.632 0.617
206.246 0.614
206.862 0.616
207.478 0.616
208.093 0.615
208.711 0.618
209.319 0.608
209.918 0.599
210.506 0.588
211.088 0.582
211.675 0.587
212.306 0.631
213.066 0.76
213.904 0.838
214.69 0.786
215.444 0.754
216.153 0.709
216.83 0.677
217.477 0.647
218.107 0.63
218.722 0.615
219.328 0.606
219.928 0.6
220.528 0.6
221.125 0.597
221.721 0.596
222.322 0.601
222.925 0.603
223.539 0.614
224.175 0.636
224.833 0.658
225.51 0.677
226.236 0.726
226.993 0.757
227.754 0.761
228.496 0.742
229.198 0.702
229.869 0.671
230.515 0.646
231.146 0.631
231.769 0.623
232.388 0.619
233.006 0.618
233.62 0.614
234.226 0.606
234.824 0.598
235.417 0.593
236.019 0.602
236.647 0.628
237.309 0.662
237.984 0.675
238.646 0.662
239.3 0.654
239.961 0.661
240.627 0.666
241.27 0.643
241.897 0.627
242.511 0.614
243.118 0.607
243.724 0.606
244.337 0.613
244.963 0.626
245.623 0.66
246.286 0.663
246.987 0.701
247.7 0.713
248.393 0.693
249.062 0.669
249.701 0.639
250.32 0.619
250.931 0.611
251.541 0.61
252.154 0.613
252.769 0.615
253.382 0.613
253.967 0.585
254.541 0.574
255.115 0.574
255.693 0.578
256.276 0.583
256.869 0.593
257.462 0.593
258.054 0.592
258.659 0.605
259.291 0.632
259.965 0.674
260.647 0.682
261.319 0.672
261.984 0.665
262.641 0.657
263.295 0.654
263.954 0.659
264.6 0.646
265.233 0.633
265.852 0.619
266.459 0.607
267.061 0.602
267.667 0.606
268.287 0.62
268.909 0.622
269.539 0.63
270.172 0.633
270.834 0.662
271.516 0.682
272.199 0.683
272.861 0.662
273.504 0.643
274.13 0.626
274.75 0.62
275.366 0.616
275.978 0.612
276.584 0.606
277.185 0.601
277.774 0.589
278.368 0.594
278.967 0.599
279.591 0.624
280.22 0.629
280.85 0.63
281.494 0.644
282.156 0.662
282.828 0.672
283.488 0.66
284.132 0.644
284.771 0.639
285.415 0.644
286.063 0.648
286.686 0.623
287.281 0.595
287.874 0.593
288.467 0.593
289.06 0.593
289.647 0.587
290.232 0.585
290.811 0.579
291.379 0.568
291.934 0.555
292.485 0.551
293.042 0.557
293.604 0.562
294.172 0.568
294.748 0.576
295.324 0.576
295.889 0.565
296.458 0.569
297.049 0.591
297.669 0.62
298.306 0.637
298.942 0.636
299.567 0.625
300.179 0.612
300.775 0.596
301.361 0.586
301.937 0.576
302.502 0.565
303.061 0.559
303.624 0.563
304.204 0.58
304.811 0.607
305.427 0.616
306.052 0.625
306.683 0.631
307.311 0.628
307.94 0.629
308.556 0.616
309.165 0.609
309.763 0.598
310.355 0.592
310.937 0.582
311.51 0.573
312.074 0.564
312.631 0.557
313.186 0.555
313.74 0.554
314.29 0.55
314.839 0.549
315.393 0.554
315.948 0.555
316.507 0.559
317.071 0.564
317.635 0.564
318.2 0.565
318.769 0.569
319.355 0.586
319.975 0.62
320.606 0.631
321.248 0.642
321.889 0.641
322.524 0.635
323.156 0.632
323.796 0.64
324.44 0.644
325.087 0.647
325.725 0.638
326.349 0.624
326.975 0.626
327.621 0.646
328.298 0.677
328.997 0.699
329.686 0.689
330.34 0.654
330.974 0.634
331.608 0.634
332.255 0.647
332.912 0.657
333.587 0.675
334.259 0.672
334.921 0.662
335.576 0.655
336.235 0.659
336.903 0.668
337.593 0.69
338.29 0.697
338.984 0.694
339.673 0.689
340.336 0.663
340.983 0.647
341.617 0.634
342.249 0.632
342.893 0.644
343.543 0.65
344.189 0.646
344.838 0.649
345.482 0.644
346.141 0.659
346.813 0.672
347.472 0.659
348.11 0.638
348.727 0.617
349.328 0.601
349.934 0.606
350.558 0.624
351.207 0.649
351.878 0.671
352.534 0.656
353.175 0.641
353.811 0.636
354.456 0.645
355.118 0.662
355.772 0.654
356.422 0.65
357.069 0.647
357.722 0.653
358.39 0.668
359.068 0.678
359.741 0.673
360.412 0.671
361.079 0.667
361.742 0.663
362.407 0.665
363.069 0.662
363.729 0.66
364.387 0.658
365.052 0.665
365.719 0.667
366.373 0.654
367.01 0.637
367.643 0.633
368.277 0.634
368.907 0.63
369.532 0.625
370.142 0.61
370.736 0.594
371.33 0.594
371.936 0.606
372.564 0.628
373.206 0.642
373.853 0.647
374.526 0.673
375.225 0.699
375.973 0.748
376.743 0.77
377.485 0.742
378.186 0.701
378.869 0.683
379.532 0.663
380.188 0.656
380.84 0.652
381.493 0.653
382.144 0.651
382.802 0.658
383.477 0.675
384.18 0.703
384.886 0.706
385.588 0.702
386.283 0.695
386.973 0.69
387.633 0.66
388.267 0.634
388.88 0.613
389.476 0.596
390.064 0.588
390.65 0.586
391.23 0.58
391.808 0.578
392.386 0.578
392.963 0.577
393.543 0.58
394.113 0.57
394.68 0.567
395.242 0.562
395.826 0.584
396.435 0.609
397.075 0.64
397.741 0.666
398.4 0.659
399.042 0.642
399.667 0.625
400.29 0.623
400.924 0.634
401.572 0.648
402.228 0.656
402.88 0.652
403.517 0.637
404.134 0.617
404.737 0.603
405.336 0.599
405.921 0.585
406.495 0.574
407.063 0.568
407.648 0.585
408.286 0.638
408.985 0.699
409.739 0.754
410.472 0.733
411.18 0.708
411.847 0.667
412.494 0.647
413.127 0.633
413.766 0.639
414.41 0.644
415.054 0.644
415.7 0.646
416.334 0.634
416.968 0.634
417.59 0.622
418.213 0.623
418.836 0.623
419.486 0.65
420.18 0.694
420.898 0.718
421.602 0.704
422.297 0.695
422.973 0.676
423.626 0.653
424.256 0.63
424.879 0.623
425.489 0.61
426.086 0.597
426.687 0.601
427.306 0.619
427.966 0.66
428.681 0.715
429.406 0.725
430.128 0.722
430.812 0.684
431.473 0.661
432.134 0.661
432.796 0.662
433.483 0.687
434.177 0.694
434.87 0.693
435.547 0.677
436.197 0.65
436.837 0.64
437.458 0.621
438.061 0.603
438.648 0.587
439.24 0.592
439.856 0.616
440.503 0.647
441.178 0.675
441.84 0.662
442.501 0.661
443.126 0.625
443.721 0.595
444.302 0.581
444.876 0.574
445.465 0.589
446.104 0.639
446.807 0.703
447.526 0.719
448.245 0.719
448.939 0.694
449.623 0.684
450.272 0.649
450.895 0.623
451.498 0.603
452.09 0.592
452.683 0.593
453.275 0.592
453.86 0.585
454.438 0.578
455.02 0.582
455.616 0.596
456.222 0.606
456.822 0.6
457.421 0.599
458.013 0.592
458.58 0.567
459.13 0.55
459.669 0.539
460.205 0.536
460.737 0.532
461.283 0.546
461.918 0.635
462.868 0.95
463.726 0.858
464.55 0.824
465.289 0.739
465.979 0.69
466.659 0.68
467.31 0.651
467.953 0.643
468.608 0.655
469.269 0.661
469.932 0.663
470.585 0.653
471.227 0.642
471.854 0.627
472.459 0.605
473.049 0.59
473.627 0.578
474.19 0.563
474.747 0.557
475.309 0.562
475.874 0.565
476.428 0.554
476.991 0.563
477.583 0.592
478.218 0.635
478.89 0.672
479.581 0.691
480.288 0.707
480.993 0.705
481.743 0.75
482.487 0.744
483.16 0.673
483.795 0.635
484.41 0.615
485.01 0.6
485.606 0.596
486.223 0.617
486.989 0.766
487.991 1.002
488.904 0.913
489.79 0.886
490.629 0.839
491.412 0.783
492.136 0.724
492.821 0.685
493.463 0.642
494.079 0.616
494.677 0.598
495.266 0.589
495.862 0.596
496.474 0.612
497.138 0.664
497.894 0.756
498.818 0.924
499.718 0.9
500.619 0.901
501.489 0.87
502.311 0.822
503.065 0.754
503.772 0.707
504.446 0.674
505.098 0.652
505.732 0.634
506.351 0.619
506.959 0.608
507.554 0.595
508.139 0.585
508.728 0.589
509.327 0.599
509.972 0.645
510.711 0.739
511.53 0.819
512.404 0.874
513.267 0.863
514.079 0.812
514.849 0.77
515.57 0.721
516.252 0.682
516.9 0.648
517.531 0.631
518.155 0.624
518.767 0.612
519.375 0.608
519.969 0.594
520.543 0.574
521.112 0.569
521.686 0.574
522.265 0.579
522.853 0.588
523.442 0.589
524.043 0.601
524.679 0.636
525.416 0.737
526.267 0.851
527.216 0.949
528.128 0.912
528.97 0.842
529.738 0.768
530.447 0.709
531.117 0.67
531.757 0.64
532.383 0.626
532.994 0.611
533.597 0.603
534.197 0.6
534.791 0.594
535.379 0.588
535.963 0.584
536.553 0.59
537.154 0.601
537.768 0.614
538.396 0.628
539.045 0.649
539.704 0.659
540.349 0.645
540.976 0.627
541.583 0.607
542.186 0.603
542.796 0.61
543.439 0.643
544.138 0.699
544.889 0.751
545.654 0.765
546.384 0.73
547.074 0.69
547.732 0.658
548.364 0.632
548.974 0.61
549.565 0.591
550.141 0.576
550.706 0.565
551.266 0.56
551.821 0.555
552.374 0.553
552.931 0.557
553.493 0.562
554.065 0.572
554.652 0.587
555.254 0.602
555.875 0.621
556.507 0.632
557.152 0.645
557.798 0.646
558.46 0.662
559.109 0.649
559.736 0.627
560.353 0.617
560.95 0.597
561.55 0.6
562.163 0.613
562.812 0.649
563.504 0.692
564.221 0.717
564.931 0.71
565.624 0.693
566.295 0.671
566.942 0.647
567.565 0.623
568.174 0.609
568.771 0.597
569.36 0.589
569.941 0.581
570.518 0.577
571.097 0.579
571.673 0.576
572.253 0.58
572.837 0.584
573.431 0.594
574.029 0.598
574.649 0.62
575.278 0.629
575.917 0.639
576.557 0.64
577.197 0.64
577.824 0.627
578.447 0.623
579.067 0.62
579.692 0.625
580.311 0.619
580.935 0.624
581.564 0.629
582.196 0.632
582.817 0.621
583.441 0.624
584.064 0.623
584.69 0.626
585.324 0.634
585.961 0.637
586.599 0.638
587.245 0.646
587.895 0.65
588.552 0.657
589.229 0.677
589.887 0.658
590.526 0.639
591.139 0.613
591.743 0.604
592.355 0.612
593.013 0.658
593.764 0.751
594.569 0.805
595.379 0.81
596.133 0.754
596.839 0.706
597.502 0.663
598.134 0.632
598.74 0.606
599.33 0.59
599.916 0.586
600.507 0.591
601.11 0.603
601.72 0.61
602.334 0.614
602.943 0.609
603.551 0.608
604.156 0.605
604.754 0.598
605.328 0.574
605.888 0.56
606.459 0.571
607.071 0.612
607.769 0.698
608.521 0.752