0.000 0.957
0.957 0.957
1.868 0.911
2.795 0.927
3.734 0.939
4.594 0.86
5.517 0.923
6.443 0.926
7.418 0.975
8.335 0.917
9.305 0.97
10.254 0.949
11.13 0.876
12.023 0.893
12.916 0.893
18.999 6.083
19.968 0.969
20.952 0.984
21.922 0.97
22.844 0.922
23.718 0.874
24.626 0.908
25.538 0.912
26.442 0.904
27.334 0.892
27.682 0.348
27.935 0.253
28.206 0.271
28.911 0.705
29.281 0.37
29.55 0.269
30.531 0.981
31.133 0.602
35.015 3.882
35.827 0.812
36.14 0.313
36.585 0.445
37.323 0.738
38.031 0.708
38.847 0.816
39.762 0.915
40.694 0.932
41.63 0.936
42.551 0.921
43.47 0.919
44.362 0.892
45.236 0.874
46.095 0.859
46.924 0.829
47.718 0.794
48.519 0.801
49.314 0.795
49.695 0.381
50.097 0.402
50.835 0.738
51.48 0.645
51.762 0.282
52.137 0.375
52.565 0.428
52.816 0.251
53.072 0.256
53.493 0.421
54.528 1.035
55.197 0.669
55.464 0.267
55.762 0.298
56.229 0.467
56.501 0.272
57.424 0.923
57.734 0.31
58.361 0.627
58.624 0.263
59.275 0.651
60.157 0.882
60.781 0.624
61.091 0.31
61.511 0.42
61.765 0.254
62.685 0.92
63.091 0.406
63.561 0.47
64.497 0.936
65.456 0.959
65.831 0.375
66.352 0.521
67.279 0.927
67.983 0.704
68.315 0.332
68.893 0.578
70.225 1.332
72.09 1.865
72.916 0.826
73.266 0.35
73.948 0.682
74.859 0.911
75.298 0.439
75.779 0.481
76.394 0.615
76.66 0.266
77.095 0.435
77.596 0.501
78.431 0.835
78.865 0.434
79.494 0.629
79.748 0.254
80.461 0.713
81.4 0.939
82.169 0.769
83.088 0.919
83.486 0.398
83.956 0.47
84.234 0.278
84.819 0.585
85.202 0.383
85.47 0.268
85.864 0.394
86.167 0.303
86.71 0.543
87.115 0.405
88.009 0.894
88.956 0.947
89.901 0.945
90.309 0.408
90.843 0.534
91.21 0.367
91.662 0.452
92.026 0.364
92.779 0.753
93.65 0.871
93.907 0.257
94.213 0.306
94.479 0.266
94.779 0.3
96.617 1.838
97.529 0.912
97.961 0.432
98.411 0.45
100.917 2.506
101.372 0.455
103.308 1.936
103.676 0.368
104.552 0.876
104.846 0.294
105.43 0.584
105.858 0.428
106.267 0.409
107.3 1.033
107.586 0.286
109.222 1.636
110.253 1.031
111.103 0.85
112.03 0.927
112.915 0.885
113.459 0.544
113.749 0.29
114.615 0.866
115.063 0.448
115.447 0.384
115.704 0.257
116.63 0.926
116.889 0.259
117.217 0.328
117.537 0.32
117.961 0.424
118.333 0.372
119.392 1.059
120.015 0.623
120.348 0.333
120.657 0.309
120.928 0.271
121.178 0.25
121.567 0.389
122.142 0.575
122.702 0.56
123.803 1.101
124.084 0.281
124.349 0.265
124.663 0.314
124.928 0.265
125.197 0.269
125.819 0.622
126.132 0.313
126.53 0.398
126.834 0.304
127.523 0.689
130.637 3.114
130.91 0.273
131.302 0.392
131.687 0.385
132.436 0.749
134.873 2.437
135.304 0.431
136.211 0.907
136.594 0.383
136.857 0.263
138.357 1.5
138.749 0.392
139.038 0.289
140.96 1.922
141.284 0.324
141.569 0.285
142.254 0.685
142.508 0.254
142.808 0.3
143.155 0.347
144.186 1.031
144.556 0.37
144.855 0.299
145.14 0.285
145.396 0.256
146.286 0.89
146.735 0.449
147.15 0.415
148.058 0.908
148.318 0.26
148.643 0.325
149.042 0.399
149.356 0.314
151.605 2.249
151.906 0.301
152.274 0.368
153.345 1.071
153.769 0.424
154.368 0.599
155.991 1.623
156.497 0.506
156.889 0.392
157.175 0.286
157.486 0.311
157.781 0.295
158.084 0.303
158.352 0.268
158.767 0.415
159.139 0.372
159.437 0.298
159.737 0.3
160.127 0.39
160.389 0.262
160.782 0.393
161.185 0.403
161.508 0.323
161.779 0.271
162.104 0.325
162.393 0.289
162.657 0.264
162.982 0.325
163.616 0.634
164.037 0.421
164.378 0.341
164.844 0.466
165.205 0.361
165.48 0.275
165.797 0.317
166.284 0.487
166.55 0.266
166.822 0.272
167.131 0.309
167.558 0.427
168.035 0.477
168.511 0.476
168.777 0.266
169.071 0.294
169.364 0.293
169.7 0.336
169.984 0.284
170.254 0.27
170.557 0.303
171.033 0.476
171.312 0.279
171.563 0.251
172.098 0.535
172.359 0.261
173.005 0.646
173.611 0.606
173.936 0.325
175.335 1.399
177.699 2.364
178.258 0.559
178.588 0.33
178.916 0.328
179.208 0.292
179.545 0.337
180.12 0.575
180.498 0.378
180.85 0.352
181.255 0.405
181.555 0.3
181.998 0.443
182.349 0.351
182.689 0.34
182.941 0.252
183.256 0.315
183.605 0.349
183.904 0.299
184.204 0.3
184.605 0.401
186.05 1.445
188.616 2.566
189.455 0.839
191.192 1.737
191.491 0.299
191.755 0.264
192.165 0.41
192.457 0.292
192.707 0.25
193.064 0.357
193.342 0.278
193.616 0.274
193.89 0.274
195.126 1.236
195.578 0.452
196.004 0.426
196.281 0.277
196.707 0.426
197.014 0.307
197.382 0.368
197.677 0.295
197.936 0.259
198.217 0.281
198.638 0.421
199.21 0.572
199.585 0.375
199.84 0.255
200.129 0.289
200.483 0.354
200.754 0.271
201.349 0.595
201.944 0.595
202.713 0.769
203.041 0.328
203.304 0.263
203.676 0.372
203.98 0.304
204.27 0.29
204.531 0.261
205.419 0.888
205.67 0.251
205.969 0.299
206.398 0.429
206.939 0.541
207.287 0.348
208.414 1.127
208.681 0.267
209.254 0.573
209.553 0.299
209.861 0.308
210.256 0.395
210.517 0.261
216.028 0.91
216.982 0.954
217.929 0.947
218.849 0.92
219.764 0.915
220.689 0.925
221.313 0.624
221.61 0.297
222.55 0.94
223.494 0.944
224.419 0.925
225.322 0.903
226.256 0.934
227.176 0.92
228.049 0.873
228.352 0.303
228.651 0.299
229.667 1.016
230.029 0.362
230.497 0.468
231.335 0.838
232.143 0.808
233.035 0.892
233.973 0.938
234.935 0.962
235.932 0.997
236.93 0.998
237.93 1.0
238.933 1.003
239.907 0.974
240.861 0.954
241.269 0.408
241.553 0.284
242.298 0.745
242.622 0.324
243.162 0.54
243.577 0.415
244.419 0.842
245.28 0.861
245.608 0.328
246.068 0.46
246.344 0.276
246.837 0.493
247.294 0.457
247.618 0.324
248.161 0.543
248.496 0.335
248.983 0.487
249.796 0.813
250.494 0.698
250.847 0.353
251.296 0.449
251.694 0.398
252.548 0.854
252.9 0.352
253.273 0.373
253.59 0.317
254.134 0.544
254.418 0.284
255.043 0.625
255.389 0.346
255.648 0.259
255.947 0.299
256.247 0.3
256.617 0.37
256.89 0.273
257.3 0.41
258.135 0.835
258.95 0.815
259.428 0.478
259.781 0.353
260.096 0.315
260.359 0.263
260.873 0.514
261.126 0.253
261.4 0.274
261.675 0.275
263.551 1.876
263.832 0.281
264.217 0.385
264.689 0.472
265.555 0.866
266.381 0.826
267.169 0.788
267.923 0.754
268.661 0.738
269.383 0.722
270.095 0.712
270.799 0.704
271.583 0.784
272.491 0.908
273.527 1.036
274.54 1.013
275.53 0.99
276.562 1.032
277.6 1.038
278.63 1.03
279.637 1.007
280.605 0.968
281.568 0.963
282.515 0.947
283.476 0.961
284.381 0.905
285.239 0.858
286.086 0.847
286.939 0.853
287.825 0.886
288.736 0.911
289.68 0.944
290.607 0.927
291.597 0.99
292.569 0.972
293.506 0.937
294.404 0.898
295.248 0.844
296.139 0.891
297.031 0.892
297.947 0.916
298.888 0.941
299.807 0.919
300.733 0.926
301.608 0.875
302.528 0.92
303.511 0.983
304.487 0.976
305.388 0.901
306.324 0.936
307.275 0.951
308.216 0.941
309.094 0.878
309.987 0.893
310.888 0.901
311.802 0.914
312.742 0.94
313.578 0.836
314.414 0.836
315.276 0.862
316.175 0.899
317.146 0.971
318.124 0.978
319.03 0.906
319.974 0.944
320.983 1.009
322.059 1.076
323.102 1.043
324.04 0.938
324.99 0.95
325.933 0.943
326.931 0.998
327.784 0.853
328.692 0.908
329.628 0.936
330.632 1.004
331.608 0.976
332.585 0.977
333.61 1.025
334.609 0.999
335.499 0.89
336.438 0.939
337.4 0.962
338.334 0.934
339.232 0.898
340.211 0.979
341.21 0.999
342.116 0.906
343.109 0.993
344.109 1.0
345.074 0.965
346.035 0.961
346.961 0.926
347.827 0.866
348.673 0.846
349.54 0.867
350.445 0.905
351.319 0.874
352.187 0.868
353.092 0.905
354.0 0.908
354.819 0.819
355.64 0.821
356.479 0.839
357.374 0.895
358.413 1.039
359.464 1.051
360.344 0.88
361.273 0.929
362.22 0.947
363.14 0.92
363.671 0.531
363.979 0.308
364.797 0.818
365.579 0.782
366.35 0.771
367.164 0.814
367.977 0.813
368.853 0.876
369.741 0.888
370.626 0.885
371.501 0.875
372.365 0.864
373.304 0.939
374.341 1.037
375.406 1.065
376.448 1.042
377.446 0.998
378.446 1.0
379.452 1.006
380.467 1.015
381.466 0.999
382.418 0.952
383.409 0.991
384.41 1.001
385.402 0.992
386.366 0.964
386.912 0.546
387.216 0.304
388.133 0.917
389.085 0.952
390.045 0.96
390.992 0.947
392.021 1.029
393.03 1.009
393.999 0.969
394.973 0.974
395.951 0.978
396.9 0.949
397.893 0.993
398.308 0.415
398.785 0.477
399.249 0.464
399.643 0.394
399.911 0.268
400.575 0.664
401.807 1.232
403.044 1.237
404.127 1.083
404.566 0.439
404.838 0.272
405.592 0.754
406.67 1.078
407.599 0.929
408.609 1.01
409.621 1.012
410.679 1.058
411.719 1.04
412.794 1.075
413.824 1.03
414.85 1.026
415.844 0.994
416.841 0.997
417.776 0.935
418.711 0.935
419.632 0.921
420.559 0.927
421.405 0.846
422.234 0.829
423.08 0.846
423.946 0.866
424.908 0.962
425.912 1.004
426.931 1.019
427.891 0.96
428.829 0.938
429.751 0.922
430.68 0.929
431.639 0.959
432.527 0.888
433.384 0.857
434.269 0.885
435.188 0.919
436.071 0.883
436.963 0.892
437.901 0.938
438.88 0.979
439.803 0.923
440.751 0.948
441.705 0.954
442.788 1.083
443.854 1.066
444.764 0.91
445.705 0.941
446.632 0.927
447.512 0.88
448.363 0.851
449.148 0.785
449.971 0.823
450.797 0.826
451.651 0.854
452.468 0.817
453.313 0.845
454.209 0.896
455.133 0.924
456.046 0.913
456.942 0.896
457.79 0.848
458.695 0.905
459.573 0.878
460.43 0.857
461.27 0.84
462.119 0.849
462.955 0.836
463.792 0.837
464.613 0.821
465.478 0.865
466.387 0.909
467.336 0.949
468.239 0.903
469.125 0.886
469.961 0.836
470.818 0.857
471.697 0.879
472.602 0.905
473.523 0.921
474.454 0.931
475.367 0.913
476.249 0.882
477.104 0.855
477.995 0.891
478.883 0.888
479.806 0.923
480.685 0.879
481.026 0.341
481.421 0.395
482.307 0.886
483.159 0.852
484.107 0.948
485.137 1.03
486.125 0.988
487.174 1.049
488.249 1.075
489.273 1.024
490.257 0.984
491.212 0.955
492.224 1.012
493.179 0.955
494.087 0.908
495.061 0.974
496.054 0.993
497.127 1.073
498.101 0.974
499.117 1.016
500.206 1.089
501.123 0.917
502.101 0.978
503.126 1.025
504.077 0.951
505.016 0.939
505.692 0.676
505.994 0.302
506.492 0.498
507.07 0.578
508.001 0.931
509.009 1.008
510.003 0.994
510.94 0.937
512.058 1.118
513.179 1.121
514.126 0.947
515.13 1.004
516.13 1.0
517.167 1.037
518.123 0.956
519.129 1.006
520.165 1.036
521.123 0.958
522.159 1.036
523.154 0.995
524.087 0.933
525.077 0.99
526.084 1.007
527.026 0.942
527.994 0.968
528.987 0.993
529.973 0.986
530.464 0.491
530.914 0.45
531.872 0.958
532.824 0.952
533.229 0.405
533.679 0.45
534.586 0.907
535.505 0.919
536.455 0.95
537.384 0.929
538.395 1.011
539.39 0.995
539.755 0.365
540.285 0.53
541.242 0.957
542.194 0.952
543.119 0.925
543.846 0.727
544.129 0.283
545.119 0.99
545.926 0.807
547.031 1.105
547.417 0.386
547.699 0.282
547.974 0.275
548.312 0.338
548.752 0.44
549.876 1.124
550.161 0.285
550.779 0.618
551.734 0.955
552.69 0.956
553.66 0.97
554.068 0.408
554.403 0.335
554.704 0.301
556.229 1.525
557.1 0.871
557.968 0.868
558.854 0.886
559.706 0.852
560.64 0.934
561.637 0.997
562.717 1.08
563.748 1.031
564.775 1.027
565.808 1.033
566.847 1.039
567.809 0.962
568.775 0.966
569.725 0.95
570.653 0.928
571.593 0.94
572.522 0.929
573.515 0.993
574.485 0.97
575.541 1.056
576.578 1.037
577.544 0.966
577.835 0.291
578.442 0.607
579.388 0.946
580.324 0.936
581.248 0.924
582.182 0.934
583.171 0.989
584.16 0.989
585.145 0.985
586.178 1.033
587.187 1.009
588.123 0.936
589.095 0.972
590.075 0.98
591.022 0.947
591.952 0.93
592.933 0.981
593.876 0.943
594.13 0.254
594.428 0.298
594.704 0.276
595.712 1.008
596.683 0.971
597.645 0.962
598.603 0.958
599.621 1.018
600.638 1.017
601.638 1.0
602.639 1.001
603.64 1.001
604.622 0.982
605.561 0.939
606.522 0.961
607.492 0.97
608.489 0.997
609.419 0.93
610.405 0.986
611.407 1.002
612.378 0.971
612.982 0.604
613.271 0.289
614.206 0.935
615.139 0.933
616.051 0.912
617.08 1.029
618.12 1.04
618.711 0.591
619.129 0.418
619.994 0.865
620.281 0.287
621.111 0.83
621.391 0.28
621.908 0.517
622.964 1.056
623.886 0.922
624.827 0.941
625.783 0.956
626.712 0.929
627.705 0.993
628.7 0.995