0.000 0.896
0.896 0.896
1.787 0.891
2.593 0.806
3.439 0.846
4.299 0.86
5.231 0.932
6.097 0.866
7.03 0.933
8.007 0.977
8.873 0.866
9.781 0.908
10.666 0.885
11.532 0.866
12.498 0.966
13.349 0.851
14.118 0.769
14.945 0.827
15.779 0.834
16.606 0.827
17.41 0.804
18.181 0.771
19.042 0.861
19.976 0.934
20.978 1.002
21.991 1.013
22.981 0.99
23.958 0.977
24.963 1.005
25.952 0.989
26.931 0.979
27.889 0.958
28.849 0.96
29.859 1.01
30.94 1.081
32.015 1.075
32.995 0.98
33.977 0.982
35.014 1.037
36.177 1.163
37.266 1.089
38.246 0.98
39.28 1.034
40.346 1.066
41.346 1.0
42.388 1.042
43.419 1.031
44.406 0.987
45.4 0.994
46.457 1.057
47.43 0.973
48.392 0.962
49.404 1.012
50.477 1.073
51.433 0.956
52.415 0.982
53.33 0.915
54.2 0.87
55.021 0.821
55.864 0.843
56.734 0.87
57.677 0.943
58.622 0.945
59.557 0.935
60.427 0.87
61.23 0.803
61.996 0.766
62.754 0.758
63.518 0.764
64.325 0.807
65.199 0.874
65.989 0.79
66.826 0.837
67.675 0.849
68.61 0.935
69.52 0.91
70.36 0.84
71.178 0.818
71.948 0.77
72.742 0.794
73.528 0.786
74.295 0.767
75.144 0.849
76.003 0.859
76.843 0.84
77.649 0.806
78.409 0.76
79.189 0.78
80.003 0.814
80.868 0.865
81.784 0.916
82.602 0.818
83.406 0.804
84.178 0.772
85.019 0.841
85.882 0.863
86.706 0.824
87.509 0.803
88.352 0.843
89.192 0.84
90.059 0.867
90.952 0.893
91.826 0.874
92.687 0.861
93.528 0.841
94.388 0.86
95.26 0.872
96.246 0.986
97.224 0.978
98.203 0.979
99.141 0.938
100.108 0.967
101.036 0.928
101.986 0.95
102.932 0.946
103.837 0.905
104.712 0.875
105.53 0.818
106.411 0.881
107.378 0.967
108.335 0.957
109.307 0.972
110.241 0.934
111.163 0.922
112.081 0.918
112.963 0.882
113.837 0.874
114.742 0.905
115.689 0.947
116.542 0.853
117.493 0.951
118.47 0.977
119.47 1.0
120.48 1.01
121.425 0.945
122.459 1.034
123.477 1.018
124.377 0.9
125.186 0.809
126.015 0.829
127.205 1.19
128.413 1.208
129.592 1.179
130.737 1.145
131.868 1.131
133.014 1.146
134.109 1.095
135.144 1.035
136.078 0.934
137.107 1.029
138.212 1.105
139.301 1.089
140.394 1.093
141.476 1.082
142.52 1.044
143.577 1.057
144.615 1.038
145.658 1.043
146.793 1.135
147.983 1.19
149.042 1.059
149.987 0.945
150.962 0.975
152.122 1.16
153.349 1.227
154.297 0.948
155.252 0.955
156.271 1.019
157.307 1.036
158.343 1.036
159.477 1.134
160.701 1.224
161.794 1.093
162.873 1.079
163.821 0.948
164.725 0.904
165.653 0.928
166.566 0.913
167.559 0.993
168.662 1.103
169.723 1.061
170.647 0.924
171.529 0.882
172.53 1.001
173.573 1.043
174.522 0.949
175.395 0.873
176.305 0.91
177.247 0.942
178.211 0.964
179.154 0.943
180.109 0.955
181.074 0.965
182.035 0.961
183.05 1.015
184.09 1.04
185.07 0.98
185.958 0.888
186.817 0.859
187.634 0.817
188.503 0.869
189.386 0.883
190.257 0.871
191.073 0.816
191.903 0.83
192.713 0.81
193.508 0.795
199.997 0.758
200.75 0.753
201.512 0.762
202.26 0.748
203.007 0.747
203.747 0.74
204.493 0.746
205.227 0.734
206.039 0.812
206.922 0.883
207.869 0.947
208.731 0.862
209.563 0.832
210.415 0.852
211.224 0.809
212.055 0.831
212.872 0.817
213.701 0.829
214.529 0.828
215.354 0.825
216.138 0.784
216.961 0.823
217.749 0.788
218.508 0.759
219.311 0.803
220.133 0.822
220.947 0.814
221.825 0.878
222.722 0.897
223.642 0.92
224.511 0.869
225.412 0.901
226.29 0.878
227.14 0.85
228.008 0.868
228.885 0.877
229.829 0.944
230.73 0.901
231.659 0.929
232.602 0.943
233.494 0.892
234.403 0.909
235.391 0.988
236.322 0.931
237.313 0.991
238.311 0.998
239.245 0.934
240.192 0.947
241.093 0.901
242.005 0.912
242.985 0.98
243.986 1.001
244.901 0.915
245.848 0.947
246.757 0.909
247.626 0.869
248.494 0.868
249.345 0.851
250.228 0.883
251.112 0.884
252.089 0.977
253.049 0.96
254.002 0.953
254.913 0.911
255.802 0.889
256.647 0.845
257.485 0.838
258.34 0.855
259.174 0.834
259.969 0.795
260.867 0.898
261.766 0.899
262.651 0.885
263.629 0.978
264.639 1.01
265.583 0.944
266.613 1.03
267.69 1.077
268.651 0.961
269.655 1.004
270.677 1.022
271.58 0.903
272.506 0.926
273.44 0.934
274.309 0.869
275.224 0.915
276.223 0.999
277.17 0.947
278.068 0.898
279.0 0.932
279.845 0.845
280.721 0.876
281.682 0.961
282.678 0.996
283.662 0.984
284.756 1.094
285.815 1.059
286.776 0.961
287.756 0.98
288.738 0.982
289.665 0.927
290.506 0.841
291.334 0.828
292.177 0.843
292.994 0.817
293.818 0.824
294.603 0.785
295.363 0.76
296.113 0.75
296.864 0.751
297.605 0.741
298.406 0.801
299.256 0.85
300.169 0.913
301.084 0.915
301.999 0.915
302.945 0.946
303.933 0.988
304.846 0.913
305.78 0.934
306.635 0.855
307.577 0.942
308.541 0.964
309.514 0.973
310.481 0.967
311.479 0.998
312.432 0.953
313.34 0.908
314.288 0.948
315.229 0.941
316.147 0.918
317.105 0.958
318.186 1.081
319.133 0.947
320.203 1.07
321.29 1.087
322.247 0.957
323.258 1.011
324.331 1.073
325.308 0.977
326.395 1.087
327.451 1.056
328.399 0.948
329.343 0.944
330.357 1.014
331.276 0.919
332.203 0.927
333.125 0.922
334.064 0.939
335.109 1.045
336.156 1.047
337.136 0.98
338.179 1.043
339.206 1.027
340.279 1.073
341.437 1.158
342.531 1.094
343.63 1.099
344.699 1.069
345.721 1.022
346.733 1.012
347.721 0.988
348.618 0.897
349.561 0.943
350.531 0.97
351.53 0.999
352.482 0.952
353.476 0.994
354.439 0.963
355.352 0.913
356.264 0.912
357.211 0.947
358.154 0.943
359.192 1.038
360.188 0.996
361.122 0.934
362.113 0.991
363.119 1.006
364.04 0.921
365.016 0.976
366.014 0.998
366.903 0.889
367.786 0.883
368.759 0.973
369.752 0.993
370.669 0.917
371.676 1.007
372.722 1.046
373.666 0.944
374.572 0.906
375.525 0.953
376.532 1.007
377.495 0.963
378.527 1.032
379.54 1.013
380.528 0.988
381.526 0.998
382.497 0.971
383.398 0.901
384.33 0.932
385.308 0.978
386.348 1.04
387.339 0.991
388.333 0.994
389.313 0.98
390.256 0.943
391.223 0.967
392.244 1.021
393.37 1.126
394.374 1.004
395.422 1.048
396.471 1.049
397.445 0.974
398.435 0.99
399.379 0.944
400.236 0.857
401.125 0.889
402.019 0.894
402.888 0.869
403.764 0.876
404.705 0.941
405.739 1.034
406.747 1.008
407.701 0.954
408.673 0.972
409.573 0.9
410.415 0.842
411.192 0.777
411.988 0.796
412.789 0.801
413.6 0.811
414.393 0.793
415.174 0.781
415.962 0.788
416.762 0.8
417.586 0.824
418.406 0.82
419.166 0.76
419.921 0.755
420.666 0.745
421.439 0.773
422.243 0.804
423.118 0.875
423.964 0.846
424.849 0.885
425.721 0.872
426.632 0.911
427.527 0.895
428.455 0.928
429.389 0.934
430.253 0.864
431.162 0.909
432.167 1.005
433.144 0.977
434.067 0.923
435.018 0.951
435.913 0.895
436.814 0.901
437.799 0.985
438.771 0.972
439.769 0.998
440.83 1.061
441.775 0.945
442.685 0.91
443.615 0.93
444.587 0.972
445.512 0.925
446.535 1.023
447.571 1.036
448.519 0.948
449.55 1.031
450.619 1.069
451.538 0.919
452.465 0.927
453.413 0.948
454.313 0.9
455.172 0.859
456.059 0.887
456.982 0.923
457.932 0.95
458.873 0.941
459.863 0.99
460.836 0.973
461.772 0.936
462.74 0.968
463.676 0.936
464.611 0.935
465.503 0.892
466.361 0.858
467.257 0.896
468.195 0.938
469.171 0.976
470.101 0.93
471.085 0.984
472.125 1.04
473.129 1.004
474.065 0.936
474.931 0.866
475.768 0.837
476.623 0.855
477.513 0.89
478.489 0.976
479.407 0.918
480.349 0.942
481.237 0.888
482.169 0.932
483.052 0.883
483.901 0.849
484.727 0.826
485.602 0.875
486.5 0.898
487.396 0.896
488.325 0.929
489.256 0.931
490.196 0.94
491.083 0.887
491.966 0.883
492.798 0.832
493.774 0.976
494.764 0.99
495.73 0.966
496.716 0.986
497.696 0.98
498.571 0.875
499.497 0.926
500.455 0.958
501.397 0.942
502.382 0.985
503.375 0.993
504.288 0.913
505.235 0.947
506.2 0.965
507.14 0.94
508.148 1.008
509.171 1.023
510.101 0.93
511.062 0.961
512.005 0.943
512.866 0.861
513.782 0.916
514.747 0.965
515.655 0.908
516.519 0.864
517.376 0.857
518.234 0.858
519.043 0.809
519.849 0.806
520.651 0.802
521.398 0.747
522.184 0.786
522.963 0.779
523.74 0.777
524.548 0.808
525.383 0.835
526.22 0.837
527.103 0.883
527.996 0.893
528.828 0.832
529.675 0.847
530.512 0.837
531.393 0.881
532.284 0.891
533.222 0.938
534.226 1.004
535.208 0.982
536.206 0.998
537.148 0.942
538.041 0.893
538.955 0.914
539.973 1.018
540.902 0.929
541.724 0.822
542.65 0.926
543.593 0.943
544.615 1.022
545.552 0.937
546.505 0.953
548.034 1.529
549.379 1.345
550.559 1.18
551.717 1.158
552.88 1.163
554.037 1.157
555.215 1.178
556.37 1.155
557.513 1.143
558.688 1.175
559.844 1.156
560.971 1.127
562.102 1.131
563.212 1.11
564.329 1.117
565.439 1.11
566.5 1.061
567.491 0.991
568.395 0.904
569.344 0.949
570.505 1.161
571.578 1.073
572.684 1.106
573.712 1.028
574.723 1.011
575.699 0.976
576.701 1.002
577.665 0.964
578.588 0.923
579.499 0.911
580.431 0.932
581.397 0.966
582.367 0.97
583.269 0.902
584.19 0.921
585.125 0.935
586.097 0.972
586.974 0.877
587.917 0.943
588.805 0.888
589.721 0.916
590.668 0.947
591.631 0.963
592.525 0.894
593.449 0.924
594.386 0.937
595.269 0.883
596.182 0.913
597.143 0.961
598.15 1.007
599.103 0.953
600.068 0.965
600.985 0.917
601.915 0.93
602.865 0.95
603.795 0.93
604.712 0.917
605.708 0.996
606.578 0.87
607.44 0.862
608.318 0.878
609.209 0.891
610.067 0.858
610.925 0.858
611.783 0.858
612.65 0.867