0.000 0.711
0.711 0.711
1.599 0.888
2.746 1.147
3.846 1.1
4.913 1.067
5.951 1.038
6.857 0.906
7.768 0.911
8.724 0.956
9.678 0.954
10.421 0.743
11.177 0.756
12.114 0.937
13.057 0.943
13.882 0.825
14.696 0.814
15.473 0.777
16.345 0.872
17.218 0.873
17.994 0.776
18.726 0.732
19.417 0.691
20.107 0.69
20.891 0.784
21.715 0.824
22.609 0.894
23.483 0.874
24.275 0.792
24.971 0.696
25.707 0.736
26.486 0.779
27.425 0.939
28.357 0.932
29.272 0.915
30.294 1.022
31.363 1.069
32.432 1.069
33.362 0.93
34.237 0.875
35.162 0.925
36.175 1.013
37.099 0.924
38.188 1.089
39.319 1.131
40.24 0.921
40.977 0.737
41.74 0.763
42.96 1.22
44.099 1.139
45.184 1.085
46.203 1.019
47.174 0.971
47.972 0.798
48.846 0.874
49.716 0.87
50.67 0.954
51.613 0.943
52.416 0.803
53.274 0.858
54.241 0.967
55.038 0.797
55.859 0.821
56.713 0.854
57.605 0.892
58.562 0.957
59.436 0.874
60.294 0.858
61.167 0.873
62.005 0.838
62.844 0.839
63.625 0.781
64.435 0.81
65.202 0.767
66.061 0.859
67.072 1.011
68.133 1.061
69.156 1.023
70.181 1.025
71.165 0.984
72.001 0.836
72.863 0.862
73.727 0.864
74.544 0.817
75.432 0.888
76.507 1.075
77.57 1.063
78.604 1.034
79.578 0.974
80.46 0.882
81.283 0.823
82.099 0.816
82.896 0.797
83.797 0.901
84.814 1.017
85.67 0.856
86.414 0.744
87.224 0.81
88.273 1.049
89.291 1.018
90.306 1.015
91.222 0.916
92.123 0.901
93.05 0.927
93.959 0.909
94.774 0.815
95.576 0.802
96.371 0.795
97.149 0.778
97.951 0.802
98.79 0.839
99.607 0.817
100.414 0.807
101.242 0.828
102.107 0.865
102.959 0.852
103.792 0.833
104.623 0.831
105.427 0.804
106.258 0.831
107.21 0.952
108.218 1.008
109.098 0.88
110.004 0.906
110.899 0.895
111.8 0.901
112.713 0.913
113.498 0.785
114.33 0.832
115.244 0.914
116.286 1.042
117.27 0.984
118.23 0.96
119.194 0.964
120.196 1.002
121.116 0.92
121.889 0.773
122.703 0.814
123.569 0.866
124.54 0.971
125.58 1.04
126.5 0.92
127.265 0.765
128.128 0.863
129.16 1.032
130.225 1.065
131.059 0.834
132.176 1.117
133.231 1.055
134.09 0.859
135.196 1.106
136.271 1.075
137.288 1.017
138.092 0.804
138.924 0.832
139.865 0.941
140.859 0.994
141.903 1.044
142.804 0.901
143.694 0.89
144.57 0.876
145.46 0.89
146.313 0.853
147.119 0.806
147.837 0.718
148.571 0.734
149.34 0.769
150.169 0.829
151.04 0.871
151.909 0.869
152.742 0.833
153.486 0.744
154.25 0.764
155.047 0.797
155.914 0.867
156.807 0.893
157.711 0.904
158.549 0.838
159.322 0.773
160.024 0.702
160.736 0.712
161.605 0.869
162.744 1.139
163.738 0.994
164.654 0.916
165.491 0.837
166.252 0.761
167.017 0.765
167.913 0.896
168.856 0.943
169.802 0.946
170.715 0.913
171.543 0.828
172.399 0.856
173.35 0.951
174.357 1.007
175.275 0.918
176.173 0.898
177.143 0.97
178.121 0.978
179.108 0.987
179.94 0.832
180.74 0.8
181.629 0.889
182.565 0.936
183.559 0.994
184.512 0.953
185.41 0.898
186.244 0.834
187.003 0.759
187.853 0.85
188.783 0.93
189.751 0.968
190.705 0.954
191.626 0.921
192.432 0.806
193.303 0.871
194.263 0.96
195.2 0.937
196.101 0.901
196.98 0.879
197.772 0.792
198.597 0.825
199.399 0.802
200.169 0.77
200.881 0.712
201.623 0.742
202.366 0.743
203.122 0.756
203.855 0.733
204.609 0.754
205.376 0.767
206.218 0.842
207.115 0.897
207.88 0.765
208.72 0.84
209.605 0.885
210.61 1.005
211.518 0.908
212.383 0.865
213.272 0.889
214.248 0.976
215.227 0.979
216.054 0.827
216.937 0.883
217.776 0.839
218.495 0.719
219.226 0.731
220.15 0.924
221.045 0.895
221.837 0.792
222.58 0.743
223.335 0.755
224.144 0.809
224.865 0.721
225.57 0.705
226.27 0.7
226.971 0.701
227.712 0.741
228.476 0.764
229.232 0.756
229.958 0.726
230.658 0.7
231.376 0.718
232.118 0.742
232.846 0.728
233.572 0.726
234.306 0.734
235.09 0.784
235.984 0.894
236.972 0.988
237.885 0.913
238.698 0.813
239.564 0.866
240.467 0.903
241.302 0.835
242.101 0.799
242.954 0.853
243.875 0.921
244.902 1.027
245.832 0.93
246.631 0.799
247.542 0.911
248.453 0.911
249.352 0.899
250.396 1.044
251.277 0.881
252.152 0.875
253.042 0.89
253.911 0.869
254.693 0.782
255.505 0.812
256.3 0.795
257.144 0.844
258.085 0.941
259.055 0.97
259.964 0.909
260.791 0.827
261.57 0.779
262.323 0.753
263.059 0.736
263.754 0.695
264.474 0.72
265.309 0.835
266.401 1.092
267.41 1.009
268.364 0.954
269.288 0.924
270.193 0.905
270.975 0.782
271.724 0.749
272.591 0.867
273.773 1.182
274.859 1.086
275.794 0.935
276.606 0.812
277.545 0.939
278.632 1.087
279.59 0.958
280.561 0.971
281.563 1.002
282.562 0.999
283.487 0.925
284.449 0.962
285.415 0.966
286.246 0.831
287.161 0.915
288.07 0.909
288.889 0.819
289.621 0.732
290.418 0.797
291.269 0.851
292.107 0.838
292.945 0.838
293.684 0.739
294.437 0.753
295.196 0.759
296.007 0.811
296.878 0.871
297.659 0.781
298.469 0.81
299.299 0.83
300.166 0.867
301.038 0.872
301.895 0.857
302.73 0.835
303.535 0.805
304.303 0.768
305.08 0.777
305.91 0.83
306.754 0.844
307.552 0.798
308.471 0.919
309.501 1.03
310.428 0.927
311.354 0.926
312.292 0.938
313.127 0.835
313.976 0.849
314.941 0.965
315.855 0.914
316.687 0.832
317.629 0.942
318.691 1.062
319.587 0.896
320.411 0.824
321.285 0.874
322.174 0.889
322.99 0.816
323.894 0.904
325.0 1.106
325.993 0.993
326.816 0.823
327.776 0.96
328.778 1.002
329.595 0.817
330.473 0.878
331.454 0.981
332.288 0.834
333.288 1.0
334.188 0.9
335.006 0.818
335.909 0.903
336.799 0.89
337.69 0.891
338.621 0.931
339.474 0.853
340.232 0.758
341.061 0.829
342.042 0.981
342.974 0.932
343.896 0.922
344.684 0.788
345.506 0.822
346.325 0.819
347.185 0.86
348.039 0.854
348.875 0.836
349.62 0.745
350.39 0.77
351.224 0.834
352.073 0.849
352.985 0.912
353.895 0.91
354.698 0.803
355.515 0.817
356.427 0.912
357.367 0.94
358.201 0.834
359.061 0.86
359.952 0.891
360.953 1.001
361.889 0.936
362.794 0.905
363.675 0.881
364.536 0.861
365.397 0.861
366.302 0.905
367.122 0.82
367.902 0.78
368.734 0.832
369.613 0.879
370.508 0.895
371.265 0.757
372.097 0.832
372.995 0.898
373.996 1.001
374.936 0.94
375.714 0.778
376.433 0.719
377.159 0.726
377.991 0.832
379.11 1.119
380.162 1.052
381.127 0.965
382.036 0.909
382.92 0.884
383.837 0.917
384.72 0.883
385.59 0.87
386.475 0.885
387.422 0.947
388.416 0.994
389.348 0.932
390.313 0.965
391.308 0.995
392.3 0.992
393.258 0.958
394.246 0.988
395.21 0.964
396.048 0.838
396.96 0.912
397.887 0.927
398.828 0.941
399.832 1.004
400.766 0.934
401.628 0.862
402.377 0.749
403.171 0.794
404.14 0.969
405.145 1.005
406.021 0.876
406.976 0.955
407.821 0.845
408.692 0.871
409.609 0.917
410.43 0.821
411.178 0.748
411.92 0.742
412.669 0.749
413.465 0.796
414.265 0.8
415.196 0.931
416.156 0.96
417.061 0.905
417.944 0.883
418.79 0.846
419.547 0.757
420.297 0.75
421.078 0.781
421.905 0.827
422.69 0.785
423.494 0.804
424.532 1.038
425.588 1.056
426.469 0.881
427.382 0.913
428.15 0.768
428.88 0.73
429.68 0.8
430.767 1.087
431.829 1.062
432.835 1.006
433.751 0.916
434.57 0.819
435.306 0.736
435.998 0.692
436.665 0.667
437.342 0.677
438.019 0.677
438.806 0.787
439.854 1.048
440.783 0.929
441.681 0.898
442.574 0.893
443.481 0.907
444.415 0.934
445.294 0.879
446.101 0.807
446.904 0.803
447.671 0.767
448.484 0.813
449.395 0.911
450.351 0.956
451.21 0.859
452.129 0.919
453.113 0.984
453.977 0.864
454.867 0.89
455.758 0.891
456.578 0.82
457.348 0.77
458.296 0.948
459.241 0.945
460.092 0.851
460.913 0.821
461.699 0.786
462.621 0.922
463.471 0.85
464.377 0.906
465.293 0.916
466.199 0.906
467.091 0.892
467.906 0.815
468.76 0.854
469.59 0.83
470.402 0.812
471.218 0.816
471.965 0.747
472.791 0.826
473.963 1.172
475.077 1.114
476.114 1.037
477.026 0.912
478.004 0.978
479.019 1.015
479.891 0.872
480.791 0.9
481.768 0.977
482.74 0.972
483.587 0.847
484.464 0.877
485.511 1.047
486.587 1.076
487.5 0.913
488.455 0.955
489.432 0.977
490.378 0.946
491.171 0.793
492.014 0.843
492.975 0.961
494.033 1.058
494.95 0.917
495.769 0.819
496.788 1.019
497.77 0.982
498.681 0.911
499.44 0.759
500.146 0.706
500.878 0.732
501.993 1.115
503.032 1.039
503.999 0.967
504.803 0.804
505.505 0.702
506.205 0.7
506.877 0.672
507.546 0.669
508.276 0.73
509.041 0.765
509.751 0.71
510.478 0.727
511.311 0.833
512.259 0.948
513.184 0.925
514.059 0.875
514.955 0.896
515.934 0.979
516.884 0.95
517.694 0.81
518.491 0.797
519.425 0.934
520.35 0.925
521.21 0.86
522.159 0.949
523.234 1.075
524.181 0.947
525.162 0.981
526.132 0.97
527.0 0.868
527.969 0.969
528.97 1.001
529.817 0.847
530.703 0.886
531.704 1.001
532.68 0.976
533.579 0.899
534.565 0.986
535.577 1.012
536.467 0.89
537.391 0.924
538.408 1.017
539.395 0.987
540.237 0.842
541.017 0.78
541.821 0.804
543.123 1.302
544.155 1.032
545.103 0.948
546.036 0.933
546.887 0.851
547.71 0.823
548.624 0.914
549.561 0.937
550.473 0.912
551.54 1.067
552.576 1.036
553.59 1.014
554.64 1.05
555.637 0.997
556.616 0.979
557.621 1.005
558.619 0.998
559.593 0.974
560.482 0.889
561.247 0.765
561.965 0.718
562.707 0.742
563.612 0.905
564.501 0.889
565.311 0.81
566.076 0.765
566.79 0.714
567.488 0.698
568.171 0.683
568.901 0.73
569.617 0.716
570.304 0.687
570.98 0.676
571.742 0.762
572.53 0.788
573.422 0.892
574.329 0.907
575.127 0.798
575.909 0.782
576.717 0.808
577.583 0.866
578.436 0.853
579.276 0.84
580.095 0.819
580.954 0.859
581.725 0.771
582.487 0.762
583.218 0.731
583.983 0.765
584.784 0.801
585.624 0.84
586.585 0.961
587.592 1.007
588.533 0.941
589.463 0.93
590.431 0.968
591.389 0.958
592.314 0.925
593.3 0.986
594.302 1.002
595.244 0.942
596.222 0.978
597.265 1.043
598.314 1.049
599.256 0.942
600.265 1.009
601.309 1.044
602.274 0.965
603.276 1.002
604.289 1.013
605.193 0.904
606.087 0.894