0.000 0.306
0.306 0.306
0.605 0.299
0.906 0.301
1.206 0.3
1.506 0.3
1.806 0.3
2.205 0.399
2.906 0.701
3.305 0.399
3.606 0.301
4.005 0.399
4.406 0.401
4.703 0.297
5.006 0.303
5.642 0.636
6.793 1.151
7.86 1.067
8.863 1.003
9.835 0.972
10.746 0.911
11.69 0.944
12.791 1.101
14.069 1.278
15.374 1.305
16.621 1.247
17.812 1.191
18.883 1.071
19.934 1.051
20.968 1.034
22.021 1.053
23.038 1.017
24.05 1.012
25.046 0.996
25.898 0.852
26.702 0.804
27.631 0.929
28.719 1.088
29.814 1.095
30.908 1.094
32.021 1.113
33.054 1.033
34.037 0.983
34.911 0.874
35.815 0.904
36.762 0.947
37.776 1.014
38.78 1.004
39.719 0.939
40.625 0.906
41.542 0.917
42.531 0.989
43.522 0.991
44.499 0.977
45.486 0.987
46.429 0.943
47.296 0.867
48.264 0.968
49.39 1.126
50.619 1.229
51.765 1.146
52.782 1.017
54.022 1.24
55.219 1.197
56.317 1.098
57.399 1.082
58.246 0.847
59.11 0.864
59.952 0.842
60.788 0.836
62.137 1.349
63.374 1.237
64.539 1.165
65.529 0.99
66.61 1.081
67.791 1.181
68.807 1.016
69.861 1.054
71.029 1.168
72.043 1.014
72.9 0.857
73.791 0.891
75.154 1.363
76.425 1.271
77.645 1.22
78.774 1.129
79.605 0.831
80.382 0.777
81.33 0.948
82.548 1.218
83.691 1.143
84.773 1.082
85.672 0.899
86.536 0.864
87.63 1.094
88.792 1.162
89.925 1.133
90.89 0.965
91.735 0.845
92.808 1.073
93.861 1.053
94.903 1.042
95.944 1.041
96.999 1.055
98.095 1.096
99.176 1.081
100.241 1.065
101.292 1.051
102.422 1.13
103.597 1.175
104.786 1.189
105.957 1.171
107.09 1.133
108.27 1.18
109.504 1.234
110.743 1.239
111.941 1.198
113.083 1.142
114.4 1.317
115.688 1.288
116.923 1.235
117.93 1.007
119.281 1.351
120.64 1.359
121.997 1.357
123.31 1.313
124.669 1.359
125.951 1.282
126.999 1.048
128.383 1.384
129.677 1.294
131.033 1.356
132.437 1.404
133.689 1.252
135.024 1.335
136.394 1.37
137.618 1.224
138.928 1.31
140.233 1.305
141.264 1.031
142.584 1.32
143.869 1.285
145.012 1.143
146.196 1.184
147.455 1.259
148.661 1.206
149.834 1.173
151.094 1.26
152.345 1.251
153.449 1.104
154.286 0.837
155.06 0.774
155.925 0.865
156.795 0.87
157.621 0.826
158.419 0.798
159.315 0.896
160.357 1.042
161.678 1.321
162.922 1.244
164.165 1.243
165.382 1.217
166.538 1.156
167.564 1.026
168.668 1.104
169.828 1.16
171.006 1.178
172.083 1.077
173.052 0.969
174.209 1.157
175.117 0.908
176.083 0.966
177.022 0.939
178.051 1.029
179.344 1.293
180.603 1.259
181.755 1.152
182.778 1.023
184.027 1.249
185.309 1.282
186.538 1.229
187.648 1.11
188.946 1.298
190.172 1.226
191.395 1.223
192.712 1.317
193.92 1.208
195.189 1.269
196.47 1.281
197.671 1.201
198.907 1.236
200.242 1.335
201.481 1.239
202.714 1.233
203.93 1.216
204.936 1.006
206.246 1.31
207.482 1.236
208.61 1.128
209.852 1.242
210.924 1.072
212.053 1.129
213.314 1.261
214.45 1.136
215.688 1.238
216.959 1.271
218.109 1.15
219.399 1.29
220.626 1.227
221.772 1.146
223.064 1.292
224.264 1.2
225.39 1.126
226.627 1.237
227.83 1.203
228.823 0.993
230.06 1.237
231.239 1.179
232.349 1.11
233.619 1.27
234.818 1.199
236.002 1.184
237.289 1.287
238.449 1.16
239.64 1.191
240.916 1.276
242.07 1.154
243.271 1.201
244.525 1.254
245.633 1.108
246.783 1.15
248.083 1.3
249.284 1.201
250.475 1.191
251.833 1.358
253.013 1.18
254.226 1.213
255.507 1.281
256.598 1.091
257.81 1.212
259.023 1.213
259.917 0.894
260.751 0.834
261.826 1.075
263.052 1.226
264.173 1.121
265.24 1.067
266.225 0.985
267.19 0.965
268.124 0.934
269.113 0.989
270.278 1.165
271.411 1.133
272.478 1.067
273.601 1.123
274.701 1.1
275.652 0.951
276.754 1.102
277.895 1.141
278.974 1.079
280.195 1.221
281.395 1.2
282.597 1.202
283.826 1.229
284.848 1.022
286.013 1.165
287.2 1.187
288.161 0.961
289.496 1.335
290.659 1.163
291.899 1.24
293.159 1.26
294.202 1.043
295.455 1.253
296.672 1.217
297.891 1.219
299.179 1.288
300.321 1.142
301.51 1.189
302.719 1.209
303.803 1.084
305.084 1.281
306.337 1.253
307.298 0.961
308.406 1.108
309.35 0.944
310.25 0.9
311.127 0.877
312.063 0.936
313.343 1.28
314.621 1.278
315.691 1.07
316.879 1.188
318.105 1.226
319.22 1.115
320.348 1.128
321.613 1.265
322.817 1.204
323.999 1.182
325.286 1.287
326.482 1.196
327.656 1.174
328.946 1.29
330.173 1.227
331.344 1.171
332.549 1.205
333.719 1.17
334.915 1.196
336.146 1.231
337.333 1.187
338.526 1.193
339.586 1.06
340.507 0.921
341.769 1.262
343.072 1.303
344.226 1.154
345.444 1.218
346.687 1.243
347.816 1.129
349.1 1.284
350.325 1.225
351.465 1.14
352.761 1.296
354.0 1.239
355.056 1.056
356.301 1.245
357.492 1.191
358.404 0.912
359.37 0.966
360.449 1.079
361.757 1.308
362.909 1.152
363.935 1.026
365.151 1.216
366.39 1.239
367.485 1.095
368.62 1.135
369.823 1.203
370.94 1.117
372.161 1.221
373.394 1.233
374.442 1.048
375.634 1.192
376.883 1.249
377.998 1.115
379.009 1.011
380.209 1.2
381.332 1.123
382.567 1.235
383.868 1.301
385.003 1.135
386.209 1.206
387.437 1.228
388.478 1.041
389.79 1.312
391.062 1.272
392.059 0.997
392.947 0.888
393.775 0.828
394.76 0.985
395.883 1.123
396.809 0.926
397.823 1.014
398.714 0.891
399.75 1.036
400.823 1.073
401.705 0.882
402.631 0.926
403.621 0.99
404.61 0.989
405.435 0.825
406.208 0.773
406.945 0.737
407.756 0.811
408.597 0.841
409.418 0.821
410.291 0.873
411.507 1.216
412.712 1.205
413.85 1.138
414.845 0.995
415.886 1.041
416.963 1.077
418.092 1.129
419.155 1.063
420.288 1.133
421.496 1.208
422.724 1.228
423.958 1.234
425.23 1.272
426.385 1.155
427.588 1.203
428.755 1.167
429.913 1.158
431.155 1.242
432.368 1.213
433.534 1.166
434.725 1.191
435.836 1.111
436.847 1.011
438.13 1.283
439.418 1.288
440.404 0.986
441.444 1.04
442.395 0.951
443.336 0.941
444.638 1.302
445.759 1.121
447.029 1.27
448.308 1.279
449.461 1.153
450.659 1.198
451.926 1.267
453.108 1.182
454.337 1.229
455.625 1.288
456.834 1.209
458.14 1.306
459.497 1.357
460.745 1.248
462.069 1.324
463.326 1.257
464.503 1.177
465.796 1.293
467.021 1.225
468.243 1.222
469.569 1.326
470.814 1.245
471.997 1.183
473.292 1.295
474.46 1.168
475.405 0.945
476.623 1.218
477.841 1.218
478.983 1.142
480.059 1.076
481.313 1.254
482.535 1.222
483.59 1.055
484.814 1.224
486.035 1.221
487.184 1.149
488.386 1.202
489.654 1.268
490.948 1.294
492.183 1.235
493.468 1.285
494.73 1.262
495.969 1.239
497.23 1.261
498.401 1.171
499.466 1.065
500.806 1.34
502.136 1.33
503.285 1.149
504.593 1.308
505.966 1.373
507.274 1.308
508.496 1.222
509.789 1.293
510.98 1.191
512.1 1.12
513.359 1.259
514.65 1.291
515.829 1.179
517.038 1.209
518.289 1.251
519.425 1.136
520.548 1.123
521.854 1.306
523.062 1.208
524.061 0.999
525.334 1.273
526.671 1.337
527.846 1.175
529.113 1.267
530.386 1.273
531.486 1.1
532.73 1.244
533.993 1.263
535.098 1.105
536.332 1.234
537.536 1.204
538.578 1.042
539.755 1.177
540.896 1.141
541.984 1.088
543.247 1.263
544.491 1.244
545.613 1.122
546.6 0.987
547.775 1.175
549.029 1.254
550.273 1.244
551.339 1.066
552.418 1.079
553.542 1.124
554.619 1.077
555.545 0.926
556.449 0.904
557.485 1.036
558.492 1.007
559.672 1.18
560.739 1.067
561.744 1.005
562.922 1.178
564.139 1.217
565.233 1.094
566.489 1.256
567.74 1.251
568.87 1.13
569.978 1.108
571.296 1.318
572.561 1.265
573.765 1.204
575.063 1.298
576.303 1.24
577.356 1.053
578.402 1.046
579.307 0.905
580.194 0.887
581.089 0.895
582.077 0.988
583.182 1.105
584.309 1.127
585.305 0.996
586.123 0.818
586.409 0.286
586.701 0.292
586.972 0.271
587.24 0.268
588.584 1.344