0.000 0.96
0.96 0.96
2.052 1.092
3.143 1.091
4.262 1.119
5.413 1.151
6.538 1.125
7.655 1.117
8.839 1.184
10.015 1.176
11.201 1.186
12.431 1.23
13.62 1.189
14.872 1.252
16.06 1.188
17.26 1.2
18.448 1.188
19.66 1.212
20.808 1.148
21.952 1.144
23.031 1.079
24.189 1.158
25.331 1.142
26.431 1.1
27.562 1.131
28.656 1.094
29.818 1.162
30.986 1.168
32.134 1.148
33.327 1.193
34.475 1.148
35.609 1.134
36.709 1.1
37.731 1.022
38.763 1.032
39.834 1.071
40.79 0.956
41.705 0.915
42.454 0.749
43.338 0.884
44.441 1.103
45.564 1.123
46.712 1.148
47.883 1.171
49.008 1.125
50.146 1.138
51.339 1.193
52.467 1.128
53.588 1.121
54.762 1.174
55.93 1.168
57.078 1.148
58.248 1.17
59.436 1.188
60.586 1.15
61.809 1.223
62.968 1.159
64.15 1.182
65.135 0.985
66.139 1.004
67.322 1.183
68.531 1.209
69.743 1.212
70.963 1.22
72.162 1.199
73.367 1.205
74.575 1.208
75.797 1.222
76.987 1.19
78.17 1.183
79.391 1.221
80.567 1.176
81.804 1.237
83.068 1.264
84.3 1.232
85.536 1.236
86.741 1.205
87.927 1.186
89.084 1.157
90.255 1.171
91.418 1.163
92.573 1.155
93.696 1.123
94.84 1.144
95.791 0.951
96.73 0.939
97.821 1.091
98.956 1.135
100.121 1.165
101.275 1.154
102.48 1.205
103.68 1.2
104.862 1.182
106.044 1.182
107.2 1.156
108.403 1.203
109.574 1.171
110.797 1.223
112.039 1.242
113.29 1.251
114.558 1.268
115.785 1.227
117.003 1.218
118.249 1.246
119.482 1.233
120.748 1.266
121.951 1.203
123.172 1.221
124.384 1.212
125.582 1.198
126.782 1.2
128.023 1.241
129.292 1.269
130.529 1.237
131.693 1.164
132.879 1.186
133.997 1.118
135.179 1.182
136.312 1.133
137.363 1.051
138.322 0.959
139.228 0.906
140.14 0.912
141.262 1.122
142.364 1.102
143.497 1.133
144.59 1.093
145.702 1.112
146.818 1.116
147.917 1.099
149.053 1.136
150.279 1.226
151.482 1.203
152.596 1.114
153.692 1.096
154.851 1.159
156.002 1.151
157.096 1.094
158.203 1.107
159.34 1.137
160.521 1.181
161.661 1.14
162.808 1.147
163.907 1.099
164.994 1.087
166.084 1.09
167.218 1.134
168.309 1.091
169.472 1.163
170.725 1.253
171.922 1.197
173.11 1.188
174.255 1.145
175.459 1.204
176.708 1.249
177.899 1.191
179.129 1.23
180.344 1.215
181.552 1.208
182.756 1.204
183.944 1.188
185.064 1.12
185.959 0.895
187.023 1.064
188.117 1.094
189.185 1.068
190.133 0.948
191.063 0.93
192.037 0.974
193.041 1.004
194.224 1.183
195.392 1.168
196.524 1.132
197.599 1.075
198.675 1.076
199.638 0.963
200.513 0.875
201.452 0.939
202.448 0.996
203.413 0.965
204.282 0.869
205.103 0.821
205.977 0.874
206.862 0.885
207.718 0.856
208.522 0.804
209.317 0.795
210.102 0.785
210.863 0.761
211.6 0.737
212.322 0.722
213.056 0.734
213.813 0.757
214.613 0.8
215.478 0.865
216.312 0.834
217.142 0.83
217.99 0.848
218.932 0.942
220.084 1.152
221.319 1.235
222.579 1.26
223.79 1.211
225.062 1.272
226.314 1.252
227.536 1.222
228.731 1.195
229.939 1.208
231.148 1.209
232.305 1.157
233.533 1.228
234.689 1.156
235.871 1.182
237.001 1.13
238.172 1.171
239.31 1.138
240.548 1.238
241.713 1.165
242.933 1.22
244.119 1.186
245.264 1.145
246.437 1.173
247.657 1.22
248.86 1.203
250.026 1.166
251.239 1.213
252.433 1.194
253.633 1.2
254.87 1.237
256.043 1.173
257.251 1.208
258.463 1.212
259.653 1.19
260.881 1.228
262.151 1.27
263.405 1.254
264.623 1.218
265.863 1.24
267.102 1.239
268.3 1.198
269.528 1.228
270.752 1.224
271.951 1.199
273.161 1.21
274.341 1.18
275.501 1.16
276.674 1.173
277.827 1.153
278.941 1.114
280.014 1.073
281.039 1.025
282.107 1.068
283.034 0.927
283.891 0.857
284.693 0.802
285.485 0.792
286.271 0.786
287.078 0.807
287.873 0.795
288.609 0.736
289.359 0.75
290.082 0.723
290.785 0.703
291.468 0.683
292.13 0.662
292.788 0.658
293.457 0.669
294.156 0.699
294.953 0.797
295.764 0.811
296.654 0.89
297.513 0.859
298.476 0.963
299.529 1.053
300.641 1.112
301.753 1.112
302.725 0.972
303.672 0.947
304.689 1.017
305.842 1.153
307.026 1.184
308.168 1.142
309.275 1.107
310.402 1.127
311.563 1.161
312.694 1.131
313.823 1.129
314.953 1.13
316.042 1.089
317.148 1.106
318.265 1.117
319.419 1.154
320.595 1.176
321.817 1.222
323.021 1.204
324.256 1.235
325.436 1.18
326.63 1.194
327.659 1.029
328.66 1.001
329.805 1.145
331.015 1.21
332.086 1.071
333.09 1.004
334.044 0.954
335.079 1.035
336.052 0.973
336.914 0.862
337.803 0.889
338.662 0.859
339.45 0.788
340.263 0.813
341.08 0.817
341.877 0.797
342.676 0.799
343.502 0.826
344.298 0.796
345.08 0.782
345.869 0.789
346.623 0.754
347.393 0.77
347.942 0.549
348.282 0.34
349.317 1.035
350.357 1.04
351.37 1.013
352.413 1.043
353.47 1.057
354.513 1.043
355.538 1.025
356.596 1.058
357.73 1.134
358.868 1.138
359.952 1.084
361.132 1.18
362.306 1.174
363.476 1.17
364.557 1.081
365.722 1.165
366.815 1.093
367.911 1.096
369.074 1.163
370.255 1.181
371.433 1.178
372.604 1.171
373.817 1.213
374.964 1.147
376.185 1.221
377.299 1.114
378.484 1.185
379.625 1.141
380.621 0.996
381.684 1.063
382.861 1.177
384.028 1.167
385.173 1.145
386.351 1.178
387.504 1.153
388.685 1.181
389.816 1.131
391.032 1.216
392.122 1.09
393.127 1.005
394.193 1.066
395.158 0.965
396.23 1.072
397.451 1.221
398.683 1.232
399.887 1.204
401.065 1.178
402.222 1.157
403.422 1.2
404.672 1.25
405.911 1.239
407.127 1.216
408.345 1.218
409.617 1.272
410.838 1.221
412.088 1.25
413.273 1.185
414.457 1.184
415.654 1.197
416.831 1.177
418.076 1.245
419.238 1.162
420.525 1.287
421.645 1.12
422.898 1.253
424.041 1.143
425.262 1.221
426.41 1.148
427.676 1.266
428.841 1.165
430.109 1.268
431.35 1.241
432.565 1.215
433.871 1.306
435.143 1.272
436.417 1.274
437.653 1.236
438.929 1.276
440.132 1.203
441.441 1.309
442.649 1.208
443.908 1.259
445.131 1.223
446.38 1.249
447.64 1.26
448.814 1.174
450.069 1.255
451.306 1.237
452.512 1.206
453.689 1.177
454.919 1.23
456.064 1.145
457.259 1.195
458.407 1.148
459.506 1.099
460.731 1.225
461.91 1.179
462.987 1.077
463.931 0.944
464.837 0.906
466.01 1.173
467.151 1.141
468.3 1.149
469.502 1.202
470.67 1.168
471.884 1.214
473.125 1.241
474.362 1.237
475.59 1.228
476.783 1.193
478.035 1.252
479.263 1.228
480.48 1.217
481.746 1.266
482.975 1.229
484.2 1.225
485.44 1.24
486.659 1.219
487.93 1.271
489.137 1.207
490.348 1.211
491.557 1.209
492.737 1.18
493.978 1.241
495.187 1.209
496.432 1.245
497.619 1.187
498.775 1.156
499.992 1.217
501.186 1.194
502.503 1.317
503.729 1.226
504.917 1.188
506.159 1.242
507.281 1.122
508.48 1.199
509.672 1.192
510.941 1.269
512.181 1.24
513.356 1.175
514.602 1.246
515.854 1.252
517.098 1.244
518.36 1.262
519.617 1.257
520.886 1.269
522.081 1.195
523.334 1.253
524.516 1.182
525.688 1.172
526.876 1.188
528.025 1.149
529.239 1.214
530.413 1.174
531.625 1.212
532.844 1.219
534.122 1.278
535.314 1.192
536.516 1.202
537.667 1.151
538.674 1.007
539.659 0.985
540.89 1.231
542.114 1.224
543.262 1.148
544.41 1.148
545.516 1.106
546.612 1.096
547.729 1.117
548.838 1.109
549.907 1.069
550.994 1.087
552.041 1.047
553.12 1.079
554.212 1.092
555.332 1.12
556.479 1.147
557.671 1.192
558.825 1.154
559.918 1.093
561.015 1.097
562.117 1.102
563.254 1.137
564.355 1.101
565.5 1.145
566.667 1.167
567.862 1.195
568.997 1.135
570.146 1.149
571.281 1.135
572.376 1.095
573.542 1.166
574.677 1.135
575.779 1.102
576.813 1.034
577.808 0.995
578.953 1.145
580.132 1.179
581.35 1.218
582.495 1.145
583.652 1.157
584.776 1.124
585.973 1.197
587.074 1.101
588.277 1.203
589.409 1.132
590.643 1.234
591.85 1.207
593.09 1.24
594.29 1.2
595.519 1.229
596.677 1.158
597.861 1.184
598.815 0.954
599.898 1.083
601.038 1.14