0.000 0.646
0.646 0.646
1.329 0.683
2.039 0.71
2.756 0.717
3.511 0.755
4.256 0.745
4.981 0.725
5.669 0.688
6.372 0.703
7.105 0.733
7.84 0.735
8.583 0.743
9.346 0.763
10.126 0.78
10.922 0.796
16.999 0.798
17.776 0.777
18.526 0.75
19.404 0.878
20.43 1.026
21.4 0.97
22.304 0.904
23.189 0.885
24.062 0.873
24.929 0.867
25.841 0.912
26.75 0.909
27.649 0.899
28.469 0.82
29.235 0.766
30.001 0.766
31.032 1.031
32.031 0.999
33.024 0.993
33.937 0.913
34.8 0.863
35.654 0.854
36.547 0.893
37.459 0.912
38.357 0.898
39.303 0.946
40.142 0.839
40.936 0.794
41.691 0.755
42.493 0.802
43.423 0.93
44.35 0.927
45.244 0.894
46.136 0.892
46.962 0.826
47.765 0.803
48.563 0.798
49.34 0.777
50.114 0.774
50.875 0.761
51.674 0.799
52.67 0.996
53.64 0.97
54.596 0.956
55.472 0.876
56.301 0.829
57.101 0.8
57.901 0.8
58.714 0.813
59.566 0.852
60.451 0.885
61.28 0.829
62.045 0.765
62.757 0.712
64.607 1.85
65.652 1.045
66.629 0.977
67.568 0.939
68.468 0.9
69.302 0.834
70.08 0.778
70.824 0.744
71.561 0.737
72.292 0.731
73.11 0.818
74.085 0.975
75.009 0.924
75.882 0.873
76.732 0.85
77.555 0.823
78.382 0.827
79.178 0.796
79.964 0.786
80.737 0.773
81.502 0.765
82.265 0.763
83.028 0.763
83.784 0.756
84.541 0.757
85.293 0.752
86.033 0.74
86.802 0.769
87.562 0.76
88.328 0.766
89.083 0.755
89.821 0.738
90.552 0.731
91.276 0.724
92.005 0.729
92.753 0.748
93.506 0.753
94.247 0.741
94.967 0.72
95.707 0.74
96.499 0.792
97.288 0.789
98.058 0.77
98.811 0.753
99.545 0.734
100.267 0.722
100.984 0.717
101.718 0.734
102.454 0.736
103.202 0.748
103.971 0.769
104.767 0.796
105.542 0.775
106.3 0.758
107.034 0.734
107.787 0.753
108.549 0.762
109.301 0.752
110.039 0.738
110.767 0.728
111.476 0.709
112.185 0.709
112.919 0.734
113.671 0.752
114.444 0.773
115.184 0.74
115.879 0.695
116.569 0.69
117.296 0.727
118.025 0.729
118.731 0.706
119.452 0.721
120.185 0.733
120.917 0.732
121.635 0.718
122.338 0.703
123.04 0.702
123.741 0.701
124.445 0.704
125.147 0.702
125.868 0.721
126.565 0.697
127.267 0.702
128.048 0.781
128.891 0.843
129.744 0.853
130.568 0.824
131.363 0.795
132.135 0.772
132.925 0.79
133.722 0.797
134.556 0.834
135.387 0.831
136.246 0.859
137.138 0.892
138.013 0.875
138.808 0.795
139.574 0.766
140.301 0.727
141.03 0.729
141.864 0.834
142.728 0.864
143.58 0.852
144.401 0.821
145.21 0.809
146.019 0.809
146.802 0.783
147.589 0.787
148.39 0.801
149.22 0.83
150.086 0.866
150.902 0.816
151.68 0.778
152.404 0.724
153.107 0.703
153.871 0.764
154.822 0.951
155.788 0.966
156.771 0.983
157.722 0.951
158.561 0.839
159.326 0.765
160.059 0.733
160.759 0.7
161.45 0.691
162.135 0.685
162.874 0.739
163.851 0.977
164.792 0.941
165.646 0.854
166.426 0.78
167.155 0.729
167.834 0.679
168.501 0.667
169.153 0.652
169.809 0.656
170.582 0.773
171.458 0.876
172.384 0.926
173.269 0.885
174.154 0.885
175.01 0.856
175.85 0.84
176.646 0.796
177.42 0.774
178.172 0.752
178.903 0.731
179.628 0.725
180.443 0.815
181.4 0.957
182.341 0.941
183.235 0.894
184.107 0.872
184.963 0.856
185.794 0.831
186.56 0.766
187.289 0.729
188.004 0.715
188.717 0.713
189.537 0.82
190.534 0.997
191.531 0.997
192.486 0.955
193.391 0.905
194.232 0.841
195.058 0.826
195.868 0.81
196.694 0.826
197.553 0.859
198.426 0.873
199.32 0.894
200.224 0.904
201.109 0.885
201.908 0.799
202.665 0.757
203.407 0.742
204.27 0.863
205.186 0.916
206.111 0.925
207.009 0.898
207.87 0.861
208.702 0.832
209.505 0.803
210.299 0.794
211.1 0.801
211.94 0.84
212.785 0.845
213.586 0.801
214.35 0.764
215.085 0.735
215.849 0.764
216.788 0.939
217.743 0.955
218.677 0.934
219.569 0.892
220.43 0.861
221.242 0.812
222.033 0.791
222.823 0.79
223.634 0.811
224.399 0.765
225.146 0.747
225.868 0.722
226.623 0.755
227.538 0.915
228.487 0.949
229.448 0.961
230.377 0.929
231.243 0.866
232.102 0.859
232.918 0.816
233.731 0.813
234.535 0.804
235.344 0.809
236.19 0.846
237.04 0.85
237.899 0.859
238.752 0.853
239.527 0.775
240.28 0.753
241.005 0.725
241.736 0.731
242.52 0.784
243.345 0.825
244.148 0.803
244.945 0.797
245.721 0.776
246.486 0.765
247.258 0.772
248.042 0.784
248.84 0.798
249.591 0.751
250.338 0.747
251.056 0.718
251.793 0.737
252.607 0.814
253.465 0.858
254.344 0.879
255.191 0.847
256.02 0.829
256.818 0.798
257.606 0.788
258.383 0.777
259.167 0.784
259.952 0.785
260.722 0.77
261.465 0.743
262.186 0.721
262.919 0.733
263.788 0.869
264.759 0.971
265.712 0.953
266.584 0.872
267.396 0.812
268.174 0.778
268.946 0.772
269.722 0.776
270.467 0.745
271.2 0.733
271.924 0.724
272.729 0.805
273.596 0.867
274.456 0.86
275.239 0.783
275.991 0.752
276.741 0.75
277.505 0.764
278.273 0.768
279.04 0.767
279.805 0.765
280.531 0.726
281.247 0.716
281.95 0.703
282.676 0.726
283.515 0.839
284.381 0.866
285.244 0.863
286.056 0.812
286.829 0.773
287.581 0.752
288.33 0.749
289.077 0.747
289.835 0.758
290.615 0.78
291.396 0.781
292.211 0.815
293.023 0.812
293.804 0.781
294.562 0.758
295.318 0.756
296.087 0.769
296.881 0.794
297.644 0.763
298.387 0.743
299.106 0.719
299.851 0.745
300.705 0.854
301.6 0.895
302.46 0.86
303.294 0.834
304.099 0.805
304.85 0.751
305.547 0.697
306.235 0.688
306.906 0.671
307.596 0.69
308.277 0.681
308.938 0.661
309.593 0.655
310.253 0.66
310.916 0.663
311.613 0.697
312.389 0.776
313.202 0.813
314.053 0.851
314.886 0.833
315.696 0.81
316.491 0.795
317.267 0.776
317.998 0.731
318.719 0.721
319.419 0.7
320.141 0.722
320.964 0.823
321.835 0.871
322.707 0.872
323.542 0.835
324.385 0.843
325.229 0.844
326.003 0.774
326.751 0.748
327.478 0.727
328.223 0.745
329.082 0.859
330.058 0.976
331.007 0.949
331.946 0.939
332.834 0.888
333.661 0.827
334.426 0.765
335.175 0.749
335.925 0.75
336.787 0.862
337.784 0.997
338.781 0.997
339.709 0.928
340.581 0.872
341.418 0.837
342.201 0.783
342.957 0.756
343.699 0.742
344.515 0.816
345.579 1.064
346.585 1.006
347.522 0.937
348.434 0.912
349.315 0.881
350.186 0.871
350.999 0.813
351.776 0.777
352.529 0.753
353.3 0.771
354.259 0.959
355.212 0.953
356.178 0.966
357.106 0.928
357.991 0.885
358.828 0.837
359.664 0.836
360.496 0.832
361.337 0.841
362.205 0.868
363.08 0.875
363.943 0.863
364.858 0.915
365.768 0.91
366.637 0.869
367.419 0.782
368.168 0.749
368.887 0.719
370.53 1.643
371.843 1.313
372.973 1.13
374.063 1.09
375.052 0.989
375.975 0.923
376.88 0.905
377.758 0.878
378.609 0.851
379.441 0.832
380.242 0.801
381.016 0.774
381.778 0.762
382.567 0.789
383.575 1.008
384.608 1.033
385.596 0.988
386.511 0.915
387.396 0.885
388.232 0.836
389.036 0.804
389.804 0.768
390.566 0.762
391.345 0.779
392.141 0.796
392.945 0.804
393.769 0.824
394.603 0.834
395.395 0.792
396.16 0.765
396.904 0.744
397.655 0.751
398.405 0.75
399.161 0.756
399.878 0.717
400.593 0.715
401.31 0.717
402.081 0.771
402.917 0.836
403.793 0.876
404.668 0.875
405.519 0.851
406.354 0.835
407.178 0.824
407.971 0.793
408.76 0.789
409.543 0.783
410.322 0.779
411.118 0.796
411.914 0.796
412.716 0.802
413.478 0.762
414.22 0.742
414.965 0.745
415.8 0.835
416.709 0.909
417.594 0.885
418.438 0.844
419.229 0.791
419.987 0.758
420.721 0.734
421.469 0.748
422.349 0.88
423.299 0.95
424.201 0.902
425.074 0.873
425.911 0.837
426.734 0.823
427.534 0.8
428.289 0.755
429.019 0.73
429.722 0.703
430.416 0.694
431.147 0.731
431.978 0.831
432.798 0.82
433.596 0.798
434.365 0.769
435.122 0.757
435.85 0.728
436.569 0.719
437.273 0.704
437.987 0.714
438.776 0.789
439.598 0.822
440.42 0.822
441.21 0.79
441.983 0.773
442.745 0.762
443.506 0.761
444.26 0.754
445.016 0.756
445.752 0.736
446.477 0.725
447.207 0.73
448.002 0.795
448.863 0.861
449.729 0.866
450.57 0.841
451.377 0.807
452.168 0.791
452.951 0.783
453.708 0.757
454.453 0.745
455.209 0.756
455.989 0.78
457.1 1.111
458.124 1.024
459.122 0.998
459.992 0.87
460.81 0.818
461.615 0.805
462.418 0.803
463.198 0.78
463.966 0.768
464.728 0.762
465.557 0.829
466.562 1.005
467.587 1.025
468.544 0.957
469.463 0.919
470.325 0.862
471.195 0.87
472.041 0.846
472.847 0.806
473.617 0.77
474.372 0.755
475.155 0.783
476.032 0.877
476.953 0.921
477.84 0.887
478.682 0.842
479.493 0.811
480.292 0.799
481.061 0.769
481.822 0.761
482.573 0.751
483.349 0.776
484.195 0.846
485.105 0.91
486.001 0.896
486.841 0.84
487.629 0.788
488.38 0.751
489.109 0.729
489.836 0.727
490.602 0.766
491.389 0.787
492.21 0.821
492.989 0.779
493.74 0.751
494.483 0.743
495.254 0.771
496.043 0.789
496.817 0.774
497.567 0.75
498.294 0.727
498.986 0.692
499.673 0.687
500.379 0.706
501.088 0.709
501.791 0.703
502.494 0.703
503.257 0.763
504.081 0.824
504.937 0.856
505.755 0.818
506.544 0.789
507.299 0.755
508.037 0.738
508.784 0.747
509.658 0.874
510.62 0.962
511.591 0.971
512.534 0.943
513.424 0.89
514.266 0.842
515.07 0.804
515.847 0.777
516.609 0.762
517.386 0.777
518.393 1.007
519.437 1.044
520.404 0.967
521.376 0.972
522.289 0.913
523.153 0.864
524.004 0.851
524.834 0.83
525.695 0.861
526.587 0.892
527.509 0.922
528.349 0.84
529.14 0.791
529.904 0.764
530.729 0.825
531.728 0.999
532.726 0.998
533.668 0.942
534.55 0.882
535.363 0.813
536.144 0.781
536.955 0.811
538.159 1.204
539.274 1.115
540.348 1.074
541.272 0.924
542.158 0.886
542.99 0.832
543.794 0.804
544.592 0.798
545.456 0.864
546.453 0.997
547.448 0.995
548.391 0.943
549.296 0.905
550.174 0.878
551.038 0.864
551.923 0.885
552.799 0.876
553.672 0.873
554.541 0.869
555.386 0.845
556.19 0.804
556.978 0.788
557.782 0.804
558.721 0.939
559.823 1.102
560.862 1.039
561.781 0.919
562.642 0.861
563.457 0.815
564.237 0.78
565.0 0.763
565.789 0.789
566.7 0.911
567.602 0.902
568.423 0.821
569.212 0.789
570.038 0.826