0.000 0.971
0.971 0.971
2.033 1.062
3.184 1.151
4.139 0.955
5.155 1.016
6.384 1.229
7.357 0.973
8.46 1.103
9.564 1.104
10.705 1.141
16.999 6.294
18.163 1.164
19.229 1.066
20.19 0.961
21.14 0.95
22.453 1.313
23.683 1.23
24.846 1.163
25.865 1.019
26.679 0.814
27.553 0.874
28.876 1.323
30.129 1.253
31.24 1.111
32.364 1.124
33.412 1.048
34.327 0.915
35.277 0.95
36.368 1.091
37.453 1.085
38.546 1.093
39.714 1.168
40.863 1.149
41.918 1.055
42.974 1.056
44.019 1.045
44.764 0.745
45.043 0.279
45.322 0.279
45.574 0.252
45.952 0.378
46.246 0.294
46.552 0.306
46.808 0.256
47.35 0.542
49.394 2.044
49.836 0.442
51.56 1.724
52.249 0.689
52.524 0.275
53.692 1.168
54.474 0.782
55.037 0.563
55.897 0.86
56.347 0.45
56.71 0.363
57.576 0.866
58.141 0.565
58.77 0.629
62.699 3.929
63.123 0.424
64.208 1.085
64.492 0.284
66.485 1.993
66.804 0.319
67.191 0.387
67.774 0.583
68.091 0.317
68.499 0.408
69.13 0.631
69.632 0.502
70.289 0.657
71.321 1.032
71.804 0.483
72.513 0.709
75.093 2.58
75.523 0.43
78.309 2.786
82.919 4.61
83.643 0.724
84.867 1.224
86.0 1.133
87.25 1.25
88.362 1.112
89.555 1.193
90.73 1.175
91.87 1.14
93.15 1.28
94.402 1.252
94.71 0.308
95.0 0.29
95.27 0.27
95.559 0.289
95.828 0.269
96.102 0.274
96.584 0.482
97.021 0.437
97.921 0.9
98.468 0.547
98.843 0.375
99.1 0.257
99.435 0.335
100.004 0.569
100.27 0.266
101.195 0.925
102.385 1.19
103.551 1.166
104.063 0.512
104.321 0.258
104.938 0.617
105.239 0.301
105.496 0.257
105.764 0.268
106.134 0.37
106.969 0.835
107.96 0.991
108.228 0.268
108.493 0.265
108.765 0.272
109.016 0.251
109.301 0.285
109.6 0.299
109.88 0.28
110.18 0.3
114.853 4.673
116.063 1.21
117.166 1.103
118.182 1.016
119.159 0.977
120.358 1.199
121.484 1.126
122.678 1.194
123.786 1.108
124.643 0.857
124.923 0.28
126.043 1.12
127.207 1.164
128.315 1.108
129.284 0.969
130.271 0.987
131.524 1.253
132.711 1.187
133.877 1.166
134.823 0.946
135.699 0.876
136.702 1.003
137.644 0.942
138.49 0.846
139.287 0.797
140.224 0.937
141.506 1.282
142.793 1.287
144.006 1.213
145.068 1.062
146.088 1.02
147.222 1.134
148.359 1.137
149.559 1.2
150.702 1.143
151.76 1.058
152.784 1.024
153.666 0.882
154.546 0.88
155.455 0.909
156.337 0.882
157.139 0.802
157.908 0.769
158.717 0.809
159.903 1.186
161.026 1.123
161.56 0.534
161.987 0.427
162.876 0.889
164.015 1.139
165.279 1.264
166.462 1.183
167.463 1.001
168.44 0.977
169.532 1.092
170.607 1.075
171.677 1.07
172.783 1.106
173.873 1.09
174.828 0.955
175.919 1.091
177.052 1.133
178.175 1.123
179.11 0.935
180.061 0.951
181.042 0.981
182.005 0.963
182.974 0.969
184.102 1.128
185.242 1.14
186.318 1.076
187.285 0.967
188.128 0.843
188.945 0.817
189.743 0.798
190.896 1.153
191.951 1.055
192.381 0.43
192.635 0.254
192.912 0.277
193.354 0.442
193.971 0.617
195.188 1.217
196.452 1.264
197.56 1.108
197.844 0.284
198.391 0.547
198.833 0.442
199.834 1.001
200.694 0.86
201.302 0.608
201.897 0.595
202.796 0.899
203.788 0.992
204.969 1.181
206.067 1.098
207.249 1.182
208.425 1.176
208.741 0.316
209.44 0.699
209.929 0.489
210.272 0.343
210.566 0.294
210.96 0.394
211.237 0.277
211.755 0.518
212.035 0.28
212.323 0.288
212.67 0.347
214.051 1.381
215.34 1.289
215.794 0.454
216.047 0.253
216.372 0.325
216.665 0.293
217.133 0.468
217.702 0.569
218.991 1.289
219.583 0.592
219.837 0.254
220.104 0.267
220.416 0.312
220.712 0.296
221.06 0.348
221.328 0.268
226.958 1.336
228.156 1.198
229.355 1.199
230.583 1.228
231.754 1.171
232.967 1.213
233.85 0.883
234.794 0.944
235.985 1.191
237.258 1.273
238.539 1.281
239.78 1.241
240.967 1.187
241.926 0.959
242.883 0.957
244.01 1.127
245.312 1.302
246.525 1.213
247.637 1.112
248.701 1.064
249.906 1.205
251.128 1.222
252.336 1.208
253.397 1.061
254.553 1.156
255.822 1.269
257.08 1.258
258.237 1.157
259.208 0.971
260.315 1.107
261.687 1.372
262.961 1.274
264.142 1.181
265.054 0.912
265.577 0.523
265.842 0.265
266.765 0.923
268.087 1.322
269.342 1.255
270.57 1.228
271.82 1.25
272.839 1.019
273.777 0.938
274.873 1.096
276.02 1.147
276.932 0.912
277.787 0.855
278.978 1.191
280.121 1.143
281.08 0.959
282.128 1.048
283.413 1.285
284.644 1.231
285.883 1.239
287.105 1.222
288.287 1.182
289.487 1.2
290.611 1.124
291.656 1.045
292.591 0.935
293.819 1.228
295.157 1.338
296.445 1.288
297.665 1.22
298.913 1.248
300.128 1.215
301.305 1.177
302.27 0.965
303.145 0.875
304.137 0.992
305.515 1.378
306.788 1.273
307.995 1.207
309.052 1.057
310.154 1.102
311.339 1.185
312.351 1.012
313.209 0.858
314.125 0.916
315.257 1.132
316.255 0.998
317.293 1.038
318.53 1.237
319.705 1.175
320.711 1.006
321.797 1.086
322.994 1.197
324.181 1.187
325.118 0.937
326.04 0.922
327.084 1.044
328.31 1.226
329.461 1.151
330.455 0.994
331.521 1.066
332.746 1.225
333.963 1.217
335.033 1.07
336.03 0.997
337.131 1.101
338.378 1.247
339.587 1.209
340.638 1.051
341.72 1.082
342.969 1.249
344.264 1.295
345.373 1.109
346.396 1.023
347.492 1.096
348.792 1.3
349.468 0.676
349.748 0.28
350.086 0.338
353.288 3.202
354.629 1.341
355.826 1.197
356.862 1.036
358.063 1.201
359.345 1.282
360.562 1.217
361.58 1.018
362.76 1.18
364.041 1.281
365.277 1.236
366.29 1.013
367.372 1.082
368.462 1.09
369.481 1.019
370.352 0.871
371.21 0.858
372.171 0.961
373.549 1.378
374.88 1.331
376.09 1.21
377.152 1.062
378.303 1.151
379.555 1.252
380.713 1.158
381.732 1.019
382.854 1.122
384.102 1.248
385.234 1.132
386.429 1.195
387.683 1.254
388.858 1.175
389.507 0.649
389.822 0.315
390.851 1.029
392.215 1.364
393.492 1.277
394.611 1.119
395.811 1.2
396.993 1.182
398.009 1.016
399.056 1.047
400.432 1.376
401.777 1.345
402.988 1.211
404.103 1.115
405.373 1.27
406.685 1.312
407.94 1.255
408.77 0.83
409.041 0.271
409.296 0.255
409.903 0.607
410.81 0.907
412.253 1.443
413.595 1.342
414.879 1.284
416.112 1.233
417.389 1.277
418.604 1.215
419.684 1.08
420.783 1.099
422.044 1.261
423.161 1.117
424.17 1.009
425.356 1.186
426.631 1.275
427.833 1.202
428.86 1.027
429.95 1.09
431.251 1.301
432.505 1.254
433.684 1.179
434.842 1.158
436.111 1.269
437.372 1.261
438.433 1.061
438.77 0.337
439.285 0.515
440.245 0.96
441.684 1.439
443.018 1.334
444.22 1.202
445.395 1.175
446.604 1.209
447.817 1.213
448.854 1.037
449.919 1.065
451.184 1.265
452.48 1.296
453.62 1.14
454.116 0.496
454.388 0.272
454.666 0.278
455.894 1.228
457.205 1.311
458.511 1.306
459.783 1.272
460.858 1.075
461.776 0.918
462.804 1.028
464.106 1.302
465.294 1.188
466.396 1.102
467.465 1.069
468.636 1.171
469.837 1.201
470.897 1.06
472.082 1.185
473.353 1.271
474.469 1.116
475.562 1.093
476.724 1.162
477.756 1.032
478.709 0.953
479.605 0.896
480.443 0.838
481.78 1.337
483.021 1.241
483.858 0.837
484.185 0.327
484.564 0.379
485.092 0.528
486.095 1.003
486.898 0.803
487.515 0.617
487.882 0.367
488.997 1.115
490.187 1.19
491.143 0.956
491.949 0.806
492.254 0.305
492.706 0.452
493.837 1.131
495.188 1.351
496.438 1.25
497.69 1.252
498.94 1.25
500.112 1.172
501.111 0.999
501.951 0.84
502.738 0.787
503.694 0.956
504.765 1.071
505.807 1.042
506.794 0.987
507.666 0.872
508.587 0.921
509.651 1.064
510.759 1.108
511.819 1.06
512.871 1.052
513.903 1.032
514.934 1.031
515.965 1.031
516.987 1.022
517.898 0.911
518.787 0.889
519.972 1.185
521.2 1.228
522.471 1.271
523.681 1.21
524.867 1.186
526.04 1.173
527.2 1.16
528.303 1.103
529.248 0.945
530.179 0.931
531.531 1.352
532.888 1.357
534.148 1.26
535.412 1.264
536.659 1.247
537.924 1.265
539.14 1.216
540.234 1.094
541.16 0.926
542.266 1.106
543.792 1.526
545.152 1.36
546.439 1.287
547.458 1.019
548.416 0.958
549.779 1.363
551.23 1.451
552.596 1.366
553.844 1.248
554.917 1.073
556.243 1.326
557.635 1.392
558.956 1.321
560.246 1.29
561.524 1.278
562.736 1.212
563.76 1.024
564.8 1.04
565.937 1.137
567.254 1.317
568.517 1.263
569.563 1.046
570.627 1.064
571.944 1.317
573.169 1.225
574.299 1.13
575.564 1.265
576.861 1.297
578.045 1.184
579.155 1.11
580.29 1.135
581.409 1.119
582.525 1.116
583.423 0.898
584.38 0.957
585.459 1.079
586.586 1.127
587.499 0.913
588.336 0.837
589.321 0.985
590.238 0.917
591.266 1.028
592.341 1.075
593.449 1.108
594.529 1.08
595.554 1.025
596.526 0.972
597.427 0.901
598.279 0.852
599.189 0.91
600.07 0.881
600.859 0.789
601.684 0.825
602.624 0.94