0.000 1.002
1.002 1.002
2.272 1.27
3.416 1.144
4.46 1.044
5.641 1.181
6.842 1.201
7.94 1.098
8.921 0.981
10.016 1.095
11.248 1.232
12.245 0.997
13.075 0.83
13.943 0.868
15.427 1.484
16.654 1.227
17.564 0.91
18.372 0.808
19.595 1.223
20.703 1.108
21.913 1.21
23.041 1.128
24.228 1.187
25.479 1.251
26.669 1.19
27.852 1.183
28.955 1.103
30.071 1.116
31.233 1.162
32.282 1.049
33.167 0.885
33.945 0.778
34.743 0.798
35.522 0.779
36.281 0.759
37.019 0.738
37.772 0.753
38.648 0.876
39.464 0.816
40.405 0.941
41.608 1.203
42.839 1.231
44.016 1.177
44.978 0.962
45.883 0.905
47.159 1.276
48.398 1.239
49.637 1.239
50.845 1.208
51.965 1.12
52.875 0.91
53.701 0.826
54.479 0.778
55.98 1.501
57.242 1.262
58.519 1.277
59.765 1.246
61.012 1.247
62.244 1.232
63.47 1.226
64.487 1.017
65.761 1.274
67.074 1.313
68.305 1.231
69.547 1.242
70.64 1.093
71.686 1.046
73.099 1.413
74.43 1.331
75.723 1.293
76.969 1.246
78.024 1.055
78.883 0.859
80.353 1.47
81.708 1.355
83.0 1.292
84.259 1.259
85.525 1.266
86.713 1.188
87.784 1.071
89.032 1.248
90.268 1.236
91.497 1.229
92.742 1.245
93.776 1.034
94.641 0.865
95.527 0.886
96.46 0.933
97.296 0.836
98.102 0.806
98.971 0.869
100.482 1.511
101.782 1.3
103.071 1.289
104.293 1.222
105.567 1.274
106.787 1.22
107.845 1.058
108.792 0.947
110.118 1.326
111.141 1.023
112.108 0.967
113.167 1.059
114.548 1.381
115.839 1.291
117.088 1.249
118.362 1.274
119.416 1.054
120.317 0.901
121.767 1.45
123.094 1.327
124.375 1.281
125.513 1.138
126.48 0.967
127.803 1.323
129.118 1.315
130.349 1.231
131.543 1.194
132.738 1.195
133.747 1.009
134.631 0.884
135.82 1.189
137.047 1.227
138.171 1.124
139.232 1.061
140.285 1.053
141.32 1.035
142.38 1.06
143.546 1.166
144.695 1.149
145.739 1.044
146.584 0.845
147.598 1.014
148.846 1.248
150.039 1.193
151.088 1.049
151.997 0.909
153.245 1.248
154.413 1.168
155.592 1.179
156.704 1.112
157.656 0.952
158.457 0.801
159.25 0.793
160.763 1.513
162.022 1.259
163.301 1.279
164.468 1.167
165.659 1.191
166.898 1.239
168.169 1.271
169.367 1.198
170.467 1.1
171.662 1.195
172.869 1.207
174.097 1.228
175.231 1.134
176.332 1.101
177.278 0.946
178.314 1.036
179.422 1.108
180.581 1.159
181.54 0.959
182.399 0.859
183.455 1.056
184.753 1.298
185.9 1.147
187.07 1.17
188.199 1.129
189.369 1.17
190.569 1.2
191.762 1.193
192.878 1.116
193.833 0.955
194.684 0.851
196.029 1.345
197.229 1.2
198.416 1.187
199.598 1.182
200.77 1.172
201.87 1.1
202.863 0.993
203.778 0.915
205.07 1.292
206.27 1.2
207.401 1.131
208.519 1.118
209.519 1.0
210.414 0.895
211.266 0.852
212.704 1.438
213.932 1.228
215.141 1.209
216.316 1.175
217.463 1.147
218.582 1.119
219.554 0.972
220.396 0.842
221.309 0.913
222.333 1.024
223.231 0.898
224.093 0.862
225.45 1.357
226.673 1.223
227.748 1.075
228.608 0.86
229.515 0.907
230.939 1.424
232.211 1.272
233.456 1.245
234.649 1.193
235.858 1.209
236.914 1.056
237.844 0.93
239.201 1.357
240.457 1.256
241.656 1.199
242.871 1.215
244.08 1.209
245.286 1.206
246.443 1.157
247.607 1.164
248.654 1.047
249.584 0.93
250.542 0.958
251.877 1.335
253.131 1.254
254.349 1.218
255.527 1.178
256.522 0.995
257.428 0.906
258.761 1.333
259.946 1.185
261.128 1.182
262.261 1.133
263.3 1.039
264.171 0.871
265.203 1.032
266.571 1.368
267.782 1.211
268.916 1.134
269.913 0.997
270.834 0.921
272.12 1.286
273.275 1.155
274.254 0.979
275.126 0.872
276.423 1.297
277.73 1.307
279.016 1.286
280.249 1.233
281.447 1.198
282.577 1.13
283.563 0.986
284.461 0.898
285.472 1.011
286.576 1.104
287.524 0.948
288.431 0.907
289.545 1.114
290.529 0.984
291.352 0.823
292.143 0.791
293.174 1.031
294.308 1.134
295.434 1.126
296.328 0.894
297.187 0.859
298.153 0.966
299.152 0.999
300.071 0.919
300.984 0.913
302.032 1.048
303.21 1.178
304.275 1.065
305.294 1.019
306.315 1.021
307.259 0.944
308.155 0.896
309.123 0.968
310.055 0.932
311.033 0.978
312.0 0.967
312.904 0.904
313.717 0.813
314.509 0.792
315.308 0.799
316.212 0.904
317.141 0.929
318.064 0.923
318.94 0.876
319.767 0.827
320.612 0.845
321.469 0.857
322.323 0.854
323.156 0.833
324.06 0.904
325.048 0.988
326.008 0.96
326.91 0.902
327.909 0.999
329.102 1.193
330.299 1.197
331.395 1.096
332.3 0.905
333.112 0.812
333.916 0.804
335.342 1.426
336.627 1.285
337.881 1.254
339.115 1.234
340.343 1.228
341.559 1.216
342.539 0.98
343.453 0.914
344.371 0.918
345.251 0.88
346.185 0.934
347.495 1.31
348.463 0.968
349.762 1.299
351.068 1.306
352.324 1.256
353.441 1.117
354.71 1.269
355.959 1.249
357.072 1.113
358.004 0.932
358.94 0.936
360.459 1.519
361.832 1.373
363.156 1.324
364.49 1.334
365.739 1.249
366.874 1.135
367.802 0.928
368.746 0.944
370.212 1.466
371.547 1.335
372.809 1.262
374.074 1.265
375.347 1.273
376.547 1.2
377.712 1.165
378.765 1.053
379.755 0.99
380.972 1.217
381.91 0.938
382.965 1.055
384.244 1.279
385.216 0.972
386.037 0.821
387.267 1.23
388.447 1.18
389.615 1.168
390.847 1.232
391.934 1.087
392.85 0.916
393.752 0.902
395.148 1.396
396.432 1.284
397.625 1.193
398.676 1.051
399.552 0.876
400.482 0.93
401.98 1.498
403.279 1.299
404.456 1.177
405.765 1.309
407.076 1.311
408.394 1.318
409.693 1.299
410.962 1.269
412.205 1.243
413.429 1.224
414.582 1.153
415.628 1.046
416.801 1.173
417.94 1.139
418.945 1.005
419.821 0.876
421.14 1.319
422.374 1.234
423.618 1.244
424.757 1.139
425.753 0.996
426.735 0.982
428.09 1.355
429.346 1.256
430.569 1.223
431.765 1.196
432.776 1.011
433.625 0.849
434.691 1.066
436.169 1.478
437.385 1.216
438.466 1.081
439.368 0.902
440.219 0.851
441.151 0.932
442.512 1.361
443.737 1.225
444.873 1.136
445.977 1.104
447.086 1.109
448.198 1.112
449.189 0.991
450.061 0.872
451.417 1.356
452.627 1.21
453.821 1.194
454.974 1.153
455.91 0.936
456.803 0.893
457.84 1.037
459.05 1.21
460.007 0.957
460.834 0.827
462.036 1.202
463.119 1.083
463.984 0.865
464.853 0.869
466.196 1.343
467.408 1.212
468.419 1.011
469.33 0.911
470.689 1.359
471.934 1.245
473.104 1.17
474.19 1.086
475.349 1.159
476.589 1.24
477.675 1.086
478.959 1.284
480.232 1.273
481.359 1.127
482.463 1.104
483.66 1.197
484.866 1.206
486.004 1.138
487.073 1.069
488.338 1.265
489.617 1.279
490.832 1.215
491.981 1.149
492.966 0.985
494.152 1.186
495.502 1.35
496.717 1.215
497.787 1.07
498.647 0.86
499.52 0.873
500.382 0.862
501.31 0.928
502.732 1.422
503.879 1.147
504.786 0.907
505.778 0.992
507.136 1.358
508.39 1.254
509.581 1.191
510.618 1.037
511.654 1.036
512.947 1.293
514.164 1.217
515.345 1.181
516.519 1.174
517.707 1.188
518.725 1.018
519.854 1.129
521.12 1.266
522.206 1.086
523.118 0.912
524.475 1.357
525.742 1.267
526.848 1.106
527.848 1.0
529.17 1.322
530.414 1.244
531.58 1.166
532.837 1.257
534.004 1.167
535.2 1.196
536.439 1.239
537.595 1.156
538.803 1.208
540.007 1.204
541.057 1.05
541.977 0.92
542.961 0.984
543.903 0.942
544.814 0.911
545.679 0.865
546.566 0.887
547.661 1.095
548.652 0.991
549.602 0.95
550.468 0.866
551.376 0.908
552.537 1.161
553.609 1.072
554.527 0.918
555.465 0.938
556.317 0.852
557.135 0.818
557.893 0.758
558.679 0.786
559.58 0.901
560.485 0.905
561.298 0.813
562.079 0.781
562.829 0.75
563.566 0.737
564.383 0.817
565.61 1.227
566.759 1.149
567.83 1.071
568.746 0.916
569.553 0.807
570.327 0.774
571.213 0.886
572.508 1.295
573.644 1.136
574.643 0.999
575.493 0.85
576.479 0.986
577.635 1.156
578.8 1.165
579.906 1.106
580.986 1.08
582.03 1.044
583.086 1.056
584.1 1.014
585.078 0.978
586.079 1.001
587.252 1.173
588.38 1.128
589.379 0.999
590.285 0.906
591.138 0.853
592.325 1.187
593.52 1.195
594.612 1.092
595.54 0.928
596.472 0.932
597.451 0.979
598.313 0.862
599.144 0.831
600.456 1.312