0.000 0.855
0.855 0.855
1.722 0.867
2.589 0.867
3.394 0.805
4.187 0.793
5.344 1.157
6.361 1.017
7.254 0.893
8.15 0.896
9.203 1.053
10.237 1.034
11.198 0.961
12.085 0.887
12.948 0.863
13.862 0.914
14.978 1.116
16.151 1.173
17.33 1.179
18.44 1.11
19.509 1.069
20.694 1.185
21.868 1.174
22.864 0.996
23.737 0.873
24.646 0.909
26.009 1.363
27.314 1.305
28.405 1.091
29.293 0.888
30.207 0.914
31.32 1.113
32.557 1.237
33.756 1.199
34.735 0.979
35.668 0.933
36.626 0.958
37.48 0.854
38.432 0.952
39.496 1.064
40.449 0.953
41.364 0.915
42.44 1.076
43.725 1.285
44.981 1.256
46.129 1.148
47.121 0.992
48.214 1.093
49.455 1.241
50.683 1.228
51.669 0.986
52.528 0.859
53.388 0.86
54.331 0.943
55.467 1.136
56.638 1.171
57.753 1.115
58.804 1.051
59.891 1.087
60.967 1.076
62.014 1.047
63.023 1.009
63.966 0.943
64.974 1.008
65.883 0.909
66.776 0.893
67.93 1.154
68.934 1.004
70.073 1.139
71.318 1.245
72.29 0.972
73.321 1.031
74.638 1.317
75.785 1.147
76.84 1.055
78.086 1.246
79.12 1.034
80.249 1.129
81.525 1.276
82.632 1.107
83.843 1.211
85.174 1.331
86.356 1.182
87.383 1.027
88.594 1.211
89.817 1.223
90.938 1.121
91.963 1.025
93.205 1.242
94.469 1.264
95.624 1.155
96.872 1.248
98.036 1.164
98.99 0.954
100.057 1.067
101.431 1.374
102.731 1.3
103.9 1.169
105.183 1.283
106.33 1.147
107.32 0.99
108.48 1.16
109.729 1.249
110.729 1.0
111.634 0.905
112.989 1.355
114.318 1.329
115.606 1.288
116.729 1.123
117.68 0.951
118.65 0.97
119.671 1.021
120.707 1.036
121.603 0.896
122.401 0.798
123.184 0.783
123.946 0.762
124.753 0.807
125.754 1.001
126.734 0.98
127.655 0.921
128.594 0.939
129.589 0.995
130.685 1.096
131.696 1.011
132.662 0.966
133.571 0.909
134.415 0.844
135.288 0.873
136.279 0.991
137.365 1.086
138.419 1.054
139.393 0.974
140.294 0.901
141.079 0.785
141.864 0.785
142.645 0.781
143.564 0.919
144.574 1.01
145.452 0.878
146.387 0.935
147.63 1.243
148.886 1.256
149.959 1.073
151.105 1.146
152.299 1.194
153.417 1.118
154.409 0.992
155.36 0.951
156.511 1.151
157.811 1.3
159.066 1.255
160.137 1.071
161.129 0.992
162.235 1.106
163.527 1.292
164.75 1.223
165.792 1.042
166.813 1.021
168.138 1.325
169.367 1.229
170.32 0.953
171.258 0.938
172.589 1.331
173.858 1.269
174.842 0.984
176.192 1.35
177.48 1.288
178.592 1.112
179.73 1.138
181.03 1.3
182.175 1.145
183.174 0.999
184.294 1.12
185.559 1.265
186.638 1.079
187.563 0.925
188.502 0.939
189.84 1.338
191.211 1.371
192.423 1.212
193.427 1.004
194.506 1.079
195.784 1.278
196.955 1.171
198.117 1.162
199.308 1.191
200.375 1.067
201.481 1.106
202.725 1.244
203.838 1.113
204.87 1.032
205.872 1.002
207.031 1.159
208.135 1.104
209.405 1.27
210.674 1.269
211.695 1.021
212.833 1.138
214.119 1.286
215.351 1.232
216.408 1.057
217.643 1.235
218.9 1.257
219.961 1.061
220.961 1.0
222.328 1.367
223.592 1.264
224.821 1.229
226.099 1.278
227.245 1.146
228.154 0.909
229.026 0.872
230.347 1.321
231.456 1.109
232.607 1.151
233.839 1.232
234.599 0.76
234.906 0.307
235.374 0.468
235.934 0.56
237.234 1.3
238.538 1.304
239.554 1.016
239.842 0.288
240.126 0.284
240.758 0.632
241.713 0.955
242.597 0.884
243.649 1.052
243.951 0.302
244.329 0.378
244.628 0.299
245.607 0.979
246.954 1.347
248.259 1.305
249.41 1.151
250.376 0.966
251.47 1.094
252.632 1.162
253.829 1.197
254.499 0.67
254.839 0.34
255.912 1.073
257.163 1.251
258.182 1.019
259.075 0.893
259.986 0.911
261.37 1.384
262.734 1.364
263.954 1.22
264.942 0.988
266.17 1.228
267.472 1.302
268.694 1.222
269.732 1.038
270.951 1.219
272.179 1.228
273.3 1.121
274.282 0.982
275.409 1.127
276.747 1.338
278.022 1.275
279.131 1.109
280.333 1.202
281.58 1.247
282.739 1.159
283.841 1.102
285.096 1.255
286.295 1.199
287.371 1.076
288.512 1.141
289.731 1.219
290.807 1.076
292.05 1.243
293.311 1.261
294.358 1.047
295.474 1.116
296.558 1.084
297.17 0.612
297.46 0.29
298.53 1.07
299.827 1.297
300.677 0.85
300.944 0.267
301.958 1.014
303.167 1.209
304.33 1.163
305.064 0.734
305.317 0.253
306.277 0.96
307.687 1.41
308.996 1.309
310.054 1.058
311.246 1.192
312.548 1.302
313.644 1.096
314.649 1.005
315.929 1.28
317.062 1.133
318.011 0.949
319.153 1.142
320.468 1.315
321.636 1.168
322.529 0.893
323.367 0.838
324.417 1.05
325.332 0.915
326.337 1.005
327.617 1.28
328.912 1.295
330.125 1.213
331.238 1.113
332.386 1.148
333.55 1.164
334.578 1.028
335.762 1.184
337.046 1.284
338.263 1.217
339.428 1.165
340.577 1.149
341.839 1.262
343.058 1.219
344.173 1.115
345.144 0.971
346.325 1.181
347.634 1.309
348.783 1.149
349.92 1.137
351.058 1.138
352.019 0.961
352.898 0.879
353.743 0.845
355.091 1.348
356.43 1.339
357.616 1.186
358.56 0.944
359.524 0.964
360.84 1.316
362.117 1.277
363.325 1.208
364.577 1.252
365.735 1.158
366.903 1.168
368.19 1.287
369.298 1.108
370.317 1.019
371.667 1.35
372.941 1.274
373.907 0.966
374.808 0.901
375.975 1.167
377.241 1.266
378.464 1.223
379.58 1.116
380.562 0.982
381.787 1.225
383.053 1.266
384.064 1.011
385.098 1.034
386.362 1.264
387.627 1.265
388.733 1.106
389.855 1.122
391.131 1.276
392.402 1.271
393.516 1.114
394.669 1.153
395.883 1.214
397.06 1.177
398.048 0.988
398.971 0.923
400.367 1.396
401.779 1.412
403.091 1.312
404.263 1.172
405.506 1.243
406.784 1.278
407.872 1.088
408.884 1.012
410.089 1.205
411.384 1.295
412.572 1.188
413.544 0.972
414.638 1.094
415.963 1.325
417.144 1.181
418.116 0.972
419.228 1.112
420.544 1.316
421.773 1.229
422.923 1.15
424.169 1.246
425.362 1.193
426.363 1.001
427.293 0.93
428.466 1.173
429.8 1.334
430.892 1.092
432.046 1.154
433.22 1.174
434.144 0.924
435.001 0.857
436.311 1.31
437.408 1.097
438.316 0.908
439.293 0.977
440.566 1.273
441.765 1.199
442.811 1.046
443.92 1.109
445.1 1.18
446.123 1.023
447.202 1.079
448.356 1.154
449.339 0.983
450.298 0.959
451.335 1.037
452.67 1.335
453.713 1.043
454.692 0.979
455.955 1.263
457.198 1.243
458.259 1.061
459.292 1.033
460.278 0.986
461.613 1.335
462.744 1.131
463.822 1.078
464.846 1.024
465.837 0.991
466.904 1.067
467.93 1.026
468.822 0.892
469.691 0.869
470.657 0.966
471.674 1.017
472.899 1.225
474.048 1.149
474.928 0.88
475.793 0.865
476.638 0.845
477.47 0.832
478.486 1.016
479.57 1.084
480.595 1.025
481.772 1.177
482.971 1.199
484.067 1.096
485.063 0.996
485.962 0.899
486.911 0.949
488.158 1.247
489.49 1.332
490.727 1.237
491.79 1.063
493.006 1.216
494.207 1.201
495.317 1.11
496.381 1.064
497.466 1.085
498.426 0.96
499.346 0.92
500.482 1.136
501.805 1.323
502.927 1.122
504.053 1.126
505.098 1.045
506.035 0.937
507.316 1.281
508.563 1.247
509.698 1.135
510.997 1.299
512.028 1.031
512.99 0.962
514.36 1.37
515.668 1.308
516.649 0.981
517.754 1.105
518.813 1.059
519.713 0.9
520.595 0.882
521.475 0.88
522.721 1.246
523.721 1.0
524.603 0.882
525.425 0.822
526.227 0.802
527.035 0.808
528.401 1.366
529.668 1.267
530.854 1.186
531.894 1.04
532.894 1.0
534.129 1.235
535.348 1.219
536.54 1.192
537.698 1.158
538.733 1.035
539.746 1.013
540.91 1.164
542.018 1.108
543.024 1.006
543.906 0.882
544.771 0.865
545.827 1.056
547.122 1.295
548.333 1.211
549.369 1.036
550.319 0.95
551.384 1.065
552.472 1.088
553.61 1.138
554.647 1.037
555.805 1.158
556.9 1.095
557.898 0.998
558.85 0.952
559.912 1.062
561.052 1.14
562.032 0.98
563.139 1.107
564.325 1.186
565.289 0.964
566.257 0.968
567.411 1.154
568.648 1.237
569.627 0.979
570.858 1.231
572.103 1.245
573.16 1.057
574.125 0.965
575.438 1.313
576.698 1.26
577.775 1.077
579.039 1.264
580.282 1.243
581.39 1.108
582.591 1.201
583.808 1.217
584.871 1.063
586.075 1.204
587.349 1.274
588.456 1.107
589.454 0.998
590.553 1.099
591.554 1.001
592.46 0.906
593.448 0.988
594.865 1.417
596.105 1.24
597.098 0.993
597.996 0.898
598.842 0.846
599.715 0.873
600.77 1.055