0.000 7.111
7.111 7.111
7.594 0.483
7.999 0.405
9.247 1.248
10.4 1.153
11.31 0.91
12.224 0.914
12.543 0.319
12.993 0.45
14.071 1.078
15.002 0.931
15.721 0.719
15.978 0.257
16.265 0.287
16.74 0.475
17.041 0.301
17.46 0.419
17.743 0.283
26.999 9.256
28.048 1.049
29.133 1.085
30.158 1.025
31.107 0.949
32.261 1.154
33.561 1.3
34.711 1.15
35.563 0.852
35.823 0.26
36.95 1.127
37.514 0.564
37.765 0.251
38.095 0.33
38.516 0.421
38.775 0.259
42.106 3.331
42.364 0.258
43.371 1.007
44.53 1.159
45.679 1.149
46.733 1.054
47.688 0.955
48.679 0.991
49.791 1.112
50.955 1.164
52.083 1.128
52.465 0.382
52.793 0.328
53.106 0.313
53.601 0.495
54.057 0.456
55.062 1.005
56.273 1.211
57.471 1.198
58.626 1.155
59.672 1.046
60.598 0.926
60.868 0.27
61.143 0.275
61.468 0.325
61.76 0.292
62.275 0.515
63.11 0.835
64.337 1.227
65.513 1.176
66.631 1.118
67.599 0.968
68.588 0.989
69.737 1.149
70.859 1.122
71.758 0.899
72.66 0.902
73.648 0.988
74.541 0.893
75.651 1.11
76.926 1.275
78.01 1.084
79.004 0.994
80.135 1.131
81.287 1.152
81.674 0.387
82.279 0.605
83.269 0.99
84.519 1.25
85.708 1.189
86.743 1.035
87.923 1.18
89.166 1.243
90.305 1.139
91.276 0.971
92.343 1.067
93.494 1.151
94.542 1.048
95.463 0.921
96.429 0.966
97.632 1.203
98.754 1.122
99.671 0.917
100.687 1.016
101.901 1.214
103.055 1.154
104.009 0.954
104.999 0.99
106.134 1.135
107.305 1.171
108.453 1.148
109.55 1.097
110.532 0.982
111.489 0.957
112.622 1.133
113.776 1.154
114.905 1.129
115.933 1.028
117.033 1.1
118.191 1.158
119.28 1.089
120.39 1.11
121.368 0.978
122.381 1.013
123.494 1.113
124.496 1.002
125.477 0.981
126.686 1.209
127.893 1.207
128.829 0.936
129.698 0.869
130.728 1.03
131.783 1.055
132.832 1.049
133.725 0.893
134.662 0.937
135.839 1.177
136.936 1.097
137.872 0.936
138.777 0.905
140.093 1.316
141.381 1.288
142.573 1.192
143.658 1.085
144.749 1.091
145.836 1.087
146.842 1.006
147.897 1.055
148.881 0.984
149.913 1.032
151.007 1.094
151.902 0.895
152.743 0.841
153.648 0.905
154.86 1.212
155.997 1.137
157.007 1.01
158.019 1.012
159.061 1.042
160.159 1.098
161.235 1.076
162.32 1.085
163.375 1.055
164.396 1.021
165.344 0.948
166.273 0.929
166.67 0.397
167.061 0.391
167.36 0.299
168.195 0.835
168.727 0.532
169.094 0.367
169.407 0.313
169.87 0.463
170.193 0.323
170.687 0.494
171.369 0.682
171.735 0.366
172.054 0.319
172.408 0.354
178.997 6.589
180.05 1.053
181.236 1.186
182.392 1.156
183.405 1.013
184.435 1.03
185.586 1.151
186.711 1.125
187.19 0.479
187.693 0.503
188.716 1.023
189.891 1.175
191.044 1.153
192.039 0.995
192.966 0.927
193.885 0.919
194.846 0.961
195.686 0.84
196.488 0.802
197.389 0.901
197.709 0.32
198.247 0.538
199.182 0.935
200.303 1.121
201.414 1.111
202.376 0.962
203.293 0.917
204.367 1.074
205.411 1.044
206.373 0.962
207.39 1.017
208.489 1.099
209.578 1.089
210.568 0.99
211.615 1.047
212.794 1.179
213.929 1.135
214.946 1.017
216.302 1.356
217.495 1.193
218.575 1.08
219.648 1.073
220.722 1.074
221.883 1.161
222.908 1.025
224.075 1.167
224.688 0.613
225.288 0.6
226.4 1.112
227.506 1.106
228.588 1.082
229.796 1.208
230.93 1.134
231.977 1.047
233.132 1.155
234.276 1.144
234.689 0.413
235.605 0.916
235.86 0.255
236.615 0.755
236.868 0.253
237.184 0.316
237.46 0.276
237.767 0.307
238.297 0.53
238.651 0.354
238.901 0.25
239.273 0.372
239.686 0.413
239.961 0.275
243.712 3.751
244.577 0.865
245.466 0.889
246.54 1.074
247.754 1.214
248.776 1.022
249.863 1.087
250.968 1.105
251.797 0.829
252.109 0.312
252.744 0.635
253.112 0.368
253.392 0.28
253.701 0.309
254.135 0.434
254.409 0.274
255.082 0.673
255.42 0.338
256.299 0.879
256.82 0.521
257.221 0.401
257.5 0.279
257.903 0.403
258.336 0.433
258.65 0.314
259.075 0.425
259.396 0.321
259.712 0.316
260.14 0.428
260.707 0.567
261.29 0.583
261.542 0.252
262.267 0.725
262.611 0.344
262.864 0.253
263.196 0.332
263.481 0.285
263.773 0.292
264.154 0.381
264.438 0.284
264.734 0.296
265.111 0.377
265.462 0.351
265.828 0.366
266.179 0.351
266.485 0.306
266.854 0.369
267.428 0.574
267.72 0.292
267.977 0.257
269.118 1.141
269.546 0.428
270.296 0.75
271.192 0.896
271.496 0.304
272.025 0.529
272.376 0.351
272.694 0.318
272.994 0.3
273.386 0.392
273.667 0.281
274.068 0.401
274.361 0.293
274.672 0.311
274.99 0.318
275.262 0.272
275.855 0.593
276.12 0.265
276.98 0.86
277.418 0.438
277.84 0.422
279.031 1.191
279.294 0.263
279.815 0.521
280.495 0.68
280.917 0.422
289.995 9.078
291.134 1.139
292.425 1.291
293.1 0.675
293.608 0.508
293.993 0.385
294.672 0.679
295.818 1.146
296.721 0.903
297.1 0.379
297.493 0.393
297.915 0.422
298.896 0.981
299.187 0.291
304.511 5.324
305.055 0.544
306.067 1.012
308.194 2.127
308.619 0.425
310.064 1.445
310.705 0.641
313.569 2.864
313.82 0.251
314.106 0.286
314.36 0.254
314.719 0.359
317.813 3.094
319.003 1.19
319.322 0.319
319.589 0.267
319.871 0.282
320.122 0.251
320.467 0.345
320.73 0.263
321.114 0.384
322.511 1.397
322.933 0.422
324.041 1.108
325.035 0.994
334.995 9.96
336.008 1.013
337.082 1.074
338.23 1.148
339.314 1.084
340.292 0.978
341.294 1.002
342.37 1.076
342.694 0.324
343.381 0.687
343.986 0.605
344.402 0.416
344.72 0.318
345.126 0.406
345.47 0.344
346.162 0.692
346.558 0.396
347.615 1.057
348.007 0.392
348.774 0.767
349.303 0.529
349.643 0.34
350.136 0.493
350.731 0.595
351.185 0.454
351.826 0.641
353.038 1.212
354.027 0.989
355.009 0.982
356.106 1.097
357.205 1.099
358.262 1.057
359.256 0.994
360.2 0.944
360.497 0.297
360.788 0.291
361.105 0.317
361.946 0.841
362.786 0.84
363.209 0.423
363.559 0.35
363.81 0.251
364.152 0.342
368.403 4.251
368.842 0.439
369.138 0.296
369.558 0.42
369.897 0.339
371.99 2.093
372.259 0.269
372.513 0.254
375.052 2.539
377.237 2.185
382.263 5.026
382.519 0.256
382.786 0.267
385.643 2.857
386.069 0.426
386.359 0.29
386.677 0.318
391.265 4.588
392.238 0.973
394.341 2.103
395.293 0.952
396.334 1.041
397.362 1.028
397.633 0.271
399.398 1.765
401.422 2.024
402.366 0.944
403.315 0.949
404.371 1.056
405.465 1.094
406.44 0.975
407.45 1.01
408.585 1.135
409.619 1.034
409.885 0.266
410.615 0.73
411.528 0.913
412.27 0.742
413.137 0.867
413.468 0.331
414.194 0.726
415.111 0.917
416.109 0.998
417.277 1.168
418.375 1.098
418.646 0.271
419.218 0.572
419.78 0.562
420.272 0.492
421.029 0.757
421.302 0.273
421.602 0.3
422.252 0.65
423.328 1.076
424.43 1.102
425.461 1.031
426.641 1.18
427.845 1.204
428.212 0.367
428.694 0.482
429.902 1.208
430.994 1.092
431.261 0.267
431.523 0.262
432.343 0.82
432.816 0.473
433.256 0.44
439.993 0.253
440.503 0.51
440.831 0.328
441.336 0.505
441.904 0.568
442.201 0.297
442.772 0.571
443.118 0.346
443.44 0.322
443.727 0.287
444.025 0.298
445.54 1.515
447.826 2.286
448.101 0.275
450.652 2.551
451.121 0.469
451.501 0.38
451.792 0.291
452.768 0.976
453.168 0.4
455.814 2.646
456.45 0.636
456.735 0.285
457.761 1.026
458.86 1.099
459.901 1.041
460.947 1.046
461.838 0.891
462.708 0.87
463.014 0.306
463.543 0.529
464.447 0.904
465.581 1.134
465.927 0.346
466.219 0.292
466.551 0.332
467.353 0.802
467.694 0.341
467.973 0.279
468.585 0.612
468.862 0.277
469.184 0.322
469.45 0.266
469.77 0.32
470.123 0.353
470.396 0.273
472.744 2.348
473.364 0.62
473.673 0.309
473.944 0.271
474.227 0.283
474.562 0.335
475.189 0.627
477.365 2.176
478.245 0.88
478.953 0.708
479.66 0.707
479.948 0.288
480.254 0.306
480.615 0.361
480.899 0.284
482.01 1.111
483.247 1.237
484.049 0.802
484.301 0.252
484.838 0.537
485.158 0.32
485.504 0.346
485.801 0.297
486.526 0.725
486.794 0.268
487.064 0.27
487.438 0.374
487.84 0.402
488.899 1.059
489.915 1.016
490.908 0.993
491.84 0.932
492.586 0.746
492.929 0.343
493.196 0.267
493.463 0.267
493.837 0.374
494.089 0.252
494.369 0.28
494.945 0.576
495.225 0.28
496.078 0.853
496.655 0.577
496.984 0.329
497.479 0.495
497.761 0.282
498.047 0.286
498.363 0.316
498.677 0.314
499.124 0.447
499.526 0.402
500.339 0.813
502.088 1.749
503.416 1.328
503.951 0.535
504.305 0.354
504.569 0.264
505.1 0.531
505.43 0.33
505.925 0.495
506.223 0.298
506.477 0.254
507.148 0.671
507.805 0.657
508.191 0.386
509.388 1.197
509.986 0.598
510.245 0.259
512.141 1.896
512.441 0.3
512.979 0.538
513.253 0.274
513.762 0.509
514.089 0.327
514.403 0.314
514.829 0.426
515.267 0.438
516.149 0.882
516.919 0.77
517.212 0.293
517.822 0.61
518.136 0.314
519.122 0.986
519.605 0.483
519.905 0.3
520.341 0.436
520.614 0.273
520.877 0.263
521.561 0.684
522.106 0.545
522.389 0.283
522.69 0.301
523.202 0.512
523.578 0.376
524.024 0.446
524.402 0.378
524.67 0.268
525.003 0.333
525.897 0.894
526.657 0.76
526.918 0.261
527.499 0.581
527.764 0.265
528.026 0.262
528.315 0.289
529.246 0.931
529.512 0.266
529.941 0.429
530.199 0.258
530.724 0.525
530.99 0.266
531.316 0.326
532.01 0.694
532.302 0.292
532.559 0.257
533.686 1.127
533.983 0.297
534.333 0.35
534.634 0.301
534.903 0.269
535.224 0.321
535.544 0.32
535.889 0.345
536.155 0.266
536.427 0.272
536.692 0.265
536.987 0.295
537.274 0.287
537.564 0.29
538.225 0.661
538.89 0.665
539.246 0.356
539.688 0.442
539.954 0.266
540.224 0.27
540.536 0.312
540.824 0.288
541.139 0.315
541.536 0.397
542.25 0.714
542.659 0.409
542.96 0.301
543.769 0.809
544.165 0.396
544.653 0.488
545.146 0.493
545.607 0.461
545.921 0.314
546.199 0.278
546.554 0.355
546.809 0.255
547.365 0.556
547.897 0.532
548.181 0.284
548.678 0.497
548.979 0.301
549.326 0.347
549.602 0.276
551.757 2.155
552.099 0.342
552.516 0.417
552.946 0.43
553.205 0.259
553.546 0.341
553.854 0.308
554.254 0.4
554.773 0.519
555.132 0.359
555.437 0.305
555.835 0.398
556.244 0.409
556.523 0.279
556.916 0.393
557.243 0.327
557.495 0.252
557.84 0.345
558.093 0.253
558.444 0.351
558.749 0.305
559.036 0.287
559.427 0.391
559.72 0.293
559.991 0.271
560.305 0.314
560.578 0.273
560.861 0.283
562.269 1.408
562.913 0.644
563.441 0.528
563.822 0.381
564.291 0.469
565.444 1.153
566.153 0.709
566.742 0.589
567.091 0.349
567.435 0.344
567.949 0.514
568.579 0.63
568.852 0.273
569.199 0.347
569.45 0.251
569.752 0.302
570.081 0.329
570.45 0.369
570.782 0.332
571.077 0.295
571.379 0.302
571.749 0.37
572.216 0.467
572.529 0.313
572.961 0.432
573.407 0.446
573.736 0.329
574.238 0.502
574.599 0.361
574.926 0.327
575.352 0.426
575.654 0.302
576.313 0.659
576.951 0.638
577.31 0.359
577.602 0.292
577.911 0.309
579.164 1.253
579.78 0.616
580.034 0.254
580.397 0.363
580.659 0.262
580.944 0.285
581.376 0.432
581.698 0.322
581.964 0.266
582.273 0.309
582.56 0.287
583.093 0.533
583.531 0.438
583.884 0.353
584.329 0.445
584.666 0.337
584.957 0.291
585.232 0.275
585.546 0.314
585.909 0.363
586.334 0.425
586.6 0.266
586.88 0.28
587.286 0.406
587.813 0.527
588.235 0.422
588.602 0.367
588.977 0.375
589.296 0.319
589.568 0.272
590.286 0.718
590.54 0.254
590.816 0.276
591.091 0.275
591.618 0.527
592.032 0.414
592.497 0.465
592.788 0.291
593.114 0.326
593.384 0.27
593.826 0.442
594.111 0.285
594.421 0.31
594.78 0.359
595.079 0.299
595.457 0.378
596.109 0.652
596.391 0.282
596.906 0.515
597.218 0.312
597.491 0.273
597.828 0.337
598.143 0.315
599.218 1.075
599.557 0.339
599.945 0.388
600.617 0.672
601.055 0.438
601.463 0.408
601.83 0.367
602.854 1.024
603.928 1.074
605.011 1.083
605.989 0.978
606.846 0.857
607.697 0.851
608.615 0.918
609.615 1.0
610.506 0.891
611.024 0.518
611.322 0.298
611.588 0.266
612.665 1.077
612.967 0.302
613.237 0.27
613.863 0.626
614.839 0.976