0.000 0.97
0.97 0.97
2.08 1.11
3.189 1.109
4.247 1.058
5.351 1.104
6.431 1.08
7.428 0.997
8.474 1.046
9.466 0.992
10.527 1.061
11.557 1.03
12.583 1.026
13.595 1.012
14.576 0.981
15.568 0.992
16.509 0.941
17.465 0.956
18.464 0.999
19.487 1.023
20.457 0.97
21.384 0.927
22.359 0.975
23.397 1.038
24.405 1.008
25.486 1.081
26.545 1.059
27.746 1.201
28.902 1.156
30.039 1.137
31.165 1.126
32.255 1.09
33.433 1.178
34.774 1.341
36.041 1.267
37.322 1.281
38.445 1.123
39.535 1.09
40.773 1.238
41.914 1.141
43.133 1.219
44.442 1.309
45.595 1.153
46.861 1.266
48.022 1.161
49.086 1.064
50.08 0.994
51.188 1.108
52.423 1.235
53.523 1.1
54.732 1.209
55.902 1.17
57.054 1.152
58.148 1.094
59.219 1.071
60.321 1.102
61.378 1.057
62.482 1.104
63.651 1.169
64.784 1.133
65.955 1.171
67.179 1.224
68.301 1.122
69.439 1.138
70.61 1.171
71.726 1.116
72.839 1.113
73.971 1.132
75.092 1.121
76.235 1.143
77.409 1.174
78.562 1.153
79.704 1.142
80.901 1.197
82.013 1.112
83.07 1.057
84.175 1.105
85.181 1.006
86.193 1.012
87.233 1.04
88.243 1.01
89.332 1.089
90.502 1.17
91.641 1.139
92.857 1.216
94.05 1.193
95.166 1.116
96.258 1.092
97.393 1.135
98.533 1.14
99.611 1.078
100.684 1.073
101.802 1.118
102.947 1.145
104.063 1.116
105.101 1.038
106.192 1.091
107.22 1.028
108.306 1.086
109.392 1.086
110.415 1.023
111.517 1.102
112.571 1.054
113.583 1.012
114.637 1.054
115.659 1.022
116.689 1.03
117.802 1.113
118.883 1.081
119.924 1.041
121.028 1.104
122.137 1.109
123.236 1.099
124.277 1.041
125.283 1.006
126.287 1.004
127.215 0.928
128.169 0.954
129.204 1.035
130.223 1.019
131.268 1.045
132.355 1.087
133.432 1.077
134.513 1.081
135.569 1.056
136.608 1.039
137.603 0.995
138.662 1.059
139.723 1.061
140.79 1.067
141.923 1.133
143.006 1.083
144.088 1.082
145.213 1.125
146.288 1.075
147.349 1.061
148.431 1.082
149.495 1.064
150.562 1.067
151.622 1.06
152.609 0.987
153.618 1.009
154.659 1.041
155.687 1.028
156.731 1.044
157.811 1.08
158.853 1.042
159.921 1.068
161.009 1.088
162.039 1.03
163.079 1.04
164.125 1.046
165.084 0.959
166.062 0.978
166.952 0.89
167.839 0.887
168.742 0.903
169.72 0.978
170.819 1.099
171.882 1.063
172.959 1.077
174.031 1.072
175.029 0.998
176.04 1.011
177.058 1.018
178.043 0.985
179.094 1.051
180.149 1.055
181.184 1.035
182.245 1.061
183.251 1.006
184.249 0.998
185.257 1.008
186.277 1.02
187.348 1.071
188.425 1.077
189.465 1.04
190.564 1.099
191.645 1.081
192.699 1.054
193.782 1.083
194.783 1.001
195.855 1.072
196.959 1.104
197.996 1.037
199.082 1.086
200.156 1.074
201.212 1.056
202.244 1.032
203.258 1.014
204.304 1.046
205.362 1.058
206.382 1.02
207.386 1.004
208.422 1.036
209.448 1.026
210.453 1.005
211.468 1.015
212.516 1.048
213.523 1.007
214.546 1.023
215.573 1.027
216.525 0.952
217.515 0.99
218.491 0.976
219.508 1.017
220.541 1.033
221.618 1.077
222.68 1.062
223.676 0.996
224.627 0.951
225.587 0.96
226.554 0.967
227.515 0.961
228.447 0.932
229.385 0.938
230.317 0.932
231.254 0.937
232.245 0.991
233.217 0.972
234.23 1.013
235.214 0.984
236.196 0.982
237.229 1.033
238.265 1.036
239.325 1.06
240.469 1.144
241.511 1.042
242.528 1.017
243.608 1.08
244.784 1.176
245.907 1.123
246.972 1.065
248.053 1.081
249.121 1.068
250.138 1.017
251.203 1.065
252.314 1.111
253.353 1.039
254.386 1.033
255.407 1.021
256.394 0.987
257.393 0.999
258.389 0.996
259.37 0.981
260.362 0.992
261.316 0.954
262.241 0.925
263.157 0.916
264.002 0.845
264.84 0.838
265.66 0.82
266.47 0.81
267.394 0.924
268.377 0.983
269.384 1.007
270.424 1.04
271.437 1.013
272.448 1.011
273.434 0.986
274.417 0.983
275.433 1.016
276.422 0.989
277.363 0.941
278.343 0.98
279.395 1.052
280.505 1.11
281.622 1.117
282.757 1.135
283.836 1.079
284.978 1.142
286.085 1.107
287.124 1.039
288.16 1.036
289.21 1.05
290.283 1.073
291.292 1.009
292.323 1.031
293.385 1.062
294.44 1.055
295.437 0.997
296.482 1.045
297.588 1.106
298.644 1.056
299.699 1.055
300.78 1.081
301.815 1.035
302.804 0.989
303.854 1.05
304.882 1.028
305.884 1.002
306.922 1.038
308.001 1.079
309.083 1.082
310.11 1.027
311.177 1.067
312.205 1.028
313.203 0.998
314.184 0.981
315.129 0.945
316.111 0.982
317.074 0.963
318.048 0.974
319.035 0.987
320.016 0.981
321.034 1.018
322.031 0.997
323.057 1.026
324.071 1.014
325.044 0.973
326.035 0.991
327.018 0.983
327.992 0.974
329.027 1.035
330.082 1.055
331.111 1.029
332.174 1.063
333.17 0.996
334.167 0.997
335.09 0.923
336.01 0.92
336.926 0.916
337.862 0.936
338.815 0.953
339.769 0.954
340.777 1.008
341.772 0.995
342.727 0.955
343.736 1.009
344.812 1.076
345.842 1.03
346.925 1.083
347.989 1.064
349.002 1.013
350.037 1.035
351.086 1.049
352.106 1.02
353.167 1.061
354.241 1.074
355.266 1.025
356.312 1.046
357.391 1.079
358.407 1.016
359.446 1.039
360.512 1.066
361.531 1.019
362.549 1.018
363.589 1.04
364.606 1.017
365.577 0.971
366.576 0.999
367.577 1.001
368.563 0.986
369.642 1.079
370.784 1.142
371.833 1.049
372.888 1.055
373.97 1.082
375.02 1.05
376.058 1.038
377.129 1.071
378.168 1.039
379.156 0.988
380.149 0.993
381.239 1.09
382.379 1.14
383.473 1.094
384.534 1.061
385.548 1.014
386.507 0.959
387.494 0.987
388.49 0.996
389.454 0.964
390.385 0.931
391.314 0.929
392.196 0.882
393.055 0.859
393.976 0.921
394.887 0.911
395.881 0.994
396.935 1.054
397.968 1.033
398.957 0.989
399.998 1.041
401.042 1.044
402.032 0.99
402.992 0.96
404.024 1.032
405.127 1.103
406.172 1.045
407.231 1.059
408.275 1.044
409.277 1.002
410.326 1.049
411.387 1.061
412.4 1.013
413.429 1.029
414.47 1.041
415.479 1.009
416.449 0.97
417.445 0.996
418.435 0.99
419.385 0.95
420.379 0.994
421.41 1.031
422.419 1.009
423.381 0.962
424.4 1.019
425.437 1.037
426.464 1.027
427.464 1.0
428.441 0.977
429.428 0.987
430.371 0.943
431.297 0.926
432.284 0.987
433.293 1.009
434.31 1.017
435.341 1.031
436.349 1.008
437.315 0.966
438.299 0.984
439.321 1.022
440.364 1.043
441.364 1.0
442.366 1.002
443.366 1.0
444.341 0.975
445.342 1.001
446.382 1.04
447.409 1.027
448.422 1.013
449.495 1.073
450.578 1.083
451.59 1.012
452.592 1.002
453.593 1.001
454.593 1.0
455.599 1.006
456.594 0.995
457.579 0.985
458.55 0.971
459.502 0.952
460.476 0.974
461.495 1.019
462.534 1.039
463.516 0.982
464.524 1.008
465.511 0.987
466.421 0.91
467.286 0.865
468.136 0.85
469.09 0.954
470.076 0.986
471.063 0.987
472.083 1.02
473.096 1.013
474.115 1.019
475.157 1.042
476.146 0.989
477.163 1.017
478.105 0.942
479.05 0.945
480.014 0.964
480.906 0.892
481.811 0.905
482.707 0.896
483.656 0.949
484.678 1.022
485.752 1.074
486.819 1.067
487.844 1.025
488.874 1.03
489.936 1.062
490.995 1.059
492.019 1.024
493.093 1.074
494.185 1.092
495.257 1.072
496.33 1.073
497.424 1.094
498.509 1.085
499.554 1.045
500.647 1.093
501.715 1.068
502.728 1.013
503.779 1.051
504.797 1.018
505.798 1.001
506.832 1.034
507.855 1.023
508.856 1.001
509.897 1.041
510.903 1.006
511.9 0.997
512.862 0.962
513.808 0.946
514.79 0.982
515.793 1.003
516.77 0.977
517.747 0.977
518.734 0.987
519.704 0.97
520.656 0.952
521.635 0.979
522.603 0.968
523.524 0.921
524.497 0.973
525.482 0.985
526.428 0.946
527.381 0.953
528.336 0.955
529.249 0.913
530.206 0.957
531.181 0.975
532.135 0.954
533.112 0.977
534.098 0.986
535.072 0.974
536.028 0.956
537.027 0.999
538.003 0.976
538.936 0.933
539.904 0.968
540.902 0.998
541.879 0.977
542.883 1.004
543.888 1.005
544.866 0.978
545.879 1.013
546.876 0.997
547.836 0.96
548.829 0.993
549.797 0.968
550.751 0.954
551.697 0.946
552.65 0.953
553.624 0.974
554.576 0.952
555.579 1.003
556.574 0.995
557.609 1.035
558.643 1.034
559.633 0.99
560.64 1.007
561.652 1.012
562.635 0.983
563.627 0.992
564.646 1.019
565.626 0.98
566.603 0.977
567.618 1.015
568.621 1.003
569.61 0.989
570.638 1.028
571.688 1.05
572.698 1.01
573.718 1.02
574.73 1.012
575.693 0.963
576.691 0.998
577.716 1.025
578.704 0.988
579.701 0.997
580.719 1.018
581.7 0.981
582.731 1.031
583.756 1.025
584.745 0.989
585.77 1.025
586.798 1.028
587.788 0.99
588.782 0.994
589.801 1.019
590.766 0.965
591.734 0.968
592.711 0.977
593.679 0.968
594.677 0.998
595.708 1.031
596.71 1.002
597.726 1.016
598.734 1.008
599.713 0.979
600.722 1.009
601.741 1.019
602.653 0.912
603.586 0.933
604.477 0.891
605.408 0.931
606.275 0.867
607.134 0.859