0.000 0.828
0.828 0.828
1.616 0.788
2.419 0.803
3.208 0.789
3.948 0.74
4.73 0.782
5.53 0.8
6.364 0.834
7.192 0.828
8.075 0.883
8.966 0.891
9.799 0.833
10.527 0.728
10.984 0.457
11.474 0.49
12.263 0.789
13.105 0.842
13.969 0.864
14.806 0.837
20.999 0.904
21.857 0.858
22.752 0.895
23.651 0.899
24.503 0.852
25.393 0.89
26.262 0.869
27.112 0.85
27.946 0.834
28.784 0.838
29.592 0.808
30.343 0.751
31.094 0.751
31.844 0.75
32.609 0.765
33.35 0.741
34.157 0.807
34.959 0.802
35.76 0.801
36.67 0.91
37.611 0.941
38.471 0.86
39.359 0.888
40.205 0.846
41.018 0.813
41.776 0.758
42.547 0.771
43.004 0.457
43.334 0.33
44.134 0.8
44.971 0.837
45.87 0.899
46.784 0.914
47.676 0.892
48.571 0.895
49.409 0.838
50.232 0.823
51.052 0.82
51.856 0.804
52.659 0.803
53.533 0.874
54.411 0.878
55.331 0.92
56.247 0.916
57.136 0.889
58.062 0.926
58.979 0.917
59.848 0.869
60.736 0.888
61.623 0.887
62.492 0.869
63.342 0.85
64.222 0.88
65.122 0.9
66.001 0.879
66.927 0.926
67.838 0.911
68.697 0.859
69.566 0.869
70.426 0.86
71.249 0.823
71.683 0.434
72.009 0.326
72.733 0.724
73.467 0.734
74.419 0.952
75.456 1.037
76.497 1.041
77.528 1.031
78.506 0.978
79.388 0.882
80.199 0.811
80.953 0.754
81.669 0.716
82.415 0.746
83.168 0.753
83.945 0.777
84.698 0.753
85.499 0.801
86.26 0.761
86.977 0.717
87.701 0.724
88.429 0.728
89.203 0.774
89.978 0.775
90.734 0.756
91.519 0.785
92.305 0.786
93.102 0.797
93.88 0.778
94.714 0.834
95.585 0.871
96.416 0.831
97.265 0.849
98.074 0.809
98.837 0.763
99.609 0.772
100.383 0.774
101.173 0.79
101.928 0.755
102.75 0.822
103.569 0.819
104.381 0.812
105.226 0.845
106.079 0.853
106.907 0.828
107.689 0.782
108.479 0.79
109.271 0.792
110.02 0.749
110.806 0.786
111.586 0.78
112.373 0.787
113.133 0.76
113.95 0.817
114.76 0.81
115.54 0.78
116.351 0.811
117.158 0.807
117.947 0.789
118.725 0.778
119.508 0.783
120.275 0.767
121.004 0.729
121.771 0.767
122.529 0.758
123.251 0.722
124.016 0.765
124.787 0.771
125.583 0.796
126.344 0.761
127.165 0.821
127.966 0.801
128.718 0.752
129.536 0.818
130.334 0.798
131.096 0.762
131.863 0.767
132.614 0.751
133.332 0.718
134.021 0.689
134.728 0.707
135.415 0.687
136.075 0.66
136.747 0.672
137.294 0.547
138.128 0.834
138.872 0.744
139.633 0.761
140.386 0.753
141.189 0.803
142.004 0.815
142.673 0.669
143.59 0.917
144.364 0.774
145.098 0.734
145.814 0.716
146.542 0.728
147.269 0.727
147.811 0.542
148.074 0.263
148.801 0.727
149.627 0.826
150.099 0.472
150.433 0.334
151.281 0.848
152.12 0.839
152.833 0.713
153.112 0.279
153.745 0.633
154.55 0.805
155.349 0.799
156.117 0.768
156.909 0.792
157.708 0.799
158.125 0.417
158.466 0.341
159.278 0.812
160.079 0.801
160.795 0.716
161.605 0.81
162.076 0.471
162.434 0.358
162.946 0.512
163.264 0.318
163.869 0.605
164.271 0.402
164.576 0.305
164.981 0.405
165.233 0.252
165.943 0.71
166.637 0.694
167.333 0.696
167.743 0.41
168.022 0.279
168.752 0.73
169.493 0.741
170.259 0.766
171.011 0.752
171.823 0.812
172.658 0.835
173.095 0.437
173.351 0.256
174.271 0.92
175.08 0.809
175.859 0.779
176.72 0.861
177.573 0.853
177.967 0.394
178.392 0.425
179.26 0.868
180.134 0.874
180.643 0.509
180.935 0.292
181.781 0.846
182.624 0.843
183.034 0.41
183.407 0.373
184.248 0.841
185.081 0.833
185.87 0.789
186.715 0.845
187.593 0.878
187.9 0.307
188.452 0.552
189.371 0.919
190.273 0.902
191.14 0.867
192.02 0.88
192.895 0.875
193.315 0.42
193.717 0.402
194.58 0.863
195.443 0.863
196.253 0.81
197.123 0.87
197.999 0.876
198.274 0.275
198.829 0.555
199.701 0.872
200.583 0.882
201.408 0.825
202.25 0.842
203.073 0.823
203.456 0.383
203.86 0.404
204.685 0.825
205.533 0.848
206.351 0.818
207.214 0.863
208.092 0.878
208.919 0.827
209.775 0.856
210.617 0.842
210.996 0.379
211.42 0.424
212.28 0.86
213.148 0.868
213.979 0.831
214.839 0.86
215.715 0.876
216.186 0.471
216.545 0.359
217.397 0.852
218.258 0.861
219.091 0.833
219.914 0.823
220.732 0.818
221.544 0.812
222.328 0.784
223.134 0.806
223.951 0.817
224.428 0.477
224.766 0.338
225.654 0.888
226.537 0.883
226.978 0.441
227.385 0.407
228.242 0.857
229.091 0.849
229.891 0.8
230.717 0.826
231.546 0.829
232.34 0.794
233.172 0.832
233.994 0.822
234.769 0.775
235.582 0.813
236.353 0.771
237.094 0.741
237.774 0.68
238.486 0.712
239.205 0.719
239.586 0.381
239.916 0.33
240.682 0.766
241.454 0.772
242.091 0.637
242.362 0.271
243.024 0.662
243.812 0.788
244.587 0.775
245.331 0.744
246.087 0.756
246.857 0.77
247.607 0.75
248.377 0.77
249.146 0.769
249.911 0.765
250.675 0.764
251.48 0.805
252.304 0.824
253.12 0.816
253.954 0.834
254.794 0.84
255.593 0.799
256.424 0.831
257.245 0.821
258.051 0.806
258.888 0.837
259.736 0.848
260.604 0.868
261.437 0.833
262.298 0.861
263.166 0.868
264.002 0.836
264.863 0.861
265.743 0.88
266.619 0.876
267.483 0.864
268.325 0.842
269.173 0.848
269.963 0.79
270.788 0.825
271.631 0.843
272.461 0.83
273.315 0.854
274.185 0.87
274.878 0.693
275.85 0.972
276.648 0.798
277.437 0.789
278.213 0.776
279.014 0.801
279.377 0.363
279.852 0.475
280.145 0.293
280.672 0.527
281.524 0.852
282.372 0.848
282.882 0.51
283.162 0.28
283.993 0.831
284.826 0.833
285.162 0.336
285.438 0.276
286.5 1.062
287.343 0.843
288.028 0.685
289.019 0.991
289.855 0.836
290.674 0.819
291.521 0.847
292.365 0.844
293.193 0.828
294.022 0.829
294.867 0.845
295.724 0.857
296.546 0.822
297.392 0.846
298.256 0.864
298.56 0.304
298.816 0.256
299.088 0.272
299.945 0.857
300.801 0.856
301.626 0.825
302.475 0.849
303.331 0.856
303.963 0.632
305.004 1.041
305.837 0.833
306.69 0.853
307.078 0.388
308.376 1.298
309.234 0.858
309.643 0.409
310.919 1.276
311.755 0.836
312.571 0.816
313.388 0.817
314.212 0.824
315.029 0.817
315.851 0.822
316.685 0.834
317.526 0.841
318.341 0.815
319.177 0.836
319.997 0.82
320.783 0.786
321.599 0.816
322.406 0.807
323.206 0.8
324.035 0.829
324.891 0.856
325.728 0.837
326.57 0.842
327.373 0.803
328.124 0.751
328.829 0.705
329.528 0.699
330.079 0.551
330.909 0.83
331.634 0.725
332.398 0.764
333.14 0.742
333.925 0.785
334.723 0.798
335.496 0.773
336.3 0.804
337.11 0.81
337.914 0.804
338.735 0.821
339.574 0.839
340.424 0.85
341.227 0.803
342.048 0.821
342.884 0.836
343.724 0.84
344.542 0.818
345.36 0.818
346.204 0.844
347.049 0.845
347.92 0.871
348.788 0.868
349.603 0.815
350.433 0.83
351.27 0.837
352.071 0.801
352.918 0.847
353.768 0.85
354.633 0.865
355.504 0.871
356.383 0.879
357.262 0.879
358.107 0.845
358.957 0.85
359.801 0.844
360.608 0.807
361.428 0.82
362.221 0.793
362.973 0.752
363.751 0.778
364.536 0.785
365.356 0.82
366.148 0.792
366.976 0.828
367.835 0.859
368.649 0.814
369.485 0.836
370.332 0.847
371.14 0.808
371.951 0.811
372.734 0.783
373.504 0.77
374.295 0.791
375.108 0.813
375.951 0.843
376.78 0.829
377.647 0.867
378.503 0.856
379.329 0.826
380.141 0.812
380.916 0.775
381.653 0.737
382.407 0.754
383.156 0.749
383.907 0.751
384.691 0.784
385.484 0.793
386.304 0.82
387.084 0.78
387.873 0.789
388.662 0.789
389.4 0.738
390.159 0.759
390.933 0.774
391.717 0.784
392.507 0.79
393.311 0.804
394.116 0.805
394.915 0.799
395.732 0.817
396.544 0.812
397.307 0.763
398.071 0.764
398.832 0.761
399.566 0.734
400.33 0.764
401.117 0.787
401.867 0.75
402.663 0.796
403.466 0.803
404.255 0.789
405.064 0.809
405.884 0.82
406.677 0.793
407.466 0.789
408.236 0.77
408.98 0.744
409.686 0.706
410.414 0.728
411.164 0.75
411.917 0.753
412.723 0.806
413.512 0.789
414.274 0.762
414.984 0.71
415.659 0.675
416.318 0.659
416.991 0.673
417.682 0.691
418.394 0.712
419.148 0.754
419.951 0.803
420.801 0.85
421.599 0.798
422.418 0.819
423.218 0.8
423.986 0.768
424.732 0.746
425.424 0.692
426.108 0.684
426.785 0.677
427.492 0.707
428.213 0.721
428.95 0.737
429.692 0.742
430.411 0.719
431.118 0.707
431.792 0.674
432.443 0.651
433.079 0.636
433.704 0.625
434.354 0.65
435.068 0.714
435.903 0.835
436.777 0.874
437.619 0.842
438.409 0.79
439.16 0.751
439.892 0.732
440.59 0.698
441.262 0.672
441.919 0.657
442.566 0.647
443.219 0.653
443.897 0.678
444.59 0.693
445.273 0.683
446.003 0.73
446.784 0.781
447.591 0.807
448.358 0.767
449.131 0.773
449.909 0.778
450.69 0.781
451.469 0.779
452.243 0.774
453.03 0.787
453.835 0.805
454.641 0.806
455.428 0.787
456.235 0.807
457.073 0.838
457.969 0.896
458.833 0.864
459.683 0.85
460.52 0.837
461.348 0.828
462.166 0.818
463.021 0.855
463.906 0.885
464.772 0.866
465.678 0.906
466.603 0.925
467.522 0.919
468.388 0.866
469.266 0.878
470.156 0.89
471.028 0.872
471.827 0.799
472.605 0.778
473.43 0.825
474.371 0.941
475.384 1.013
476.445 1.061
477.494 1.049
478.48 0.986
479.369 0.889
480.219 0.85
481.078 0.859
482.007 0.929
482.949 0.942
483.876 0.927
484.756 0.88