0.000 2.19
9.189 2.19
9.914 0.725
10.621 0.707
11.31 0.689
12.047 0.737
12.895 0.848
13.783 0.888
14.618 0.835
15.431 0.813
16.202 0.771
16.922 0.72
17.698 0.776
18.583 0.885
19.384 0.801
20.143 0.759
20.977 0.834
22.024 1.047
23.131 1.107
24.169 1.038
25.104 0.935
26.074 0.97
26.94 0.866
27.719 0.779
28.461 0.742
29.231 0.77
30.187 0.956
30.935 0.748
31.715 0.78
32.513 0.798
33.63 1.117
34.446 0.816
35.245 0.799
36.051 0.806
36.89 0.839
37.718 0.828
38.585 0.867
39.316 0.731
40.05 0.734
40.773 0.723
41.526 0.753
42.349 0.823
43.22 0.871
44.086 0.866
44.908 0.822
45.665 0.757
46.373 0.708
47.042 0.669
47.712 0.67
48.456 0.744
49.534 1.078
50.447 0.913
51.365 0.918
52.168 0.803
53.036 0.868
54.151 1.115
55.316 1.165
56.422 1.106
57.462 1.04
58.564 1.102
59.724 1.16
60.924 1.2
62.095 1.171
63.163 1.068
64.139 0.976
65.302 1.163
66.526 1.224
67.643 1.117
68.55 0.907
69.448 0.898
70.673 1.225
71.865 1.192
72.891 1.026
73.747 0.856
74.654 0.907
75.623 0.969
76.588 0.965
77.476 0.888
78.52 1.044
79.559 1.039
80.594 1.035
81.09 0.496
81.703 0.613
81.981 0.278
83.32 1.339
84.128 0.808
84.895 0.767
85.69 0.795
86.785 1.095
87.85 1.065
88.716 0.866
89.63 0.914
90.802 1.172
91.834 1.032
92.619 0.785
93.4 0.781
94.24 0.84
95.534 1.294
96.436 0.902
97.43 0.994
98.662 1.232
99.655 0.993
100.529 0.874
101.637 1.108
102.759 1.122
103.689 0.93
104.601 0.912
105.559 0.958
106.606 1.047
107.489 0.883
108.339 0.85
109.445 1.106
110.506 1.061
111.413 0.907
112.317 0.904
113.403 1.086
114.367 0.964
115.173 0.806
116.014 0.841
117.104 1.09
118.285 1.181
119.307 1.022
120.179 0.872
121.237 1.058
122.387 1.15
123.432 1.045
124.327 0.895
125.381 1.054
126.399 1.018
127.354 0.955
128.281 0.927
129.289 1.008
130.504 1.215
131.584 1.08
132.499 0.915
133.526 1.027
134.729 1.203
135.828 1.099
136.71 0.882
137.508 0.798
138.303 0.795
139.041 0.738
139.784 0.743
140.854 1.07
141.722 0.868
142.538 0.816
143.615 1.077
144.727 1.112
145.863 1.136
146.915 1.052
147.89 0.975
148.718 0.828
149.48 0.762
150.212 0.732
150.923 0.711
151.665 0.742
152.453 0.788
153.368 0.915
154.201 0.833
155.104 0.903
156.162 1.058
157.263 1.101
158.243 0.98
159.167 0.924
160.147 0.98
161.059 0.912
162.026 0.967
162.854 0.828
163.715 0.861
164.942 1.227
166.105 1.163
167.096 0.991
168.065 0.969
169.25 1.185
170.235 0.985
171.182 0.947
172.13 0.948
172.971 0.841
173.876 0.905
174.751 0.875
175.721 0.97
176.627 0.906
177.524 0.897
178.414 0.89
179.192 0.778
180.023 0.831
181.021 0.998
182.031 1.01
182.908 0.877
183.771 0.863
184.73 0.959
185.702 0.972
186.674 0.972
187.556 0.882
188.596 1.04
189.609 1.013
190.422 0.813
191.197 0.775
191.946 0.749
192.666 0.72
193.379 0.713
194.162 0.783
195.194 1.032
196.105 0.911
196.956 0.851
197.8 0.844
198.548 0.748
199.348 0.8
200.153 0.805
200.948 0.795
201.784 0.836
202.756 0.972
203.668 0.912
204.557 0.889
205.496 0.939
206.526 1.03
207.439 0.913
208.316 0.877
209.274 0.958
210.347 1.073
211.314 0.967
212.314 1.0
213.227 0.913
214.103 0.876
215.037 0.934
216.184 1.147
217.159 0.975
217.949 0.79
218.842 0.893
219.906 1.064
221.057 1.151
222.195 1.138
223.171 0.976
224.12 0.949
225.023 0.903
225.813 0.79
226.609 0.796
227.479 0.87
228.499 1.02
229.53 1.031
230.351 0.821
231.202 0.851
232.147 0.945
233.032 0.885
233.887 0.855
234.661 0.774
235.457 0.796
236.296 0.839
237.221 0.925
238.07 0.849
238.98 0.91
240.129 1.149
241.096 0.967
242.07 0.974
243.025 0.955
243.806 0.781
244.626 0.82
245.583 0.957
246.703 1.12
247.74 1.037
248.561 0.821
249.364 0.803
250.143 0.779
251.066 0.923
252.03 0.964
252.987 0.957
253.863 0.876
254.788 0.925
255.778 0.99
256.733 0.955
257.589 0.856
258.424 0.835
259.252 0.828
260.111 0.859
260.951 0.84
261.903 0.952
263.066 1.163
264.176 1.11
265.042 0.866
265.985 0.943
266.953 0.968
267.947 0.994
268.877 0.93
269.706 0.829
270.555 0.849
271.429 0.874
272.34 0.911
273.348 1.008
274.343 0.995
275.185 0.842
276.106 0.921
277.175 1.069
278.052 0.877
278.955 0.903
279.857 0.902
280.721 0.864
281.56 0.839
282.452 0.892
283.373 0.921
284.224 0.851
284.995 0.771
285.825 0.83
286.864 1.039
288.053 1.189
289.073 1.02
289.962 0.889
290.804 0.842
291.583 0.779
292.337 0.754
293.073 0.736
293.835 0.762
294.68 0.845
295.623 0.943
296.623 1.0
297.592 0.969
298.587 0.995
299.539 0.952
300.557 1.018
301.627 1.07
302.671 1.044
303.61 0.939
304.617 1.007
305.53 0.913
306.429 0.899
307.436 1.007
308.598 1.162
309.633 1.035
310.507 0.874
311.357 0.85
312.222 0.865
313.106 0.884