0.000 0.339
0.339 0.339
1.105 0.766
1.834 0.729
2.581 0.747
3.425 0.844
4.479 1.054
5.558 1.079
6.603 1.045
7.594 0.991
8.571 0.977
9.538 0.967
10.455 0.917
11.363 0.908
12.215 0.852
13.011 0.796
13.863 0.852
14.83 0.967
15.922 1.092
16.997 1.075
17.973 0.976
18.926 0.953
19.909 0.983
20.93 1.021
21.961 1.031
22.967 1.006
23.971 1.004
24.982 1.011
25.913 0.931
26.796 0.883
27.618 0.822
28.536 0.918
29.404 0.868
30.31 0.906
31.387 1.077
32.499 1.112
33.575 1.076
34.549 0.974
35.484 0.935
36.444 0.96
37.491 1.047
38.538 1.047
39.574 1.036
40.569 0.995
41.451 0.882
42.327 0.876
43.266 0.939
44.283 1.017
45.328 1.045
46.332 1.004
47.323 0.991
48.301 0.978
49.225 0.924
50.095 0.87
51.002 0.907
52.032 1.03
53.12 1.088
54.23 1.11
55.245 1.015
56.28 1.035
57.3 1.02
58.254 0.954
59.152 0.898
60.068 0.916
60.991 0.923
61.881 0.89
62.76 0.879
63.682 0.922
64.727 1.045
65.779 1.052
66.829 1.05
67.818 0.989
68.753 0.935
69.705 0.952
70.723 1.018
71.79 1.067
72.825 1.035
73.827 1.002
74.803 0.976
75.766 0.963
76.701 0.935
77.626 0.925
78.571 0.945
79.54 0.969
80.496 0.956
81.424 0.928
82.395 0.971
83.395 1.0
84.382 0.987
85.292 0.91
86.209 0.917
87.108 0.899
87.962 0.854
88.842 0.88
89.686 0.844
90.494 0.808
91.295 0.801
92.084 0.789
92.857 0.773
93.616 0.759
94.399 0.783
95.228 0.829
96.085 0.857
96.88 0.795
97.676 0.796
98.507 0.831
99.377 0.87
100.283 0.906
101.161 0.878
102.036 0.875
102.898 0.862
103.741 0.843
104.583 0.842
105.473 0.89
106.429 0.956
107.344 0.915
108.198 0.854
109.015 0.817
109.797 0.782
110.603 0.806
111.466 0.863
112.447 0.981
113.475 1.028
114.477 1.002
115.445 0.968
116.398 0.953
117.364 0.966
118.327 0.963
119.266 0.939
120.161 0.895
121.046 0.885
121.994 0.948
123.0 1.006
123.994 0.994
124.945 0.951
125.906 0.961
126.867 0.961
127.786 0.919
128.668 0.882
129.482 0.814
130.256 0.774
130.977 0.721
131.714 0.737
132.458 0.744
133.255 0.797
134.181 0.926
135.338 1.157
136.461 1.123
137.568 1.107
138.591 1.023
139.604 1.013
140.613 1.009
141.593 0.98
142.524 0.931
143.411 0.887
144.297 0.886
145.172 0.875
146.088 0.916
146.97 0.882
147.855 0.885
148.732 0.877
149.584 0.852
150.469 0.885
151.362 0.893
152.252 0.89
153.137 0.885
154.039 0.902
154.94 0.901
155.823 0.883
156.711 0.888
157.619 0.908
158.547 0.928
159.442 0.895
160.316 0.874
161.246 0.93
162.278 1.032
163.368 1.09
164.424 1.056
165.405 0.981
166.276 0.871
167.103 0.827
167.973 0.87
168.972 0.999
170.042 1.07
171.103 1.061
172.118 1.015
173.067 0.949
173.937 0.87
174.798 0.861
175.681 0.883
176.639 0.958
177.645 1.006
178.63 0.985
179.607 0.977
180.514 0.907
181.343 0.829
182.176 0.833
183.101 0.925
184.208 1.107
185.38 1.172
186.518 1.138
187.583 1.065
188.607 1.024
189.638 1.031
190.645 1.007
191.626 0.981
192.58 0.954
193.474 0.894
194.31 0.836
195.146 0.836
196.084 0.938
197.168 1.084
198.254 1.086
199.301 1.047
200.275 0.974
201.205 0.93
202.153 0.948
203.147 0.994
204.207 1.06
205.269 1.062
206.306 1.037
207.297 0.991
208.2 0.903
209.038 0.838
209.87 0.832
210.745 0.875
211.8 1.055
212.891 1.091
213.977 1.086
215.018 1.041
215.984 0.966
216.883 0.899
217.77 0.887
218.694 0.924
219.681 0.987
220.67 0.989
221.636 0.966
222.552 0.916
223.451 0.899
224.331 0.88
225.21 0.879
226.061 0.851
226.884 0.823
227.721 0.837
228.632 0.911
229.646 1.014
230.671 1.025
231.622 0.951
232.491 0.869
233.34 0.849
234.131 0.791
234.942 0.811
235.765 0.823
236.612 0.847
237.498 0.886
238.412 0.914
239.329 0.917
240.231 0.902
241.166 0.935
242.103 0.937
243.032 0.929
243.912 0.88
244.764 0.852
245.682 0.918
246.771 1.089
247.889 1.118
248.974 1.085
249.981 1.007
250.964 0.983
251.876 0.912
252.713 0.837
253.527 0.814
254.39 0.863
255.334 0.944
256.373 1.039
257.393 1.02
258.344 0.951
259.301 0.957
260.262 0.961
261.222 0.96
262.169 0.947
263.059 0.89
263.941 0.882
264.882 0.941
265.853 0.971
266.852 0.999
267.827 0.975
268.795 0.968
269.76 0.965
270.703 0.943
271.619 0.916
272.523 0.904
273.446 0.923
274.367 0.921
275.343 0.976
276.362 1.019
277.413 1.051
278.457 1.044
279.517 1.06
280.556 1.039
281.549 0.993
282.538 0.989
283.537 0.999
284.513 0.976
285.44 0.927
286.408 0.968
287.407 0.999
288.418 1.011
289.355 0.937
290.315 0.96
291.298 0.983
292.306 1.008
293.281 0.975
294.23 0.949
295.139 0.909
295.994 0.855
296.84 0.846
297.643 0.803
298.506 0.863
299.422 0.916
300.386 0.964
301.276 0.89
302.158 0.882
303.085 0.927
304.045 0.96
305.01 0.965
305.905 0.895
306.776 0.871
307.641 0.865
308.503 0.862
309.388 0.885
310.348 0.96
311.359 1.011
312.339 0.98
313.323 0.984
314.262 0.939
315.104 0.842
315.905 0.801
316.717 0.812
317.629 0.912
318.653 1.024
319.674 1.021
320.714 1.04
321.746 1.032
322.778 1.032
323.743 0.965
324.649 0.906
325.58 0.931
326.576 0.996
327.591 1.015
328.604 1.013
329.583 0.979
330.45 0.867
331.264 0.814
332.098 0.834
333.034 0.936
334.143 1.109
335.285 1.142
336.391 1.106
337.452 1.061
338.511 1.059
339.516 1.005
340.41 0.894
341.243 0.833
342.125 0.882
343.186 1.061
344.36 1.174
345.553 1.193
346.699 1.146
347.755 1.056
348.701 0.946
349.621 0.92
350.63 1.009
351.708 1.078
352.814 1.106
353.895 1.081
354.896 1.001
355.817 0.921
356.685 0.868
357.612 0.927
358.688 1.076
359.74 1.052
360.802 1.062
361.813 1.011
362.805 0.992
363.725 0.92
364.606 0.881
365.511 0.905
366.487 0.976
367.554 1.067
368.63 1.076
369.649 1.019
370.652 1.003
371.592 0.94
372.485 0.893
373.378 0.893
374.346 0.968
375.402 1.056
376.481 1.079
377.5 1.019
378.422 0.922
379.34 0.918
380.248 0.908
381.184 0.936
382.121 0.937
383.066 0.945
384.012 0.946
384.959 0.947
385.902 0.943
386.867 0.965
387.832 0.965
388.732 0.9
389.59 0.858
390.478 0.888
391.436 0.958
392.524 1.088
393.611 1.087
394.712 1.101
395.796 1.084
396.85 1.054
397.824 0.974
398.739 0.915
399.65 0.911
400.605 0.955
401.616 1.011
402.645 1.029
403.716 1.071
404.752 1.036
405.703 0.951
406.597 0.894
407.491 0.894
408.369 0.878
409.299 0.93
410.235 0.936
411.234 0.999
412.264 1.03
413.258 0.994
414.257 0.999
415.259 1.002
416.232 0.973
417.192 0.96
418.16 0.968
419.145 0.985
420.115 0.97
421.072 0.957
422.077 1.005
423.092 1.015
424.063 0.971
425.035 0.972
425.94 0.905
426.832 0.892
427.708 0.876
428.537 0.829
429.359 0.822
430.259 0.9
431.109 0.85
432.06 0.951
433.068 1.008
434.091 1.023
435.077 0.986
436.074 0.997
437.059 0.985
437.951 0.892
438.781 0.83
439.638 0.857
440.519 0.881
441.53 1.011
442.54 1.01
443.498 0.958
444.517 1.019
445.597 1.08
446.669 1.072
447.671 1.002
448.674 1.003
449.66 0.986
450.562 0.902
451.434 0.872
452.29 0.856
453.177 0.887
454.041 0.864
454.908 0.867
455.911 1.003
457.056 1.145
458.262 1.206
459.462 1.2
460.59 1.128
461.669 1.079
462.754 1.085
463.789 1.035
464.669 0.88
465.487 0.818
466.29 0.803
467.24 0.95
468.306 1.066
469.361 1.055
470.46 1.099
471.464 1.004
472.428 0.964
473.432 1.004
474.516 1.084
475.639 1.123
476.767 1.128
477.875 1.108
478.912 1.037
479.86 0.948
480.746 0.886
481.677 0.931
482.658 0.981
483.685 1.027
484.721 1.036
485.746 1.025
486.66 0.914
487.522 0.862
488.356 0.834
489.256 0.9
490.332 1.076
491.472 1.14
492.615 1.143
493.733 1.118
494.768 1.035
495.731 0.963
496.707 0.976
497.743 1.036
498.846 1.103
499.909 1.063
500.926 1.017
501.846 0.92
502.672 0.826
503.468 0.796
504.28 0.812
505.193 0.913
506.193 1.0
507.214 1.021
508.177 0.963
509.07 0.893
509.954 0.884
510.868 0.914
511.85 0.982
512.856 1.006
513.866 1.01
514.851 0.985
515.772 0.921
516.657 0.885
517.553 0.896
518.515 0.962
519.521 1.006
520.537 1.016
521.548 1.011
522.495 0.947
523.412 0.917
524.336 0.924
525.321 0.985
526.304 0.983
527.286 0.982
528.214 0.928
529.142 0.928
530.087 0.945
531.053 0.966
531.983 0.93
532.891 0.908
533.839 0.948
534.844 1.005
535.899 1.055
536.891 0.992
537.925 1.034
538.973 1.048
539.995 1.022
540.997 1.002
541.925 0.928
542.807 0.882
543.762 0.955
544.834 1.072
545.975 1.141
547.075 1.1
548.151 1.076
549.165 1.014
550.119 0.954
551.068 0.949
551.999 0.931
552.922 0.923
553.863 0.941
554.826 0.963
555.801 0.975
556.78 0.979
557.783 1.003
558.766 0.983
559.682 0.916
560.547 0.865
561.455 0.908
562.444 0.989
563.435 0.991
564.428 0.993
565.466 1.038
566.47 1.004
567.438 0.968
568.403 0.965
569.323 0.92
570.193 0.87
571.086 0.893
571.969 0.883
572.883 0.914
573.798 0.915
574.715 0.917
575.645 0.93
576.515 0.87
577.433 0.918
578.356 0.923
579.213 0.857
580.061 0.848
580.909 0.848
581.813 0.904
582.714 0.901
583.632 0.918
584.58 0.948
585.532 0.952
586.452 0.92
587.373 0.921
588.314 0.941
589.259 0.945
590.224 0.965
591.185 0.961
592.102 0.917
592.954 0.852
593.839 0.885
594.77 0.931
595.749 0.979
596.674 0.925
597.639 0.965
598.569 0.93
599.438 0.869
600.348 0.91