0.000 0.702
0.702 0.702
1.399 0.697
2.07 0.671
2.741 0.671
3.382 0.641
4.054 0.672
4.843 0.789
5.781 0.938
6.648 0.867
7.509 0.861
8.408 0.899
9.308 0.9
10.16 0.852
10.909 0.749
11.66 0.751
12.432 0.772
13.233 0.801
14.03 0.797
14.753 0.723
15.506 0.753
16.275 0.769
17.035 0.76
17.797 0.762
18.511 0.714
19.24 0.729
19.986 0.746
20.774 0.788
21.551 0.777
22.285 0.734
23.045 0.76
23.802 0.757
24.601 0.799
25.401 0.8
26.161 0.76
26.937 0.776
27.672 0.735
28.427 0.755
29.187 0.76
29.958 0.771
30.685 0.727
30.995 0.31
31.245 0.25
31.527 0.282
32.132 0.605
32.838 0.706
33.548 0.71
34.238 0.69
34.9 0.662
35.57 0.67
36.241 0.671
36.939 0.698
37.642 0.703
38.336 0.694
39.04 0.704
39.765 0.725
40.51 0.745
41.254 0.744
41.992 0.738
42.751 0.759
43.481 0.73
44.212 0.731
44.919 0.707
45.577 0.658
46.234 0.657
46.896 0.662
47.579 0.683
48.319 0.74
49.138 0.819
49.948 0.81
50.772 0.824
51.567 0.795
52.302 0.735
53.03 0.728
53.723 0.693
54.388 0.665
55.053 0.665
55.727 0.674
56.425 0.698
57.163 0.738
57.932 0.769
58.655 0.723
59.409 0.754
60.192 0.783
60.943 0.751
61.748 0.805
62.531 0.783
63.257 0.726
63.97 0.713
64.684 0.714
65.429 0.745
66.213 0.784
67.022 0.809
67.834 0.812
68.662 0.828
69.499 0.837
70.338 0.839
71.168 0.83
72.0 0.832
72.806 0.806
73.593 0.787
74.392 0.799
75.194 0.802
75.927 0.733
76.698 0.771
77.51 0.812
78.42 0.91
79.253 0.833
80.039 0.786
80.825 0.786
81.612 0.787
82.357 0.745
83.092 0.735
83.855 0.763
84.639 0.784
85.439 0.8
86.183 0.744
86.931 0.748
87.679 0.748
88.41 0.731
89.125 0.715
89.882 0.757
90.643 0.761
91.412 0.769
92.12 0.708
92.848 0.728
93.594 0.746
94.361 0.767
95.156 0.795
95.928 0.772
96.685 0.757
97.458 0.773
98.224 0.766
98.977 0.753
99.682 0.705
100.387 0.705
101.116 0.729
101.88 0.764
102.643 0.763
103.359 0.716
104.098 0.739
104.862 0.764
105.644 0.782
106.425 0.781
107.162 0.737
107.899 0.737
108.659 0.76
109.431 0.772
110.229 0.798
110.984 0.755
111.739 0.755
112.521 0.782
113.292 0.771
114.049 0.757
114.757 0.708
115.456 0.699
116.158 0.702
116.894 0.736
117.708 0.814
118.574 0.866
119.458 0.884
120.279 0.821
121.024 0.745
121.738 0.714
122.453 0.715
123.175 0.722
123.939 0.764
124.778 0.839
125.68 0.902
126.603 0.923
127.546 0.943
128.421 0.875
129.204 0.783
129.911 0.707
130.605 0.694
131.307 0.702
132.121 0.814
133.053 0.932
133.978 0.925
134.866 0.888
135.718 0.852
136.552 0.834
137.378 0.826
138.217 0.839
139.058 0.841
139.888 0.83
140.701 0.813
141.491 0.79
142.261 0.77
142.987 0.726
143.677 0.69
144.357 0.68
145.056 0.699
145.803 0.747
146.631 0.828
147.503 0.872
148.372 0.869
149.245 0.873
150.092 0.847
150.905 0.813
151.637 0.732
152.409 0.772
153.17 0.761
153.922 0.752
154.641 0.719
155.328 0.687
156.0 0.672
156.69 0.69
157.411 0.721
158.185 0.774
159.003 0.818
159.788 0.785
160.526 0.738
161.289 0.763
162.054 0.765
162.83 0.776
163.579 0.749
164.277 0.698
165.0 0.723
165.727 0.727
166.464 0.737
167.221 0.757
167.978 0.757
168.694 0.716
169.384 0.69
170.08 0.696
170.792 0.712
171.536 0.744
172.306 0.77
173.07 0.764
173.844 0.774
174.632 0.788
175.386 0.754
176.135 0.749
176.854 0.719
177.536 0.682
178.197 0.661
178.853 0.656
179.527 0.674
180.246 0.719
181.03 0.784
181.859 0.829
182.691 0.832
183.521 0.83
184.278 0.757
185.047 0.769
185.831 0.784
186.618 0.787
187.415 0.797
188.181 0.766
188.912 0.731
189.606 0.694
190.296 0.69
191.0 0.704
191.721 0.721
192.48 0.759
193.262 0.782
194.062 0.8
194.817 0.755
195.556 0.739
196.302 0.746
197.01 0.708
197.745 0.735
198.496 0.751
198.997 0.501
199.279 0.282
200.102 0.823
200.942 0.84
201.776 0.834
202.582 0.806
203.322 0.74
203.613 0.291
204.014 0.401
204.617 0.603
205.134 0.517
205.401 0.267
206.115 0.714
206.47 0.355
207.547 1.077
208.255 0.708
208.78 0.525
209.738 0.958
210.389 0.651
211.2 0.811
211.867 0.667
212.535 0.668
213.211 0.676
213.898 0.687
214.616 0.718
215.385 0.769
216.175 0.79
216.972 0.797
217.77 0.798
218.546 0.776
219.308 0.762
220.036 0.728
220.736 0.7
221.455 0.719
222.184 0.729
222.975 0.791
223.801 0.826
224.582 0.781
225.332 0.75
226.084 0.752
226.856 0.772
227.669 0.813
228.513 0.844
229.312 0.799
230.085 0.773
230.883 0.798
231.696 0.813
232.486 0.79
233.217 0.731
233.954 0.737
234.708 0.754
235.508 0.8
236.348 0.84
237.148 0.8
237.903 0.755
238.684 0.781
239.485 0.801
240.317 0.832
241.13 0.813
241.879 0.749
242.581 0.702
243.265 0.684
243.947 0.682
244.735 0.788
245.745 1.01
246.708 0.963
247.631 0.923
248.546 0.915
249.45 0.904
250.319 0.869
251.162 0.843
251.986 0.824
252.797 0.811
253.599 0.802
254.407 0.808
255.191 0.784
255.967 0.776
256.743 0.776
257.533 0.79
258.306 0.773
259.055 0.749
259.805 0.75
260.578 0.773
261.351 0.773
262.136 0.785
262.937 0.801
263.736 0.799
264.504 0.768
265.304 0.8
266.13 0.826
266.973 0.843
267.785 0.812
268.547 0.762
269.32 0.773
270.069 0.749
270.803 0.734
271.509 0.706
272.202 0.693
272.918 0.716
273.67 0.752
274.443 0.773
275.241 0.798
275.983 0.742
276.722 0.739
277.446 0.724
278.179 0.733
278.918 0.739
279.654 0.736
280.396 0.742
281.147 0.751
281.919 0.772
282.716 0.797
283.544 0.828
284.395 0.851
285.209 0.814
285.967 0.758
286.686 0.719
287.385 0.699
288.083 0.698
288.81 0.727
289.584 0.774
290.464 0.88
291.406 0.942
292.362 0.956
293.312 0.95
294.211 0.899
295.075 0.864
295.901 0.826
296.72 0.819
297.544 0.824
298.355 0.811
299.085 0.73
299.783 0.698
300.488 0.705
301.214 0.726
302.012 0.798
302.913 0.901
303.842 0.929
304.736 0.894
305.562 0.826
306.305 0.743
307.033 0.728
307.772 0.739
308.514 0.742
309.266 0.752
310.0 0.734
310.707 0.707
311.408 0.701
312.123 0.715
312.871 0.748
313.645 0.774
314.455 0.81
315.296 0.841
316.147 0.851
316.992 0.845
317.811 0.819
318.604 0.793
319.374 0.77
320.142 0.768
320.883 0.741
321.578 0.695
322.26 0.682
322.965 0.705
323.703 0.738
324.543 0.84
325.493 0.95
326.438 0.945
327.338 0.9
328.238 0.9
329.101 0.863
329.888 0.787
330.668 0.78
331.43 0.762
332.168 0.738
332.931 0.763
333.696 0.765
334.428 0.732
335.211 0.783
336.037 0.826
336.897 0.86
337.771 0.874
338.576 0.805
339.418 0.842
340.259 0.841
341.098 0.839
341.89 0.792
342.667 0.777
343.449 0.782
344.235 0.786
345.038 0.803
345.787 0.749
346.507 0.72
347.25 0.743
348.023 0.773
348.816 0.793
349.631 0.815
350.371 0.74
351.135 0.764
351.905 0.77
352.65 0.745
353.383 0.733
354.103 0.72
354.826 0.723
355.54 0.714
356.257 0.717
356.931 0.674
357.595 0.664
358.245 0.65
358.902 0.657
359.628 0.726
360.442 0.814
361.322 0.88
362.234 0.912
363.139 0.905
364.024 0.885
364.882 0.858
365.703 0.821
366.503 0.8
367.299 0.796
368.08 0.781
368.855 0.775
369.626 0.771
370.365 0.739
371.102 0.737
371.817 0.715
372.544 0.727
373.274 0.73
374.017 0.743
374.737 0.72
375.495 0.758
376.285 0.79
377.107 0.822
377.945 0.838
378.717 0.772
379.442 0.725
380.17 0.728
380.911 0.741
381.681 0.77
382.456 0.775
383.255 0.799
384.094 0.839
384.94 0.846
385.724 0.784
386.49 0.766
387.233 0.743
387.941 0.708
388.613 0.672
389.294 0.681
389.967 0.673
390.65 0.683
391.311 0.661
391.957 0.646
392.617 0.66
393.265 0.648
393.905 0.64
394.545 0.64
395.172 0.627
395.803 0.631
396.429 0.626
397.057 0.628
397.678 0.621
398.313 0.635
398.957 0.644
399.624 0.667
400.313 0.689
401.001 0.688
401.684 0.683
402.393 0.709
403.119 0.726
403.86 0.741
404.601 0.741
405.313 0.712
406.048 0.735
406.829 0.781
407.567 0.738
408.252 0.685
408.961 0.709
409.723 0.762
410.472 0.749
411.195 0.723
411.951 0.756
412.731 0.78
413.53 0.799
414.314 0.784
415.044 0.73
415.796 0.752
416.525 0.729
417.251 0.726
417.945 0.694
418.643 0.698
419.313 0.67
420.029 0.716
420.784 0.755
421.604 0.82
422.378 0.774
423.178 0.8
424.009 0.831
424.832 0.823
425.643 0.811
426.384 0.741
427.148 0.764
427.923 0.775
428.718 0.795
429.522 0.804
430.273 0.751
431.053 0.78
431.838 0.785
432.632 0.794
433.399 0.767
434.127 0.728
434.876 0.749
435.642 0.766
436.462 0.82
437.289 0.827
438.056 0.767
438.868 0.812
439.691 0.823
440.529 0.838
441.289 0.76
442.07 0.781
442.851 0.781
443.641 0.79
444.414 0.773
445.205 0.791
446.007 0.802
446.812 0.805
447.612 0.8
448.405 0.793
449.193 0.788
449.946 0.753
450.638 0.692
451.335 0.697
452.029 0.694
452.731 0.702
453.448 0.717
454.148 0.7
454.889 0.741
455.661 0.772
456.497 0.836
457.306 0.809
458.057 0.751
458.821 0.764
459.581 0.76
460.339 0.758
461.097 0.758
461.819 0.722
462.514 0.695
463.204 0.69
463.896 0.692
464.609 0.713
465.367 0.758
466.177 0.81
466.946 0.769
467.742 0.796
468.523 0.781
469.282 0.759
470.001 0.719
470.688 0.687
471.367 0.679
472.034 0.667
472.684 0.65
473.315 0.631
473.953 0.638
474.616 0.663
475.272 0.656
475.961 0.689
476.689 0.728
477.497 0.808
478.311 0.814
479.067 0.756
479.884 0.817
480.682 0.798
481.508 0.826
482.269 0.761
483.021 0.752
483.782 0.761
484.548 0.766
485.299 0.751
486.012 0.713
486.752 0.74
487.517 0.765
488.346 0.829
489.21 0.864
490.017 0.807
490.806 0.789
491.59 0.784
492.369 0.779
493.133 0.764
493.854 0.721
494.603 0.749
495.376 0.773
496.176 0.8
496.973 0.797
497.752 0.779
498.564 0.812
499.395 0.831
500.181 0.786
500.933 0.752
501.703 0.77
502.475 0.772
503.255 0.78
503.998 0.743
504.77 0.772
505.529 0.759
506.271 0.742
506.98 0.709
507.677 0.697
508.384 0.707
509.118 0.734
509.901 0.783
510.681 0.78
511.445 0.764
512.245 0.8
513.054 0.809
513.831 0.777
514.624 0.793
515.428 0.804
516.23 0.802
517.012 0.782
517.749 0.737
518.451 0.702
519.155 0.704
519.88 0.725
520.655 0.775
521.547 0.892
522.391 0.844
523.248 0.857
524.165 0.917
525.08 0.915
525.922 0.842
526.69 0.768
527.465 0.775
528.231 0.766
529.023 0.792
529.828 0.805
530.593 0.765
531.406 0.813
532.228 0.822
533.081 0.853
533.922 0.841
534.721 0.799
535.546 0.825
536.353 0.807
537.155 0.802
537.903 0.748
538.684 0.781
539.448 0.764
540.238 0.79
541.003 0.765
541.78 0.777
542.559 0.779
543.37 0.811
544.153 0.783
545.023 0.87
545.915 0.892
546.76 0.845
547.603 0.843
548.437 0.834
549.263 0.826
550.063 0.8
550.79 0.727
551.548 0.758
552.322 0.774
553.12 0.798
553.894 0.774
554.641 0.747
555.41 0.769
556.176 0.766
556.947 0.771
557.724 0.777
558.448 0.724
559.173 0.725
559.92 0.747
560.698 0.778
561.538 0.84
562.356 0.818
563.131 0.775
563.94 0.809
564.756 0.816
565.6 0.844
566.409 0.809
567.162 0.753
567.946 0.784
568.74 0.794
569.529 0.789
570.289 0.76
570.993 0.704
571.71 0.717
572.457 0.747
573.286 0.829
574.184 0.898
574.982 0.798
575.831 0.849
576.696 0.865
577.574 0.878
578.414 0.84
579.164 0.75
579.876 0.712
580.606 0.73
581.368 0.762
582.191 0.823
583.069 0.878
583.927 0.858
584.735 0.808
585.513 0.778
586.314 0.801
587.114 0.8
587.938 0.824
588.713 0.775
589.472 0.759
590.236 0.764
590.999 0.763
591.774 0.775
592.513 0.739
593.234 0.721
594.002 0.768
594.773 0.771
595.576 0.803
596.379 0.803
597.09 0.711
597.769 0.679
598.427 0.658
599.105 0.678
599.84 0.735
600.675 0.835
601.623 0.948
602.596 0.973
603.522 0.926
604.429 0.907
605.306 0.877
606.153 0.847
606.977 0.824
607.782 0.805
608.561 0.779
609.311 0.75
610.089 0.778
610.859 0.77
611.641 0.782
612.427 0.786
613.193 0.766
613.895 0.702
614.599 0.704
615.314 0.715
616.06 0.746
616.861 0.801
617.685 0.824
618.448 0.763
619.221 0.773
619.987 0.766
620.725 0.738
621.436 0.711
622.155 0.719
622.866 0.711