0.000 0.646
0.646 0.646
1.332 0.686
2.048 0.716
2.719 0.671
3.433 0.714
4.145 0.712
4.854 0.709
5.522 0.668
6.216 0.694
6.891 0.675
7.542 0.651
8.179 0.637
8.811 0.632
9.441 0.63
10.085 0.644
10.722 0.637
11.358 0.636
11.998 0.64
12.643 0.645
13.282 0.639
13.95 0.668
14.625 0.675
15.302 0.677
15.95 0.648
16.595 0.645
17.233 0.638
17.878 0.645
18.535 0.657
19.186 0.651
19.83 0.644
20.454 0.624
21.062 0.608
21.682 0.62
22.324 0.642
22.977 0.653
23.629 0.652
24.3 0.671
24.988 0.688
25.72 0.732
26.429 0.709
27.108 0.679
27.797 0.689
28.489 0.692
29.167 0.678
29.833 0.666
30.531 0.698
31.246 0.715
31.964 0.718
32.661 0.697
33.369 0.708
34.081 0.712
34.818 0.737
35.538 0.72
36.252 0.714
37.003 0.751
37.746 0.743
38.501 0.755
39.231 0.73
39.946 0.715
40.661 0.715
41.353 0.692
42.063 0.71
42.801 0.738
43.524 0.723
44.223 0.699
44.943 0.72
45.638 0.695
46.338 0.7
47.07 0.732
47.863 0.793
48.63 0.767
49.477 0.847
50.323 0.846
51.151 0.828
51.919 0.768
52.711 0.792
53.486 0.775
54.27 0.784
55.022 0.752
55.772 0.75
56.557 0.785
57.326 0.769
58.1 0.774
58.832 0.732
59.583 0.751
60.315 0.732
61.026 0.711
61.756 0.73
62.496 0.74
63.259 0.763
64.017 0.758
64.732 0.715
65.475 0.743
66.196 0.721
66.893 0.697
67.568 0.675
68.246 0.678
68.961 0.715
69.69 0.729
70.43 0.74
71.182 0.752
71.951 0.769
72.698 0.747
73.407 0.709
74.139 0.732
74.868 0.729
75.603 0.735
76.319 0.716
77.043 0.724
77.826 0.783
78.645 0.819
79.461 0.816
80.207 0.746
80.96 0.753
81.69 0.73
82.409 0.719
83.104 0.695
83.834 0.73
84.569 0.735
85.333 0.764
86.071 0.738
86.814 0.743
87.514 0.7
88.178 0.664
88.868 0.69
89.592 0.724
90.334 0.742
91.073 0.739
91.842 0.769
92.612 0.77
93.383 0.771
94.131 0.748
94.837 0.706
95.568 0.731
96.32 0.752
97.099 0.779
97.848 0.749
98.573 0.725
99.31 0.737
100.076 0.766
100.951 0.875
101.834 0.883
102.669 0.835
103.455 0.786
104.274 0.819
105.093 0.819
105.886 0.793
106.614 0.728
107.323 0.709
108.036 0.713
108.781 0.745
109.57 0.789
110.388 0.818
111.214 0.826
112.037 0.823
112.791 0.754
113.541 0.75
114.291 0.75
115.073 0.782
115.87 0.797
116.613 0.743
117.349 0.736
118.093 0.744
118.87 0.777
119.648 0.778
120.407 0.759
121.115 0.708
121.848 0.733
122.588 0.74
123.355 0.767
124.081 0.726
124.793 0.712
125.5 0.707
126.244 0.744
127.019 0.775
127.817 0.798
128.61 0.793
129.386 0.776
130.113 0.727
130.8 0.687
131.489 0.689
132.186 0.697
132.932 0.746
133.715 0.783
134.525 0.81
135.327 0.802
136.101 0.774
136.828 0.727
137.529 0.701
138.219 0.69
138.924 0.705
139.667 0.743
140.433 0.766
141.197 0.764
141.943 0.746
142.736 0.793
143.534 0.798
144.28 0.746
145.004 0.724
145.708 0.704
146.378 0.67
147.024 0.646
147.677 0.653
148.354 0.677
149.07 0.716
149.841 0.771
150.637 0.796
151.384 0.747
152.092 0.708
152.779 0.687
153.429 0.65
154.085 0.656
154.795 0.71
155.573 0.778
156.335 0.762
157.154 0.819
157.961 0.807
158.75 0.789
159.507 0.757
160.274 0.767
161.02 0.746
161.741 0.721
162.462 0.721
163.221 0.759
164.002 0.781
164.794 0.792
165.559 0.765
166.284 0.725
167.029 0.745
167.782 0.753
168.552 0.77
169.307 0.755
170.041 0.734
170.832 0.791
171.63 0.798
172.432 0.802
173.182 0.75
173.949 0.767
174.729 0.78
175.52 0.791
176.319 0.799
177.093 0.774
177.835 0.742
178.568 0.733
179.334 0.766
180.157 0.823
181.013 0.856
181.896 0.883
182.716 0.82
183.477 0.761
184.244 0.767
185.032 0.788
185.828 0.796
186.623 0.795
187.39 0.767
188.126 0.736
188.826 0.7
189.518 0.692
190.216 0.698
190.961 0.745
191.773 0.812
192.652 0.879
193.538 0.886
194.389 0.851
195.19 0.801
195.951 0.761
196.684 0.733
197.387 0.703
198.078 0.691
198.771 0.693
199.485 0.714
200.287 0.802
201.144 0.857
202.001 0.857
202.835 0.834
203.646 0.811
204.412 0.766
205.164 0.752
205.902 0.738
206.628 0.726
207.336 0.708
208.054 0.718
208.803 0.749
209.591 0.788
210.35 0.759
211.063 0.713
211.778 0.715
212.525 0.747
213.335 0.81
214.202 0.867
215.094 0.892
215.943 0.849
216.757 0.814
217.505 0.748
218.211 0.706
218.915 0.704
219.657 0.742
220.453 0.796
221.19 0.737
221.918 0.728
222.649 0.731
223.423 0.774
224.238 0.815
225.055 0.817
225.863 0.808
226.618 0.755
227.342 0.724
228.059 0.717
228.801 0.742
229.605 0.804
230.454 0.849
231.32 0.866
232.191 0.871
233.01 0.819
233.773 0.763
234.513 0.74
235.255 0.742
236.019 0.764
236.81 0.791
237.605 0.795
238.414 0.809
239.187 0.773
239.94 0.753
240.692 0.752
241.477 0.785
242.319 0.842
243.165 0.846
243.989 0.824
244.763 0.774
245.483 0.72
246.191 0.708
246.902 0.711
247.627 0.725
248.394 0.767
249.177 0.783
249.956 0.779
250.676 0.72
251.368 0.692
252.06 0.692
252.768 0.708
253.516 0.748
254.311 0.795
255.12 0.809
255.913 0.793
256.669 0.756
257.383 0.714
258.078 0.695
258.667 0.589
259.503 0.836
260.269 0.766
261.121 0.852
261.929 0.808
262.691 0.762
263.423 0.732
264.139 0.716
264.83 0.691
265.522 0.692
266.214 0.692
266.928 0.714
267.629 0.701
268.377 0.748
269.121 0.744
269.871 0.75
270.582 0.711
271.3 0.718
272.022 0.722
272.758 0.736
273.51 0.752
274.237 0.727
274.91 0.673
275.568 0.658
276.232 0.664
276.774 0.542
277.592 0.818
278.341 0.749
279.184 0.843
280.132 0.948
281.034 0.902
281.833 0.799
282.59 0.757
283.328 0.738
284.059 0.731
284.804 0.745
285.556 0.752
286.321 0.765
287.061 0.74
287.784 0.723
288.545 0.761
289.332 0.787
290.19 0.858
290.992 0.802
291.729 0.737
292.458 0.729
293.188 0.73
293.937 0.749
294.712 0.775
295.505 0.793
296.3 0.795
297.048 0.748
297.772 0.724
298.497 0.725
299.241 0.744
300.028 0.787
300.828 0.8
301.624 0.796
302.365 0.741
303.112 0.747
303.888 0.776
304.689 0.801
305.492 0.803
306.264 0.772
306.98 0.716
307.676 0.696
308.374 0.698
309.083 0.709
309.841 0.758
310.641 0.8
311.474 0.833
312.238 0.764
312.979 0.741
313.724 0.745
314.482 0.758
315.259 0.777
316.055 0.796
316.857 0.802
317.64 0.783
318.375 0.735
319.084 0.709
319.802 0.718
320.537 0.735
321.296 0.759
322.087 0.791
322.827 0.74
323.548 0.721
324.297 0.749
325.06 0.763
325.809 0.749
326.536 0.727
327.282 0.746
328.073 0.791
328.884 0.811
329.699 0.815
330.452 0.753
331.212 0.76
331.968 0.756
332.732 0.764
333.517 0.785
334.287 0.77
335.009 0.722
335.727 0.718
336.464 0.737
337.229 0.765
338.021 0.792
338.817 0.796
339.597 0.78
340.357 0.76
341.067 0.71
341.781 0.714
342.498 0.717
343.227 0.729
344.017 0.79
344.786 0.769
345.574 0.788
346.406 0.832
347.261 0.855
348.139 0.878
348.955 0.816
349.731 0.776
350.532 0.801
351.339 0.807
352.138 0.799
352.912 0.774
353.653 0.741
354.374 0.721
355.066 0.692
355.758 0.692
356.472 0.714
357.298 0.826
358.207 0.909
359.089 0.882
359.894 0.805
360.679 0.785
361.464 0.785
362.225 0.761
362.967 0.742
363.671 0.704
364.356 0.685
365.048 0.692
365.753 0.705
366.486 0.733
367.23 0.744
367.992 0.762
368.697 0.705
369.383 0.686
370.061 0.678
370.736 0.675
371.459 0.723
372.241 0.782
373.004 0.763
373.741 0.737
374.456 0.715
375.155 0.699
375.842 0.687
376.525 0.683
377.204 0.679
377.865 0.661
378.506 0.641
379.14 0.634
379.788 0.648
380.463 0.675
381.157 0.694
381.87 0.713
382.622 0.752
383.4 0.778
384.208 0.808
385.018 0.81
385.81 0.792
386.586 0.776
387.332 0.746
388.071 0.739
388.861 0.79
389.647 0.786
390.425 0.778
391.191 0.766
391.914 0.723
392.62 0.706
393.318 0.698
394.037 0.719
394.78 0.743
395.55 0.77
396.329 0.779
397.091 0.762
397.813 0.722
398.535 0.722
399.272 0.737
400.034 0.762
400.812 0.778
401.589 0.777
402.347 0.758
403.126 0.779
403.912 0.786
404.686 0.774
405.434 0.748
406.158 0.724
406.865 0.707
407.592 0.727
408.354 0.762
409.151 0.797
409.962 0.811
410.709 0.747
411.425 0.716
412.138 0.713
412.883 0.745
413.648 0.765
414.454 0.806
415.249 0.795
415.992 0.743
416.705 0.713
417.407 0.702
418.1 0.693
418.79 0.69
419.464 0.674
420.152 0.688
420.87 0.718
421.6 0.73
422.309 0.709
423.005 0.696
423.674 0.669
424.327 0.653
424.983 0.656
425.645 0.662
426.335 0.69
427.057 0.722
427.791 0.734
428.501 0.71
429.207 0.706
429.923 0.716
430.665 0.742
431.415 0.75
432.14 0.725
432.844 0.704
433.558 0.714
434.296 0.738
435.045 0.749
435.792 0.747
436.508 0.716
437.276 0.768
438.038 0.762
438.81 0.772
439.544 0.734
440.266 0.722
440.984 0.718
441.696 0.712
442.415 0.719
443.145 0.73
443.848 0.703
444.555 0.707
445.284 0.729
446.027 0.743
446.808 0.781
447.599 0.791
448.406 0.807
449.214 0.808
449.983 0.769
450.704 0.721
451.428 0.724
452.142 0.714
452.858 0.716
453.588 0.73
454.292 0.704
455.027 0.735
455.786 0.759
456.567 0.781
457.336 0.769
458.062 0.726
458.804 0.742
459.53 0.726
460.27 0.74
461.012 0.742
461.708 0.696
462.434 0.726
463.189 0.755
463.97 0.781
464.727 0.757
465.482 0.755
466.289 0.807
467.099 0.81
467.935 0.836
468.697 0.762
469.443 0.746
470.173 0.73
470.871 0.698
471.54 0.669
472.216 0.676
472.91 0.694
473.61 0.7
474.35 0.74
475.119 0.769
475.927 0.808
476.753 0.826
477.568 0.815
478.332 0.764
479.051 0.719
479.769 0.718
480.51 0.741
481.273 0.763
482.066 0.793
482.815 0.749
483.568 0.753
484.341 0.773
485.12 0.779
485.918 0.798
486.673 0.755
487.446 0.773
488.246 0.8
489.061 0.815
489.866 0.805
490.604 0.738
491.39 0.786
492.176 0.786
492.956 0.78
493.706 0.75
494.502 0.796
495.3 0.798
496.061 0.761
496.809 0.748
497.55 0.741
498.301 0.751
499.064 0.763
499.838 0.774
500.689 0.851
501.537 0.848
502.394 0.857
503.186 0.792
504.019 0.833
504.842 0.823
505.636 0.794
506.385 0.749
507.147 0.762
507.896 0.749
508.659 0.763
509.381 0.722
510.121 0.74
510.867 0.746
511.639 0.772
512.378 0.739
513.189 0.811
513.989 0.8
514.785 0.796
515.523 0.738
516.294 0.771
517.04 0.746
517.796 0.756
518.522 0.726
519.255 0.733
519.983 0.728
520.718 0.735
521.454 0.736
522.21 0.756
522.923 0.713
523.655 0.732
524.362 0.707
525.07 0.708
525.796 0.726
526.525 0.729
527.235 0.71
527.949 0.714
528.692 0.743
529.475 0.783
530.28 0.805
531.071 0.791
531.829 0.758
532.544 0.715
533.236 0.692
533.907 0.671
534.575 0.668
535.249 0.674
535.956 0.707
536.699 0.743
537.461 0.762
538.208 0.747
538.973 0.765
539.718 0.745
540.454 0.736
541.2 0.746
541.915 0.715
542.61 0.695
543.308 0.698
544.024 0.716
544.767 0.743
545.502 0.735
546.213 0.711
546.921 0.708
547.631 0.71
548.362 0.731
549.105 0.743
549.803 0.698
550.497 0.694
551.186 0.689
551.879 0.693
552.587 0.708
553.323 0.736
554.111 0.788
554.94 0.829
555.789 0.849
556.633 0.844
557.46 0.827
558.244 0.784
558.992 0.748
559.698 0.706
560.408 0.71
561.112 0.704
561.821 0.709
562.551 0.73
563.308 0.757
564.028 0.72
564.746 0.718
565.458 0.712
566.2 0.742
566.937 0.737
567.654 0.717
568.355 0.701
569.093 0.738
569.892 0.799
570.767 0.875
571.603 0.836
572.392 0.789
573.195 0.803
573.953 0.758
574.675 0.722
575.381 0.706
576.079 0.698
576.795 0.716
577.518 0.723
578.247 0.729
579.048 0.801
579.861 0.813
580.677 0.816
581.44 0.763
582.179 0.739
582.909 0.73
583.642 0.733
584.376 0.734
585.113 0.737
585.828 0.715
586.567 0.739
587.298 0.731
588.025 0.727
588.726 0.701
589.391 0.665
590.038 0.647
590.695 0.657
591.383 0.688
592.12 0.737
592.872 0.752
593.62 0.748
594.4 0.78
595.165 0.765
595.889 0.724
596.613 0.724
597.314 0.701
597.99 0.676
598.665 0.675
599.353 0.688
600.078 0.725
600.8 0.722
601.549 0.749