0.000 0.747
0.747 0.747
1.494 0.747
2.226 0.732
2.905 0.679
3.601 0.696
4.338 0.737
5.105 0.767
5.832 0.727
6.667 0.835
7.499 0.832
8.228 0.729
8.994 0.766
9.696 0.702
10.398 0.702
11.079 0.681
11.74 0.661
12.414 0.674
13.097 0.683
13.819 0.722
14.589 0.77
15.387 0.798
16.198 0.811
16.996 0.798
17.831 0.835
18.63 0.799
19.436 0.806
20.279 0.843
21.17 0.891
22.049 0.879
22.836 0.787
23.579 0.743
24.377 0.798
25.278 0.901
26.247 0.969
27.195 0.948
28.014 0.819
28.836 0.822
29.689 0.853
30.504 0.815
31.228 0.724
31.895 0.667
32.575 0.68
33.269 0.694
34.014 0.745
34.876 0.862
35.809 0.933
36.718 0.909
37.557 0.839
38.439 0.882
39.328 0.889
40.213 0.885
40.982 0.769
41.717 0.735
42.498 0.781
43.36 0.862
44.227 0.867
44.985 0.758
45.767 0.782
46.656 0.889
47.667 1.011
48.609 0.942
49.425 0.816
50.274 0.849
51.169 0.895
52.089 0.92
52.939 0.85
53.752 0.813
54.585 0.833
55.441 0.856
56.343 0.902
57.19 0.847
58.031 0.841
58.933 0.902
59.848 0.915
60.687 0.839
61.525 0.838
62.393 0.868
63.227 0.834
63.994 0.767
64.852 0.858
65.768 0.916
66.632 0.864
67.401 0.769
68.148 0.747
68.932 0.784
69.813 0.881
70.826 1.013
71.846 1.02
72.751 0.905
73.652 0.901
74.558 0.906
75.443 0.885
76.25 0.807
77.076 0.826
77.94 0.864
78.832 0.892
79.685 0.853
80.502 0.817
81.373 0.871
82.264 0.891
83.14 0.876
83.971 0.831
84.842 0.871
85.712 0.87
86.522 0.81
87.328 0.806
88.145 0.817
89.011 0.866
89.845 0.834
90.617 0.772
91.474 0.857
92.362 0.888
93.2 0.838
94.006 0.806
94.864 0.858
95.732 0.868
96.561 0.829
97.294 0.733
98.003 0.709
98.744 0.741
99.569 0.825
100.481 0.912
101.398 0.917
102.267 0.869
103.085 0.818
103.841 0.756
104.558 0.717
105.219 0.661
105.894 0.675
106.602 0.708
107.306 0.704
107.977 0.671
108.798 0.821
109.626 0.828
110.484 0.858
111.364 0.88
112.244 0.88
113.08 0.836
113.819 0.739
114.575 0.756
115.336 0.761
116.15 0.814
116.978 0.828
117.747 0.769
118.557 0.81
119.407 0.85
120.291 0.884
121.135 0.844
122.033 0.898
122.938 0.905
123.8 0.862
124.558 0.758
125.359 0.801
126.192 0.833
127.037 0.845
127.81 0.773
128.667 0.857
129.572 0.905
130.49 0.918
131.32 0.83
132.161 0.841
133.03 0.869
133.885 0.855
134.669 0.784
135.503 0.834
136.381 0.878
137.351 0.97
138.254 0.903
139.156 0.902
140.07 0.914
140.912 0.842
141.697 0.785
142.518 0.821
143.358 0.84
144.156 0.798
144.967 0.811
145.801 0.834
146.693 0.892
147.508 0.815
148.362 0.854
149.214 0.852
150.015 0.801
150.812 0.797
151.627 0.815
152.434 0.807
153.196 0.762
154.005 0.809
154.828 0.823
155.603 0.775
156.372 0.769
157.157 0.785
157.948 0.791
158.687 0.739
159.456 0.769
160.243 0.787
161.065 0.822
161.823 0.758
162.636 0.813
163.456 0.82
164.255 0.799
165.02 0.765
165.819 0.799
166.636 0.817
167.424 0.788
168.164 0.74
168.956 0.792
169.749 0.793
170.527 0.778
171.268 0.741
172.051 0.783
172.852 0.801
173.633 0.781
174.431 0.798
175.279 0.848
176.145 0.866
176.952 0.807
177.771 0.819
178.605 0.834
179.372 0.767
180.122 0.75
180.885 0.763
181.674 0.789
182.43 0.756
183.224 0.794
184.037 0.813
184.884 0.847
185.662 0.778
186.462 0.8
187.248 0.786
188.015 0.767
188.746 0.731
189.496 0.75
190.267 0.771
191.046 0.779
191.819 0.773
192.526 0.707
193.215 0.689
193.922 0.707
194.69 0.768
195.498 0.808
196.353 0.855
197.176 0.823
197.919 0.743
198.661 0.742
199.407 0.746
200.161 0.754
200.896 0.735
201.589 0.693
202.267 0.678
202.958 0.691
203.682 0.724
204.397 0.715
205.083 0.686
205.748 0.665
206.441 0.693
207.189 0.748
207.962 0.773
208.765 0.803
209.593 0.828
210.432 0.839
211.271 0.839
212.11 0.839
212.914 0.804
213.684 0.77
214.444 0.76
215.241 0.797
216.099 0.858
217.019 0.92
217.933 0.914
218.811 0.878
219.642 0.831
220.398 0.756
221.112 0.714
221.833 0.721
222.589 0.756
223.461 0.872
224.411 0.95
225.393 0.982
226.332 0.939
227.219 0.887
228.073 0.854
228.841 0.768
229.535 0.694
230.214 0.679
230.895 0.681
231.584 0.689
232.342 0.758
233.199 0.857
234.082 0.883
234.919 0.837
235.781 0.862
236.648 0.867
237.502 0.854
238.269 0.767
239.057 0.788
239.843 0.786
240.647 0.804
241.434 0.787
242.209 0.775
243.014 0.805
243.84 0.826
244.606 0.766
245.371 0.765
246.141 0.77
246.934 0.793
247.68 0.746
248.411 0.731
249.178 0.767
250.008 0.83
250.835 0.827
251.604 0.769
252.423 0.819
253.22 0.797
253.982 0.762
254.737 0.755
255.486 0.749
256.246 0.76
256.981 0.735
257.743 0.762
258.518 0.775
259.328 0.81
260.093 0.765
260.86 0.767
261.631 0.771
262.404 0.773
263.128 0.724
263.85 0.722
264.592 0.742
265.351 0.759
266.139 0.788
266.863 0.724
267.571 0.708
268.263 0.692
268.92 0.657
269.559 0.639
270.212 0.653
270.876 0.664
271.577 0.701
272.32 0.743
273.102 0.782
273.89 0.788
274.616 0.726
275.378 0.762
276.157 0.779
276.95 0.793
277.717 0.767
278.469 0.752
279.256 0.787
280.071 0.815
280.845 0.774
281.563 0.718
282.303 0.74
283.069 0.766
283.834 0.765
284.605 0.771
285.389 0.784
286.176 0.787
286.919 0.743
287.692 0.773
288.494 0.802
289.288 0.794
290.084 0.796
290.924 0.84
291.744 0.82
292.51 0.766
293.278 0.768
294.021 0.743
294.739 0.718
295.419 0.68
296.106 0.687
296.835 0.729
297.635 0.8
298.527 0.892
299.38 0.853
300.272 0.892
301.155 0.883
301.956 0.801
302.716 0.76
303.479 0.763
304.252 0.773
305.034 0.782
305.816 0.782
306.541 0.725
307.318 0.777
308.101 0.783
308.87 0.769
309.593 0.723
310.305 0.712
311.03 0.725
311.763 0.733
312.491 0.728
313.177 0.686
313.844 0.667
314.52 0.676
315.24 0.72
316.02 0.78
316.851 0.831
317.682 0.831
318.451 0.769
319.234 0.783
320.021 0.787
320.802 0.781
321.576 0.774
322.301 0.725
323.047 0.746
323.792 0.745
324.538 0.746
325.259 0.721
325.965 0.706
326.676 0.711
327.369 0.693
328.075 0.706
328.756 0.681
329.437 0.681
330.125 0.688
330.859 0.734
331.634 0.775
332.439 0.805
333.263 0.824
334.056 0.793
334.776 0.72
335.505 0.729
336.215 0.71
336.928 0.713
337.661 0.733
338.365 0.704
339.045 0.68
339.732 0.687
340.456 0.724
341.236 0.78
342.065 0.829
342.908 0.843
343.693 0.785
344.519 0.826
345.349 0.83
346.188 0.839
346.993 0.805
347.73 0.737
348.483 0.753
349.238 0.755
350.026 0.788
350.787 0.761
351.512 0.725
352.268 0.756
353.09 0.822
353.93 0.84
354.712 0.782
355.527 0.815
356.345 0.818
357.164 0.819
357.946 0.782
358.694 0.748
359.467 0.773
360.272 0.805
361.083 0.811
361.891 0.808
362.637 0.746
363.383 0.746
364.138 0.755
364.899 0.761
365.675 0.776
366.41 0.735
367.123 0.713
367.83 0.707
368.578 0.748
369.367 0.789
370.186 0.819
371.011 0.825
371.821 0.81
372.567 0.746
373.287 0.72
373.994 0.707
374.695 0.701
375.385 0.69
376.058 0.673
376.717 0.659
377.396 0.679
378.085 0.689
378.82 0.735
379.529 0.709
380.216 0.687
380.926 0.71
381.647 0.721
382.385 0.738
383.091 0.706
383.784 0.693
384.479 0.695
385.188 0.709
385.909 0.721
386.603 0.694
387.275 0.672
387.941 0.666
388.606 0.665
389.304 0.698
390.06 0.756
390.803 0.743
391.557 0.754
392.294 0.737
393.002 0.708
393.672 0.67
394.317 0.645
394.96 0.643
395.624 0.664
396.319 0.695
397.037 0.718
397.778 0.741
398.537 0.759
399.297 0.76
400.014 0.717
400.699 0.685
401.37 0.671
402.041 0.671
402.763 0.722
403.522 0.759
404.354 0.832
405.173 0.819
405.913 0.74
406.676 0.763
407.42 0.744
408.164 0.744
408.843 0.679
409.52 0.677
410.173 0.653
410.823 0.65
411.467 0.644
412.145 0.678
412.861 0.716
413.64 0.779
414.442 0.802
415.26 0.818
416.09 0.83
416.935 0.845
417.761 0.826
418.519 0.758
419.319 0.8
420.126 0.807
420.948 0.822
421.744 0.796
422.494 0.75
423.27 0.776
424.027 0.757
424.795 0.768
425.5 0.705
426.201 0.701
426.921 0.72
427.655 0.734
428.415 0.76
429.155 0.74
429.862 0.707
430.549 0.687
431.215 0.666
431.893 0.678
432.634 0.741
433.371 0.737
434.084 0.713
434.795 0.711
435.513 0.718
436.237 0.724
436.943 0.706
437.629 0.686
438.307 0.678
438.984 0.677
439.662 0.678
440.338 0.676
441.01 0.672
441.679 0.669
442.328 0.649
442.979 0.651
443.628 0.649
444.296 0.668
444.973 0.677
445.641 0.668
446.272 0.631
446.896 0.624
447.526 0.63
448.164 0.638
448.807 0.643
449.477 0.67
450.163 0.686
450.845 0.682
451.547 0.702
452.271 0.724
452.998 0.727
453.745 0.747
454.463 0.718
455.22 0.757
455.974 0.754
456.755 0.781
457.511 0.756
458.209 0.698
458.901 0.692
459.598 0.697
460.317 0.719
461.065 0.748
461.797 0.732
462.485 0.688
463.212 0.727
463.953 0.741
464.687 0.734
465.421 0.734
466.103 0.682
466.787 0.684
467.471 0.684
468.183 0.712
468.876 0.693
469.555 0.679
470.217 0.662
470.881 0.664
471.554 0.673
472.255 0.701
472.973 0.718
473.694 0.721
474.398 0.704
475.121 0.723
475.854 0.733
476.604 0.75
477.346 0.742
478.105 0.759
478.838 0.733
479.537 0.699
480.239 0.702
480.973 0.734
481.748 0.775
482.531 0.783
483.271 0.74
483.98 0.709
484.707 0.727
485.445 0.738
486.222 0.777
486.969 0.747
487.701 0.732
488.449 0.748
489.229 0.78
490.005 0.776
490.765 0.76
491.494 0.729
492.207 0.713
492.94 0.733
493.704 0.764
494.463 0.759
495.183 0.72
495.893 0.71
496.62 0.727
497.377 0.757
498.175 0.798
498.921 0.746
499.679 0.758
500.479 0.8
501.316 0.837
502.139 0.823
502.899 0.76
503.699 0.8
504.503 0.804
505.269 0.766
505.971 0.702
506.67 0.699
507.367 0.697
508.064 0.697
508.754 0.69
509.472 0.718
510.208 0.736
510.951 0.743
511.666 0.715
512.405 0.739
513.153 0.748
513.898 0.745
514.604 0.706
515.318 0.714
516.045 0.727
516.769 0.724
517.45 0.681
518.155 0.705
518.884 0.729
519.632 0.748
520.367 0.735
521.135 0.768
521.941 0.806
522.72 0.779
523.453 0.733
524.209 0.756
524.952 0.743
525.692 0.74
526.401 0.709
527.145 0.744
527.896 0.751
528.629 0.733
529.368 0.739
530.156 0.788
530.931 0.775
531.696 0.765
532.425 0.729
533.18 0.755
533.931 0.751
534.66 0.729
535.368 0.708
536.093 0.725
536.821 0.728
537.583 0.762
538.313 0.73
539.067 0.754
539.825 0.758
540.573 0.748
541.299 0.726
542.031 0.732
542.763 0.732
543.489 0.726
544.191 0.702
544.903 0.712
545.612 0.709
546.267 0.655
546.912 0.645
547.58 0.668
548.254 0.674
548.96 0.706
549.685 0.725
550.436 0.751
551.174 0.738
551.899 0.725
552.653 0.754
553.399 0.746
554.139 0.74
554.843 0.704
555.589 0.746
556.364 0.775
557.204 0.84
558.06 0.856
558.854 0.794
559.681 0.827
560.502 0.821
561.324 0.822
562.1 0.776
562.833 0.733
563.565 0.732
564.317 0.752
565.098 0.781
565.901 0.803
566.67 0.769
567.497 0.827
568.367 0.87
569.25 0.883
570.096 0.846
570.911 0.815
571.722 0.811
572.514 0.792
573.262 0.748
573.984 0.722
574.737 0.753
575.506 0.769
576.293 0.787
577.059 0.766
577.77 0.711
578.504 0.734
579.263 0.759
580.03 0.767
580.762 0.732
581.455 0.693
582.157 0.702
582.844 0.687
583.548 0.704
584.241 0.693
584.951 0.71
585.669 0.718
586.382 0.713
587.124 0.742
587.88 0.756
588.64 0.76
589.385 0.745
590.153 0.768
590.907 0.754
591.632 0.725
592.338 0.706
593.075 0.737
593.832 0.757
594.626 0.794
595.439 0.813
596.194 0.755
596.928 0.734