0.000 0.852
0.852 0.852
1.703 0.851
2.805 1.102
3.908 1.103
4.962 1.054
5.993 1.031
6.882 0.889
7.886 1.004
8.987 1.101
9.954 0.967
11.013 1.059
12.155 1.142
13.297 1.142
14.315 1.018
15.254 0.939
16.302 1.048
17.446 1.144
18.516 1.07
19.373 0.857
20.191 0.818
21.237 1.046
22.481 1.244
23.565 1.084
24.742 1.177
25.686 0.944
26.613 0.927
27.738 1.125
28.923 1.185
30.068 1.145
31.197 1.129
32.12 0.923
33.114 0.994
34.346 1.232
35.476 1.13
36.451 0.975
37.487 1.036
38.648 1.161
39.725 1.077
40.874 1.149
42.019 1.145
42.981 0.962
44.047 1.066
45.229 1.182
46.417 1.188
47.487 1.07
48.477 0.99
49.486 1.009
50.571 1.085
51.627 1.056
52.714 1.087
53.693 0.979
54.738 1.045
55.896 1.158
57.015 1.119
58.067 1.052
58.972 0.905
59.897 0.925
61.0 1.103
61.964 0.964
62.915 0.951
63.79 0.875
64.618 0.828
65.657 1.039
66.601 0.944
67.694 1.093
68.835 1.141
69.85 1.015
70.691 0.841
71.621 0.93
72.542 0.921
73.68 1.138
74.839 1.159
75.914 1.075
76.95 1.036
78.057 1.107
78.99 0.933
79.823 0.833
80.578 0.755
81.274 0.696
82.02 0.746
83.042 1.022
84.027 0.985
84.983 0.956
85.911 0.928
86.712 0.801
87.432 0.72
88.126 0.694
88.811 0.685
89.498 0.687
90.182 0.684
90.868 0.686
91.621 0.753
92.368 0.747
93.178 0.81
94.296 1.118
95.431 1.135
96.496 1.065
97.482 0.986
98.412 0.93
99.356 0.944
100.17 0.814
100.998 0.828
101.846 0.848
102.764 0.918
103.76 0.996
104.666 0.906
105.632 0.966
106.684 1.052
107.641 0.957
108.701 1.06
109.73 1.029
110.714 0.984
111.691 0.977
112.672 0.981
113.515 0.843
114.32 0.805
115.449 1.129
116.61 1.161
117.708 1.098
118.779 1.071
119.847 1.068
120.771 0.924
121.643 0.872
122.676 1.033
123.826 1.15
124.902 1.076
125.833 0.931
126.686 0.853
127.744 1.058
128.958 1.214
130.118 1.16
131.11 0.992
132.139 1.029
133.14 1.001
134.028 0.888
134.993 0.965
135.905 0.912
136.748 0.843
137.849 1.101
138.793 0.944
139.723 0.93
140.553 0.83
141.395 0.842
142.241 0.846
143.044 0.803
143.916 0.872
144.878 0.962
145.9 1.022
146.78 0.88
147.725 0.945
148.723 0.998
149.724 1.001
150.717 0.993
151.714 0.997
152.618 0.904
153.579 0.961
154.424 0.845
155.19 0.766
155.92 0.73
156.626 0.706
157.337 0.711
158.2 0.863
159.46 1.26
160.624 1.164
161.645 1.021
162.734 1.089
163.901 1.167
165.023 1.122
166.017 0.994
167.066 1.049
168.007 0.941
168.997 0.99
170.242 1.245
171.535 1.293
172.778 1.243
173.916 1.138
174.934 1.018
175.824 0.89
176.782 0.958
178.08 1.298
179.332 1.252
180.394 1.062
181.305 0.911
182.276 0.971
183.411 1.135
184.556 1.145
185.674 1.118
186.612 0.938
187.582 0.97
188.77 1.188
189.778 1.008
190.656 0.878
191.653 0.997
192.73 1.077
193.8 1.07
194.908 1.108
195.878 0.97
196.952 1.074
197.954 1.002
198.891 0.937
199.855 0.964
200.803 0.948
201.925 1.122
203.065 1.14
204.198 1.133
205.288 1.09
206.336 1.048
207.406 1.07
208.388 0.982
209.354 0.966
210.391 1.037
211.493 1.102
212.566 1.073
213.633 1.067
214.796 1.163
215.951 1.155
216.984 1.033
217.984 1.0
219.121 1.137
220.215 1.094
221.071 0.856
221.97 0.899
223.201 1.231
224.156 0.955
225.298 1.142
226.537 1.239
227.708 1.171
228.728 1.02
229.861 1.133
231.0 1.139
232.056 1.056
233.122 1.066
234.348 1.226
235.456 1.108
236.565 1.109
237.744 1.179
238.909 1.165
240.087 1.178
241.253 1.166
242.401 1.148
243.435 1.034
244.581 1.146
245.798 1.217
246.962 1.164
248.099 1.137
249.082 0.983
250.054 0.972
251.231 1.177
252.347 1.116
253.42 1.073
254.593 1.173
255.672 1.079
256.645 0.973
257.755 1.11
258.775 1.02
259.634 0.859
260.495 0.861
261.338 0.843
262.155 0.817
262.977 0.822
263.893 0.916
264.813 0.92
265.7 0.887
266.497 0.797
267.237 0.74
267.959 0.722
268.696 0.737
269.685 0.989
270.791 1.106
271.908 1.117
272.859 0.951
273.828 0.969
274.876 1.048
275.907 1.031
276.771 0.864
277.691 0.92
278.91 1.219
279.926 1.016
280.821 0.895
281.815 0.994
282.95 1.135
283.944 0.994
285.152 1.208
286.269 1.117
287.151 0.882
288.05 0.899
288.884 0.834
289.766 0.882
290.826 1.06
291.808 0.982
293.03 1.222
294.209 1.179
295.362 1.153
296.381 1.019
297.388 1.007
298.427 1.039
299.492 1.065
300.398 0.906
301.352 0.954
302.425 1.073
303.574 1.149
304.624 1.05
305.527 0.903
306.551 1.024
307.694 1.143
308.725 1.031
309.769 1.044
310.893 1.124
311.995 1.102
313.011 1.016
314.113 1.102
315.247 1.134
316.251 1.004
317.157 0.906
318.236 1.079
319.454 1.218
320.563 1.109
321.601 1.038
322.767 1.166
323.879 1.112
324.87 0.991
325.962 1.092
327.119 1.157
328.243 1.124
329.241 0.998
330.315 1.074
331.448 1.133
332.62 1.172
333.644 1.024
334.745 1.101
335.691 0.946
336.565 0.874
337.556 0.991
338.668 1.112
339.776 1.108
340.746 0.97
341.748 1.002
342.772 1.024
343.833 1.061
344.937 1.104
345.918 0.981
347.031 1.113
347.972 0.941
349.06 1.088
350.15 1.09
351.103 0.953
352.203 1.1
353.324 1.121
354.448 1.124
355.557 1.109
356.501 0.944
357.457 0.956
358.369 0.912
359.426 1.057
360.611 1.185
361.744 1.133
362.803 1.059
363.73 0.927
364.678 0.948
365.544 0.866
366.417 0.873
367.247 0.83
368.114 0.867
369.197 1.083
370.094 0.897
371.023 0.929
372.076 1.053
373.109 1.033
374.167 1.058
375.199 1.032
376.138 0.939
377.165 1.027
378.172 1.007
379.053 0.881
380.065 1.012
381.17 1.105
382.193 1.023
383.205 1.012
384.054 0.849
384.837 0.783
385.584 0.747
386.31 0.726
387.0 0.69
387.704 0.704
388.442 0.738
389.252 0.81
390.436 1.184
391.638 1.202
392.758 1.12
393.858 1.1
394.779 0.921
395.788 1.009
396.845 1.057
397.886 1.041
399.015 1.129
400.023 1.008
400.918 0.895
401.992 1.074
403.013 1.021
404.062 1.049
405.231 1.169
406.267 1.036
407.409 1.142
408.524 1.115
409.633 1.109
410.667 1.034
411.792 1.125
412.916 1.124
414.046 1.13
415.148 1.102
416.078 0.93
417.032 0.954
418.007 0.975
418.946 0.939
420.035 1.089
421.173 1.138
422.242 1.069
423.323 1.081
424.272 0.949
425.11 0.838
425.957 0.847
426.838 0.881
427.657 0.819
428.501 0.844
429.637 1.136
430.786 1.149
431.869 1.083
432.824 0.955
433.854 1.03
434.942 1.088
435.836 0.894
436.806 0.97
437.676 0.87
438.503 0.827
439.346 0.843
440.39 1.044
441.37 0.98
442.373 1.003
443.417 1.044
444.473 1.056
445.371 0.898
446.263 0.892
447.068 0.805
447.825 0.757
448.543 0.718
449.253 0.71
449.952 0.699
450.675 0.723
451.427 0.752
452.154 0.727
452.901 0.747
453.657 0.756
454.406 0.749
455.179 0.773
455.992 0.813
456.763 0.771
457.529 0.766
458.261 0.732
458.973 0.712
459.669 0.696
460.363 0.694
461.109 0.746
461.918 0.809
463.099 1.181
464.2 1.101
465.16 0.96
466.108 0.948
467.037 0.929
467.911 0.874
468.688 0.777
469.461 0.773
470.315 0.854
471.551 1.236
472.718 1.167
473.812 1.094
474.774 0.962
475.794 1.02
476.844 1.05
477.922 1.078
478.891 0.969
479.837 0.946
480.794 0.957
481.695 0.901
482.601 0.906
483.516 0.915
484.346 0.83
485.19 0.844
486.093 0.903
487.199 1.106
488.313 1.114
489.234 0.921
490.215 0.981
491.138 0.923
492.06 0.922
493.137 1.077
494.228 1.091
495.295 1.067
496.205 0.91
497.131 0.926
498.034 0.903
498.863 0.829
499.793 0.93
500.725 0.932
501.759 1.034
502.856 1.097
503.93 1.074
504.957 1.027
505.92 0.963
506.837 0.917
507.752 0.915
508.583 0.831
509.425 0.842
510.33 0.905
511.303 0.973
512.426 1.123
513.501 1.075
514.535 1.034
515.478 0.943
516.378 0.9
517.287 0.909
518.167 0.88
519.019 0.852
519.85 0.831
520.661 0.811
521.407 0.746
522.164 0.757
522.872 0.708
523.547 0.675
524.224 0.677
524.902 0.678
525.645 0.743
526.75 1.105
527.813 1.063
528.849 1.036
529.815 0.966
530.805 0.99
531.714 0.909
532.623 0.909
533.612 0.989
534.618 1.006
535.601 0.983
536.73 1.129
537.84 1.11
538.904 1.064
540.069 1.165
541.201 1.132
542.291 1.09
543.402 1.111
544.474 1.072
545.464 0.99
546.643 1.179
547.778 1.135
548.759 0.981
549.846 1.087
551.021 1.175
552.041 1.02
553.03 0.989
554.169 1.139
555.203 1.034
556.152 0.949
557.206 1.054
558.255 1.049
559.151 0.896
560.23 1.079
561.306 1.076
562.242 0.936
563.251 1.009
564.27 1.019
565.388 1.118
566.372 0.984
567.448 1.076
568.379 0.931
569.288 0.909
570.18 0.892
571.007 0.827
571.851 0.844
572.909 1.058
573.832 0.923
574.787 0.955
575.771 0.984
576.637 0.866
577.653 1.016
578.707 1.054
579.682 0.975
580.797 1.115
581.733 0.936
582.768 1.035
583.861 1.093
584.929 1.068
585.848 0.919
586.842 0.994
587.888 1.046
588.889 1.001
589.909 1.02
590.989 1.08
591.96 0.971
593.017 1.057
594.132 1.115
595.106 0.974
596.125 1.019
597.152 1.027
598.144 0.992
599.073 0.929
600.193 1.12
601.191 0.998
602.202 1.011
603.295 1.093