0.000 0.979
0.979 0.979
1.854 0.875
2.74 0.886
3.625 0.885
4.454 0.829
5.376 0.922
6.21 0.834
7.023 0.813
7.796 0.773
8.627 0.831
9.499 0.872
10.338 0.839
11.262 0.924
12.117 0.855
12.867 0.75
13.62 0.753
14.469 0.849
15.382 0.913
16.371 0.989
17.373 1.002
18.296 0.923
19.244 0.948
20.229 0.985
21.229 1.0
22.293 1.064
23.307 1.014
24.251 0.944
25.149 0.898
26.068 0.919
27.036 0.968
27.908 0.872
28.86 0.952
29.788 0.928
30.746 0.958
31.707 0.961
32.658 0.951
33.613 0.955
34.491 0.878
35.325 0.834
36.132 0.807
36.883 0.751
37.695 0.812
38.496 0.801
39.21 0.714
39.954 0.744
40.726 0.772
41.535 0.809
42.431 0.896
43.401 0.97
44.369 0.968
45.286 0.917
46.226 0.94
47.169 0.943
48.132 0.963
49.107 0.975
50.091 0.984
51.028 0.937
51.829 0.801
52.591 0.762
53.482 0.891
54.565 1.083
55.684 1.119
56.706 1.022
57.728 1.022
58.674 0.946
59.603 0.929
60.572 0.969
61.534 0.962
62.582 1.048
63.56 0.978
64.567 1.007
65.536 0.969
66.528 0.992
67.545 1.017
68.588 1.043
69.643 1.055
70.695 1.052
71.761 1.066
72.808 1.047
73.847 1.039
74.848 1.001
75.849 1.001
76.768 0.919
77.743 0.975
78.757 1.014
79.767 1.01
80.814 1.047
81.824 1.01
82.849 1.025
83.81 0.961
84.749 0.939
85.637 0.888
86.541 0.904
87.433 0.892
88.4 0.967
89.385 0.985
90.372 0.987
91.36 0.988
92.184 0.824
92.94 0.756
93.642 0.702
94.356 0.714
95.129 0.773
95.991 0.862
96.911 0.92
97.806 0.895
98.673 0.867
99.542 0.869
100.299 0.757
101.034 0.735
101.748 0.714
102.462 0.714
103.307 0.845
104.208 0.901
105.244 1.036
106.263 1.019
107.262 0.999
108.229 0.967
109.131 0.902
110.067 0.936
110.987 0.92
112.01 1.023
112.974 0.964
113.968 0.994
114.904 0.936
115.852 0.948
116.827 0.975
117.832 1.005
118.902 1.07
119.905 1.003
120.903 0.998
121.839 0.936
122.795 0.956
123.794 0.999
124.738 0.944
125.534 0.796
126.293 0.759
127.115 0.822
128.068 0.953
128.971 0.903
129.932 0.961
130.859 0.927
131.786 0.927
132.739 0.953
133.717 0.978
134.619 0.902
135.435 0.816
136.196 0.761
136.965 0.769
137.708 0.743
138.425 0.717
139.137 0.712
139.971 0.834
141.03 1.059
142.166 1.136
143.217 1.051
144.197 0.98
145.045 0.848
145.811 0.766
146.543 0.732
147.258 0.715
147.978 0.72
148.712 0.734
149.485 0.773
150.257 0.772
151.061 0.804
152.007 0.946
153.075 1.068
154.152 1.077
155.179 1.027
156.147 0.968
157.072 0.925
157.921 0.849
158.734 0.813
159.484 0.75
160.283 0.799
161.228 0.945
162.371 1.143
163.481 1.11
164.539 1.058
165.58 1.041
166.64 1.06
167.696 1.056
168.554 0.858
169.398 0.844
170.292 0.894
171.308 1.016
172.337 1.029
173.297 0.96
174.104 0.807
174.875 0.771
175.603 0.728
176.308 0.705
177.02 0.712
177.811 0.791
178.664 0.853
179.549 0.885
180.319 0.77
181.065 0.746
181.863 0.798
182.723 0.86
183.57 0.847
184.455 0.885
185.466 1.011
186.519 1.053
187.447 0.928
188.408 0.961
189.366 0.958
190.303 0.937
191.278 0.975
192.203 0.925
193.056 0.853
193.909 0.853
194.795 0.886
195.668 0.873
196.633 0.965
197.637 1.004
198.604 0.967
199.503 0.899
200.379 0.876
201.239 0.86
202.085 0.846
202.891 0.806
203.715 0.824
204.603 0.888
205.471 0.868
206.427 0.956
207.38 0.953
208.253 0.873
209.169 0.916
210.122 0.953
211.043 0.921
211.926 0.883
212.829 0.903
213.697 0.868
214.583 0.886
215.512 0.929
216.479 0.967
217.395 0.916
218.301 0.906
219.174 0.873
220.032 0.858
220.859 0.827
221.656 0.797
222.496 0.84
223.261 0.765
223.984 0.723
224.712 0.728
225.49 0.778
226.463 0.973
227.644 1.181
228.718 1.074
229.767 1.049
230.828 1.061
231.817 0.989
232.781 0.964
233.716 0.935
234.609 0.893
235.515 0.906
236.533 1.018
237.546 1.013
238.59 1.044
239.665 1.075
240.648 0.983
241.641 0.993
242.589 0.948
243.536 0.947
244.414 0.878
245.305 0.891
246.179 0.874
247.119 0.94
248.023 0.904
248.895 0.872
249.725 0.83
250.537 0.812
251.364 0.827
252.142 0.778
252.94 0.798
253.759 0.819
254.491 0.732
255.275 0.784
256.069 0.794
256.814 0.745
257.532 0.718
258.257 0.725
258.967 0.71
259.727 0.76
260.545 0.818
261.404 0.859
262.228 0.824
263.053 0.825
263.874 0.821
264.651 0.777
265.438 0.787
266.253 0.815
267.14 0.887
268.053 0.913
268.954 0.901
269.851 0.897
270.71 0.859
271.602 0.892
272.592 0.99
273.522 0.93
274.463 0.941
275.419 0.956
276.368 0.949
277.28 0.912
278.181 0.901
279.135 0.954
280.105 0.97
281.024 0.919
282.011 0.987
282.94 0.929
283.904 0.964
284.809 0.905
285.674 0.865
286.494 0.82
287.344 0.85
288.301 0.957
289.142 0.841
289.889 0.747
290.703 0.814
291.625 0.922
292.572 0.947
293.504 0.932
294.443 0.939
295.341 0.898
296.107 0.766
296.844 0.737
297.559 0.715
298.299 0.74
299.153 0.854
300.182 1.029
301.266 1.084
302.318 1.052
303.4 1.082
304.504 1.104
305.581 1.077
306.649 1.068
307.639 0.99
308.476 0.837
309.27 0.794
310.063 0.793
310.817 0.754
311.789 0.972
312.848 1.059
313.836 0.988
314.716 0.88
315.51 0.794
316.264 0.754
317.018 0.754
317.829 0.811
318.672 0.843
319.549 0.877
320.425 0.876
321.272 0.847
322.12 0.848
322.952 0.832
323.812 0.86
324.686 0.874
325.58 0.894
326.439 0.859
327.264 0.825
328.068 0.804
328.938 0.87
329.851 0.913
330.808 0.957
331.705 0.897
332.662 0.957
333.566 0.904
334.469 0.903
335.305 0.836
336.161 0.856
337.078 0.917
338.034 0.956
338.917 0.883
339.799 0.882
340.714 0.915
341.647 0.933
342.548 0.901
343.431 0.883
344.28 0.849
345.131 0.851
346.036 0.905
346.887 0.851
347.649 0.762
348.424 0.775
349.247 0.823
350.172 0.925
351.134 0.962
352.081 0.947
353.004 0.923
353.88 0.876
354.747 0.867
355.609 0.862
356.457 0.848
357.306 0.849
358.121 0.815
358.884 0.763
359.588 0.704
360.288 0.7
361.088 0.8
362.072 0.984
363.095 1.023
364.092 0.997
365.102 1.01
366.095 0.993
367.022 0.927
367.94 0.918
368.851 0.911
369.661 0.81
370.526 0.865
371.507 0.981
372.514 1.007
373.637 1.123
374.693 1.056
375.664 0.971
376.618 0.954
377.493 0.875
378.39 0.897
379.252 0.862
380.194 0.942
381.117 0.923
382.095 0.978
383.101 1.006
383.976 0.875
384.819 0.843
385.659 0.84
386.515 0.856
387.465 0.95
388.439 0.974
389.416 0.977
390.415 0.999
391.428 1.013
392.392 0.964
393.318 0.926
394.235 0.917
395.142 0.907
396.086 0.944
397.082 0.996
398.062 0.98
399.047 0.985
399.999 0.952
400.873 0.874
401.736 0.863
402.575 0.839
403.438 0.863
404.335 0.897
405.134 0.799
405.871 0.737
406.687 0.816
407.525 0.838
408.421 0.896
409.331 0.91
410.224 0.893
411.101 0.877
411.951 0.85
412.782 0.831
413.542 0.76
414.253 0.711
414.924 0.671
415.626 0.702
416.318 0.692
416.99 0.672
417.725 0.735
418.581 0.856
419.584 1.003
420.511 0.927
421.458 0.947
422.411 0.953
423.301 0.89
424.221 0.92
425.142 0.921
426.09 0.948
427.04 0.95
428.045 1.005
429.064 1.019
430.013 0.949
431.005 0.992
431.976 0.971
432.923 0.947
433.839 0.916
434.79 0.951
435.745 0.955
436.7 0.955
437.502 0.802
438.264 0.762
438.987 0.723
439.683 0.696
440.427 0.744
441.357 0.93
442.358 1.001
443.308 0.95
444.282 0.974
445.218 0.936
446.157 0.939
447.082 0.925
448.012 0.93
449.016 1.004
450.003 0.987
451.012 1.009
451.946 0.934
452.792 0.846
453.653 0.861
454.482 0.829
455.217 0.735
455.908 0.691
456.691 0.783
457.499 0.808
458.337 0.838
459.329 0.992
460.324 0.995
461.284 0.96
462.218 0.934
463.098 0.88
463.99 0.892
464.801 0.811
465.547 0.746
466.27 0.723
466.957 0.687
467.644 0.687
468.368 0.724
469.108 0.74
469.918 0.81
470.872 0.954
471.887 1.015
472.878 0.991
473.821 0.943
474.686 0.865
475.442 0.756
476.154 0.712
476.893 0.739
477.69 0.797
478.439 0.749
479.159 0.72
479.883 0.724
480.61 0.727
481.35 0.74
482.096 0.746
482.908 0.812
483.689 0.781
484.426 0.737
485.137 0.711
485.802 0.665
486.456 0.654
487.135 0.679
487.825 0.69
488.603 0.778
489.379 0.776
490.217 0.838
491.028 0.811
491.839 0.811
492.626 0.787
493.409 0.783
494.222 0.813
495.098 0.876
495.922 0.824
496.758 0.836
497.586 0.828
498.408 0.822
499.298 0.89
500.184 0.886
501.256 1.072
502.286 1.03
503.381 1.095
504.459 1.078
505.367 0.908
506.34 0.973
507.348 1.008
508.382 1.034
509.366 0.984
510.224 0.858
511.076 0.852
511.921 0.845
512.796 0.875
513.629 0.833
514.469 0.84
515.345 0.876
516.241 0.896
517.246 1.005
518.187 0.941
519.179 0.992
520.119 0.94
520.933 0.814
521.695 0.762
522.385 0.69
523.09 0.705
523.932 0.842
525.031 1.099
526.12 1.089
527.125 1.005
528.129 1.004
529.105 0.976
529.908 0.803
530.633 0.725
531.342 0.709
532.076 0.734
533.182 1.106
534.27 1.088
535.114 0.844
535.911 0.797
536.685 0.774
537.423 0.738
538.211 0.788
539.219 1.008
540.276 1.057
541.284 1.008
542.258 0.974
543.232 0.974
544.119 0.887
544.996 0.877
545.84 0.844
546.687 0.847
547.713 1.026
548.739 1.026
549.818 1.079
550.871 1.053
551.939 1.068
552.932 0.993
553.853 0.921
554.791 0.938
555.699 0.908
556.655 0.956
557.757 1.102
558.802 1.045
559.888 1.086
560.954 1.066
561.97 1.016
563.028 1.058
564.041 1.013
565.025 0.984
565.863 0.838
566.614 0.751
567.356 0.742
568.312 0.956
569.339 1.027
570.413 1.074
571.477 1.064
572.469 0.992
573.417 0.948
574.282 0.865
575.21 0.928
576.065 0.855
577.056 0.991
578.095 1.039
579.198 1.103
580.259 1.061
581.253 0.994
582.268 1.015
583.267 0.999
584.306 1.039
585.359 1.053
586.349 0.99
587.34 0.991
588.29 0.95
589.308 1.018
590.345 1.037
591.378 1.033
592.456 1.078
593.468 1.012
594.514 1.046
595.571 1.057
596.588 1.017
597.613 1.025
598.604 0.991
599.591 0.987