0.000 0.95
0.95 0.95
1.859 0.909
2.733 0.874
3.607 0.874
4.479 0.872
5.373 0.894
6.275 0.902
7.161 0.886
7.931 0.77
8.728 0.797
9.528 0.8
10.324 0.796
11.051 0.727
11.743 0.692
12.506 0.763
13.285 0.779
14.056 0.771
14.798 0.742
15.606 0.808
16.393 0.787
17.127 0.734
17.9 0.773
18.705 0.805
19.494 0.789
20.315 0.821
21.228 0.913
22.135 0.907
23.082 0.947
24.098 1.016
25.064 0.966
26.059 0.995
27.095 1.036
28.063 0.968
29.124 1.061
30.271 1.147
31.365 1.094
32.497 1.132
33.571 1.074
34.634 1.063
35.728 1.094
36.744 1.016
37.739 0.995
38.84 1.101
39.912 1.072
40.952 1.04
42.082 1.13
43.194 1.112
44.286 1.092
45.434 1.148
46.533 1.099
47.603 1.07
48.687 1.084
49.692 1.005
50.739 1.047
51.802 1.063
52.788 0.986
53.845 1.057
54.948 1.103
56.051 1.103
57.206 1.155
58.345 1.139
59.404 1.059
60.548 1.144
61.732 1.184
62.834 1.102
64.006 1.172
65.116 1.11
66.234 1.118
67.334 1.1
68.342 1.008
69.419 1.077
70.582 1.163
71.671 1.089
72.801 1.13
73.908 1.107
74.951 1.043
76.019 1.068
77.149 1.13
78.222 1.073
79.325 1.103
80.506 1.181
81.608 1.102
82.689 1.081
83.86 1.171
84.999 1.139
86.116 1.117
87.283 1.167
88.388 1.105
89.504 1.116
90.664 1.16
91.751 1.087
92.854 1.103
94.042 1.188
95.175 1.133
96.252 1.077
97.343 1.091
98.435 1.092
99.508 1.073
100.619 1.111
101.685 1.066
102.679 0.994
103.727 1.048
104.804 1.077
105.763 0.959
106.742 0.979
107.75 1.008
108.718 0.968
109.597 0.879
110.38 0.783
111.417 1.037
112.632 1.215
113.84 1.208
115.021 1.181
116.139 1.118
117.214 1.075
118.296 1.082
119.331 1.035
120.277 0.946
121.241 0.964
122.21 0.969
123.208 0.998
124.26 1.052
125.323 1.063
126.405 1.082
127.496 1.091
128.561 1.065
129.594 1.033
130.635 1.041
131.678 1.043
132.654 0.976
133.703 1.049
134.772 1.069
135.797 1.025
136.141 0.344
136.553 0.412
139.635 3.082
140.577 0.942
141.536 0.959
142.469 0.933
143.343 0.874
144.262 0.919
145.247 0.985
146.185 0.938
147.179 0.994
148.195 1.016
149.165 0.97
150.14 0.975
151.107 0.967
151.993 0.886
152.922 0.929
153.899 0.977
154.87 0.971
155.809 0.939
156.821 1.012
157.815 0.994
158.756 0.941
159.758 1.002
160.767 1.009
161.737 0.97
162.739 1.002
163.79 1.051
164.798 1.008
165.759 0.961
166.73 0.971
167.733 1.003
168.716 0.983
169.659 0.943
170.555 0.896
171.491 0.936
172.456 0.965
173.455 0.999
174.478 1.023
175.48 1.002
176.495 1.015
177.521 1.026
178.497 0.976
179.456 0.959
180.535 1.079
181.615 1.08
182.695 1.08
183.823 1.128
184.94 1.117
185.938 0.998
186.966 1.028
187.937 0.971
188.924 0.987
189.995 1.071
191.105 1.11
192.191 1.086
193.287 1.096
194.346 1.059
195.422 1.076
196.415 0.993
197.446 1.031
198.439 0.993
199.388 0.949
200.39 1.002
201.422 1.032
202.38 0.958
203.356 0.976
204.367 1.011
205.356 0.989
206.339 0.983
207.374 1.035
208.456 1.082
209.385 0.929
210.372 0.987
211.384 1.012
212.402 1.018
213.373 0.971
214.265 0.892
215.16 0.895
216.098 0.938
217.078 0.98
218.105 1.027
219.058 0.953
220.045 0.987
221.077 1.032
222.125 1.048
223.177 1.052
224.176 0.999
225.124 0.948
226.152 1.028
227.212 1.06
228.248 1.036
229.331 1.083
230.409 1.078
231.513 1.104
232.622 1.109
233.661 1.039
234.746 1.085
235.958 1.212
237.138 1.18
238.112 0.974
239.103 0.991
240.065 0.962
240.919 0.854
241.717 0.798
242.486 0.769
243.252 0.766
244.109 0.857
245.094 0.985
246.106 1.012
247.065 0.959
248.093 1.028
249.175 1.082
250.172 0.997
251.245 1.073
252.32 1.075
253.381 1.061
254.476 1.095
255.505 1.029
256.573 1.068
257.618 1.045
258.595 0.977
258.877 0.282
259.153 0.276
259.637 0.484
260.169 0.532
260.673 0.504
261.076 0.403
261.617 0.541
262.609 0.992
263.59 0.981
264.489 0.899
265.415 0.926
266.233 0.818
267.25 1.017
268.199 0.949
269.138 0.939
270.053 0.915
270.928 0.875
271.892 0.964
272.858 0.966
273.392 0.534
273.765 0.373
274.651 0.886
275.639 0.988
276.684 1.045
277.697 1.013
278.699 1.002
279.72 1.021
280.759 1.039
281.742 0.983
282.753 1.011
283.802 1.049
284.77 0.968
285.775 1.005
286.811 1.036
287.795 0.984
288.804 1.009
289.89 1.086
290.979 1.089
292.01 1.031
293.097 1.087
294.192 1.095
295.292 1.1
296.356 1.064
297.354 0.998
298.408 1.054
299.472 1.064
300.465 0.993
301.545 1.08
302.668 1.123
303.759 1.091
304.908 1.149
306.067 1.159
307.16 1.093
308.3 1.14
309.43 1.13
310.493 1.063
311.55 1.057
312.636 1.086
313.698 1.062
314.778 1.08
315.26 0.482
315.785 0.525
316.597 0.812
317.614 1.017
318.714 1.1
319.781 1.067
320.826 1.045
321.821 0.995
322.724 0.903
323.614 0.89
324.479 0.865
325.309 0.83
326.222 0.913
327.246 1.024
328.355 1.109
329.535 1.18
330.667 1.132
331.759 1.092
332.76 1.001
333.725 0.965
334.588 0.863
335.308 0.72
336.124 0.816
337.229 1.105
338.349 1.12
339.48 1.131
340.59 1.11
341.685 1.095
342.772 1.087
343.826 1.054
344.894 1.068
345.989 1.095
347.1 1.111
348.253 1.153
349.429 1.176
350.55 1.121
351.61 1.06
352.731 1.121
353.863 1.132
354.939 1.076
355.985 1.046
357.105 1.12
358.317 1.212
359.498 1.181
360.632 1.134
361.716 1.084
362.792 1.076
363.841 1.049
364.911 1.07
366.022 1.111
367.095 1.073
368.209 1.114
369.318 1.109
370.423 1.105
371.378 0.955
372.254 0.876
373.128 0.874
374.068 0.94
375.103 1.035
376.167 1.064
377.33 1.163
378.476 1.146
379.56 1.084
380.659 1.099
381.715 1.056
382.744 1.029
383.853 1.109
384.984 1.131
386.142 1.158
387.193 1.051
388.294 1.101
389.375 1.081
390.45 1.075
390.883 0.433
391.201 0.318
391.463 0.262
391.784 0.321
392.105 0.321
392.365 0.26
392.639 0.274
392.915 0.276
393.239 0.324
393.56 0.321
393.984 0.424
394.281 0.297
394.72 0.439
395.383 0.663
395.709 0.326
396.108 0.399
396.534 0.426
397.213 0.679
397.474 0.261
398.756 1.282
399.834 1.078
400.819 0.985
401.866 1.047
402.926 1.06
403.912 0.986
404.965 1.053
405.692 0.727
405.951 0.259
406.218 0.267
406.485 0.267
406.863 0.378
407.318 0.455
407.643 0.325
407.905 0.262
408.248 0.343
408.695 0.447
409.093 0.398
409.696 0.603
410.014 0.318
410.894 0.88
411.765 0.871
412.622 0.857
413.473 0.851
414.328 0.855
415.204 0.876
416.038 0.834
416.842 0.804
417.708 0.866
418.667 0.959
419.03 0.363
419.335 0.305
419.629 0.294
419.928 0.299
420.179 0.251
420.719 0.54
421.039 0.32
421.303 0.264
421.579 0.276
421.995 0.416
422.369 0.374
422.669 0.3
422.954 0.285
423.204 0.25
423.547 0.343
423.864 0.317
424.201 0.337
424.542 0.341
424.825 0.283
425.153 0.328
425.407 0.254
425.725 0.318
426.025 0.3
426.306 0.281
429.943 3.637
430.891 0.948
431.158 0.267
431.437 0.279
431.729 0.292
432.029 0.3
432.523 0.494
433.033 0.51
433.306 0.273
433.611 0.305
434.646 1.035
435.603 0.957
437.561 1.958
438.53 0.969
439.406 0.876
440.283 0.877
441.098 0.815
441.882 0.784
442.672 0.79
443.492 0.82
444.305 0.813
445.086 0.781
445.903 0.817
446.679 0.776
447.426 0.747
448.172 0.746
448.909 0.737
449.601 0.692
450.291 0.69
450.988 0.697
451.7 0.712
452.016 0.316
452.498 0.482
453.43 0.932
454.401 0.971
455.355 0.954
455.964 0.609
456.274 0.31
456.571 0.297
456.856 0.285
457.111 0.255
457.621 0.51
457.94 0.319
458.788 0.848
459.206 0.418
459.46 0.254
459.79 0.33
460.06 0.27
460.494 0.434
460.758 0.264
461.081 0.323
461.386 0.305
461.691 0.305
461.953 0.262
462.271 0.318
462.56 0.289
462.828 0.268
463.345 0.517
463.723 0.378
463.98 0.257
464.312 0.332
464.75 0.438
465.092 0.342
465.35 0.258
465.702 0.352
466.145 0.443
466.485 0.34
466.774 0.289
467.079 0.305
467.422 0.343
467.766 0.344
468.082 0.316
468.348 0.266
468.695 0.347
468.945 0.25
469.196 0.251
469.496 0.3
470.031 0.535
470.672 0.641
470.964 0.292
471.242 0.278
471.988 0.746
472.355 0.367
472.659 0.304
473.031 0.372
473.876 0.845
475.578 1.702
476.083 0.505
476.782 0.699
477.275 0.493
477.665 0.39
478.033 0.368
479.221 1.188
480.09 0.869
480.359 0.269
480.879 0.52
481.213 0.334
481.622 0.409
481.92 0.298
483.036 1.116
483.917 0.881
484.709 0.792
485.512 0.803
486.34 0.828
487.178 0.838
488.117 0.939
489.043 0.926
489.879 0.836
490.76 0.881
491.637 0.877
492.524 0.887
493.504 0.98
494.525 1.021
495.525 1.0
496.516 0.991
497.594 1.078
498.706 1.112
499.237 0.531
499.789 0.552
500.805 1.016
501.759 0.954
502.812 1.053
503.963 1.151
505.082 1.119
506.249 1.167
507.396 1.147
508.524 1.128
509.542 1.018
510.599 1.057
511.628 1.029
512.582 0.954
513.455 0.873
514.331 0.876
515.141 0.81
515.933 0.792
516.727 0.794
517.522 0.795
518.275 0.753
519.054 0.779
519.825 0.771
520.562 0.737
521.302 0.74
522.075 0.773
522.854 0.779
523.632 0.778
524.404 0.772
525.183 0.779
525.949 0.766
526.693 0.744
527.417 0.724
528.171 0.754
528.954 0.783
529.739 0.785
530.569 0.83
531.55 0.981
532.576 1.026
533.614 1.038
534.578 0.964
535.553 0.975
536.513 0.96
537.432 0.919
538.381 0.949
539.281 0.9
540.142 0.861
541.034 0.892
541.93 0.896
542.817 0.887
543.668 0.851
544.489 0.821
545.217 0.728
545.993 0.776
546.761 0.768
547.541 0.78
548.312 0.771
549.041 0.729
549.893 0.852
550.742 0.849
551.614 0.872
552.467 0.853
553.408 0.941
554.358 0.95
555.319 0.961
556.253 0.934
557.107 0.854
558.016 0.909
558.987 0.971
560.044 1.057