0.000 0.77
0.77 0.77
1.582 0.812
2.387 0.805
3.167 0.78
3.955 0.788
4.728 0.773
5.486 0.758
6.254 0.768
7.086 0.832
7.869 0.783
8.622 0.753
9.368 0.746
10.153 0.785
11.338 1.185
12.405 1.067
13.39 0.985
14.348 0.958
15.277 0.929
16.168 0.891
17.025 0.857
17.866 0.841
18.707 0.841
19.559 0.852
20.397 0.838
21.274 0.877
22.152 0.878
23.001 0.849
23.813 0.812
24.593 0.78
25.38 0.787
26.21 0.83
27.037 0.827
27.825 0.788
28.582 0.757
29.315 0.733
30.026 0.711
30.726 0.7
31.436 0.71
32.146 0.71
32.875 0.729
33.589 0.714
34.305 0.716
35.027 0.722
35.777 0.75
36.575 0.798
37.43 0.855
38.273 0.843
39.101 0.828
39.942 0.841
40.8 0.858
41.615 0.815
42.419 0.804
43.243 0.824
44.057 0.814
44.868 0.811
45.679 0.811
46.471 0.792
47.222 0.751
48.009 0.787
48.78 0.771
49.607 0.827
50.446 0.839
51.22 0.774
52.06 0.84
52.889 0.829
53.723 0.834
54.592 0.869
55.563 0.971
56.475 0.912
57.323 0.848
58.132 0.809
58.933 0.801
59.721 0.788
60.541 0.82
61.372 0.831
62.189 0.817
63.042 0.853
63.876 0.834
64.713 0.837
65.596 0.883
66.474 0.878
67.363 0.889
68.228 0.865
69.103 0.875
69.955 0.852
70.766 0.811
71.609 0.843
72.467 0.858
73.302 0.835
74.148 0.846
75.058 0.91
75.963 0.905
76.851 0.888
77.702 0.851
78.564 0.862
79.404 0.84
80.206 0.802
81.036 0.83
81.862 0.826
82.701 0.839
83.504 0.803
84.35 0.846
85.262 0.912
86.13 0.868
86.948 0.818
87.732 0.784
88.458 0.726
89.191 0.733
89.932 0.741
90.682 0.75
91.506 0.824
92.275 0.769
93.12 0.845
93.933 0.813
94.869 0.936
95.895 1.026
96.856 0.961
97.758 0.902
98.641 0.883
99.49 0.849
100.338 0.848
101.188 0.85
102.045 0.857
102.912 0.867
103.721 0.809
104.552 0.831
105.426 0.874
106.353 0.927
107.328 0.975
108.271 0.943
109.207 0.936
110.065 0.858
110.949 0.884
111.793 0.844
112.589 0.796
113.369 0.78
114.157 0.788
115.038 0.881
116.046 1.008
116.936 0.89
117.822 0.886
118.692 0.87
119.533 0.841
120.372 0.839
121.211 0.839
122.042 0.831
122.839 0.797
123.635 0.796
124.434 0.799
125.236 0.802
126.124 0.888
127.13 1.006
128.254 1.124
129.311 1.057
130.308 0.997
131.419 1.111
132.426 1.007
133.386 0.96
134.323 0.937
135.223 0.9
136.122 0.899
136.991 0.869
137.793 0.802
138.047 0.254
138.781 0.734
139.652 0.871
140.56 0.908
141.504 0.944
142.427 0.923
143.303 0.876
144.12 0.817
144.887 0.767
145.516 0.629
146.339 0.823
147.044 0.705
147.782 0.738
148.517 0.735
149.288 0.771
150.136 0.848
150.991 0.855
151.894 0.903
152.807 0.913
153.659 0.852
154.463 0.804
155.216 0.753
155.939 0.723
156.672 0.733
157.397 0.725
158.149 0.752
158.913 0.764
159.72 0.807
160.594 0.874
161.444 0.85
162.272 0.828
163.127 0.855
163.985 0.858
164.839 0.854
165.688 0.849
166.515 0.827
167.304 0.789
168.07 0.766
168.825 0.755
169.57 0.745
170.321 0.751
171.112 0.791
172.055 0.943
172.976 0.921
173.852 0.876
174.689 0.837
175.497 0.808
176.27 0.773
177.029 0.759
177.791 0.762
178.52 0.729
179.302 0.782
180.254 0.952
181.28 1.026
182.355 1.075
183.38 1.025
184.34 0.96
185.288 0.948
186.231 0.943
187.111 0.88
187.971 0.86
188.83 0.859
189.716 0.886
190.589 0.873
191.53 0.941
192.488 0.958
193.365 0.877
194.195 0.83
195.106 0.911
196.023 0.917
196.885 0.862
197.781 0.896
198.656 0.875
199.504 0.848
200.361 0.857
201.28 0.919
202.177 0.897
203.074 0.897
204.008 0.934
204.932 0.924
205.836 0.904
206.782 0.946
207.235 0.453
207.676 0.441
208.552 0.876
209.466 0.914
210.04 0.574
210.31 0.27
211.242 0.932
212.18 0.938
213.171 0.991
214.148 0.977
214.64 0.492
215.014 0.374
215.881 0.867
216.785 0.904
217.708 0.923
218.597 0.889
219.555 0.958
220.546 0.991
221.424 0.878
222.343 0.919
223.241 0.898
224.082 0.841
224.949 0.867
225.808 0.859
226.652 0.844
227.488 0.836
228.313 0.825
229.106 0.793
229.534 0.428
229.871 0.337
230.661 0.79
231.466 0.805
231.963 0.497
232.259 0.296
233.064 0.805
233.919 0.855
234.839 0.92
235.707 0.868
236.631 0.924
237.537 0.906
238.409 0.872
239.304 0.895
240.19 0.886
241.09 0.9
242.031 0.941
242.924 0.893
243.872 0.948
244.816 0.944
245.736 0.92
246.686 0.95
247.587 0.901
248.479 0.892
249.393 0.914
250.27 0.877
251.159 0.889
252.042 0.883
252.923 0.881
253.879 0.956
254.875 0.996
255.799 0.924
256.752 0.953
257.703 0.951
258.591 0.888
259.486 0.895
260.395 0.909
261.285 0.89
262.03 0.745
262.942 0.912
263.708 0.766
264.488 0.78
265.261 0.773
266.067 0.806
266.857 0.79
267.615 0.758
268.365 0.75
269.121 0.756
269.867 0.746
270.599 0.732
271.332 0.733
272.1 0.768
272.904 0.804
273.715 0.811
274.55 0.835
275.404 0.854
276.286 0.882
277.167 0.881
278.043 0.876
278.897 0.854
279.77 0.873
280.611 0.841
281.468 0.857
282.31 0.842
283.153 0.843
283.989 0.836
284.802 0.813
285.584 0.782
286.364 0.78
287.206 0.842
288.129 0.923
289.013 0.884
289.934 0.921
290.832 0.898
291.698 0.866
292.606 0.908
293.496 0.89
294.437 0.941
295.369 0.932
296.272 0.903
297.165 0.893
298.081 0.916
299.023 0.942
299.951 0.928
300.865 0.914
301.751 0.886
302.66 0.909
303.593 0.933
304.476 0.883
305.417 0.941
306.365 0.948
307.29 0.925
308.25 0.96
309.193 0.943
310.162 0.969
311.134 0.972
312.115 0.981
313.133 1.018
314.084 0.951
315.048 0.964
315.99 0.942
316.956 0.966
317.895 0.939
318.823 0.928
319.776 0.953
320.694 0.918
321.637 0.943
322.571 0.934
323.478 0.907
324.364 0.886
325.21 0.846
326.038 0.828
326.851 0.813
327.647 0.796
328.448 0.801
329.275 0.827
330.179 0.904
331.151 0.972
332.139 0.988
333.049 0.91
333.919 0.87
334.745 0.826
335.524 0.779
336.273 0.749
336.998 0.725
337.722 0.724
338.447 0.725
339.183 0.736
339.935 0.752
340.695 0.76
341.45 0.755
342.216 0.766
343.008 0.792
343.779 0.771
344.52 0.741
345.231 0.711
345.919 0.688
346.586 0.667
347.252 0.666
347.918 0.666
348.607 0.689
349.286 0.679
349.956 0.67
350.626 0.67
351.295 0.669
351.952 0.657
352.612 0.66
353.265 0.653
353.918 0.653
354.578 0.66
355.268 0.69
355.991 0.723
356.797 0.806
357.758 0.961
358.748 0.99
359.636 0.888
360.446 0.81
361.239 0.793
362.005 0.766
362.768 0.763
363.521 0.753
364.289 0.768
365.083 0.794
365.878 0.795
366.658 0.78
367.442 0.784
368.228 0.786
369.031 0.803
369.939 0.908
370.985 1.046
371.919 0.934
372.791 0.872
373.593 0.802
374.359 0.766
375.115 0.756
375.893 0.778
376.638 0.745
377.373 0.735
378.097 0.724
378.808 0.711
379.513 0.705
380.22 0.707
380.949 0.729
381.725 0.776
382.491 0.766
383.257 0.766
384.03 0.773
384.79 0.76
385.525 0.735
386.24 0.715
386.939 0.699
387.63 0.691
387.99 0.36
388.248 0.258
389.029 0.781
389.784 0.755
390.694 0.91
391.551 0.857
392.352 0.801
393.113 0.761
393.892 0.779
394.726 0.834
395.559 0.833
396.357 0.798
397.169 0.812
397.955 0.786
398.739 0.784
399.489 0.75
400.228 0.739
400.954 0.726
401.686 0.732
402.42 0.734
403.178 0.758
403.935 0.757
404.685 0.75
405.443 0.758
406.206 0.763
406.994 0.788
407.775 0.781
408.647 0.872
409.607 0.96
410.541 0.934
411.438 0.897
412.281 0.843
413.062 0.781
413.835 0.773
414.625 0.79
415.301 0.676
415.654 0.353
415.95 0.296
416.208 0.258
416.522 0.314
416.808 0.286
417.784 0.976
418.578 0.794
419.45 0.872
420.323 0.873
421.144 0.821
421.913 0.769
422.647 0.734
423.341 0.694
424.006 0.665
424.672 0.666
425.36 0.688
426.202 0.842
427.36 1.158
428.35 0.99
429.39 1.04
430.438 1.048
431.367 0.929
432.208 0.841
433.036 0.828
433.966 0.93
435.201 1.235
436.241 1.04
437.292 1.051
438.351 1.059
439.325 0.974
440.338 1.013
441.296 0.958
442.265 0.969
443.164 0.899
444.013 0.849
444.839 0.826
445.683 0.844
446.579 0.896
447.563 0.984
448.506 0.943
449.459 0.953
450.39 0.931
451.303 0.913
452.217 0.914
453.082 0.865
453.943 0.861
454.924 0.981
455.894 0.97
456.861 0.967
457.815 0.954
458.696 0.881
459.598 0.902
460.562 0.964
461.494 0.932
462.456 0.962
463.428 0.972
464.433 1.005
465.416 0.983
466.371 0.955
467.325 0.954
468.281 0.956
469.203 0.922
470.111 0.908
471.015 0.904
471.921 0.906
472.893 0.972
473.843 0.95
474.788 0.945
475.752 0.964
476.654 0.902
477.578 0.924
478.515 0.937
479.467 0.952
480.426 0.959
481.317 0.891
482.207 0.89
483.114 0.907
484.007 0.893
484.924 0.917
485.821 0.897
486.687 0.866
487.491 0.804
488.303 0.812
489.104 0.801
489.91 0.806
490.727 0.817
491.559 0.832
492.394 0.835
493.28 0.886
494.21 0.93
495.121 0.911
496.09 0.969
497.035 0.945
497.971 0.936
498.915 0.944
499.825 0.91
500.758 0.933
501.709 0.951
502.618 0.909
503.545 0.927
504.486 0.941
505.388 0.902
506.296 0.908
507.165 0.869
507.994 0.829
508.812 0.818
509.626 0.814
510.412 0.786
511.228 0.816
512.059 0.831
512.331 0.272
512.873 0.542
513.154 0.281
513.672 0.518
514.006 0.334
514.499 0.493
515.398 0.899
516.366 0.968
517.253 0.887
518.143 0.89
519.035 0.892
519.931 0.896
520.789 0.858
521.659 0.87
522.562 0.903
523.415 0.853
524.3 0.885
525.206 0.906
526.067 0.861
526.947 0.88
527.855 0.908
528.718 0.863
529.61 0.892
530.535 0.925
531.442 0.907
532.406 0.964
533.385 0.979
534.312 0.927
535.258 0.946
536.2 0.942
537.122 0.922
538.087 0.965
539.045 0.958
539.965 0.92
540.89 0.925
541.764 0.874
542.664 0.9
543.557 0.893
544.417 0.86
545.286 0.869
546.171 0.885
547.014 0.843
547.864 0.85
548.683 0.819
549.477 0.794
550.223 0.746
550.982 0.759
551.765 0.783
552.659 0.894
553.483 0.824
554.355 0.872
555.174 0.819
555.985 0.811
556.758 0.773
557.497 0.739
558.227 0.73
558.952 0.725
559.67 0.718
560.386 0.716
561.11 0.724
561.867 0.757
562.736 0.869
563.739 1.003
564.748 1.009
565.758 1.01
566.764 1.006
567.654 0.89
568.531 0.877
569.374 0.843
570.189 0.815
570.97 0.781
571.746 0.776
572.529 0.783
573.309 0.78
574.087 0.778
574.892 0.805
575.693 0.801
576.504 0.811
577.355 0.851
578.227 0.872
579.086 0.859
579.99 0.904
580.881 0.891
581.731 0.85
582.587 0.856
583.49 0.903
584.361 0.871
585.256 0.895
586.101 0.845
586.913 0.812
587.696 0.783
588.524 0.828
589.445 0.921
590.351 0.906
591.334 0.983
592.257 0.923
593.146 0.889
594.043 0.897
594.926 0.883
595.839 0.913
596.767 0.928
597.677 0.91
598.57 0.893
599.426 0.856