0.000 0.783
0.783 0.783
1.524 0.741
2.222 0.698
2.904 0.682
3.599 0.695
4.372 0.773
5.285 0.913
6.296 1.011
7.296 1.0
8.218 0.922
9.137 0.919
10.048 0.911
10.89 0.842
11.716 0.826
12.535 0.819
13.344 0.809
14.12 0.776
14.879 0.759
15.669 0.79
16.644 0.975
17.821 1.177
18.845 1.024
19.784 0.939
20.726 0.942
21.648 0.922
22.469 0.821
23.278 0.809
24.094 0.816
24.944 0.85
25.783 0.839
26.63 0.847
27.524 0.894
28.445 0.921
29.311 0.866
30.131 0.82
30.932 0.801
31.776 0.844
32.628 0.852
33.461 0.833
34.301 0.84
35.087 0.786
35.843 0.756
36.568 0.725
37.258 0.69
37.934 0.676
38.593 0.659
39.232 0.639
39.856 0.624
40.471 0.615
41.075 0.604
41.693 0.618
42.363 0.67
43.209 0.846
44.216 1.007
45.335 1.119
46.466 1.131
47.528 1.062
48.516 0.988
49.4 0.884
50.256 0.856
51.112 0.856
52.006 0.894
52.834 0.828
53.66 0.826
54.524 0.864
55.481 0.957
56.496 1.015
57.413 0.917
58.367 0.954
59.361 0.994
60.351 0.99
61.29 0.939
62.235 0.945
63.191 0.956
64.097 0.906
64.994 0.897
65.928 0.934
66.876 0.948
67.752 0.876
68.602 0.85
69.406 0.804
70.159 0.753
70.914 0.755
71.65 0.736
72.375 0.725
73.128 0.753
73.967 0.839
74.822 0.855
75.655 0.833
76.49 0.835
77.323 0.833
78.093 0.77
78.849 0.756
79.604 0.755
80.328 0.724
81.088 0.76
81.82 0.732
82.544 0.724
83.249 0.705
83.98 0.731
84.831 0.851
85.752 0.921
86.605 0.853
87.453 0.848
88.299 0.846
89.086 0.787
89.879 0.793
90.674 0.795
91.468 0.794
92.266 0.798
93.125 0.859
94.11 0.985
95.056 0.946
95.967 0.911
96.808 0.841
97.573 0.765
98.346 0.773
99.161 0.815
99.952 0.791
100.788 0.836
101.689 0.901
102.633 0.944
103.555 0.922
104.508 0.953
105.448 0.94
106.304 0.856
107.152 0.848
108.016 0.864
108.862 0.846
109.676 0.814
110.502 0.826
111.359 0.857
112.185 0.826
113.037 0.852
113.946 0.909
114.821 0.875
115.662 0.841
116.538 0.876
117.431 0.893
118.299 0.868
119.202 0.903
120.098 0.896
120.917 0.819
121.707 0.79
122.505 0.798
123.418 0.913
124.426 1.008
125.371 0.945
126.262 0.891
127.122 0.86
127.931 0.809
128.665 0.734
129.439 0.774
130.206 0.767
131.029 0.823
131.899 0.87
132.777 0.878
133.579 0.802
134.373 0.794
135.174 0.801
136.037 0.863
136.907 0.87
137.722 0.815
138.581 0.859
139.454 0.873
140.382 0.928
141.315 0.933
142.219 0.904
143.12 0.901
143.999 0.879
144.798 0.799
145.595 0.797
146.45 0.855
147.417 0.967
148.337 0.92
149.307 0.97
150.273 0.966
151.22 0.947
152.101 0.881
152.903 0.802
153.668 0.765
154.432 0.764
155.316 0.884
156.387 1.071
157.438 1.051
158.37 0.932
159.199 0.829
159.989 0.79
160.809 0.82
161.712 0.903
162.662 0.95
163.583 0.921
164.496 0.913
165.38 0.884
166.264 0.884
167.07 0.806
167.823 0.753
168.563 0.74
169.356 0.793
170.389 1.033
171.466 1.077
172.473 1.007
173.334 0.861
174.108 0.774
174.874 0.766
175.683 0.809
176.582 0.899
177.535 0.953
178.407 0.872
179.253 0.846
180.129 0.876
181.036 0.907
181.935 0.899
182.766 0.831
183.584 0.818
184.38 0.796
185.152 0.772
185.89 0.738
186.631 0.741
187.422 0.791
188.372 0.95
189.451 1.079
190.506 1.055
191.539 1.033
192.522 0.983
193.449 0.927
194.34 0.891
195.192 0.852
196.026 0.834
196.824 0.798
197.602 0.778
198.397 0.795
199.228 0.831
200.061 0.833
200.935 0.874
201.814 0.879
202.62 0.806
203.389 0.769
204.106 0.717
204.828 0.722
205.557 0.729
206.331 0.774
207.126 0.795
207.935 0.809
208.656 0.721
209.35 0.694
210.038 0.688
210.716 0.678
211.43 0.714
212.314 0.884
213.288 0.974
214.234 0.946
215.1 0.866
215.9 0.8
216.701 0.801
217.518 0.817
218.42 0.902
219.404 0.984
220.396 0.992
221.373 0.977
222.314 0.941
223.221 0.907
224.068 0.847
224.908 0.84
225.759 0.851
226.64 0.881
227.563 0.923
228.477 0.914
229.367 0.89
230.281 0.914
231.182 0.901
232.078 0.896
232.942 0.864
233.83 0.888
234.756 0.926
235.629 0.873
236.474 0.845
237.322 0.848
238.187 0.865
239.017 0.83
239.817 0.8
240.643 0.826
241.533 0.89
242.498 0.965
243.382 0.884
244.256 0.874
245.146 0.89
246.016 0.87
246.812 0.796
247.582 0.77
248.371 0.789
249.21 0.839
250.004 0.794
250.77 0.766
251.511 0.741
252.221 0.71
252.971 0.75
253.8 0.829
254.606 0.806
255.389 0.783
256.174 0.785
257.002 0.828
257.801 0.799
258.607 0.806
259.445 0.838
260.348 0.903
261.216 0.868
262.077 0.861
262.955 0.878
263.769 0.814
264.594 0.825
265.481 0.887
266.42 0.939
267.332 0.912
268.239 0.907
269.161 0.922
270.033 0.872
270.88 0.847
271.781 0.901
272.75 0.969
273.711 0.961
274.617 0.906
275.537 0.92
276.497 0.96
277.438 0.941
278.341 0.903
279.269 0.928
280.178 0.909
281.022 0.844
281.883 0.861
282.729 0.846
283.547 0.818
284.355 0.808
285.225 0.87
286.096 0.871
286.945 0.849
287.81 0.865
288.71 0.9
289.634 0.924
290.513 0.879
291.429 0.916
292.382 0.953
293.253 0.871
294.091 0.838
294.914 0.823
295.689 0.775
296.467 0.778
297.234 0.767
297.969 0.735
298.716 0.747
299.429 0.713
300.156 0.727
300.937 0.781
301.731 0.794
302.506 0.775
303.316 0.81
304.158 0.842
304.957 0.799
305.761 0.804
306.616 0.855
307.567 0.951
308.561 0.994
309.517 0.956
310.456 0.939
311.315 0.859
312.179 0.864
313.037 0.858
313.911 0.874
314.749 0.838
315.597 0.848
316.478 0.881
317.366 0.888
318.203 0.837
319.088 0.885
320.042 0.954
321.012 0.97
321.904 0.892
322.767 0.863
323.605 0.838
324.437 0.832
325.234 0.797
326.061 0.827
326.875 0.814
327.663 0.788
328.47 0.807
329.21 0.74
329.97 0.76
330.77 0.8
331.58 0.81
332.31 0.73
333.023 0.713
333.735 0.712
334.478 0.743
335.196 0.718
335.941 0.745
336.692 0.751
337.505 0.813
338.319 0.814
339.145 0.826
340.033 0.888
340.941 0.908
341.799 0.858
342.597 0.798
343.378 0.781
344.193 0.815
345.107 0.914
346.131 1.024
347.117 0.986
348.029 0.912
348.917 0.888
349.797 0.88
350.666 0.869
351.526 0.86
352.409 0.883
353.283 0.874
354.144 0.861
355.01 0.866
355.896 0.886
356.772 0.876
357.635 0.863
358.552 0.917
359.523 0.971
360.419 0.896
361.348 0.929
362.274 0.926
363.128 0.854
363.998 0.87
364.895 0.897
365.779 0.884
366.633 0.854
367.504 0.871
368.426 0.922
369.369 0.943
370.294 0.925
371.201 0.907
372.152 0.951
373.141 0.989
374.144 1.003
375.127 0.983
376.075 0.948
376.951 0.876
377.787 0.836
378.613 0.826
379.548 0.935
380.577 1.029
381.551 0.974
382.424 0.873
383.237 0.813
384.043 0.806
384.815 0.772
385.589 0.774
386.415 0.826
387.231 0.816
388.054 0.823
388.801 0.747
389.539 0.738
390.285 0.746
391.037 0.752
391.78 0.743
392.506 0.726
393.231 0.725
393.987 0.756
394.771 0.784
395.568 0.797
396.331 0.763
397.145 0.814
398.035 0.89
398.989 0.954
399.895 0.906
400.845 0.95
401.823 0.978
402.781 0.958
403.635 0.854
404.405 0.77
405.137 0.732
405.882 0.745
406.712 0.83
407.624 0.912
408.694 1.07
409.791 1.097
410.846 1.055
411.819 0.973
412.76 0.941
413.679 0.919
414.52 0.841
415.373 0.853
416.25 0.877
417.115 0.865
417.973 0.858
418.902 0.929
419.927 1.025
420.91 0.983
421.819 0.909
422.726 0.907
423.618 0.892
424.439 0.821
425.311 0.872
426.217 0.906
427.153 0.936
428.025 0.872
428.912 0.887
429.81 0.898
430.647 0.837
431.514 0.867
432.412 0.898
433.303 0.891
434.149 0.846
434.967 0.818
435.834 0.867
436.825 0.991
437.883 1.058
438.892 1.009
439.827 0.935
440.636 0.809
441.407 0.771
442.209 0.802
443.092 0.883
444.14 1.048
445.176 1.036
446.113 0.937
447.04 0.927
447.939 0.899
448.754 0.815
449.586 0.832
450.463 0.877
451.384 0.921
452.31 0.926
453.281 0.971
454.238 0.957
455.165 0.927
456.068 0.903
456.882 0.814
457.673 0.791
458.454 0.781
459.239 0.785
460.009 0.77
460.708 0.699
461.414 0.706
462.165 0.751
462.99 0.825
463.818 0.828
464.683 0.865
465.622 0.939
466.59 0.968
467.48 0.89
468.377 0.897
469.245 0.868
470.044 0.799
470.837 0.793
471.656 0.819
472.577 0.921
473.699 1.122
474.76 1.061
475.706 0.946
476.669 0.963
477.633 0.964
478.523 0.89
479.398 0.875
480.262 0.864
481.124 0.862
481.917 0.793
482.751 0.834
483.664 0.913
484.623 0.959
485.553 0.93
486.493 0.94
487.43 0.937
488.287 0.857
489.118 0.831
489.963 0.845
490.854 0.891
491.727 0.873
492.634 0.907
493.562 0.928
494.427 0.865
495.272 0.845
496.091 0.819
496.856 0.765
497.605 0.749
498.347 0.742
499.087 0.74
499.897 0.81
500.806 0.909
501.705 0.899
502.605 0.9
503.511 0.906
504.405 0.894
505.245 0.84
506.126 0.881
507.046 0.92
507.922 0.876
508.84 0.918
509.769 0.929
510.666 0.897
511.581 0.915
512.545 0.964
513.554 1.009
514.572 1.018
515.614 1.042
516.57 0.956
517.443 0.873
518.309 0.866
519.205 0.896
520.079 0.874
521.016 0.937
521.889 0.873
522.751 0.862
523.646 0.895
524.481 0.835
525.349 0.868
526.225 0.876
527.055 0.83
527.886 0.831
528.72 0.834
529.479 0.759
530.224 0.745
531.005 0.781
531.814 0.809
532.635 0.821
533.451 0.816
534.308 0.857
535.208 0.9
536.06 0.852
536.932 0.872
537.803 0.871
538.624 0.821
539.485 0.861
540.417 0.932
541.312 0.895
542.267 0.955
543.29 1.023
544.276 0.986
545.148 0.872
546.01 0.862
546.931 0.921
547.937 1.006
548.912 0.975
549.8 0.888
550.695 0.895
551.556 0.861
552.338 0.782
553.177 0.839
554.016 0.839
554.841 0.825
555.749 0.908
556.71 0.961
557.653 0.943
558.579 0.926
559.54 0.961
560.442 0.902
561.351 0.909
562.255 0.904
563.132 0.877
564.058 0.926
564.988 0.93
565.897 0.909
566.849 0.952
567.82 0.971
568.726 0.906
569.651 0.925
570.539 0.888
571.379 0.84
572.245 0.866
573.157 0.912
574.029 0.872
574.942 0.913
575.824 0.882
576.691 0.867
577.605 0.914
578.521 0.916
579.402 0.881
580.294 0.892
581.229 0.935
582.186 0.957
583.083 0.897
583.91 0.827
584.761 0.851
585.638 0.877
586.519 0.881
587.387 0.868
588.319 0.932
589.288 0.969
590.187 0.899
591.118 0.931
592.057 0.939
592.935 0.878
593.798 0.863
594.69 0.892
595.585 0.895
596.432 0.847
597.311 0.879
598.224 0.913
599.074 0.85
599.943 0.869
600.819 0.876
601.625 0.806
602.421 0.796
603.17 0.749
603.954 0.784
604.717 0.763
605.477 0.76
606.27 0.793
607.123 0.853
607.964 0.841
608.769 0.805
609.58 0.811
610.461 0.881
611.454 0.993
612.442 0.988
613.296 0.854
614.164 0.868
615.007 0.843
615.804 0.797
616.619 0.815
617.461 0.842
618.375 0.914
619.232 0.857
620.006 0.774
620.762 0.756
621.5 0.738