0.000 1.049
1.049 1.049
2.082 1.033
3.116 1.034
4.097 0.981
5.059 0.962
6.101 1.042
7.206 1.105
8.302 1.096
9.372 1.07
10.41 1.038
11.405 0.995
12.34 0.935
13.27 0.93
14.248 0.978
15.409 1.161
16.722 1.313
18.05 1.328
19.405 1.355
20.732 1.327
21.993 1.261
23.237 1.244
24.354 1.117
25.347 0.993
26.297 0.95
27.23 0.933
28.283 1.053
29.601 1.318
31.035 1.434
32.488 1.453
33.908 1.42
35.249 1.341
36.644 1.395
37.983 1.339
39.211 1.228
40.297 1.086
41.291 0.994
42.276 0.985
43.399 1.123
44.506 1.107
46.158 1.652
47.48 1.322
48.859 1.379
50.236 1.377
51.58 1.344
52.862 1.282
54.039 1.177
55.056 1.017
56.056 1.0
57.057 1.001
58.04 0.983
59.0 0.96
60.128 1.128
61.313 1.185
62.575 1.262
63.838 1.263
65.136 1.298
66.387 1.251
67.552 1.165
68.69 1.138
69.794 1.104
70.92 1.126
72.057 1.137
73.317 1.26
74.624 1.307
75.817 1.193
76.924 1.107
78.132 1.208
79.439 1.307
80.837 1.398
82.392 1.555
83.732 1.34
85.002 1.27
86.215 1.213
87.368 1.153
88.509 1.141
89.593 1.084
90.601 1.008
91.551 0.95
92.493 0.942
93.496 1.003
94.514 1.018
95.64 1.126
96.85 1.21
97.977 1.127
99.2 1.223
100.37 1.17
101.55 1.18
102.793 1.243
103.975 1.182
105.249 1.274
106.428 1.179
107.731 1.303
108.959 1.228
110.159 1.2
111.265 1.106
112.358 1.093
113.402 1.044
114.496 1.094
115.575 1.079
116.638 1.063
117.755 1.117
118.905 1.15
120.025 1.12
121.107 1.082
122.169 1.062
123.239 1.07
124.372 1.133
125.693 1.321
126.956 1.263
128.158 1.202
129.38 1.222
130.564 1.184
131.694 1.13
132.816 1.122
133.927 1.111
134.945 1.018
136.058 1.113
137.315 1.257
138.673 1.358
139.888 1.215
140.962 1.074
142.117 1.155
143.343 1.226
144.729 1.386
146.1 1.371
147.428 1.328
148.624 1.196
149.845 1.221
150.974 1.129
152.061 1.087
153.231 1.17
154.391 1.16
155.481 1.09
156.625 1.144
157.765 1.14
158.91 1.145
160.115 1.205
161.31 1.195
162.458 1.148
163.592 1.134
164.712 1.12
165.892 1.18
167.005 1.113
168.193 1.188
169.341 1.148
170.414 1.073
171.395 0.981
172.428 1.033
173.412 0.984
174.289 0.877
174.547 0.258
180.998 6.451
182.217 1.219
183.369 1.152
184.399 1.03
185.487 1.088
186.621 1.134
187.791 1.17
188.967 1.176
190.09 1.123
191.159 1.069
192.275 1.116
193.468 1.193
194.733 1.265
195.854 1.121
196.949 1.095
198.143 1.194
199.319 1.176
200.538 1.219
201.713 1.175
202.824 1.111
203.898 1.074
205.093 1.195
206.393 1.3
207.73 1.337
209.056 1.326
210.276 1.22
211.337 1.061
212.345 1.008
213.434 1.089
214.66 1.226
216.084 1.424
217.448 1.364
218.855 1.407
220.185 1.33
221.473 1.288
222.737 1.264
223.937 1.2
225.169 1.232
226.36 1.191
227.505 1.145
228.547 1.042
229.574 1.027
230.67 1.096
231.897 1.227
233.239 1.342
234.577 1.338
235.885 1.308
237.138 1.253
238.367 1.229
239.543 1.176
240.644 1.101
241.753 1.109
242.803 1.05
243.812 1.009
244.79 0.978
245.824 1.034
246.971 1.147
248.212 1.241
249.469 1.257
250.747 1.278
252.056 1.309
253.332 1.276
254.53 1.198
255.709 1.179
256.797 1.088
257.803 1.006
258.814 1.011
259.949 1.135
261.261 1.312
262.677 1.416
264.075 1.398
265.435 1.36
266.672 1.237
267.769 1.097
268.831 1.062
270.023 1.192
271.58 1.557
273.132 1.552
274.539 1.407
275.92 1.381
277.19 1.27
278.429 1.239
279.606 1.177
280.689 1.083
281.709 1.02
282.729 1.02
283.804 1.075
284.935 1.131
286.592 1.657
288.042 1.45
289.367 1.325
290.644 1.277
291.896 1.252
293.132 1.236
294.303 1.171
295.433 1.13
296.465 1.032
297.443 0.978
298.39 0.947
299.365 0.975
300.446 1.081
301.621 1.175
302.861 1.24
304.061 1.2
305.278 1.217
306.492 1.214
307.657 1.165
308.774 1.117
309.828 1.054
310.89 1.062
312.017 1.127
313.087 1.07
314.058 0.971
315.077 1.019
316.125 1.048
317.224 1.099
318.39 1.166
319.61 1.22
320.822 1.212
322.027 1.205
323.14 1.113
324.235 1.095
325.363 1.128
326.493 1.13
327.644 1.151
328.776 1.132
329.845 1.069
331.051 1.206
332.22 1.169
333.383 1.163
334.523 1.14
335.579 1.056
336.624 1.045
337.684 1.06
338.721 1.037
339.769 1.048
340.805 1.036
341.836 1.031
342.903 1.067
344.02 1.117
345.12 1.1
346.22 1.1
347.29 1.07
348.352 1.062
349.546 1.194
350.669 1.123
351.749 1.08
352.829 1.08
353.943 1.114
355.063 1.12
356.149 1.086
357.193 1.044
358.336 1.143
359.525 1.189
360.785 1.26
361.895 1.11
362.882 0.987
363.867 0.985
364.886 1.019
365.911 1.025
367.014 1.103
367.985 0.971
368.903 0.918
369.827 0.924
370.824 0.997
371.865 1.041
372.902 1.037
373.937 1.035
374.954 1.017
375.96 1.006
376.947 0.987
377.888 0.941
378.81 0.922
379.789 0.979
380.808 1.019
381.765 0.957
382.733 0.968
383.645 0.912
384.554 0.909
385.457 0.903
386.331 0.874
387.206 0.875
388.095 0.889
388.978 0.883
389.876 0.898
390.845 0.969
391.909 1.064
393.009 1.1
394.113 1.104
395.239 1.126
396.376 1.137
397.522 1.146
398.608 1.086
399.638 1.03
400.677 1.039
401.786 1.109
402.99 1.204
404.243 1.253
405.401 1.158
406.545 1.144
407.606 1.061
408.613 1.007
409.528 0.915
410.521 0.993
411.528 1.007
412.651 1.123
413.834 1.183
415.03 1.196
416.254 1.224
417.488 1.234
418.715 1.227
419.876 1.161
420.983 1.107
422.109 1.126
423.382 1.273
424.783 1.401
426.136 1.353
427.413 1.277
428.657 1.244
429.876 1.219
431.075 1.199
432.287 1.212
433.446 1.159
434.553 1.107
435.64 1.087
436.818 1.178
438.05 1.232
439.312 1.262
440.616 1.304
441.87 1.254
443.07 1.2
444.192 1.122
445.282 1.09
446.322 1.04
447.313 0.991
448.34 1.027
448.665 0.325
449.414 0.749
450.705 1.291
451.132 0.427
452.305 1.173
452.769 0.464
453.368 0.599
453.828 0.46
454.241 0.413
454.587 0.346
456.049 1.462
457.275 1.226
458.431 1.156
458.94 0.509
459.291 0.351
459.922 0.631
460.66 0.738
461.19 0.53
461.566 0.376
461.941 0.375
462.391 0.45
462.931 0.54
463.933 1.002
464.995 1.062
465.246 0.251
465.571 0.325
466.047 0.476
466.314 0.267
466.634 0.32
466.905 0.271
467.197 0.292
467.511 0.314
467.765 0.254
468.189 0.424
468.579 0.39
469.009 0.43
469.394 0.385
469.791 0.397
472.114 2.323
472.426 0.312
472.779 0.353
473.899 1.12
474.278 0.379
476.454 2.176
476.734 0.28
477.432 0.698
478.319 0.887
482.903 4.584
483.937 1.034
484.207 0.27
484.575 0.368
484.981 0.406
485.758 0.777
486.038 0.28
487.083 1.045
487.393 0.31
488.3 0.907
489.562 1.262
490.85 1.288
491.113 0.263
491.95 0.837
492.247 0.297
492.575 0.328
492.861 0.286
493.117 0.256
493.384 0.267
493.667 0.283
494.215 0.548
494.468 0.253
494.799 0.331
495.26 0.461
496.421 1.161
496.832 0.411
498.974 2.142
499.712 0.738
502.372 2.66
502.642 0.27
503.141 0.499
503.528 0.387
503.789 0.261
506.095 2.306
506.461 0.366
507.264 0.803
511.589 4.325
511.844 0.255
520.079 1.085
521.182 1.103
522.346 1.164
523.535 1.189
524.714 1.179
525.877 1.163
527.072 1.195
528.262 1.19
529.426 1.164
530.557 1.131
531.684 1.127
532.754 1.07
533.757 1.003
534.757 1.0
535.818 1.061
536.964 1.146
538.119 1.155
539.299 1.18
540.385 1.086
541.401 1.016
542.441 1.04
543.532 1.091
544.644 1.112
545.77 1.126
546.941 1.171
548.118 1.177
549.283 1.165
550.379 1.096
551.398 1.019
552.369 0.971
553.33 0.961
554.309 0.979
555.351 1.042
556.495 1.144
557.752 1.257
558.981 1.229
560.242 1.261
561.468 1.226
562.612 1.144
563.715 1.103
564.697 0.982
565.68 0.983
566.68 1.0
567.699 1.019
568.703 1.004
569.74 1.037
570.873 1.133
572.051 1.178
573.284 1.233
574.48 1.196
575.633 1.153
576.744 1.111
577.809 1.065
578.874 1.065
579.956 1.082
581.033 1.077
582.145 1.112
583.266 1.121
584.418 1.152
585.591 1.173
586.782 1.191
587.993 1.211
589.19 1.197
590.394 1.204
591.593 1.199
592.782 1.189
593.962 1.18
595.091 1.129
596.258 1.167
597.407 1.149
598.553 1.146
599.667 1.114
600.798 1.131
601.933 1.135
603.082 1.149
604.123 1.041
605.165 1.042
606.26 1.095
607.398 1.138
608.496 1.098