0.000 0.904
0.904 0.904
1.742 0.838
2.646 0.904
3.484 0.838
4.377 0.893
5.278 0.901
6.136 0.858
7.049 0.913
7.974 0.925
8.861 0.887
9.703 0.842
10.585 0.882
11.478 0.893
12.324 0.846
13.186 0.862
14.05 0.864
14.87 0.82
15.723 0.853
16.589 0.866
17.503 0.914
18.456 0.953
19.37 0.914
20.352 0.982
21.27 0.918
22.178 0.908
23.119 0.941
24.041 0.922
24.894 0.853
25.79 0.896
26.715 0.925
27.613 0.898
28.547 0.934
29.503 0.956
30.466 0.963
31.382 0.916
32.354 0.972
33.355 1.001
34.274 0.919
35.228 0.954
36.219 0.991
37.166 0.947
38.104 0.938
39.075 0.971
40.038 0.963
40.989 0.951
41.976 0.987
42.967 0.991
43.887 0.92
44.855 0.968
45.837 0.982
46.749 0.912
47.678 0.929
48.642 0.964
49.624 0.982
50.542 0.918
51.48 0.938
52.447 0.967
53.376 0.929
54.267 0.891
55.204 0.937
56.152 0.948
57.042 0.89
57.989 0.947
58.965 0.976
59.888 0.923
60.805 0.917
61.757 0.952
62.738 0.981
63.736 0.998
64.689 0.953
65.621 0.932
66.464 0.843
67.333 0.869
68.224 0.891
69.148 0.924
70.034 0.886
70.953 0.919
71.863 0.91
72.765 0.902
73.642 0.877
74.566 0.924
75.514 0.948
76.4 0.886
77.311 0.911
78.25 0.939
79.2 0.95
80.112 0.912
80.996 0.884
81.91 0.914
82.833 0.923
83.714 0.881
84.621 0.907
85.538 0.917
86.419 0.881
87.326 0.907
88.245 0.919
89.134 0.889
90.034 0.9
90.949 0.915
91.789 0.84
92.638 0.849
93.482 0.844
94.304 0.822
95.157 0.853
96.037 0.88
96.896 0.859
97.769 0.873
98.675 0.906
99.531 0.856
100.416 0.885
101.306 0.89
102.141 0.835
103.02 0.879
103.902 0.882
104.744 0.842
105.614 0.87
106.48 0.866
107.315 0.835
108.163 0.848
109.024 0.861
109.859 0.835
110.672 0.813
111.492 0.82
112.394 0.902
113.377 0.983
114.385 1.008
115.389 1.004
116.386 0.997
117.35 0.964
118.254 0.904
119.156 0.902
120.054 0.898
120.925 0.871
121.814 0.889
122.716 0.902
123.612 0.896
124.5 0.888
125.354 0.854
126.235 0.881
127.106 0.871
127.989 0.883
128.88 0.891
129.753 0.873
130.634 0.881
131.484 0.85
132.342 0.858
133.199 0.857
134.056 0.857
134.913 0.857
135.754 0.841
136.549 0.795
137.363 0.814
138.182 0.819
138.991 0.809
139.836 0.845
140.691 0.855
141.564 0.873
142.402 0.838
143.27 0.868
144.169 0.899
145.021 0.852
145.929 0.908
146.87 0.941
147.788 0.918
148.724 0.936
149.664 0.94
150.58 0.916
151.493 0.913
152.394 0.901
153.24 0.846
154.073 0.833
154.909 0.836
155.761 0.852
156.609 0.848
157.418 0.809
158.264 0.846
159.132 0.868
160.038 0.906
160.946 0.908
161.851 0.905
162.786 0.935
163.72 0.934
164.588 0.868
165.487 0.899
166.369 0.882
167.2 0.831
168.071 0.871
168.957 0.886
169.866 0.909
170.719 0.853
171.604 0.885
172.508 0.904
173.436 0.928
174.384 0.948
175.288 0.904
176.222 0.934
177.158 0.936
178.081 0.923
178.986 0.905
179.902 0.916
180.824 0.922
181.705 0.881
182.623 0.918
183.542 0.919
184.453 0.911
185.35 0.897
186.273 0.923
187.166 0.893
188.082 0.916
188.987 0.905
189.874 0.887
190.773 0.899
191.675 0.902
192.597 0.922
193.475 0.878
194.396 0.921
195.324 0.928
196.187 0.863
197.091 0.904
197.999 0.908
198.687 0.688
199.793 1.106
200.714 0.921
201.586 0.872
202.459 0.873
203.302 0.843
204.123 0.821
205.001 0.878
205.936 0.935
206.817 0.881
207.731 0.914
208.641 0.91
209.545 0.904
210.449 0.904
211.295 0.846
212.171 0.876
213.053 0.882
213.96 0.907
214.849 0.889
215.809 0.96
216.805 0.996
217.772 0.967
218.742 0.97
219.719 0.977
220.631 0.912
221.543 0.912
222.428 0.885
223.318 0.89
224.161 0.843
225.052 0.891
225.984 0.932
226.93 0.946
227.828 0.898
228.778 0.95
229.75 0.972
230.683 0.933
231.618 0.935
232.561 0.943
233.502 0.941
234.39 0.888
235.334 0.944
236.299 0.965
237.282 0.983
238.212 0.93
239.191 0.979
240.174 0.983
241.135 0.961
242.08 0.945
243.04 0.96
244.011 0.971
244.921 0.91
245.874 0.953
246.839 0.965
247.748 0.909
248.611 0.863
249.454 0.843
250.307 0.853
251.214 0.907
252.152 0.938
253.123 0.971
254.092 0.969
255.016 0.924
255.953 0.937
256.886 0.933
257.806 0.92
258.681 0.875
259.563 0.882
260.444 0.881
261.323 0.879
262.187 0.864
263.088 0.901
264.009 0.921
264.909 0.9
265.834 0.925
266.702 0.868
267.601 0.899
268.5 0.899
269.359 0.859
270.217 0.858
271.066 0.849
271.903 0.837
272.758 0.855
273.61 0.852
274.447 0.837
275.253 0.806
276.038 0.785
276.821 0.783
277.605 0.784
278.399 0.794
279.191 0.792
280.043 0.852
280.939 0.896
281.844 0.905
282.741 0.897
283.682 0.941
284.627 0.945
285.563 0.936
286.505 0.942
287.437 0.932
288.328 0.891
289.22 0.892
290.107 0.887
290.96 0.853
291.854 0.894
292.774 0.92
293.669 0.895
294.584 0.915
295.527 0.943
296.478 0.951
297.38 0.902
298.324 0.944
299.28 0.956
300.219 0.939
301.12 0.901
302.05 0.93
303.017 0.967
303.987 0.97
304.929 0.942
305.861 0.932
306.802 0.941
307.742 0.94
308.633 0.891
309.559 0.926
310.508 0.949
311.438 0.93
312.388 0.95
313.361 0.973
314.349 0.988
315.274 0.925
316.236 0.962
317.22 0.984
318.148 0.928
319.098 0.95
320.06 0.962
320.969 0.909
321.917 0.948
322.877 0.96
323.78 0.903
324.722 0.942
325.674 0.952
326.606 0.932
327.513 0.907
328.455 0.942
329.387 0.932
330.278 0.891
331.207 0.929
332.129 0.922
333.055 0.926
334.014 0.959
334.966 0.952
335.879 0.913
336.82 0.941
337.768 0.948
338.707 0.939
339.609 0.902
340.553 0.944
341.509 0.956
342.416 0.907
343.353 0.937
344.301 0.948
345.238 0.937
346.133 0.895
347.051 0.918
347.973 0.922
348.849 0.876
349.746 0.897
350.664 0.918
351.574 0.91
352.49 0.916
353.43 0.94
354.384 0.954
355.287 0.903
356.226 0.939
357.162 0.936
358.05 0.888
358.96 0.91
359.885 0.925
360.787 0.902
361.715 0.928
362.663 0.948
363.577 0.914
364.515 0.938
365.469 0.954
366.387 0.918
367.304 0.917
368.251 0.947
369.205 0.954
370.103 0.898
371.027 0.924
371.966 0.939
372.865 0.899
373.814 0.949
374.789 0.975
375.757 0.968
376.668 0.911
377.59 0.922
378.509 0.919
379.392 0.883
380.293 0.901
381.196 0.903
382.099 0.903
382.984 0.885
383.906 0.922
384.854 0.948
385.779 0.925
386.737 0.958
387.697 0.96
388.602 0.905
389.524 0.922
390.461 0.937
391.353 0.892
392.275 0.922
393.211 0.936
394.152 0.941
395.043 0.891
395.968 0.925
396.923 0.955
397.921 0.998
398.86 0.939
399.813 0.953
400.778 0.965
401.69 0.912
402.612 0.922
403.541 0.929
404.455 0.914
405.364 0.909
406.307 0.943
407.277 0.97
408.198 0.921
409.168 0.97
410.151 0.983
411.091 0.94
412.038 0.947
412.992 0.954
413.929 0.937
414.833 0.904
415.78 0.947
416.741 0.961
417.629 0.888
418.547 0.918
419.429 0.882
420.282 0.853
421.183 0.901
422.048 0.865
422.867 0.819
423.68 0.813
424.538 0.858
425.445 0.907
426.418 0.973
427.4 0.982
428.37 0.97
429.344 0.974
430.303 0.959
431.244 0.941
432.163 0.919
433.026 0.863
433.909 0.883
434.813 0.904
435.724 0.911
436.659 0.935
437.633 0.974
438.619 0.986
439.588 0.969
440.581 0.993
441.504 0.923
442.46 0.956
443.433 0.973
444.425 0.992
445.41 0.985
446.362 0.952
447.312 0.95
448.166 0.854
449.031 0.865
449.879 0.848
450.736 0.857
451.623 0.887
452.499 0.876
453.442 0.943
454.422 0.98
455.362 0.94
456.298 0.936
457.259 0.961
458.237 0.978
459.173 0.936
460.096 0.923
461.022 0.926
461.956 0.934
462.867 0.911
463.81 0.943
464.791 0.981
465.769 0.978
466.692 0.923
467.663 0.971
468.649 0.986
469.579 0.93
470.544 0.965
471.52 0.976
472.436 0.916
473.396 0.96
474.364 0.968
475.288 0.924
476.244 0.956
477.221 0.977
478.169 0.948
479.122 0.953
480.089 0.967
481.036 0.947
481.979 0.943
482.893 0.914
483.762 0.869
484.622 0.86
485.455 0.833
486.291 0.836
487.128 0.837
488.003 0.875
488.879 0.876
489.775 0.896
490.675 0.9
491.573 0.898
492.468 0.895
493.314 0.846
494.183 0.869
495.059 0.876
495.945 0.886
496.801 0.856
497.674 0.873
498.604 0.93
499.543 0.939
500.502 0.959
501.379 0.877
502.28 0.901
503.171 0.891
504.039 0.868
504.9 0.861
505.77 0.87
506.663 0.893
507.519 0.856
508.433 0.914
509.374 0.941
510.276 0.902
511.205 0.929
512.153 0.948
513.109 0.956
514.004 0.895
514.936 0.932
515.891 0.955
516.805 0.914
517.767 0.962
518.729 0.962
519.582 0.853
520.459 0.877
521.316 0.857
522.149 0.833
523.002 0.853
523.902 0.9
524.821 0.919
525.689 0.868
526.599 0.91
527.525 0.926
528.447 0.922
529.335 0.888
530.26 0.925
531.21 0.95
532.123 0.913
533.061 0.938
534.015 0.954
534.957 0.942
535.892 0.935
536.848 0.956
537.808 0.96
538.717 0.909
539.654 0.937
540.609 0.955
541.571 0.962
542.48 0.909
543.424 0.944
544.37 0.946
545.278 0.908
546.212 0.934
547.162 0.95
548.098 0.936
549.016 0.918
549.952 0.936
550.91 0.958
551.818 0.908
552.756 0.938
553.708 0.952
554.622 0.914
555.542 0.92
556.493 0.951
557.468 0.975
558.368 0.9
559.307 0.939
560.257 0.95
561.168 0.911
562.113 0.945
563.075 0.962
564.001 0.926
564.928 0.927
565.895 0.967
566.856 0.961
567.754 0.898
568.7 0.946
569.661 0.961
570.571 0.91
571.506 0.935
572.459 0.953
573.4 0.941
574.298 0.898
575.243 0.945
576.217 0.974
577.154 0.937
578.1 0.946
579.06 0.96
580.013 0.953
580.906 0.893
581.833 0.927
582.796 0.963
583.72 0.924
584.678 0.958
585.66 0.982
586.627 0.967
587.562 0.935
588.535 0.973
589.505 0.97
590.403 0.898
591.348 0.945
592.303 0.955
593.212 0.909
594.143 0.931
595.09 0.947
596.021 0.931
596.958 0.937
597.912 0.954
598.861 0.949
599.776 0.915
600.721 0.945
601.659 0.938
602.56 0.901
603.508 0.948
604.459 0.951
605.367 0.908
606.296 0.929
607.218 0.922
608.113 0.895
608.985 0.872
609.881 0.896
610.775 0.894
611.604 0.829
612.468 0.864
613.37 0.902
614.277 0.907
615.186 0.909
616.101 0.915
616.974 0.873
617.84 0.866
618.709 0.869
619.538 0.829