0.000 0.521
0.521 0.521
1.465 0.944
2.476 1.011
3.472 0.996
4.445 0.973
5.441 0.996
6.372 0.931
7.347 0.975
8.331 0.984
9.267 0.936
10.213 0.946
11.153 0.94
12.049 0.896
12.974 0.925
13.868 0.894
14.77 0.902
15.695 0.925
16.572 0.877
17.468 0.896
18.389 0.921
19.305 0.916
20.251 0.946
21.154 0.903
22.094 0.94
23.058 0.964
23.986 0.928
24.899 0.913
25.865 0.966
26.873 1.008
27.896 1.023
28.862 0.966
29.814 0.952
30.724 0.91
31.609 0.885
32.449 0.84
33.313 0.864
34.195 0.882
35.098 0.903
35.981 0.883
36.912 0.931
37.855 0.943
38.796 0.941
39.706 0.91
40.622 0.916
41.543 0.921
42.494 0.951
43.442 0.948
44.414 0.972
45.41 0.996
46.383 0.973
47.373 0.99
48.375 1.002
49.324 0.949
50.296 0.972
51.284 0.988
52.237 0.953
53.182 0.945
54.167 0.985
55.139 0.972
56.051 0.912
56.988 0.937
57.928 0.94
58.799 0.871
59.71 0.911
60.637 0.927
61.545 0.908
62.47 0.925
63.427 0.957
64.389 0.962
65.299 0.91
66.239 0.94
67.197 0.958
68.111 0.914
69.052 0.941
70.005 0.953
70.911 0.906
71.849 0.938
72.815 0.966
73.759 0.944
74.696 0.937
75.648 0.952
76.599 0.951
77.493 0.894
78.409 0.916
79.328 0.919
80.251 0.923
81.174 0.923
82.109 0.935
83.065 0.956
83.979 0.914
84.928 0.949
85.891 0.963
86.82 0.929
87.767 0.947
88.725 0.958
89.654 0.929
90.585 0.931
91.531 0.946
92.439 0.908
93.371 0.932
94.318 0.947
95.216 0.898
96.146 0.93
97.095 0.949
98.008 0.913
98.915 0.907
99.869 0.954
100.847 0.978
101.775 0.928
102.687 0.912
103.606 0.919
104.502 0.896
105.37 0.868
106.251 0.881
107.136 0.885
108.046 0.91
108.926 0.88
109.831 0.905
110.742 0.911
111.626 0.884
112.514 0.888
113.369 0.855
114.236 0.867
115.15 0.914
116.07 0.92
117.018 0.948
117.986 0.968
118.958 0.972
119.903 0.945
120.886 0.983
121.89 1.004
122.876 0.986
123.768 0.892
124.644 0.876
125.531 0.887
126.528 0.997
127.595 1.067
128.663 1.068
129.728 1.065
130.762 1.034
131.728 0.966
132.692 0.964
133.641 0.949
134.537 0.896
135.434 0.897
136.34 0.906
137.284 0.944
138.259 0.975
139.263 1.004
140.257 0.994
141.25 0.993
142.174 0.924
143.115 0.941
144.093 0.978
145.102 1.009
146.107 1.005
147.095 0.988
148.094 0.999
149.101 1.007
150.089 0.988
151.091 1.002
152.086 0.995
153.067 0.981
154.044 0.977
155.03 0.986
155.988 0.958
156.899 0.911
157.838 0.939
158.787 0.949
159.668 0.881
160.586 0.918
161.516 0.93
162.392 0.876
163.306 0.914
164.232 0.926
165.117 0.885
166.027 0.91
166.944 0.917
167.816 0.872
168.706 0.89
169.609 0.903
170.485 0.876
171.349 0.864
172.213 0.864
173.085 0.872
173.927 0.842
174.75 0.823
175.625 0.875
176.548 0.923
177.507 0.959
178.415 0.908
179.32 0.905
180.269 0.949
181.255 0.986
182.232 0.977
183.155 0.923
184.081 0.926
185.014 0.933
185.952 0.938
186.896 0.944
187.813 0.917
188.757 0.944
189.725 0.968
190.702 0.977
191.662 0.96
192.665 1.003
193.674 1.009
194.665 0.991
195.663 0.998
196.644 0.981
197.585 0.941
198.538 0.953
199.499 0.961
200.409 0.91
201.338 0.929
202.273 0.935
203.166 0.893
204.095 0.929
205.047 0.952
205.957 0.91
206.914 0.957
207.903 0.989
208.833 0.93
209.79 0.957
210.758 0.968
211.674 0.916
212.616 0.942
213.562 0.946
214.467 0.905
215.403 0.936
216.36 0.957
217.271 0.911
218.224 0.953
219.185 0.961
220.093 0.908
221.047 0.954
222.023 0.976
222.95 0.927
223.855 0.905
224.78 0.925
225.714 0.934
226.655 0.941
227.589 0.934
228.498 0.909
229.339 0.841
230.156 0.817
230.958 0.802
231.772 0.814
232.68 0.908
233.658 0.978
234.671 1.013
235.718 1.047
236.761 1.043
237.816 1.055
238.851 1.035
239.865 1.014
240.868 1.003
241.858 0.99
242.833 0.975
243.802 0.969
244.773 0.971
245.723 0.95
246.717 0.994
247.703 0.986
248.692 0.989
249.655 0.963
250.554 0.899
251.394 0.84
251.706 0.312
252.27 0.564
253.107 0.837
253.921 0.814
254.719 0.798
255.508 0.789
256.263 0.755
257.028 0.765
257.776 0.748
258.528 0.752
259.272 0.744
260.007 0.735
260.741 0.734
261.505 0.764
262.286 0.781
263.127 0.841
264.011 0.884
264.947 0.936
265.908 0.961
266.852 0.944
267.794 0.942
268.713 0.919
269.591 0.878
270.466 0.875
271.328 0.862
272.19 0.862
273.06 0.87
273.919 0.859
274.806 0.887
275.714 0.908
276.615 0.901
277.494 0.879
278.35 0.856
279.205 0.855
280.04 0.835
280.857 0.817
281.658 0.801
282.489 0.831
283.31 0.821
284.162 0.852
285.026 0.864
285.922 0.896
286.804 0.882
287.696 0.892
288.589 0.893
289.468 0.879
290.337 0.869
291.177 0.84
291.993 0.816
292.811 0.818
293.638 0.827
294.487 0.849
295.285 0.798
296.119 0.834
296.954 0.835
297.825 0.871
298.72 0.895
299.588 0.868
300.462 0.874
301.334 0.872
302.19 0.856
303.034 0.844
303.869 0.835
304.691 0.822
305.499 0.808
306.314 0.815
307.144 0.83
307.93 0.786
308.729 0.799
309.499 0.77
310.276 0.777
311.043 0.767
311.83 0.787
312.64 0.81
313.486 0.846
314.347 0.861
315.218 0.871
316.088 0.87
316.914 0.826
317.73 0.816
318.543 0.813
319.339 0.796
320.129 0.79
321.66 1.531
322.423 0.763
323.172 0.749
323.907 0.735
324.623 0.716
325.324 0.701
326.018 0.694
326.713 0.695
327.436 0.723
328.208 0.772
329.08 0.872
329.988 0.908
330.917 0.929
331.857 0.94
332.799 0.942
333.737 0.938
334.651 0.914
335.543 0.892
336.415 0.872
337.248 0.833
338.089 0.841
338.94 0.851
339.786 0.846
340.614 0.828
341.438 0.824
342.305 0.867
343.272 0.967
344.264 0.992
345.251 0.987
346.231 0.98
347.193 0.962
348.111 0.918
349.009 0.898
349.882 0.873
350.745 0.863
351.6 0.855
352.47 0.87
353.357 0.887
354.238 0.881
355.169 0.931
356.14 0.971
357.12 0.98
358.096 0.976
359.07 0.974
360.0 0.93
360.912 0.912
361.803 0.891
362.684 0.881
363.533 0.849
364.394 0.861
365.258 0.864
366.147 0.889
367.043 0.896
367.938 0.895
368.781 0.843
369.649 0.868
370.521 0.872
371.396 0.875
372.263 0.867
373.111 0.848
373.981 0.87
374.851 0.87
375.758 0.907
376.642 0.884
377.511 0.869
378.385 0.874
379.272 0.887
380.126 0.854
380.985 0.859
381.839 0.854
382.691 0.852
383.579 0.888
384.518 0.939
385.488 0.97
386.43 0.942
387.409 0.979
388.427 1.018
389.489 1.062
390.529 1.04
391.548 1.019
392.551 1.003
393.543 0.992
394.523 0.98
395.473 0.95
396.396 0.923
397.346 0.95
398.293 0.947
399.173 0.88
400.046 0.873
400.942 0.896
401.884 0.942
402.895 1.011
403.876 0.981
404.851 0.975
405.831 0.98
406.767 0.936
407.694 0.927
408.622 0.928
409.544 0.922
410.478 0.934
411.434 0.956
412.415 0.981
413.411 0.996
414.398 0.987
415.388 0.99
416.386 0.998
417.403 1.017
418.383 0.98
419.378 0.995
420.387 1.009
421.372 0.985
422.357 0.985
423.332 0.975
424.254 0.922
425.178 0.924
426.121 0.943
427.038 0.917
427.919 0.881
428.836 0.917
429.79 0.954
430.748 0.958
431.715 0.967
432.693 0.978
433.662 0.969
434.583 0.921
435.532 0.949
436.492 0.96
437.441 0.949
438.385 0.944
439.363 0.978
440.34 0.977
441.275 0.935
442.232 0.957
443.188 0.956
444.105 0.917
445.044 0.939
446.003 0.959
446.923 0.92
447.866 0.943
448.837 0.971
449.805 0.968
450.738 0.933
451.694 0.956
452.662 0.968
453.6 0.938
454.553 0.953
455.511 0.958
456.449 0.938
457.397 0.948
458.374 0.977
459.362 0.988
460.295 0.933
461.238 0.943
462.194 0.956
463.088 0.894
464.0 0.912
464.917 0.917
465.856 0.939
466.749 0.893
467.687 0.938
468.646 0.959
469.586 0.94
470.499 0.913
471.409 0.91
472.311 0.902
473.185 0.874
474.042 0.857
474.889 0.847
475.737 0.848
476.582 0.845
477.417 0.835
478.25 0.833
479.07 0.82
479.877 0.807
480.665 0.788
481.453 0.788
482.229 0.776
482.974 0.745
483.754 0.78
484.591 0.837
485.521 0.93
486.518 0.997
487.566 1.048
488.622 1.056
489.711 1.089
490.775 1.064
491.835 1.06
492.887 1.052
493.88 0.993
494.816 0.936
495.728 0.912
496.6 0.872
497.442 0.842
498.306 0.864
499.215 0.909
500.111 0.896
501.026 0.915
501.961 0.935
502.917 0.956
503.853 0.936
504.827 0.974
505.793 0.966
506.691 0.898
507.614 0.923
508.554 0.94
509.47 0.916
510.398 0.928
511.349 0.951
512.33 0.981
513.24 0.91
514.201 0.961
515.188 0.987
516.149 0.961
517.129 0.98
518.131 1.002
519.101 0.97
520.07 0.969
521.049 0.979
522.013 0.964
522.935 0.922
523.872 0.937
524.826 0.954
525.751 0.925
526.731 0.98
527.711 0.98
528.646 0.935
529.617 0.971
530.594 0.977
531.535 0.941
532.501 0.966
533.47 0.969
534.385 0.915
535.303 0.918
536.211 0.908
537.083 0.872
537.997 0.914
538.943 0.946
539.878 0.935
540.805 0.927
541.742 0.937
542.654 0.912
543.56 0.906
544.474 0.914
545.404 0.93
546.278 0.874
547.15 0.872
548.027 0.877
548.91 0.883
549.776 0.866
550.697 0.921
551.654 0.957
552.61 0.956
553.563 0.953
554.549 0.986
555.546 0.997
556.501 0.955
557.502 1.001
558.518 1.016
559.477 0.959
560.475 0.998
561.47 0.995
562.413 0.943
563.401 0.988
564.435 1.034
565.422 0.987
566.41 0.988
567.411 1.001
568.382 0.971
569.325 0.943
570.3 0.975
571.285 0.985
572.211 0.926
573.16 0.949
574.153 0.993
575.08 0.927
576.042 0.962
577.007 0.965
577.971 0.964
578.964 0.993
579.93 0.966
580.868 0.938
581.808 0.94
582.71 0.902
583.611 0.901
584.51 0.899
585.418 0.908
586.321 0.903
587.185 0.864
588.049 0.864
588.913 0.864
589.778 0.865
590.651 0.873
591.544 0.893
592.43 0.886
593.367 0.937
594.347 0.98
595.296 0.949
596.174 0.878
597.082 0.908
597.982 0.9
598.859 0.877
599.691 0.832
600.499 0.808
601.357 0.858
602.242 0.885
603.17 0.928
604.099 0.929
605.047 0.948
605.997 0.95
606.927 0.93
607.831 0.904
608.7 0.869
609.543 0.843
610.368 0.825
611.189 0.821
612.004 0.815
612.866 0.862
613.781 0.915
614.769 0.988