0.000 0.933
0.933 0.933
1.771 0.838
2.803 1.032
3.834 1.031
5.114 1.28
6.169 1.055
7.147 0.978
8.031 0.884
8.891 0.86
9.655 0.764
10.406 0.751
11.108 0.702
11.829 0.721
12.669 0.84
13.457 0.788
14.338 0.881
15.322 0.984
16.332 1.01
17.336 1.004
18.327 0.991
19.307 0.98
20.276 0.969
21.293 1.017
22.327 1.034
23.43 1.103
24.507 1.077
25.673 1.166
26.609 0.936
27.509 0.9
28.422 0.913
29.173 0.751
29.962 0.789
30.884 0.922
31.743 0.859
32.579 0.836
33.329 0.75
34.085 0.756
34.917 0.832
35.824 0.907
36.788 0.964
37.799 1.011
38.83 1.031
39.885 1.055
40.947 1.062
41.977 1.03
42.976 0.999
43.995 1.019
45.008 1.013
46.059 1.051
47.099 1.04
48.158 1.059
49.197 1.039
50.218 1.021
51.213 0.995
52.229 1.016
53.206 0.977
54.203 0.997
55.201 0.998
56.196 0.995
57.213 1.017
58.366 1.153
59.481 1.115
60.521 1.04
61.534 1.013
62.521 0.987
63.477 0.956
64.38 0.903
65.175 0.795
65.97 0.795
66.753 0.783
67.456 0.703
68.185 0.729
68.899 0.714
69.881 0.982
70.961 1.08
71.974 1.013
72.976 1.002
73.95 0.974
74.884 0.934
75.777 0.893
76.618 0.841
77.505 0.887
78.459 0.954
79.444 0.985
80.499 1.055
81.54 1.041
82.629 1.089
83.598 0.969
84.603 1.005
85.515 0.912
86.309 0.794
87.041 0.732
87.739 0.698
88.433 0.694
89.119 0.686
89.874 0.755
90.706 0.832
91.532 0.826
92.568 1.036
93.559 0.991
94.441 0.882
95.221 0.78
96.056 0.835
96.962 0.906
97.943 0.981
98.87 0.927
99.629 0.759
100.39 0.761
101.221 0.831
102.106 0.885
103.088 0.982
104.099 1.011
105.115 1.016
106.115 1.0
107.092 0.977
108.068 0.976
109.036 0.968
110.033 0.997
111.057 1.024
112.066 1.009
112.955 0.889
113.861 0.906
114.674 0.813
115.503 0.829
116.37 0.867
117.238 0.868
118.098 0.86
118.947 0.849
119.782 0.835
120.54 0.758
121.306 0.766
122.067 0.761
122.832 0.765
123.646 0.814
124.565 0.919
125.594 1.029
126.416 0.822
127.168 0.752
127.95 0.782
128.791 0.841
129.557 0.766
130.288 0.731
131.016 0.728
131.817 0.801
132.676 0.859
133.576 0.9
134.499 0.923
135.452 0.953
136.404 0.952
137.334 0.93
138.23 0.896
139.073 0.843
139.935 0.862
140.774 0.839
141.536 0.762
142.264 0.728
143.014 0.75
143.799 0.785
144.792 0.993
145.772 0.98
146.748 0.976
147.638 0.89
148.516 0.878
149.333 0.817
150.077 0.744
150.773 0.696
151.447 0.674
152.103 0.656
152.758 0.655
153.43 0.672
154.272 0.842
155.076 0.804
155.88 0.804
156.732 0.852
157.564 0.832
158.499 0.935
159.46 0.961
160.374 0.914
161.16 0.786
161.912 0.752
162.662 0.75
163.43 0.768
164.525 1.095
165.569 1.044
166.461 0.892
167.371 0.91
168.321 0.95
169.301 0.98
170.291 0.99
171.301 1.01
172.308 1.007
173.338 1.03
174.37 1.032
175.397 1.027
176.438 1.041
177.478 1.04
178.533 1.055
179.617 1.084
180.693 1.076
181.772 1.079
182.821 1.049
183.854 1.033
184.862 1.008
185.894 1.032
186.894 1.0
187.82 0.926
188.65 0.83
189.58 0.93
190.591 1.011
191.581 0.99
192.648 1.067
193.637 0.989
194.645 1.008
195.657 1.012
196.705 1.048
197.653 0.948
198.619 0.966
199.654 1.035
200.665 1.011
201.734 1.069
202.763 1.029
203.866 1.103
205.052 1.186
206.121 1.069
207.141 1.02
208.179 1.038
209.183 1.004
210.218 1.035
211.281 1.063
212.303 1.022
213.344 1.041
214.331 0.987
215.16 0.829
216.076 0.916
217.029 0.953
218.051 1.022
219.053 1.002
220.051 0.998
221.064 1.013
222.051 0.987
222.979 0.928
224.05 1.071
225.127 1.077
226.152 1.025
227.132 0.98
228.11 0.978
229.091 0.981
230.104 1.013
231.14 1.036
232.313 1.173
233.42 1.107
234.462 1.042
235.459 0.997
236.43 0.971
237.457 1.027
238.468 1.011
239.508 1.04
240.524 1.016
241.505 0.981
242.538 1.033
243.556 1.018
244.52 0.964
245.514 0.994
246.498 0.984
247.445 0.947
248.443 0.998
249.446 1.003
250.411 0.965
251.407 0.996
252.382 0.975
253.302 0.92
254.184 0.882
255.063 0.879
255.951 0.888
256.905 0.954
257.856 0.951
258.792 0.936
259.784 0.992
260.774 0.99
261.759 0.985
262.798 1.039
263.792 0.994
264.807 1.015
265.839 1.032
266.813 0.974
267.774 0.961
268.795 1.021
269.765 0.97
270.714 0.949
271.69 0.976
272.675 0.985
273.651 0.976
274.656 1.005
275.631 0.975
276.618 0.987
277.639 1.021
278.612 0.973
279.6 0.988
280.576 0.976
281.525 0.949
282.447 0.922
283.298 0.851
284.071 0.773
285.148 1.077
286.139 0.991
287.161 1.022
288.122 0.961
289.02 0.898
289.47 0.45
289.751 0.281
290.023 0.272
290.339 0.316
290.621 0.282
291.035 0.414
291.414 0.379
291.665 0.251
291.915 0.25
292.169 0.254
292.627 0.458
292.891 0.264
293.219 0.328
293.63 0.411
293.918 0.288
294.254 0.336
294.548 0.294
295.237 0.689
295.574 0.337
295.83 0.256
296.092 0.262
296.763 0.671
297.214 0.451
297.469 0.255
297.953 0.484
298.302 0.349
298.6 0.298
298.869 0.269
299.244 0.375
299.571 0.327
300.116 0.545
300.865 0.749
301.12 0.255
301.629 0.509
302.049 0.42
302.35 0.301
302.771 0.421
303.219 0.448
303.629 0.41
303.905 0.276
304.255 0.35
304.695 0.44
305.106 0.411
305.54 0.434
306.004 0.464
306.528 0.524
306.912 0.384
307.214 0.302
307.538 0.324
307.809 0.271
308.069 0.26
308.353 0.284
308.679 0.326
308.94 0.261
309.225 0.285
309.493 0.268
309.826 0.333
310.188 0.362
310.44 0.252
310.804 0.364
311.185 0.381
311.454 0.269
311.832 0.378
312.084 0.252
312.336 0.252
312.676 0.34
312.937 0.261
313.234 0.297
313.513 0.279
313.782 0.269
314.076 0.294
314.342 0.266
314.634 0.292
314.892 0.258
315.192 0.3
315.516 0.324
315.801 0.285
316.081 0.28
316.441 0.36
316.744 0.303
317.032 0.288
317.402 0.37
317.721 0.319
318.034 0.313
318.298 0.264
318.57 0.272
319.105 0.535
319.441 0.336
319.698 0.257
319.974 0.276
320.28 0.306
320.626 0.346
320.878 0.252
321.179 0.301
321.469 0.29
321.764 0.295
322.112 0.348
322.462 0.35
322.824 0.362
323.283 0.459
323.536 0.253
324.078 0.542
324.467 0.389
324.773 0.306
325.045 0.272
325.55 0.505
325.882 0.332
326.405 0.523
326.871 0.466
327.189 0.318
327.486 0.297
327.797 0.311
328.205 0.408
328.559 0.354
328.815 0.256
329.89 1.075
330.163 0.273
330.447 0.284
330.815 0.368
331.111 0.296
331.362 0.251
331.71 0.348
332.051 0.341
332.412 0.361
332.688 0.276
333.109 0.421
333.501 0.392
333.988 0.487
334.31 0.322
334.595 0.285
334.91 0.315
335.226 0.316
335.487 0.261
335.866 0.379
336.221 0.355
336.555 0.334
337.008 0.453
337.378 0.37
345.096 1.102
346.208 1.112
347.303 1.095
348.379 1.076
349.457 1.078
350.531 1.074
351.607 1.076
352.645 1.038
353.715 1.07
354.81 1.095
355.906 1.096
356.982 1.076
358.067 1.085
359.145 1.078
360.232 1.087
361.336 1.104
362.381 1.045
363.467 1.086
364.575 1.108
365.65 1.075
366.734 1.084
367.775 1.041
368.809 1.034
369.87 1.061
370.884 1.014
371.917 1.033
372.955 1.038
373.954 0.999
374.99 1.036
376.056 1.066
377.125 1.069
378.197 1.072
379.315 1.118
380.428 1.113
381.545 1.117
382.666 1.121
383.798 1.132
384.952 1.154
386.035 1.083
387.097 1.062
388.084 0.987
388.99 0.906
389.887 0.897
390.747 0.86
391.63 0.883
392.429 0.799
393.198 0.769
393.964 0.766
394.754 0.79
395.68 0.926
396.54 0.86
397.323 0.783
398.115 0.792
398.91 0.795
399.777 0.867
400.709 0.932
401.625 0.916
402.483 0.858
403.293 0.81
404.194 0.901
405.316 1.122
406.408 1.092
407.394 0.986
408.299 0.905
409.201 0.902
410.036 0.835
410.976 0.94
411.985 1.009
413.061 1.076
414.068 1.007
415.061 0.993
416.069 1.008
417.078 1.009
418.113 1.035
419.104 0.991
420.05 0.946
421.009 0.959
422.004 0.995
423.011 1.007
424.044 1.033
425.067 1.023
426.103 1.036
427.137 1.034
428.142 1.005
429.125 0.983
430.093 0.968
431.087 0.994
432.034 0.947
433.007 0.973
433.97 0.963
434.924 0.954
435.875 0.951
436.832 0.957
437.773 0.941
438.722 0.949
439.67 0.948
440.605 0.935
441.551 0.946
442.498 0.947
443.482 0.984
444.423 0.941
445.445 1.022
446.444 0.999
447.443 0.999
448.469 1.026
449.5 1.031
450.565 1.065
451.633 1.068
452.646 1.013
452.899 0.253
453.164 0.265
453.432 0.268
453.725 0.293
454.031 0.306
454.29 0.259
454.644 0.354
454.923 0.279
455.23 0.307
455.535 0.305
455.918 0.383
456.658 0.74
457.253 0.595
457.558 0.305
458.692 1.134
459.106 0.414
462.82 3.714
463.347 0.527
463.707 0.36
464.254 0.547
464.625 0.371
465.121 0.496
465.387 0.266
465.738 0.351
466.068 0.33
466.353 0.285
467.134 0.781
467.423 0.289
468.139 0.716
468.415 0.276
468.71 0.295
468.999 0.289
469.366 0.367
469.638 0.272
470.225 0.587
470.492 0.267
471.223 0.731
471.654 0.431
471.972 0.318
472.375 0.403
472.64 0.265
472.905 0.265
473.772 0.867
476.963 3.191
477.76 0.797
481.523 3.763
484.085 2.562
484.868 0.783
485.929 1.061
486.298 0.369
486.663 0.365
486.938 0.275
487.329 0.391
487.741 0.412
488.069 0.328
488.58 0.511
489.234 0.654
489.545 0.311
489.977 0.432
490.437 0.46
490.717 0.28
491.34 0.623
493.091 1.751
494.054 0.963
494.37 0.316
494.657 0.287
494.914 0.257
495.183 0.269
496.031 0.848
496.919 0.888
497.256 0.337
497.626 0.37
497.89 0.264
498.291 0.401
498.643 0.352
498.982 0.339
499.272 0.29
499.807 0.535
500.121 0.314
501.483 1.362
501.883 0.4
502.17 0.287
502.635 0.465
503.365 0.73
503.689 0.324
504.555 0.866
505.037 0.482
505.51 0.473
506.115 0.605
506.4 0.285
506.77 0.37
507.641 0.871
508.602 0.961
509.683 1.081
510.617 0.934
511.365 0.748
511.86 0.495
512.3 0.44
512.577 0.277
512.921 0.344
513.854 0.933
514.115 0.261
514.682 0.567
515.779 1.097
516.847 1.068
517.903 1.056
518.921 1.018
519.913 0.992
520.859 0.946
521.826 0.967
522.832 1.006
523.863 1.031
524.916 1.053
525.991 1.075
527.053 1.062
528.09 1.037
529.161 1.071
530.249 1.088
531.252 1.003
532.289 1.037
533.314 1.025
534.388 1.074
535.441 1.053
536.437 0.996
537.502 1.065
538.517 1.015
539.487 0.97
540.445 0.958
541.294 0.849
542.086 0.792
542.917 0.831
543.779 0.862
544.64 0.861
545.724 1.084
546.923 1.199
548.049 1.126
549.143 1.094
550.192 1.049
551.225 1.033
552.238 1.013
553.23 0.992
554.202 0.972
555.053 0.851
555.87 0.817
556.862 0.992
558.011 1.149
559.1 1.089
560.178 1.078
561.268 1.09
562.288 1.02
563.304 1.016
564.299 0.995
565.324 1.025
566.308 0.984
567.348 1.04
568.376 1.028
569.387 1.011
570.371 0.984
571.335 0.964
572.28 0.945
573.226 0.946
574.151 0.925
574.95 0.799
575.778 0.828
576.682 0.904
577.725 1.043
578.8 1.075
579.884 1.084
580.856 0.972
581.849 0.993
582.834 0.985
583.789 0.955
584.725 0.936
585.718 0.993
586.695 0.977
587.712 1.017
588.749 1.037
589.755 1.006
590.776 1.021
591.771 0.995
592.801 1.03
593.809 1.008
594.816 1.007
595.86 1.044
596.89 1.03
597.887 0.997
598.902 1.015
599.883 0.981
600.887 1.004
601.892 1.005