0.000 0.893
0.893 0.893
1.791 0.898
2.649 0.858
3.507 0.858
4.412 0.905
5.286 0.874
6.186 0.9
7.088 0.902
8.044 0.956
9.014 0.97
9.974 0.96
10.96 0.986
11.943 0.983
12.872 0.929
13.781 0.909
14.774 0.993
15.796 1.022
16.825 1.029
17.796 0.971
18.754 0.958
19.629 0.875
20.48 0.851
21.193 0.713
21.918 0.725
22.788 0.87
23.565 0.777
24.296 0.731
25.226 0.93
26.121 0.895
26.983 0.862
27.94 0.957
28.936 0.996
29.834 0.898
30.797 0.963
31.73 0.933
32.671 0.941
33.932 1.261
35.056 1.124
36.205 1.149
37.264 1.059
38.281 1.017
39.361 1.08
40.393 1.032
41.436 1.043
42.526 1.09
43.527 1.001
44.589 1.062
45.695 1.106
46.767 1.072
47.836 1.069
48.909 1.073
49.985 1.076
51.047 1.062
52.1 1.053
53.157 1.057
54.186 1.029
55.265 1.079
56.324 1.059
57.443 1.119
58.539 1.096
59.595 1.056
60.692 1.097
61.798 1.106
62.879 1.081
63.989 1.11
65.075 1.086
66.157 1.082
67.255 1.098
68.308 1.053
69.316 1.008
70.311 0.995
71.333 1.022
72.326 0.993
73.355 1.029
74.411 1.056
75.415 1.004
76.459 1.044
77.495 1.036
78.5 1.005
79.539 1.039
80.55 1.011
81.516 0.966
82.522 1.006
83.597 1.075
84.657 1.06
85.663 1.006
86.766 1.103
87.862 1.096
88.916 1.054
90.032 1.116
91.107 1.075
92.223 1.116
93.323 1.1
94.414 1.091
95.537 1.123
96.631 1.094
97.687 1.056
98.826 1.139
99.913 1.087
100.988 1.075
102.091 1.103
103.149 1.058
104.262 1.113
105.362 1.1
106.473 1.111
107.564 1.091
108.584 1.02
109.619 1.035
110.643 1.024
111.646 1.003
112.704 1.058
113.77 1.066
114.845 1.075
115.921 1.076
116.937 1.016
117.985 1.048
118.995 1.01
119.989 0.994
120.993 1.004
121.987 0.994
123.012 1.025
124.071 1.059
125.084 1.013
126.135 1.051
127.228 1.093
128.25 1.022
129.236 0.986
130.16 0.924
131.028 0.868
131.743 0.715
132.481 0.738
133.346 0.865
134.492 1.146
135.397 0.905
136.255 0.858
137.363 1.108
138.481 1.118
139.508 1.027
140.555 1.047
141.588 1.033
142.586 0.998
143.607 1.021
144.605 0.998
145.588 0.983
146.646 1.058
147.695 1.049
148.7 1.005
149.744 1.044
150.806 1.062
151.827 1.021
152.896 1.069
153.984 1.088
155.036 1.052
156.143 1.107
157.256 1.113
158.357 1.101
159.42 1.063
160.474 1.054
161.6 1.126
162.718 1.118
163.83 1.112
164.969 1.139
166.023 1.054
167.074 1.051
168.092 1.018
169.092 1.0
170.169 1.077
171.251 1.082
172.27 1.019
173.358 1.088
174.403 1.045
175.398 0.995
176.415 1.017
177.504 1.089
178.609 1.105
179.711 1.102
180.772 1.061
181.827 1.055
182.935 1.108
183.966 1.031
185.014 1.048
186.093 1.079
187.171 1.078
188.285 1.114
189.378 1.093
190.469 1.091
191.572 1.103
192.635 1.063
193.697 1.062
194.737 1.04
195.743 1.006
196.828 1.085
197.868 1.04
198.991 1.123
200.142 1.151
201.239 1.097
202.349 1.11
203.417 1.068
204.494 1.077
205.524 1.03
206.579 1.055
207.68 1.101
208.722 1.042
209.798 1.076
210.846 1.048
211.841 0.995
212.959 1.118
214.081 1.122
215.107 1.026
216.211 1.104
217.204 0.993
218.295 1.091
219.355 1.06
220.341 0.986
221.389 1.048
222.423 1.034
223.444 1.021
224.523 1.079
225.539 1.016
226.629 1.09
227.637 1.008
228.646 1.009
229.686 1.04
230.661 0.975
231.721 1.06
232.759 1.038
233.751 0.992
234.789 1.038
235.759 0.97
236.797 1.038
237.783 0.986
238.79 1.007
239.799 1.009
240.749 0.95
241.767 1.018
242.745 0.978
243.739 0.994
244.78 1.041
245.759 0.979
246.753 0.994
247.728 0.975
248.661 0.933
249.638 0.977
250.596 0.958
251.542 0.946
252.534 0.992
253.523 0.989
254.507 0.984
255.518 1.011
256.477 0.959
257.488 1.011
258.461 0.973
259.401 0.94
260.395 0.994
261.386 0.991
262.357 0.971
263.344 0.987
264.31 0.966
265.293 0.983
266.275 0.982
267.235 0.96
268.248 1.013
269.233 0.985
270.196 0.963
271.2 1.004
272.199 0.999
273.247 1.048
274.271 1.024
275.253 0.982
276.301 1.048
277.284 0.983
278.258 0.974
279.259 1.001
280.241 0.982
281.183 0.942
282.172 0.989
283.154 0.982
284.152 0.998
285.185 1.033
286.148 0.963
287.128 0.98
288.051 0.923
288.964 0.913
289.903 0.939
290.928 1.025
291.89 0.962
292.845 0.955
293.776 0.931
294.687 0.911
295.668 0.981
296.651 0.983
297.608 0.957
298.613 1.005
299.574 0.961
300.527 0.953
301.53 1.003
302.465 0.935
303.434 0.969
304.399 0.965
305.369 0.97
306.403 1.034
307.421 1.018
308.48 1.059
309.527 1.047
310.54 1.013
311.581 1.041
312.575 0.994
313.612 1.037
314.632 1.02
315.648 1.016
316.706 1.058
317.711 1.005
318.715 1.004
319.732 1.017
320.718 0.986
321.778 1.06
322.808 1.03
323.84 1.032
324.917 1.077
325.929 1.012
327.007 1.078
328.037 1.03
329.081 1.044
330.108 1.027
331.102 0.994
332.149 1.047
333.136 0.987
334.179 1.043
335.213 1.034
336.217 1.004
337.247 1.03
338.22 0.973
339.131 0.911
340.068 0.937
341.004 0.936
341.927 0.923
342.883 0.956
343.819 0.936
344.763 0.944
345.762 0.999
346.733 0.971
347.73 0.997
348.749 1.019
349.706 0.957
350.718 1.012
351.691 0.973
352.624 0.933
353.615 0.991
354.615 1.0
355.625 1.01
356.672 1.047
357.668 0.996
358.686 1.018
359.684 0.998
360.708 1.024
361.69 0.982
362.657 0.967
363.627 0.97
364.58 0.953
365.486 0.906
366.409 0.923
367.31 0.901
368.202 0.892
369.13 0.928
370.062 0.932
371.023 0.961
372.041 1.018
373.027 0.986
374.049 1.022
375.112 1.063
376.141 1.029
377.181 1.04
378.189 1.008
379.186 0.997
380.209 1.023
381.235 1.026
382.27 1.035
383.327 1.057
384.372 1.045
385.466 1.094
386.567 1.101
387.608 1.041
388.693 1.085
389.774 1.081
390.796 1.022
391.906 1.11
393.017 1.111
394.087 1.07
395.195 1.108
396.246 1.051
397.356 1.11
398.453 1.097
399.546 1.093
400.654 1.108
401.708 1.054
402.807 1.099
403.877 1.07
404.915 1.038
405.973 1.058
407.058 1.085
408.182 1.124
409.324 1.142
410.41 1.086
411.555 1.145
412.637 1.082
413.732 1.095
414.815 1.083
415.885 1.07
416.941 1.056
417.961 1.02
418.995 1.034
420.011 1.016
421.008 0.997
422.044 1.036
423.065 1.021
424.099 1.034
425.173 1.074
426.193 1.02
427.246 1.053
428.295 1.049
429.37 1.075
430.454 1.084
431.493 1.039
432.552 1.059
433.574 1.022
434.567 0.993
435.527 0.96
436.423 0.896
437.182 0.759
437.946 0.764
438.736 0.79
439.527 0.791
440.49 0.963
441.428 0.938
442.384 0.956
443.436 1.052
444.452 1.016
445.403 0.951
446.377 0.974
447.241 0.864
448.085 0.844
448.866 0.781
449.591 0.725
450.409 0.818
451.336 0.927
452.388 1.052
453.443 1.055
454.451 1.008
455.462 1.011
456.421 0.959
457.389 0.968
458.363 0.974
459.319 0.956
460.281 0.962
461.293 1.012
462.272 0.979
463.3 1.028
464.316 1.016
465.331 1.015
466.401 1.07
467.396 0.995
468.46 1.064
469.508 1.048
470.535 1.027
471.571 1.036
472.601 1.03
473.685 1.084
474.715 1.03
475.781 1.066
476.834 1.053
477.876 1.042
478.938 1.062
479.97 1.032
481.033 1.063
482.037 1.004
483.073 1.036
484.116 1.043
485.156 1.04
486.209 1.053
487.218 1.009
488.275 1.057
489.309 1.034
490.363 1.054
491.444 1.081
492.503 1.059
493.563 1.06
494.613 1.05
495.7 1.087
496.776 1.076
497.846 1.07
498.96 1.114
500.015 1.055
501.117 1.102
502.181 1.064
503.189 1.008
504.111 0.922
505.015 0.904
505.86 0.845
506.627 0.767
507.431 0.804
508.49 1.059
509.495 1.005
510.523 1.028
511.592 1.069
512.632 1.04
513.605 0.973
514.613 1.008
515.633 1.02
516.688 1.055
517.704 1.016
518.779 1.075
519.821 1.042
520.872 1.051
521.922 1.05
522.962 1.04
524.035 1.073
525.072 1.037
526.132 1.06
527.209 1.077
528.279 1.07
529.338 1.059
530.365 1.027
531.406 1.041
532.411 1.005
533.429 1.018
534.485 1.056
535.504 1.019
536.543 1.039
537.565 1.022
538.584 1.019
539.62 1.036
540.65 1.03
541.7 1.05
542.716 1.016
543.781 1.065
544.817 1.036
545.84 1.023
546.876 1.036
547.874 0.998
548.926 1.052
549.998 1.072
551.086 1.088
552.17 1.084
553.185 1.015
554.244 1.059
555.267 1.023
556.265 0.998
557.301 1.036
558.253 0.952
559.211 0.958
560.206 0.995
561.159 0.953
562.19 1.031
563.261 1.071
564.308 1.047
565.416 1.108
566.456 1.04
567.492 1.036
568.559 1.067
569.561 1.002
570.631 1.07
571.668 1.037
572.701 1.033
573.769 1.068
574.785 1.016
575.806 1.021
576.828 1.022
577.812 0.984
578.856 1.044
579.904 1.048
580.983 1.079
582.052 1.069
583.122 1.07
584.211 1.089
585.258 1.047
586.367 1.109
587.44 1.073
588.491 1.051
589.572 1.081
590.55 0.978
591.422 0.872
592.257 0.835
593.046 0.789
593.844 0.798
594.606 0.762
595.332 0.726
596.048 0.716
596.933 0.885
597.869 0.936
598.779 0.91
599.587 0.808
600.315 0.728
601.026 0.711