0.000 0.799
0.799 0.799
1.645 0.846
2.622 0.977
3.598 0.976
4.584 0.986
5.471 0.887
6.357 0.886
7.272 0.915
8.183 0.911
9.055 0.872
9.87 0.815
10.68 0.81
11.475 0.795
12.337 0.862
13.144 0.807
13.904 0.76
14.667 0.763
15.436 0.769
16.193 0.757
16.918 0.725
17.622 0.704
18.327 0.705
19.024 0.697
19.717 0.693
20.404 0.687
21.112 0.708
21.866 0.754
22.633 0.767
23.374 0.741
24.148 0.774
24.983 0.835
25.818 0.835
26.609 0.791
27.433 0.824
28.276 0.843
29.117 0.841
29.961 0.844
30.767 0.806
31.555 0.788
32.388 0.833
33.256 0.868
34.115 0.859
34.919 0.804
35.695 0.776
36.434 0.739
37.171 0.737
37.907 0.736
38.679 0.772
39.452 0.773
40.24 0.788
41.032 0.792
41.797 0.765
42.55 0.753
43.311 0.761
44.086 0.775
44.837 0.751
45.597 0.76
46.387 0.79
47.161 0.774
47.937 0.776
48.718 0.781
49.522 0.804
50.312 0.79
51.086 0.774
51.88 0.794
52.701 0.821
53.532 0.831
54.327 0.795
55.109 0.782
55.862 0.753
56.611 0.749
57.337 0.726
58.069 0.732
58.802 0.733
59.521 0.719
60.25 0.729
60.969 0.719
61.692 0.723
62.418 0.726
63.143 0.725
63.884 0.741
64.621 0.737
65.397 0.776
66.213 0.816
67.051 0.838
67.866 0.815
68.648 0.782
69.447 0.799
70.262 0.815
71.075 0.813
71.879 0.804
72.711 0.832
73.559 0.848
74.355 0.796
75.113 0.758
75.86 0.747
76.621 0.761
77.41 0.789
78.238 0.828
79.064 0.826
79.876 0.812
80.66 0.784
81.436 0.776
82.223 0.787
83.393 1.17
84.346 0.953
85.171 0.825
85.954 0.783
86.716 0.762
87.464 0.748
88.204 0.74
88.943 0.739
89.672 0.729
90.441 0.769
91.226 0.785
92.017 0.791
92.778 0.761
93.577 0.799
94.412 0.835
95.25 0.838
96.073 0.823
96.901 0.828
97.782 0.881
98.689 0.907
99.52 0.831
100.332 0.812
101.129 0.797
101.956 0.827
102.767 0.811
103.562 0.795
104.376 0.814
105.229 0.853
106.083 0.854
106.911 0.828
107.736 0.825
108.548 0.812
109.318 0.77
110.084 0.766
110.831 0.747
111.557 0.726
112.283 0.726
113.0 0.717
113.729 0.729
114.446 0.717
115.166 0.72
115.902 0.736
116.67 0.768
117.46 0.79
118.231 0.771
119.011 0.78
119.794 0.783
120.557 0.763
121.335 0.778
122.106 0.771
122.888 0.782
123.66 0.772
124.413 0.753
125.138 0.725
125.871 0.733
126.607 0.736
127.388 0.781
128.164 0.776
128.924 0.76
129.685 0.761
130.435 0.75
131.201 0.766
132.013 0.812
132.815 0.802
133.615 0.8
134.393 0.778
135.146 0.753
135.883 0.737
136.62 0.737
137.387 0.767
138.18 0.793
138.964 0.784
139.745 0.781
140.52 0.775
141.29 0.77
142.039 0.749
142.767 0.728
143.474 0.707
144.17 0.696
144.861 0.691
145.545 0.684
146.23 0.685
146.918 0.688
147.62 0.702
148.351 0.731
149.226 0.875
150.03 0.804
150.873 0.843
151.772 0.899
152.636 0.864
153.486 0.85
154.312 0.826
155.108 0.796
155.878 0.77
156.658 0.78
157.468 0.81
158.304 0.836
159.085 0.781
159.91 0.825
160.793 0.883
161.644 0.851
162.56 0.916
163.451 0.891
164.293 0.842
165.088 0.795
165.86 0.772
166.619 0.759
167.357 0.738
168.094 0.737
168.87 0.776
169.717 0.847
170.548 0.831
171.318 0.77
172.077 0.759
172.843 0.766
173.617 0.774
174.391 0.774
175.175 0.784
175.976 0.801
176.745 0.769
177.548 0.803
178.425 0.877
179.319 0.894
180.217 0.898
181.108 0.891
181.96 0.852
182.807 0.847
183.673 0.866
184.504 0.831
185.329 0.825
186.221 0.892
187.124 0.903
187.943 0.819
188.772 0.829
189.622 0.85
190.525 0.903
191.34 0.815
192.195 0.855
193.057 0.862
193.964 0.907
194.813 0.849
195.666 0.853
196.509 0.843
197.325 0.816
198.097 0.772
198.896 0.799
199.726 0.83
200.537 0.811
201.33 0.793
202.097 0.767
202.846 0.749
203.595 0.749
204.339 0.744
205.092 0.753
205.862 0.77
206.642 0.78
207.418 0.776
208.181 0.763
208.963 0.782
209.772 0.809
210.608 0.836
211.423 0.815
212.302 0.879
213.247 0.945
214.148 0.901
214.996 0.848
215.859 0.863
216.718 0.859
217.532 0.814
218.337 0.805
219.152 0.815
219.965 0.813
220.758 0.793
221.531 0.773
222.304 0.773
223.053 0.749
223.804 0.751
224.531 0.727
225.264 0.733
226.008 0.744
226.798 0.79
227.612 0.814
228.413 0.801
229.238 0.825
230.108 0.87
230.937 0.829
231.78 0.843
232.635 0.855
233.474 0.839
234.266 0.792
235.083 0.817
235.871 0.788
236.682 0.811
237.499 0.817
238.304 0.805
239.126 0.822
239.949 0.823
240.795 0.846
241.6 0.805
242.405 0.805
243.245 0.84
244.09 0.845
244.931 0.841
245.782 0.851
246.623 0.841
247.438 0.815
248.249 0.811
249.03 0.781
249.826 0.796
250.617 0.791
251.403 0.786
252.176 0.773
252.969 0.793
253.803 0.834
254.686 0.883
255.578 0.892
256.439 0.861
257.24 0.801
258.021 0.781
258.79 0.769
259.571 0.781
260.378 0.807
261.183 0.805
262.03 0.847
262.91 0.88
263.724 0.814
264.578 0.854
265.43 0.852
266.222 0.792
267.002 0.78
267.77 0.768
268.523 0.753
269.277 0.754
270.01 0.733
270.758 0.748
271.523 0.765
272.282 0.759
273.032 0.75
273.811 0.779
274.603 0.792
275.408 0.805
276.226 0.818
277.046 0.82
277.849 0.803
278.624 0.775
279.366 0.742
280.122 0.756
280.927 0.805
281.705 0.778
282.534 0.829
283.356 0.822
284.158 0.802
284.945 0.787
285.689 0.744
286.405 0.716
287.102 0.697
287.804 0.702
288.487 0.683
289.186 0.699
289.866 0.68
290.551 0.685
291.227 0.676
291.889 0.662
292.537 0.648
293.162 0.625
293.775 0.613
294.377 0.602
294.974 0.597
295.561 0.587
296.141 0.58
296.727 0.586
297.319 0.592
297.896 0.577
298.475 0.579
299.051 0.576
299.623 0.572
300.203 0.58
300.783 0.58
301.374 0.591
301.975 0.601
302.573 0.598
303.173 0.6
303.768 0.595
304.357 0.589
304.941 0.584
305.518 0.577
306.097 0.579
306.682 0.585
307.269 0.587
307.852 0.583
308.438 0.586
309.018 0.58
309.612 0.594
310.208 0.596
310.832 0.624
311.503 0.671
312.183 0.68
312.878 0.695
313.561 0.683
314.211 0.65
314.854 0.643
315.496 0.642
316.129 0.633
316.764 0.635
317.421 0.657
318.072 0.651
318.727 0.655
319.397 0.67
320.082 0.685
320.767 0.685
321.452 0.685
322.142 0.69
322.844 0.702
323.544 0.7
324.249 0.705
324.951 0.702
325.664 0.713
326.414 0.75
327.213 0.799
327.959 0.746
328.702 0.743
329.407 0.705
330.112 0.705
330.808 0.696
331.5 0.692
332.198 0.698
332.879 0.681
333.558 0.679
334.231 0.673
334.899 0.668
335.574 0.675
336.257 0.683
336.962 0.705
337.69 0.728
338.396 0.706
339.107 0.711
339.796 0.689
340.474 0.678
341.146 0.672
341.811 0.665
342.47 0.659
343.126 0.656
343.8 0.674
344.474 0.674
345.138 0.664
345.79 0.652
346.438 0.648
347.078 0.64
347.715 0.637
348.347 0.632
348.975 0.628
349.595 0.62
350.228 0.633
350.861 0.633
351.522 0.661
352.248 0.726
352.975 0.727
353.687 0.712
354.402 0.715
355.128 0.726
355.845 0.717
356.55 0.705
357.232 0.682
357.917 0.685
358.6 0.683
359.291 0.691
359.981 0.69
360.682 0.701
361.39 0.708
362.099 0.709
362.806 0.707
363.525 0.719
364.237 0.712
364.948 0.711
365.666 0.718
366.401 0.735
367.166 0.765
367.941 0.775
368.7 0.759
369.455 0.755
370.204 0.749
370.963 0.759
371.726 0.763
372.497 0.771
373.283 0.786
374.061 0.778
374.835 0.774
375.602 0.767
376.36 0.758
377.108 0.748
377.865 0.757
378.623 0.758
379.367 0.744
380.123 0.756
380.874 0.751
381.643 0.769
382.417 0.774
383.191 0.774
383.942 0.751
384.684 0.742
385.412 0.728
386.121 0.709
386.818 0.697
387.514 0.696
388.543 1.029
389.46 0.917
390.282 0.822
391.1 0.818
391.875 0.775
392.629 0.754
393.367 0.738
394.079 0.712
394.802 0.723
395.523 0.721
396.242 0.719
396.952 0.71
397.664 0.712
398.392 0.728
399.135 0.743
399.88 0.745
400.629 0.749
401.38 0.751
402.145 0.765
402.915 0.77
403.725 0.81
404.548 0.823
405.356 0.808
406.209 0.853
407.086 0.877
407.955 0.869
408.762 0.807
409.558 0.796
410.344 0.786
411.125 0.781
411.889 0.764
412.689 0.8
413.504 0.815
414.312 0.808
415.095 0.783
415.881 0.786
416.668 0.787
417.443 0.775
418.219 0.776
418.994 0.775
419.783 0.789
420.571 0.788
421.339 0.768
422.111 0.772
422.877 0.766
423.626 0.749
424.377 0.751
425.117 0.74
425.845 0.728
426.575 0.73
427.311 0.736
428.058 0.747
428.798 0.74
429.54 0.742
430.269 0.729
430.999 0.73
431.717 0.718
432.438 0.721
433.158 0.72
433.887 0.729
434.614 0.727
435.343 0.729
436.086 0.743
436.844 0.758
437.602 0.758
438.369 0.767
439.138 0.769
439.892 0.754
440.646 0.754
441.402 0.756
442.152 0.75
442.929 0.777
443.702 0.773
444.467 0.765
445.218 0.751
445.954 0.736
446.69 0.736
447.41 0.72
448.126 0.716
448.832 0.706
449.552 0.72
450.276 0.724
451.019 0.743
451.792 0.773
452.587 0.795
453.366 0.779
454.153 0.787
454.914 0.761
455.693 0.779
456.468 0.775
457.236 0.768
458.002 0.766
458.769 0.767
459.535 0.766
460.297 0.762
461.055 0.758
461.804 0.749
462.563 0.759
463.334 0.771
464.115 0.781
464.944 0.829
465.739 0.795
466.534 0.795
467.336 0.802
468.181 0.845
469.02 0.839
469.827 0.807
470.627 0.8
471.408 0.781
472.198 0.79
472.998 0.8
473.803 0.805
474.616 0.813
475.419 0.803
476.186 0.767
476.953 0.767
477.687 0.734
478.413 0.726
479.149 0.736
479.887 0.738
480.62 0.733
481.352 0.732
482.078 0.726
482.795 0.717
483.504 0.709
484.217 0.713
484.911 0.694
485.609 0.698
486.297 0.688
486.975 0.678
487.652 0.677
488.346 0.694
489.06 0.714
489.773 0.713
490.513 0.74
491.298 0.785
492.142 0.844
492.977 0.835
493.811 0.834
494.654 0.843
495.505 0.851
496.298 0.793
497.064 0.766
497.839 0.775
498.643 0.804
499.454 0.811
500.25 0.796
501.06 0.81
501.875 0.815
502.695 0.82
503.502 0.807
504.287 0.785
505.044 0.757
505.774 0.73
506.493 0.719
507.206 0.713
507.916 0.71
508.631 0.715
509.366 0.735
510.582 1.216
511.485 0.903
512.364 0.879
513.186 0.822
513.952 0.766
514.711 0.759
515.451 0.74
516.192 0.741
516.946 0.754
517.688 0.742
518.426 0.738
519.188 0.762
519.953 0.765
520.733 0.78
521.563 0.83
522.424 0.861
523.336 0.912
524.24 0.904
525.18 0.94
526.073 0.893
526.893 0.82
527.674 0.781
528.447 0.773
529.203 0.756
529.97 0.767
530.728 0.758
531.477 0.749
532.221 0.744
532.959 0.738
533.7 0.741
534.452 0.752
535.224 0.772
536.033 0.809
536.838 0.805
537.613 0.775
538.403 0.79
539.197 0.794
539.998 0.801
540.813 0.815
541.611 0.798
542.422 0.811
543.273 0.851
544.096 0.823
544.926 0.83
545.72 0.794
546.51 0.79
547.309 0.799
548.11 0.801
548.898 0.788
549.67 0.772
550.456 0.786
551.242 0.786
552.026 0.784
552.804 0.778
553.595 0.791
554.394 0.799
555.198 0.804
555.955 0.757
556.698 0.743
557.42 0.722
558.141 0.721
558.838 0.697
559.542 0.704
560.244 0.702
560.946 0.702
561.652 0.706
562.402 0.75
563.164 0.762
563.903 0.739
564.658 0.755
565.415 0.757
566.186 0.771
566.961 0.775
567.705 0.744
568.455 0.75
569.229 0.774
570.037 0.808
570.861 0.824
571.676 0.815
572.479 0.803
573.35 0.871
574.273 0.923
575.222 0.949
576.064 0.842
576.904 0.84
577.744 0.84
578.546 0.802
579.33 0.784
580.11 0.78
580.921 0.811
581.757 0.836
582.606 0.849
583.406 0.8
584.234 0.828
585.08 0.846
585.958 0.878
586.758 0.8
587.546 0.788
588.304 0.758
589.081 0.777
589.902 0.821
590.757 0.855
591.608 0.851
592.414 0.806
593.236 0.822
594.076 0.84
594.972 0.896
595.821 0.849
596.658 0.837
597.495 0.837
598.377 0.882
599.199 0.822
600.026 0.827
600.826 0.8
601.618 0.792
602.381 0.763
603.127 0.746
603.871 0.744
604.628 0.757
605.378 0.75
606.15 0.772
606.934 0.784