0.000 0.897
0.897 0.897
1.787 0.89
2.622 0.835
3.443 0.821
4.266 0.823
5.103 0.837
5.966 0.863
6.819 0.853
7.661 0.842
7.918 0.257
8.508 0.59
9.422 0.914
10.424 1.002
11.473 1.049
12.492 1.019
13.57 1.078
14.661 1.091
15.707 1.046
16.792 1.085
17.876 1.084
18.891 1.015
19.96 1.069
21.126 1.166
22.285 1.159
23.43 1.145
24.633 1.203
25.744 1.111
26.853 1.109
28.014 1.161
29.151 1.137
30.23 1.079
31.376 1.146
32.493 1.117
33.559 1.066
34.688 1.129
35.796 1.108
36.81 1.014
37.869 1.059
38.95 1.081
40.015 1.065
41.145 1.13
42.295 1.15
43.397 1.102
44.544 1.147
45.722 1.178
46.841 1.119
47.98 1.139
49.079 1.099
50.184 1.105
51.334 1.15
52.466 1.132
53.551 1.085
54.585 1.034
55.508 0.923
56.401 0.893
57.324 0.923
58.289 0.965
59.378 1.089
60.476 1.098
61.549 1.073
62.665 1.116
63.757 1.092
64.797 1.04
65.862 1.065
66.931 1.069
67.952 1.021
69.033 1.081
70.128 1.095
71.216 1.088
72.394 1.178
73.582 1.188
74.692 1.11
75.865 1.173
77.033 1.168
78.137 1.104
79.259 1.122
80.358 1.099
81.404 1.046
82.469 1.065
83.564 1.095
84.617 1.053
85.757 1.14
86.905 1.148
88.038 1.133
89.225 1.187
90.371 1.146
91.536 1.165
92.703 1.167
93.79 1.087
94.853 1.063
95.966 1.113
97.079 1.113
98.133 1.054
99.22 1.087
100.295 1.075
101.383 1.088
102.567 1.184
103.751 1.184
104.885 1.134
106.054 1.169
107.164 1.11
108.32 1.156
109.439 1.119
110.511 1.072
111.663 1.152
112.84 1.177
113.959 1.119
115.126 1.167
116.246 1.12
117.351 1.105
118.523 1.172
119.675 1.152
120.807 1.132
121.995 1.188
123.148 1.153
124.236 1.088
125.398 1.162
126.6 1.202
127.734 1.134
128.863 1.129
130.09 1.227
131.283 1.193
132.418 1.135
133.585 1.167
134.746 1.161
135.801 1.055
136.904 1.103
138.136 1.232
139.375 1.239
140.583 1.208
141.814 1.231
142.995 1.181
144.093 1.098
145.259 1.166
146.462 1.203
147.572 1.11
148.68 1.108
149.762 1.082
150.695 0.933
151.707 1.012
152.806 1.099
153.803 0.997
154.831 1.028
156.025 1.194
157.256 1.231
158.425 1.169
159.597 1.172
160.77 1.173
161.893 1.123
162.848 0.955
163.709 0.861
164.68 0.971
165.895 1.215
167.154 1.259
168.468 1.314
169.702 1.234
170.911 1.209
172.159 1.248
173.414 1.255
174.644 1.23
175.803 1.159
176.977 1.174
178.13 1.153
179.186 1.056
180.228 1.042
181.171 0.943
182.147 0.976
183.23 1.083
184.377 1.147
185.453 1.076
186.621 1.168
187.787 1.166
188.9 1.113
190.045 1.145
191.081 1.036
192.179 1.098
193.339 1.16
194.457 1.118
195.616 1.159
196.781 1.165
197.917 1.136
199.092 1.175
200.249 1.157
201.442 1.193
202.634 1.192
203.776 1.142
204.976 1.2
206.174 1.198
207.371 1.197
208.632 1.261
209.838 1.206
211.046 1.208
212.319 1.273
213.568 1.249
214.778 1.21
215.986 1.208
217.142 1.156
218.336 1.194
219.545 1.209
220.662 1.117
221.812 1.15
223.071 1.259
224.282 1.211
225.461 1.179
226.641 1.18
227.699 1.058
228.875 1.176
230.134 1.259
231.381 1.247
232.668 1.287
233.883 1.215
235.089 1.206
236.278 1.189
237.368 1.09
238.56 1.192
239.799 1.239
241.021 1.222
242.284 1.263
243.515 1.231
244.662 1.147
245.875 1.213
247.201 1.326
248.422 1.221
249.497 1.075
250.536 1.039
251.492 0.956
252.486 0.994
253.656 1.17
254.713 1.057
255.889 1.176
257.104 1.215
258.217 1.113
259.402 1.185
260.576 1.174
261.657 1.081
262.761 1.104
263.925 1.164
265.035 1.11
266.227 1.192
267.532 1.305
268.684 1.152
269.814 1.13
270.963 1.149
272.069 1.106
273.27 1.201
274.489 1.219
275.634 1.145
276.883 1.249
278.128 1.245
279.272 1.144
280.456 1.184
281.65 1.194
282.751 1.101
283.887 1.136
285.034 1.147
286.21 1.176
287.486 1.276
288.746 1.26
289.995 1.249
291.248 1.253
292.401 1.153
293.544 1.143
294.745 1.201
295.841 1.096
296.988 1.147
298.196 1.208
299.388 1.192
300.58 1.192
301.835 1.255
303.06 1.225
304.16 1.1
305.33 1.17
306.571 1.241
307.743 1.172
308.868 1.125
310.086 1.218
311.314 1.228
312.464 1.15
313.689 1.225
314.909 1.22
315.952 1.043
317.127 1.175
318.432 1.305
319.652 1.22
320.897 1.245
322.12 1.223
323.316 1.196
324.443 1.127
325.659 1.216
326.951 1.292
328.246 1.295
329.583 1.337
330.934 1.351
332.1 1.166
333.315 1.215
334.608 1.293
335.872 1.264
337.052 1.18
338.208 1.156
339.27 1.062
340.249 0.979
341.21 0.961
342.179 0.969
343.463 1.284
344.692 1.229
345.971 1.279
347.246 1.275
348.347 1.101
349.299 0.952
350.328 1.029
351.541 1.213
352.787 1.246
353.969 1.182
355.219 1.25
356.505 1.286
357.65 1.145
358.848 1.198
360.079 1.231
361.169 1.09
362.338 1.169
363.591 1.253
364.749 1.158
365.984 1.235
367.259 1.275
368.435 1.176
369.639 1.204
370.904 1.265
372.02 1.116
373.061 1.041
374.128 1.067
375.195 1.067
376.429 1.234
377.67 1.241
378.709 1.039
379.744 1.035
380.82 1.076
381.924 1.104
382.905 0.981
383.996 1.091
385.192 1.196
386.337 1.145
387.444 1.107
388.624 1.18
389.79 1.166
390.784 0.994
391.828 1.044
392.985 1.157
394.115 1.13
395.111 0.996
396.232 1.121
397.503 1.271
398.74 1.237
399.88 1.14
401.013 1.133
402.081 1.068
403.146 1.065
404.2 1.054
405.278 1.078
406.358 1.08
407.314 0.956
408.413 1.099
409.673 1.26
410.828 1.155
411.888 1.06
413.02 1.132
414.256 1.236
415.464 1.208
416.742 1.278
417.816 1.074
419.059 1.243
420.35 1.291
421.502 1.152
422.773 1.271
424.061 1.288
425.311 1.25
426.663 1.352
427.86 1.197
429.045 1.185
430.212 1.167
431.219 1.007
432.378 1.159
433.705 1.327
434.779 1.074
435.933 1.154
437.117 1.184
438.182 1.065
439.225 1.043
440.454 1.229
441.775 1.321
442.97 1.195
444.172 1.202
445.39 1.218
446.536 1.146
447.4 0.864
448.267 0.867
449.243 0.976
450.22 0.977
451.099 0.879
451.944 0.845
452.743 0.799
453.585 0.842
454.51 0.925
455.863 1.353
457.164 1.301
458.455 1.291
459.714 1.259
460.886 1.172
462.007 1.121
462.957 0.95
463.913 0.956
464.925 1.012
465.897 0.972
466.934 1.037
468.001 1.067
468.983 0.982
469.991 1.008
470.918 0.927
471.809 0.891
472.758 0.949
473.769 1.011
474.711 0.942
475.79 1.079
476.999 1.209
478.223 1.224
479.399 1.176
480.598 1.199
481.868 1.27
483.123 1.255
484.316 1.193
485.513 1.197
486.691 1.178
487.826 1.135
489.037 1.211
490.259 1.222
491.377 1.118
492.597 1.22
493.929 1.332
495.154 1.225
496.461 1.307
497.725 1.264
498.956 1.231
500.216 1.26
501.362 1.146
502.508 1.146
503.702 1.194
504.89 1.188
506.032 1.142
507.256 1.224
508.464 1.208
509.642 1.178
510.851 1.209
511.964 1.113
513.131 1.167
514.378 1.247
515.53 1.152
516.74 1.21
517.949 1.209
519.082 1.133
520.308 1.226
521.537 1.229
522.739 1.202
523.947 1.208
525.094 1.147
526.249 1.155
527.404 1.155
528.324 0.92
529.252 0.928
530.176 0.924
531.065 0.889
532.02 0.955
533.102 1.082
534.058 0.956
535.136 1.078
536.354 1.218
537.576 1.222
538.749 1.173
539.943 1.194
541.06 1.117
542.119 1.059
543.202 1.083
544.283 1.081
545.23 0.947
546.291 1.061
547.432 1.141
548.559 1.127
549.724 1.165
550.952 1.228
552.09 1.138
553.238 1.148
554.477 1.239
555.691 1.214
556.881 1.19
558.088 1.207
559.314 1.226
560.405 1.091
561.538 1.133
562.709 1.171
563.767 1.058
564.874 1.107
565.924 1.05
566.888 0.964
568.011 1.123
569.278 1.267
570.419 1.141
571.603 1.184
572.801 1.198
573.839 1.038
574.971 1.132
576.202 1.231
577.387 1.185
578.466 1.079
579.656 1.19
580.841 1.185
581.894 1.053
583.026 1.132
584.215 1.189
585.302 1.087
586.391 1.089
587.497 1.106
588.583 1.086
589.604 1.021
590.733 1.129
591.86 1.127
593.082 1.222
594.385 1.303
595.514 1.129
596.649 1.135
597.84 1.191
598.977 1.137
600.056 1.079
601.251 1.195
602.495 1.244
603.723 1.228
604.964 1.241
605.989 1.025
607.142 1.153
608.468 1.326
609.586 1.118
610.779 1.193
611.811 1.032
612.672 0.861
613.556 0.884
614.6 1.044
616.01 1.41
617.358 1.348
618.722 1.364
620.015 1.293
621.24 1.225
622.423 1.183
623.57 1.147
624.603 1.033
625.696 1.093
626.863 1.167
628.003 1.14
628.979 0.976
630.033 1.054
631.182 1.149
632.349 1.167
633.554 1.205
634.78 1.226
635.967 1.187
637.057 1.09
638.195 1.138
639.347 1.152
640.466 1.119
641.634 1.168
642.808 1.174
643.909 1.101
644.994 1.085
646.095 1.101
647.242 1.147
648.376 1.134
649.567 1.191
650.717 1.15
651.784 1.067
652.947 1.163
654.307 1.36
655.559 1.252
656.62 1.061
657.728 1.108
658.933 1.205
660.034 1.101
661.241 1.207
662.548 1.307
663.804 1.256
664.992 1.188
666.225 1.233
667.454 1.229
668.646 1.192
669.872 1.226
671.033 1.161
672.168 1.135
673.375 1.207
674.671 1.296
675.911 1.24
677.206 1.295
678.442 1.236
679.726 1.284
680.856 1.13
681.946 1.09
683.084 1.138
684.204 1.12
685.299 1.095
686.485 1.186
687.672 1.187
688.843 1.171
690.034 1.191
691.08 1.046
692.171 1.091
693.382 1.211
694.605 1.223
695.8 1.195
697.071 1.271
698.331 1.26
699.459 1.128
700.633 1.174
701.759 1.126
702.712 0.953
703.718 1.006
704.858 1.14
706.049 1.191
707.203 1.154
708.432 1.229
709.642 1.21
710.795 1.153
711.919 1.124
713.048 1.129
714.038 0.99
715.007 0.969
715.98 0.973
716.966 0.986
717.875 0.909
718.852 0.977
719.921 1.069
720.992 1.071
721.885 0.893
722.765 0.88
723.649 0.884
724.567 0.918
725.445 0.878
726.384 0.939
727.398 1.014
728.455 1.057
729.478 1.023
730.47 0.992
731.459 0.989
732.468 1.009
733.463 0.995
734.389 0.926
735.316 0.927
736.285 0.969
737.292 1.007
738.293 1.001
739.297 1.004
740.259 0.962
741.157 0.898
742.008 0.851
742.917 0.909
743.934 1.017
745.037 1.103
746.11 1.073
747.155 1.045
748.262 1.107
749.444 1.182
750.608 1.164
751.746 1.138
752.901 1.155
753.951 1.05
754.951 1.0
756.034 1.083
757.164 1.13
758.218 1.054
759.425 1.207
760.751 1.326
761.923 1.172
763.106 1.183
764.323 1.217
765.525 1.202
766.609 1.084
767.746 1.137
768.9 1.154
769.968 1.068
771.09 1.122
772.261 1.171
773.378 1.117
774.537 1.159
775.674 1.137
776.623 0.949
777.661 1.038
778.811 1.15
779.962 1.151
781.12 1.158
782.368 1.248
783.541 1.173
784.66 1.119
785.839 1.179
787.049 1.21
788.191 1.142
789.331 1.14
790.383 1.052
791.33 0.947
792.324 0.994
793.379 1.055
794.411 1.032
795.512 1.101
796.646 1.134
797.741 1.095
798.865 1.124
799.997 1.132
801.112 1.115
802.242 1.13
803.374 1.132
804.501 1.127
805.473 0.972
806.463 0.99
807.45 0.987
808.315 0.865
809.27 0.955
810.422 1.152
811.624 1.202
812.743 1.119
813.908 1.165
815.074 1.166
816.167 1.093
817.305 1.138
818.425 1.12
819.414 0.989
820.431 1.017
821.523 1.092
822.668 1.145
823.814 1.146
824.931 1.117
825.967 1.036
827.043 1.076
828.162 1.119
829.298 1.136
830.321 1.023
831.449 1.128
832.653 1.204
833.882 1.229
835.078 1.196
836.352 1.274
837.577 1.225
838.792 1.215
840.013 1.221
841.141 1.128
842.25 1.109
843.308 1.058
844.211 0.903
845.16 0.949
846.15 0.99
847.251 1.101
848.336 1.085
849.485 1.149
850.5 1.015
851.483 0.983
852.609 1.126
853.919 1.31
855.187 1.268
856.389 1.202
857.58 1.191