0.000 0.858
0.858 0.858
1.666 0.808
2.386 0.72
3.195 0.809
3.915 0.72
4.64 0.725
5.353 0.713
6.047 0.694
6.799 0.752
7.575 0.776
8.311 0.736
9.07 0.759
9.902 0.832
10.611 0.709
11.318 0.707
12.046 0.728
12.766 0.72
13.425 0.659
14.097 0.672
14.783 0.686
15.51 0.727
16.193 0.683
16.862 0.669
17.805 0.943
18.65 0.845
19.443 0.793
20.148 0.705
20.824 0.676
21.489 0.665
22.153 0.664
22.857 0.704
23.635 0.778
24.498 0.863
25.417 0.919
26.336 0.919
27.215 0.879
28.002 0.787
28.785 0.783
29.584 0.799
30.435 0.851
31.322 0.887
32.28 0.958
33.232 0.952
34.153 0.921
35.044 0.891
35.869 0.825
36.677 0.808
37.4 0.723
38.114 0.714
38.861 0.747
39.683 0.822
40.416 0.733
41.188 0.772
42.002 0.814
42.784 0.782
43.537 0.753
44.29 0.753
45.066 0.776
45.868 0.802
46.599 0.731
47.358 0.759
48.17 0.812
49.08 0.91
49.971 0.891
50.812 0.841
51.731 0.919
52.651 0.92
53.453 0.802
54.218 0.765
54.993 0.775
55.784 0.791
56.571 0.787
57.464 0.893
58.355 0.891
59.171 0.816
59.975 0.804
60.799 0.824
61.637 0.838
62.399 0.762
63.175 0.776
63.969 0.794
64.738 0.769
65.487 0.749
66.279 0.792
67.088 0.809
67.857 0.769
68.644 0.787
69.482 0.838
70.332 0.85
71.117 0.785
71.911 0.794
72.722 0.811
73.519 0.797
74.286 0.767
75.106 0.82
75.934 0.828
76.762 0.828
77.599 0.837
78.404 0.805
79.14 0.736
79.836 0.696
80.529 0.693
81.295 0.766
82.209 0.914
83.07 0.861
83.892 0.822
84.74 0.848
85.564 0.824
86.315 0.751
87.069 0.754
87.831 0.762
88.626 0.795
89.43 0.804
90.198 0.768
91.016 0.818
91.883 0.867
92.72 0.837
93.517 0.797
94.355 0.838
95.179 0.824
95.944 0.765
96.71 0.766
97.537 0.827
98.366 0.829
99.182 0.816
99.983 0.801
100.85 0.867
101.74 0.89
102.568 0.828
103.406 0.838
104.281 0.875
105.208 0.927
106.059 0.851
106.897 0.838
107.749 0.852
108.594 0.845
109.373 0.779
110.199 0.826
111.102 0.903
111.95 0.848
112.75 0.8
113.595 0.845
114.459 0.864
115.316 0.857
116.142 0.826
117.007 0.865
117.869 0.862
118.674 0.805
119.441 0.767
120.233 0.792
121.063 0.83
121.871 0.808
122.655 0.784
123.461 0.806
124.257 0.796
125.0 0.743
125.753 0.753
126.567 0.814
127.437 0.87
128.315 0.878
129.199 0.884
130.126 0.927
131.005 0.879
131.811 0.806
132.623 0.812
133.486 0.863
134.408 0.922
135.298 0.89
136.113 0.815
136.952 0.839
137.809 0.857
138.712 0.903
139.575 0.863
140.462 0.887
141.412 0.95
142.301 0.889
143.098 0.797
143.916 0.818
144.751 0.835
145.556 0.805
146.336 0.78
147.165 0.829
148.03 0.865
148.85 0.82
149.688 0.838
150.49 0.802
151.224 0.734
151.968 0.744
152.713 0.745
153.45 0.737
154.196 0.746
154.969 0.773
155.709 0.74
156.45 0.741
157.207 0.757
157.937 0.73
158.607 0.67
159.255 0.648
159.875 0.62
160.48 0.605
161.083 0.603
161.693 0.61
162.334 0.641
162.999 0.665
163.69 0.691
164.412 0.722
165.134 0.722
165.837 0.703
166.576 0.739
167.358 0.782
168.145 0.787
168.914 0.769
169.733 0.819
170.589 0.856
171.463 0.874
172.28 0.817
173.129 0.849
173.981 0.852
174.792 0.811
175.561 0.769
176.406 0.845
177.267 0.861
178.052 0.785
178.839 0.787
179.628 0.789
180.405 0.777
181.139 0.734
181.91 0.771
182.718 0.808
183.503 0.785
184.245 0.742
185.015 0.77
185.817 0.802
186.593 0.776
187.373 0.78
188.217 0.844
189.088 0.871
189.893 0.805
190.7 0.807
191.48 0.78
192.361 0.881
193.19 0.829
193.969 0.779
194.783 0.814
195.664 0.881
196.507 0.843
197.289 0.782
198.082 0.793
198.902 0.82
199.722 0.82
200.465 0.743
201.193 0.728
201.975 0.782
202.827 0.852
203.664 0.837
204.598 0.934
205.539 0.941
206.432 0.893
207.254 0.822
208.106 0.852
208.996 0.89
209.848 0.852
210.645 0.797
211.504 0.859
212.441 0.937
213.336 0.895
214.184 0.848
215.076 0.892
215.986 0.91
216.809 0.823
217.605 0.796
218.415 0.81
219.253 0.838
220.082 0.829
220.872 0.79
221.691 0.819
222.531 0.84
223.357 0.826
224.094 0.737
224.825 0.731
225.542 0.717
226.262 0.72
226.973 0.711
227.749 0.776
228.652 0.903
229.548 0.896
230.383 0.835
231.227 0.844
232.073 0.846
232.937 0.864
233.771 0.834
234.543 0.772
235.341 0.798
236.177 0.836
237.063 0.886
237.886 0.823
238.718 0.832
239.581 0.863
240.442 0.861
241.287 0.845
242.158 0.871
243.052 0.894
243.866 0.814
244.858 0.992
245.868 1.01
246.844 0.976
247.763 0.919
248.721 0.958
249.589 0.868
250.36 0.771
251.149 0.789
252.222 1.073
253.251 1.029
254.284 1.033
255.3 1.016
256.242 0.942
257.195 0.953
258.071 0.876
258.848 0.777
259.56 0.712
260.228 0.668
260.88 0.652
261.512 0.632
262.129 0.617
262.747 0.618
263.375 0.628
264.018 0.643
264.796 0.778
265.539 0.743
266.254 0.715
266.916 0.662
267.583 0.667
268.248 0.665
268.896 0.648
269.511 0.615
270.133 0.622
270.739 0.606
271.332 0.593
271.91 0.578
272.476 0.566
273.036 0.56
273.592 0.556
274.157 0.565
274.735 0.578
275.324 0.589
275.901 0.577
276.469 0.568
277.037 0.568
277.606 0.569
278.17 0.564
278.752 0.582
279.371 0.619
280.272 0.901
281.202 0.93
282.131 0.929
282.966 0.835
283.44 0.474
283.817 0.377
284.892 1.075
285.385 0.493
287.143 1.758
287.431 0.288
287.822 0.391
297.383 9.561
297.995 0.612
298.852 0.857
301.203 2.351
302.054 0.851
302.647 0.593
303.128 0.481
305.024 1.896
305.763 0.739
307.01 1.247
307.439 0.429
307.759 0.32
308.208 0.449
310.04 1.832
310.399 0.359
311.181 0.782
311.635 0.454
323.995 12.36
325.111 1.116
326.139 1.028
327.042 0.903
327.887 0.845
328.631 0.744
329.32 0.689
330.012 0.692
330.782 0.77
331.849 1.067
332.855 1.006
333.77 0.915
334.736 0.966
335.606 0.87
336.449 0.843
337.33 0.881
338.26 0.93
339.08 0.82
339.823 0.743
340.594 0.771
341.359 0.765
342.109 0.75
342.848 0.739
343.64 0.792
344.497 0.857
345.285 0.788
346.097 0.812
346.851 0.754
347.549 0.698
348.257 0.708
349.027 0.77
349.826 0.799
350.662 0.836
351.512 0.85
352.358 0.846
353.13 0.772
353.942 0.812
354.817 0.875
355.707 0.89
356.474 0.767
357.244 0.77
358.02 0.776
358.723 0.703
359.534 0.811
360.528 0.994
361.332 0.804
362.155 0.823
362.905 0.75
363.638 0.733
364.352 0.714
365.052 0.7
365.78 0.728
366.686 0.906
367.639 0.953
368.544 0.905
369.369 0.825
370.09 0.721
370.803 0.713
371.532 0.729
372.33 0.798
373.084 0.754
373.977 0.893
374.88 0.903
375.758 0.878
376.611 0.853
377.422 0.811
378.272 0.85
379.049 0.777
379.756 0.707
380.543 0.787
381.314 0.771
382.096 0.782
382.792 0.696
383.458 0.666
384.114 0.656
384.763 0.649
385.4 0.637
386.033 0.633
386.731 0.698
387.629 0.898
388.563 0.934
389.411 0.848
390.157 0.746
390.903 0.746
391.633 0.73
392.377 0.744
393.059 0.682
393.773 0.714
394.338 0.565
394.618 0.28
394.954 0.336
403.431 1.437
404.133 0.702
404.84 0.707
405.561 0.721
406.306 0.745
407.027 0.721
407.672 0.645
408.319 0.647
408.944 0.625
409.552 0.608
410.149 0.597
410.748 0.599
411.392 0.644
412.249 0.857
413.201 0.952
414.079 0.878
414.914 0.835
415.686 0.772
416.422 0.736
417.143 0.721
417.927 0.784
418.666 0.739
419.378 0.712
420.065 0.687
420.814 0.749
421.514 0.7
422.165 0.651
422.812 0.647
423.498 0.686
424.205 0.707
425.101 0.896
426.099 0.998
427.056 0.957
428.031 0.975
429.0 0.969
429.917 0.917
430.741 0.824
431.496 0.755
432.211 0.715
432.928 0.717
433.697 0.769
434.519 0.822
435.347 0.828
436.072 0.725
436.74 0.668
437.392 0.652
438.15 0.758
438.837 0.687
439.487 0.65
440.114 0.627
440.736 0.622
441.342 0.606
441.937 0.595
442.532 0.595
443.137 0.605
443.798 0.661
444.538 0.74
445.249 0.711
445.918 0.669
446.559 0.641
447.185 0.626
447.798 0.613
448.407 0.609
449.022 0.615
449.666 0.644
450.431 0.765
451.328 0.897
452.228 0.9
453.106 0.878
453.888 0.782
454.725 0.837
455.585 0.86
456.412 0.827
457.299 0.887
458.145 0.846
458.916 0.771
459.6 0.684
460.283 0.683
460.931 0.648
461.606 0.675
462.336 0.73
463.373 1.037
464.294 0.921
465.154 0.86
466.002 0.848
466.77 0.768
467.51 0.74
468.23 0.72
468.881 0.651
469.555 0.674
470.207 0.652
470.852 0.645
471.481 0.629
472.107 0.626
472.712 0.605
473.316 0.604
473.915 0.599
474.523 0.608
475.145 0.622
475.771 0.626
476.381 0.61
476.988 0.607
477.598 0.61
478.218 0.62
478.825 0.607
479.413 0.588
479.996 0.583
480.582 0.586
481.198 0.616
482.297 1.099
483.271 0.974
484.283 1.012
485.281 0.998
486.237 0.956
487.116 0.879
488.028 0.912
488.838 0.81
489.643 0.805
490.439 0.796
491.132 0.693
491.974 0.842
492.945 0.971
493.967 1.022
494.914 0.947
495.821 0.907
496.673 0.852
497.446 0.773
498.186 0.74
498.912 0.726
499.667 0.755
500.464 0.797
501.298 0.834
502.125 0.827
502.897 0.772
503.663 0.766
504.511 0.848
505.377 0.866
506.215 0.838
506.942 0.727
507.646 0.704
508.321 0.675
508.961 0.64
509.573 0.612
510.222 0.649
510.912 0.69
511.635 0.723
512.376 0.741
513.2 0.824
514.077 0.877
514.932 0.855
515.721 0.789
516.446 0.725
517.105 0.659
517.75 0.645
518.355 0.605
518.959 0.604
519.58 0.621
520.381 0.801
521.398 1.017
522.393 0.995
523.421 1.028
524.416 0.995
525.327 0.911
526.228 0.901
527.107 0.879
527.874 0.767
528.605 0.731
529.369 0.764
530.1 0.731
530.8 0.7
531.477 0.677
532.187 0.71
532.937 0.75
533.74 0.803
534.494 0.754
535.332 0.838
536.17 0.838
536.978 0.808
537.692 0.714
538.43 0.738
539.179 0.749
539.91 0.731
540.577 0.667
541.267 0.69
541.97 0.703
542.706 0.736
543.364 0.658
544.048 0.684
544.722 0.674
545.414 0.692
546.051 0.637
546.704 0.653
547.339 0.635
547.972 0.633
548.614 0.642
549.262 0.648
549.901 0.639
550.519 0.618
551.121 0.602
551.733 0.612
552.345 0.612
552.93 0.585
553.513 0.583
554.086 0.573
554.646 0.56
555.207 0.561
555.768 0.561
556.364 0.596
557.166 0.802
557.886 0.72
558.612 0.726
559.41 0.798
560.245 0.835
561.019 0.774
561.792 0.773
562.518 0.726
563.176 0.658
563.823 0.647
564.464 0.641
565.111 0.647
565.767 0.656
566.463 0.696
567.279 0.816
568.122 0.843
568.927 0.805
569.652 0.725
570.34 0.688
570.991 0.651
571.637 0.646
572.283 0.646
572.9 0.617
573.535 0.635
574.214 0.679
574.967 0.753
575.758 0.791
576.635 0.877
577.523 0.888
578.399 0.876
579.182 0.783
579.889 0.707
580.543 0.654
581.165 0.622
581.769 0.604
582.364 0.595
582.972 0.608
583.621 0.649
584.259 0.638
584.942 0.683
585.6 0.658
586.287 0.687
586.948 0.661
587.585 0.637
588.205 0.62
588.814 0.609
589.422 0.608
590.026 0.604
590.63 0.604
591.229 0.599
591.828 0.599
592.436 0.608
593.063 0.627
593.697 0.634
594.348 0.651
594.984 0.636
595.603 0.619
596.215 0.612
596.828 0.613
597.436 0.608
598.049 0.613
598.67 0.621
599.289 0.619
599.907 0.618
600.518 0.611
601.126 0.608
601.774 0.648
602.469 0.695
603.228 0.759
604.074 0.846
604.907 0.833
605.672 0.765
606.482 0.81