0.000 0.721
0.721 0.721
1.471 0.75
2.175 0.704
2.925 0.75
3.629 0.704
4.374 0.745
5.159 0.785
5.921 0.762
6.718 0.797
7.475 0.757
8.235 0.76
8.948 0.713
9.588 0.64
10.239 0.651
10.873 0.634
11.495 0.622
12.113 0.618
12.755 0.642
13.469 0.714
14.447 0.978
15.438 0.991
16.411 0.973
17.28 0.869
18.043 0.763
18.746 0.703
19.44 0.694
20.155 0.715
20.856 0.701
21.525 0.669
22.202 0.677
22.864 0.662
23.543 0.679
24.624 1.081
25.613 0.989
26.405 0.792
27.214 0.809
28.193 0.979
28.978 0.785
29.689 0.711
30.498 0.809
31.673 1.175
32.633 0.96
33.654 1.021
34.788 1.134
35.737 0.949
36.556 0.819
37.305 0.749
38.028 0.723
38.702 0.674
39.382 0.68
40.113 0.731
40.821 0.708
41.548 0.727
42.604 1.056
43.423 0.819
44.128 0.705
44.812 0.684
45.478 0.666
46.162 0.684
46.943 0.781
47.792 0.849
48.556 0.764
49.349 0.793
50.106 0.757
50.808 0.702
51.498 0.69
52.161 0.663
52.825 0.664
53.713 0.888
54.678 0.965
55.592 0.914
56.442 0.85
57.186 0.744
57.891 0.705
58.607 0.716
59.637 1.03
60.439 0.802
61.185 0.746
61.898 0.713
62.589 0.691
63.334 0.745
64.042 0.708
64.784 0.742
65.564 0.78
66.334 0.77
67.031 0.697
67.724 0.693
68.423 0.699
69.13 0.707
69.819 0.689
70.548 0.729
71.413 0.865
72.209 0.796
72.949 0.74
73.656 0.707
74.358 0.702
75.036 0.678
75.697 0.661
76.365 0.668
77.021 0.656
77.681 0.66
78.359 0.678
79.117 0.758
79.999 0.882
80.905 0.906
81.627 0.722
82.323 0.696
82.994 0.671
83.657 0.663
84.345 0.688
85.093 0.748
85.942 0.849
86.861 0.919
87.747 0.886
88.527 0.78
89.35 0.823
90.111 0.761
90.885 0.774
91.604 0.719
92.345 0.741
93.091 0.746
93.814 0.723
94.517 0.703
95.276 0.759
96.364 1.088
97.295 0.931
98.132 0.837
98.938 0.806
99.706 0.768
100.439 0.733
101.214 0.775
102.33 1.116
103.183 0.853
104.105 0.922
105.055 0.95
105.811 0.756
106.55 0.739
107.369 0.819
108.325 0.956
109.295 0.97
110.146 0.851
110.942 0.796
111.733 0.791
112.636 0.903
113.505 0.869
114.258 0.753
114.981 0.723
115.727 0.746
116.487 0.76
117.215 0.728
117.992 0.777
118.783 0.791
119.55 0.767
120.419 0.869
121.332 0.913
122.136 0.804
122.87 0.734
123.569 0.699
124.268 0.699
124.995 0.727
126.095 1.1
126.959 0.864
127.738 0.779
128.542 0.804
129.295 0.753
130.095 0.8
130.895 0.8
131.689 0.794
132.411 0.722
133.113 0.702
133.822 0.709
134.557 0.735
135.299 0.742
136.021 0.722
136.765 0.744
137.556 0.791
138.313 0.757
139.067 0.754
139.799 0.732
140.513 0.714
141.21 0.697
141.903 0.693
142.608 0.705
143.323 0.715
144.124 0.801
145.205 1.081
146.183 0.978
147.045 0.862
147.764 0.719
148.454 0.69
149.137 0.683
149.822 0.685
150.564 0.742
151.691 1.127
152.64 0.949
153.507 0.867
154.343 0.836
155.177 0.834
155.993 0.816
156.764 0.771
157.505 0.741
158.212 0.707
158.928 0.716
159.637 0.709
160.393 0.756
161.241 0.848
162.09 0.849
163.041 0.951
163.959 0.918
164.733 0.774
165.47 0.737
166.204 0.734
166.911 0.707
167.605 0.694
168.311 0.706
169.084 0.773
170.064 0.98
170.819 0.755
171.551 0.732
172.246 0.695
172.983 0.737
173.701 0.718
174.399 0.698
175.074 0.675
175.721 0.647
176.338 0.617
176.961 0.623
177.574 0.613
178.193 0.619
178.836 0.643
179.489 0.653
180.13 0.641
180.801 0.671
181.461 0.66
182.155 0.694
182.904 0.749
183.732 0.828
184.641 0.909
185.458 0.817
186.189 0.731
186.852 0.663
187.488 0.636
188.111 0.623
188.749 0.638
189.434 0.685
190.293 0.859
191.109 0.816
191.937 0.828
192.68 0.743
193.43 0.75
194.189 0.759
194.973 0.784
195.734 0.761
196.469 0.735
197.145 0.676
197.787 0.642
198.421 0.634
199.045 0.624
199.659 0.614
200.272 0.613
200.911 0.639
201.601 0.69
202.316 0.715
203.112 0.796
203.875 0.763
204.627 0.752
205.315 0.688
205.999 0.684
206.668 0.669
207.32 0.652
207.967 0.647
208.616 0.649
209.334 0.718
210.334 1.0
211.276 0.942
212.135 0.859
212.898 0.763
213.65 0.752
214.426 0.776
215.189 0.763
215.974 0.785
217.144 1.17
218.147 1.003
219.129 0.982
219.943 0.814
220.674 0.731
221.452 0.778
222.539 1.087
223.521 0.982
224.329 0.808
225.051 0.722
225.799 0.748
226.924 1.125
227.803 0.879
228.562 0.759
229.342 0.78
230.144 0.802
230.93 0.786
232.051 1.121
233.094 1.043
233.971 0.877
234.718 0.747
235.5 0.782
236.433 0.933
237.417 0.984
238.27 0.853
239.271 1.001
240.177 0.906
240.978 0.801
241.881 0.903
242.664 0.783
243.385 0.721
244.169 0.784
245.114 0.945
246.013 0.899
246.915 0.902
247.822 0.907
248.617 0.795
249.523 0.906
250.346 0.823
251.179 0.833
252.05 0.871
252.867 0.817
253.604 0.737
253.934 0.33
254.296 0.362
254.975 0.679
255.646 0.671
256.328 0.682
257.038 0.71
257.735 0.697
258.458 0.723
259.249 0.791
260.047 0.798
260.84 0.793
261.591 0.751
262.299 0.708
262.981 0.682
263.648 0.667
264.317 0.669
265.021 0.704
265.819 0.798
266.575 0.756
267.283 0.708
268.102 0.819
269.159 1.057
269.452 0.293
270.061 0.609
270.936 0.875
271.761 0.825
272.495 0.734
273.237 0.742
274.048 0.811
274.892 0.844
275.738 0.846
276.631 0.893
277.47 0.839
278.329 0.859
279.134 0.805
279.903 0.769
280.73 0.827
281.648 0.918
282.442 0.794
283.211 0.769
284.052 0.841
284.891 0.839
285.78 0.889
286.593 0.813
287.49 0.897
288.511 1.021
289.296 0.785
290.061 0.765
290.82 0.759
291.562 0.742
292.303 0.741
293.179 0.876
294.146 0.967
295.039 0.893
295.984 0.945
296.945 0.961
297.882 0.937
298.796 0.914
299.736 0.94
300.662 0.926
301.565 0.903
302.491 0.926
303.511 1.02
304.476 0.965
305.339 0.863
306.121 0.782
306.904 0.783
307.659 0.755
308.47 0.811
309.366 0.896
310.19 0.824
310.969 0.779
311.7 0.731
312.418 0.718
313.133 0.715
313.813 0.68
314.489 0.676
315.159 0.67
315.822 0.663
316.484 0.662
317.156 0.672
317.849 0.693
318.578 0.729
319.317 0.739
320.058 0.741
320.796 0.738
321.494 0.698
322.182 0.688
322.857 0.675
323.517 0.66
324.168 0.651
324.832 0.664
325.559 0.727
326.371 0.812
327.433 1.062
328.339 0.906
329.176 0.837
329.918 0.742
330.632 0.714
331.36 0.728
332.463 1.103
333.403 0.94
334.189 0.786
334.938 0.749
335.807 0.869
336.864 1.057
337.724 0.86
338.697 0.973
339.49 0.793
340.221 0.731
340.942 0.721
341.674 0.732
342.427 0.753
343.172 0.745
343.94 0.768
344.708 0.768
345.465 0.757
346.198 0.733
346.94 0.742
347.723 0.783
348.493 0.77
349.241 0.748
350.043 0.802
350.863 0.82
351.638 0.775
352.384 0.746
353.17 0.786
353.972 0.802
354.759 0.787
355.506 0.747
356.273 0.767
357.049 0.776
357.797 0.748
358.559 0.762
359.326 0.767
360.081 0.755
360.786 0.705
361.468 0.682
362.133 0.665
362.729 0.596
363.453 0.724
364.141 0.688
364.891 0.75
365.645 0.754
366.39 0.745
367.123 0.733
367.391 0.268
367.849 0.458
368.547 0.698
369.211 0.664
369.892 0.681
370.712 0.82
371.603 0.891
372.414 0.811
373.317 0.903
374.275 0.958
375.124 0.849
375.894 0.77
376.634 0.74
377.395 0.761
378.348 0.953
379.184 0.836
380.137 0.953
380.985 0.848
381.481 0.496
381.885 0.404
382.648 0.763
383.466 0.818
384.167 0.701
384.859 0.692
385.608 0.749
386.46 0.852
386.765 0.305
387.237 0.472
387.705 0.468
388.656 0.951
389.495 0.839
389.75 0.255
390.002 0.252
390.99 0.988
391.739 0.749
392.55 0.811
393.349 0.799
394.176 0.827
395.026 0.85
395.827 0.801
396.607 0.78
397.409 0.802
398.173 0.764
398.909 0.736
399.684 0.775
400.552 0.868
401.412 0.86
402.215 0.803
403.073 0.858
403.878 0.805
404.629 0.751
405.373 0.744
406.12 0.747
406.877 0.757
407.616 0.739
408.415 0.799
409.266 0.851
410.051 0.785
410.847 0.796
411.647 0.8
412.4 0.753
413.141 0.741
413.877 0.736
414.629 0.752
415.348 0.719
415.677 0.329
415.955 0.278
416.713 0.758
417.366 0.653
418.023 0.657
418.736 0.713
419.497 0.761
420.28 0.783
421.029 0.749
421.727 0.698
422.415 0.688
423.106 0.691
423.839 0.733
424.627 0.788
425.535 0.908
426.394 0.859
427.23 0.836
428.0 0.77
428.791 0.791
429.597 0.806
430.358 0.761
431.121 0.763
431.913 0.792
432.659 0.746
433.376 0.717
434.073 0.697
434.764 0.691
435.441 0.677
436.116 0.675
436.791 0.675
437.494 0.703
438.247 0.753
438.999 0.752
439.754 0.755
440.499 0.745
441.227 0.728
441.975 0.748
442.801 0.826
443.609 0.808
444.399 0.79
445.218 0.819
446.028 0.81
446.791 0.763
447.569 0.778
448.341 0.772
448.625 0.284
449.111 0.486
449.876 0.765
450.134 0.258
450.599 0.465
451.318 0.719
452.068 0.75
452.817 0.749
453.547 0.73
454.307 0.76
455.061 0.754
455.799 0.738
456.515 0.716
457.249 0.734
458.032 0.783
458.854 0.822
459.68 0.826
460.51 0.83
461.396 0.886
462.277 0.881
463.118 0.841
463.892 0.774
464.616 0.724
465.325 0.709
466.058 0.733
466.99 0.932
467.851 0.861
468.68 0.829
469.531 0.851
470.383 0.852
471.194 0.811
471.957 0.763
472.718 0.761
473.471 0.753
474.201 0.73
474.945 0.744
475.675 0.73
475.946 0.271
476.394 0.448
477.192 0.798
478.068 0.876
478.892 0.824
479.695 0.803
480.423 0.728
481.12 0.697
481.801 0.681
482.46 0.659
482.735 0.275
483.788 1.053
484.505 0.717
485.306 0.801
485.628 0.322
486.06 0.432
486.884 0.824
487.69 0.806
488.462 0.772
489.259 0.797
490.057 0.798
490.868 0.811
491.695 0.827
492.534 0.839
493.409 0.875
494.231 0.822
494.985 0.754
495.729 0.744
496.522 0.793
497.416 0.894
498.308 0.892
498.627 0.319
499.078 0.451
499.834 0.756
500.638 0.804
501.41 0.772
502.153 0.743
502.658 0.505
502.917 0.259
503.621 0.704
504.544 0.923
505.328 0.784
506.17 0.842
506.935 0.765
507.647 0.712
508.332 0.685
509.043 0.711
509.79 0.747
510.517 0.727
511.209 0.692
511.668 0.459
512.533 0.865
513.173 0.64
513.808 0.635
514.477 0.669
515.174 0.697
515.898 0.724
516.695 0.797
517.48 0.785
517.989 0.509
518.318 0.329
518.969 0.651
519.712 0.743
520.432 0.72
520.738 0.306
521.036 0.298
521.919 0.883
522.766 0.847
523.374 0.608
523.646 0.272
530.67 0.678
531.352 0.682
532.039 0.687
532.815 0.776
533.61 0.795
534.477 0.867
535.445 0.968
536.39 0.945
537.278 0.888
538.083 0.805
538.829 0.746
539.563 0.734
540.312 0.749
541.036 0.724
541.826 0.79
542.703 0.877
543.592 0.889
544.425 0.833
545.252 0.827
546.067 0.815
546.868 0.801
547.62 0.752
548.354 0.734
549.07 0.716
549.809 0.739
550.567 0.758
551.298 0.731
552.043 0.745
552.793 0.75
553.552 0.759
554.299 0.747
555.057 0.758
555.847 0.79
556.654 0.807
557.442 0.788
558.199 0.757
558.958 0.759
559.735 0.777
560.493 0.758
561.046 0.553
561.965 0.919
562.744 0.779
563.511 0.767
564.261 0.75
565.028 0.767
565.836 0.808
566.2 0.364
566.481 0.281
567.351 0.87
568.089 0.738
568.446 0.357
568.717 0.271
569.497 0.78
570.943 1.446
571.692 0.749
572.425 0.733
573.172 0.747
573.956 0.784
574.716 0.76
575.447 0.731
576.17 0.723
576.57 0.4
576.855 0.285
577.516 0.661
580.907 3.391
581.655 0.748
582.451 0.796
583.275 0.824
584.079 0.804
584.841 0.762
585.57 0.729
586.29 0.72
586.997 0.707
587.735 0.738
588.671 0.936
589.529 0.858
590.329 0.8
591.12 0.791
591.852 0.732
592.572 0.72
593.273 0.701
593.985 0.712
594.691 0.706
595.4 0.709
596.101 0.701
596.823 0.722
597.574 0.751
598.302 0.728
598.996 0.694
599.685 0.689
600.361 0.676
601.032 0.671
601.682 0.65
602.323 0.641