0.000 0.877
0.877 0.877
1.718 0.841
2.618 0.9
3.501 0.883
4.401 0.9
5.285 0.884
6.077 0.792
6.914 0.837
7.718 0.804
8.491 0.773
9.245 0.754
9.99 0.745
10.821 0.831
11.67 0.849
12.649 0.979
13.534 0.885
14.425 0.891
15.226 0.801
16.021 0.795
16.857 0.836
17.734 0.877
18.59 0.856
19.489 0.899
20.344 0.855
21.172 0.828
21.979 0.807
22.768 0.789
23.515 0.747
24.272 0.757
25.037 0.765
25.818 0.781
26.695 0.877
27.521 0.826
28.307 0.786
29.084 0.777
29.876 0.792
30.716 0.84
31.58 0.864
32.478 0.898
33.368 0.89
34.284 0.916
35.141 0.857
35.956 0.815
36.783 0.827
37.58 0.797
38.378 0.798
39.145 0.767
39.943 0.798
40.738 0.795
41.614 0.876
42.549 0.935
43.534 0.985
44.493 0.959
45.436 0.943
46.321 0.885
47.237 0.916
48.1 0.863
48.981 0.881
49.872 0.891
50.681 0.809
51.517 0.836
52.416 0.899
53.268 0.852
54.133 0.865
54.974 0.841
55.767 0.793
56.556 0.789
57.332 0.776
58.079 0.747
58.799 0.72
59.611 0.812
60.448 0.837
61.268 0.82
62.133 0.865
62.981 0.848
63.834 0.853
64.748 0.914
65.625 0.877
66.479 0.854
67.319 0.84
68.108 0.789
68.939 0.831
69.917 0.978
70.889 0.972
71.891 1.002
72.843 0.952
73.779 0.936
74.743 0.964
75.653 0.91
76.597 0.944
77.484 0.887
78.343 0.859
79.237 0.894
80.109 0.872
80.953 0.844
81.79 0.837
82.668 0.878
83.524 0.856
84.449 0.925
85.37 0.921
86.24 0.87
87.125 0.885
87.926 0.801
88.731 0.805
89.519 0.788
90.333 0.814
91.192 0.859
92.072 0.88
92.947 0.875
93.745 0.798
94.507 0.762
95.234 0.727
95.944 0.71
96.658 0.714
97.41 0.752
98.177 0.767
98.953 0.776
99.769 0.816
100.59 0.821
101.395 0.805
102.233 0.838
103.059 0.826
103.873 0.814
104.696 0.823
105.506 0.81
106.396 0.89
107.318 0.922
108.223 0.905
109.231 1.008
110.186 0.955
111.014 0.828
111.845 0.831
112.69 0.845
113.542 0.852
114.482 0.94
115.391 0.909
116.383 0.992
117.285 0.902
118.211 0.926
119.085 0.874
119.967 0.882
120.901 0.934
121.759 0.858
122.661 0.902
123.546 0.885
124.429 0.883
125.358 0.929
126.194 0.836
126.952 0.758
127.684 0.732
128.442 0.758
129.257 0.815
130.091 0.834
131.045 0.954
132.0 0.955
132.915 0.915
133.727 0.812
134.566 0.839
135.396 0.83
136.252 0.856
137.114 0.862
137.919 0.805
138.748 0.829
139.57 0.822
140.464 0.894
141.371 0.907
142.296 0.925
143.203 0.907
144.075 0.872
144.955 0.88
145.819 0.864
146.653 0.834
147.475 0.822
148.347 0.872
149.223 0.876
150.138 0.915
150.96 0.822
151.799 0.839
152.666 0.867
153.492 0.826
154.324 0.832
155.126 0.802
155.944 0.818
156.746 0.802
157.56 0.814
158.37 0.81
159.176 0.806
160.031 0.855
160.863 0.832
161.713 0.85
162.603 0.89
163.427 0.824
164.262 0.835
165.08 0.818
165.885 0.805
166.678 0.793
167.429 0.751
168.199 0.77
168.982 0.783
169.847 0.865
170.768 0.921
171.658 0.89
172.52 0.862
173.314 0.794
174.135 0.821
174.983 0.848
175.789 0.806
176.619 0.83
177.411 0.792
178.277 0.866
179.197 0.92
180.145 0.948
181.111 0.966
181.934 0.823
182.829 0.895
183.731 0.902
184.625 0.894
185.483 0.858
186.312 0.829
187.137 0.825
187.932 0.795
188.736 0.804
189.571 0.835
190.463 0.892
191.311 0.848
192.157 0.846
192.924 0.767
193.669 0.745
194.407 0.738
195.155 0.748
195.915 0.76
196.707 0.792
197.518 0.811
198.338 0.82
199.152 0.814
199.927 0.775
200.731 0.804
201.549 0.818
202.36 0.811
203.203 0.843
204.033 0.83
204.875 0.842
205.703 0.828
206.519 0.816
207.317 0.798
208.166 0.849
209.015 0.849
209.852 0.837
210.693 0.841
211.497 0.804
212.296 0.799
213.084 0.788
213.873 0.789
214.684 0.811
215.485 0.801
216.351 0.866
217.216 0.865
218.074 0.858
218.902 0.828
219.685 0.783
220.451 0.766
221.182 0.731
221.942 0.76
222.778 0.836
223.635 0.857
224.465 0.83
225.315 0.85
226.182 0.867
227.015 0.833
227.832 0.817
228.652 0.82
229.448 0.796
230.269 0.821
231.126 0.857
231.98 0.854
232.835 0.855
233.718 0.883
234.567 0.849
235.436 0.869
236.281 0.845
237.138 0.857
237.958 0.82
238.762 0.804
239.55 0.788
240.338 0.788
241.145 0.807
241.938 0.793
242.687 0.749
243.442 0.755
244.203 0.761
244.971 0.768
245.789 0.818
246.595 0.806
247.38 0.785
248.146 0.766
248.929 0.783
249.766 0.837
250.601 0.835
251.447 0.846
252.355 0.908
253.246 0.891
254.109 0.863
254.975 0.866
255.814 0.839
256.687 0.873
257.55 0.863
258.413 0.863
259.286 0.873
260.117 0.831
261.01 0.893
261.963 0.953
262.842 0.879
263.737 0.895
264.598 0.861
265.468 0.87
266.387 0.919
267.278 0.891
268.155 0.877
269.046 0.891
269.868 0.822
270.705 0.837
271.556 0.851
272.405 0.849
273.192 0.787
273.955 0.763
274.71 0.755
275.453 0.743
276.215 0.762
277.015 0.8
277.785 0.77
278.564 0.779
279.361 0.797
280.146 0.785
280.908 0.762
281.682 0.774
282.443 0.761
283.219 0.776
284.064 0.845
284.971 0.907
285.873 0.902
286.827 0.954
287.708 0.881
288.538 0.83
289.326 0.788
290.063 0.737
290.813 0.75
291.635 0.822
292.478 0.843
293.321 0.843
294.203 0.882
295.048 0.845
295.917 0.869
296.714 0.797
297.509 0.795
298.32 0.811
299.091 0.771
299.888 0.797
300.765 0.877
301.616 0.851
302.458 0.842
303.41 0.952
304.32 0.91
305.272 0.952
306.24 0.968
307.101 0.861
307.963 0.862
308.817 0.854
309.617 0.8
310.441 0.824
311.307 0.866
312.157 0.85
313.094 0.937
314.039 0.945
314.994 0.955
315.902 0.908
316.698 0.796
317.491 0.793
318.273 0.782
319.034 0.761
319.772 0.738
320.526 0.754
321.277 0.751
322.033 0.756
322.816 0.783
323.627 0.811
324.405 0.778
325.167 0.762
325.921 0.754
326.666 0.745
327.396 0.73
328.1 0.704
328.787 0.687
329.462 0.675
330.132 0.67
330.796 0.664
331.496 0.7
332.215 0.719
332.987 0.772
333.801 0.814
334.583 0.782
335.365 0.782
336.12 0.755
336.858 0.738
337.581 0.723
338.301 0.72
339.025 0.724
339.76 0.735
340.494 0.734
341.26 0.766
342.037 0.777
342.821 0.784
343.612 0.791
344.43 0.818
345.247 0.817
346.066 0.819
346.859 0.793
347.626 0.767
348.374 0.748
349.101 0.727
349.809 0.708
350.524 0.715
351.275 0.751
352.106 0.831
352.945 0.839
353.902 0.957
354.809 0.907
355.731 0.922
356.679 0.948
357.542 0.863
358.368 0.826
359.173 0.805
359.982 0.809
360.848 0.866
361.683 0.835
362.534 0.851
363.355 0.821
364.162 0.807
364.951 0.789
365.702 0.751
366.471 0.769
367.268 0.797
368.063 0.795
368.829 0.766
369.602 0.773
370.361 0.759
371.142 0.781
371.884 0.742
372.662 0.778
373.458 0.796
374.317 0.859
375.188 0.871
376.056 0.868
376.875 0.819
377.635 0.76
378.408 0.773
379.183 0.775
379.936 0.753
380.706 0.77
381.493 0.787
382.247 0.754
383.01 0.763
383.792 0.782
384.556 0.764
385.33 0.774
386.153 0.823
386.991 0.838
387.83 0.839
388.69 0.86
389.516 0.826
390.317 0.801
391.12 0.803
391.89 0.77
392.644 0.754
393.439 0.795
394.235 0.796
395.063 0.828
395.859 0.796
396.691 0.832
397.552 0.861
398.407 0.855
399.271 0.864
400.085 0.814
400.88 0.795
401.681 0.801
402.5 0.819
403.296 0.796
404.111 0.815
404.933 0.822
405.741 0.808
406.502 0.761
407.241 0.739
407.987 0.746
408.734 0.747
409.47 0.736
410.22 0.75
411.0 0.78
411.775 0.775
412.561 0.786
413.356 0.795
414.166 0.81
414.949 0.783
415.736 0.787
416.509 0.773
417.244 0.735
417.988 0.744
418.736 0.748
419.46 0.724
420.195 0.735
420.958 0.763
421.767 0.809
422.602 0.835
423.389 0.787
424.16 0.771
424.927 0.767
425.702 0.775
426.501 0.799
427.289 0.788
428.055 0.766
428.79 0.735
429.535 0.745
430.289 0.754
431.037 0.748
431.812 0.775
432.585 0.773
433.355 0.77
434.157 0.802
434.945 0.788
435.749 0.804
436.557 0.808
437.354 0.797
438.15 0.796
438.975 0.825
439.793 0.818
440.601 0.808
441.416 0.815
442.228 0.812
443.032 0.804
443.876 0.844
444.728 0.852
445.593 0.865
446.494 0.901
447.339 0.845
448.154 0.815
448.982 0.828
449.787 0.805
450.607 0.82
451.433 0.826
452.221 0.788
453.005 0.784
453.794 0.789
454.58 0.786
455.363 0.783
456.159 0.796
457.033 0.874
457.916 0.883
458.809 0.893
459.65 0.841
460.45 0.8
461.318 0.868
462.127 0.809
462.963 0.836
463.892 0.929
464.767 0.875
465.662 0.895
466.614 0.952
467.499 0.885
468.319 0.82
469.152 0.833
469.965 0.813
470.76 0.795
471.631 0.871
472.49 0.859
473.386 0.896
474.241 0.855
475.092 0.851
475.911 0.819
476.729 0.818
477.545 0.816
478.321 0.776
479.057 0.736
479.788 0.731
480.542 0.754
481.328 0.786
482.12 0.792
482.907 0.787
483.687 0.78
484.461 0.774
485.204 0.743
485.93 0.726
486.655 0.725
487.377 0.722
488.097 0.72
488.808 0.711
489.542 0.734
490.273 0.731
491.019 0.746
491.786 0.767
492.581 0.795
493.342 0.761
494.122 0.78
494.94 0.818
495.728 0.788
496.559 0.831
497.376 0.817
498.156 0.78
498.941 0.785
499.72 0.779
500.52 0.8
501.307 0.787
502.071 0.764
502.859 0.788
503.679 0.82
504.528 0.849
505.347 0.819
506.182 0.835
506.978 0.796
507.784 0.806
508.591 0.807
509.368 0.777
510.105 0.737
510.83 0.725
511.566 0.736
512.282 0.716
512.982 0.7
513.684 0.702
514.39 0.706
515.119 0.729
515.886 0.767
516.652 0.766
517.418 0.766
518.137 0.719
518.835 0.698
519.518 0.683
520.196 0.678
520.863 0.667
521.52 0.657
522.185 0.665
522.847 0.662
523.511 0.664
524.198 0.687
524.902 0.704
525.637 0.735
526.389 0.752
527.156 0.767
527.908 0.752
528.645 0.737
529.373 0.728
530.081 0.708
530.769 0.688
531.437 0.668
532.093 0.656
532.764 0.671
533.463 0.699
534.181 0.718
534.89 0.709
535.581 0.691
536.332 0.751
537.105 0.773
537.856 0.751
538.645 0.789
539.445 0.8
540.253 0.808
541.064 0.811
541.834 0.77
542.611 0.777
543.39 0.779
544.168 0.778
544.922 0.754
545.676 0.754
546.427 0.751
547.208 0.781
547.977 0.769
548.755 0.778
549.509 0.754
550.262 0.753
551.035 0.773
551.818 0.783
552.573 0.755
553.322 0.749
554.061 0.739
554.82 0.759
555.625 0.805
556.413 0.788
557.234 0.821
558.032 0.798
558.784 0.752
559.537 0.753
560.29 0.753
561.047 0.757
561.792 0.745
562.524 0.732
563.24 0.716
563.962 0.722
564.72 0.758
565.502 0.782
566.321 0.819
567.148 0.827
567.926 0.778
568.712 0.786
569.468 0.756
570.256 0.788
571.065 0.809
571.864 0.799
572.626 0.762
573.393 0.767
574.157 0.764
574.881 0.724
575.589 0.708
576.316 0.727
577.058 0.742
577.785 0.727
578.526 0.741
579.39 0.864
580.27 0.88
581.194 0.924
582.041 0.847
582.9 0.859
583.662 0.762
584.397 0.735
585.135 0.738
585.883 0.748
586.622 0.739
587.39 0.768
588.182 0.792
589.022 0.84
589.901 0.879
590.81 0.909
591.678 0.868
592.489 0.811
593.272 0.783
594.021 0.749
594.749 0.728
595.452 0.703
596.154 0.702
596.869 0.715
597.614 0.745
598.34 0.726
599.09 0.75
599.856 0.766
600.65 0.794