0.000 0.777
0.777 0.777
1.606 0.829
2.363 0.757
3.138 0.775
3.936 0.798
4.72 0.784
5.519 0.799
6.389 0.87
6.697 0.308
7.21 0.513
8.066 0.856
8.422 0.356
8.889 0.467
9.611 0.722
10.056 0.445
10.535 0.479
11.313 0.778
12.063 0.75
12.79 0.727
13.55 0.76
14.403 0.853
15.271 0.868
16.109 0.838
16.993 0.884
17.826 0.833
18.667 0.841
19.528 0.861
20.314 0.786
21.141 0.827
22.013 0.872
22.877 0.864
23.783 0.906
24.614 0.831
25.494 0.88
26.374 0.88
27.211 0.837
28.028 0.817
28.815 0.787
29.609 0.794
30.5 0.891
31.387 0.887
32.326 0.939
33.241 0.915
34.158 0.917
35.025 0.867
35.881 0.856
36.709 0.828
37.499 0.79
38.349 0.85
39.193 0.844
40.069 0.876
40.931 0.862
41.812 0.881
42.735 0.923
43.602 0.867
44.458 0.856
45.254 0.796
46.071 0.817
46.865 0.794
47.703 0.838
48.614 0.911
49.556 0.942
50.441 0.885
51.333 0.892
52.145 0.812
52.966 0.821
53.711 0.745
54.6 0.889
55.462 0.862
56.273 0.811
57.035 0.762
57.989 0.954
58.811 0.822
59.651 0.84
60.445 0.794
61.242 0.797
62.059 0.817
62.865 0.806
63.678 0.813
64.501 0.823
65.28 0.779
66.085 0.805
66.843 0.758
67.593 0.75
68.331 0.738
69.112 0.781
69.926 0.814
70.738 0.812
71.553 0.815
72.362 0.809
73.108 0.746
73.873 0.765
74.672 0.799
75.441 0.769
76.241 0.8
77.111 0.87
77.941 0.83
78.815 0.874
79.673 0.858
80.545 0.872
81.4 0.855
82.262 0.862
83.077 0.815
83.862 0.785
84.697 0.835
85.508 0.811
86.383 0.875
87.223 0.84
88.113 0.89
89.088 0.975
90.009 0.921
90.962 0.953
91.823 0.861
92.609 0.786
93.399 0.79
94.215 0.816
95.041 0.826
95.864 0.823
96.637 0.773
97.401 0.764
98.129 0.728
98.86 0.731
99.608 0.748
100.353 0.745
101.114 0.761
101.923 0.809
102.779 0.856
103.64 0.861
104.524 0.884
105.4 0.876
106.206 0.806
107.012 0.806
107.812 0.8
108.6 0.788
109.383 0.783
110.222 0.839
111.093 0.871
111.909 0.816
112.734 0.825
113.581 0.847
114.452 0.871
115.28 0.828
116.167 0.887
117.094 0.927
117.982 0.888
118.878 0.896
119.778 0.9
120.628 0.85
121.525 0.897
122.449 0.924
123.308 0.859
124.207 0.899
125.106 0.899
125.987 0.881
126.943 0.956
127.829 0.886
128.752 0.923
129.713 0.961
130.581 0.868
131.43 0.849
132.249 0.819
132.72 0.471
133.013 0.293
133.784 0.771
134.668 0.884
135.313 0.645
135.597 0.284
136.591 0.994
137.599 1.008
138.544 0.945
139.526 0.982
140.013 0.487
140.409 0.396
141.328 0.919
142.193 0.865
143.12 0.927
144.054 0.934
144.931 0.877
145.881 0.95
146.733 0.852
147.656 0.923
148.561 0.905
149.505 0.944
150.525 1.02
151.426 0.901
152.357 0.931
153.201 0.844
154.068 0.867
154.976 0.908
155.895 0.919
156.934 1.039
157.886 0.952
158.909 1.023
159.86 0.951
160.856 0.996
161.831 0.975
162.755 0.924
163.63 0.875
164.494 0.864
165.41 0.916
166.272 0.862
167.263 0.991
168.238 0.975
169.272 1.034
170.295 1.023
171.308 1.013
172.295 0.987
173.27 0.975
174.29 1.02
175.207 0.917
176.221 1.014
177.188 0.967
178.254 1.066
179.297 1.043
180.215 0.918
181.089 0.874
182.009 0.92
182.875 0.866
183.816 0.941
184.842 1.026
185.775 0.933
186.755 0.98
187.646 0.891
188.598 0.952
189.533 0.935
190.401 0.868
191.266 0.865
192.117 0.851
192.922 0.805
193.702 0.78
194.512 0.81
195.352 0.84
196.279 0.927
197.13 0.851
197.999 0.869
198.842 0.843
199.671 0.829
200.532 0.861
201.35 0.818
202.208 0.858
203.12 0.912
203.971 0.851
204.908 0.937
205.795 0.887
206.697 0.902
207.568 0.871
208.415 0.847
209.319 0.904
210.2 0.881
211.179 0.979
212.135 0.956
213.176 1.041
214.184 1.008
215.16 0.976
216.172 1.012
217.059 0.887
217.968 0.909
218.847 0.879
219.742 0.895
220.768 1.026
221.686 0.918
222.67 0.984
223.61 0.94
224.56 0.95
225.622 1.062
226.596 0.974
227.635 1.039
228.64 1.005
229.659 1.019
230.663 1.004
231.564 0.901
232.482 0.918
233.343 0.861
234.234 0.891
235.228 0.994
236.164 0.936
237.185 1.021
238.155 0.97
239.161 1.006
240.092 0.931
240.999 0.907
241.864 0.865
242.738 0.874
243.698 0.96
244.601 0.903
245.6 0.999
246.551 0.951
247.489 0.938
248.43 0.941
249.327 0.897
250.28 0.953
251.153 0.873
252.057 0.904
252.907 0.85
253.755 0.848
254.625 0.87
255.437 0.812
256.302 0.865
257.116 0.814
257.884 0.768
258.698 0.814
259.478 0.78
260.287 0.809
261.125 0.838
261.891 0.766
262.633 0.742
263.392 0.759
264.186 0.794
264.938 0.752
265.725 0.787
266.541 0.816
267.298 0.757
268.043 0.745
268.753 0.71
269.47 0.717
270.175 0.705
270.934 0.759
271.678 0.744
272.438 0.76
273.244 0.806
274.002 0.758
274.784 0.782
275.605 0.821
276.474 0.869
277.315 0.841
278.125 0.81
278.926 0.801
279.706 0.78
280.515 0.809
281.343 0.828
282.15 0.807
282.984 0.834
283.801 0.817
284.618 0.817
285.464 0.846
286.282 0.818
287.138 0.856
288.035 0.897
288.862 0.827
289.706 0.844
290.547 0.841
291.375 0.828
292.321 0.946
293.272 0.951
294.19 0.918
295.15 0.96
295.985 0.835
296.84 0.855
297.688 0.848
298.585 0.897
299.511 0.926
300.49 0.979
301.434 0.944
302.373 0.939
303.28 0.907
304.201 0.921
305.094 0.893
305.893 0.799
306.729 0.836
307.574 0.845
308.443 0.869
309.3 0.857
310.153 0.853
311.043 0.89
311.874 0.831
312.754 0.88
313.661 0.907
314.497 0.836
315.368 0.871
316.234 0.866
317.083 0.849
318.001 0.918
318.857 0.856
319.708 0.851
320.576 0.868
321.369 0.793
322.141 0.772
322.949 0.808
323.787 0.838
324.607 0.82
325.438 0.831
326.294 0.856
327.094 0.8
327.905 0.811
328.734 0.829
329.544 0.81
330.38 0.836
331.263 0.883
332.114 0.851
333.005 0.891
333.943 0.938
334.797 0.854
335.66 0.863
336.481 0.821
337.339 0.858
338.268 0.929
339.187 0.919
340.201 1.014
341.145 0.944
342.124 0.979
342.984 0.86
343.844 0.86
344.708 0.864
345.532 0.824
346.466 0.934
347.381 0.915
348.349 0.968
349.325 0.976
350.295 0.97
351.279 0.984
352.164 0.885
353.065 0.901
353.955 0.89
354.794 0.839
355.719 0.925
356.639 0.92
357.612 0.973
358.622 1.01
359.476 0.854
360.317 0.841
361.118 0.801
361.888 0.77
362.722 0.834
363.583 0.861
364.433 0.85
365.366 0.933
366.201 0.835
367.05 0.849
367.829 0.779
368.603 0.774
369.405 0.802
370.189 0.784
370.982 0.793
371.826 0.844
372.659 0.833
373.497 0.838
374.357 0.86
375.169 0.812
375.987 0.818
376.773 0.786
377.507 0.734
378.24 0.733
379.01 0.77
379.793 0.783
380.552 0.759
381.38 0.828
382.282 0.902
383.239 0.957
384.128 0.889
385.015 0.887
385.859 0.844
386.682 0.823
387.54 0.858
388.389 0.849
389.222 0.833
390.117 0.895
391.028 0.911
391.895 0.867
392.759 0.864
393.554 0.795
394.324 0.77
395.141 0.817
395.963 0.822
396.796 0.833
397.699 0.903
398.578 0.879
399.459 0.881
400.354 0.895
400.893 0.539
401.186 0.293
402.011 0.825
402.866 0.855
403.552 0.686
404.524 0.972
405.41 0.886
406.263 0.853
407.125 0.862
408.037 0.912
408.87 0.833
409.726 0.856
410.592 0.866
411.43 0.838
412.335 0.905
413.226 0.891
414.07 0.844
414.897 0.827
415.729 0.832
416.505 0.776
417.277 0.772
418.051 0.774
418.782 0.731
419.539 0.757
420.406 0.867
421.295 0.889
422.213 0.918
423.119 0.906
424.008 0.889
424.923 0.915
425.751 0.828
426.601 0.85
427.418 0.817
428.212 0.794
429.048 0.836
429.904 0.856
430.813 0.909
431.835 1.022
432.759 0.924
433.732 0.973
434.597 0.865
435.468 0.871
436.327 0.859
437.239 0.912
438.232 0.993
439.117 0.885
440.052 0.935
440.919 0.867
441.836 0.917
442.702 0.866
443.623 0.921
444.495 0.872
445.418 0.923
446.256 0.838
447.098 0.842
447.907 0.809
448.766 0.859
449.649 0.883
450.643 0.994
451.626 0.983
452.688 1.062
453.716 1.028
454.646 0.93
455.551 0.905
456.368 0.817
457.206 0.838
458.027 0.821
458.937 0.91
459.973 1.036
460.916 0.943
461.893 0.977
462.795 0.902
463.717 0.922
464.579 0.862
465.483 0.904
466.338 0.855
467.241 0.903
468.212 0.971
469.188 0.976
470.167 0.979
471.105 0.938
472.054 0.949
472.926 0.872
473.824 0.898
474.679 0.855
475.61 0.931
476.59 0.98
477.568 0.978
478.607 1.039
479.586 0.979
480.548 0.962
481.43 0.882
482.265 0.835
483.1 0.835
483.955 0.855
484.76 0.805
485.6 0.84
486.426 0.826
487.332 0.906
488.258 0.926
489.125 0.867
489.919 0.794
490.684 0.765
491.45 0.766
492.265 0.815
493.124 0.859
493.936 0.812
494.797 0.861
495.64 0.843
496.562 0.922
497.537 0.975
498.407 0.87
499.284 0.877
500.093 0.809
500.91 0.817
501.802 0.892
502.664 0.862
503.588 0.924
504.475 0.887
505.458 0.983
506.409 0.951
507.36 0.951
508.299 0.939
509.156 0.857
510.039 0.883
510.877 0.838
511.803 0.926
512.718 0.915
513.623 0.905
514.595 0.972
515.483 0.888
516.406 0.923
517.284 0.878
518.173 0.889
519.052 0.879
519.891 0.839
520.741 0.85
521.556 0.815
522.393 0.837
523.252 0.859
524.078 0.826
524.934 0.856
525.789 0.855
526.706 0.917
527.608 0.902
528.465 0.857
529.313 0.848
530.114 0.801
530.936 0.822
531.764 0.828
532.58 0.816
533.352 0.772
534.159 0.807
534.977 0.818
535.824 0.847
536.613 0.789
537.415 0.802
538.269 0.854
539.125 0.856
539.912 0.787
540.712 0.8
541.506 0.794
542.273 0.767
543.063 0.79
543.83 0.767
544.639 0.809
545.546 0.907
546.436 0.89
547.338 0.902
548.218 0.88
549.038 0.82
549.889 0.851
550.71 0.821
551.507 0.797
552.331 0.824
553.173 0.842
553.996 0.823
554.768 0.772
555.547 0.779
556.32 0.773
557.135 0.815
557.937 0.802
558.754 0.817
559.596 0.842
560.44 0.844
561.226 0.786
562.009 0.783
562.762 0.753
563.513 0.751
564.266 0.753
564.984 0.718
565.702 0.718
566.464 0.762
567.31 0.846
568.161 0.851
569.033 0.872
569.932 0.899
570.838 0.906
571.748 0.91
572.621 0.873
573.4 0.779
574.164 0.764
574.964 0.8
575.762 0.798
576.571 0.809
577.416 0.845
578.291 0.875
579.09 0.799
579.851 0.761
580.613 0.762
581.404 0.791
582.224 0.82
583.015 0.791
583.818 0.803
584.594 0.776
585.376 0.782
586.204 0.828
587.109 0.905
588.047 0.938
588.876 0.829
589.668 0.792
590.464 0.796
591.292 0.828
592.111 0.819
592.947 0.836
593.844 0.897
594.763 0.919
595.645 0.882
596.509 0.864
597.378 0.869
598.251 0.873
599.087 0.836
599.859 0.772
600.621 0.762
601.41 0.789
602.252 0.842
603.141 0.889
604.032 0.891
604.878 0.846
605.739 0.861
606.521 0.782
607.274 0.753
608.007 0.733
608.731 0.724
609.471 0.74
610.24 0.769
611.068 0.828
611.942 0.874
612.773 0.831
613.607 0.834
614.424 0.817
615.203 0.779
615.991 0.788
616.848 0.857
617.752 0.904
618.608 0.856
619.492 0.884
620.444 0.952
621.411 0.967
622.347 0.936
623.216 0.869
623.998 0.782
624.777 0.779
625.584 0.807
626.468 0.884
627.39 0.922
628.314 0.924
629.28 0.966
630.21 0.93
631.044 0.834
631.898 0.854
632.76 0.862
633.637 0.877
634.56 0.923
635.405 0.845
636.232 0.827
637.111 0.879
638.034 0.923
638.901 0.867
639.795 0.894
640.731 0.936
641.661 0.93
642.504 0.843
643.361 0.857
644.247 0.886
645.149 0.902
645.97 0.821
646.797 0.827
647.657 0.86
648.551 0.894
649.418 0.867
650.218 0.8
650.991 0.773
651.776 0.785
652.585 0.809
653.48 0.895
654.421 0.941
655.29 0.869
656.15 0.86
657.076 0.926
658.049 0.973
658.985 0.936
659.83 0.845
660.613 0.783
661.4 0.787
662.222 0.822