0.000 0.779
0.779 0.779
1.482 0.703
2.255 0.773
3.07 0.815
3.865 0.795
4.598 0.733
5.323 0.725
6.045 0.722
6.839 0.794
7.592 0.753
8.418 0.826
9.269 0.851
10.156 0.887
11.044 0.888
11.909 0.865
17.233 5.324
17.999 0.766
18.77 0.771
19.529 0.759
20.258 0.729
21.088 0.83
21.934 0.846
22.756 0.822
23.628 0.872
24.512 0.884
25.335 0.823
26.135 0.8
26.909 0.774
27.711 0.802
28.529 0.818
29.32 0.791
30.173 0.853
31.044 0.871
31.868 0.824
32.688 0.82
33.551 0.863
34.354 0.803
35.192 0.838
36.025 0.833
36.797 0.772
37.644 0.847
38.395 0.751
39.081 0.686
39.76 0.679
40.545 0.785
41.4 0.855
42.225 0.825
43.12 0.895
44.014 0.894
44.895 0.881
45.673 0.778
46.491 0.818
47.343 0.852
48.161 0.818
49.079 0.918
49.975 0.896
50.853 0.878
51.759 0.906
52.664 0.905
53.581 0.917
54.481 0.9
55.347 0.866
56.204 0.857
57.099 0.895
57.954 0.855
58.76 0.806
59.621 0.861
60.446 0.825
61.285 0.839
62.118 0.833
62.925 0.807
63.655 0.73
64.414 0.759
65.186 0.772
65.923 0.737
66.651 0.728
67.438 0.787
68.204 0.766
68.956 0.752
69.67 0.714
70.332 0.662
70.977 0.645
71.607 0.63
72.277 0.67
73.083 0.806
73.933 0.85
74.722 0.789
75.551 0.829
76.357 0.806
77.111 0.754
77.933 0.822
78.777 0.844
79.601 0.824
80.511 0.91
81.386 0.875
82.283 0.897
83.162 0.879
83.919 0.757
84.743 0.824
85.323 0.58
85.619 0.296
85.991 0.372
86.254 0.263
86.892 0.638
87.553 0.661
88.207 0.654
88.853 0.646
89.475 0.622
90.08 0.605
90.706 0.626
91.375 0.669
92.08 0.705
92.787 0.707
93.467 0.68
94.159 0.692
94.87 0.711
95.632 0.762
96.401 0.769
97.169 0.768
97.89 0.721
98.145 0.255
99.897 1.752
101.067 1.17
101.937 0.87
102.788 0.851
103.617 0.829
104.489 0.872
105.35 0.861
106.18 0.83
106.995 0.815
107.864 0.869
108.817 0.953
109.693 0.876
110.612 0.919
111.496 0.884
112.426 0.93
113.343 0.917
114.317 0.974
115.252 0.935
116.134 0.882
117.067 0.933
117.992 0.925
118.897 0.905
119.826 0.929
120.66 0.834
121.496 0.836
122.243 0.747
123.005 0.762
123.865 0.86
124.83 0.965
125.739 0.909
126.546 0.807
127.268 0.722
128.015 0.747
128.66 0.645
129.608 0.948
130.485 0.877
130.985 0.5
131.376 0.391
132.23 0.854
132.574 0.344
133.032 0.458
133.927 0.895
134.68 0.753
135.457 0.777
136.26 0.803
137.056 0.796
137.891 0.835
138.758 0.867
139.599 0.841
140.443 0.844
141.273 0.83
141.53 0.257
142.082 0.552
142.371 0.289
142.648 0.277
142.939 0.291
143.64 0.701
144.401 0.761
145.154 0.753
145.889 0.735
146.585 0.696
147.263 0.678
147.94 0.677
148.599 0.659
149.265 0.666
149.985 0.72
150.739 0.754
151.461 0.722
152.236 0.775
153.059 0.823
153.913 0.854
154.696 0.783
155.484 0.788
156.26 0.776
157.084 0.824
157.913 0.829
158.807 0.894
159.702 0.895
160.617 0.915
161.539 0.922
162.428 0.889
163.287 0.859
164.148 0.861
164.945 0.797
165.808 0.863
166.68 0.872
167.513 0.833
168.42 0.907
169.309 0.889
170.22 0.911
171.089 0.869
171.926 0.837
172.77 0.844
173.54 0.77
174.346 0.806
175.085 0.739
175.814 0.729
176.532 0.718
177.36 0.828
178.25 0.89
179.123 0.873
180.004 0.881
180.805 0.801
181.543 0.738
182.257 0.714
182.981 0.724
183.677 0.696
184.43 0.753
185.206 0.776
186.023 0.817
186.815 0.792
187.699 0.884
188.595 0.896
189.427 0.832
190.304 0.877
191.145 0.841
191.94 0.795
192.765 0.825
193.526 0.761
194.34 0.814
195.149 0.809
195.944 0.795
196.817 0.873
197.699 0.882
198.531 0.832
199.34 0.809
200.113 0.773
200.88 0.767
201.676 0.796
202.43 0.754
203.255 0.825
204.033 0.778
204.818 0.785
205.583 0.765
206.29 0.707
206.963 0.673
207.651 0.688
208.365 0.714
209.135 0.77
209.978 0.843
210.806 0.828
211.596 0.79
212.395 0.799
213.183 0.788
213.954 0.771
214.719 0.765
215.471 0.752
216.152 0.681
216.832 0.68
217.521 0.689
218.235 0.714
218.989 0.754
219.76 0.771
220.547 0.787
221.27 0.723
222.002 0.732
222.748 0.746
223.52 0.772
224.405 0.885
225.337 0.932
226.207 0.87
227.069 0.862
227.859 0.79
228.602 0.743
229.354 0.752
230.054 0.7
230.756 0.702
231.483 0.727
232.234 0.751
233.013 0.779
233.951 0.938
234.909 0.958
235.856 0.947
236.796 0.94
237.679 0.883
238.608 0.929
239.497 0.889
240.404 0.907
241.326 0.922
242.151 0.825
243.013 0.862
243.902 0.889
244.788 0.886
245.802 1.014
246.762 0.96
247.642 0.88
248.513 0.871
249.295 0.782
250.085 0.79
250.883 0.798
251.714 0.831
252.51 0.796
253.388 0.878
254.248 0.86
255.063 0.815
255.911 0.848
256.737 0.826
257.56 0.823
258.432 0.872
259.358 0.926
260.282 0.924
261.133 0.851
262.035 0.902
262.94 0.905
263.822 0.882
264.725 0.903
265.589 0.864
266.469 0.88
267.308 0.839
268.08 0.772
268.937 0.857
269.808 0.871
270.588 0.78
271.326 0.738
272.166 0.84
273.002 0.836
273.792 0.79
274.609 0.817
275.411 0.802
276.174 0.763
277.027 0.853
277.872 0.845
278.7 0.828
279.664 0.964
280.634 0.97
281.54 0.906
282.442 0.902
283.303 0.861
284.054 0.751
284.762 0.708
285.539 0.777
286.364 0.825
287.165 0.801
287.946 0.781
288.696 0.75
289.47 0.774
290.202 0.732
290.975 0.773
291.794 0.819
292.626 0.832
293.408 0.782
294.223 0.815
295.074 0.851
295.894 0.82
296.687 0.793
297.478 0.791
298.27 0.792
299.02 0.75
299.847 0.827
300.643 0.796
301.499 0.856
302.36 0.861
303.209 0.849
304.1 0.891
304.817 0.717
305.82 1.003
306.668 0.848
307.465 0.797
307.913 0.448
308.287 0.374
308.938 0.651
309.255 0.317
309.913 0.658
310.218 0.305
310.681 0.463
311.066 0.385
311.607 0.541
312.416 0.809
312.679 0.263
312.948 0.269
313.251 0.303
314.106 0.855
314.959 0.853
315.61 0.651
315.901 0.291
322.216 6.315
322.995 0.779
323.751 0.756
324.488 0.737
325.177 0.689
325.888 0.711
326.596 0.708
326.863 0.267
327.347 0.484
328.136 0.789
328.978 0.842
329.766 0.788
330.578 0.812
331.401 0.823
332.219 0.818
332.946 0.727
333.659 0.713
334.377 0.718
335.116 0.739
335.838 0.722
336.518 0.68
337.215 0.697
337.93 0.715
338.793 0.863
339.688 0.895
340.589 0.901
341.512 0.923
342.378 0.866
343.145 0.767
343.905 0.76
344.627 0.722
345.297 0.67
346.013 0.716
346.801 0.788
347.567 0.766
348.446 0.879
349.286 0.84
350.176 0.89
351.057 0.881
351.86 0.803
352.673 0.813
353.491 0.818
354.267 0.776
355.113 0.846
355.984 0.871
356.79 0.806
357.606 0.816
358.517 0.911
359.41 0.893
360.356 0.946
361.265 0.909
362.123 0.858
363.019 0.896
363.867 0.848
364.754 0.887
365.677 0.923
366.631 0.954
367.594 0.963
368.541 0.947
369.443 0.902
370.201 0.758
370.95 0.749
371.734 0.784
372.598 0.864
373.399 0.801
374.242 0.843
375.004 0.762
375.73 0.726
376.445 0.715
377.196 0.751
378.055 0.859
378.933 0.878
379.722 0.789
380.443 0.721
381.219 0.776
381.996 0.777
382.828 0.832
383.67 0.842
384.575 0.905
385.52 0.945
386.412 0.892
387.233 0.821
388.085 0.852
388.931 0.846
389.805 0.874
390.626 0.821
391.502 0.876
392.43 0.928
393.439 1.009
394.393 0.954
395.256 0.863
396.144 0.888
397.017 0.873
397.817 0.8
398.698 0.881
399.59 0.892
400.462 0.872
401.41 0.948
402.413 1.003
403.272 0.859
404.159 0.887
404.929 0.77
405.653 0.724
406.378 0.725
407.128 0.75
407.961 0.833
408.797 0.836
409.053 0.256
409.337 0.284
409.643 0.306
410.203 0.56
410.483 0.28
410.899 0.416
411.158 0.259
411.648 0.49
411.969 0.321
415.441 3.472
415.696 0.255
417.099 1.403
417.949 0.85
418.248 0.299
418.575 0.327
422.16 3.585
426.984 4.824
427.8 0.816
428.7 0.9
429.597 0.897
430.416 0.819
431.243 0.827
432.022 0.779
432.78 0.758
433.598 0.818
434.412 0.814
435.194 0.782
435.97 0.776
436.701 0.731
437.41 0.709
438.257 0.847
439.022 0.765
439.319 0.297
444.59 5.271
445.413 0.823
446.239 0.826
447.053 0.814
447.92 0.867
448.795 0.875
449.656 0.861
450.576 0.92
451.464 0.888
452.35 0.886
453.265 0.915
454.109 0.844
454.967 0.858
455.834 0.867
456.638 0.804
457.017 0.379
457.488 0.471
458.364 0.876
458.992 0.628
461.807 2.815
462.482 0.675
465.874 3.392
466.748 0.874
467.619 0.871
468.544 0.925
469.428 0.884
470.299 0.871
471.181 0.882
471.964 0.783
472.708 0.744
473.501 0.793
474.235 0.734
474.982 0.747
475.731 0.749
476.501 0.77
477.313 0.812
478.069 0.756
478.876 0.807
479.655 0.779
480.367 0.712
480.757 0.39
481.022 0.265
481.347 0.325
481.655 0.308
482.059 0.404
482.423 0.364
482.848 0.425
483.159 0.311
484.038 0.879
485.649 1.611
486.242 0.593
486.5 0.258
489.109 2.609
490.437 1.328
491.275 0.838
492.133 0.858
492.443 0.31
494.876 2.433
495.209 0.333
497.158 1.949
500.415 3.257
503.182 2.767
503.562 0.38
503.844 0.282
508.24 4.396
508.539 0.299
508.812 0.273
509.087 0.275
509.362 0.275
510.872 1.51
517.643 0.651
518.208 0.565
518.951 0.743
519.308 0.357
519.586 0.278
522.15 2.564
522.799 0.649
523.457 0.658
524.127 0.67
524.794 0.667
525.428 0.634
526.075 0.647
526.743 0.668
527.526 0.783
528.381 0.855
529.247 0.866
530.107 0.86
530.938 0.831
531.765 0.827
532.628 0.863
533.462 0.834
534.201 0.739
534.956 0.755
535.684 0.728
536.38 0.696
537.19 0.81
538.044 0.854
538.889 0.845
539.793 0.904
540.704 0.911
541.611 0.907
542.495 0.884
543.342 0.847
544.132 0.79
544.955 0.823
545.793 0.838
546.604 0.811
547.384 0.78
548.346 0.962
549.298 0.952
550.222 0.924
551.13 0.908
551.992 0.862
552.769 0.777
553.535 0.766
554.261 0.726
554.95 0.689
555.659 0.709
556.35 0.691
557.056 0.706
557.832 0.776
558.689 0.857
559.574 0.885
560.481 0.907
561.396 0.915
562.313 0.917
563.194 0.881
564.075 0.881
564.944 0.869
565.835 0.891
566.696 0.861
567.58 0.884
568.477 0.897
569.341 0.864
570.221 0.88
571.102 0.881
571.933 0.831
572.826 0.893
573.773 0.947
574.669 0.896
575.519 0.85
576.298 0.779
577.053 0.755
577.827 0.774
578.598 0.771
579.439 0.841
580.308 0.869
581.129 0.821
581.924 0.795
582.716 0.792
583.553 0.837
584.396 0.843
585.312 0.916
586.236 0.924
587.125 0.889
588.043 0.918
588.981 0.938
589.83 0.849
590.676 0.846
591.512 0.836
592.347 0.835
593.234 0.887
594.137 0.903
595.002 0.865
595.905 0.903
596.773 0.868
597.611 0.838
598.467 0.856
599.271 0.804
600.08 0.809
600.933 0.853
601.771 0.838
602.646 0.875
603.542 0.896
604.392 0.85
605.252 0.86
606.105 0.853
606.968 0.863
607.811 0.843
608.631 0.82
609.454 0.823
610.195 0.741
610.979 0.784
611.717 0.738
612.56 0.843
613.46 0.9
614.276 0.816
615.039 0.763
615.756 0.717
616.483 0.727
617.206 0.723
617.908 0.702
618.571 0.663