0.000 0.694
0.694 0.694
1.379 0.685
2.064 0.685
3.344 1.28
3.97 0.626
4.596 0.626
5.23 0.634
5.891 0.661
6.527 0.636
7.193 0.666
7.857 0.664
8.511 0.654
9.161 0.65
9.807 0.646
10.427 0.62
11.052 0.625
11.658 0.606
12.275 0.617
12.905 0.63
13.59 0.685
14.257 0.667
14.94 0.683
15.614 0.674
16.262 0.648
16.905 0.643
17.55 0.645
18.194 0.644
18.826 0.632
19.448 0.622
20.106 0.658
20.747 0.641
21.375 0.628
22.015 0.64
22.641 0.626
23.239 0.598
23.831 0.592
24.439 0.608
25.105 0.666
25.766 0.661
26.537 0.771
27.276 0.739
28.018 0.742
28.709 0.691
29.435 0.726
30.146 0.711
30.83 0.684
31.564 0.734
32.234 0.67
32.922 0.688
33.569 0.647
34.221 0.652
34.88 0.659
35.687 0.807
36.507 0.82
37.237 0.73
37.994 0.757
38.729 0.735
39.471 0.742
40.185 0.714
40.833 0.648
41.538 0.705
42.246 0.708
42.993 0.747
43.771 0.778
44.463 0.692
45.22 0.757
46.086 0.866
46.994 0.908
47.852 0.858
48.616 0.764
49.346 0.73
50.046 0.7
50.714 0.668
51.371 0.657
52.061 0.69
52.869 0.808
53.76 0.891
54.649 0.889
55.541 0.892
56.406 0.865
57.258 0.852
58.07 0.812
58.871 0.801
59.71 0.839
60.574 0.864
61.429 0.855
62.192 0.763
62.932 0.74
63.729 0.797
64.549 0.82
65.368 0.819
66.094 0.726
66.809 0.715
67.486 0.677
68.13 0.644
68.766 0.636
69.413 0.647
70.061 0.648
70.803 0.742
71.586 0.783
72.35 0.764
73.082 0.732
73.754 0.672
74.422 0.668
75.071 0.649
75.775 0.704
76.558 0.783
77.358 0.8
78.098 0.74
78.782 0.684
79.44 0.658
80.059 0.619
80.661 0.602
81.265 0.604
81.854 0.589
82.444 0.59
83.089 0.645
83.758 0.669
84.568 0.81
85.363 0.795
86.226 0.863
87.106 0.88
88.011 0.905
88.889 0.878
89.721 0.832
90.493 0.772
91.2 0.707
91.844 0.644
92.505 0.661
93.14 0.635
93.829 0.689
94.532 0.703
95.232 0.7
95.998 0.766
96.776 0.778
97.534 0.758
98.287 0.753
99.083 0.796
99.895 0.812
100.699 0.804
101.496 0.797
102.23 0.734
102.926 0.696
103.6 0.674
104.231 0.631
104.875 0.644
105.529 0.654
106.263 0.734
107.042 0.779
107.825 0.783
108.608 0.783
109.341 0.733
110.034 0.693
110.75 0.716
111.475 0.725
112.224 0.749
112.928 0.704
113.589 0.661
114.23 0.641
114.851 0.621
115.467 0.616
116.054 0.587
116.647 0.593
117.263 0.616
117.972 0.709
118.774 0.802
119.615 0.841
120.344 0.729
121.188 0.844
122.036 0.848
122.863 0.827
123.651 0.788
124.398 0.747
125.09 0.692
125.747 0.657
126.375 0.628
126.991 0.616
127.582 0.591
128.192 0.61
128.839 0.647
129.571 0.732
130.342 0.771
131.116 0.774
131.817 0.701
132.572 0.755
133.282 0.71
134.005 0.723
134.74 0.735
135.462 0.722
136.152 0.69
136.788 0.636
137.443 0.655
138.069 0.626
138.717 0.648
139.377 0.66
140.086 0.709
140.812 0.726
141.519 0.707
142.217 0.698
142.881 0.664
143.512 0.631
144.142 0.63
144.8 0.658
145.514 0.714
146.249 0.735
147.031 0.782
147.805 0.774
148.529 0.724
149.217 0.688
149.873 0.656
150.497 0.624
151.086 0.589
151.687 0.601
152.304 0.617
152.982 0.678
153.709 0.727
154.436 0.727
155.141 0.705
155.828 0.687
156.495 0.667
157.212 0.717
157.969 0.757
158.677 0.708
159.372 0.695
160.058 0.686
160.706 0.648
161.378 0.672
162.03 0.652
162.666 0.636
163.291 0.625
163.889 0.598
164.503 0.614
165.117 0.614
165.765 0.648
166.426 0.661
167.148 0.722
167.95 0.802
168.812 0.862
169.652 0.84
170.461 0.809
171.243 0.782
171.963 0.72
172.631 0.668
173.304 0.673
173.961 0.657
174.579 0.618
175.243 0.664
175.985 0.742
176.726 0.741
177.444 0.718
178.152 0.708
178.84 0.688
179.477 0.637
180.125 0.648
180.753 0.628
181.387 0.634
182.049 0.662
182.697 0.648
183.33 0.633
183.947 0.617
184.55 0.603
185.144 0.594
185.734 0.59
186.346 0.612
187.074 0.728
187.81 0.736
188.619 0.809
189.402 0.783
190.158 0.756
190.88 0.722
191.579 0.699
192.275 0.696
192.975 0.7
193.631 0.656
194.304 0.673
195.026 0.722
195.774 0.748
196.47 0.696
197.183 0.713
197.885 0.702
198.629 0.744
199.347 0.718
200.053 0.706
200.74 0.687
201.399 0.659
202.065 0.666
202.751 0.686
203.41 0.659
204.07 0.66
204.729 0.659
205.421 0.692
206.089 0.668
206.821 0.732
207.601 0.78
208.392 0.791
209.187 0.795
209.947 0.76
210.649 0.702
211.332 0.683
211.99 0.658
212.64 0.65
213.263 0.623
213.916 0.653
214.607 0.691
215.397 0.79
216.136 0.739
216.855 0.719
217.617 0.762
218.408 0.791
219.184 0.776
219.873 0.689
220.572 0.699
221.246 0.674
221.913 0.667
222.589 0.676
223.272 0.683
223.994 0.722
224.751 0.757
225.506 0.755
226.22 0.714
226.937 0.717
227.623 0.686
228.28 0.657
228.915 0.635
229.525 0.61
230.116 0.591
230.76 0.644
231.506 0.746
232.252 0.746
232.97 0.718
233.727 0.757
234.48 0.753
235.212 0.732
235.892 0.68
236.59 0.698
237.285 0.695
237.98 0.695
238.667 0.687
239.345 0.678
239.998 0.653
240.626 0.628
241.221 0.595
241.82 0.599
242.403 0.583
242.982 0.579
243.593 0.611
244.231 0.638
244.916 0.685
245.678 0.762
246.5 0.822
247.26 0.76
248.032 0.772
248.792 0.76
249.522 0.73
250.172 0.65
250.806 0.634
251.435 0.629
252.079 0.644
252.782 0.703
253.498 0.716
254.203 0.705
254.877 0.674
255.555 0.678
256.227 0.672
256.868 0.641
257.517 0.649
258.146 0.629
258.769 0.623
259.393 0.624
260.021 0.628
260.664 0.643
261.319 0.655
262.117 0.798
262.953 0.836
263.863 0.91
264.684 0.821
265.414 0.73
266.151 0.737
266.868 0.717
267.564 0.696
268.253 0.689
268.948 0.695
269.653 0.705
270.346 0.693
271.025 0.679
271.692 0.667
272.356 0.664
273.027 0.671
273.71 0.683
274.338 0.628
274.979 0.641
275.687 0.708
276.477 0.79
277.189 0.712
277.919 0.73
278.691 0.772
279.464 0.773
280.203 0.739
280.921 0.718
281.643 0.722
282.311 0.668
282.97 0.659
283.645 0.675
284.331 0.686
285.027 0.696
285.73 0.703
286.411 0.681
287.113 0.702
287.807 0.694
288.53 0.723
289.295 0.765
290.043 0.748
290.722 0.679
291.434 0.712
292.131 0.697
292.824 0.693
293.505 0.681
294.163 0.658
294.81 0.647
295.482 0.672
296.154 0.672
296.873 0.719
297.532 0.659
298.244 0.712
298.957 0.713
299.685 0.728
300.413 0.728
301.123 0.71
301.806 0.683
302.45 0.644
303.093 0.643
303.731 0.638
304.378 0.647
305.146 0.768
305.974 0.828
306.782 0.808
307.57 0.788
308.32 0.75
309.011 0.691
309.701 0.69
310.364 0.663
311.014 0.65
311.652 0.638
312.27 0.618
312.911 0.641
313.578 0.667
314.313 0.735
315.064 0.751
315.78 0.716
316.438 0.658
317.081 0.643
317.743 0.662
318.405 0.662
319.098 0.693
319.824 0.726
320.543 0.719
321.222 0.679
321.908 0.686
322.593 0.685
323.292 0.699
323.999 0.707
324.698 0.699
325.374 0.676
326.108 0.734
326.847 0.739
327.603 0.756
328.347 0.744
329.023 0.676
329.711 0.688
330.362 0.651
330.976 0.614
331.584 0.608
332.189 0.605
332.796 0.607
333.398 0.602
334.016 0.618
334.668 0.652
335.372 0.704
336.017 0.645
336.669 0.652
337.325 0.656
338.009 0.684
338.697 0.688
339.393 0.696
340.061 0.668
340.723 0.662
341.396 0.673
342.053 0.657
342.726 0.673
343.396 0.67
344.056 0.66
344.713 0.657
345.401 0.688
346.112 0.711
346.828 0.716
347.572 0.744
348.292 0.72
349.006 0.714
349.719 0.713
350.427 0.708
351.093 0.666
351.764 0.671
352.499 0.735
353.252 0.753
354.185 0.933
355.045 0.86
355.796 0.751
356.545 0.749
357.268 0.723
358.044 0.776
358.856 0.812
359.592 0.736
360.289 0.697
360.982 0.693
361.664 0.682
362.335 0.671
363.005 0.67
363.684 0.679
364.326 0.642
364.962 0.636
365.598 0.636
366.327 0.729
367.199 0.872
368.081 0.882
368.938 0.857
369.757 0.819
370.572 0.815
371.304 0.732
372.046 0.742
372.815 0.769
373.53 0.715
374.241 0.711
375.009 0.768
375.818 0.809
376.591 0.773
377.318 0.727
378.026 0.708
378.757 0.731
379.509 0.752
380.352 0.843
381.216 0.864
382.024 0.808
382.804 0.78
383.53 0.726
384.244 0.714
384.934 0.69
385.611 0.677
386.292 0.681
387.047 0.755
387.839 0.792
388.639 0.8
389.384 0.745
390.09 0.706
390.797 0.707
391.514 0.717
392.236 0.722
392.949 0.713
393.687 0.738
394.374 0.687
395.073 0.699
395.77 0.697
396.485 0.715
397.177 0.692
397.843 0.666
398.526 0.683
399.247 0.721
400.035 0.788
400.828 0.793
401.575 0.747
402.279 0.704
402.957 0.678
403.638 0.681
404.346 0.708
405.122 0.776
405.903 0.781
406.641 0.738
407.378 0.737
408.101 0.723
408.771 0.67
409.437 0.666
410.097 0.66
410.746 0.649
411.39 0.644
412.04 0.65
412.696 0.656
413.361 0.665
414.015 0.654
414.649 0.634
415.284 0.635
415.924 0.64
416.652 0.728
417.409 0.757
418.146 0.737
418.872 0.726
419.597 0.725
420.287 0.69
420.933 0.646
421.581 0.648
422.243 0.662
422.951 0.708
423.68 0.729
424.4 0.72
425.117 0.717
425.808 0.691
426.457 0.649
427.09 0.633
427.717 0.627
428.353 0.636
429.086 0.733
429.898 0.812
430.703 0.805
431.438 0.735
432.117 0.679
432.77 0.653
433.425 0.655
434.063 0.638
434.668 0.605
435.276 0.608
435.865 0.589
436.448 0.583
437.04 0.592
437.658 0.618
438.291 0.633
438.947 0.656
439.703 0.756
440.491 0.788
441.285 0.794
442.03 0.745
442.749 0.719
443.461 0.712
444.18 0.719
444.901 0.721
445.642 0.741
446.385 0.743
447.146 0.761
447.87 0.724
448.622 0.752
449.399 0.777
450.205 0.806
450.925 0.72
451.644 0.719
452.39 0.746
453.127 0.737
453.808 0.681
454.524 0.716
455.218 0.694
455.976 0.758
456.709 0.733
457.574 0.865
458.468 0.894
459.333 0.865
460.101 0.768
460.816 0.715
461.497 0.681
462.145 0.648
462.784 0.639
463.41 0.626
464.04 0.63
464.667 0.627
465.285 0.618
465.917 0.632
466.581 0.664
467.341 0.76
468.108 0.767
468.845 0.737
469.546 0.701
470.229 0.683
470.869 0.64
471.496 0.627
472.122 0.626
472.816 0.694
473.605 0.789
474.451 0.846
475.269 0.818
476.029 0.76
476.74 0.711
477.432 0.692
478.116 0.684
478.814 0.698
479.529 0.715
480.182 0.653
480.839 0.657
481.549 0.71
482.401 0.852
483.26 0.859
484.033 0.773
484.887 0.854
485.686 0.799
486.45 0.764
487.207 0.757
487.939 0.732
488.62 0.681
489.279 0.659
489.943 0.664
490.621 0.678
491.333 0.712
492.067 0.734
492.759 0.692
493.463 0.704
494.134 0.671
494.788 0.654
495.45 0.662
496.104 0.654
496.831 0.727
497.587 0.756
498.38 0.793
499.14 0.76
499.877 0.737
500.579 0.702
501.249 0.67
501.89 0.641
502.516 0.626
503.125 0.609
503.731 0.606
504.328 0.597
504.925 0.597
505.517 0.592
506.118 0.601
506.828 0.71
507.664 0.836
508.519 0.855
509.357 0.838
510.173 0.816
510.921 0.748
511.593 0.672
512.265 0.672
512.912 0.647
513.55 0.638
514.162 0.612
514.791 0.629
515.429 0.638
516.101 0.672
516.807 0.706
517.504 0.697
518.182 0.678
518.83 0.648
519.452 0.622
520.061 0.609
520.658 0.597
521.257 0.599
521.879 0.622
522.609 0.73
523.347 0.738
524.08 0.733
524.734 0.654
525.415 0.681
526.081 0.666
526.73 0.649
527.425 0.695
528.228 0.803
529.05 0.822
529.884 0.834
530.644 0.76
531.355 0.711
532.067 0.712
532.814 0.747
533.587 0.773
534.337 0.75
535.055 0.718
535.771 0.716
536.45 0.679
537.106 0.656
537.798 0.692
538.489 0.691
539.198 0.709
539.885 0.687
540.609 0.724
541.393 0.784
542.135 0.742
542.855 0.72
543.58 0.725
544.275 0.695
544.988 0.713
545.71 0.722
546.419 0.709
547.122 0.703
547.789 0.667
548.442 0.653
549.058 0.616
549.664 0.606
550.255 0.591
550.838 0.583
551.417 0.579
552.001 0.584
552.588 0.587
553.23 0.642
554.024 0.794
554.895 0.871
555.706 0.811
556.509 0.803
557.258 0.749
558.001 0.743
558.764 0.763
559.553 0.789
560.32 0.767
561.114 0.794
561.871 0.757
562.581 0.71
563.258 0.677
563.947 0.689
564.686 0.739
565.456 0.77
566.254 0.798
566.991 0.737
567.708 0.717
568.439 0.731
569.174 0.735
569.89 0.716
570.604 0.714
571.386 0.782
572.225 0.839
573.063 0.838
573.903 0.84
574.669 0.766
575.409 0.74
576.088 0.679
576.748 0.66
577.435 0.687
578.138 0.703
578.881 0.743
579.595 0.714
580.37 0.775
581.159 0.789
581.961 0.802
582.737 0.776
583.471 0.734
584.139 0.668
584.781 0.642
585.418 0.637
586.086 0.668
586.822 0.736
587.597 0.775
588.383 0.786
589.114 0.731
589.831 0.717
590.575 0.744
591.336 0.761
592.088 0.752
592.861 0.773
593.652 0.791
594.426 0.774
595.162 0.736
595.884 0.722
596.604 0.72
597.319 0.715
597.984 0.665
598.638 0.654
599.282 0.644
599.933 0.651
600.714 0.781