0.000 0.742
0.742 0.742
1.447 0.705
2.161 0.714
2.875 0.714
3.579 0.704
4.31 0.731
5.013 0.703
5.735 0.722
6.506 0.771
7.335 0.829
8.141 0.806
8.921 0.78
9.775 0.854
10.678 0.903
11.516 0.838
12.321 0.805
13.169 0.848
14.025 0.856
14.709 0.684
21.166 6.457
21.999 0.833
22.839 0.84
24.505 1.666
25.298 0.793
25.569 0.271
25.842 0.273
26.155 0.313
26.455 0.3
26.793 0.338
27.202 0.409
27.557 0.355
28.348 0.791
29.171 0.823
30.027 0.856
30.863 0.836
31.659 0.796
32.462 0.803
32.763 0.301
33.224 0.461
34.001 0.777
34.791 0.79
35.563 0.772
36.332 0.769
37.096 0.764
37.935 0.839
38.875 0.94
39.804 0.929
40.692 0.888
41.582 0.89
42.462 0.88
43.287 0.825
44.114 0.827
44.941 0.827
45.772 0.831
46.571 0.799
47.426 0.855
48.317 0.891
49.16 0.843
49.956 0.796
50.749 0.793
51.564 0.815
52.437 0.873
53.33 0.893
54.185 0.855
55.077 0.892
55.988 0.911
56.877 0.889
57.573 0.696
58.07 0.497
58.342 0.272
58.78 0.438
59.402 0.622
59.702 0.3
60.005 0.303
60.281 0.276
60.538 0.257
60.815 0.277
61.117 0.302
63.919 2.802
64.218 0.299
67.488 3.27
67.775 0.287
68.031 0.256
70.187 2.156
80.999 10.812
81.29 0.291
81.557 0.267
81.882 0.325
82.293 0.411
89.998 7.705
92.314 2.316
92.619 0.305
92.872 0.253
93.2 0.328
93.828 0.628
94.18 0.352
94.725 0.545
95.667 0.942
95.924 0.257
96.249 0.325
96.64 0.391
99.809 3.169
100.31 0.501
100.707 0.397
101.12 0.413
101.445 0.325
102.824 1.379
103.1 0.276
103.483 0.383
104.229 0.746
105.794 1.565
106.23 0.436
106.534 0.304
106.979 0.445
107.3 0.321
108.002 0.702
109.533 1.531
109.857 0.324
110.263 0.406
110.65 0.387
111.09 0.44
111.363 0.273
111.663 0.3
111.944 0.281
112.353 0.409
117.507 5.154
117.862 0.355
118.193 0.331
118.957 0.764
119.619 0.662
119.93 0.311
120.252 0.322
121.686 1.434
121.961 0.275
122.266 0.305
122.546 0.28
122.843 0.297
123.123 0.28
123.457 0.334
123.89 0.433
124.702 0.812
125.028 0.326
126.707 1.679
126.96 0.253
127.22 0.26
127.571 0.351
127.836 0.265
128.09 0.254
129.007 0.917
131.25 2.243
131.66 0.41
137.998 6.338
138.266 0.268
138.564 0.298
138.832 0.268
140.224 1.392
140.643 0.419
141.242 0.599
141.732 0.49
142.059 0.327
142.326 0.267
142.587 0.261
142.843 0.256
143.101 0.258
143.352 0.251
144.223 0.871
147.066 2.843
157.669 10.603
157.997 0.328
161.522 3.525
162.309 0.787
163.131 0.822
163.968 0.837
164.751 0.783
165.523 0.772
166.264 0.741
167.033 0.769
167.789 0.756
168.529 0.74
169.312 0.783
170.132 0.82
170.896 0.764
171.681 0.785
172.482 0.801
173.27 0.788
174.073 0.803
174.818 0.745
175.546 0.728
176.264 0.718
176.962 0.698
177.63 0.668
178.326 0.696
179.027 0.701
179.719 0.692
180.421 0.702
181.127 0.706
181.836 0.709
182.539 0.703
183.238 0.699
183.883 0.645
184.542 0.659
185.183 0.641
185.803 0.62
186.439 0.636
187.088 0.649
187.82 0.732
188.576 0.756
189.306 0.73
190.058 0.752
190.782 0.724
191.512 0.73
192.221 0.709
192.914 0.693
193.602 0.688
194.281 0.679
194.949 0.668
195.618 0.669
196.262 0.644
196.954 0.692
197.65 0.696
198.395 0.745
199.125 0.73
199.835 0.71
200.577 0.742
201.389 0.812
202.164 0.775
202.915 0.751
203.713 0.798
204.571 0.858
205.358 0.787
206.212 0.854
207.096 0.884
207.962 0.866
211.283 3.321
212.072 0.789
212.894 0.822
213.711 0.817
214.477 0.766
215.28 0.803
216.152 0.872
217.073 0.921
217.988 0.915
218.801 0.813
219.609 0.808
220.439 0.83
221.29 0.851
222.054 0.764
222.821 0.767
223.554 0.733
224.289 0.735
225.003 0.714
225.749 0.746
226.546 0.797
227.321 0.775
228.153 0.832
229.035 0.882
229.959 0.924
230.822 0.863
231.688 0.866
232.575 0.887
233.477 0.902
234.315 0.838
235.126 0.811
235.958 0.832
236.733 0.775
237.528 0.795
238.357 0.829
239.267 0.91
240.166 0.899
241.066 0.9
242.029 0.963
242.98 0.951
243.832 0.852
244.723 0.891
245.626 0.903
246.494 0.868
247.318 0.824
248.171 0.853
249.05 0.879
249.94 0.89
250.771 0.831
251.584 0.813
252.426 0.842
253.309 0.883
254.215 0.906
255.094 0.879
255.916 0.822
256.741 0.825
257.541 0.8
258.308 0.767
259.081 0.773
259.892 0.811
260.76 0.868
261.67 0.91
262.561 0.891
263.472 0.911
264.419 0.947
265.357 0.938
266.222 0.865
267.098 0.876
267.978 0.88
268.848 0.87
269.698 0.85
270.504 0.806
271.325 0.821
272.177 0.852
273.059 0.882
273.92 0.861
274.803 0.883
275.683 0.88
276.073 0.39
276.412 0.339
276.684 0.272
280.418 3.734
280.69 0.272
281.016 0.326
283.168 2.152
283.941 0.773
286.86 2.919
287.13 0.27
287.393 0.263
288.794 1.401
289.389 0.595
293.204 3.815
294.119 0.915
295.024 0.905
295.848 0.824
296.693 0.845
297.518 0.825
298.322 0.804
299.093 0.771
299.878 0.785
300.46 0.582
300.724 0.264
301.208 0.484
301.476 0.268
301.905 0.429
302.21 0.305
302.471 0.261
302.746 0.275
303.196 0.45
303.869 0.673
304.249 0.38
304.625 0.376
305.187 0.562
306.193 1.006
306.865 0.672
307.139 0.274
307.916 0.777
308.739 0.823
309.019 0.28
309.295 0.276
309.559 0.264
309.849 0.29
311.293 1.444
314.964 3.671
315.256 0.292
315.518 0.262
324.995 9.477
325.867 0.872
326.733 0.866
327.576 0.843
328.437 0.861
328.97 0.533
329.245 0.275
330.129 0.884
330.985 0.856
331.813 0.828
332.642 0.829
333.485 0.843
333.756 0.271
334.032 0.276
334.314 0.282
335.224 0.91
342.213 0.777
343.041 0.828
343.85 0.809
344.656 0.806
345.472 0.816
345.987 0.515
346.251 0.264
346.983 0.732
347.703 0.72
348.393 0.69
349.095 0.702
349.808 0.713
350.571 0.763
351.398 0.827
352.239 0.841
353.107 0.868
353.995 0.888
354.874 0.879
355.686 0.812
356.501 0.815
357.304 0.803
358.049 0.745
358.777 0.728
359.477 0.7
360.197 0.72
360.934 0.737
361.73 0.796
362.568 0.838
363.408 0.84
364.205 0.797
364.945 0.74
365.22 0.275
365.553 0.333
366.408 0.855
367.166 0.758
367.965 0.799
368.798 0.833
369.662 0.864
370.492 0.83
371.28 0.788
372.096 0.816
372.967 0.871
373.825 0.858
374.658 0.833
375.499 0.841
376.357 0.858
377.243 0.886
378.12 0.877
378.995 0.875
379.878 0.883
380.728 0.85
381.512 0.784
382.269 0.757
383.04 0.771
383.845 0.805
384.712 0.867
385.519 0.807
386.34 0.821
387.204 0.864
388.096 0.892
388.934 0.838
389.791 0.857
390.671 0.88
391.596 0.925
392.534 0.938
393.445 0.911
394.332 0.887
395.209 0.877
396.088 0.879
396.954 0.866
397.756 0.802
398.54 0.784
399.36 0.82
400.2 0.84
401.047 0.847
401.878 0.831
402.736 0.858
403.603 0.867
404.413 0.81
405.22 0.807
406.062 0.842
406.929 0.867
407.74 0.811
408.545 0.805
409.357 0.812
410.17 0.813
410.957 0.787
411.732 0.775
412.509 0.777
413.255 0.746
414.013 0.758
414.782 0.769
415.584 0.802
416.438 0.854
417.301 0.863
418.202 0.901
419.078 0.876
419.883 0.805
420.652 0.769
421.387 0.735
422.143 0.756
422.894 0.751
423.674 0.78
424.509 0.835
425.398 0.889
426.303 0.905
427.148 0.845
428.007 0.859
428.892 0.885
429.758 0.866
430.573 0.815
431.385 0.812
432.157 0.772
432.924 0.767
433.709 0.785
434.508 0.799
435.284 0.776
436.042 0.758
436.795 0.753
437.62 0.825
438.523 0.903
439.385 0.862
440.258 0.873
441.118 0.86
441.925 0.807
442.7 0.775
443.463 0.763
444.224 0.761
445.026 0.802
445.786 0.76
446.58 0.794
447.418 0.838
448.253 0.835
449.017 0.764
449.794 0.777
450.598 0.804
451.474 0.876
452.364 0.89
453.224 0.86
454.03 0.806
454.825 0.795
455.612 0.787
456.365 0.753
457.152 0.787
457.955 0.803
458.739 0.784
459.526 0.787
460.281 0.755
461.026 0.745
461.774 0.748
462.534 0.76
463.264 0.73
463.955 0.691
464.659 0.704
465.343 0.684
466.015 0.672
466.679 0.664
467.346 0.667
468.02 0.674
468.702 0.682
469.419 0.717
470.22 0.801
471.052 0.832
471.857 0.805
472.705 0.848
473.582 0.877
474.456 0.874
475.314 0.858
476.115 0.801
476.904 0.789
477.641 0.737
478.398 0.757
479.181 0.783
479.985 0.804
480.822 0.837
481.624 0.802
482.442 0.818
483.256 0.814
484.088 0.832
484.948 0.86
485.796 0.848
486.597 0.801
487.351 0.754
488.086 0.735
488.792 0.706
489.512 0.72
490.325 0.813
491.166 0.841
492.026 0.86
492.881 0.855
493.783 0.902
494.717 0.934
495.613 0.896
496.415 0.802
497.204 0.789
498.021 0.817
498.919 0.898
499.849 0.93
500.764 0.915
501.656 0.892
502.591 0.935
503.539 0.948
504.496 0.957
505.422 0.926
506.295 0.873
507.168 0.873
508.022 0.854
508.873 0.851
509.697 0.824
510.502 0.805
511.318 0.816
512.163 0.845
512.983 0.82
513.775 0.792
514.579 0.804
515.428 0.849
516.265 0.837
517.107 0.842
517.965 0.858
518.837 0.872
519.661 0.824
520.473 0.812
521.302 0.829
522.16 0.858
523.038 0.878
523.9 0.862
524.786 0.886
525.687 0.901
526.593 0.906
527.485 0.892
528.338 0.853
529.148 0.81
529.962 0.814
530.767 0.805
531.577 0.81
532.36 0.783
533.187 0.827
534.03 0.843
534.855 0.825
535.631 0.776
536.435 0.804
537.278 0.843
538.145 0.867
538.992 0.847
539.869 0.877
540.757 0.888
541.652 0.895
542.526 0.874
543.333 0.807
544.127 0.794
544.913 0.786
545.701 0.788
546.511 0.81
547.381 0.87
548.266 0.885
549.15 0.884
550.0 0.85
550.862 0.862
551.715 0.853
552.506 0.791
553.286 0.78
554.077 0.791
554.95 0.873
555.84 0.89
556.703 0.863
557.591 0.888
558.492 0.901
559.379 0.887
560.214 0.835
561.077 0.863
561.946 0.869
562.773 0.827
563.6 0.827
564.431 0.831
565.187 0.756
565.963 0.776
566.744 0.781
567.498 0.754
568.275 0.777
569.081 0.806
569.915 0.834
570.736 0.821
571.504 0.768
572.288 0.784
573.103 0.815
573.959 0.856
574.828 0.869
575.704 0.876
576.583 0.879
577.445 0.862
578.24 0.795
579.034 0.794
579.83 0.796
580.617 0.787
581.377 0.76
582.17 0.793
582.992 0.822
583.824 0.832
584.608 0.784
585.413 0.805
586.25 0.837
587.069 0.819
587.865 0.796
588.671 0.806
589.489 0.818
590.298 0.809
591.037 0.739
591.762 0.725
592.474 0.712
593.18 0.706
593.934 0.754
594.7 0.766
595.52 0.82
596.359 0.839
597.199 0.84
598.0 0.801
598.826 0.826
599.674 0.848
599.984 0.31
600.468 0.484
601.297 0.829
602.128 0.831
602.972 0.844
603.752 0.78
604.557 0.805
605.388 0.831
606.18 0.792
606.971 0.791
607.788 0.817
608.633 0.845