0.000 0.398
0.398 0.398
1.282 0.884
2.102 0.82
2.922 0.82
3.715 0.793
4.49 0.775
5.287 0.797
6.115 0.828
6.942 0.827
7.736 0.794
8.553 0.817
9.399 0.846
10.252 0.853
11.091 0.839
11.895 0.804
12.677 0.782
13.478 0.801
14.32 0.842
15.148 0.828
15.996 0.848
16.836 0.84
17.62 0.784
18.394 0.774
19.189 0.795
20.003 0.814
20.823 0.82
21.599 0.776
22.4 0.801
23.22 0.82
24.012 0.792
24.829 0.817
25.666 0.837
26.511 0.845
27.353 0.842
28.148 0.795
28.938 0.79
29.722 0.784
30.502 0.78
31.26 0.758
31.976 0.716
32.665 0.689
33.393 0.728
34.148 0.755
34.893 0.745
35.623 0.73
36.369 0.746
37.136 0.767
37.938 0.802
38.699 0.761
39.459 0.76
40.229 0.77
41.027 0.798
41.83 0.803
42.596 0.766
43.373 0.777
44.162 0.789
44.957 0.795
45.708 0.751
46.453 0.745
47.206 0.753
47.989 0.783
48.777 0.788
49.552 0.775
49.905 0.353
50.34 0.435
51.15 0.81
51.961 0.811
52.737 0.776
53.516 0.779
54.31 0.794
55.135 0.825
55.919 0.784
56.674 0.755
57.425 0.751
58.205 0.78
58.959 0.754
59.721 0.762
60.465 0.744
61.231 0.766
61.971 0.74
62.713 0.742
63.466 0.753
64.177 0.711
64.88 0.703
65.543 0.663
66.215 0.672
66.868 0.653
67.531 0.663
68.212 0.681
68.658 0.446
68.927 0.269
69.628 0.701
70.357 0.729
71.108 0.751
71.865 0.757
72.57 0.705
73.272 0.702
73.972 0.7
74.679 0.707
75.378 0.699
76.081 0.703
76.806 0.725
77.547 0.741
78.303 0.756
79.068 0.765
79.826 0.758
80.571 0.745
81.308 0.737
82.033 0.725
82.774 0.741
83.539 0.765
84.328 0.789
85.103 0.775
85.895 0.792
86.703 0.808
87.507 0.804
88.274 0.767
89.047 0.773
89.846 0.799
90.675 0.829
91.486 0.811
92.222 0.736
92.977 0.755
93.719 0.742
94.429 0.71
95.158 0.729
95.944 0.786
96.704 0.76
97.468 0.764
98.252 0.784
99.064 0.812
99.897 0.833
100.738 0.841
101.586 0.848
102.435 0.849
103.253 0.818
104.071 0.818
104.821 0.75
105.564 0.743
106.308 0.744
107.071 0.763
107.836 0.765
108.614 0.778
109.399 0.785
110.178 0.779
110.506 0.328
110.937 0.431
111.662 0.725
112.379 0.717
112.634 0.255
113.081 0.447
113.331 0.25
113.592 0.261
113.934 0.342
114.245 0.311
114.519 0.274
115.347 0.828
115.729 0.382
115.992 0.263
116.322 0.33
116.814 0.492
141.524 24.71
142.238 0.714
142.955 0.717
143.22 0.265
143.471 0.251
143.732 0.261
144.099 0.367
144.413 0.314
145.212 0.799
145.754 0.542
146.112 0.358
149.048 2.936
151.009 1.961
151.294 0.285
151.567 0.273
152.502 0.935
153.09 0.588
153.948 0.858
154.518 0.57
154.871 0.353
158.207 3.336
158.47 0.263
159.082 0.612
162.965 3.883
163.485 0.52
163.808 0.323
179.356 15.548
179.997 0.641
180.662 0.665
181.322 0.66
182.002 0.68
182.702 0.7
183.249 0.547
184.2 0.951
184.988 0.788
185.776 0.788
186.541 0.765
187.304 0.763
188.062 0.758
188.822 0.76
189.538 0.716
190.262 0.724
190.989 0.727
191.73 0.741
192.465 0.735
193.256 0.791
194.079 0.823
194.89 0.811
195.691 0.801
196.514 0.823
197.334 0.82
198.138 0.804
198.902 0.764
199.662 0.76
200.435 0.773
201.235 0.8
202.048 0.813
202.816 0.768
203.603 0.787
204.418 0.815
205.257 0.839
206.111 0.854
206.926 0.815
207.755 0.829
208.58 0.825
209.393 0.813
210.171 0.778
210.958 0.787
211.755 0.797
212.571 0.816
213.369 0.798
214.148 0.779
214.931 0.783
215.719 0.788
216.494 0.775
217.289 0.795
218.057 0.768
218.82 0.763
219.589 0.769
220.392 0.803
221.212 0.82
222.013 0.801
222.85 0.837
223.708 0.858
224.58 0.872
225.465 0.885
226.37 0.905
227.281 0.911
228.197 0.916
229.078 0.881
229.917 0.839
230.704 0.787
231.495 0.791
232.296 0.801
233.121 0.825
233.909 0.788
234.731 0.822
235.577 0.846
236.432 0.855
237.26 0.828
238.105 0.845
238.965 0.86
239.801 0.836
240.582 0.781
241.378 0.796
242.215 0.837
243.094 0.879
243.934 0.84
244.798 0.864
245.66 0.862
246.489 0.829
247.308 0.819
248.144 0.836
248.979 0.835
249.751 0.772
250.527 0.776
251.311 0.784
252.067 0.756
252.834 0.767
253.613 0.779
254.419 0.806
255.191 0.772
255.978 0.787
256.777 0.799
257.577 0.8
258.326 0.749
259.102 0.776
259.887 0.785
260.677 0.79
261.43 0.753
262.209 0.779
263.005 0.796
263.829 0.824
264.614 0.785
265.419 0.805
266.242 0.823
267.029 0.787
267.834 0.805
268.623 0.789
269.36 0.737
270.113 0.753
270.887 0.774
271.681 0.794
272.29 0.609
277.62 5.33
279.09 1.47
279.823 0.733
280.556 0.733
281.306 0.75
282.057 0.751
282.786 0.729
283.529 0.743
284.289 0.76
285.075 0.786
285.848 0.773
286.622 0.774
287.433 0.811
288.258 0.825
289.104 0.846
289.9 0.796
290.668 0.768
291.437 0.769
292.207 0.77
292.932 0.725
293.682 0.75
294.459 0.777
295.273 0.814
296.069 0.796
296.858 0.789
297.659 0.801
298.475 0.816
299.277 0.802
300.061 0.784
300.873 0.812
301.722 0.849
302.585 0.863
303.417 0.832
304.241 0.824
305.072 0.831
305.913 0.841
306.716 0.803
307.522 0.806
308.335 0.813
309.138 0.803
309.903 0.765
310.623 0.72
311.321 0.698
312.018 0.697
312.758 0.74
313.476 0.718
314.2 0.724
314.933 0.733
315.701 0.768
316.455 0.754
317.133 0.678
322.868 5.735
323.726 0.858
324.562 0.836
325.385 0.823
326.199 0.814
327.018 0.819
327.828 0.81
328.64 0.812
329.429 0.789
330.227 0.798
331.027 0.8
331.826 0.799
332.603 0.777
333.393 0.79
334.184 0.791
334.991 0.807
335.809 0.818
336.585 0.776
337.375 0.79
338.175 0.8
338.964 0.789
339.729 0.765
340.522 0.793
341.313 0.791
342.097 0.784
342.888 0.791
343.693 0.805
344.472 0.779
345.237 0.765
346.009 0.772
346.767 0.758
347.509 0.742
348.283 0.774
349.057 0.774
349.851 0.794
350.586 0.735
351.335 0.749
352.088 0.753
352.861 0.773
353.646 0.785
354.356 0.71
355.087 0.731
355.834 0.747
356.604 0.77
357.405 0.801
358.183 0.778
358.978 0.795
359.792 0.814
360.62 0.828
361.416 0.796
362.234 0.818
363.051 0.817
363.862 0.811
364.639 0.777
365.432 0.793
366.235 0.803
367.042 0.807
367.8 0.758
368.564 0.764
369.343 0.779
370.114 0.771
370.861 0.747
371.64 0.779
372.441 0.801
373.23 0.789
374.024 0.794
374.837 0.813
375.649 0.812
376.408 0.759
377.183 0.775
377.97 0.787
378.757 0.787
379.483 0.726
380.207 0.724
380.895 0.688
381.553 0.658
382.225 0.672
382.927 0.702
383.627 0.7
384.352 0.725
385.11 0.758
385.911 0.801
386.705 0.794
387.482 0.777
388.299 0.817
389.135 0.836
389.95 0.815
390.248 0.298
390.695 0.447
391.447 0.752
392.204 0.757
392.996 0.792
393.825 0.829
394.661 0.836
395.469 0.808
396.282 0.813
397.066 0.784
397.815 0.749
398.566 0.751
399.329 0.763
400.1 0.771
400.853 0.753
401.618 0.765
402.354 0.736
403.049 0.695
403.725 0.676
404.397 0.672
405.095 0.698
405.808 0.713
406.497 0.689
407.212 0.715
407.944 0.732
408.66 0.716
409.393 0.733
410.143 0.75
410.909 0.766
411.635 0.726
412.337 0.702
413.062 0.725
413.818 0.756
414.606 0.788
415.41 0.804
416.177 0.767
416.982 0.805
417.822 0.84
418.67 0.848
419.507 0.837
420.341 0.834
421.181 0.84
422.034 0.853
422.89 0.856
423.727 0.837
424.543 0.816
425.364 0.821
426.195 0.831
427.028 0.833
427.827 0.799
428.637 0.81
429.436 0.799
430.218 0.782
430.974 0.756
431.742 0.768
432.519 0.777
433.258 0.739
434.006 0.748
434.771 0.765
435.567 0.796
436.333 0.766
437.114 0.781
437.913 0.799
438.729 0.816
439.481 0.752
440.241 0.76
441.015 0.774
441.772 0.757
442.49 0.718
443.219 0.729
443.966 0.747
444.668 0.702
445.387 0.719
446.088 0.701
446.807 0.719
447.525 0.718
448.228 0.703
448.946 0.718
449.657 0.711
450.313 0.656
450.952 0.639
451.576 0.624
452.217 0.641
452.906 0.689
453.642 0.736
454.419 0.777
455.172 0.753
455.928 0.756
456.679 0.751
457.418 0.739
458.153 0.735
458.88 0.727
459.59 0.71
460.302 0.712
461.029 0.727
461.776 0.747
462.53 0.754
463.29 0.76
464.054 0.764
464.807 0.753
465.557 0.75
466.317 0.76
467.1 0.783
467.867 0.767
468.629 0.762
469.394 0.765
470.189 0.795
470.965 0.776
471.679 0.714
472.382 0.703
473.089 0.707
473.799 0.71
474.502 0.703
475.239 0.737
476.01 0.771
476.805 0.795
477.571 0.766
478.343 0.772
479.121 0.778
479.895 0.774
480.648 0.753
481.432 0.784
482.235 0.803
483.047 0.812
483.829 0.782
484.629 0.8
485.454 0.825
486.281 0.827
487.058 0.777
487.837 0.779
488.614 0.777
489.393 0.779
490.141 0.748
490.886 0.745
491.618 0.732
492.326 0.708
493.01 0.684
493.705 0.695
494.403 0.698
495.09 0.687
495.814 0.724
496.566 0.752
497.361 0.795
497.749 0.388
505.811 0.819
506.618 0.807
507.407 0.789
508.19 0.783
508.981 0.791
509.785 0.804
510.596 0.811
511.361 0.765
512.142 0.781
512.925 0.783
513.735 0.81
514.564 0.829
515.383 0.819
516.227 0.844
517.089 0.862
517.927 0.838
518.759 0.832
519.587 0.828
520.388 0.801
521.15 0.762
521.928 0.778
522.711 0.783
523.511 0.8
524.25 0.739
525.02 0.77
525.824 0.804
526.652 0.828
527.465 0.813
528.22 0.755
528.992 0.772
529.769 0.777
530.569 0.8
531.329 0.76
532.095 0.766
532.861 0.766
533.638 0.777
534.369 0.731
535.124 0.755
535.869 0.745
536.572 0.703
537.305 0.733
538.085 0.78
538.908 0.823
539.725 0.817
540.495 0.77
541.27 0.775
542.05 0.78
542.825 0.775
543.552 0.727
544.288 0.736
545.031 0.743
545.804 0.773
546.591 0.787
547.356 0.765
548.124 0.768
548.892 0.768
549.671 0.779
550.465 0.794
551.272 0.807
552.087 0.815
552.904 0.817
553.697 0.793
554.478 0.781
555.256 0.778
556.025 0.769
556.768 0.743
557.491 0.723
558.219 0.728
558.956 0.737
559.686 0.73
560.411 0.725
561.161 0.75
561.943 0.782
562.715 0.772
563.47 0.755
564.228 0.758
564.995 0.767
565.734 0.739
566.469 0.735
567.217 0.748
567.99 0.773
568.726 0.736
569.466 0.74
570.228 0.762
571.016 0.788
571.796 0.78
572.601 0.805
573.404 0.803
574.198 0.794
574.939 0.741
575.68 0.741
576.428 0.748
577.197 0.769
577.968 0.771
578.693 0.725
579.431 0.738
580.18 0.749
580.956 0.776
581.75 0.794
582.505 0.755
583.272 0.767
584.018 0.746
584.725 0.707
585.409 0.684
586.107 0.698
586.814 0.707
587.525 0.711
588.272 0.747
589.057 0.785
589.862 0.805
590.612 0.75
591.385 0.773
592.168 0.783
592.97 0.802
593.738 0.768
594.533 0.795
595.342 0.809
596.154 0.812
596.913 0.759
597.683 0.77
598.469 0.786
599.265 0.796
600.038 0.773
600.842 0.804
601.659 0.817
602.394 0.735
603.127 0.733
603.883 0.756
604.671 0.788
605.459 0.788
606.212 0.753