0.000 0.66
0.66 0.66
1.334 0.674
2.027 0.693
2.719 0.692
3.468 0.749
4.26 0.792
5.111 0.851
6.006 0.895
6.95 0.944
7.912 0.962
8.816 0.904
9.737 0.921
10.716 0.979
11.747 1.031
12.788 1.041
13.763 0.975
14.789 1.026
15.731 0.942
16.701 0.97
17.725 1.024
18.63 0.905
19.455 0.825
20.338 0.883
21.226 0.888
22.257 1.031
23.23 0.973
24.196 0.966
25.153 0.957
26.087 0.934
27.016 0.929
27.925 0.909
28.744 0.819
29.536 0.792
30.318 0.782
31.175 0.857
32.05 0.875
32.927 0.877
33.869 0.942
34.813 0.944
35.713 0.9
36.624 0.911
37.557 0.933
38.519 0.962
39.411 0.892
40.378 0.967
41.376 0.998
42.388 1.012
43.322 0.934
44.314 0.992
45.322 1.008
46.309 0.987
47.268 0.959
48.261 0.993
49.264 1.003
50.248 0.984
51.174 0.926
52.118 0.944
53.053 0.935
53.984 0.931
54.859 0.875
55.798 0.939
56.777 0.979
57.708 0.931
58.64 0.932
59.634 0.994
60.645 1.011
61.596 0.951
62.526 0.93
63.456 0.93
64.35 0.894
65.205 0.855
66.105 0.9
67.043 0.938
67.998 0.955
68.893 0.895
69.812 0.919
70.713 0.901
71.608 0.895
72.473 0.865
73.392 0.919
74.366 0.974
75.369 1.003
75.62 0.251
75.926 0.306
78.302 2.376
79.275 0.973
80.207 0.932
81.157 0.95
82.083 0.926
82.745 0.662
83.86 1.115
84.156 0.296
84.79 0.634
85.744 0.954
86.598 0.854
86.931 0.333
87.6 0.669
88.57 0.97
89.496 0.926
90.368 0.872
91.131 0.763
91.405 0.274
92.282 0.877
92.546 0.264
92.826 0.28
93.238 0.412
94.218 0.98
95.161 0.943
96.06 0.899
96.983 0.923
97.8 0.817
98.819 1.019
99.68 0.861
99.962 0.282
100.228 0.266
102.653 2.425
103.895 1.242
104.864 0.969
105.3 0.436
106.026 0.726
106.685 0.659
107.076 0.391
107.508 0.432
107.972 0.464
108.24 0.268
108.523 0.283
109.178 0.655
109.947 0.769
110.288 0.341
110.932 0.644
111.25 0.318
111.635 0.385
112.031 0.396
112.348 0.317
112.607 0.259
112.916 0.309
113.2 0.284
113.623 0.423
113.886 0.263
114.283 0.397
115.061 0.778
115.328 0.267
115.724 0.396
116.073 0.349
116.359 0.286
116.664 0.305
116.956 0.292
117.229 0.273
117.502 0.273
117.995 0.493
119.047 1.052
120.049 1.002
126.998 6.949
128.87 1.872
132.143 3.273
137.542 5.399
138.228 0.686
138.481 0.253
138.77 0.289
139.372 0.602
139.623 0.251
140.042 0.419
140.364 0.322
140.637 0.273
149.997 9.36
150.886 0.889
151.786 0.9
152.682 0.896
153.572 0.89
154.458 0.886
155.329 0.871
156.184 0.855
157.051 0.867
157.906 0.855
158.767 0.861
159.612 0.845
160.518 0.906
161.458 0.94
162.401 0.943
163.367 0.966
164.388 1.021
165.378 0.99
166.384 1.006
167.381 0.997
168.345 0.964
169.312 0.967
170.24 0.928
171.165 0.925
172.093 0.928
173.048 0.955
173.968 0.92
174.929 0.961
175.808 0.879
176.712 0.904
177.62 0.908
178.504 0.884
179.313 0.809
180.103 0.79
180.864 0.761
181.642 0.778
182.493 0.851
183.358 0.865
184.186 0.828
185.063 0.877
185.951 0.888
186.802 0.851
187.688 0.886
188.608 0.92
189.569 0.961
190.519 0.95
191.44 0.921
192.409 0.969
193.401 0.992
194.385 0.984
195.318 0.933
196.266 0.948
197.225 0.959
198.179 0.954
199.104 0.925
199.979 0.875
200.879 0.9
201.801 0.922
202.76 0.959
203.684 0.924
204.612 0.928
205.568 0.956
206.51 0.942
207.405 0.895
208.32 0.915
209.228 0.908
210.064 0.836
210.914 0.85
211.846 0.932
212.806 0.96
213.76 0.954
214.663 0.903
215.582 0.919
216.521 0.939
217.471 0.95
218.423 0.952
219.333 0.91
220.272 0.939
221.229 0.957
222.204 0.975
223.128 0.924
224.003 0.875
224.911 0.908
225.8 0.889
226.644 0.844
227.487 0.843
228.346 0.859
229.203 0.857
230.027 0.824
230.886 0.859
231.775 0.889
232.689 0.914
233.567 0.878
234.429 0.862
235.322 0.893
236.232 0.91
237.141 0.909
237.996 0.855
238.859 0.863
239.71 0.851
240.571 0.861
241.403 0.832
242.277 0.874
243.183 0.906
244.114 0.931
244.985 0.871
245.898 0.913
246.824 0.926
247.74 0.916
248.617 0.877
249.512 0.895
250.425 0.913
251.339 0.914
252.216 0.877
253.124 0.908
253.982 0.858
254.869 0.887
255.744 0.875
256.615 0.871
257.493 0.878
258.319 0.826
259.166 0.847
260.033 0.867
260.859 0.826
261.707 0.848
262.569 0.862
263.453 0.884
264.308 0.855
265.194 0.886
266.055 0.861
266.873 0.818
267.694 0.821
268.524 0.83
269.346 0.822
270.192 0.846
271.075 0.883
271.919 0.844
272.712 0.793
273.524 0.812
274.349 0.825
275.204 0.855
276.087 0.883
276.912 0.825
277.752 0.84
278.615 0.863
279.466 0.851
280.342 0.876
281.234 0.892
282.026 0.792
282.28 0.254
283.831 1.551
284.726 0.895
285.583 0.857
286.455 0.872
287.337 0.882
288.156 0.819
288.921 0.765
289.697 0.776
290.491 0.794
291.233 0.742
292.002 0.769
292.8 0.798
293.664 0.864
294.557 0.893
295.428 0.871
296.336 0.908
297.29 0.954
298.252 0.962
299.151 0.899
300.055 0.904
300.979 0.924
301.913 0.934
302.775 0.862
303.669 0.894
304.538 0.869
305.377 0.839
306.238 0.861
307.125 0.887
307.944 0.819
308.817 0.873
309.742 0.925
310.614 0.872
311.501 0.887
312.422 0.921
313.345 0.923
314.235 0.89
315.179 0.944
316.138 0.959
317.054 0.916
318.001 0.947
318.96 0.959
319.884 0.924
320.805 0.921
321.666 0.861
322.084 0.418
322.496 0.412
323.312 0.816
324.15 0.838
324.971 0.821
325.769 0.798
326.525 0.756
327.253 0.728
327.96 0.707
328.687 0.727
329.442 0.755
330.276 0.834
331.173 0.897
332.13 0.957
333.086 0.956
334.035 0.949
334.988 0.953
335.894 0.906
336.814 0.92
337.713 0.899
338.617 0.904
339.497 0.88
340.294 0.797
341.072 0.778
341.807 0.735
342.602 0.795
343.454 0.852
344.307 0.853
345.157 0.85
346.048 0.891
346.979 0.931
347.875 0.896
348.728 0.853
349.578 0.85
350.461 0.883
351.364 0.903
352.221 0.857
353.137 0.916
354.064 0.927
354.885 0.821
355.176 0.291
355.663 0.487
356.461 0.798
357.285 0.824
358.058 0.773
358.848 0.79
359.73 0.882
360.683 0.953
361.658 0.975
362.588 0.93
363.505 0.917
364.399 0.894
365.227 0.828
365.989 0.762
366.741 0.752
367.505 0.764
368.286 0.781
369.128 0.842
370.025 0.897
370.952 0.927
371.914 0.962
372.779 0.865
373.624 0.845
374.526 0.902
375.523 0.997
376.545 1.022
377.551 1.006
378.531 0.98
379.492 0.961
380.426 0.934
381.351 0.925
382.272 0.921
383.208 0.936
384.119 0.911
384.984 0.865
385.861 0.877
386.766 0.905
387.682 0.916
388.574 0.892
389.496 0.922
390.438 0.942
391.396 0.958
392.351 0.955
393.272 0.921
394.195 0.923
395.108 0.913
395.978 0.87
396.848 0.87
397.735 0.887
398.641 0.906
399.555 0.914
400.454 0.899
401.383 0.929
402.325 0.942
403.247 0.922
404.152 0.905
405.092 0.94
406.037 0.945
406.943 0.906
407.813 0.87
408.719 0.906
409.643 0.924
410.566 0.923
411.425 0.859
412.329 0.904
413.243 0.914
414.156 0.913
414.983 0.827
415.852 0.869
416.708 0.856
417.631 0.923
418.643 1.012
419.62 0.977
420.544 0.924
421.386 0.842
422.224 0.838
423.079 0.855
423.947 0.868
424.813 0.866
425.692 0.879
426.593 0.901
427.503 0.91
428.389 0.886
429.261 0.872
430.183 0.922
430.82 0.637
431.127 0.307
432.074 0.947
432.966 0.892
433.881 0.915
434.812 0.931
435.74 0.928
436.662 0.922
437.523 0.861
438.41 0.887
439.299 0.889
440.211 0.912
441.121 0.91
442.014 0.893
442.836 0.822
443.677 0.841
444.539 0.862
445.436 0.897
446.323 0.887
447.158 0.835
448.03 0.872
448.897 0.867
449.74 0.843
450.577 0.837
451.455 0.878
452.359 0.904
453.236 0.877
454.119 0.883
455.033 0.914
455.963 0.93
456.827 0.864
457.726 0.899
458.659 0.933
459.589 0.93
460.449 0.86
461.353 0.904
462.289 0.936
463.236 0.947
464.163 0.927
465.111 0.948
466.085 0.974
467.052 0.967
467.986 0.934
468.949 0.963
469.946 0.997
470.94 0.994
471.893 0.953
472.837 0.944
473.793 0.956
474.746 0.953
475.702 0.956
476.591 0.889
477.457 0.866
478.344 0.887
479.259 0.915
480.165 0.906
480.743 0.578
481.044 0.301
481.958 0.914
482.864 0.906
483.765 0.901
484.617 0.852
485.498 0.881
486.394 0.896
487.28 0.886
488.109 0.829
488.978 0.869
489.859 0.881
490.722 0.863
491.55 0.828
492.412 0.862
493.29 0.878
494.118 0.828
494.929 0.811
495.756 0.827
496.6 0.844
497.437 0.837
498.209 0.772
498.977 0.768
499.717 0.74
500.448 0.731
501.222 0.774
502.034 0.812
502.814 0.78
503.652 0.838
504.532 0.88
505.447 0.915
506.405 0.958
507.319 0.914
508.224 0.905
509.12 0.896
510.036 0.916
511.003 0.967
511.991 0.988
512.927 0.936
513.877 0.95
514.858 0.981
515.834 0.976
516.819 0.985
517.774 0.955
518.733 0.959
519.687 0.954
520.596 0.909
521.487 0.891
522.396 0.909
523.341 0.945
524.234 0.893
525.124 0.89
526.049 0.925
527.006 0.957
527.924 0.918
528.851 0.927
529.176 0.325
529.772 0.596
530.684 0.912
531.529 0.845
532.322 0.793
533.14 0.818
533.953 0.813
534.798 0.845
535.67 0.872
536.52 0.85
537.365 0.845
538.206 0.841
539.008 0.802
539.817 0.809
540.642 0.825
541.442 0.8
542.258 0.816
543.1 0.842
543.951 0.851
544.776 0.825
545.653 0.877
546.539 0.886
547.423 0.884
548.288 0.865
549.135 0.847
549.978 0.843
550.82 0.842
551.647 0.827
552.475 0.828
553.324 0.849
554.188 0.864
555.071 0.883
555.967 0.896
556.816 0.849
557.689 0.873
558.601 0.912
559.52 0.919
560.368 0.848
561.23 0.862
562.044 0.814
562.859 0.815
563.592 0.733
564.354 0.762
565.119 0.765
565.905 0.786
566.711 0.806
567.562 0.851
568.401 0.839
569.274 0.873
570.092 0.818
570.871 0.779
571.663 0.792
572.443 0.78
573.182 0.739
573.894 0.712
574.628 0.734
575.4 0.772
576.223 0.823
577.067 0.844
577.865 0.798
578.658 0.793
579.469 0.811
580.274 0.805
580.949 0.675
581.213 0.264
587.084 0.95
588.023 0.939
588.947 0.924
589.798 0.851
590.657 0.859
591.48 0.823
592.267 0.787
593.033 0.766
593.793 0.76
594.55 0.757
595.321 0.771
596.097 0.776
596.827 0.73
597.541 0.714
598.273 0.732
599.033 0.76
599.863 0.83
600.735 0.872
601.648 0.913
602.565 0.917
603.419 0.854
604.284 0.865
605.148 0.864
606.019 0.871
606.889 0.87