0.000 1.236
1.236 1.236
2.122 0.886
2.896 0.774
3.732 0.836
4.572 0.84
5.497 0.925
6.782 1.285
7.847 1.065
9.002 1.155
10.163 1.161
11.131 0.968
12.011 0.88
12.937 0.926
20.312 1.313
21.537 1.225
22.65 1.113
23.788 1.138
24.785 0.997
26.017 1.232
27.222 1.205
28.267 1.045
29.197 0.93
30.012 0.815
31.337 1.325
32.531 1.194
33.587 1.056
34.6 1.013
35.804 1.204
37.026 1.222
38.267 1.241
39.382 1.115
40.443 1.061
41.56 1.117
42.517 0.957
43.671 1.154
44.768 1.097
45.849 1.081
46.848 0.999
47.815 0.967
48.709 0.894
50.016 1.307
51.06 1.044
52.16 1.1
53.249 1.089
54.208 0.959
55.391 1.183
56.544 1.153
57.614 1.07
58.758 1.144
59.873 1.115
60.948 1.075
61.874 0.926
62.924 1.05
64.117 1.193
65.178 1.061
66.099 0.921
67.245 1.146
68.346 1.101
69.547 1.201
70.752 1.205
71.78 1.028
72.876 1.096
74.003 1.127
74.926 0.923
75.832 0.906
76.735 0.903
77.598 0.863
78.854 1.256
79.994 1.14
81.033 1.039
82.121 1.088
83.132 1.011
84.022 0.89
84.888 0.866
85.759 0.871
86.948 1.189
88.002 1.054
88.941 0.939
89.963 1.022
91.058 1.095
92.085 1.027
93.075 0.99
94.165 1.09
95.279 1.114
96.371 1.092
97.513 1.142
98.66 1.147
99.829 1.169
100.987 1.158
101.993 1.006
102.99 0.997
104.128 1.138
105.182 1.054
106.278 1.096
107.393 1.115
108.35 0.957
109.322 0.972
110.281 0.959
111.231 0.95
112.458 1.227
113.488 1.03
114.519 1.031
115.503 0.984
116.398 0.895
117.509 1.111
118.571 1.062
119.398 0.827
120.241 0.843
121.078 0.837
122.023 0.945
122.945 0.922
123.878 0.933
124.743 0.865
125.903 1.16
126.929 1.026
127.906 0.977
128.84 0.934
129.714 0.874
130.491 0.777
131.21 0.719
131.919 0.709
132.714 0.795
133.552 0.838
134.622 1.07
135.694 1.072
136.669 0.975
137.541 0.872
138.334 0.793
139.17 0.836
139.546 0.376
140.349 0.803
141.399 1.05
142.462 1.063
143.552 1.09
144.489 0.937
145.481 0.992
146.554 1.073
147.587 1.033
148.477 0.89
149.324 0.847
150.348 1.024
151.338 0.99
152.212 0.874
153.237 1.025
153.953 0.716
154.297 0.344
155.295 0.998
156.288 0.993
157.19 0.902
158.102 0.912
159.095 0.993
160.012 0.917
161.001 0.989
162.066 1.065
163.047 0.981
164.127 1.08
165.204 1.077
166.219 1.015
167.256 1.037
168.226 0.97
169.082 0.856
169.995 0.913
170.95 0.955
171.959 1.009
173.048 1.089
174.202 1.154
175.28 1.078
176.225 0.945
177.199 0.974
178.194 0.995
179.231 1.037
180.279 1.048
181.399 1.12
182.43 1.031
183.493 1.063
184.478 0.985
185.444 0.966
186.534 1.09
187.542 1.008
188.464 0.922
189.269 0.805
189.982 0.713
190.681 0.699
191.424 0.743
192.166 0.742
192.924 0.758
193.752 0.828
194.607 0.855
195.362 0.755
196.242 0.88
197.219 0.977
198.204 0.985
199.166 0.962
200.105 0.939
201.007 0.902
201.859 0.852
202.698 0.839
203.51 0.812
203.804 0.294
204.089 0.285
205.08 0.991
206.071 0.991
207.098 1.027
208.056 0.958
208.878 0.822
209.635 0.757
210.339 0.704
211.048 0.709
211.745 0.697
212.472 0.727
213.256 0.784
214.335 1.079
215.331 0.996
216.03 0.699
216.973 0.943
217.724 0.751
218.294 0.57
219.231 0.937
220.016 0.785
220.649 0.633
221.54 0.891
222.281 0.741
223.026 0.745
223.773 0.747
224.454 0.681
225.141 0.687
225.787 0.646
226.415 0.628
226.869 0.454
227.636 0.767
228.072 0.436
228.871 0.799
229.518 0.647
230.169 0.651
230.822 0.653
232.087 1.265
232.396 0.309
232.684 0.288
233.278 0.594
233.855 0.577
234.427 0.572
234.999 0.572
235.432 0.433
235.775 0.343
236.148 0.373
236.754 0.606
237.043 0.289
237.425 0.382
238.194 0.769
239.144 0.95
240.112 0.968
240.754 0.642
241.059 0.305
241.527 0.468
241.982 0.455
242.71 0.728
243.169 0.459
243.476 0.307
244.113 0.637
244.684 0.571
245.501 0.817
246.176 0.675
246.539 0.363
246.839 0.3
247.492 0.653
248.126 0.634
248.476 0.35
248.745 0.269
249.356 0.611
249.954 0.598
250.551 0.597
251.162 0.611
251.833 0.671
252.789 0.956
253.754 0.965
254.681 0.927
255.584 0.903
256.465 0.881
257.283 0.818
258.045 0.762
258.738 0.693
259.42 0.682
260.082 0.662
260.738 0.656
261.393 0.655
262.139 0.746
262.866 0.727
263.397 0.531
263.674 0.277
264.397 0.723
265.22 0.823
265.96 0.74
266.679 0.719
267.466 0.787
267.991 0.525
268.281 0.29
269.293 1.012
270.202 0.909
271.051 0.849
271.838 0.787
272.116 0.278
272.565 0.449
273.264 0.699
273.945 0.681
274.609 0.664
275.259 0.65
275.95 0.691
276.47 0.52
276.942 0.472
277.335 0.393
277.666 0.331
278.021 0.355
278.352 0.331
278.634 0.282
278.923 0.289
279.386 0.463
280.152 0.766
280.962 0.81
281.796 0.834
282.573 0.777
283.384 0.811
284.28 0.896
285.131 0.851
285.993 0.862
286.783 0.79
287.512 0.729
288.195 0.683
288.856 0.661
289.508 0.652
290.182 0.674
290.882 0.7
291.614 0.732
292.343 0.729
293.044 0.701
293.762 0.718
294.476 0.714
295.23 0.754
296.059 0.829
297.26 1.201
298.198 0.938
298.994 0.796
299.774 0.78
300.592 0.818
301.46 0.868
302.355 0.895
302.869 0.514
303.348 0.479
303.616 0.268
303.914 0.298
304.21 0.296
304.561 0.351
304.916 0.355
305.221 0.305
305.589 0.368
305.96 0.371
306.22 0.26
306.491 0.271
306.801 0.31
307.151 0.35
307.412 0.261
307.912 0.5
308.218 0.306
308.501 0.283
309.177 0.676
309.548 0.371
309.938 0.39
310.31 0.372
310.626 0.316
310.926 0.3
311.248 0.322
311.763 0.515
312.113 0.35
312.436 0.323
312.715 0.279
313.248 0.533
313.97 0.722
314.66 0.69
315.358 0.698
316.045 0.687
316.737 0.692
317.395 0.658
318.058 0.663
318.717 0.659
319.416 0.699
320.22 0.804
321.148 0.928
322.032 0.884
322.797 0.765
323.482 0.685
324.154 0.672
324.818 0.664
325.471 0.653
326.124 0.653
326.787 0.663
327.476 0.689
328.177 0.701
328.49 0.313
328.762 0.272
329.462 0.7
330.089 0.627
330.72 0.631
331.409 0.689
332.226 0.817
333.117 0.891
333.986 0.869
334.842 0.856
335.634 0.792
336.342 0.708
337.055 0.713
337.794 0.739
338.918 1.124
339.53 0.612
339.911 0.381
340.316 0.405
341.203 0.887
341.579 0.376
341.938 0.359
342.618 0.68
343.289 0.671
343.954 0.665
344.662 0.708
345.407 0.745
346.089 0.682
346.8 0.711
347.617 0.817
348.592 0.975
349.433 0.841
350.201 0.768
350.956 0.755
351.703 0.747
352.444 0.741
353.159 0.715
353.832 0.673
354.515 0.683
355.188 0.673
355.916 0.728
356.704 0.788
357.547 0.843
358.321 0.774
358.927 0.606
359.692 0.765
360.361 0.669
361.094 0.733
361.907 0.813
362.773 0.866
363.659 0.886
364.028 0.369
364.404 0.376
365.103 0.699
365.799 0.696
366.489 0.69
366.799 0.31
367.235 0.436
367.988 0.753
368.719 0.731
369.43 0.711
370.017 0.587
370.931 0.914
371.596 0.665
372.225 0.629
373.134 0.909
373.78 0.646
374.42 0.64
375.055 0.635
375.674 0.619
376.548 0.874
376.813 0.265
377.532 0.719
378.149 0.617
378.477 0.328
378.9 0.423
379.421 0.521
380.353 0.932
381.151 0.798
381.903 0.752
382.655 0.752
383.432 0.777
384.159 0.727
384.827 0.668
385.497 0.67
386.205 0.708
387.1 0.895
387.978 0.878
388.88 0.902
389.747 0.867
390.63 0.883
391.444 0.814
392.182 0.738
392.891 0.709
393.623 0.732
394.369 0.746
395.129 0.76
395.811 0.682
396.342 0.531
397.156 0.814
397.879 0.723
398.697 0.818
399.561 0.864
400.312 0.751
401.064 0.752
401.844 0.78
402.675 0.831
403.548 0.873
404.334 0.786
405.068 0.734
405.776 0.708
406.41 0.634
407.274 0.864
408.096 0.822
408.888 0.792
409.149 0.261
409.531 0.382
409.801 0.27
410.415 0.614
410.803 0.388
411.167 0.364
411.942 0.775
412.787 0.845
413.384 0.597
414.176 0.792
414.443 0.267
415.179 0.736
415.432 0.253
415.794 0.362
416.509 0.715
417.129 0.62
417.742 0.613
418.175 0.433
418.524 0.349
419.109 0.585
420.114 1.005
421.213 1.099
422.213 1.0
423.131 0.918
423.527 0.396
423.875 0.348
424.485 0.61
425.095 0.61
425.626 0.531
425.89 0.264
426.305 0.415
426.57 0.265
427.394 0.824
427.96 0.566
428.585 0.625
429.343 0.758
430.324 0.981
430.989 0.665
431.277 0.288
432.179 0.902
433.071 0.892
433.8 0.729
434.187 0.387
434.729 0.542
435.287 0.558
435.577 0.29
436.26 0.683
436.559 0.299
437.05 0.491
438.108 1.058
438.462 0.354
439.204 0.742
440.323 1.119
440.923 0.6
441.195 0.272
441.483 0.288
442.094 0.611
442.913 0.819
443.273 0.36
443.752 0.479
444.135 0.383
444.729 0.594
445.206 0.477
445.652 0.446
446.563 0.911
447.546 0.983
448.483 0.937
449.279 0.796
450.1 0.821
450.975 0.875
451.859 0.884
452.737 0.878
453.718 0.981
454.696 0.978
455.018 0.322
455.274 0.256
455.564 0.29
455.972 0.408
456.243 0.271
456.803 0.56
457.745 0.942
458.476 0.731
459.318 0.842
460.072 0.754
460.462 0.39
460.891 0.429
461.872 0.981
462.675 0.803
463.424 0.749
464.325 0.901
465.11 0.785
465.582 0.472
466.024 0.442
466.304 0.28
466.589 0.285
467.063 0.474
467.32 0.257
469.439 2.119
470.494 1.055
471.456 0.962
472.311 0.855
473.104 0.793
473.848 0.744
474.103 0.255
474.6 0.497
475.33 0.73
476.077 0.747
476.858 0.781
477.778 0.92
478.734 0.956
479.598 0.864
480.487 0.889
481.219 0.732
482.013 0.794
482.661 0.648
483.297 0.636
483.912 0.615
484.366 0.454
485.109 0.743
485.626 0.517
486.435 0.809
486.912 0.477
487.492 0.58
488.147 0.655
488.672 0.525
488.937 0.265
489.491 0.554
489.797 0.306
490.17 0.373
490.497 0.327
491.12 0.623
491.995 0.875
492.588 0.593
493.054 0.466
493.562 0.508
493.918 0.356
494.527 0.609
494.905 0.378
495.192 0.287
495.829 0.637
496.877 1.048
497.301 0.424
497.8 0.499
498.099 0.299
498.709 0.61
499.249 0.54
499.577 0.328
500.131 0.554
500.474 0.343
500.841 0.367
501.187 0.346
501.477 0.29
501.873 0.396
502.521 0.648
502.772 0.251
503.456 0.684
503.765 0.309
504.113 0.348
504.772 0.659
505.41 0.638
506.024 0.614
506.627 0.603
506.921 0.294
507.21 0.289
507.649 0.439
508.202 0.553
509.046 0.844
509.562 0.516
509.861 0.299
510.359 0.498
510.747 0.388
511.6 0.853
511.859 0.259
512.366 0.507
512.655 0.289
513.052 0.397
513.702 0.65
514.328 0.626
514.646 0.318
515.187 0.541
515.757 0.57
516.037 0.28
516.297 0.26
516.59 0.293
516.924 0.334
517.736 0.812
518.139 0.403
518.804 0.665
519.063 0.259
519.419 0.356
519.815 0.396
520.862 1.047
521.766 0.904
522.606 0.84
523.446 0.84
524.209 0.763
524.568 0.359
524.857 0.289
525.209 0.352
525.635 0.426
526.047 0.412
526.466 0.419
527.243 0.777
527.601 0.358
527.96 0.359
528.866 0.906
529.67 0.804
530.451 0.781
531.321 0.87
531.944 0.623
532.205 0.261
533.289 1.084
534.424 1.135
535.13 0.706
535.389 0.259
536.195 0.806