0.000 0.877
0.877 0.877
1.759 0.882
2.642 0.883
3.45 0.808
4.301 0.851
5.188 0.887
6.058 0.87
6.875 0.817
7.74 0.865
8.656 0.916
9.601 0.945
10.545 0.944
11.411 0.866
12.193 0.782
13.022 0.829
13.992 0.97
14.847 0.855
15.674 0.827
16.537 0.863
17.272 0.735
18.019 0.747
18.812 0.793
19.6 0.788
20.361 0.761
21.145 0.784
21.934 0.789
22.695 0.761
23.46 0.765
24.233 0.773
24.989 0.756
25.764 0.775
26.603 0.839
27.437 0.834
28.274 0.837
29.155 0.881
30.043 0.888
30.891 0.848
31.792 0.901
32.713 0.921
33.596 0.883
34.533 0.937
35.489 0.956
36.401 0.912
37.375 0.974
38.298 0.923
39.143 0.845
40.067 0.924
41.032 0.965
41.891 0.859
42.807 0.916
43.74 0.933
44.605 0.865
45.486 0.881
46.288 0.802
47.05 0.762
47.845 0.795
48.722 0.877
49.641 0.919
50.554 0.913
51.434 0.88
52.255 0.821
53.075 0.82
53.886 0.811
54.651 0.765
55.391 0.74
56.143 0.752
56.874 0.731
57.634 0.76
58.397 0.763
59.181 0.784
59.995 0.814
60.805 0.81
61.655 0.85
62.506 0.851
63.326 0.82
64.147 0.821
64.989 0.842
65.854 0.865
66.741 0.887
67.571 0.83
68.37 0.799
69.157 0.787
69.966 0.809
70.784 0.818
71.578 0.794
72.364 0.786
73.117 0.753
73.877 0.76
74.688 0.811
75.521 0.833
76.307 0.786
77.075 0.768
77.83 0.755
78.54 0.71
79.254 0.714
79.97 0.716
80.711 0.741
81.464 0.753
82.162 0.698
82.863 0.701
83.572 0.709
84.308 0.736
85.046 0.738
85.799 0.753
86.55 0.751
87.272 0.722
87.994 0.722
88.732 0.738
89.5 0.768
90.261 0.761
90.971 0.71
91.723 0.752
92.473 0.75
93.305 0.832
94.145 0.84
94.966 0.821
95.736 0.77
96.52 0.784
97.35 0.83
98.208 0.858
98.614 0.406
98.981 0.367
99.727 0.746
100.442 0.715
101.16 0.718
101.912 0.752
102.671 0.759
103.449 0.778
104.221 0.772
104.964 0.743
105.678 0.714
106.36 0.682
107.019 0.659
107.688 0.669
108.35 0.662
108.634 0.284
109.025 0.391
109.699 0.674
110.369 0.67
111.063 0.694
111.75 0.687
112.417 0.667
113.095 0.678
113.781 0.686
114.491 0.71
115.226 0.735
115.97 0.744
116.697 0.727
117.392 0.695
118.091 0.699
118.807 0.716
119.625 0.818
120.443 0.818
121.263 0.82
122.204 0.941
123.097 0.893
124.024 0.927
124.919 0.895
125.686 0.767
126.426 0.74
127.138 0.712
127.855 0.717
128.564 0.709
129.349 0.785
130.197 0.848
131.168 0.971
132.165 0.997
133.06 0.895
133.977 0.917
134.864 0.887
135.768 0.904
136.673 0.905
137.54 0.867
138.366 0.826
139.11 0.744
139.921 0.811
140.696 0.775
141.51 0.814
142.471 0.961
143.414 0.943
144.319 0.905
145.34 1.021
146.245 0.905
147.132 0.887
148.075 0.943
148.896 0.821
149.718 0.822
150.647 0.929
151.536 0.889
152.43 0.894
153.241 0.811
154.029 0.788
154.879 0.85
155.73 0.851
156.708 0.978
157.631 0.923
158.514 0.883
159.451 0.937
160.284 0.833
161.121 0.837
162.013 0.892
162.889 0.876
163.691 0.802
164.571 0.88
165.499 0.928
166.387 0.888
167.329 0.942
168.284 0.955
169.158 0.874
170.059 0.901
170.991 0.932
171.974 0.983
172.824 0.85
173.714 0.89
174.68 0.966
175.593 0.913
176.454 0.861
177.371 0.917
178.374 1.003
179.34 0.966
180.278 0.938
181.151 0.873
181.974 0.823
182.716 0.742
183.446 0.73
184.224 0.778
185.017 0.793
185.778 0.761
186.693 0.915
187.684 0.991
188.618 0.934
189.561 0.943
190.429 0.868
191.289 0.86
192.167 0.878
193.029 0.862
193.808 0.779
194.594 0.786
195.47 0.876
196.444 0.974
197.434 0.99
198.358 0.924
199.262 0.904
200.169 0.907
201.053 0.884
201.859 0.806
202.696 0.837
203.617 0.921
204.513 0.896
205.368 0.855
206.278 0.91
207.185 0.907
208.033 0.848
208.982 0.949
209.933 0.951
210.802 0.869
211.772 0.97
212.733 0.961
213.6 0.867
214.527 0.927
215.436 0.909
216.288 0.852
217.197 0.909
218.161 0.964
219.039 0.878
219.963 0.924
220.835 0.872
221.637 0.802
222.484 0.847
223.374 0.89
224.206 0.832
225.041 0.835
225.942 0.901
226.876 0.934
227.745 0.869
228.651 0.906
229.56 0.909
230.391 0.831
231.281 0.89
232.218 0.937
233.074 0.856
233.988 0.914
234.927 0.939
235.796 0.869
236.711 0.915
237.659 0.948
238.513 0.854
239.345 0.832
240.272 0.927
241.187 0.915
242.018 0.831
242.939 0.921
243.833 0.894
244.639 0.806
245.471 0.832
246.287 0.816
247.13 0.843
247.962 0.832
248.742 0.78
249.498 0.756
250.231 0.733
251.002 0.771
251.814 0.812
252.592 0.778
253.371 0.779
254.162 0.791
254.933 0.771
255.752 0.819
256.596 0.844
257.428 0.832
258.194 0.766
258.987 0.793
259.725 0.738
260.46 0.735
261.179 0.719
261.888 0.709
262.627 0.739
263.438 0.811
264.212 0.774
264.992 0.78
265.733 0.741
266.431 0.698
267.113 0.682
267.761 0.648
268.41 0.649
269.059 0.649
269.699 0.64
270.328 0.629
270.947 0.619
271.558 0.611
272.167 0.609
272.765 0.598
273.35 0.585
273.918 0.568
274.483 0.565
275.041 0.558
275.593 0.552
276.133 0.54
276.674 0.541
277.208 0.534
277.741 0.533
278.288 0.547
278.86 0.572
279.487 0.627
280.178 0.691
280.876 0.698
281.591 0.715
282.311 0.72
283.068 0.757
283.839 0.771
284.583 0.744
285.267 0.684
285.926 0.659
286.559 0.633
287.165 0.606
287.756 0.591
288.352 0.596
288.943 0.591
289.547 0.604
290.197 0.65
290.897 0.7
291.691 0.794
292.512 0.821
293.306 0.794
294.098 0.792
294.855 0.757
295.814 0.959
296.791 0.977
297.73 0.939
298.672 0.942
299.495 0.823
300.347 0.852
301.206 0.859
302.083 0.877
302.943 0.86
303.78 0.837
304.535 0.755
305.297 0.762
306.04 0.743
306.874 0.834
307.835 0.961
308.827 0.992
309.721 0.894
310.633 0.912
311.471 0.838
312.241 0.77
313.052 0.811
313.835 0.783
314.598 0.763
315.454 0.856
316.305 0.851
317.275 0.97
318.204 0.929
319.062 0.858
319.953 0.891
320.874 0.921
321.806 0.932
322.741 0.935
323.562 0.821
324.441 0.879
325.461 1.02
326.365 0.904
327.312 0.947
328.277 0.965
329.168 0.891
330.152 0.984
331.04 0.888
331.91 0.87
332.894 0.984
333.866 0.972
334.787 0.921
335.705 0.918
336.628 0.923
337.417 0.789
338.169 0.752
338.934 0.765
339.747 0.813
340.715 0.968
341.59 0.875
342.458 0.868
343.371 0.913
344.239 0.868
345.056 0.817
345.892 0.836
346.753 0.861
347.633 0.88
348.504 0.871
349.336 0.832
350.121 0.785
350.966 0.845
351.81 0.844
352.675 0.865
353.518 0.843
354.309 0.791
355.164 0.855
356.053 0.889
356.865 0.812
357.678 0.813
358.447 0.769
359.171 0.724
359.929 0.758
360.734 0.805
361.593 0.859
362.471 0.878
363.261 0.79
364.113 0.852
364.944 0.831
365.716 0.772
366.568 0.852
367.387 0.819
368.186 0.799
368.946 0.76
369.746 0.8
370.505 0.759
371.302 0.797
372.088 0.786
372.826 0.738
373.573 0.747
374.372 0.799
375.162 0.79
375.968 0.806
376.822 0.854
377.692 0.87
378.5 0.808
379.359 0.859
380.161 0.802
380.977 0.816
381.751 0.774
382.584 0.833
383.419 0.835
384.238 0.819
384.989 0.751
385.743 0.754
386.453 0.71
387.132 0.679
387.795 0.663
388.47 0.675
389.162 0.692
389.849 0.687
390.597 0.748
391.423 0.826
392.257 0.834
393.124 0.867
394.054 0.93
394.9 0.846
395.816 0.916
396.665 0.849
397.484 0.819
398.376 0.892
399.214 0.838
400.135 0.921
401.065 0.93
401.912 0.847
402.765 0.853
403.583 0.818
404.381 0.798
405.115 0.734
405.838 0.723
406.544 0.706
407.288 0.744
408.067 0.779
408.838 0.771
409.64 0.802
410.512 0.872
411.318 0.806
412.145 0.827
412.936 0.791
413.699 0.763
414.438 0.739
415.163 0.725
415.892 0.729
416.692 0.8
417.578 0.886
418.468 0.89
419.411 0.943
420.287 0.876
421.138 0.851
421.892 0.754
422.613 0.721
423.345 0.732
424.051 0.706
424.778 0.727
425.595 0.817
426.553 0.958
427.566 1.013
428.436 0.87
429.271 0.835
430.153 0.882
430.957 0.804
431.772 0.815
432.623 0.851
433.397 0.774
434.188 0.791
435.091 0.903
435.996 0.905
436.834 0.838
437.767 0.933
438.683 0.916
439.505 0.822
440.405 0.9
441.35 0.945
442.205 0.855
443.113 0.908
443.999 0.886
444.877 0.878
445.721 0.844
446.559 0.838
447.358 0.799
448.145 0.787
449.025 0.88
449.99 0.965
450.945 0.955
451.847 0.902
452.687 0.84
453.458 0.771
454.304 0.846
455.255 0.951
456.101 0.846
457.035 0.934
458.029 0.994
458.905 0.876
459.889 0.984
460.855 0.966
461.719 0.864
462.598 0.879
463.519 0.921
464.456 0.937
465.352 0.896
466.155 0.803
466.926 0.771
467.638 0.712
468.326 0.688
468.991 0.665
469.662 0.671
470.313 0.651
470.979 0.666
471.654 0.675
472.371 0.717
473.156 0.785
473.918 0.762
474.636 0.718
475.442 0.806
476.218 0.776
477.04 0.822
477.948 0.908
478.903 0.955
479.851 0.948
480.784 0.933
481.66 0.876
482.438 0.778
483.271 0.833
484.101 0.83
484.911 0.81
485.829 0.918
486.856 1.027
487.824 0.968
488.75 0.926
489.762 1.012
490.798 1.036
491.746 0.948
492.69 0.944
493.532 0.842
494.388 0.856
495.346 0.958
496.232 0.886
497.248 1.016
498.215 0.967
499.129 0.914
500.143 1.014
500.985 0.842
501.885 0.9
502.84 0.955
503.741 0.901
504.626 0.885
505.665 1.039
506.694 1.029
506.972 0.278
507.569 0.597
508.456 0.887
509.396 0.94
510.313 0.917
511.218 0.905
512.008 0.79
512.47 0.462
512.75 0.28
513.001 0.251
513.474 0.473
514.235 0.761
515.001 0.766
515.78 0.779
516.524 0.744
517.265 0.741
518.012 0.747
518.755 0.743
519.505 0.75
520.222 0.717
520.909 0.687
521.619 0.71
522.359 0.74
523.152 0.793
523.971 0.819
524.777 0.806
525.623 0.846
526.413 0.79
527.212 0.799
528.055 0.843
528.927 0.872
529.765 0.838
530.65 0.885
531.59 0.94
532.462 0.872
533.366 0.904
534.249 0.883
535.129 0.88
536.041 0.912
536.934 0.893
537.756 0.822
538.579 0.823
539.447 0.868
540.383 0.936
541.343 0.96
542.213 0.87
543.07 0.857
543.976 0.906
544.823 0.847
545.636 0.813
546.539 0.903
547.518 0.979
548.524 1.006
549.402 0.878
550.33 0.928
551.188 0.858
552.035 0.847
552.907 0.872
553.78 0.873
554.719 0.939
555.686 0.967
556.587 0.901
557.57 0.983
558.527 0.957
559.378 0.851
560.269 0.891
561.183 0.914
562.071 0.888
562.947 0.876
563.922 0.975
564.882 0.96
565.784 0.902
566.705 0.921
567.607 0.902
568.427 0.82
569.291 0.864
570.202 0.911
571.065 0.863
571.916 0.851
572.804 0.888
573.584 0.78
574.339 0.755
574.738 0.399
575.112 0.374
575.658 0.546
576.795 1.137
577.726 0.931
578.565 0.839
579.43 0.865
580.286 0.856
581.085 0.799
581.921 0.836
582.797 0.876
583.646 0.849
584.538 0.892
585.448 0.91
586.275 0.827
587.123 0.848
587.984 0.861
588.83 0.846
589.609 0.779
590.4 0.791
591.231 0.831
592.08 0.849
592.901 0.821
593.679 0.778
594.483 0.804
595.31 0.827
596.155 0.845
597.004 0.849
597.77 0.766
598.546 0.776
599.287 0.741
600.029 0.742
600.792 0.763
601.608 0.816
602.388 0.78
603.116 0.728
603.864 0.748
604.664 0.8
605.478 0.814
606.365 0.887
607.269 0.904
608.137 0.868
609.036 0.899
609.953 0.917
610.851 0.898
611.679 0.828
611.968 0.289
612.498 0.53