0.000 0.713
0.713 0.713
1.431 0.718
2.159 0.728
2.877 0.718
3.66 0.783
4.498 0.838
5.283 0.785
6.055 0.772
6.796 0.741
7.531 0.735
8.269 0.738
8.993 0.724
9.71 0.717
10.445 0.735
11.216 0.771
12.01 0.794
12.776 0.766
13.566 0.79
14.33 0.764
15.061 0.731
15.772 0.711
16.493 0.721
17.228 0.735
17.95 0.722
18.637 0.687
19.325 0.688
20.009 0.684
20.679 0.67
21.328 0.649
21.988 0.66
22.676 0.688
23.401 0.725
24.178 0.777
24.993 0.815
25.832 0.839
26.618 0.786
27.373 0.755
28.111 0.738
28.823 0.712
29.518 0.695
30.181 0.663
30.837 0.656
31.492 0.655
32.194 0.702
32.969 0.775
33.74 0.771
34.487 0.747
35.292 0.805
36.108 0.816
36.899 0.791
37.655 0.756
38.404 0.749
39.143 0.739
39.868 0.725
40.586 0.718
41.319 0.733
42.065 0.746
42.782 0.717
43.488 0.706
44.2 0.712
44.909 0.709
45.613 0.704
46.318 0.705
47.003 0.685
47.706 0.703
48.44 0.734
49.133 0.693
49.813 0.68
50.494 0.681
51.165 0.671
51.83 0.665
52.486 0.656
53.144 0.658
53.802 0.658
54.468 0.666
55.139 0.671
55.857 0.718
56.632 0.775
57.41 0.778
58.183 0.773
58.935 0.752
59.656 0.721
60.363 0.707
61.053 0.69
61.722 0.669
62.377 0.655
63.023 0.646
63.666 0.643
64.312 0.646
64.971 0.659
65.626 0.655
66.297 0.671
66.977 0.68
67.667 0.69
68.35 0.683
69.026 0.676
69.688 0.662
70.344 0.656
70.995 0.651
71.635 0.64
72.264 0.629
72.886 0.622
73.508 0.622
74.144 0.636
74.79 0.646
75.442 0.652
76.111 0.669
76.799 0.688
77.527 0.728
78.274 0.747
79.011 0.737
79.757 0.746
80.503 0.746
81.236 0.733
81.942 0.706
82.649 0.707
83.37 0.721
84.097 0.727
84.808 0.711
85.525 0.717
86.273 0.748
87.033 0.76
87.778 0.745
88.509 0.731
89.222 0.713
89.926 0.704
90.613 0.687
91.286 0.673
91.974 0.688
92.672 0.698
93.372 0.7
94.075 0.703
94.783 0.708
95.508 0.725
96.228 0.72
96.951 0.723
97.658 0.707
98.349 0.691
99.041 0.692
99.736 0.695
100.418 0.682
101.113 0.695
101.816 0.703
102.537 0.721
103.249 0.712
103.966 0.717
104.707 0.741
105.459 0.752
106.217 0.758
106.98 0.763
107.74 0.76
108.472 0.732
109.187 0.715
109.903 0.716
110.598 0.695
111.27 0.672
111.914 0.644
112.542 0.628
113.162 0.62
113.778 0.616
114.402 0.624
115.037 0.635
115.708 0.671
116.395 0.687
117.129 0.734
117.872 0.743
118.636 0.764
119.393 0.757
120.129 0.736
120.861 0.732
121.61 0.749
122.351 0.741
123.102 0.751
123.855 0.753
124.601 0.746
125.321 0.72
126.054 0.733
126.778 0.724
127.504 0.726
128.259 0.755
129.028 0.769
129.817 0.789
130.633 0.816
131.422 0.789
132.185 0.763
132.92 0.735
133.599 0.679
134.273 0.674
134.94 0.667
135.603 0.663
136.256 0.653
136.923 0.667
137.6 0.677
138.307 0.707
139.064 0.757
139.846 0.782
140.671 0.825
141.512 0.841
142.326 0.814
143.098 0.772
143.858 0.76
144.595 0.737
145.332 0.737
146.081 0.749
146.847 0.766
147.627 0.78
148.461 0.834
149.285 0.824
150.101 0.816
150.851 0.75
151.59 0.739
152.291 0.701
152.961 0.67
153.623 0.662
154.278 0.655
154.936 0.658
155.595 0.659
156.265 0.67
156.937 0.672
157.6 0.663
158.246 0.646
158.914 0.668
159.598 0.684
160.291 0.693
161.048 0.757
161.806 0.758
162.572 0.766
163.348 0.776
164.117 0.769
164.904 0.787
165.654 0.75
166.372 0.718
167.064 0.692
167.765 0.701
168.477 0.712
169.231 0.754
169.986 0.755
170.766 0.78
171.563 0.797
172.357 0.794
173.187 0.83
173.992 0.805
174.791 0.799
175.593 0.802
176.379 0.786
177.136 0.757
177.879 0.743
178.636 0.757
179.408 0.772
180.186 0.778
180.94 0.754
181.691 0.751
182.457 0.766
183.21 0.753
183.997 0.787
184.795 0.798
185.607 0.812
186.373 0.766
187.132 0.759
187.893 0.761
188.659 0.766
189.392 0.733
190.123 0.731
190.858 0.735
191.638 0.78
192.421 0.783
193.202 0.781
193.991 0.789
194.751 0.76
195.536 0.785
196.3 0.764
197.067 0.767
197.828 0.761
198.571 0.743
199.296 0.725
199.981 0.685
200.674 0.693
201.365 0.691
202.073 0.708
202.848 0.775
203.665 0.817
204.491 0.826
205.34 0.849
206.189 0.849
207.041 0.852
207.782 0.741
208.535 0.753
209.29 0.755
210.033 0.743
210.779 0.746
211.565 0.786
212.347 0.782
213.095 0.748
213.84 0.745
214.566 0.726
215.276 0.71
215.962 0.686
216.629 0.667
217.293 0.664
217.96 0.667
218.633 0.673
219.32 0.687
220.018 0.698
220.735 0.717
221.434 0.699
222.148 0.714
222.853 0.705
223.548 0.695
224.245 0.697
224.955 0.71
225.637 0.682
226.298 0.661
226.949 0.651
227.63 0.681
228.347 0.717
229.099 0.752
229.87 0.771
230.61 0.74
231.39 0.78
232.174 0.784
232.939 0.765
233.681 0.742
234.41 0.729
235.116 0.706
235.796 0.68
236.457 0.661
237.093 0.636
237.715 0.622
238.348 0.633
238.97 0.622
239.59 0.62
240.238 0.648
240.896 0.658
241.547 0.651
242.211 0.664
242.87 0.659
243.51 0.64
244.148 0.638
244.77 0.622
245.392 0.622
246.017 0.625
246.656 0.639
247.328 0.672
248.025 0.697
248.717 0.692
249.403 0.686
250.067 0.664
250.761 0.694
251.524 0.763
252.275 0.751
253.027 0.752
253.836 0.809
254.659 0.823
255.482 0.823
256.269 0.787
257.021 0.752
257.746 0.725
258.44 0.694
259.125 0.685
259.797 0.672
260.464 0.667
261.164 0.7
261.934 0.77
262.686 0.752
263.461 0.775
264.237 0.776
264.987 0.75
265.706 0.719
266.4 0.694
267.081 0.681
267.76 0.679
268.45 0.69
269.145 0.695
269.833 0.688
270.532 0.699
271.282 0.75
272.065 0.783
272.829 0.764
273.586 0.757
274.318 0.732
275.038 0.72
275.75 0.712
276.472 0.722
277.195 0.723
277.948 0.753
278.738 0.79
279.557 0.819
280.36 0.803
281.195 0.835
282.015 0.82
282.801 0.786
283.599 0.798
284.367 0.768
285.077 0.71
285.775 0.698
286.071 0.296
286.448 0.377
287.11 0.662
287.776 0.666
288.442 0.666
289.119 0.677
289.832 0.713
290.59 0.758
291.416 0.826
292.235 0.819
293.025 0.79
293.86 0.835
294.704 0.844
295.501 0.797
296.298 0.797
297.072 0.774
297.813 0.741
298.526 0.713
299.233 0.707
299.954 0.721
300.706 0.752
301.511 0.805
302.345 0.834
303.196 0.851
304.046 0.85
304.868 0.822
305.624 0.756
306.313 0.689
306.959 0.646
307.582 0.623
308.182 0.6
308.78 0.598
309.364 0.584
309.932 0.568
310.506 0.574
311.086 0.58
311.706 0.62
312.374 0.668
313.084 0.71
313.811 0.727
314.587 0.776
315.409 0.822
316.301 0.892
317.228 0.927
318.163 0.935
319.005 0.842
319.804 0.799
320.576 0.772
321.317 0.741
322.07 0.753
322.801 0.731
323.501 0.7
324.243 0.742
325.059 0.816
325.936 0.877
326.814 0.878
327.675 0.861
328.496 0.821
329.24 0.744
330.017 0.777
330.74 0.723
331.435 0.695
332.128 0.693
332.799 0.671
333.475 0.676
334.175 0.7
334.885 0.71
335.621 0.736
336.338 0.717
337.101 0.763
337.94 0.839
338.748 0.808
339.556 0.808
340.402 0.846
341.23 0.828
342.077 0.847
342.928 0.851
343.738 0.81
344.495 0.757
345.201 0.706
345.893 0.692
346.577 0.684
347.263 0.686
347.976 0.713
348.77 0.794
349.726 0.956
350.703 0.977
351.506 0.803
352.335 0.829
353.358 1.023
354.318 0.96
355.26 0.942
356.143 0.883
356.98 0.837
357.79 0.81
358.559 0.769
359.285 0.726
359.982 0.697
360.67 0.688
361.345 0.675
362.035 0.69
362.739 0.704
363.542 0.803
364.38 0.838
365.221 0.841
366.149 0.928
367.043 0.894
367.904 0.861
368.729 0.825
369.527 0.798
370.295 0.768
371.015 0.72
371.697 0.682
372.383 0.686
373.084 0.701
373.817 0.733
374.552 0.735
375.317 0.765
376.109 0.792
376.853 0.744
377.625 0.772
378.405 0.78
379.174 0.769
379.946 0.772
380.689 0.743
381.444 0.755
382.189 0.745
382.941 0.752
383.659 0.718
384.392 0.733
385.115 0.723
385.847 0.732
386.578 0.731
387.304 0.726
387.977 0.673
388.649 0.672
389.355 0.706
390.115 0.76
391.007 0.892
391.939 0.932
392.84 0.901
393.682 0.842
394.496 0.814
395.278 0.782
396.028 0.75
396.75 0.722
397.457 0.707
398.158 0.701
398.855 0.697
399.569 0.714
400.287 0.718
400.963 0.676
401.641 0.678
402.298 0.657
402.962 0.664
403.657 0.695
404.338 0.681
405.061 0.723
405.806 0.745
406.572 0.766
407.325 0.753
408.089 0.764
408.824 0.735
409.554 0.73
410.266 0.712
410.957 0.691
411.633 0.676
412.342 0.709
413.088 0.746
413.837 0.749
414.649 0.812
415.525 0.876
416.415 0.89
417.293 0.878
418.149 0.856
418.942 0.793
419.675 0.733
420.43 0.755
421.185 0.755
421.932 0.747
422.694 0.762
423.515 0.821
424.346 0.831
425.166 0.82
425.951 0.785
426.689 0.738
427.47 0.781
428.285 0.815
429.11 0.825
429.927 0.817
430.731 0.804
431.514 0.783
432.271 0.757
432.999 0.728
433.706 0.707
434.374 0.668
435.051 0.677
435.724 0.673
436.428 0.704
437.162 0.734
437.878 0.716
438.633 0.755
439.407 0.774
440.239 0.832
441.004 0.765
441.741 0.737
442.571 0.83
443.378 0.807
444.115 0.737
444.883 0.768
445.629 0.746
446.363 0.734
447.066 0.703
447.762 0.696
448.445 0.683
449.115 0.67
449.775 0.66
450.431 0.656
451.076 0.645
451.715 0.639
452.354 0.639
452.988 0.634
453.625 0.637
454.264 0.639
454.903 0.639
455.597 0.694
456.347 0.75
457.127 0.78
457.919 0.792
458.7 0.781
459.447 0.747
460.162 0.715
460.848 0.686
461.508 0.66
462.15 0.642
462.784 0.634
463.419 0.635
464.053 0.634
464.706 0.653
465.373 0.667
466.035 0.662
466.682 0.647
467.308 0.626
467.944 0.636
468.574 0.63
469.213 0.639
469.863 0.65
470.541 0.678
471.239 0.698
471.965 0.726
472.699 0.734
473.404 0.705
474.109 0.705
474.802 0.693
475.5 0.698
476.193 0.693
476.856 0.663
477.508 0.652
478.178 0.67
478.924 0.746
479.731 0.807
480.558 0.827
481.381 0.823
482.209 0.828
483.034 0.825
483.831 0.797
484.591 0.76
485.316 0.725
486.021 0.705
486.713 0.692
487.403 0.69
488.096 0.693
488.817 0.721
489.566 0.749
490.262 0.696
490.95 0.688
491.644 0.694
492.41 0.766
493.208 0.798
494.058 0.85
494.939 0.881
495.787 0.848
496.611 0.824
497.358 0.747
498.117 0.759
498.861 0.744
499.577 0.716
500.337 0.76
501.118 0.781
501.948 0.83
502.743 0.795
503.522 0.779
504.373 0.851
505.247 0.874
506.126 0.879
506.933 0.807
507.728 0.795
508.479 0.751
509.194 0.715
509.918 0.724
510.668 0.75
511.461 0.793
512.222 0.761
513.039 0.817
513.858 0.819
514.658 0.8
515.438 0.78
516.186 0.748
516.935 0.749
517.652 0.717
518.38 0.728
519.099 0.719
519.816 0.717
520.523 0.707
521.218 0.695
521.908 0.69
522.568 0.66
523.244 0.676
523.915 0.671
524.602 0.687
525.285 0.683
526.029 0.744
526.808 0.779
527.633 0.825
528.441 0.808
529.2 0.759
529.95 0.75
530.674 0.724
531.388 0.714
532.089 0.701
532.8 0.711
533.498 0.698
534.23 0.732
534.994 0.764
535.773 0.779
536.525 0.752
537.315 0.79
538.128 0.813
538.941 0.813
539.757 0.816
540.539 0.782
541.295 0.756
542.032 0.737
542.758 0.726
543.47 0.712
544.153 0.683
544.823 0.67
545.479 0.656
546.132 0.653
546.821 0.689
547.586 0.765
548.365 0.779
549.214 0.849
550.079 0.865
550.917 0.838
551.736 0.819
552.565 0.829
553.362 0.797
554.113 0.751
554.865 0.752
555.575 0.71
556.313 0.738
557.037 0.724
557.757 0.72
558.501 0.744
559.208 0.707
559.948 0.74
560.667 0.719
561.394 0.727
562.074 0.68
562.775 0.701
563.486 0.711
564.146 0.66
564.866 0.72
565.589 0.723
566.306 0.717
567.029 0.723
567.833 0.804
568.671 0.838
569.455 0.784
570.229 0.774
570.973 0.744
571.746 0.773
572.532 0.786
573.336 0.804
574.115 0.779
574.862 0.747
575.557 0.695
576.275 0.718
576.974 0.699
577.659 0.685
578.428 0.769
579.275 0.847
580.107 0.832
581.049 0.942
581.928 0.879
582.794 0.866
583.629 0.835
584.436 0.807
585.163 0.727
585.922 0.759
586.656 0.734
587.36 0.704
588.075 0.715
588.807 0.732
589.57 0.763
590.329 0.759
591.102 0.773
591.902 0.8
592.716 0.814
593.481 0.765
594.284 0.803
595.058 0.774
595.844 0.786
596.647 0.803
597.474 0.827
598.273 0.799
599.097 0.824
599.905 0.808
600.662 0.757
601.414 0.752
602.154 0.74
602.875 0.721
603.589 0.714
604.259 0.67
604.909 0.65
605.596 0.687
606.31 0.714
607.102 0.792
607.917 0.815
608.689 0.772
609.512 0.823
610.322 0.81
611.083 0.761
611.872 0.789
612.669 0.797
613.493 0.824
614.338 0.845
615.185 0.847
616.014 0.829
616.834 0.82
617.609 0.775
618.357 0.748
619.097 0.74
619.814 0.717