0.000 1.093
1.093 1.093
2.05 0.957
3.006 0.956
4.027 1.021
4.988 0.961
5.95 0.962
6.971 1.021
7.998 1.027
9.026 1.028
10.006 0.98
10.85 0.844
11.689 0.839
12.563 0.874
13.428 0.865
14.199 0.771
15.257 1.058
16.398 1.141
17.435 1.037
18.37 0.935
19.242 0.872
20.102 0.86
20.962 0.86
21.797 0.835
22.704 0.907
23.696 0.992
24.627 0.931
25.673 1.046
26.704 1.031
27.585 0.881
28.452 0.867
29.412 0.96
30.346 0.934
31.253 0.907
32.122 0.869
32.905 0.783
33.683 0.778
34.459 0.776
35.24 0.781
36.051 0.811
36.898 0.847
37.823 0.925
38.751 0.928
39.571 0.82
40.415 0.844
41.267 0.852
41.519 0.252
42.766 1.247
43.082 0.316
43.368 0.286
44.123 0.755
44.42 0.297
44.889 0.469
45.214 0.325
45.54 0.326
47.243 1.703
47.595 0.352
47.961 0.366
50.86 2.899
51.331 0.471
52.078 0.747
64.999 12.921
65.802 0.803
66.584 0.782
67.428 0.844
68.359 0.931
69.473 1.114
70.539 1.066
71.447 0.908
72.343 0.896
73.263 0.92
74.225 0.962
75.124 0.899
76.08 0.956
77.086 1.006
77.999 0.913
78.266 0.267
78.56 0.294
78.952 0.392
79.289 0.337
79.67 0.381
80.015 0.345
80.368 0.353
80.857 0.489
81.137 0.28
81.514 0.377
81.799 0.285
82.068 0.269
92.998 10.93
93.925 0.927
94.985 1.06
95.856 0.871
96.703 0.847
97.558 0.855
98.443 0.885
99.359 0.916
100.233 0.874
101.067 0.834
101.998 0.931
102.997 0.999
103.92 0.923
104.81 0.89
105.662 0.852
106.522 0.86
107.431 0.909
108.323 0.892
109.135 0.812
109.977 0.842
110.767 0.79
111.518 0.751
112.259 0.741
113.134 0.875
114.085 0.951
115.007 0.922
115.791 0.784
116.593 0.802
117.402 0.809
118.22 0.818
119.093 0.873
120.019 0.926
120.898 0.879
121.714 0.816
122.495 0.781
123.261 0.766
124.045 0.784
124.765 0.72
125.616 0.851
126.573 0.957
127.408 0.835
128.166 0.758
128.953 0.787
129.747 0.794
130.557 0.81
131.374 0.817
132.166 0.792
132.932 0.766
133.673 0.741
134.386 0.713
135.056 0.67
135.729 0.673
136.426 0.697
137.202 0.776
138.018 0.816
138.844 0.826
139.669 0.825
140.494 0.825
141.307 0.813
142.056 0.749
142.831 0.775
143.636 0.805
144.525 0.889
145.336 0.811
146.135 0.799
146.937 0.802
147.756 0.819
148.544 0.788
149.348 0.804
150.233 0.885
151.004 0.771
151.281 0.277
151.545 0.264
151.839 0.294
152.108 0.269
152.359 0.251
153.051 0.692
153.577 0.526
153.841 0.264
156.405 2.564
162.311 5.906
163.224 0.913
164.1 0.876
165.001 0.901
165.844 0.843
166.681 0.837
167.625 0.944
168.53 0.905
168.824 0.294
169.173 0.349
169.438 0.265
170.369 0.931
171.403 1.034
171.687 0.284
172.099 0.412
173.283 1.184
174.224 0.941
174.639 0.415
174.956 0.317
175.212 0.256
175.497 0.285
175.869 0.372
176.252 0.383
176.547 0.295
177.831 1.284
178.128 0.297
178.422 0.294
178.816 0.394
179.475 0.659
180.804 1.329
181.74 0.936
182.098 0.358
182.381 0.283
182.673 0.292
182.958 0.285
183.208 0.25
183.507 0.299
184.091 0.584
184.373 0.282
184.724 0.351
185.082 0.358
185.334 0.252
185.646 0.312
185.918 0.272
186.452 0.534
187.455 1.003
187.82 0.365
199.997 7.827
200.951 0.954
201.913 0.962
202.423 0.51
202.773 0.35
203.495 0.722
203.79 0.295
204.364 0.574
204.83 0.466
205.938 1.108
208.243 2.305
208.646 0.403
209.592 0.946
213.196 3.604
215.174 1.978
215.461 0.287
222.288 6.827
222.732 0.444
222.997 0.265
223.552 0.555
223.994 0.442
224.256 0.262
224.556 0.3
226.461 1.905
233.719 0.722
235.493 1.774
236.301 0.808
237.151 0.85
238.043 0.892
238.822 0.779
239.63 0.808
240.439 0.809
241.28 0.841
242.055 0.775
242.874 0.819
243.775 0.901
244.805 1.03
245.708 0.903
246.581 0.873
247.495 0.914
248.382 0.887
249.156 0.774
249.884 0.728
250.766 0.882
251.673 0.907
252.623 0.95
253.541 0.918
254.409 0.868
255.195 0.786
256.008 0.813
256.822 0.814
257.697 0.875
258.629 0.932
259.556 0.927
260.518 0.962
261.469 0.951
262.376 0.907
263.222 0.846
264.026 0.804
264.816 0.79
265.599 0.783
266.343 0.744
267.171 0.828
268.099 0.928
269.052 0.953
269.906 0.854
270.822 0.916
271.728 0.906
272.556 0.828
273.422 0.866
274.296 0.874
275.104 0.808
275.945 0.841
276.807 0.862
277.698 0.891
278.488 0.79
279.33 0.842
280.194 0.864
281.107 0.913
281.937 0.83
282.809 0.872
283.715 0.906
284.664 0.949
285.507 0.843
286.381 0.874
287.244 0.863
288.077 0.833
288.893 0.816
289.751 0.858
290.712 0.961
291.53 0.818
292.392 0.862
293.311 0.919
294.299 0.988
295.189 0.89
296.124 0.935
297.003 0.879
297.801 0.798
298.633 0.832
299.549 0.916
300.479 0.93
301.291 0.812
302.041 0.75
302.804 0.763
303.561 0.757
304.337 0.776
305.169 0.832
306.032 0.863
306.852 0.82
307.659 0.807
308.478 0.819
309.312 0.834
310.123 0.811
310.869 0.746
311.637 0.768
312.401 0.764
313.13 0.729
313.87 0.74
314.612 0.742
315.395 0.783
316.205 0.81
317.011 0.806
317.834 0.823
318.658 0.824
319.494 0.836
320.361 0.867
321.199 0.838
322.021 0.822
322.854 0.833
323.765 0.911
324.674 0.909
325.5 0.826
326.341 0.841
327.173 0.832
328.022 0.849
328.824 0.802
329.668 0.844
330.455 0.787
331.18 0.725
331.91 0.73
332.658 0.748
333.49 0.832
334.38 0.89
335.485 1.105
336.503 1.018
337.387 0.884
338.277 0.89
339.169 0.892
339.959 0.79
340.847 0.888
341.902 1.055
342.799 0.897
343.717 0.918
344.709 0.992
345.65 0.941
346.448 0.798
347.284 0.836
348.167 0.883
349.008 0.841
349.773 0.765
350.692 0.919
351.669 0.977
352.603 0.934
353.446 0.843
354.293 0.847
355.147 0.854
356.041 0.894
357.014 0.973
357.883 0.869
358.753 0.87
359.595 0.842
360.353 0.758
361.116 0.763
361.869 0.753
362.704 0.835
363.596 0.892
364.45 0.854
365.363 0.913
366.3 0.937
367.216 0.916
368.06 0.844
368.941 0.881
369.848 0.907
370.717 0.869
371.514 0.797
372.363 0.849
373.207 0.844
374.026 0.819
374.942 0.916
375.845 0.903
376.656 0.811
377.417 0.761
378.157 0.74
378.862 0.705
379.568 0.706
380.27 0.702
380.97 0.7
381.67 0.7
382.363 0.693
383.047 0.684
383.73 0.683
384.415 0.685
385.085 0.67
385.733 0.648
386.374 0.641
387.01 0.636
387.639 0.629
388.271 0.632
388.933 0.662
389.614 0.681
390.277 0.663
391.037 0.76
391.774 0.737
392.546 0.772
393.288 0.742
394.073 0.785
394.959 0.886
395.831 0.872
396.779 0.948
397.576 0.797
398.363 0.787
399.178 0.815
399.982 0.804
400.785 0.803
401.52 0.735
402.273 0.753
403.16 0.887
404.146 0.986
405.19 1.044
406.161 0.971
407.058 0.897
407.941 0.883
408.733 0.792
409.586 0.853
410.413 0.827
411.419 1.006
412.35 0.931
413.207 0.857
414.022 0.815
414.772 0.75
415.543 0.771
416.365 0.822
417.142 0.777
417.897 0.755
418.639 0.742
419.389 0.75
420.266 0.877
421.061 0.795
421.92 0.859
422.857 0.937
423.836 0.979
424.698 0.862
425.58 0.882
426.461 0.881
427.342 0.881
428.187 0.845
429.034 0.847
429.937 0.903
430.893 0.956
431.72 0.827
432.489 0.769
433.482 0.993
434.521 1.039
435.593 1.072
436.601 1.008
437.479 0.878
438.392 0.913
439.321 0.929
440.227 0.906
441.103 0.876
442.011 0.908
442.892 0.881
443.768 0.876
444.626 0.858
445.437 0.811
446.264 0.827
447.133 0.869
448.045 0.912
448.946 0.901
449.841 0.895
450.72 0.879
451.573 0.853
452.405 0.832
453.222 0.817
454.036 0.814
454.872 0.836
455.664 0.792
456.507 0.843
457.245 0.738
457.961 0.716
458.77 0.809
459.534 0.764
460.345 0.811
461.24 0.895
462.181 0.941
463.095 0.914
463.992 0.897
464.846 0.854
465.674 0.828
466.526 0.852
467.417 0.891
468.308 0.891
469.148 0.84
469.955 0.807
470.732 0.777
471.504 0.772
472.308 0.804
473.322 1.014
474.227 0.905
475.028 0.801
475.87 0.842
476.724 0.854
477.563 0.839
478.402 0.839
479.229 0.827
480.134 0.905
481.074 0.94
481.993 0.919
482.844 0.851
483.755 0.911
484.577 0.822
485.415 0.838
486.278 0.863
487.108 0.83
487.939 0.831
488.751 0.812
489.585 0.834
490.421 0.836
491.24 0.819
492.046 0.806
492.856 0.81
493.638 0.782
494.493 0.855
495.429 0.936
496.389 0.96
497.359 0.97
498.328 0.969
499.307 0.979
500.24 0.933
501.19 0.95
502.138 0.948
503.01 0.872
503.788 0.778
504.616 0.828
505.398 0.782
506.156 0.758
506.907 0.751
507.777 0.87
508.642 0.865
509.501 0.859
510.33 0.829
511.088 0.758
511.868 0.78
512.634 0.766
513.44 0.806
514.242 0.802
515.103 0.861
516.027 0.924
517.012 0.985
517.963 0.951
518.877 0.914
519.822 0.945
520.754 0.932
521.602 0.848
522.479 0.877
523.335 0.856
524.186 0.851
525.076 0.89
526.198 1.122
527.113 0.915
528.046 0.933
529.001 0.955
529.92 0.919
530.853 0.933
531.792 0.939
532.525 0.733
533.476 0.951
534.305 0.829
535.226 0.921
536.183 0.957
537.062 0.879
537.929 0.867
538.773 0.844
539.561 0.788
540.389 0.828
541.257 0.868
542.155 0.898
542.979 0.824
543.813 0.834
544.664 0.851
545.629 0.965
546.574 0.945
547.415 0.841
548.269 0.854
549.109 0.84
549.993 0.884
550.926 0.933
551.777 0.851
552.72 0.943
553.182 0.462
554.079 0.897
554.651 0.572
555.293 0.642
556.105 0.812
556.956 0.851
557.803 0.847
558.115 0.312
560.407 2.292
560.817 0.41
561.093 0.276
562.078 0.985
563.219 1.141
563.772 0.553
564.646 0.874
565.525 0.879
566.382 0.857
566.877 0.495
567.195 0.318
568.033 0.838
568.843 0.81
569.177 0.334
569.461 0.284
569.859 0.398
570.54 0.681
571.024 0.484
571.298 0.274
571.667 0.369
572.11 0.443
572.387 0.277
572.726 0.339
573.225 0.499
574.174 0.949
575.139 0.965
575.513 0.374
575.88 0.367
576.15 0.27
576.862 0.712
577.698 0.836
578.501 0.803
579.298 0.797
580.088 0.79
580.97 0.882
581.904 0.934
582.861 0.957
583.541 0.68
584.586 1.045
585.47 0.884
586.428 0.958
587.339 0.911
588.201 0.862
589.012 0.811
589.821 0.809
590.08 0.259
590.409 0.329
591.121 0.712
592.371 1.25
593.398 1.027
594.099 0.701
594.407 0.308
594.674 0.267
595.091 0.417
595.497 0.406
595.878 0.381
596.31 0.432
596.685 0.375
597.536 0.851
598.379 0.843
598.649 0.27
599.175 0.526
599.957 0.782
600.777 0.82
601.6 0.823
602.432 0.832
603.349 0.917
604.331 0.982
605.228 0.897
606.07 0.842
606.823 0.753
607.075 0.252
607.37 0.295
607.694 0.324
608.408 0.714
608.856 0.448
609.123 0.267
609.377 0.254
610.529 1.152
611.024 0.495
611.444 0.42
612.356 0.912
613.241 0.885
614.037 0.796