0.000 0.823
0.823 0.823
1.579 0.756
2.371 0.792
3.163 0.792
3.979 0.816
4.851 0.872
5.672 0.821
6.508 0.836
7.355 0.847
8.146 0.791
8.979 0.833
9.898 0.919
10.823 0.925
11.668 0.845
12.548 0.88
13.458 0.91
14.27 0.812
15.124 0.854
16.008 0.884
16.901 0.893
17.722 0.821
18.557 0.835
19.407 0.85
20.179 0.772
20.993 0.814
21.847 0.854
22.664 0.817
23.403 0.739
24.207 0.804
25.178 0.971
26.018 0.84
26.796 0.778
27.567 0.771
28.335 0.768
29.076 0.741
29.786 0.71
30.481 0.695
31.177 0.696
31.908 0.731
32.849 0.941
33.822 0.973
34.726 0.904
35.553 0.827
36.386 0.833
37.228 0.842
38.065 0.837
38.858 0.793
39.599 0.741
40.315 0.716
41.082 0.767
41.919 0.837
42.777 0.858
43.582 0.805
44.405 0.823
45.235 0.83
46.069 0.834
46.892 0.823
47.659 0.767
48.466 0.807
49.372 0.906
50.312 0.94
51.163 0.851
51.975 0.812
52.805 0.83
53.643 0.838
54.419 0.776
55.269 0.85
56.279 1.01
57.107 0.828
58.02 0.913
58.967 0.947
59.814 0.847
60.703 0.889
61.588 0.885
62.479 0.891
63.311 0.832
64.061 0.75
64.833 0.772
65.576 0.743
66.334 0.758
67.467 1.133
68.472 1.005
69.397 0.925
70.262 0.865
71.204 0.942
72.14 0.936
73.01 0.87
73.867 0.857
74.755 0.888
75.635 0.88
76.464 0.829
77.349 0.885
78.245 0.896
79.121 0.876
80.055 0.934
80.942 0.887
81.75 0.808
82.607 0.857
83.473 0.866
84.338 0.865
85.196 0.858
85.997 0.801
86.753 0.756
87.484 0.731
88.301 0.817
89.085 0.784
89.926 0.841
90.714 0.788
91.453 0.739
92.203 0.75
92.956 0.753
93.71 0.754
94.488 0.778
95.31 0.822
96.122 0.812
96.883 0.761
97.716 0.833
98.566 0.85
99.406 0.84
100.237 0.831
101.011 0.774
101.787 0.776
102.569 0.782
103.389 0.82
104.154 0.765
104.924 0.77
105.733 0.809
106.487 0.754
107.24 0.753
107.997 0.757
108.732 0.735
109.483 0.751
110.223 0.74
110.946 0.723
111.71 0.764
112.467 0.757
113.204 0.737
113.921 0.717
114.651 0.73
115.367 0.716
116.076 0.709
116.769 0.693
117.476 0.707
118.186 0.71
118.898 0.712
119.631 0.733
120.396 0.765
121.187 0.791
121.932 0.745
122.652 0.72
123.392 0.74
124.153 0.761
124.94 0.787
125.89 0.95
126.798 0.908
127.595 0.797
128.324 0.729
129.067 0.743
129.789 0.722
130.493 0.704
131.197 0.704
131.953 0.756
132.796 0.843
133.612 0.816
134.526 0.914
135.463 0.937
136.352 0.889
137.144 0.792
137.962 0.818
138.744 0.782
139.501 0.757
140.233 0.732
141.016 0.783
141.83 0.814
142.717 0.887
143.564 0.847
144.389 0.825
145.171 0.782
145.907 0.736
146.618 0.711
147.317 0.699
148.045 0.728
148.851 0.806
149.741 0.89
150.584 0.843
151.426 0.842
152.294 0.868
153.148 0.854
153.931 0.783
154.724 0.793
155.553 0.829
156.401 0.848
157.284 0.883
158.366 1.082
159.318 0.952
160.157 0.839
161.023 0.866
161.886 0.863
162.724 0.838
163.604 0.88
164.533 0.929
165.412 0.879
166.265 0.853
167.198 0.933
168.086 0.888
168.912 0.826
169.782 0.87
170.643 0.861
171.442 0.799
172.317 0.875
173.222 0.905
174.075 0.853
174.933 0.858
175.813 0.88
176.671 0.858
177.482 0.811
178.217 0.735
178.991 0.774
179.739 0.748
180.445 0.706
181.134 0.689
181.805 0.671
182.543 0.738
183.374 0.831
184.327 0.953
185.192 0.865
186.032 0.84
186.842 0.81
187.606 0.764
188.361 0.755
189.125 0.764
189.945 0.82
190.734 0.789
191.576 0.842
192.536 0.96
193.457 0.921
194.291 0.834
195.152 0.861
196.07 0.918
196.9 0.83
197.745 0.845
198.632 0.887
199.461 0.829
200.244 0.783
201.084 0.84
201.973 0.889
202.824 0.851
203.735 0.911
204.577 0.842
205.358 0.781
206.221 0.863
207.097 0.876
207.91 0.813
208.746 0.836
209.627 0.881
210.448 0.821
211.246 0.798
212.075 0.829
212.879 0.804
213.651 0.772
214.453 0.802
215.28 0.827
216.094 0.814
216.87 0.776
217.697 0.827
218.548 0.851
219.347 0.799
220.152 0.805
221.019 0.867
221.87 0.851
222.651 0.781
223.455 0.804
224.262 0.807
225.011 0.749
225.745 0.734
226.76 1.015
227.739 0.979
228.611 0.872
229.427 0.816
230.218 0.791
230.998 0.78
231.793 0.795
232.633 0.84
233.506 0.873
234.428 0.922
235.388 0.96
236.321 0.933
237.203 0.882
238.093 0.89
238.886 0.793
239.666 0.78
240.43 0.764
241.193 0.763
242.007 0.814
243.01 1.003
243.943 0.933
244.861 0.918
245.779 0.918
246.607 0.828
247.461 0.854
248.264 0.803
249.108 0.844
249.952 0.844
250.729 0.777
251.465 0.736
252.186 0.721
252.915 0.729
253.672 0.757
254.519 0.847
255.441 0.922
256.32 0.879
257.241 0.921
258.185 0.944
259.083 0.898
259.923 0.84
260.793 0.87
261.67 0.877
262.478 0.808
263.265 0.787
264.133 0.868
265.086 0.953
265.932 0.846
266.962 1.03
267.9 0.938
268.711 0.811
269.512 0.801
270.292 0.78
271.056 0.764
271.824 0.768
272.576 0.752
273.374 0.798
274.234 0.86
275.157 0.923
276.095 0.938
276.96 0.865
277.833 0.873
278.724 0.891
279.666 0.942
280.577 0.911
281.374 0.797
282.142 0.768
282.902 0.76
283.673 0.771
284.461 0.788
285.207 0.746
285.954 0.747
286.654 0.7
287.351 0.697
288.038 0.687
288.71 0.672
289.424 0.714
290.203 0.779
291.142 0.939
292.022 0.88
292.87 0.848
293.689 0.819
294.448 0.759
295.162 0.714
295.849 0.687
296.515 0.666
297.178 0.663
297.853 0.675
298.559 0.706
299.435 0.876
300.356 0.921
301.221 0.865
302.016 0.795
302.828 0.812
303.643 0.815
304.479 0.836
305.29 0.811
306.069 0.779
306.86 0.791
307.657 0.797
308.434 0.777
309.167 0.733
310.45 1.283
311.467 1.017
312.373 0.906
313.253 0.88
314.11 0.857
314.894 0.784
315.694 0.8
316.585 0.891
317.601 1.016
318.517 0.916
319.456 0.939
320.297 0.841
321.08 0.783
321.906 0.826
322.732 0.826
323.524 0.792
324.284 0.76
325.01 0.726
325.727 0.717
326.501 0.774
327.33 0.829
328.177 0.847
328.998 0.821
329.838 0.84
330.676 0.838
331.507 0.831
332.293 0.786
333.041 0.748
333.813 0.772
334.61 0.797
335.406 0.796
336.321 0.915
337.113 0.792
337.945 0.832
338.797 0.852
339.609 0.812
340.358 0.749
341.065 0.707
341.77 0.705
342.467 0.697
343.203 0.736
344.191 0.988
345.084 0.893
345.859 0.775
346.623 0.764
347.381 0.758
348.131 0.75
348.902 0.771
349.734 0.832
350.592 0.858
351.545 0.953
352.41 0.865
353.258 0.848
354.093 0.835
354.857 0.764
355.614 0.757
356.358 0.744
357.118 0.76
357.923 0.805
358.763 0.84
359.568 0.805
360.345 0.777
361.082 0.737
361.781 0.699
362.482 0.701
363.176 0.694
363.87 0.694
364.625 0.755
365.423 0.798
366.231 0.808
366.998 0.767
367.76 0.762
368.487 0.727
369.201 0.714
369.91 0.709
370.606 0.696
371.324 0.718
372.059 0.735
372.781 0.722
373.539 0.758
374.31 0.771
375.042 0.732
375.783 0.741
376.561 0.778
377.353 0.792
378.149 0.796
378.923 0.774
379.68 0.757
380.405 0.725
381.115 0.71
381.808 0.693
382.582 0.774
383.589 1.007
384.54 0.951
385.327 0.787
386.071 0.744
386.811 0.74
387.563 0.752
388.337 0.774
389.157 0.82
390.175 1.018
391.229 1.054
392.101 0.872
392.934 0.833
393.723 0.789
394.516 0.793
395.39 0.874
396.257 0.867
397.081 0.824
397.961 0.88
399.061 1.1
399.949 0.888
400.799 0.85
401.602 0.803
402.439 0.837
403.322 0.883
404.257 0.935
405.263 1.006
406.195 0.932
407.196 1.001
408.062 0.866
408.854 0.792
409.63 0.776
410.43 0.8
411.199 0.769
412.058 0.859
412.983 0.925
413.808 0.825
414.674 0.866
415.608 0.934
416.495 0.887
417.331 0.836
418.158 0.827
418.999 0.841
419.784 0.785
420.559 0.775
421.421 0.862
422.448 1.027
423.344 0.896
424.244 0.9
425.27 1.026
426.176 0.906
427.109 0.933
428.004 0.895
428.859 0.855
429.731 0.872
430.612 0.881
431.432 0.82
432.299 0.867
433.145 0.846
433.906 0.761
435.07 1.164
436.171 1.101
437.133 0.962
437.978 0.845
438.832 0.854
439.653 0.821
440.522 0.869
441.464 0.942
442.333 0.869
443.21 0.877
444.095 0.885
444.949 0.854
445.823 0.874
446.738 0.915
447.661 0.923
448.461 0.8
449.438 0.977
450.359 0.921
451.152 0.793
451.943 0.791
452.717 0.774
453.449 0.732
454.198 0.749
454.99 0.792
455.822 0.832
456.704 0.882
457.573 0.869
458.463 0.89
459.374 0.911
460.272 0.898
461.132 0.86
462.015 0.883
462.928 0.913
463.805 0.877
464.65 0.845
465.459 0.809
466.312 0.853
467.28 0.968
468.223 0.943
469.089 0.866
469.988 0.899
470.903 0.915
471.736 0.833
472.572 0.836
473.439 0.867
474.303 0.864
475.104 0.801
475.975 0.871
476.999 1.024
477.895 0.896
478.77 0.875
479.641 0.871
480.502 0.861
481.416 0.914
482.338 0.922
483.194 0.856
484.061 0.867
484.906 0.845
485.7 0.794
486.481 0.781
487.242 0.761
487.962 0.72
488.653 0.691
489.32 0.667
489.986 0.666
490.628 0.642
491.295 0.667
492.15 0.855
493.006 0.856
493.784 0.778
494.527 0.743
495.238 0.711
495.932 0.694
496.601 0.669
497.266 0.665
497.921 0.655
498.565 0.644
499.237 0.672
499.988 0.751
500.804 0.816
501.601 0.797
502.441 0.84
503.335 0.894
504.244 0.909
505.043 0.799
505.853 0.81
506.737 0.884
507.684 0.947
508.673 0.989
509.547 0.874
510.307 0.76
511.056 0.749
511.787 0.731
512.569 0.782
513.382 0.813
514.163 0.781
514.886 0.723
515.609 0.723
516.326 0.717
517.029 0.703
517.717 0.688
518.412 0.695
519.115 0.703
519.803 0.688
520.54 0.737
521.348 0.808
522.236 0.888
523.111 0.875
523.928 0.817
524.678 0.75
525.437 0.759
526.205 0.768
526.953 0.748
527.7 0.747
528.428 0.728
529.188 0.76
530.006 0.818
530.924 0.918
531.905 0.981
532.787 0.882
533.642 0.855
534.481 0.839
535.28 0.799
536.037 0.757
536.869 0.832
537.961 1.092
538.853 0.892
539.825 0.972
540.751 0.926
541.673 0.922
542.679 1.006
543.613 0.934
544.452 0.839
545.354 0.902
546.35 0.996
547.196 0.846
548.219 1.023
549.285 1.066
550.188 0.903
551.165 0.977
552.19 1.025
553.057 0.867
554.01 0.953
555.041 1.031
555.955 0.914
556.822 0.867
557.654 0.832
558.63 0.976
559.764 1.134
560.677 0.913
561.526 0.849
562.352 0.826
563.194 0.842
564.146 0.952
565.263 1.117
566.288 1.025
567.155 0.867
567.949 0.794
568.729 0.78
569.494 0.765
570.272 0.778
571.044 0.772
571.883 0.839
572.704 0.821
573.626 0.922
574.618 0.992
575.53 0.912
576.387 0.857
577.242 0.855
578.079 0.837
578.847 0.768
579.654 0.807
580.524 0.87
581.335 0.811
582.245 0.91
583.162 0.917
584.05 0.888
584.893 0.843
585.67 0.777
586.456 0.786
587.288 0.832
588.126 0.838
588.994 0.868
589.979 0.985
590.87 0.891
591.681 0.811
592.47 0.789
593.288 0.818
594.07 0.782
594.789 0.719
595.835 1.046
596.84 1.005
597.746 0.906
598.553 0.807
599.408 0.855
600.287 0.879
601.106 0.819