0.000 0.684
0.684 0.684
1.436 0.752
2.254 0.818
3.033 0.779
3.812 0.779
4.519 0.707
5.217 0.698
5.887 0.67
6.553 0.666
7.23 0.677
7.929 0.699
8.65 0.721
9.337 0.687
10.034 0.697
10.736 0.702
11.457 0.721
12.128 0.671
12.774 0.646
13.397 0.623
14.017 0.62
14.654 0.637
15.327 0.673
16.124 0.797
16.978 0.854
17.796 0.818
18.491 0.695
19.19 0.699
19.869 0.679
20.555 0.686
21.314 0.759
22.173 0.859
22.977 0.804
23.743 0.766
24.481 0.738
25.194 0.713
25.867 0.673
26.535 0.668
27.193 0.658
27.847 0.654
28.51 0.663
29.148 0.638
29.805 0.657
30.473 0.668
31.138 0.665
31.796 0.658
32.453 0.657
33.153 0.7
33.913 0.76
34.667 0.754
35.429 0.762
36.151 0.722
36.845 0.694
37.519 0.674
38.185 0.666
38.847 0.662
39.485 0.638
40.128 0.643
40.792 0.664
41.534 0.742
42.258 0.724
43.064 0.806
43.887 0.823
44.652 0.765
45.401 0.749
46.133 0.732
46.859 0.726
47.616 0.757
48.341 0.725
49.03 0.689
49.71 0.68
50.393 0.683
51.07 0.677
51.755 0.685
52.438 0.683
53.1 0.662
53.74 0.64
54.388 0.648
55.038 0.65
55.713 0.675
56.388 0.675
57.077 0.689
57.792 0.715
58.523 0.731
59.206 0.683
59.867 0.661
60.517 0.65
61.164 0.647
61.802 0.638
62.443 0.641
63.089 0.646
63.749 0.66
64.4 0.651
65.058 0.658
65.731 0.673
66.4 0.669
67.082 0.682
67.776 0.694
68.468 0.692
69.157 0.689
69.843 0.686
70.512 0.669
71.176 0.664
71.826 0.65
72.472 0.646
73.144 0.672
73.832 0.688
74.532 0.7
75.199 0.667
75.873 0.674
76.54 0.667
77.163 0.623
77.801 0.638
78.437 0.636
79.066 0.629
79.702 0.636
80.344 0.642
80.972 0.628
81.605 0.633
82.232 0.627
82.841 0.609
83.456 0.615
84.059 0.603
84.661 0.602
85.252 0.591
85.838 0.586
86.421 0.583
87.016 0.595
87.612 0.596
88.196 0.584
88.777 0.581
89.361 0.584
89.973 0.612
90.639 0.666
91.291 0.652
91.953 0.662
92.623 0.67
93.301 0.678
93.963 0.662
94.642 0.679
95.305 0.663
95.966 0.661
96.608 0.642
97.255 0.647
97.907 0.652
98.576 0.669
99.251 0.675
99.913 0.662
100.554 0.641
101.207 0.653
101.845 0.638
102.481 0.636
103.14 0.659
103.827 0.687
104.53 0.703
105.213 0.683
105.888 0.675
106.539 0.651
107.191 0.652
107.842 0.651
108.504 0.662
109.16 0.656
109.806 0.646
110.442 0.636
111.063 0.621
111.671 0.608
112.278 0.607
112.882 0.604
113.485 0.603
114.089 0.604
114.691 0.602
115.301 0.61
115.911 0.61
116.519 0.608
117.123 0.604
117.723 0.6
118.318 0.595
118.908 0.59
119.496 0.588
120.081 0.585
120.669 0.588
121.261 0.592
121.848 0.587
122.441 0.593
123.077 0.636
123.778 0.701
124.43 0.652
125.106 0.676
125.771 0.665
126.443 0.672
127.099 0.656
127.759 0.66
128.418 0.659
129.082 0.664
129.755 0.673
130.426 0.671
131.09 0.664
131.759 0.669
132.424 0.665
133.071 0.647
133.696 0.625
134.318 0.622
134.942 0.624
135.572 0.63
136.217 0.645
136.89 0.673
137.621 0.731
138.387 0.766
139.116 0.729
139.869 0.753
140.622 0.753
141.36 0.738
142.105 0.745
142.823 0.718
143.526 0.703
144.206 0.68
144.879 0.673
145.545 0.666
146.215 0.67
146.891 0.676
147.566 0.675
148.246 0.68
148.944 0.698
149.668 0.724
150.376 0.708
151.067 0.691
151.723 0.656
152.387 0.664
153.028 0.641
153.694 0.666
154.377 0.683
155.085 0.708
155.763 0.678
156.439 0.676
157.094 0.655
157.751 0.657
158.382 0.631
159.019 0.637
159.663 0.644
160.309 0.646
160.953 0.644
161.608 0.655
162.276 0.668
162.935 0.659
163.584 0.649
164.231 0.647
164.866 0.635
165.501 0.635
166.135 0.634
166.769 0.634
167.401 0.632
168.045 0.644
168.685 0.64
169.32 0.635
169.98 0.66
170.633 0.653
171.273 0.64
171.927 0.654
172.567 0.64
173.204 0.637
173.83 0.626
174.45 0.62
175.055 0.605
175.657 0.602
176.271 0.614
176.869 0.598
177.476 0.607
178.116 0.64
178.8 0.684
179.506 0.706
180.229 0.723
180.981 0.752
181.709 0.728
182.428 0.719
183.142 0.714
183.842 0.7
184.523 0.681
185.207 0.684
185.883 0.676
186.578 0.695
187.28 0.702
188.016 0.736
188.742 0.726
189.456 0.714
190.174 0.718
190.863 0.689
191.565 0.702
192.273 0.708
192.992 0.719
193.72 0.728
194.459 0.739
195.211 0.752
195.908 0.697
196.611 0.703
197.296 0.685
197.972 0.676
198.616 0.644
199.253 0.637
199.89 0.637
200.565 0.675
201.288 0.723
201.969 0.681
202.679 0.71
203.352 0.673
204.01 0.658
204.67 0.66
205.331 0.661
205.979 0.648
206.59 0.611
207.209 0.619
207.816 0.607
208.419 0.603
209.021 0.602
209.62 0.599
210.204 0.584
210.8 0.596
211.391 0.591
211.985 0.594
212.596 0.611
213.257 0.661
214.005 0.748
214.813 0.808
215.59 0.777
216.372 0.782
217.134 0.762
217.876 0.742
218.579 0.703
219.266 0.687
219.932 0.666
220.602 0.67
221.263 0.661
221.916 0.653
222.579 0.663
223.236 0.657
223.883 0.647
224.528 0.645
225.16 0.632
225.785 0.625
226.406 0.621
227.018 0.612
227.635 0.617
228.259 0.624
228.886 0.627
229.533 0.647
230.191 0.658
230.837 0.646
231.475 0.638
232.12 0.645
232.766 0.646
233.398 0.632
234.025 0.627
234.644 0.619
235.267 0.623
235.891 0.624
236.527 0.636
237.164 0.637
237.808 0.644
238.474 0.666
239.117 0.643
239.749 0.632
240.385 0.636
241.021 0.636
241.651 0.63
242.268 0.617
242.873 0.605
243.471 0.598
244.058 0.587
244.651 0.593
245.238 0.587
245.845 0.607
246.479 0.634
247.128 0.649
247.772 0.644
248.453 0.681
249.178 0.725
249.899 0.721
250.587 0.688
251.253 0.666
251.899 0.646
252.52 0.621
253.136 0.616
253.748 0.612
254.367 0.619
255.001 0.634
255.657 0.656
256.344 0.687
257.037 0.693
257.705 0.668
258.386 0.681
259.037 0.651
259.669 0.632
260.308 0.639
260.94 0.632
261.594 0.654
262.252 0.658
262.927 0.675
263.591 0.664
264.246 0.655
264.893 0.647
265.522 0.629
266.139 0.617
266.758 0.619
267.365 0.607
267.972 0.607
268.576 0.604
269.191 0.615
269.803 0.612
270.403 0.6
271.007 0.604
271.614 0.607
272.214 0.6
272.826 0.612
273.504 0.678
274.219 0.715
274.953 0.734
275.65 0.697
276.327 0.677
276.997 0.67
277.663 0.666
278.322 0.659
278.976 0.654
279.64 0.664
280.321 0.681
280.996 0.675
281.659 0.663
282.307 0.648
282.973 0.666
283.657 0.684
284.375 0.718
285.121 0.746
285.823 0.702
286.523 0.7
287.163 0.64
287.811 0.648
288.438 0.627
289.052 0.614
289.674 0.622
290.299 0.625
290.935 0.636
291.594 0.659
292.269 0.675
292.969 0.7
293.702 0.733
294.456 0.754
295.146 0.69
295.794 0.648
296.425 0.631
297.038 0.613
297.638 0.6
298.234 0.596
298.835 0.601
299.435 0.6
300.049 0.614
300.664 0.615
301.288 0.624
301.9 0.612
302.511 0.611
303.125 0.614
303.757 0.632
304.396 0.639
305.031 0.635
305.644 0.613
306.261 0.617
306.875 0.614
307.485 0.61
308.107 0.622
308.705 0.598
309.315 0.61
309.918 0.603
310.511 0.593
311.127 0.616
311.737 0.61
312.342 0.605
312.944 0.602
313.559 0.615
314.189 0.63
314.82 0.631
315.459 0.639
316.1 0.641
316.742 0.642
317.4 0.658
318.084 0.684
318.781 0.697
319.467 0.686
320.151 0.684
320.832 0.681
321.517 0.685
322.183 0.666
322.831 0.648
323.477 0.646
324.123 0.646
324.772 0.649
325.441 0.669
326.121 0.68
326.793 0.672
327.482 0.689
328.177 0.695
328.849 0.672
329.548 0.699
330.216 0.668
330.9 0.684
331.59 0.69
332.266 0.676
332.926 0.66
333.575 0.649
334.23 0.655
334.876 0.646
335.527 0.651
336.21 0.683
336.909 0.699
337.604 0.695
338.264 0.66
338.923 0.659
339.582 0.659
340.222 0.64
340.863 0.641
341.476 0.613
342.09 0.614
342.706 0.616
343.319 0.613
343.942 0.623
344.582 0.64
345.239 0.657
345.857 0.618
346.49 0.633
347.106 0.616
347.71 0.604
348.318 0.608
348.931 0.613
349.549 0.618
350.176 0.627
350.793 0.617
351.424 0.631
352.045 0.621
352.662 0.617
353.291 0.629
353.922 0.631
354.567 0.645
355.207 0.64
355.828 0.621
356.456 0.628
357.074 0.618
357.674 0.6
358.271 0.597
358.862 0.591
359.455 0.593
360.05 0.595
360.649 0.599
361.26 0.611
361.874 0.614
362.508 0.634
363.158 0.65
363.791 0.633
364.43 0.639
365.062 0.632
365.701 0.639
366.344 0.643
366.997 0.653
367.638 0.641
368.294 0.656
368.946 0.652
369.589 0.643
370.237 0.648
370.89 0.653
371.539 0.649
372.208 0.669
372.875 0.667
373.564 0.689
374.264 0.7
374.962 0.698
375.64 0.678
376.301 0.661
376.94 0.639
377.575 0.635
378.211 0.636
378.854 0.643
379.536 0.682
380.26 0.724
380.979 0.719
381.691 0.712
382.408 0.717
383.145 0.737
383.848 0.703
384.555 0.707
385.226 0.671
385.881 0.655
386.517 0.636
387.161 0.644
387.795 0.634
388.439 0.644
389.084 0.645
389.748 0.664
390.416 0.668
391.111 0.695
391.806 0.695
392.474 0.668
393.129 0.655
393.768 0.639
394.399 0.631
395.022 0.623
395.655 0.633
396.293 0.638
396.942 0.649
397.6 0.658
398.251 0.651
398.896 0.645
399.552 0.656
400.225 0.673
400.923 0.698
401.663 0.74
402.41 0.747
403.119 0.709
403.829 0.71
404.521 0.692
405.185 0.664
405.836 0.651
406.494 0.658
407.152 0.658
407.802 0.65
408.47 0.668
409.15 0.68
409.85 0.7
410.574 0.724
411.32 0.746
412.069 0.749
412.809 0.74
413.526 0.717
414.205 0.679
414.902 0.697
415.606 0.704
416.322 0.716
417.042 0.72
417.768 0.726
418.508 0.74
419.212 0.704
419.888 0.676
420.528 0.64
421.183 0.655
421.817 0.634
422.472 0.655
423.163 0.691
423.919 0.756
424.68 0.761
425.409 0.729
426.115 0.706
426.794 0.679
427.457 0.663
428.122 0.665
428.782 0.66
429.462 0.68
430.149 0.687
430.861 0.712
431.534 0.673
432.217 0.683
432.905 0.688
433.593 0.688
434.258 0.665
434.912 0.654
435.557 0.645
436.206 0.649
436.866 0.66
437.521 0.655
438.17 0.649
438.808 0.638
439.432 0.624
440.048 0.616
440.656 0.608
441.268 0.612
441.862 0.594
442.451 0.589
443.046 0.595
443.647 0.601
444.25 0.603
444.849 0.599
445.456 0.607
446.08 0.624
446.725 0.645
447.383 0.658
448.036 0.653
448.669 0.633
449.307 0.638
449.937 0.63
450.572 0.635
451.206 0.634
451.838 0.632
452.479 0.641
453.136 0.657
453.783 0.647
454.423 0.64
455.063 0.64
455.693 0.63
456.326 0.633
456.963 0.637
457.624 0.661
458.3 0.676
458.983 0.683
459.65 0.667
460.313 0.663
460.961 0.648
461.596 0.635
462.232 0.636
462.867 0.635
463.488 0.621
464.111 0.623
464.725 0.614
465.331 0.606
465.931 0.6
466.536 0.605
467.151 0.615
467.777 0.626
468.409 0.632
469.044 0.635
469.673 0.629
470.313 0.64
470.96 0.647
471.633 0.673
472.34 0.707
473.085 0.745
473.797 0.712
474.485 0.688
475.163 0.678
475.811 0.648
476.449 0.638
477.099 0.65
477.726 0.627
478.364 0.638
479.05 0.686
479.841 0.791
480.593 0.752
481.464 0.871
482.346 0.882
483.213 0.867
484.05 0.837
484.813 0.763
485.582 0.769
486.262 0.68
486.932 0.67
487.59 0.658
488.245 0.655
488.883 0.638
489.544 0.661
490.207 0.663
490.866 0.659
491.51 0.644
492.139 0.629
492.77 0.631
493.395 0.625
494.031 0.636
494.681 0.65
495.355 0.674
496.049 0.694
496.758 0.709
497.456 0.698
498.13 0.674
498.797 0.667
499.446 0.649
500.09 0.644
500.764 0.674
501.485 0.721
502.253 0.768
503.056 0.803
503.865 0.809
504.669 0.804
505.459 0.79
506.229 0.77
506.985 0.756
507.729 0.744
508.473 0.744
509.211 0.738
509.897 0.686
510.548 0.651
511.187 0.639
511.822 0.635
512.438 0.616
513.066 0.628
513.785 0.719
514.519 0.734
515.198 0.679
515.882 0.684
516.555 0.673
517.232 0.677
517.901 0.669
518.549 0.648
519.179 0.63
519.793 0.614
520.397 0.604
521.002 0.605
521.615 0.613
522.25 0.635
522.903 0.653
523.556 0.653
524.223 0.667
524.908 0.685
525.618 0.71
526.273 0.655
526.933 0.66
527.587 0.654
528.231 0.644
528.896 0.665
529.608 0.712
530.345 0.737
531.13 0.785
531.917 0.787
532.73 0.813
533.51 0.78
534.284 0.774
535.026 0.742
535.767 0.741
536.454 0.687
537.162 0.708
537.831 0.669
538.503 0.672
539.191 0.688
539.882 0.691
540.572 0.69
541.37 0.798
542.219 0.849
543.05 0.831
543.859 0.809
544.649 0.79
545.416 0.767
546.139 0.723
546.841 0.702
547.538 0.697
548.221 0.683
548.902 0.681
549.589 0.687
550.274 0.685
550.987 0.713
551.709 0.722
552.431 0.722
553.166 0.735
553.912 0.746
554.647 0.735
555.355 0.708
556.068 0.713
556.75 0.682
557.431 0.681
558.105 0.674
558.769 0.664
559.408 0.639
560.048 0.64
560.688 0.64
561.347 0.659
562.041 0.694
562.719 0.678
563.402 0.683
564.058 0.656
564.72 0.662
565.384 0.664
566.035 0.651
566.704 0.669
567.372 0.668
568.015 0.643
568.653 0.638
569.287 0.634
569.904 0.617
570.504 0.6
571.095 0.591
571.679 0.584
572.262 0.583
572.85 0.588
573.473 0.623
574.125 0.652
574.796 0.671
575.456 0.66
576.115 0.659
576.771 0.656
577.399 0.628
578.027 0.628
578.64 0.613
579.251 0.611
579.861 0.61
580.459 0.598
581.051 0.592
581.647 0.596
582.258 0.611
582.853 0.595
583.45 0.597
584.083 0.633
584.721 0.638
585.421 0.7
586.15 0.729
586.973 0.823
587.766 0.793
588.558 0.792
589.331 0.773
590.082 0.751
590.796 0.714
591.49 0.694
592.17 0.68
592.832 0.662
593.504 0.672
594.171 0.667
594.863 0.692
595.535 0.672
596.211 0.676
596.877 0.666
597.52 0.643
598.161 0.641
598.793 0.632
599.403 0.61
600.018 0.615
600.627 0.609
601.223 0.596
601.811 0.588
602.406 0.595
603.033 0.627
603.682 0.649
604.334 0.652
604.98 0.646
605.622 0.642
606.265 0.643
606.895 0.63
607.512 0.617
608.123 0.611