0.000 0.697
0.697 0.697
1.34 0.643
1.954 0.614
2.562 0.608
3.145 0.583
3.887 0.742
4.718 0.831
5.759 1.041
6.657 0.898
7.572 0.915
8.111 0.539
8.485 0.374
8.74 0.255
9.236 0.496
9.952 0.716
10.242 0.29
11.081 0.839
11.981 0.9
12.871 0.89
13.736 0.865
14.568 0.832
15.437 0.869
16.28 0.843
17.175 0.895
17.977 0.802
18.746 0.769
19.538 0.792
20.402 0.864
21.341 0.939
22.259 0.918
22.551 0.292
23.172 0.621
24.129 0.957
24.726 0.597
25.028 0.302
25.312 0.284
26.026 0.714
27.012 0.986
27.936 0.924
28.959 1.023
29.989 1.03
30.955 0.966
31.994 1.039
33.041 1.047
34.003 0.962
35.031 1.028
36.055 1.024
37.067 1.012
37.981 0.914
38.985 1.004
39.994 1.009
40.969 0.975
41.979 1.01
43.168 1.189
44.304 1.136
45.265 0.961
46.252 0.987
47.234 0.982
48.179 0.945
49.055 0.876
49.962 0.907
50.822 0.86
51.718 0.896
52.584 0.866
53.566 0.982
54.577 1.011
55.486 0.909
56.293 0.807
56.587 0.294
58.499 1.912
58.78 0.281
59.582 0.802
60.328 0.746
61.136 0.808
61.945 0.809
62.835 0.89
63.689 0.854
64.605 0.916
65.518 0.913
66.486 0.968
67.45 0.964
68.419 0.969
69.408 0.989
70.367 0.959
71.443 1.076
72.424 0.981
73.386 0.962
74.401 1.015
75.327 0.926
76.291 0.964
77.259 0.968
78.183 0.924
79.239 1.056
80.252 1.013
81.254 1.002
82.311 1.057
83.278 0.967
84.345 1.067
85.374 1.029
86.45 1.076
87.38 0.93
88.288 0.908
89.208 0.92
90.268 1.06
91.234 0.966
92.237 1.003
93.101 0.864
94.029 0.928
95.058 1.029
95.995 0.937
97.081 1.086
98.027 0.946
99.026 0.999
100.072 1.046
101.017 0.945
102.097 1.08
103.26 1.163
104.276 1.016
105.362 1.086
106.333 0.971
107.371 1.038
108.423 1.052
109.348 0.925
110.307 0.959
111.27 0.963
112.242 0.972
113.239 0.997
114.36 1.121
115.418 1.058
116.435 1.017
117.47 1.035
118.449 0.979
119.525 1.076
120.512 0.987
121.539 1.027
122.576 1.037
123.552 0.976
124.625 1.073
125.581 0.956
126.648 1.067
127.735 1.087
128.74 1.005
129.849 1.109
130.881 1.032
131.966 1.085
132.941 0.975
133.924 0.983
134.935 1.011
135.95 1.015
136.891 0.941
137.957 1.066
139.053 1.096
140.053 1.0
141.168 1.115
142.283 1.115
143.272 0.989
144.358 1.086
145.45 1.092
146.483 1.033
147.499 1.016
148.559 1.06
149.511 0.952
150.547 1.036
151.595 1.048
152.546 0.951
153.522 0.976
154.608 1.086
155.774 1.166
156.761 0.987
157.867 1.106
158.971 1.104
159.944 0.973
161.084 1.14
162.145 1.061
163.16 1.015
164.34 1.18
165.457 1.117
166.56 1.103
167.656 1.096
168.788 1.132
169.903 1.115
170.999 1.096
172.148 1.149
173.117 0.969
174.147 1.03
175.303 1.156
176.289 0.986
177.266 0.977
178.368 1.102
179.41 1.042
180.458 1.048
181.604 1.146
182.6 0.996
183.488 0.888
184.398 0.91
185.333 0.935
186.449 1.116
187.489 1.04
188.573 1.084
189.73 1.157
190.836 1.106
191.97 1.134
193.106 1.136
194.14 1.034
195.187 1.047
196.124 0.937
197.065 0.941
198.149 1.084
199.304 1.155
200.381 1.077
201.414 1.033
202.495 1.081
203.568 1.073
204.631 1.063
205.66 1.029
206.625 0.965
207.584 0.959
208.479 0.895
209.497 1.018
210.615 1.118
211.683 1.068
212.762 1.079
213.852 1.09
214.919 1.067
215.959 1.04
216.875 0.916
217.721 0.846
218.534 0.813
219.409 0.875
220.734 1.325
221.821 1.087
222.94 1.119
224.094 1.154
225.199 1.105
226.286 1.087
227.422 1.136
228.414 0.992
229.47 1.056
230.478 1.008
231.464 0.986
232.492 1.028
233.543 1.051
234.515 0.972
235.557 1.042
236.523 0.966
237.573 1.05
238.633 1.06
239.585 0.952
240.598 1.013
241.578 0.98
242.587 1.009
243.61 1.023
244.638 1.028
245.607 0.969
246.667 1.06
247.735 1.068
248.733 0.998
249.781 1.048
250.803 1.022
251.79 0.987
252.737 0.947
253.804 1.067
254.909 1.105
255.954 1.045
257.044 1.09
258.242 1.198
259.302 1.06
260.335 1.033
261.42 1.085
262.454 1.034
263.394 0.94
264.308 0.914
265.104 0.796
265.946 0.842
267.241 1.295
268.222 0.981
269.316 1.094
270.496 1.18
271.612 1.116
272.711 1.099
273.861 1.15
274.913 1.052
276.028 1.115
277.07 1.042
278.136 1.066
279.117 0.981
279.978 0.861
280.781 0.803
281.641 0.86
282.85 1.209
283.843 0.993
284.901 1.058
285.967 1.066
286.99 1.023
287.992 1.002
288.905 0.913
289.771 0.866
290.561 0.79
291.407 0.846
292.263 0.856
293.221 0.958
294.178 0.957
295.18 1.002
296.245 1.065
297.156 0.911
298.145 0.989
299.09 0.945
299.971 0.881
300.9 0.929
301.919 1.019
302.881 0.962
303.885 1.004
304.897 1.012
305.912 1.015
306.91 0.998
307.95 1.04
308.918 0.968
309.877 0.959
310.828 0.951
311.668 0.84
312.573 0.905
313.438 0.865
314.284 0.846
315.278 0.994
316.374 1.096
317.322 0.948
318.207 0.885
319.044 0.837
319.873 0.829
320.911 1.038
321.99 1.079
323.027 1.037
324.072 1.045
325.119 1.047
326.036 0.917
327.024 0.988
328.026 1.002
328.954 0.928
330.008 1.054
330.972 0.964
332.014 1.042
333.064 1.05
334.09 1.026
335.029 0.939
336.024 0.995
336.949 0.925
337.898 0.949
338.878 0.98
339.89 1.012
340.913 1.023
341.817 0.904
342.817 1.0
343.764 0.947
344.775 1.011
345.75 0.975
346.833 1.083
347.889 1.056
348.964 1.075
349.961 0.997
350.982 1.021
351.94 0.958
352.928 0.988
353.911 0.983
354.994 1.083
356.02 1.026
356.981 0.961
357.779 0.798
358.606 0.827
359.43 0.824
360.317 0.887
361.289 0.972
362.123 0.834
363.007 0.884
363.923 0.916
364.838 0.915
365.734 0.896
366.519 0.785
367.313 0.794
368.099 0.786
368.921 0.822
369.805 0.884
370.755 0.95
371.741 0.986
372.74 0.999
373.753 1.013
374.624 0.871
375.438 0.814
376.322 0.884
377.172 0.85
378.125 0.953
378.957 0.832
379.875 0.918
380.816 0.941
381.688 0.872
382.609 0.921
383.42 0.811
384.244 0.824
385.09 0.846
385.975 0.885
386.804 0.829
387.839 1.035
388.787 0.948
389.846 1.059
390.932 1.086
391.935 1.003
392.923 0.988
393.932 1.009
394.872 0.94
395.852 0.98
396.875 1.023
397.851 0.976
398.87 1.019
399.886 1.016
400.852 0.966
401.821 0.969
402.771 0.95
403.672 0.901
404.59 0.918
405.44 0.85
406.266 0.826
407.13 0.864
407.921 0.791
408.79 0.869
409.652 0.862
410.675 1.023
411.75 1.075
412.879 1.129
413.937 1.058
414.907 0.97
415.878 0.971
416.869 0.991
417.769 0.9
418.626 0.857
419.416 0.79
420.276 0.86
421.288 1.012
422.277 0.989
423.516 1.239
424.612 1.096
425.608 0.996
426.644 1.036
427.572 0.928
428.423 0.851
429.173 0.75
429.897 0.724
430.652 0.755
431.624 0.972
432.769 1.145
433.831 1.062
434.97 1.139
435.995 1.025
437.076 1.081
438.115 1.039
439.166 1.051
440.218 1.052
441.209 0.991
442.216 1.007
443.254 1.038
444.173 0.919
445.011 0.838
445.833 0.822
446.786 0.953
447.935 1.149
448.995 1.06
450.017 1.022
451.029 1.012
452.09 1.061
453.105 1.015
454.08 0.975
455.107 1.027
456.096 0.989
457.04 0.944
458.017 0.977
458.94 0.923
459.856 0.916
460.767 0.911
461.673 0.906
462.532 0.859
463.481 0.949
464.403 0.922
465.294 0.891
466.155 0.861
466.94 0.785
467.738 0.798
468.518 0.78
469.31 0.792
470.08 0.77
470.827 0.747
471.628 0.801
472.356 0.728
473.081 0.725
473.794 0.713
474.562 0.768
475.313 0.751
476.133 0.82
477.004 0.871
477.963 0.959
478.885 0.922
479.799 0.914
480.714 0.915
481.64 0.926
482.539 0.899
483.362 0.823
484.26 0.898
485.205 0.945
486.08 0.875
487.026 0.946
487.995 0.969
488.988 0.993
489.928 0.94
490.864 0.936
491.804 0.94
492.865 1.061
493.838 0.973
494.865 1.027
495.836 0.971
496.811 0.975
497.742 0.931
498.659 0.917
499.589 0.93
500.401 0.812
501.193 0.792
501.963 0.77
502.801 0.838
503.646 0.845
504.523 0.877
505.605 1.082
506.604 0.999
507.687 1.083
508.746 1.059
509.797 1.051
510.754 0.957
511.789 1.035
512.834 1.045
513.844 1.01
514.893 1.049
515.983 1.09
517.052 1.069
518.101 1.049
519.168 1.067
520.139 0.971
521.116 0.977
522.064 0.948
523.03 0.966
523.911 0.881
524.773 0.862
525.67 0.897
526.51 0.84
527.515 1.005
528.613 1.098
529.595 0.982
530.617 1.022
531.676 1.059
532.718 1.042
533.703 0.985
534.652 0.949
535.559 0.907
536.406 0.847
537.367 0.961
538.42 1.053
539.443 1.023
540.469 1.026
541.515 1.046
542.498 0.983
543.534 1.036
544.461 0.927
545.374 0.913
546.375 1.001
547.252 0.877
548.189 0.937
549.105 0.916
549.944 0.839
550.844 0.9
551.813 0.969
552.811 0.998
553.752 0.941
554.65 0.898
555.608 0.958
556.47 0.862
557.411 0.941
558.579 1.168
559.572 0.993
560.581 1.009
561.581 1.0
562.565 0.984
563.559 0.994
564.423 0.864
565.373 0.95
566.3 0.927
567.338 1.038
568.338 1.0
569.356 1.018
570.28 0.924
571.282 1.002
572.255 0.973
573.224 0.969
574.222 0.998
575.221 0.999
576.221 1.0
577.118 0.897
578.03 0.912
578.96 0.93
579.85 0.89
580.735 0.885
581.613 0.878
582.458 0.845
583.39 0.932
584.388 0.998
585.325 0.937
586.226 0.901
587.164 0.938
588.193 1.029
589.136 0.943
590.082 0.946
591.057 0.975
592.003 0.946
592.946 0.943
593.889 0.943
594.766 0.877
595.71 0.944
596.67 0.96
597.637 0.967
598.654 1.017
599.677 1.023
600.612 0.935
601.596 0.984
602.611 1.015
603.623 1.012
604.615 0.992
605.637 1.022
606.618 0.981
607.634 1.016
608.642 1.008
609.63 0.988
610.649 1.019
611.646 0.997
612.583 0.937
613.421 0.838
614.356 0.935
615.321 0.965
616.334 1.013
617.298 0.964
618.291 0.993
619.197 0.906
620.148 0.951
621.057 0.909
621.994 0.937
622.841 0.847
623.741 0.9
624.781 1.04
625.937 1.156
626.995 1.058
628.016 1.021
628.951 0.935
629.936 0.985
630.867 0.931
631.782 0.915
632.667 0.885
633.54 0.873
634.433 0.893
635.253 0.82
636.031 0.778
636.832 0.801
637.652 0.82
638.494 0.842
639.228 0.734
639.977 0.749
640.559 0.582
640.819 0.26
641.274 0.455
641.548 0.274
642.034 0.486