0.000 0.35
0.35 0.35
0.649 0.299
0.951 0.302
1.301 0.35
1.6 0.299
1.901 0.301
2.249 0.348
2.951 0.702
3.249 0.298
3.55 0.301
3.901 0.351
4.201 0.3
4.501 0.3
4.801 0.3
5.102 0.301
5.558 0.456
5.902 0.344
6.902 1.0
7.693 0.791
8.151 0.458
8.449 0.298
8.8 0.351
9.151 0.351
9.5 0.349
9.8 0.3
10.151 0.351
10.501 0.35
10.902 0.401
11.251 0.349
11.552 0.301
11.902 0.35
12.201 0.299
12.502 0.301
12.802 0.3
13.151 0.349
13.452 0.301
13.746 0.294
14.053 0.307
14.403 0.35
14.703 0.3
15.004 0.301
15.522 0.518
15.895 0.373
16.522 0.627
16.908 0.386
17.309 0.401
17.909 0.6
18.203 0.294
18.521 0.318
19.168 0.647
19.521 0.353
19.908 0.387
20.522 0.614
20.873 0.351
21.522 0.649
21.91 0.388
22.528 0.618
23.331 0.803
23.91 0.579
24.522 0.612
25.391 0.869
26.13 0.739
26.521 0.391
26.91 0.389
27.522 0.612
27.911 0.389
28.522 0.611
28.91 0.388
29.522 0.612
30.522 1.0
30.91 0.388
31.46 0.55
32.294 0.834
33.107 0.813
33.522 0.415
33.9 0.378
34.522 0.622
35.307 0.785
36.004 0.697
36.522 0.518
37.422 0.9
38.178 0.756
38.522 0.344
39.033 0.511
39.523 0.49
40.523 1.0
40.84 0.317
41.523 0.683
42.523 1.0
43.417 0.894
44.157 0.74
44.522 0.365
44.855 0.333
45.523 0.668
46.394 0.871
47.306 0.912
48.11 0.804
48.524 0.414
48.927 0.403
49.525 0.598
49.837 0.312
50.525 0.688
51.525 1.0
52.525 1.0
53.364 0.839
54.057 0.693
54.524 0.467
55.415 0.891
56.138 0.723
56.524 0.386
57.525 1.001
58.529 1.004
59.342 0.813
59.913 0.571
60.259 0.346
60.524 0.265
61.172 0.648
61.524 0.352
61.909 0.385
62.525 0.616
63.406 0.881
63.912 0.506
64.524 0.612
64.976 0.452
65.524 0.548
66.525 1.001
67.284 0.759
68.107 0.823
68.524 0.417
68.884 0.36
69.524 0.64
69.912 0.388
70.451 0.539
71.242 0.791
71.524 0.282
71.913 0.389
72.525 0.612
73.442 0.917
73.915 0.473
74.212 0.297
74.526 0.314
74.915 0.389
75.527 0.612
76.526 0.999
77.404 0.878
78.163 0.759
78.526 0.363
78.921 0.395
79.527 0.606
79.916 0.389
80.526 0.61
81.119 0.593
81.729 0.61
82.727 0.998
83.599 0.872
84.119 0.52
84.414 0.295
84.729 0.315
85.118 0.389
85.73 0.612
86.73 1.0
87.119 0.389
87.627 0.508
88.12 0.493
88.731 0.611
89.121 0.39
89.731 0.61
90.12 0.389
90.662 0.542
91.423 0.761
91.73 0.307
92.731 1.001
93.731 1.0
94.731 1.0
95.73 0.999
96.423 0.693
96.73 0.307
97.731 1.001
98.122 0.391
98.656 0.534
99.121 0.465
99.732 0.611
100.081 0.349
100.731 0.65
101.601 0.87
102.581 0.98
103.55 0.969
104.37 0.82
104.731 0.361
105.119 0.388
105.732 0.613
106.605 0.873
107.337 0.732
107.732 0.395
108.052 0.32
108.731 0.679
109.123 0.392
109.428 0.305
109.733 0.305
110.091 0.358
110.733 0.642
111.124 0.391
111.533 0.409
112.125 0.592
112.418 0.293
112.732 0.314
113.302 0.57
113.733 0.431
114.092 0.359
114.733 0.641
115.125 0.392
115.732 0.607
121.394 5.662
121.997 0.603
122.839 0.842
123.607 0.768
124.002 0.395
124.892 0.89
125.289 0.397
125.893 0.604
126.732 0.839
127.492 0.76
127.892 0.4
128.276 0.384
128.892 0.616
129.892 1.0
130.584 0.692
130.891 0.307
131.892 1.001
132.709 0.817
133.389 0.68
133.892 0.503
134.891 0.999
135.815 0.924
136.679 0.864
137.446 0.767
137.891 0.445
138.88 0.989
139.57 0.69
139.89 0.32
140.28 0.39
140.891 0.611
141.704 0.813
142.588 0.884
142.89 0.302
143.613 0.723
143.89 0.277
144.283 0.393
144.597 0.314
144.891 0.294
145.285 0.394
145.892 0.607
146.195 0.303
146.892 0.697
147.286 0.394
147.75 0.464
148.285 0.535
148.892 0.607
149.818 0.926
150.516 0.698
150.892 0.376
151.266 0.374
151.893 0.627
152.726 0.833
153.534 0.808
153.893 0.359
154.404 0.511
154.894 0.49
155.894 1.0
156.802 0.908
157.573 0.771
157.893 0.32
158.893 1.0
159.284 0.391
159.702 0.418
160.369 0.667
160.895 0.526
161.67 0.775
162.305 0.635
162.881 0.576
163.291 0.41
163.897 0.606
164.719 0.822
165.301 0.582
165.902 0.601
166.609 0.707
166.897 0.288
167.289 0.392
167.897 0.608
168.891 0.994
169.285 0.394
169.892 0.607
170.166 0.274
170.891 0.725
171.672 0.781
172.396 0.724
172.893 0.497
173.784 0.891
174.476 0.692
174.892 0.416
175.19 0.298
175.891 0.701
176.286 0.395
176.637 0.351
176.888 0.251
177.287 0.399
177.893 0.606
178.286 0.393
178.871 0.585
179.287 0.416
179.58 0.293
179.893 0.313
180.32 0.427
180.894 0.574
181.288 0.394
181.79 0.502
182.288 0.498
182.894 0.606
183.235 0.341
183.893 0.658
184.681 0.788
185.288 0.607
185.894 0.606
186.647 0.753
187.297 0.65
187.894 0.597
188.822 0.928
189.619 0.797
189.893 0.274
190.355 0.462
190.894 0.539
191.742 0.848
192.38 0.638
192.819 0.439
193.581 0.762
193.895 0.314
194.18 0.285
194.782 0.602
195.39 0.608
196.059 0.669
196.762 0.703
197.498 0.736
197.894 0.396
198.271 0.377
198.895 0.624
200.06 1.165
200.896 0.836
201.784 0.888
202.567 0.783
203.319 0.752
203.897 0.578
204.739 0.842
205.447 0.708
205.897 0.45
206.168 0.271
206.92 0.752
207.713 0.793
208.534 0.821
208.897 0.363
209.287 0.39
209.994 0.707
210.73 0.736
211.553 0.823
212.437 0.884
213.296 0.859
214.144 0.848
214.926 0.782
215.693 0.767
216.433 0.74
217.156 0.723
217.861 0.705
218.575 0.714
219.298 0.723
219.993 0.695
220.684 0.691
221.381 0.697
222.063 0.682
222.772 0.709
223.52 0.748
223.898 0.378
224.311 0.413
225.116 0.805
225.889 0.773
226.675 0.786
227.473 0.798
228.254 0.781
228.973 0.719
229.68 0.707
230.394 0.714
231.109 0.715
231.826 0.717
232.525 0.699
233.25 0.725
233.976 0.726
234.684 0.708
235.373 0.689
236.069 0.696
236.785 0.716
237.52 0.735
238.294 0.774
239.068 0.774
239.819 0.751
240.528 0.709
241.24 0.712
241.946 0.706
242.656 0.71
243.371 0.715
244.06 0.689
244.726 0.666
245.398 0.672
246.074 0.676
246.75 0.676
247.419 0.669
248.084 0.665
248.755 0.671
249.429 0.674
250.086 0.657
250.729 0.643
251.37 0.641
252.018 0.648
252.693 0.675
253.355 0.662
254.012 0.657
254.686 0.674
255.377 0.691
256.07 0.693
256.751 0.681
257.414 0.663
258.092 0.678
258.758 0.666
259.403 0.645
260.035 0.632
260.663 0.628
261.294 0.631
261.91 0.616
262.537 0.627
263.157 0.62
263.772 0.615
264.386 0.614
265.005 0.619
265.622 0.617
266.261 0.639
266.95 0.689
267.716 0.766
268.518 0.802
269.317 0.799
270.089 0.772
270.824 0.735
271.54 0.716
272.219 0.679
272.905 0.686
273.573 0.668
274.246 0.673
274.922 0.676
275.642 0.72
276.391 0.749
277.125 0.734
277.836 0.711
278.51 0.674
279.162 0.652
279.808 0.646
280.447 0.639
281.112 0.665
281.804 0.692
282.518 0.714
283.271 0.753
284.115 0.844
284.907 0.792
285.691 0.784
286.464 0.773
287.263 0.799
288.018 0.755
288.739 0.721
289.465 0.726
290.207 0.742
290.948 0.741
291.644 0.696
292.338 0.694
293.041 0.703
293.757 0.716
294.459 0.702
295.164 0.705
295.87 0.706
296.607 0.737
297.324 0.717
298.026 0.702
298.753 0.727
299.498 0.745
300.224 0.726
300.927 0.703
301.631 0.704
302.341 0.71
303.014 0.673
303.673 0.659
304.348 0.675
305.051 0.703
305.839 0.788
306.657 0.818
307.458 0.801
308.22 0.762
308.935 0.715
309.645 0.71
310.339 0.694
311.019 0.68
311.677 0.658
312.327 0.65
312.983 0.656
313.661 0.678
314.375 0.714
315.135 0.76
315.894 0.759
316.665 0.771
317.399 0.734
318.128 0.729
318.843 0.715
319.549 0.706
320.257 0.708
320.954 0.697
321.666 0.712
322.375 0.709
323.069 0.694
323.747 0.678
324.448 0.701
325.157 0.709
325.871 0.714
326.547 0.676
327.216 0.669
327.876 0.66
328.521 0.645
329.169 0.648
329.842 0.673
330.546 0.704
331.218 0.672
331.903 0.685
332.584 0.681
333.267 0.683
333.943 0.676
334.654 0.711
335.389 0.735
336.147 0.758
336.901 0.754
337.648 0.747
338.444 0.796
339.247 0.803
340.08 0.833
340.893 0.813
341.617 0.724
342.328 0.711
343.049 0.721
343.785 0.736
344.557 0.772
345.298 0.741
346.073 0.775
346.835 0.762
347.659 0.824
348.451 0.792
349.217 0.766
349.902 0.685
350.772 0.87
351.51 0.738
352.246 0.736
352.986 0.74
353.721 0.735
354.508 0.787
355.293 0.785
356.096 0.803
356.838 0.742
357.564 0.726
358.293 0.729
359.018 0.725
359.76 0.742
360.464 0.704
361.186 0.722
361.933 0.747
362.669 0.736
363.349 0.68
364.034 0.685
364.712 0.678
365.363 0.651
366.006 0.643
366.655 0.649
367.31 0.655
367.901 0.591
368.627 0.726
369.338 0.711
370.082 0.744
370.832 0.75
371.54 0.708
372.267 0.727
373.002 0.735
373.764 0.762
374.479 0.715
375.195 0.716
375.939 0.744
376.731 0.792
377.529 0.798
378.283 0.754
379.067 0.784
379.863 0.796
380.625 0.762
381.378 0.753
382.135 0.757
382.9 0.765
383.677 0.777
384.401 0.724
385.128 0.727
385.879 0.751
386.691 0.812
387.588 0.897
388.392 0.804
389.167 0.775
389.888 0.721
390.611 0.723
391.335 0.724
392.061 0.726
392.784 0.723
393.494 0.71
394.243 0.749
395.02 0.777
395.835 0.815
396.636 0.801
397.374 0.738
398.102 0.728
398.84 0.738
399.586 0.746
400.345 0.759
401.041 0.696
401.741 0.7
402.458 0.717
403.205 0.747
403.978 0.773
404.727 0.749
405.489 0.762
406.277 0.788
407.119 0.842
407.893 0.774
408.623 0.73
409.348 0.725
410.064 0.716
410.81 0.746
411.537 0.727
412.237 0.7
412.954 0.717
413.702 0.748
414.532 0.83
415.383 0.851
416.15 0.767
416.909 0.759
417.677 0.768
418.455 0.778
419.204 0.749
419.942 0.738
420.708 0.766
421.526 0.818
422.296 0.77
423.029 0.733
432.733 0.741
433.503 0.77
434.259 0.756
434.616 0.357
435.384 0.768
436.146 0.762
436.853 0.707
437.557 0.704
438.281 0.724
439.048 0.767
439.852 0.804
440.588 0.736
441.317 0.729
442.071 0.754
442.825 0.754
443.602 0.777
444.322 0.72
445.03 0.708
445.743 0.713
446.484 0.741
447.255 0.771
447.981 0.726
448.698 0.717
449.417 0.719
450.145 0.728
450.84 0.695
451.512 0.672
452.195 0.683
452.883 0.688
453.567 0.684
454.241 0.674
454.932 0.691
455.641 0.709
456.33 0.689
457.008 0.678
457.721 0.713
458.459 0.738
459.205 0.746
459.887 0.682
460.578 0.691
461.262 0.684
461.937 0.675
462.598 0.661
463.281 0.683
463.986 0.705
464.696 0.71
465.383 0.687
466.104 0.721
466.863 0.759
467.6 0.737
468.381 0.781
469.158 0.777
469.867 0.709
470.564 0.697
471.256 0.692
471.953 0.697
472.653 0.7
473.322 0.669
474.009 0.687
474.697 0.688
475.407 0.71
476.075 0.668
476.77 0.695
477.26 0.49
478.221 0.961
478.943 0.722
479.711 0.768
480.471 0.76
481.213 0.742
481.93 0.717
482.602 0.672
483.257 0.655
483.907 0.65
484.557 0.65
485.216 0.659
485.862 0.646
486.518 0.656
487.193 0.675
487.911 0.718
488.661 0.75
489.365 0.704
490.082 0.717
490.854 0.772
491.674 0.82
492.478 0.804
493.255 0.777
494.045 0.79
494.829 0.784
495.622 0.793
496.341 0.719
497.043 0.702
497.737 0.694
498.44 0.703
499.116 0.676
499.804 0.688
500.523 0.719
501.292 0.769
502.058 0.766
502.831 0.773
503.615 0.784
504.261 0.646
505.128 0.867
505.87 0.742
506.605 0.735
507.261 0.656
507.984 0.723
508.661 0.677
509.349 0.688
510.07 0.721
510.801 0.731
511.538 0.737
512.284 0.746
513.081 0.797
513.81 0.729
514.511 0.701
515.192 0.681
515.864 0.672
516.519 0.655
517.156 0.637
517.809 0.653
518.472 0.663
519.166 0.694
519.842 0.676
520.262 0.42
520.545 0.283
521.271 0.726
522.06 0.789
522.853 0.793
523.591 0.738
524.316 0.725
525.057 0.741
525.819 0.762
526.58 0.761
527.279 0.699
527.97 0.691
528.655 0.685
529.344 0.689
530.045 0.701
530.729 0.684
531.434 0.705
532.165 0.731
532.923 0.758
533.655 0.732
534.383 0.728
535.117 0.734
535.861 0.744
536.608 0.747
537.305 0.697
537.977 0.672
538.658 0.681
539.34 0.682
540.06 0.72
540.764 0.704
541.488 0.724
542.228 0.74
542.974 0.746
543.747 0.773
544.449 0.702
545.182 0.733
545.952 0.77
546.687 0.735
547.412 0.725
548.088 0.676
548.746 0.658
549.395 0.649
550.02 0.625
550.644 0.624
551.293 0.649
551.954 0.661
552.615 0.661
553.311 0.696
554.064 0.753
554.818 0.754
555.573 0.755
556.342 0.769
557.107 0.765
557.81 0.703
558.519 0.709
559.248 0.729
560.018 0.77
560.789 0.771
561.498 0.709
562.243 0.745
563.048 0.805
563.923 0.875
564.76 0.837
565.595 0.835
566.401 0.806
567.144 0.743
567.908 0.764
568.688 0.78
569.492 0.804
570.242 0.75
571.05 0.808
571.884 0.834
572.727 0.843
573.455 0.728
573.786 0.331
574.201 0.415
574.934 0.733
575.705 0.771
576.522 0.817
577.442 0.92
578.371 0.929
579.22 0.849
579.964 0.744
580.715 0.751
581.484 0.769
582.294 0.81
583.106 0.812
583.842 0.736
584.576 0.734
585.312 0.736
586.072 0.76
586.817 0.745
587.559 0.742
588.351 0.792
589.15 0.799
589.911 0.761
590.629 0.718
591.364 0.735
592.108 0.744
592.906 0.798
593.695 0.789
594.419 0.724
595.152 0.733
595.909 0.757
596.705 0.796
597.536 0.831
598.347 0.811
599.17 0.823
599.964 0.794
600.672 0.708
601.011 0.339
601.368 0.357
602.107 0.739
602.943 0.836
603.774 0.831
604.569 0.795
605.446 0.877
606.34 0.894
607.139 0.799
607.885 0.746
608.61 0.725
609.31 0.7
609.966 0.656
610.609 0.643
611.239 0.63
611.877 0.638