0.000 0.485
0.485 0.485
2.048 1.563
3.612 1.564
5.133 1.521
5.406 0.273
8.069 2.663
9.475 1.406
11.292 1.817
11.587 0.295
11.956 0.369
20.999 9.043
21.821 0.822
22.76 0.939
23.814 1.054
24.759 0.945
25.707 0.948
26.655 0.948
27.626 0.971
28.451 0.825
29.311 0.86
30.178 0.867
30.938 0.76
32.103 1.165
33.163 1.06
34.195 1.032
35.157 0.962
36.045 0.888
36.804 0.759
37.564 0.76
38.341 0.777
39.174 0.833
40.099 0.925
41.042 0.943
41.859 0.817
42.713 0.854
43.572 0.859
44.549 0.977
45.601 1.052
46.491 0.89
47.439 0.948
48.426 0.987
49.314 0.888
50.14 0.826
50.909 0.769
51.665 0.756
52.365 0.7
53.104 0.739
53.934 0.83
54.929 0.995
55.822 0.893
56.6 0.778
57.471 0.871
58.402 0.931
59.304 0.902
60.095 0.791
60.929 0.834
61.773 0.844
62.573 0.8
63.299 0.726
64.06 0.761
64.849 0.789
65.638 0.789
66.408 0.77
67.172 0.764
67.977 0.805
68.793 0.816
69.549 0.756
70.278 0.729
71.04 0.762
71.808 0.768
72.524 0.716
73.281 0.757
74.028 0.747
74.775 0.747
75.507 0.732
76.22 0.713
76.952 0.732
77.731 0.779
78.57 0.839
79.395 0.825
80.257 0.862
81.128 0.871
81.998 0.87
82.773 0.775
83.613 0.84
84.456 0.843
85.283 0.827
86.041 0.758
86.849 0.808
87.806 0.957
88.786 0.98
89.639 0.853
90.538 0.899
91.449 0.911
92.356 0.907
93.2 0.844
93.94 0.74
94.707 0.767
95.523 0.816
96.369 0.846
97.207 0.838
98.012 0.805
98.831 0.819
99.691 0.86
100.498 0.807
101.309 0.811
102.108 0.799
102.833 0.725
103.606 0.773
104.427 0.821
105.294 0.867
106.215 0.921
107.023 0.808
107.747 0.724
108.456 0.709
109.163 0.707
109.877 0.714
110.562 0.685
111.308 0.746
112.066 0.758
112.788 0.722
113.458 0.67
114.122 0.664
114.778 0.656
115.442 0.664
116.156 0.714
116.985 0.829
117.873 0.888
118.677 0.804
119.487 0.81
120.301 0.814
121.085 0.784
121.814 0.729
122.591 0.777
123.424 0.833
124.332 0.908
125.135 0.803
125.953 0.818
126.818 0.865
127.644 0.826
128.395 0.751
129.188 0.793
129.995 0.807
130.716 0.721
131.403 0.687
132.107 0.704
132.827 0.72
133.607 0.78
134.372 0.765
135.092 0.72
135.826 0.734
136.558 0.732
137.269 0.711
138.027 0.758
138.855 0.828
139.766 0.911
140.557 0.791
141.365 0.808
142.163 0.798
142.955 0.792
143.681 0.726
144.453 0.772
145.263 0.81
146.122 0.859
146.883 0.761
147.675 0.792
148.483 0.808
149.375 0.892
150.161 0.786
150.945 0.784
151.773 0.828
152.661 0.888
153.466 0.805
154.273 0.807
155.015 0.742
155.742 0.727
156.785 1.043
157.649 0.864
158.395 0.746
159.09 0.695
159.78 0.69
160.529 0.749
161.285 0.756
161.98 0.695
162.711 0.731
163.485 0.774
164.235 0.75
165.048 0.813
165.949 0.901
166.844 0.895
167.616 0.772
168.403 0.787
169.22 0.817
170.064 0.844
170.853 0.789
171.761 0.908
172.796 1.035
173.789 0.993
174.677 0.888
175.589 0.912
176.482 0.893
177.299 0.817
178.123 0.824
179.001 0.878
179.915 0.914
180.788 0.873
181.703 0.915
182.621 0.918
183.542 0.921
183.845 0.303
184.338 0.493
185.181 0.843
186.057 0.876
186.78 0.723
187.094 0.314
187.397 0.303
189.848 2.451
190.335 0.487
190.659 0.324
191.78 1.121
192.72 0.94
193.361 0.641
193.687 0.326
194.071 0.384
197.658 3.587
199.408 1.75
200.344 0.936
200.699 0.355
201.0 0.301
201.296 0.296
201.553 0.257
202.095 0.542
202.495 0.4
202.806 0.311
203.303 0.497
203.601 0.298
203.91 0.309
204.183 0.273
204.54 0.357
206.32 1.78
206.628 0.308
206.908 0.28
207.164 0.256
207.479 0.315
207.759 0.28
208.136 0.377
210.518 2.382
211.065 0.547
214.331 3.266
214.626 0.295
214.927 0.301
215.216 0.289
217.978 2.762
218.246 0.268
218.517 0.271
218.799 0.282
219.085 0.286
219.369 0.284
219.743 0.374
220.044 0.301
220.308 0.264
220.71 0.402
221.109 0.399
222.466 1.357
222.763 0.297
223.102 0.339
226.379 3.277
226.812 0.433
227.095 0.283
227.352 0.257
229.893 2.541
230.152 0.259
230.619 0.467
233.533 2.914
233.908 0.375
234.691 0.783
236.127 1.436
236.379 0.252
236.636 0.257
237.008 0.372
237.312 0.304
238.635 1.323
240.366 1.731
240.697 0.331
246.735 6.038
246.996 0.261
247.298 0.302
247.568 0.27
247.827 0.259
249.741 1.914
250.001 0.26
250.273 0.272
250.68 0.407
250.944 0.264
251.242 0.298
253.075 1.833
253.469 0.394
253.781 0.312
256.282 2.501
256.549 0.267
256.814 0.265
257.074 0.26
257.545 0.471
257.923 0.378
258.582 0.659
259.043 0.461
259.324 0.281
259.644 0.32
260.161 0.517
262.927 2.766
263.198 0.271
266.155 2.957
266.444 0.289
266.939 0.495
267.244 0.305
267.549 0.305
267.981 0.432
268.331 0.35
268.941 0.61
269.225 0.284
269.487 0.262
269.738 0.251
270.002 0.264
272.108 2.106
273.213 1.105
273.714 0.501
274.019 0.305
274.724 0.705
274.995 0.271
275.558 0.563
276.214 0.656
281.708 5.494
282.393 0.685
282.761 0.368
291.208 8.447
291.995 0.787
292.591 0.596
293.362 0.771
293.676 0.314
293.931 0.255
294.462 0.531
294.772 0.31
295.026 0.254
295.336 0.31
295.595 0.259
296.227 0.632
296.564 0.337
297.103 0.539
297.48 0.377
302.527 5.047
302.837 0.31
303.168 0.331
303.433 0.265
303.686 0.253
303.999 0.313
304.275 0.276
305.218 0.943
309.078 3.86
316.995 7.917
317.702 0.707
318.384 0.682
319.05 0.666
319.679 0.629
320.297 0.618
320.903 0.606
321.498 0.595
322.098 0.6
322.722 0.624
323.432 0.71
324.284 0.852
325.089 0.805
325.879 0.79
326.742 0.863
327.622 0.88
328.389 0.767
329.114 0.725
329.845 0.731
330.565 0.72
331.289 0.724
331.969 0.68
332.653 0.684
333.347 0.694
334.06 0.713
334.758 0.698
335.461 0.703
336.205 0.744
336.975 0.77
337.756 0.781
338.512 0.756
339.237 0.725
340.016 0.779
340.782 0.766
341.522 0.74
342.275 0.753
343.013 0.738
343.668 0.655
343.932 0.264
346.539 2.607
347.255 0.716
347.994 0.739
348.759 0.765
349.476 0.717
349.755 0.279
350.067 0.312
350.458 0.391
350.88 0.422
351.209 0.329
351.493 0.284
351.835 0.342
353.425 1.59
354.533 1.108
359.456 4.923
360.172 0.716
360.896 0.724
361.621 0.725
362.356 0.735
363.089 0.733
363.781 0.692
364.474 0.693
365.184 0.71
365.938 0.754
366.727 0.789
366.984 0.257
367.48 0.496
368.301 0.821
369.172 0.871
370.045 0.873
370.877 0.832
371.705 0.828
372.572 0.867
373.377 0.805
374.136 0.759
374.607 0.471
374.889 0.282
375.654 0.765
376.074 0.42
376.451 0.377
377.03 0.579
377.452 0.422
377.748 0.296
377.999 0.251
378.833 0.834
379.669 0.836
380.448 0.779
380.768 0.32
381.478 0.71
382.083 0.605
382.542 0.459
382.885 0.343
383.623 0.738
383.922 0.299
386.584 2.662
391.773 5.189
392.49 0.717
395.13 2.64
396.977 1.847
397.766 0.789
398.577 0.811
399.391 0.814
400.203 0.812
400.703 0.5
400.987 0.284
401.804 0.817
402.662 0.858
403.114 0.452
403.476 0.362
404.302 0.826
405.119 0.817
405.514 0.395
405.895 0.381
406.68 0.785
407.072 0.392
407.477 0.405
408.108 0.631
409.131 1.023
409.836 0.705
410.642 0.806
411.5 0.858
411.856 0.356
412.224 0.368
412.5 0.276
412.839 0.339
413.939 1.1
414.51 0.571
414.769 0.259
415.127 0.358
415.565 0.438
417.785 2.22
419.63 1.845
421.199 1.569
421.643 0.444
421.996 0.353
422.347 0.351
422.752 0.405
423.121 0.369
423.544 0.423
424.58 1.036
424.834 0.254
425.155 0.321
425.49 0.335
425.784 0.294
426.05 0.266
426.311 0.261
426.688 0.377
427.112 0.424
427.426 0.314
434.328 6.902
434.993 0.665
435.652 0.659
436.346 0.694
437.084 0.738
437.878 0.794
438.726 0.848
439.582 0.856
440.482 0.9
441.304 0.822
442.125 0.821
442.969 0.844
443.826 0.857
444.63 0.804
444.903 0.273
445.178 0.275
445.434 0.256
445.776 0.342
446.336 0.56
447.723 1.387
449.105 1.382
449.473 0.368
449.763 0.29
450.132 0.369
450.87 0.738
451.203 0.333
451.685 0.482
451.936 0.251
452.778 0.842
453.291 0.513
453.583 0.292
453.867 0.284
454.147 0.28
454.41 0.263
454.726 0.316
455.001 0.275
455.309 0.308
455.562 0.253
456.502 0.94
456.849 0.347
457.202 0.353
457.489 0.287
457.779 0.29
458.248 0.469
458.651 0.403
458.926 0.275
459.442 0.516
459.792 0.35
460.342 0.55
460.601 0.259
461.024 0.423
461.691 0.667
462.132 0.441
462.422 0.29
462.917 0.495
463.364 0.447
463.843 0.479
464.336 0.493
467.782 3.446
471.376 3.594
472.146 0.77
474.532 2.386
478.173 3.641
478.647 0.474
479.218 0.571
479.611 0.393
481.018 1.407
481.51 0.492
481.83 0.32
482.089 0.259
482.42 0.331
482.871 0.451
483.629 0.758
484.527 0.898
484.799 0.272
485.112 0.313
485.947 0.835
486.237 0.29
486.505 0.268
486.928 0.423
487.582 0.654
488.318 0.736
489.3 0.982
489.636 0.336
489.897 0.261
491.761 1.864
492.176 0.415
493.176 1.0
493.488 0.312
493.872 0.384
494.27 0.398
494.981 0.711
495.743 0.762
496.52 0.777
496.786 0.266
497.083 0.297
497.371 0.288
499.199 1.828
499.948 0.749
502.266 2.318
502.569 0.303
504.417 1.848
504.721 0.304
504.979 0.258
506.104 1.125
508.455 2.351
509.623 1.168
510.019 0.396
510.48 0.461
511.738 1.258
512.008 0.27
512.262 0.254
519.804 0.812
520.625 0.821
521.356 0.731
522.101 0.745
522.859 0.758
523.684 0.825
524.432 0.748
525.236 0.804
526.045 0.809
526.803 0.758
527.633 0.83
528.469 0.836
529.281 0.812
530.071 0.79
530.921 0.85
531.804 0.883
532.571 0.767
533.327 0.756
534.091 0.764
534.859 0.768
535.558 0.699
536.281 0.723
537.032 0.751
537.829 0.797
538.513 0.684
539.359 0.846
540.132 0.773
540.469 0.337
540.732 0.263
541.087 0.355
541.624 0.537
542.556 0.932
543.196 0.64
543.571 0.375
544.319 0.748
546.081 1.762
546.431 0.35
548.639 2.208
549.049 0.41
549.337 0.288
550.081 0.744
550.883 0.802
551.743 0.86
552.523 0.78
553.373 0.85
554.237 0.864
555.101 0.864
555.854 0.753
556.653 0.799
557.512 0.859
558.38 0.868
559.148 0.768
559.961 0.813
560.781 0.82
561.529 0.748
562.277 0.748
563.037 0.76
563.859 0.822
564.638 0.779
565.53 0.892
566.526 0.996
567.417 0.891
568.361 0.944
569.303 0.942
570.122 0.819
570.985 0.863
571.774 0.789
572.492 0.718
573.194 0.702
573.897 0.703
574.605 0.708
575.315 0.71
576.062 0.747
576.768 0.706
577.522 0.754
578.354 0.832
578.626 0.272
579.117 0.491
580.807 1.69
581.653 0.846
582.403 0.75
583.203 0.8
584.105 0.902
585.133 1.028
586.117 0.984
587.06 0.943
587.924 0.864
588.572 0.648
588.986 0.414
589.442 0.456
590.216 0.774
591.049 0.833
591.599 0.55
591.855 0.256
592.699 0.844
593.546 0.847
594.358 0.812
594.766 0.408
595.021 0.255
595.351 0.33
595.981 0.63
596.829 0.848
597.467 0.638
597.75 0.283
598.005 0.255
598.456 0.451
599.277 0.821
600.021 0.744
600.863 0.842
601.665 0.802
602.468 0.803
602.768 0.3
603.069 0.301
603.96 0.891
604.73 0.77
605.527 0.797
605.865 0.338
606.166 0.301
607.023 0.857
607.82 0.797
608.634 0.814
609.397 0.763
610.239 0.842
611.081 0.842
611.457 0.376
611.864 0.407
612.535 0.671
612.818 0.283
613.326 0.508