0.000 0.811
0.811 0.811
6.999 0.748
7.735 0.736
8.472 0.737
9.169 0.697
9.858 0.689
10.554 0.696
11.234 0.68
11.929 0.695
12.644 0.715
13.33 0.686
13.99 0.66
14.644 0.654
15.314 0.67
16.046 0.732
16.781 0.735
17.512 0.731
18.26 0.748
19.028 0.768
19.82 0.792
20.573 0.753
21.255 0.682
21.909 0.654
22.532 0.623
23.134 0.602
23.736 0.602
24.354 0.618
25.039 0.685
25.773 0.734
26.44 0.667
27.081 0.641
27.707 0.626
28.374 0.667
29.116 0.742
29.895 0.779
30.704 0.809
31.439 0.735
32.178 0.739
32.905 0.727
33.673 0.768
34.441 0.768
35.181 0.74
35.878 0.697
36.564 0.686
37.25 0.686
37.932 0.682
38.622 0.69
39.26 0.638
39.901 0.641
40.502 0.601
41.095 0.593
41.674 0.579
42.301 0.627
42.99 0.689
43.618 0.628
44.283 0.665
45.021 0.738
45.887 0.866
46.795 0.908
47.618 0.823
48.449 0.831
49.313 0.864
50.247 0.934
51.15 0.903
51.982 0.832
52.831 0.849
53.691 0.86
54.562 0.871
55.463 0.901
56.409 0.946
57.251 0.842
58.113 0.862
59.055 0.942
60.029 0.974
61.03 1.001
62.035 1.005
62.983 0.948
63.857 0.874
64.663 0.806
65.378 0.715
66.071 0.693
67.192 1.121
68.151 0.959
69.106 0.955
70.059 0.953
71.035 0.976
71.945 0.91
72.67 0.725
73.364 0.694
74.038 0.674
74.746 0.708
75.589 0.843
76.47 0.881
77.222 0.752
77.949 0.727
78.725 0.776
79.788 1.063
80.751 0.963
81.602 0.851
82.371 0.769
83.142 0.771
84.007 0.865
84.904 0.897
85.727 0.823
86.486 0.759
87.233 0.747
88.089 0.856
89.26 1.171
90.318 1.058
91.207 0.889
91.956 0.749
92.691 0.735
93.483 0.792
94.615 1.132
95.56 0.945
96.524 0.964
97.505 0.981
98.443 0.938
99.329 0.886
100.095 0.766
100.781 0.686
101.444 0.663
102.541 1.097
103.533 0.992
104.602 1.069
105.654 1.052
106.677 1.023
107.636 0.959
108.52 0.884
109.291 0.771
110.006 0.715
110.675 0.669
111.326 0.651
111.983 0.657
112.685 0.702
113.392 0.707
114.07 0.678
114.758 0.688
115.499 0.741
116.547 1.048
117.407 0.86
118.192 0.785
119.064 0.872
119.847 0.783
120.648 0.801
121.466 0.818
122.465 0.999
123.434 0.969
124.266 0.832
125.08 0.814
125.918 0.838
126.867 0.949
127.887 1.02
128.783 0.896
129.578 0.795
130.379 0.801
131.211 0.832
132.228 1.017
133.244 1.016
134.242 0.998
135.132 0.89
135.915 0.783
136.685 0.77
137.46 0.775
138.323 0.863
139.242 0.919
140.127 0.885
141.009 0.882
141.816 0.807
142.582 0.766
143.348 0.766
144.113 0.765
144.876 0.763
145.632 0.756
146.364 0.732
147.089 0.725
147.763 0.674
148.433 0.67
149.072 0.639
149.688 0.616
150.299 0.611
150.884 0.585
151.478 0.594
152.098 0.62
152.778 0.68
153.548 0.77
154.267 0.719
154.982 0.715
155.721 0.739
156.528 0.807
157.38 0.852
158.282 0.902
159.149 0.867
159.941 0.792
160.648 0.707
161.301 0.653
161.924 0.623
162.539 0.615
163.138 0.599
163.743 0.605
164.331 0.588
164.929 0.598
165.551 0.622
166.211 0.66
166.997 0.786
167.865 0.868
168.807 0.942
169.798 0.991
170.799 1.001
171.737 0.938
172.518 0.781
173.285 0.767
173.979 0.694
174.622 0.643
175.266 0.644
175.921 0.655
176.613 0.692
177.331 0.718
178.364 1.033
179.397 1.033
180.406 1.009
181.387 0.981
182.303 0.916
183.129 0.826
184.032 0.903
184.833 0.801
185.604 0.771
186.373 0.769
187.095 0.722
187.879 0.784
188.698 0.819
189.427 0.729
190.153 0.726
190.869 0.716
191.673 0.804
192.542 0.869
193.461 0.919
194.255 0.794
194.992 0.737
195.692 0.7
196.356 0.664
197.013 0.657
197.719 0.706
198.657 0.938
199.721 1.064
200.766 1.045
201.679 0.913
202.58 0.901
203.567 0.987
204.558 0.991
205.452 0.894
206.357 0.905
207.309 0.952
208.278 0.969
209.229 0.951
210.073 0.844
210.774 0.701
211.454 0.68
212.119 0.665
212.813 0.694
213.517 0.704
214.313 0.796
215.062 0.749
215.796 0.734
216.579 0.783
217.489 0.91
218.458 0.969
219.393 0.935
220.174 0.781
220.913 0.739
221.612 0.699
222.463 0.851
223.635 1.172
224.719 1.084
225.738 1.019
226.713 0.975
227.596 0.883
228.357 0.761
229.107 0.75
229.869 0.762
230.738 0.869
231.538 0.8
232.315 0.777
233.167 0.852
234.071 0.904
235.01 0.939
235.919 0.909
236.798 0.879
237.615 0.817
238.379 0.764
239.129 0.75
239.875 0.746
240.578 0.703
241.292 0.714
242.072 0.78
242.939 0.867
243.823 0.884
244.693 0.87
245.555 0.862
246.403 0.848
247.243 0.84
248.059 0.816
248.764 0.705
249.453 0.689
250.109 0.656
250.783 0.674
251.513 0.73
252.202 0.689
252.885 0.683
253.66 0.775
254.451 0.791
255.259 0.808
256.097 0.838
256.963 0.866
257.734 0.771
258.477 0.743
259.233 0.756
260.078 0.845
261.039 0.961
261.931 0.892
262.78 0.849
263.671 0.891
264.555 0.884
265.432 0.877
266.225 0.793
266.972 0.747
267.67 0.698
268.347 0.677
269.018 0.671
269.717 0.699
270.453 0.736
271.191 0.738
271.895 0.704
272.597 0.702
273.323 0.726
274.29 0.967
275.247 0.957
276.158 0.911
276.913 0.755
277.648 0.735
278.377 0.729
279.121 0.744
279.872 0.751
280.581 0.709
281.305 0.724
282.077 0.772
282.892 0.815
283.653 0.761
284.39 0.737
285.135 0.745
285.84 0.705
286.621 0.781
287.385 0.764
288.082 0.697
288.753 0.671
289.419 0.666
290.099 0.68
290.798 0.699
291.579 0.781
292.462 0.883
293.365 0.903
294.18 0.815
294.968 0.788
295.751 0.783
296.545 0.794
297.375 0.83
298.181 0.806
298.923 0.742
299.689 0.766
300.483 0.794
301.349 0.866
302.273 0.924
303.112 0.839
303.955 0.843
304.808 0.853
305.661 0.853
306.516 0.855
307.35 0.834
308.151 0.801
308.921 0.77
309.688 0.767
310.467 0.779
311.263 0.796
312.07 0.807
312.853 0.783
313.624 0.771
314.376 0.752
315.114 0.738
315.847 0.733
316.541 0.694
317.251 0.71
318.006 0.755
319.089 1.083
320.047 0.958
320.994 0.947
321.928 0.934
322.818 0.89
323.67 0.852
324.456 0.786
325.232 0.776
325.995 0.763
326.746 0.751
327.531 0.785
328.329 0.798
329.166 0.837
330.008 0.842
330.831 0.823
331.572 0.741
332.309 0.737
333.027 0.718
333.722 0.695
334.384 0.662
335.026 0.642
335.69 0.664
336.355 0.665
337.021 0.666
337.715 0.694
338.509 0.794
339.441 0.932
340.412 0.971
341.342 0.93
342.229 0.887
342.988 0.759
343.699 0.711
344.392 0.693
345.134 0.742
345.956 0.822
346.874 0.918
347.83 0.956
348.661 0.831
349.409 0.748
350.167 0.758
350.873 0.706
351.567 0.694
352.251 0.684
352.999 0.748
353.888 0.889
354.882 0.994
355.913 1.031
356.846 0.933
357.645 0.799
358.401 0.756
359.203 0.802
360.106 0.903
361.031 0.925
361.919 0.888
362.697 0.778
363.457 0.76
364.212 0.755
364.918 0.706
365.592 0.674
366.253 0.661
366.93 0.677
367.708 0.778
368.547 0.839
369.412 0.865
370.308 0.896
371.125 0.817
371.87 0.745
372.559 0.689
373.239 0.68
373.892 0.653
374.521 0.629
375.134 0.613
375.752 0.618
376.402 0.65
377.131 0.729
377.947 0.816
378.808 0.861
379.666 0.858
380.481 0.815
381.277 0.796
382.041 0.764
382.792 0.751
383.535 0.743
384.22 0.685
384.871 0.651
385.499 0.628
386.121 0.622
386.958 0.837
387.906 0.948
388.911 1.005
389.95 1.039
390.931 0.981
391.762 0.831
392.535 0.773
393.372 0.837
394.314 0.942
395.32 1.006
396.26 0.94
397.095 0.835
397.816 0.721
398.498 0.682
399.163 0.665
399.854 0.691
400.656 0.802
401.65 0.994
402.665 1.015
403.575 0.91
404.388 0.813
405.22 0.832
406.066 0.846
406.965 0.899
407.871 0.906
408.654 0.783
409.389 0.735
410.121 0.732
410.879 0.758
411.737 0.858
412.659 0.922
413.486 0.827
414.308 0.822
415.104 0.796
415.828 0.724
416.52 0.692
417.202 0.682
417.873 0.671
418.618 0.745
419.436 0.818
420.27 0.834
421.088 0.818
421.903 0.815
422.686 0.783
423.405 0.719
424.089 0.684
424.8 0.711
425.56 0.76
426.357 0.797
427.152 0.795
427.927 0.775
428.698 0.771
429.481 0.783
430.256 0.775
431.012 0.756
431.761 0.749
432.511 0.75
433.265 0.754
434.025 0.76
434.781 0.756
435.553 0.772
436.322 0.769
437.07 0.748
437.766 0.696
438.433 0.667
439.085 0.652
439.775 0.69
440.538 0.763
441.349 0.811
442.162 0.813
442.988 0.826
443.775 0.787
444.535 0.76
445.28 0.745
445.992 0.712
446.684 0.692
447.359 0.675
448.039 0.68
448.745 0.706
449.477 0.732
450.244 0.767
451.05 0.806
451.923 0.873
452.814 0.891
453.684 0.87
454.527 0.843
455.361 0.834
456.183 0.822
457.006 0.823
457.792 0.786
458.571 0.779
459.338 0.767
460.101 0.763
460.867 0.766
461.659 0.792
462.504 0.845
463.392 0.888
464.308 0.916
465.213 0.905
466.1 0.887
466.948 0.848
467.804 0.856
468.629 0.825
469.435 0.806
470.217 0.782
471.021 0.804
471.789 0.768
472.522 0.733
473.224 0.702
473.915 0.691
474.638 0.723
475.49 0.852
476.311 0.821
477.047 0.736
477.778 0.731
478.511 0.733
479.274 0.763
480.184 0.91
481.155 0.971
482.103 0.948
483.004 0.901
483.777 0.773
484.477 0.7
485.142 0.665
485.785 0.643
486.446 0.661
487.31 0.864
488.292 0.982
489.292 1.0
490.264 0.972
491.173 0.909
492.034 0.861
492.832 0.798
493.572 0.74
494.278 0.706
494.955 0.677
495.638 0.683
496.319 0.681
497.078 0.759
497.929 0.851
498.848 0.919
499.772 0.924
500.656 0.884
501.439 0.783
502.189 0.75
502.92 0.731
503.734 0.814
504.622 0.888
505.523 0.901
506.388 0.865
507.132 0.744
507.85 0.718
508.504 0.654
509.132 0.628
509.762 0.63
510.426 0.664
511.115 0.689
511.797 0.682
512.495 0.698
513.281 0.786
514.136 0.855
515.063 0.927
515.887 0.824
516.644 0.757
517.371 0.727
518.122 0.751
518.946 0.824
519.922 0.976
520.813 0.891
521.584 0.771
522.33 0.746
523.049 0.719
523.812 0.763
524.642 0.83
525.472 0.83
526.232 0.76
526.956 0.724
527.708 0.752
528.553 0.845
529.483 0.93
530.415 0.932
531.306 0.891
532.189 0.883
533.051 0.862
533.89 0.839
534.706 0.816
535.458 0.752
536.169 0.711
536.849 0.68
537.535 0.686
538.206 0.671
538.848 0.642
539.518 0.67
540.224 0.706
540.933 0.709
541.614 0.681
542.289 0.675
542.997 0.708
543.822 0.825
544.649 0.827
545.5 0.851
546.358 0.858
547.115 0.757
547.832 0.717
548.527 0.695
549.236 0.709
549.995 0.759
550.774 0.779
551.634 0.86
552.546 0.912
553.447 0.901
554.321 0.874
555.205 0.884
556.027 0.822
556.755 0.728
557.485 0.73
558.167 0.682
558.959 0.792
559.872 0.913
560.801 0.929
561.767 0.966
562.717 0.95
563.543 0.826
564.301 0.758
565.09 0.789
565.904 0.814
566.831 0.927
567.708 0.877
568.498 0.79
569.32 0.822
570.159 0.839
571.046 0.887
571.984 0.938
572.907 0.923
573.813 0.906
574.62 0.807
575.337 0.717
576.009 0.672
576.664 0.655
577.326 0.662
578.084 0.758
579.145 1.061
580.25 1.105
581.29 1.04
582.254 0.964
583.208 0.954
584.061 0.853
584.801 0.74
585.556 0.755
586.358 0.802
587.335 0.977
588.374 1.039
589.358 0.984
590.253 0.895
591.115 0.862
592.028 0.913
593.027 0.999
594.025 0.998
594.964 0.939
595.77 0.806
596.51 0.74
597.245 0.735
598.046 0.801
598.975 0.929
600.01 1.035
600.946 0.936
601.848 0.902
602.785 0.937
603.786 1.001
604.869 1.083
605.96 1.091
607.015 1.055
608.077 1.062
609.092 1.015
610.053 0.961
610.972 0.919
611.874 0.902
612.756 0.882
613.587 0.831
614.373 0.786
615.143 0.77
615.885 0.742
616.636 0.751
617.392 0.756
618.195 0.803
619.059 0.864
619.977 0.918
620.887 0.91
621.75 0.863
622.575 0.825
623.404 0.829
624.224 0.82
625.084 0.86
625.993 0.909
626.897 0.904
627.799 0.902