0.000 0.659
0.659 0.659
1.325 0.666
1.99 0.665
2.655 0.665
3.323 0.668
3.984 0.661
4.637 0.653
5.31 0.673
6.001 0.691
6.685 0.684
7.358 0.673
8.013 0.655
8.652 0.639
9.275 0.623
9.905 0.63
10.571 0.666
11.292 0.721
12.03 0.738
12.762 0.732
13.469 0.707
14.16 0.691
14.87 0.71
15.616 0.746
16.364 0.748
17.115 0.751
17.85 0.735
18.561 0.711
19.247 0.686
19.928 0.681
20.623 0.695
21.372 0.749
22.181 0.809
22.981 0.8
23.764 0.783
24.535 0.771
25.288 0.753
26.012 0.724
26.707 0.695
27.402 0.695
28.116 0.714
28.874 0.758
29.616 0.742
30.346 0.73
31.056 0.71
31.754 0.698
32.436 0.682
33.108 0.672
33.782 0.674
34.479 0.697
35.212 0.733
35.947 0.735
36.667 0.72
37.384 0.717
38.099 0.715
38.806 0.707
39.501 0.695
40.188 0.687
40.885 0.697
41.601 0.716
42.342 0.741
43.09 0.748
43.844 0.754
44.594 0.75
45.308 0.714
46.005 0.697
46.689 0.684
47.359 0.67
48.018 0.659
48.697 0.679
49.4 0.703
50.118 0.718
50.849 0.731
51.557 0.708
52.258 0.701
52.953 0.695
53.652 0.699
54.369 0.717
55.094 0.725
55.798 0.704
56.477 0.679
57.132 0.655
57.743 0.611
58.353 0.61
58.947 0.594
59.536 0.589
60.123 0.587
60.726 0.603
61.339 0.613
61.987 0.648
62.645 0.658
63.317 0.672
63.97 0.653
64.614 0.644
65.27 0.656
65.947 0.677
66.64 0.693
67.34 0.7
68.041 0.701
68.744 0.703
69.448 0.704
70.121 0.673
70.787 0.666
71.46 0.673
72.133 0.673
72.824 0.691
73.5 0.676
74.172 0.672
74.863 0.691
75.577 0.714
76.318 0.741
77.063 0.745
77.785 0.722
78.493 0.708
79.199 0.706
79.907 0.708
80.589 0.682
81.264 0.675
81.946 0.682
82.669 0.723
83.422 0.753
84.193 0.771
84.967 0.774
85.723 0.756
86.482 0.759
87.248 0.766
87.982 0.734
88.702 0.72
89.437 0.735
90.191 0.754
90.953 0.762
91.676 0.723
92.399 0.723
93.134 0.735
93.901 0.767
94.646 0.745
95.377 0.731
96.084 0.707
96.768 0.684
97.447 0.679
98.127 0.68
98.821 0.694
99.537 0.716
100.254 0.717
100.997 0.743
101.781 0.784
102.591 0.81
103.365 0.774
104.113 0.748
104.845 0.732
105.55 0.705
106.233 0.683
106.901 0.668
107.565 0.664
108.237 0.672
108.927 0.69
109.646 0.719
110.386 0.74
111.143 0.757
111.905 0.762
112.664 0.759
113.404 0.74
114.141 0.737
114.87 0.729
115.568 0.698
116.253 0.685
116.931 0.678
117.648 0.717
118.403 0.755
119.166 0.763
119.938 0.772
120.739 0.801
121.553 0.814
122.347 0.794
123.128 0.781
123.913 0.785
124.704 0.791
125.481 0.777
126.263 0.782
127.057 0.794
127.847 0.79
128.619 0.772
129.379 0.76
130.14 0.761
130.87 0.73
131.581 0.711
132.293 0.712
133.031 0.738
133.786 0.755
134.558 0.772
135.367 0.809
136.165 0.798
136.933 0.768
137.699 0.766
138.475 0.776
139.267 0.792
140.057 0.79
140.83 0.773
141.6 0.77
142.377 0.777
143.16 0.783
143.924 0.764
144.687 0.763
145.418 0.731
146.149 0.731
146.859 0.71
147.561 0.702
148.247 0.686
148.927 0.68
149.616 0.689
150.341 0.725
151.105 0.764
151.88 0.775
152.642 0.762
153.42 0.778
154.208 0.788
154.997 0.789
155.758 0.761
156.523 0.765
157.293 0.77
158.075 0.782
158.843 0.768
159.606 0.763
160.377 0.771
161.125 0.748
161.863 0.738
162.62 0.757
163.391 0.771
164.146 0.755
164.894 0.748
165.645 0.751
166.4 0.755
167.143 0.743
167.853 0.71
168.535 0.682
169.24 0.705
169.961 0.721
170.665 0.704
171.353 0.688
172.023 0.67
172.697 0.674
173.39 0.693
174.101 0.711
174.846 0.745
175.628 0.782
176.49 0.862
177.333 0.843
178.164 0.831
178.979 0.815
179.783 0.804
180.591 0.808
181.364 0.773
182.131 0.767
182.887 0.756
183.648 0.761
184.422 0.774
185.19 0.768
185.982 0.792
186.764 0.782
187.57 0.806
188.399 0.829
189.227 0.828
190.054 0.827
190.885 0.831
191.722 0.837
192.542 0.82
193.323 0.781
194.084 0.761
194.841 0.757
195.587 0.746
196.356 0.769
197.135 0.779
197.953 0.818
198.759 0.806
199.568 0.809
200.355 0.787
201.144 0.789
201.941 0.797
202.747 0.806
203.526 0.779
204.305 0.779
205.088 0.783
205.868 0.78
206.627 0.759
207.387 0.76
208.14 0.753
208.858 0.718
209.551 0.693
210.275 0.724
211.002 0.727
211.736 0.734
212.504 0.768
213.276 0.772
214.037 0.761
214.791 0.754
215.554 0.763
216.324 0.77
217.097 0.773
217.848 0.751
218.568 0.72
219.268 0.7
219.97 0.702
220.688 0.718
221.397 0.709
222.091 0.694
222.788 0.697
223.512 0.724
224.254 0.742
225.007 0.753
225.75 0.743
226.483 0.733
227.236 0.753
228.014 0.778
228.817 0.803
229.637 0.82
230.441 0.804
231.24 0.799
232.01 0.77
232.754 0.744
233.483 0.729
234.211 0.728
234.925 0.714
235.609 0.684
236.297 0.688
236.995 0.698
237.705 0.71
238.421 0.716
239.158 0.737
239.899 0.741
240.615 0.716
241.335 0.72
242.085 0.75
242.846 0.761
243.589 0.743
244.333 0.744
245.085 0.752
245.851 0.766
246.611 0.76
247.349 0.738
248.086 0.737
248.834 0.748
249.589 0.755
250.322 0.733
251.071 0.749
251.861 0.79
252.689 0.828
253.486 0.797
254.252 0.766
255.024 0.772
255.786 0.762
256.537 0.751
257.265 0.728
257.993 0.728
258.735 0.742
259.509 0.774
260.315 0.806
261.112 0.797
261.908 0.796
262.709 0.801
263.503 0.794
264.274 0.771
265.013 0.739
265.748 0.735
266.498 0.75
267.28 0.782
268.073 0.793
268.855 0.782
269.629 0.774
270.448 0.819
271.29 0.842
272.12 0.83
272.911 0.791
273.697 0.786
274.478 0.781
275.238 0.76
275.975 0.737
276.718 0.743
277.468 0.75
278.235 0.767
279.018 0.783
279.817 0.799
280.622 0.805
281.408 0.786
282.177 0.769
282.972 0.795
283.77 0.798
284.558 0.788
285.318 0.76
286.069 0.751
286.824 0.755
287.583 0.759
288.327 0.744
289.072 0.745
289.829 0.757
290.607 0.778
291.36 0.753
292.124 0.764
292.91 0.786
293.73 0.82
294.533 0.803
295.345 0.812
296.186 0.841
297.01 0.824
297.782 0.772
298.551 0.769
299.336 0.785
300.112 0.776
300.848 0.736
301.581 0.733
302.335 0.754
303.125 0.79
303.957 0.832
304.781 0.824
305.606 0.825
306.382 0.776
307.185 0.803
307.978 0.793
308.788 0.81
309.562 0.774
310.322 0.76
311.074 0.752
311.841 0.767
312.583 0.742
313.344 0.761
314.087 0.743
314.826 0.739
315.586 0.76
316.353 0.767
317.088 0.735
317.808 0.72
318.573 0.765
319.373 0.8
320.148 0.775
320.922 0.774
321.729 0.807
322.535 0.806
323.321 0.786
324.055 0.734
324.758 0.703
325.457 0.699
326.161 0.704
326.913 0.752
327.68 0.767
328.426 0.746
329.128 0.702
329.806 0.678
330.467 0.661
331.124 0.657
331.75 0.626
332.366 0.616
332.988 0.622
333.638 0.65
334.369 0.731
335.159 0.79
335.951 0.792
336.731 0.78
337.533 0.802
338.343 0.81
339.112 0.769
339.848 0.736
340.618 0.77
341.368 0.75
342.137 0.769
342.945 0.808
343.793 0.848
344.587 0.794
345.327 0.74
346.032 0.705
346.742 0.71
347.467 0.725
348.245 0.778
349.077 0.832
349.902 0.825
350.69 0.788
351.485 0.795
352.29 0.805
353.089 0.799
353.856 0.767
354.593 0.737
355.338 0.745
356.062 0.724
356.813 0.751
357.564 0.751
358.276 0.712
358.983 0.707
359.699 0.716
360.453 0.754
361.214 0.761
361.971 0.757
362.694 0.723
363.407 0.713
364.141 0.734
364.909 0.768
365.716 0.807
366.484 0.768
367.212 0.728
367.915 0.703
368.609 0.694
369.326 0.717
370.056 0.73
370.792 0.736
371.567 0.775
372.45 0.883
373.379 0.929
374.254 0.875
375.04 0.786
375.828 0.788
376.655 0.827
377.533 0.878
378.385 0.852
379.222 0.837
380.049 0.827
380.856 0.807
381.62 0.764
382.386 0.766
383.175 0.789
384.003 0.828
384.813 0.81
385.687 0.874
386.572 0.885
387.416 0.844
388.229 0.813
389.052 0.823
389.884 0.832
390.68 0.796
391.483 0.803
392.304 0.821
393.128 0.824
393.919 0.791
394.73 0.811
395.53 0.8
396.336 0.806
397.123 0.787
397.859 0.736
398.611 0.752
399.323 0.712
400.058 0.735
400.788 0.73
401.5 0.712
402.219 0.719
402.92 0.701
403.602 0.682
404.253 0.651
404.895 0.642
405.523 0.628
406.17 0.647
406.812 0.642
407.497 0.685
408.219 0.722
408.99 0.771
409.77 0.78
410.551 0.781
411.34 0.789
412.137 0.797
412.943 0.806
413.754 0.811
414.55 0.796
415.299 0.749
416.029 0.73
416.748 0.719
417.481 0.733
418.261 0.78
419.053 0.792
419.861 0.808
420.678 0.817
421.53 0.852
422.359 0.829
423.18 0.821
424.003 0.823
424.807 0.804
425.567 0.76
426.297 0.73
427.003 0.706
427.759 0.756
428.579 0.82
429.396 0.817
430.301 0.905
431.21 0.909
432.07 0.86
432.875 0.805
433.677 0.802
434.476 0.799
435.277 0.801
436.044 0.767
436.794 0.75
437.549 0.755
438.316 0.767
439.074 0.758
439.798 0.724
440.506 0.708
441.229 0.723
441.998 0.769
442.826 0.828
443.679 0.853
444.536 0.857
445.364 0.828
446.214 0.85
447.042 0.828
447.859 0.817
448.642 0.783
449.419 0.777
450.204 0.785
451.02 0.816
451.852 0.832
452.643 0.791
453.432 0.789
454.23 0.798
455.048 0.818
455.818 0.77
456.582 0.764
457.353 0.771
458.128 0.775
458.899 0.771
459.653 0.754
460.404 0.751
461.167 0.763
461.961 0.794
462.737 0.776
463.515 0.778
464.308 0.793
465.122 0.814
465.937 0.815
466.706 0.769
467.441 0.735
468.168 0.727
468.901 0.733
469.646 0.745
470.369 0.723
471.083 0.714
471.802 0.719
472.531 0.729
473.271 0.74
474.022 0.751
474.754 0.732
475.497 0.743
476.241 0.744
476.997 0.756
477.819 0.822
478.655 0.836
479.463 0.808
480.244 0.781
480.986 0.742
481.73 0.744
482.455 0.725
483.178 0.723
483.9 0.722
484.6 0.7
485.306 0.706
485.997 0.691
486.705 0.708
487.423 0.718
488.147 0.724
488.873 0.726
489.638 0.765
490.414 0.776
491.16 0.746
491.909 0.749
492.63 0.721
493.331 0.701
494.033 0.702
494.743 0.71
495.476 0.733
496.226 0.75
496.969 0.743
497.703 0.734
498.412 0.709
499.117 0.705
499.811 0.694
500.5 0.689
501.197 0.697
501.948 0.751
502.777 0.829
503.539 0.762
504.277 0.738
505.0 0.723
505.747 0.747
506.508 0.761
507.318 0.81
508.142 0.824
508.946 0.804
509.682 0.736
510.402 0.72
511.107 0.705
511.794 0.687
512.459 0.665
513.117 0.658
513.786 0.669
514.488 0.702
515.243 0.755
516.046 0.803
516.801 0.755
517.561 0.76
518.367 0.806
519.164 0.797
519.929 0.765
520.681 0.752
521.435 0.754
522.188 0.753
522.911 0.723
523.615 0.704
524.351 0.736
525.143 0.792
525.978 0.835
526.793 0.815
527.597 0.804
528.38 0.783
529.15 0.77
529.869 0.719
530.568 0.699
531.242 0.674
531.894 0.652
532.552 0.658
533.222 0.67
533.941 0.719
534.669 0.728
535.401 0.732
536.157 0.756
536.902 0.745
537.666 0.764
538.437 0.771
539.22 0.783
540.002 0.782
540.754 0.752
541.519 0.765
542.275 0.756
543.011 0.736
543.739 0.728
544.501 0.762
545.279 0.778
546.07 0.791
546.802 0.732
547.543 0.741
548.281 0.738
549.024 0.743
549.784 0.76
550.543 0.759
551.298 0.755
552.031 0.733
552.757 0.726
553.482 0.725
554.225 0.743
554.988 0.763
555.756 0.768
556.495 0.739
557.206 0.711
557.922 0.716
558.646 0.724
559.362 0.716
560.081 0.719
560.831 0.75
561.627 0.796
562.444 0.817
563.224 0.78
564.02 0.796
564.774 0.754
565.549 0.775
566.319 0.77
567.067 0.748
567.771 0.704
568.458 0.687
569.117 0.659
569.754 0.637
570.382 0.628
571.002 0.62
571.633 0.631
572.324 0.691
573.015 0.691
573.683 0.668
574.335 0.652
574.979 0.644
575.619 0.64
576.244 0.625
576.868 0.624
577.592 0.724
578.409 0.817
579.286 0.877
580.098 0.812
580.834 0.736
581.56 0.726
582.322 0.762
583.108 0.786
583.913 0.805
584.686 0.773
585.426 0.74
586.173 0.747
586.931 0.758
587.714 0.783
588.502 0.788
589.279 0.777
590.055 0.776
590.849 0.794
591.616 0.767
592.352 0.736
593.107 0.755
593.891 0.784
594.708 0.817
595.497 0.789
596.312 0.815
597.112 0.8
597.849 0.737
598.576 0.727
599.33 0.754
600.096 0.766