0.000 0.607
0.607 0.607
1.233 0.626
1.827 0.594
2.419 0.592
3.012 0.593
3.597 0.585
4.199 0.602
4.82 0.621
5.45 0.63
6.066 0.616
6.699 0.633
7.357 0.658
8.028 0.671
8.704 0.676
9.379 0.675
10.053 0.674
10.691 0.638
11.298 0.607
11.908 0.61
12.494 0.586
13.084 0.59
13.667 0.583
14.245 0.578
14.842 0.597
15.487 0.645
16.135 0.648
16.811 0.676
17.476 0.665
18.132 0.656
18.77 0.638
19.406 0.636
20.026 0.62
20.67 0.644
21.326 0.656
21.975 0.649
22.615 0.64
23.23 0.615
23.828 0.598
24.431 0.603
25.068 0.637
25.779 0.711
26.566 0.787
27.355 0.789
28.152 0.797
28.912 0.76
29.658 0.746
30.404 0.746
31.139 0.735
31.874 0.735
32.584 0.71
33.245 0.661
33.881 0.636
34.513 0.632
35.181 0.668
35.878 0.697
36.616 0.738
37.411 0.795
38.238 0.827
39.022 0.784
39.749 0.727
40.474 0.725
41.188 0.714
41.91 0.722
42.653 0.743
43.369 0.716
44.101 0.732
44.851 0.75
45.616 0.765
46.394 0.778
47.144 0.75
47.876 0.732
48.604 0.728
49.341 0.737
50.084 0.743
50.79 0.706
51.484 0.694
52.181 0.697
52.881 0.7
53.6 0.719
54.299 0.699
55.004 0.705
55.712 0.708
56.43 0.718
57.164 0.734
57.831 0.667
58.457 0.626
59.067 0.61
59.69 0.623
60.33 0.64
60.979 0.649
61.637 0.658
62.287 0.65
62.901 0.614
63.512 0.611
64.144 0.632
64.785 0.641
65.428 0.643
66.075 0.647
66.706 0.631
67.343 0.637
68.028 0.685
68.774 0.746
69.55 0.776
70.335 0.785
71.094 0.759
71.85 0.756
72.576 0.726
73.271 0.695
73.938 0.667
74.576 0.638
75.201 0.625
75.846 0.645
76.537 0.691
77.302 0.765
78.128 0.826
78.953 0.825
79.768 0.815
80.571 0.803
81.339 0.768
82.047 0.708
82.705 0.658
83.318 0.613
83.91 0.592
84.511 0.601
85.159 0.648
85.827 0.668
86.551 0.724
87.307 0.756
88.098 0.791
88.928 0.83
89.755 0.827
90.56 0.805
91.322 0.762
92.028 0.706
92.699 0.671
93.342 0.643
93.95 0.608
94.547 0.597
95.128 0.581
95.719 0.591
96.378 0.659
97.078 0.7
97.762 0.684
98.488 0.726
99.249 0.761
100.039 0.79
100.853 0.814
101.654 0.801
102.422 0.768
103.145 0.723
103.834 0.689
104.508 0.674
105.163 0.655
105.808 0.645
106.438 0.63
107.05 0.612
107.671 0.621
108.33 0.659
109.0 0.67
109.686 0.686
110.4 0.714
111.088 0.688
111.748 0.66
112.375 0.627
113.0 0.625
113.646 0.646
114.348 0.702
115.091 0.743
115.87 0.779
116.611 0.741
117.301 0.69
117.961 0.66
118.605 0.644
119.24 0.635
119.875 0.635
120.548 0.673
121.266 0.718
122.011 0.745
122.718 0.707
123.4 0.682
124.085 0.685
124.794 0.709
125.529 0.735
126.288 0.759
126.995 0.707
127.675 0.68
128.344 0.669
129.015 0.671
129.705 0.69
130.421 0.716
131.161 0.74
131.888 0.727
132.599 0.711
133.292 0.693
134.003 0.711
134.737 0.734
135.523 0.786
136.301 0.778
137.045 0.744
137.758 0.713
138.455 0.697
139.162 0.707
139.879 0.717
140.62 0.741
141.333 0.713
142.042 0.709
142.758 0.716
143.494 0.736
144.246 0.752
144.998 0.752
145.708 0.71
146.397 0.689
147.09 0.693
147.784 0.694
148.475 0.691
149.168 0.693
149.872 0.704
150.605 0.733
151.369 0.764
152.131 0.762
152.85 0.719
153.544 0.694
154.24 0.696
154.935 0.695
155.639 0.704
156.381 0.742
157.098 0.717
157.783 0.685
158.456 0.673
159.13 0.674
159.821 0.691
160.468 0.647
161.09 0.622
161.7 0.61
162.31 0.61
162.937 0.627
163.609 0.672
164.343 0.734
165.129 0.786
165.914 0.785
166.658 0.744
167.378 0.72
168.093 0.715
168.794 0.701
169.482 0.688
170.141 0.659
170.812 0.671
171.496 0.684
172.218 0.722
172.982 0.764
173.704 0.722
174.411 0.707
175.12 0.709
175.835 0.715
176.562 0.727
177.285 0.723
177.962 0.677
178.638 0.676
179.315 0.677
180.007 0.692
180.74 0.733
181.51 0.77
182.28 0.77
183.028 0.748
183.748 0.72
184.423 0.675
185.075 0.652
185.716 0.641
186.361 0.645
187.015 0.654
187.664 0.649
188.303 0.639
188.921 0.618
189.549 0.628
190.195 0.646
190.841 0.646
191.509 0.668
192.198 0.689
192.91 0.712
193.626 0.716
194.354 0.728
195.064 0.71
195.75 0.686
196.428 0.678
197.1 0.672
197.781 0.681
198.468 0.687
199.145 0.677
199.811 0.666
200.471 0.66
201.126 0.655
201.752 0.626
202.365 0.613
202.984 0.619
203.587 0.603
204.177 0.59
204.762 0.585
205.354 0.592
205.945 0.591
206.552 0.607
207.176 0.624
207.805 0.629
208.432 0.627
209.061 0.629
209.686 0.625
210.33 0.644
210.97 0.64
211.59 0.62
212.205 0.615
212.82 0.615
213.456 0.636
214.12 0.664
214.789 0.669
215.478 0.689
216.163 0.685
216.811 0.648
217.45 0.639
218.086 0.636
218.727 0.641
219.376 0.649
220.043 0.667
220.692 0.649
221.34 0.648
222.004 0.664
222.684 0.68
223.402 0.718
224.13 0.728
224.849 0.719
225.51 0.661
226.158 0.648
226.778 0.62
227.379 0.601
227.984 0.605
228.602 0.618
229.245 0.643
229.895 0.65
230.601 0.706
231.318 0.717
232.076 0.758
232.846 0.77
233.621 0.775
234.373 0.752
235.076 0.703
235.764 0.688
236.432 0.668
237.106 0.674
237.769 0.663
238.439 0.67
239.131 0.692
239.902 0.771
240.738 0.836
241.529 0.791
242.327 0.798
243.119 0.792
243.849 0.73
244.563 0.714
245.26 0.697
245.944 0.684
246.622 0.678
247.262 0.64
247.886 0.624
248.516 0.63
249.147 0.631
249.826 0.679
250.478 0.652
251.103 0.625
251.765 0.662
252.451 0.686
253.216 0.765
254.016 0.8
254.84 0.824
255.643 0.803
256.376 0.733
257.107 0.731
257.816 0.709
258.524 0.708
259.266 0.742
259.987 0.721
260.716 0.729
261.496 0.78
262.3 0.804
263.123 0.823
263.909 0.786
264.649 0.74
265.392 0.743
266.132 0.74
266.858 0.726
267.552 0.694
268.222 0.67
268.895 0.673
269.584 0.689
270.331 0.747
271.123 0.792
271.914 0.791
272.66 0.746
273.423 0.763
274.184 0.761
274.949 0.765
275.686 0.737
276.374 0.688
277.057 0.683
277.738 0.681
278.441 0.703
279.16 0.719
279.868 0.708
280.551 0.683
281.246 0.695
281.942 0.696
282.67 0.728
283.447 0.777
284.212 0.765
284.961 0.749
285.712 0.751
286.45 0.738
287.166 0.716
287.847 0.681
288.534 0.687
289.21 0.676
289.897 0.687
290.598 0.701
291.293 0.695
291.947 0.654
292.588 0.641
293.236 0.648
293.909 0.673
294.612 0.703
295.307 0.695
295.978 0.671
296.614 0.636
297.231 0.617
297.852 0.621
298.471 0.619
299.081 0.61
299.697 0.616
300.316 0.619
300.927 0.611
301.534 0.607
302.146 0.612
302.741 0.595
303.335 0.594
303.921 0.586
304.492 0.571
305.062 0.57
305.635 0.573
306.215 0.58
306.8 0.585
307.381 0.581
307.955 0.574
308.526 0.571
309.088 0.562
309.642 0.554
310.192 0.55
310.739 0.547
311.308 0.569
311.938 0.63
312.662 0.724
313.349 0.687
314.091 0.742
314.811 0.72
315.524 0.713
316.213 0.689
316.933 0.72
317.658 0.725
318.408 0.75
319.147 0.739
319.844 0.697
320.522 0.678
321.182 0.66
321.844 0.662
322.505 0.661
323.173 0.668
323.851 0.678
324.533 0.682
325.202 0.669
325.855 0.653
326.514 0.659
327.194 0.68
327.978 0.784
328.795 0.817
329.596 0.801
330.297 0.701
330.95 0.653
331.585 0.635
332.202 0.617
332.824 0.622
333.498 0.674
334.285 0.787
335.169 0.884
336.05 0.881
336.905 0.855
337.696 0.791
338.452 0.756
339.171 0.719
339.855 0.684
340.499 0.644
341.112 0.613
341.72 0.608
342.303 0.583
342.925 0.622
343.524 0.599
344.113 0.589
344.712 0.599
345.332 0.62
345.967 0.635
346.61 0.643
347.258 0.648
347.925 0.667
348.611 0.686
349.297 0.686
349.977 0.68
350.649 0.672
351.294 0.645
351.922 0.628
352.545 0.623
353.161 0.616
353.787 0.626
354.418 0.631
355.038 0.62
355.65 0.612
356.271 0.621
356.905 0.634
357.593 0.688
358.366 0.773
359.194 0.828
360.042 0.848
360.877 0.835
361.684 0.807
362.394 0.71
363.079 0.685
363.738 0.659
364.389 0.651
365.067 0.678
365.788 0.721
366.575 0.787
367.391 0.816
368.163 0.772
368.941 0.778
369.718 0.777
370.506 0.788
371.273 0.767
371.993 0.72
372.673 0.68
373.356 0.683
374.03 0.674
374.77 0.74
375.575 0.805
376.349 0.774
377.067 0.718
377.767 0.7
378.44 0.673
379.093 0.653
379.721 0.628
380.342 0.621
380.953 0.611
381.55 0.597
382.131 0.581
382.723 0.592
383.408 0.685
384.084 0.676
384.729 0.645
385.412 0.683
386.152 0.74
386.908 0.756
387.671 0.763
388.4 0.729
389.097 0.697
389.778 0.681
390.44 0.662
391.104 0.664
391.741 0.637
392.373 0.632
393.014 0.641
393.745 0.731
394.495 0.75
395.291 0.796
396.082 0.791
396.865 0.783
397.611 0.746
398.334 0.723
399.032 0.698
399.715 0.683
400.383 0.668
401.039 0.656
401.659 0.62
402.258 0.599
402.856 0.598
403.466 0.61
404.131 0.665
404.881 0.75
405.694 0.813
406.52 0.826
407.344 0.824
408.136 0.792
408.874 0.738
409.611 0.737
410.312 0.701
410.972 0.66
411.617 0.645
412.255 0.638
412.876 0.621
413.508 0.632
414.131 0.623
414.756 0.625
415.396 0.64
416.058 0.662
416.772 0.714
417.524 0.752
418.239 0.715
418.949 0.71
419.649 0.7
420.368 0.719
421.074 0.706
421.772 0.698
422.481 0.709
423.202 0.721
423.971 0.769
424.733 0.762
425.464 0.731
426.142 0.678
426.783 0.641
427.408 0.625
427.994 0.586
428.605 0.611
429.269 0.664
430.031 0.762
430.827 0.796
431.596 0.769
432.357 0.761
433.115 0.758
433.882 0.767
434.63 0.748
435.4 0.77
436.194 0.794
436.994 0.8
437.773 0.779
438.566 0.793
439.369 0.803
440.137 0.768
440.864 0.727
441.551 0.687
442.217 0.666
442.898 0.681
443.597 0.699
444.296 0.699
445.014 0.718
445.753 0.739
446.457 0.704
447.117 0.66
447.762 0.645
448.388 0.626
449.035 0.647
449.736 0.701
450.488 0.752
451.27 0.782
452.051 0.781
452.741 0.69
453.443 0.702
454.134 0.691
454.828 0.694
455.524 0.696
456.198 0.674
456.869 0.671
457.53 0.661
458.2 0.67
458.913 0.713
459.628 0.715
460.339 0.711
461.014 0.675
461.664 0.65
462.294 0.63
462.92 0.626
463.522 0.602
464.14 0.618
464.744 0.604
465.374 0.63
466.033 0.659
466.73 0.697
467.475 0.745
468.209 0.734
468.955 0.746
469.687 0.732
470.406 0.719
471.124 0.718
471.824 0.7
472.483 0.659
473.146 0.663
473.806 0.66
474.484 0.678
475.172 0.688
475.852 0.68
476.538 0.686
477.199 0.661
477.844 0.645
478.471 0.627
479.104 0.633
479.72 0.616
480.311 0.591
480.887 0.576
481.448 0.561
481.999 0.551
482.553 0.554
483.11 0.557
483.745 0.635
484.441 0.696
485.195 0.754
485.907 0.712
486.596 0.689
487.267 0.671
487.825 0.558
488.603 0.778
489.327 0.724
490.039 0.712
490.765 0.726
491.486 0.721
492.188 0.702
492.877 0.689
493.548 0.671
494.205 0.657
494.851 0.646
495.479 0.628
496.089 0.61
496.701 0.612
497.314 0.613
497.946 0.632
498.579 0.633
499.215 0.636
499.836 0.621
500.447 0.611
501.026 0.579
501.61 0.584
502.191 0.581
502.804 0.613
503.438 0.634
504.098 0.66
504.777 0.679
505.519 0.742
506.3 0.781
507.092 0.792
507.877 0.785
508.635 0.758
509.315 0.68
509.989 0.674
510.621 0.632
511.248 0.627
511.878 0.63
512.518 0.64
513.167 0.649
513.832 0.665
514.489 0.657
515.141 0.652
515.787 0.646
516.426 0.639
517.032 0.606
517.643 0.611
518.263 0.62
518.909 0.646
519.606 0.697
520.315 0.709
521.033 0.718
521.735 0.702
522.387 0.652
523.017 0.63
523.634 0.617
524.236 0.602
524.84 0.604
525.472 0.632
526.111 0.639
526.768 0.657
527.419 0.651
528.056 0.637
528.703 0.647
529.347 0.644
530.01 0.663
530.677 0.667
531.359 0.682
532.021 0.662
532.663 0.642
533.298 0.635
533.929 0.631
534.555 0.626
535.17 0.615
535.78 0.61
536.389 0.609
537.013 0.624
537.629 0.616
538.238 0.609
538.836 0.598
539.421 0.585
539.984 0.563
540.556 0.572
541.123 0.567
541.717 0.594
542.341 0.624
543.012 0.671
543.695 0.683
544.389 0.694
545.075 0.686
545.774 0.699
546.459 0.685
547.109 0.65
547.738 0.629
548.345 0.607
548.964 0.619
549.586 0.622
550.228 0.642
550.886 0.658
551.533 0.647
552.158 0.625
552.769 0.611
553.38 0.611
553.994 0.614
554.629 0.635
555.281 0.652
555.942 0.661
556.587 0.645
557.225 0.638
557.844 0.619
558.432 0.588
559.007 0.575
559.571 0.564
560.123 0.552
560.666 0.543
561.218 0.552
561.788 0.57
562.378 0.59
562.967 0.589
563.555 0.588
564.147 0.592
564.738 0.591
565.325 0.587
565.909 0.584
566.485 0.576
567.07 0.585
567.672 0.602
568.258 0.586
568.863 0.605
569.458 0.595
570.06 0.602
570.688 0.628
571.328 0.64
571.97 0.642
572.607 0.637
573.202 0.595
573.815 0.613
574.41 0.595
575.008 0.598
575.599 0.591
576.199 0.6
576.788 0.589
577.42 0.632
578.068 0.648
578.737 0.669
579.384 0.647
580.034 0.65
580.674 0.64
581.339 0.665
581.809 0.47
582.58 0.771
583.203 0.623
583.83 0.627
584.455 0.625
585.07 0.615
585.672 0.602
586.283 0.611
586.91 0.627
587.54 0.63
588.177 0.637
588.798 0.621
589.448 0.65
590.073 0.625
590.714 0.641
591.364 0.65
592.035 0.671
592.71 0.675
593.358 0.648
594.028 0.67
594.697 0.669
595.39 0.693
596.079 0.689
596.752 0.673
597.42 0.668
598.082 0.662
598.732 0.65
599.384 0.652
600.003 0.619
600.631 0.628
601.226 0.595
601.825 0.599
602.467 0.642
603.128 0.661
603.81 0.682
604.501 0.691
604.81 0.309
605.188 0.378
605.854 0.666
606.502 0.648
606.811 0.309
607.124 0.313
607.715 0.591
608.312 0.597
608.919 0.607
609.523 0.604
609.816 0.293
610.194 0.378
610.852 0.658
611.571 0.719
612.321 0.75
613.083 0.762
613.818 0.735
614.55 0.732
615.246 0.696
615.816 0.57
616.501 0.685
616.814 0.313
617.118 0.304
617.722 0.604
618.359 0.637
619.044 0.685
619.747 0.703
620.499 0.752
621.251 0.752
621.999 0.748
622.755 0.756
623.485 0.73
624.195 0.71
624.887 0.692
625.571 0.684
626.199 0.628
626.855 0.656
627.506 0.651
627.816 0.31
628.218 0.402
628.955 0.737
629.709 0.754
630.452 0.743
631.187 0.735
631.818 0.631
632.586 0.768
633.274 0.688
633.962 0.688
634.617 0.655
635.296 0.679
635.955 0.659
636.621 0.666
637.278 0.657
637.915 0.637
638.526 0.611
638.818 0.292
639.134 0.316
639.767 0.633
640.415 0.648
641.116 0.701
641.829 0.713
642.579 0.75
643.31 0.731
644.081 0.771
644.84 0.759
645.595 0.755
646.337 0.742
646.817 0.48
647.766 0.949
648.446 0.68
649.116 0.67
649.753 0.637
650.393 0.64
651.017 0.624
651.677 0.66
652.373 0.696
653.064 0.691
653.763 0.699
654.468 0.705
655.177 0.709
655.883 0.706
656.585 0.702
657.277 0.692
657.954 0.677
658.603 0.649
659.243 0.64
659.816 0.573
660.519 0.703
660.817 0.298
661.178 0.361
661.83 0.652
662.499 0.669
662.814 0.315
663.138 0.324
663.774 0.636
664.392 0.618
664.819 0.427
665.643 0.824
666.293 0.65
666.82 0.527
667.636 0.816
668.315 0.679
668.985 0.67
669.679 0.694
670.377 0.698
671.075 0.698
671.763 0.688
672.449 0.686
673.096 0.647
673.741 0.645
674.373 0.632
674.821 0.448
675.714 0.893
676.37 0.656
677.034 0.664
677.688 0.654
678.518 0.83
678.82 0.302
679.244 0.424
679.82 0.576
680.62 0.8
681.317 0.697
682.029 0.712
682.756 0.727
683.465 0.709
684.13 0.665
684.8 0.67
685.47 0.67
686.19 0.72
686.954 0.764
687.743 0.789
688.525 0.782
688.822 0.297
689.299 0.477
690.078 0.779
690.848 0.77
691.61 0.762
692.349 0.739
693.065 0.716
693.76 0.695
694.42 0.66
694.819 0.399
695.684 0.865
696.333 0.649
697.002 0.669
697.696 0.694
698.383 0.687
698.819 0.436
699.705 0.886
700.36 0.655
700.995 0.635
701.644 0.649
702.276 0.632
702.903 0.627
703.531 0.628
704.159 0.628
704.823 0.664
705.525 0.702
705.82 0.295
706.265 0.445
707.032 0.767
707.806 0.774
708.504 0.698
708.815 0.311
709.216 0.401
709.82 0.604
710.553 0.733
711.181 0.628
711.792 0.611
712.379 0.587
712.978 0.599
713.617 0.639
714.278 0.661
714.927 0.649
715.566 0.639
716.191 0.625
716.815 0.624
717.49 0.675
718.193 0.703
718.925 0.732
719.638 0.713