0.000 0.801
0.801 0.801
1.587 0.786
2.32 0.733
3.052 0.732
3.807 0.755
4.58 0.773
5.387 0.807
6.138 0.751
6.82 0.682
7.486 0.666
8.141 0.655
8.802 0.661
9.502 0.7
10.202 0.7
10.885 0.683
11.576 0.691
12.274 0.698
12.961 0.687
13.648 0.687
14.31 0.662
14.965 0.655
15.617 0.652
16.278 0.661
16.977 0.699
17.807 0.83
18.736 0.929
19.634 0.898
20.498 0.864
21.288 0.79
22.05 0.762
22.81 0.76
23.561 0.751
24.356 0.795
25.18 0.824
25.99 0.81
26.751 0.761
27.518 0.767
28.357 0.839
29.381 1.024
30.427 1.046
31.42 0.993
32.27 0.85
33.022 0.752
33.772 0.75
34.536 0.764
35.314 0.778
36.175 0.861
37.183 1.008
38.21 1.027
39.17 0.96
40.082 0.912
40.904 0.822
41.631 0.727
42.316 0.685
42.985 0.669
43.67 0.685
44.447 0.777
45.267 0.82
46.303 1.036
47.184 0.881
47.953 0.769
48.72 0.767
49.513 0.793
50.405 0.892
51.393 0.988
52.279 0.886
53.041 0.762
53.777 0.736
54.525 0.748
55.347 0.822
56.212 0.865
57.088 0.876
57.979 0.891
58.862 0.883
59.65 0.788
60.411 0.761
61.167 0.756
61.93 0.763
62.735 0.805
63.553 0.818
64.336 0.783
65.063 0.727
65.76 0.697
66.461 0.701
67.205 0.744
68.137 0.932
69.17 1.033
70.148 0.978
71.034 0.886
71.892 0.858
72.852 0.96
73.847 0.995
74.773 0.926
75.659 0.886
76.434 0.775
77.168 0.734
77.911 0.743
78.665 0.754
79.438 0.773
80.219 0.781
80.986 0.767
81.786 0.8
82.729 0.943
83.707 0.978
84.604 0.897
85.422 0.818
86.284 0.862
87.19 0.906
88.09 0.9
88.917 0.827
89.667 0.75
90.409 0.742
91.176 0.767
92.056 0.88
92.933 0.877
93.729 0.796
94.589 0.86
95.511 0.922
96.422 0.911
97.228 0.806
97.984 0.756
98.746 0.762
99.513 0.767
100.273 0.76
100.988 0.715
101.685 0.697
102.38 0.695
103.109 0.729
103.956 0.847
104.895 0.939
105.854 0.959
106.732 0.878
107.51 0.778
108.305 0.795
109.088 0.783
109.809 0.721
110.495 0.686
111.152 0.657
111.786 0.634
112.411 0.625
113.042 0.631
113.681 0.639
114.334 0.653
115.002 0.668
115.71 0.708
116.456 0.746
117.208 0.752
117.938 0.73
118.657 0.719
119.352 0.695
120.033 0.681
120.699 0.666
121.351 0.652
121.995 0.644
122.637 0.642
123.279 0.642
123.918 0.639
124.541 0.623
125.161 0.62
125.774 0.613
126.379 0.605
126.974 0.595
127.564 0.59
128.156 0.592
128.763 0.607
129.393 0.63
130.043 0.65
130.753 0.71
131.592 0.839
132.487 0.895
133.352 0.865
134.197 0.845
135.058 0.861
135.872 0.814
136.603 0.731
137.296 0.693
138.005 0.709
138.765 0.76
139.589 0.824
140.386 0.797
141.134 0.748
141.847 0.713
142.596 0.749
143.407 0.811
144.297 0.89
145.149 0.852
145.913 0.764
146.632 0.719
147.336 0.704
148.05 0.714
148.843 0.793
149.747 0.904
150.661 0.914
151.491 0.83
152.27 0.779
152.995 0.725
153.699 0.704
154.402 0.703
155.144 0.742
155.923 0.779
156.703 0.78
157.505 0.802
158.341 0.836
159.174 0.833
159.961 0.787
160.732 0.771
161.506 0.774
162.28 0.774
163.085 0.805
163.926 0.841
164.738 0.812
165.48 0.742
166.209 0.729
166.985 0.776
167.828 0.843
168.743 0.915
169.681 0.938
170.546 0.865
171.299 0.753
172.012 0.713
172.73 0.718
173.479 0.749
174.222 0.743
174.924 0.702
175.581 0.657
176.24 0.659
176.902 0.662
177.604 0.702
178.301 0.697
178.979 0.678
179.637 0.658
180.278 0.641
180.899 0.621
181.505 0.606
182.09 0.585
182.671 0.581
183.241 0.57
183.808 0.567
184.376 0.568
184.939 0.563
185.493 0.554
186.041 0.548
186.585 0.544
187.125 0.54
187.665 0.54
188.202 0.537
188.733 0.531
189.257 0.524
189.775 0.518
190.299 0.524
190.824 0.525
191.344 0.52
191.866 0.522
192.389 0.523
192.929 0.54
193.523 0.594
194.213 0.69
195.049 0.836
195.911 0.862
196.808 0.897
197.769 0.961
198.809 1.04
199.892 1.083
200.995 1.103
202.031 1.036
203.066 1.035
204.08 1.014
205.064 0.984
205.997 0.933
206.973 0.976
207.909 0.936
208.715 0.806
209.516 0.801
210.643 1.127
211.618 0.975
212.48 0.862
213.288 0.808
214.08 0.792
215.043 0.963
215.976 0.933
216.867 0.891
217.654 0.787
218.41 0.756
219.171 0.761
219.961 0.79
220.707 0.746
221.506 0.799
222.287 0.781
223.095 0.808
223.938 0.843
224.914 0.976
225.774 0.86
226.569 0.795
227.308 0.739
227.999 0.691
228.686 0.687
229.383 0.697
230.112 0.729
230.92 0.808
231.87 0.95
232.816 0.946
233.696 0.88
234.48 0.784
235.203 0.723
235.907 0.704
236.626 0.719
237.343 0.717
238.079 0.736
238.8 0.721
239.535 0.735
240.345 0.81
241.14 0.795
241.894 0.754
242.651 0.757
243.421 0.77
244.21 0.789
245.045 0.835
245.832 0.787
246.59 0.758
247.347 0.757
248.115 0.768
248.95 0.835
249.784 0.834
250.634 0.85
251.415 0.781
252.201 0.786
253.024 0.823
253.83 0.806
254.626 0.796
255.367 0.741
256.116 0.749
256.848 0.732
257.553 0.705
258.242 0.689
258.929 0.687
259.635 0.706
260.365 0.73
261.074 0.709
261.783 0.709
262.488 0.705
263.2 0.712
263.945 0.745
264.696 0.751
265.426 0.73
266.127 0.701
266.829 0.702
267.527 0.698
268.23 0.703
268.935 0.705
269.634 0.699
270.314 0.68
270.98 0.666
271.639 0.659
272.283 0.644
272.914 0.631
273.534 0.62
274.159 0.625
274.82 0.661
275.536 0.716
276.264 0.728
276.987 0.723
277.745 0.758
278.557 0.812
279.361 0.804
280.128 0.767
280.884 0.756
281.661 0.777
282.45 0.789
283.251 0.801
283.997 0.746
284.737 0.74
285.495 0.758
286.309 0.814
287.139 0.83
287.932 0.793
288.723 0.791
289.506 0.783
290.315 0.809
291.154 0.839
291.97 0.816
292.785 0.815
293.564 0.779
294.307 0.743
295.048 0.741
295.827 0.779
296.602 0.775
297.355 0.753
298.098 0.743
298.825 0.727
299.547 0.722
300.275 0.728
300.996 0.721
301.701 0.705
302.386 0.685
303.066 0.68
303.74 0.674
304.415 0.675
305.103 0.688
305.784 0.681
306.458 0.674
307.129 0.671
307.805 0.676
308.485 0.68
309.155 0.67
309.82 0.665
310.48 0.66
311.141 0.661
311.797 0.656
312.45 0.653
313.101 0.651
313.739 0.638
314.365 0.626
314.985 0.62
315.598 0.613
316.214 0.616
316.848 0.634
317.521 0.673
318.233 0.712
318.967 0.734
319.706 0.739
320.498 0.792
321.285 0.787
322.018 0.733
322.749 0.731
323.5 0.751
324.289 0.789
325.144 0.855
325.931 0.787
326.683 0.752
327.444 0.761
328.246 0.802
329.07 0.824
329.886 0.816
330.693 0.807
331.551 0.858
332.439 0.888
333.284 0.845
334.058 0.774
334.804 0.746
335.568 0.764
336.411 0.843
337.203 0.792
337.968 0.765
338.779 0.811
339.686 0.907
340.528 0.842
341.339 0.811
342.16 0.821
342.993 0.833
343.76 0.767
344.514 0.754
345.324 0.81
346.197 0.873
347.05 0.853
347.814 0.764
348.567 0.753
349.349 0.782
350.143 0.794
350.942 0.799
351.728 0.786
352.484 0.756
353.203 0.719
353.91 0.707
354.597 0.687
355.271 0.674
355.949 0.678
356.637 0.688
357.31 0.673
357.967 0.657
358.634 0.667
359.345 0.711
360.09 0.745
360.856 0.766
361.655 0.799
362.466 0.811
363.264 0.798
364.061 0.797
364.831 0.77
365.541 0.71
366.23 0.689
366.905 0.675
367.586 0.681
368.295 0.709
368.994 0.699
369.675 0.681
370.343 0.668
371.004 0.661
371.666 0.662
372.361 0.695
373.111 0.75
373.877 0.766
374.624 0.747
375.347 0.723
376.067 0.72
376.829 0.762
377.627 0.798
378.463 0.836
379.289 0.826
380.098 0.809
380.885 0.787
381.624 0.739
382.348 0.724
383.115 0.767
383.92 0.805
384.72 0.8
385.484 0.764
386.258 0.774
387.07 0.812
387.869 0.799
388.691 0.822
389.502 0.811
390.32 0.818
391.15 0.83
391.95 0.8
392.832 0.882
393.702 0.87
394.535 0.833
395.321 0.786
396.085 0.764
396.832 0.747
397.571 0.739
398.325 0.754
399.189 0.864
400.04 0.851
400.847 0.807
401.635 0.788
402.421 0.786
403.215 0.794
403.993 0.778
404.781 0.788
405.556 0.775
406.349 0.793
407.167 0.818
407.97 0.803
408.767 0.797
409.541 0.774
410.292 0.751
411.024 0.732
411.77 0.746
412.526 0.756
413.269 0.743
414.019 0.75
414.78 0.761
415.63 0.85
416.477 0.847
417.29 0.813
418.068 0.778
418.82 0.752
419.601 0.781
420.389 0.788
421.168 0.779
421.926 0.758
422.667 0.741
423.426 0.759
424.219 0.793
424.986 0.767
425.733 0.747
426.477 0.744
427.215 0.738
427.932 0.717
428.642 0.71
429.341 0.699
430.049 0.708
430.753 0.704
431.458 0.705
432.173 0.715
432.897 0.724
433.607 0.71
434.316 0.709
435.043 0.727
435.782 0.739
436.498 0.716
437.199 0.701
437.895 0.696
438.588 0.693
439.294 0.706
439.989 0.695
440.688 0.699
441.412 0.724
442.141 0.729
442.861 0.72
443.566 0.705
444.254 0.688
444.94 0.686
445.623 0.683
446.3 0.677
446.977 0.677
447.648 0.671
448.32 0.672
448.963 0.643
449.613 0.65
450.258 0.645
450.891 0.633
451.519 0.628
452.134 0.615
452.746 0.612
453.336 0.59
453.918 0.582
454.508 0.59
455.094 0.586
455.673 0.579
456.254 0.581
456.838 0.584
457.42 0.582
457.999 0.579
458.576 0.577
459.157 0.581
459.742 0.585
460.336 0.594
460.964 0.628
461.646 0.682
462.409 0.763
463.181 0.772
463.915 0.734
464.642 0.727
465.365 0.723
466.081 0.716
466.829 0.748
467.688 0.859
468.611 0.923
469.525 0.914
470.359 0.834
471.141 0.782
471.973 0.832
472.859 0.886
473.719 0.86
474.532 0.813
475.346 0.814
476.313 0.967
477.35 1.037
478.337 0.987
479.21 0.873
480.023 0.813
480.841 0.818
481.751 0.91
482.789 1.038
483.799 1.01
484.732 0.933
485.579 0.847
486.429 0.85
487.523 1.094
488.557 1.034
489.501 0.944
490.4 0.899
491.421 1.021
492.408 0.987
493.3 0.892
494.297 0.997
495.263 0.966
496.059 0.796
496.819 0.76
497.564 0.745
498.309 0.745
499.088 0.779
499.94 0.852
500.793 0.853
501.548 0.755
502.265 0.717
502.968 0.703
503.693 0.725
504.514 0.821
505.38 0.866
506.198 0.818
507.008 0.81
507.807 0.799
508.733 0.926
509.593 0.86
510.407 0.814
511.172 0.765
511.93 0.758
512.787 0.857
513.857 1.07
514.892 1.035
515.841 0.949
516.713 0.872
517.535 0.822
518.415 0.88
519.364 0.949
520.33 0.966
521.169 0.839
521.954 0.785
522.768 0.814
523.62 0.852
524.513 0.893
525.346 0.833
526.17 0.824
526.993 0.823
527.901 0.908
528.869 0.968
529.754 0.885
530.568 0.814
531.333 0.765
532.082 0.749
532.824 0.742
533.564 0.74
534.309 0.745
535.068 0.759
535.881 0.813
536.723 0.842
537.514 0.791
538.263 0.749
538.995 0.732
539.713 0.718
540.421 0.708
541.17 0.749
541.936 0.766
542.698 0.762
543.409 0.711
544.111 0.702
544.813 0.702
545.504 0.691
546.197 0.693
546.896 0.699
547.585 0.689
548.286 0.701
548.985 0.699
549.687 0.702
550.421 0.734
551.193 0.772
551.954 0.761
552.71 0.756
553.448 0.738
554.179 0.731
554.899 0.72
555.635 0.736
556.342 0.707
557.042 0.7
557.726 0.684
558.427 0.701
559.186 0.759
560.024 0.838
560.826 0.802
561.57 0.744
562.307 0.737
563.034 0.727
563.793 0.759
564.538 0.745
565.282 0.744
565.999 0.717
566.704 0.705
567.417 0.713
568.151 0.734
568.909 0.758
569.69 0.781
570.469 0.779
571.252 0.783
572.041 0.789
572.876 0.835
573.665 0.789
574.424 0.759
575.161 0.737
575.86 0.699
576.535 0.675
577.219 0.684
577.918 0.699
578.63 0.712
579.351 0.721
580.066 0.715
580.817 0.751
581.572 0.755
582.312 0.74
583.072 0.76
583.852 0.78
584.651 0.799
585.478 0.827
586.28 0.802
587.017 0.737
587.76 0.743
588.516 0.756
589.331 0.815
590.108 0.777
590.845 0.737
591.565 0.72
592.278 0.713
593.025 0.747
593.828 0.803
594.639 0.811
595.424 0.785
596.18 0.756
596.943 0.763
597.709 0.766
598.483 0.774
599.276 0.793
600.057 0.781