0.000 0.666
0.666 0.666
1.666 1.0
1.964 0.298
2.552 0.588
3.412 0.86
4.277 0.865
5.085 0.808
5.942 0.857
6.845 0.903
7.673 0.828
8.567 0.894
9.458 0.891
10.256 0.798
11.071 0.815
11.883 0.812
17.999 0.792
18.752 0.753
19.462 0.71
20.179 0.717
20.878 0.699
21.572 0.694
22.243 0.671
23.11 0.867
23.951 0.841
24.692 0.741
25.494 0.802
26.278 0.784
27.122 0.844
27.925 0.803
28.754 0.829
29.598 0.844
30.491 0.893
31.37 0.879
32.186 0.816
33.053 0.867
33.97 0.917
34.938 0.968
35.843 0.905
36.77 0.927
37.789 1.019
38.786 0.997
39.756 0.97
40.579 0.823
41.441 0.862
42.347 0.906
43.183 0.836
44.099 0.916
45.021 0.922
45.845 0.824
46.672 0.827
47.584 0.912
48.48 0.896
49.315 0.835
50.091 0.776
50.796 0.705
51.512 0.716
52.327 0.815
53.243 0.916
54.302 1.059
55.295 0.993
56.24 0.945
57.165 0.925
58.048 0.883
58.863 0.815
59.687 0.824
60.583 0.896
61.487 0.904
62.333 0.846
63.226 0.893
64.211 0.985
65.147 0.936
65.978 0.831
66.875 0.897
67.779 0.904
68.616 0.837
69.43 0.814
70.299 0.869
71.189 0.89
72.086 0.897
72.893 0.807
73.776 0.883
74.655 0.879
75.408 0.753
76.196 0.788
76.967 0.771
77.679 0.712
78.378 0.699
79.07 0.692
79.776 0.706
80.451 0.675
81.135 0.684
81.828 0.693
82.504 0.676
83.176 0.672
83.86 0.684
84.557 0.697
85.259 0.702
85.937 0.678
86.619 0.682
87.341 0.722
88.155 0.814
88.986 0.831
89.246 0.26
89.753 0.507
90.509 0.756
91.312 0.803
92.179 0.867
93.079 0.9
93.907 0.828
94.753 0.846
95.657 0.904
96.566 0.909
97.391 0.825
98.219 0.828
99.085 0.866
99.91 0.825
100.701 0.791
101.528 0.827
102.411 0.883
103.296 0.885
104.121 0.825
104.923 0.802
105.78 0.857
106.635 0.855
107.418 0.783
108.241 0.823
109.096 0.855
109.924 0.828
110.705 0.781
111.517 0.812
112.347 0.83
113.15 0.803
113.93 0.78
114.756 0.826
115.606 0.85
116.38 0.774
117.15 0.77
117.969 0.819
118.756 0.787
119.511 0.755
120.26 0.749
121.004 0.744
121.715 0.711
122.448 0.733
123.234 0.786
124.038 0.804
124.806 0.768
125.599 0.793
126.441 0.842
127.247 0.806
127.996 0.749
128.803 0.807
129.625 0.822
130.399 0.774
131.182 0.783
132.008 0.826
132.846 0.838
133.628 0.782
134.431 0.803
135.245 0.814
136.086 0.841
136.894 0.808
137.697 0.803
138.447 0.75
139.215 0.768
139.999 0.784
140.808 0.809
141.638 0.83
142.425 0.787
143.235 0.81
144.067 0.832
144.902 0.835
145.672 0.77
146.472 0.8
147.251 0.779
148.137 0.886
148.94 0.803
149.706 0.766
150.535 0.829
151.389 0.854
152.244 0.855
153.07 0.826
153.843 0.773
154.638 0.795
155.438 0.8
156.26 0.822
157.045 0.785
157.809 0.764
158.574 0.765
159.344 0.77
160.1 0.756
160.874 0.774
161.661 0.787
162.449 0.788
163.202 0.753
163.938 0.736
164.687 0.749
165.446 0.759
166.211 0.765
166.936 0.725
167.629 0.693
168.303 0.674
168.965 0.662
169.62 0.655
170.267 0.647
170.922 0.655
171.577 0.655
172.266 0.689
173.003 0.737
173.854 0.851
174.669 0.815
175.487 0.818
176.325 0.838
177.192 0.867
178.027 0.835
178.794 0.767
179.577 0.783
180.396 0.819
181.248 0.852
182.085 0.837
182.884 0.799
183.761 0.877
184.706 0.945
185.558 0.852
186.431 0.873
187.362 0.931
188.29 0.928
189.129 0.839
189.979 0.85
190.859 0.88
191.685 0.826
192.51 0.825
193.428 0.918
194.337 0.909
195.18 0.843
196.117 0.937
197.106 0.989
198.015 0.909
198.881 0.866
199.786 0.905
200.706 0.92
201.572 0.866
202.419 0.847
203.329 0.91
204.278 0.949
205.121 0.843
205.943 0.822
206.792 0.849
207.696 0.904
208.52 0.824
209.347 0.827
210.251 0.904
211.168 0.917
211.996 0.828
212.835 0.839
213.699 0.864
214.568 0.869
215.437 0.869
216.243 0.806
217.106 0.863
217.99 0.884
218.802 0.812
219.669 0.867
220.557 0.888
221.44 0.883
222.279 0.839
223.1 0.821
223.966 0.866
224.861 0.895
225.706 0.845
226.523 0.817
227.406 0.883
228.342 0.936
229.221 0.879
230.057 0.836
230.935 0.878
231.852 0.917
232.703 0.851
233.533 0.83
234.414 0.881
235.277 0.863
236.112 0.835
237.043 0.931
238.039 0.996
238.952 0.913
239.809 0.857
240.651 0.842
241.471 0.82
242.271 0.8
243.099 0.828
243.944 0.845
244.801 0.857
245.591 0.79
246.345 0.754
247.074 0.729
247.82 0.746
248.623 0.803
249.524 0.901
250.421 0.897
251.269 0.848
252.148 0.879
253.017 0.869
253.804 0.787
254.61 0.806
255.442 0.832
256.322 0.88
257.162 0.84
258.051 0.889
258.994 0.943
259.9 0.906
260.788 0.888
261.731 0.943
262.658 0.927
263.477 0.819
264.312 0.835
265.189 0.877
266.057 0.868
266.859 0.802
267.738 0.879
268.631 0.893
269.496 0.865
270.333 0.837
271.212 0.879
272.089 0.877
272.909 0.82
273.736 0.827
274.578 0.842
275.357 0.779
276.201 0.844
277.044 0.843
277.821 0.777
278.641 0.82
279.462 0.821
280.277 0.815
281.046 0.769
281.837 0.791
282.656 0.819
283.497 0.841
284.29 0.793
285.085 0.795
285.904 0.819
286.708 0.804
287.501 0.793
288.342 0.841
289.195 0.853
290.003 0.808
290.828 0.825
291.72 0.892
292.623 0.903
293.456 0.833
294.311 0.855
295.194 0.883
296.049 0.855
296.826 0.777
297.637 0.811
298.442 0.805
299.263 0.821
300.02 0.757
300.742 0.722
301.474 0.732
302.322 0.848
303.136 0.814
304.024 0.888
304.98 0.956
305.892 0.912
306.677 0.785
307.527 0.85
308.366 0.839
309.172 0.806
309.923 0.751
310.726 0.803
311.56 0.834
312.389 0.829
313.177 0.788
314.029 0.852
314.919 0.89
315.746 0.827
316.586 0.84
317.401 0.815
318.193 0.792
318.94 0.747
319.717 0.777
320.481 0.764
321.214 0.733
321.968 0.754
322.794 0.826
323.704 0.91
324.535 0.831
325.378 0.843
326.226 0.848
327.038 0.812
327.831 0.793
328.57 0.739
329.348 0.778
330.11 0.762
330.854 0.744
331.586 0.732
332.347 0.761
333.164 0.817
334.014 0.85
334.794 0.78
335.555 0.761
336.273 0.718
336.962 0.689
337.649 0.687
338.367 0.718
339.079 0.712
339.829 0.75
340.674 0.845
341.588 0.914
342.414 0.826
343.221 0.807
344.043 0.822
344.885 0.842
345.653 0.768
346.439 0.786
347.3 0.861
348.245 0.945
349.187 0.942
350.107 0.92
351.032 0.925
351.892 0.86
352.728 0.836
353.571 0.843
354.328 0.757
355.11 0.782
356.028 0.918
356.926 0.898
357.74 0.814
358.639 0.899
359.503 0.864
360.359 0.856
361.145 0.786
361.973 0.828
362.822 0.849
363.687 0.865
364.57 0.883
365.385 0.815
366.165 0.78
366.912 0.747
367.64 0.728
368.35 0.71
369.036 0.686
369.738 0.702
370.469 0.731
371.27 0.801
372.123 0.853
372.924 0.801
373.725 0.801
374.571 0.846
375.428 0.857
376.256 0.828
377.094 0.838
377.952 0.858
378.784 0.832
379.524 0.74
380.234 0.71
380.972 0.738
381.788 0.816
382.655 0.867
383.488 0.833
384.324 0.836
385.178 0.854
386.007 0.829
386.748 0.741
387.478 0.73
388.196 0.718
388.904 0.708
389.588 0.684
390.315 0.727
391.07 0.755
391.835 0.765
392.565 0.73
393.259 0.694
393.927 0.668
394.601 0.674
395.286 0.685
395.989 0.703
396.702 0.713
397.447 0.745
398.216 0.769
398.939 0.723
399.653 0.714
400.41 0.757
401.252 0.842
402.064 0.812
402.822 0.758
403.584 0.762
404.405 0.821
405.283 0.878
406.167 0.884
406.978 0.811
407.79 0.812
408.643 0.853
409.506 0.863
410.299 0.793
411.06 0.761
411.828 0.768
412.652 0.824
413.503 0.851
414.321 0.818
415.245 0.924
416.286 1.041
417.265 0.979
418.18 0.915
419.135 0.955
420.074 0.939
420.985 0.911
421.815 0.83
422.671 0.856
423.596 0.925
424.485 0.889
425.306 0.821
426.208 0.902
427.126 0.918
427.957 0.831
428.77 0.813
429.619 0.849
430.472 0.853
431.253 0.781
432.071 0.818
432.919 0.848
433.76 0.841
434.563 0.803
435.441 0.878
436.336 0.895
437.151 0.815
438.01 0.859
438.88 0.87
439.7 0.82
440.518 0.818
441.375 0.857
442.273 0.898
443.113 0.84
443.96 0.847
444.886 0.926
445.815 0.929
446.662 0.847
447.503 0.841
448.388 0.885
449.283 0.895
450.1 0.817
450.922 0.822
451.805 0.883
452.688 0.883
453.522 0.834
454.402 0.88
455.327 0.925
456.245 0.918
457.078 0.833
457.922 0.844
458.775 0.853
459.653 0.878
460.467 0.814
461.32 0.853
462.21 0.89
463.091 0.881
463.907 0.816
464.741 0.834
465.595 0.854
466.41 0.815
467.175 0.765
467.99 0.815
468.985 0.995
469.887 0.902
470.762 0.875
471.676 0.914
472.628 0.952
473.468 0.84
474.252 0.784
475.023 0.771
475.776 0.753
476.487 0.711
477.188 0.701
477.932 0.744
478.832 0.9
479.818 0.986
480.737 0.919
481.556 0.819
482.405 0.849
483.277 0.872
484.141 0.864
484.941 0.8
485.753 0.812
486.618 0.865
487.47 0.852
488.273 0.803
489.122 0.849
490.021 0.899
490.888 0.867
491.694 0.806
492.537 0.843
493.391 0.854
494.201 0.81
495.032 0.831
495.915 0.883
496.8 0.885
497.606 0.806
498.446 0.84
499.312 0.866
500.209 0.897
501.047 0.838
501.968 0.921
502.902 0.934
503.81 0.908
504.633 0.823
505.495 0.862
506.39 0.895
507.262 0.872
508.086 0.824
508.969 0.883
510.01 1.041
510.928 0.918
511.8 0.872
512.688 0.888
513.604 0.916
514.455 0.851
515.244 0.789
516.07 0.826
516.912 0.842
517.727 0.815
518.552 0.825
519.408 0.856
520.255 0.847
521.048 0.793
521.869 0.821
522.717 0.848
523.543 0.826
524.313 0.77
525.14 0.827
525.977 0.837
526.764 0.787
527.485 0.721
528.243 0.758
529.014 0.771
529.831 0.817
530.708 0.877
531.542 0.834
532.403 0.861
533.284 0.881
534.121 0.837
534.966 0.845
535.793 0.827
536.589 0.796
537.365 0.776
538.086 0.721
538.769 0.683
539.444 0.675
540.134 0.69
540.844 0.71
541.589 0.745
542.424 0.835
543.395 0.971
544.306 0.911
545.235 0.929
546.14 0.905
546.992 0.852
547.877 0.885
548.762 0.885
549.547 0.785
550.393 0.846
551.198 0.805
552.076 0.878
552.996 0.92
553.94 0.944
554.838 0.898
555.668 0.83
556.537 0.869
557.409 0.872
558.33 0.921
559.193 0.863
559.974 0.781
560.768 0.794
561.649 0.881
562.604 0.955
563.488 0.884
564.253 0.765
565.02 0.767
565.79 0.77
566.573 0.783
567.43 0.857
568.389 0.959
569.253 0.864
570.088 0.835
570.952 0.864
571.784 0.832
572.594 0.81
573.436 0.842
574.329 0.893
575.16 0.831
576.008 0.848
576.907 0.899
577.813 0.906
578.707 0.894
579.589 0.882
580.473 0.884
581.247 0.774
582.056 0.809
582.901 0.845
583.776 0.875
584.597 0.821
585.445 0.848
586.347 0.902
587.274 0.927
588.103 0.829
588.967 0.864
589.872 0.905
590.759 0.887
591.563 0.804
592.424 0.861
593.237 0.813
594.068 0.831
594.908 0.84
595.77 0.862
596.576 0.806
597.384 0.808
598.25 0.866
599.151 0.901
600.001 0.85
600.819 0.818
601.678 0.859
602.581 0.903
603.418 0.837
604.295 0.877
605.183 0.888
606.032 0.849
606.911 0.879
607.835 0.924
608.73 0.895
609.559 0.829
610.442 0.883