0.000 0.825
0.825 0.825
1.708 0.883
2.561 0.853
3.348 0.787
4.202 0.854
4.99 0.788
5.773 0.783
6.541 0.768
7.284 0.743
7.964 0.68
8.634 0.67
9.26 0.626
9.883 0.623
10.497 0.614
11.153 0.656
11.771 0.618
12.367 0.596
12.956 0.589
13.558 0.602
14.157 0.599
14.774 0.617
15.409 0.635
16.016 0.607
16.619 0.603
17.242 0.623
17.869 0.627
18.511 0.642
19.135 0.624
19.787 0.652
20.491 0.704
21.259 0.768
22.011 0.752
22.75 0.739
23.527 0.777
24.323 0.796
25.087 0.764
25.761 0.674
26.448 0.687
27.136 0.688
27.828 0.692
28.529 0.701
29.182 0.653
29.845 0.663
30.502 0.657
31.159 0.657
31.818 0.659
32.49 0.672
33.188 0.698
33.856 0.668
34.569 0.713
35.339 0.77
36.067 0.728
36.814 0.747
37.583 0.769
38.346 0.763
39.063 0.717
39.771 0.708
40.476 0.705
41.203 0.727
41.929 0.726
42.601 0.672
43.242 0.641
43.867 0.625
44.534 0.667
45.243 0.709
46.047 0.804
46.953 0.906
47.87 0.917
48.758 0.888
49.594 0.836
50.36 0.766
51.1 0.74
51.819 0.719
52.535 0.716
53.259 0.724
54.053 0.794
54.997 0.944
55.95 0.953
56.814 0.864
57.618 0.804
58.462 0.844
59.301 0.839
60.043 0.742
60.76 0.717
61.476 0.716
62.175 0.699
62.889 0.714
63.678 0.789
64.605 0.927
65.409 0.804
66.214 0.805
67.0 0.786
67.7 0.7
68.392 0.692
69.107 0.715
69.986 0.879
70.812 0.826
71.959 1.147
73.027 1.068
73.997 0.97
74.785 0.788
75.587 0.802
76.405 0.818
77.228 0.823
78.116 0.888
79.017 0.901
79.818 0.801
80.787 0.969
81.8 1.013
82.71 0.91
83.519 0.809
84.402 0.883
85.502 1.1
86.378 0.876
87.242 0.864
88.252 1.01
89.287 1.035
90.182 0.895
91.223 1.041
92.144 0.921
93.055 0.911
94.206 1.151
95.094 0.888
95.904 0.81
96.744 0.84
97.502 0.758
98.371 0.869
99.542 1.171
100.557 1.015
101.341 0.784
102.151 0.81
103.009 0.858
103.847 0.838
104.582 0.735
105.297 0.715
106.019 0.722
106.736 0.717
107.488 0.752
108.635 1.147
109.619 0.984
110.519 0.9
111.352 0.833
112.106 0.754
112.816 0.71
113.549 0.733
114.302 0.753
115.093 0.791
115.943 0.85
116.707 0.764
117.511 0.804
118.401 0.89
119.271 0.87
120.066 0.795
120.84 0.774
121.626 0.786
122.416 0.79
123.148 0.732
123.864 0.716
124.586 0.722
125.285 0.699
125.957 0.672
126.612 0.655
127.24 0.628
127.892 0.652
128.549 0.657
129.255 0.706
129.944 0.689
130.592 0.648
131.225 0.633
131.835 0.61
132.44 0.605
133.057 0.617
133.701 0.644
134.326 0.625
134.934 0.608
135.536 0.602
136.123 0.587
136.701 0.578
137.278 0.577
137.858 0.58
138.47 0.612
139.128 0.658
139.8 0.672
140.455 0.655
141.066 0.611
141.685 0.619
142.312 0.627
142.93 0.618
143.553 0.623
144.187 0.634
144.85 0.663
145.535 0.685
146.205 0.67
146.838 0.633
147.47 0.632
148.126 0.656
148.843 0.717
149.613 0.77
150.327 0.714
151.069 0.742
151.801 0.732
152.507 0.706
153.171 0.664
153.835 0.664
154.483 0.648
155.117 0.634
155.776 0.659
156.476 0.7
157.138 0.662
157.818 0.68
158.54 0.722
159.304 0.764
160.03 0.726
160.794 0.764
161.613 0.819
162.43 0.817
163.171 0.741
163.887 0.716
164.656 0.769
165.483 0.827
166.288 0.805
167.074 0.786
167.957 0.883
168.818 0.861
169.614 0.796
170.441 0.827
171.335 0.894
172.181 0.846
172.938 0.757
173.691 0.753
174.49 0.799
175.38 0.89
176.157 0.777
176.938 0.781
177.789 0.851
178.709 0.92
179.48 0.771
180.321 0.841
181.194 0.873
182.014 0.82
182.749 0.735
183.536 0.787
184.443 0.907
185.345 0.902
186.199 0.854
187.052 0.853
187.903 0.851
188.694 0.791
189.445 0.751
190.213 0.768
191.067 0.854
191.932 0.865
192.709 0.777
193.566 0.857
194.475 0.909
195.339 0.864
196.128 0.789
196.986 0.858
197.861 0.875
198.719 0.858
199.496 0.777
200.337 0.841
201.155 0.818
201.882 0.727
202.589 0.707
203.303 0.714
204.02 0.717
204.742 0.722
205.47 0.728
206.179 0.709
206.867 0.688
207.52 0.653
208.179 0.659
208.855 0.676
209.582 0.727
210.28 0.698
211.03 0.75
211.853 0.823
212.639 0.786
213.357 0.718
214.071 0.714
214.832 0.761
215.596 0.764
216.322 0.726
217.088 0.766
217.855 0.767
218.562 0.707
219.261 0.699
219.962 0.701
220.674 0.712
221.435 0.761
222.169 0.734
222.87 0.701
223.532 0.662
224.187 0.655
224.831 0.644
225.455 0.624
226.1 0.645
226.761 0.661
227.51 0.749
228.282 0.772
229.098 0.816
229.84 0.742
230.575 0.735
231.281 0.706
231.953 0.672
232.613 0.66
233.273 0.66
233.944 0.671
234.642 0.698
235.359 0.717
236.059 0.7
236.754 0.695
237.433 0.679
238.102 0.669
238.747 0.645
239.378 0.631
240.032 0.654
240.777 0.745
241.735 0.958
242.628 0.893
243.423 0.795
244.231 0.808
245.039 0.808
245.862 0.823
246.652 0.79
247.451 0.799
248.188 0.737
248.942 0.754
249.716 0.774
250.504 0.788
251.291 0.787
252.095 0.804
252.909 0.814
253.776 0.867
254.523 0.747
255.254 0.731
256.009 0.755
256.723 0.714
257.465 0.742
258.23 0.765
258.929 0.699
259.653 0.724
260.402 0.749
261.104 0.702
261.805 0.701
262.481 0.676
263.147 0.666
263.826 0.679
264.528 0.702
265.267 0.739
266.027 0.76
266.715 0.688
267.415 0.7
268.13 0.715
268.848 0.718
269.57 0.722
270.251 0.681
270.93 0.679
271.596 0.666
272.274 0.678
272.981 0.707
273.694 0.713
274.375 0.681
275.056 0.681
275.764 0.708
276.497 0.733
277.216 0.719
277.885 0.669
278.564 0.679
279.267 0.703
280.019 0.752
280.709 0.69
281.437 0.728
282.186 0.749
282.889 0.703
283.6 0.711
284.333 0.733
285.106 0.773
285.857 0.751
286.576 0.719
287.274 0.698
287.937 0.663
288.607 0.67
289.292 0.685
290.04 0.748
290.763 0.723
291.464 0.701
292.226 0.762
293.038 0.812
293.768 0.73
294.511 0.743
295.214 0.703
295.878 0.664
296.548 0.67
297.25 0.702
297.957 0.707
298.64 0.683
299.347 0.707
300.078 0.731
300.869 0.791
301.671 0.802
302.391 0.72
303.066 0.675
303.717 0.651
304.422 0.705
305.18 0.758
306.014 0.834
306.881 0.867
307.71 0.829
308.499 0.789
309.241 0.742
309.925 0.684
310.596 0.671
311.265 0.669
311.942 0.677
312.62 0.678
313.389 0.769
314.564 1.175
315.54 0.976
316.355 0.815
317.17 0.815
317.97 0.8
318.754 0.784
319.498 0.744
320.21 0.712
320.913 0.703
321.624 0.711
322.336 0.712
323.039 0.703
323.741 0.702
324.443 0.702
325.145 0.702
325.866 0.721
326.62 0.754
327.37 0.75
328.104 0.734
328.823 0.719
329.507 0.684
330.174 0.667
330.859 0.685
331.573 0.714
332.378 0.805
333.275 0.897
334.114 0.839
334.916 0.802
335.65 0.734
336.364 0.714
337.044 0.68
337.721 0.677
338.405 0.684
339.137 0.732
339.943 0.806
340.798 0.855
341.594 0.796
342.492 0.898
343.366 0.874
344.151 0.785
344.989 0.838
345.832 0.843
346.601 0.769
347.424 0.823
348.251 0.827
348.987 0.736
349.73 0.743
350.437 0.707
351.129 0.692
351.866 0.737
352.657 0.791
353.389 0.732
354.141 0.752
354.925 0.784
355.74 0.815
356.484 0.744
357.227 0.743
358.004 0.777
358.772 0.768
359.503 0.731
360.257 0.754
361.051 0.794
361.808 0.757
362.547 0.739
363.335 0.788
364.069 0.734
364.791 0.722
365.512 0.721
366.245 0.733
366.997 0.752
367.706 0.709
368.439 0.733
369.139 0.7
369.853 0.714
370.59 0.737
371.343 0.753
372.091 0.748
372.837 0.746
373.554 0.717
374.236 0.682
374.934 0.698
375.669 0.735
376.438 0.769
377.223 0.785
378.071 0.848
378.922 0.851
379.718 0.796
380.527 0.809
381.338 0.811
382.209 0.871
383.019 0.81
383.784 0.765
384.505 0.721
385.213 0.708
385.973 0.76
386.951 0.978
387.741 0.79
388.613 0.872
389.443 0.83
390.192 0.749
390.97 0.778
391.813 0.843
392.664 0.851
393.526 0.862
394.358 0.832
395.127 0.769
395.854 0.727
396.584 0.73
397.351 0.767
398.209 0.858
399.098 0.889
399.994 0.896
400.832 0.838
401.615 0.783
402.363 0.748
403.074 0.711
403.817 0.743
404.577 0.76
405.341 0.764
406.149 0.808
407.031 0.882
407.903 0.872
408.695 0.792
409.56 0.865
410.412 0.852
411.229 0.817
411.987 0.758
412.803 0.816
413.679 0.876
414.612 0.933
415.435 0.823
416.303 0.868
417.126 0.823
417.94 0.814
418.718 0.778
419.482 0.764
420.269 0.787
421.054 0.785
421.789 0.735
422.54 0.751
423.316 0.776
424.12 0.804
424.953 0.833
425.69 0.737
426.403 0.713
427.101 0.698
427.814 0.713
428.515 0.701
429.206 0.691
429.876 0.67
430.531 0.655
431.171 0.64
431.802 0.631
432.432 0.63
433.086 0.654
433.743 0.657
434.378 0.635
435.019 0.641
435.69 0.671
436.388 0.698
437.121 0.733
437.844 0.723
438.598 0.754
439.401 0.803
440.234 0.833
441.01 0.776
441.746 0.736
442.437 0.691
443.107 0.67
443.761 0.654
444.418 0.657
445.08 0.662
445.751 0.671
446.4 0.649
447.057 0.657
447.739 0.682
448.46 0.721
449.23 0.77
449.965 0.735
450.651 0.686
451.333 0.682
452.027 0.694
452.73 0.703
453.447 0.717
454.191 0.744
454.969 0.778
455.756 0.787
456.559 0.803
457.293 0.734
458.003 0.71
458.739 0.736
459.567 0.828
460.401 0.834
461.218 0.817
462.127 0.909
463.075 0.948
463.838 0.763
464.591 0.753
465.309 0.718
466.004 0.695
466.679 0.675
467.366 0.687
468.101 0.735
468.954 0.853
469.804 0.85
470.587 0.783
471.424 0.837
472.255 0.831
473.05 0.795
473.761 0.711
474.436 0.675
475.137 0.701
475.848 0.711
476.594 0.746
477.407 0.813
478.263 0.856
479.042 0.779
479.804 0.762
480.61 0.806
481.432 0.822
482.305 0.873
483.104 0.799
483.9 0.796
484.817 0.917
485.687 0.87
486.433 0.746
487.216 0.783
488.015 0.799
488.853 0.838
489.663 0.81
490.384 0.721
491.11 0.726
491.882 0.772
492.685 0.803
493.461 0.776
494.25 0.789
494.988 0.738
495.68 0.692
496.344 0.664
496.996 0.652
497.657 0.661
498.496 0.839
499.289 0.793
500.005 0.716
500.677 0.672
501.33 0.653
501.994 0.664
502.724 0.73
503.538 0.814
504.38 0.842
505.177 0.797
505.943 0.766
506.684 0.741
507.41 0.726
508.085 0.675
508.732 0.647
509.375 0.643
510.055 0.68
510.796 0.741
511.523 0.727
512.334 0.811
513.151 0.817
513.908 0.757
514.594 0.686
515.346 0.752
516.265 0.919
517.025 0.76
517.838 0.813
518.786 0.948
519.723 0.937
520.621 0.898
521.45 0.829
522.217 0.767
522.983 0.766
523.809 0.826
524.665 0.856
525.501 0.836
526.322 0.821
527.191 0.869
528.01 0.819
528.799 0.789
529.543 0.744
530.267 0.724
530.993 0.726
531.733 0.74
532.472 0.739
533.193 0.721
533.93 0.737
534.69 0.76
535.496 0.806
536.281 0.785
537.029 0.748
537.764 0.735
538.468 0.704
539.177 0.709
539.891 0.714
540.614 0.723
541.354 0.74
542.076 0.722
542.812 0.736
543.568 0.756
544.331 0.763
545.082 0.751
545.801 0.719
546.536 0.735
547.28 0.744
548.03 0.75
548.752 0.722
549.511 0.759
550.304 0.793
551.159 0.855
551.965 0.806
552.784 0.819
553.645 0.861
554.484 0.839
555.277 0.793
556.002 0.725
556.734 0.732
557.486 0.752
558.263 0.777
559.012 0.749
559.836 0.824
560.791 0.955
561.74 0.949
562.564 0.824
563.395 0.831
564.215 0.82
565.008 0.793
565.849 0.841
566.592 0.743
567.329 0.737
568.151 0.822
569.038 0.887
569.917 0.879
570.741 0.824
571.498 0.757
572.232 0.734
572.93 0.698
573.625 0.695
574.344 0.719
575.078 0.734
575.79 0.712
576.513 0.723
577.283 0.77
578.096 0.813
578.875 0.779
579.602 0.727
580.346 0.744
581.157 0.811
582.04 0.883
582.844 0.804
583.584 0.74
584.355 0.771
585.133 0.778
585.916 0.783
586.697 0.781