0.000 0.937
0.937 0.937
1.744 0.807
2.553 0.809
3.363 0.81
4.176 0.813
4.876 0.7
5.571 0.695
6.221 0.65
6.943 0.722
7.67 0.727
8.444 0.774
9.176 0.732
9.942 0.766
10.876 0.934
11.822 0.946
12.777 0.955
13.65 0.873
14.409 0.759
15.106 0.697
15.954 0.848
16.874 0.92
17.722 0.848
18.606 0.884
19.483 0.877
20.378 0.895
21.301 0.923
22.23 0.929
23.172 0.942
24.127 0.955
25.08 0.953
25.996 0.916
26.923 0.927
27.874 0.951
28.842 0.968
29.829 0.987
30.797 0.968
31.695 0.898
32.633 0.938
33.475 0.842
34.33 0.855
35.271 0.941
36.221 0.95
37.163 0.942
38.029 0.866
38.907 0.878
39.867 0.96
40.845 0.978
41.791 0.946
42.697 0.906
43.571 0.874
44.355 0.784
45.078 0.723
45.839 0.761
46.762 0.923
47.756 0.994
48.732 0.976
49.614 0.882
50.479 0.865
51.425 0.946
52.427 1.002
53.412 0.985
54.379 0.967
55.361 0.982
56.267 0.906
57.13 0.863
58.078 0.948
59.091 1.013
60.104 1.013
61.102 0.998
62.003 0.901
62.923 0.92
63.919 0.996
64.921 1.002
65.886 0.965
66.79 0.904
67.764 0.974
68.804 1.04
69.835 1.031
70.847 1.012
71.768 0.921
72.727 0.959
73.74 1.013
74.788 1.048
75.763 0.975
76.806 1.043
77.761 0.955
78.774 1.013
79.794 1.02
80.806 1.012
81.816 1.01
82.785 0.969
83.68 0.895
84.65 0.97
85.616 0.966
86.608 0.992
87.569 0.961
88.458 0.889
89.292 0.834
90.187 0.895
91.148 0.961
92.056 0.908
92.881 0.825
93.742 0.861
94.675 0.933
95.6 0.925
96.412 0.812
97.15 0.738
97.867 0.717
98.571 0.704
99.58 1.009
100.627 1.047
101.686 1.059
102.732 1.046
103.763 1.031
104.804 1.041
105.843 1.039
106.846 1.003
107.825 0.979
108.786 0.961
109.751 0.965
110.707 0.956
111.667 0.96
112.637 0.97
113.648 1.011
114.654 1.006
115.56 0.906
116.439 0.879
117.41 0.971
118.38 0.97
119.203 0.823
119.966 0.763
120.719 0.753
121.446 0.727
122.169 0.723
123.007 0.838
124.019 1.012
125.045 1.026
126.08 1.035
127.092 1.012
128.079 0.987
129.062 0.983
129.964 0.902
130.791 0.827
131.658 0.867
132.607 0.949
133.556 0.949
134.462 0.906
135.295 0.833
136.105 0.81
136.886 0.781
137.625 0.739
138.376 0.751
139.388 1.012
140.447 1.059
141.452 1.005
142.364 0.912
143.293 0.929
144.251 0.958
145.193 0.942
146.101 0.908
146.975 0.874
147.788 0.813
148.532 0.744
149.352 0.82
150.314 0.962
151.293 0.979
152.215 0.922
153.132 0.917
154.114 0.982
155.061 0.947
155.99 0.929
156.356 0.366
156.854 0.498
157.73 0.876
158.646 0.916
159.568 0.922
160.437 0.869
161.273 0.836
162.124 0.851
162.958 0.834
163.827 0.869
164.749 0.922
165.678 0.929
166.619 0.941
167.528 0.909
168.448 0.92
168.887 0.439
169.292 0.405
170.087 0.795
170.872 0.785
171.709 0.837
172.494 0.785
173.238 0.744
174.054 0.816
174.873 0.819
175.645 0.772
176.461 0.816
177.344 0.883
178.237 0.893
179.106 0.869
179.881 0.775
180.639 0.758
181.44 0.801
182.295 0.855
183.135 0.84
183.887 0.752
184.621 0.734
185.371 0.75
186.144 0.773
186.971 0.827
187.907 0.936
188.916 1.009
189.833 0.917
190.731 0.898
191.617 0.886
192.45 0.833
192.869 0.419
193.227 0.358
193.541 0.314
193.982 0.441
194.794 0.812
195.693 0.899
196.626 0.933
197.531 0.905
198.137 0.606
199.148 1.011
199.961 0.813
200.783 0.822
201.565 0.782
202.374 0.809
203.328 0.954
204.325 0.997
205.298 0.973
205.736 0.438
206.04 0.304
206.424 0.384
207.066 0.642
207.446 0.38
207.832 0.386
210.164 2.332
210.957 0.793
211.835 0.878
212.795 0.96
213.813 1.018
214.783 0.97
215.68 0.897
216.458 0.778
216.987 0.529
217.285 0.298
217.825 0.54
218.555 0.73
219.482 0.927
220.509 1.027
221.532 1.023
222.56 1.028
223.593 1.033
224.626 1.033
225.573 0.947
226.303 0.73
226.63 0.327
232.997 6.367
233.787 0.79
234.587 0.8
235.437 0.85
236.364 0.927
237.317 0.953
238.275 0.958
239.139 0.864
239.888 0.749
240.593 0.705
241.331 0.738
242.127 0.796
243.019 0.892
243.909 0.89
244.716 0.807
245.534 0.818
246.272 0.738
247.029 0.757
247.521 0.492
247.875 0.354
248.739 0.864
249.603 0.864
250.445 0.842
251.228 0.783
251.651 0.423
251.934 0.283
252.653 0.719
253.21 0.557
253.571 0.361
254.154 0.583
254.92 0.766
255.715 0.795
256.059 0.344
256.341 0.282
256.624 0.283
257.205 0.581
258.066 0.861
259.06 0.994
260.044 0.984
260.979 0.935
261.856 0.877
262.67 0.814
263.404 0.734
264.122 0.718
264.821 0.699
265.49 0.669
266.19 0.7
266.886 0.696
267.586 0.7
268.283 0.697
268.968 0.685
269.224 0.256
269.655 0.431
270.385 0.73
271.195 0.81
272.03 0.835
272.51 0.48
272.802 0.292
273.073 0.271
273.557 0.484
274.412 0.855
275.296 0.884
276.182 0.886
276.833 0.651
277.174 0.341
277.456 0.282
277.792 0.336
278.524 0.732
278.888 0.364
279.853 0.965
280.779 0.926
281.666 0.887
282.58 0.914
283.514 0.934
284.455 0.941
284.958 0.503
285.22 0.262
285.487 0.267
285.753 0.266
286.194 0.441
286.579 0.385
287.674 1.095
288.024 0.35
288.316 0.292
288.597 0.281
288.849 0.252
295.996 7.147
296.795 0.799
297.155 0.36
297.438 0.283
298.375 0.937
299.281 0.906
300.24 0.959
301.151 0.911
302.055 0.904
302.85 0.795
303.128 0.278
303.416 0.288
303.697 0.281
303.991 0.294
304.301 0.31
304.592 0.291
307.781 3.189
310.395 2.614
312.801 2.406
313.555 0.754
314.329 0.774
314.604 0.275
315.028 0.424
315.465 0.437
315.749 0.284
316.068 0.319
324.995 8.927
325.861 0.866
326.766 0.905
327.693 0.927
328.636 0.943
329.531 0.895
330.406 0.875
331.339 0.933
332.267 0.928
333.171 0.904
334.055 0.884
334.887 0.832
335.729 0.842
336.625 0.896
337.569 0.944
338.51 0.941
339.416 0.906
340.297 0.881
341.204 0.907
342.003 0.799
342.775 0.772
343.553 0.778
344.36 0.807
345.14 0.78
345.97 0.83
346.949 0.979
347.931 0.982
348.903 0.972
349.878 0.975
350.782 0.904
351.618 0.836
352.43 0.812
353.347 0.917
354.275 0.928
355.229 0.954
356.047 0.818
356.809 0.762
357.604 0.795
358.501 0.897
359.422 0.921
360.305 0.883
361.144 0.839
362.05 0.906
363.044 0.994
364.011 0.967
364.927 0.916
365.781 0.854
366.591 0.81
367.531 0.94
368.464 0.933
369.005 0.541
369.433 0.428
370.353 0.92
370.7 0.347
371.275 0.575
372.254 0.979
373.263 1.009
374.248 0.985
375.199 0.951
376.091 0.892
376.998 0.907
377.974 0.976
378.906 0.932
379.438 0.532
379.708 0.27
380.426 0.718
381.157 0.731
382.023 0.866
382.928 0.905
383.332 0.404
383.809 0.477
384.736 0.927
385.709 0.973
386.695 0.986
387.617 0.922
388.484 0.867
389.317 0.833
390.118 0.801
390.858 0.74
391.337 0.479
391.794 0.457
392.439 0.645
393.369 0.93
394.28 0.911
394.861 0.581
395.132 0.271
395.975 0.843
396.903 0.928
397.862 0.959
398.79 0.928
399.708 0.918
400.603 0.895
401.435 0.832
402.196 0.761
402.921 0.725
403.718 0.797
404.584 0.866
405.495 0.911
406.161 0.666
407.186 1.025
407.774 0.588
408.113 0.339
408.403 0.29
408.774 0.371
409.153 0.379
409.529 0.376
410.305 0.776
411.154 0.849
412.073 0.919
412.355 0.282
412.926 0.571
413.212 0.286
413.492 0.28
413.83 0.338
414.501 0.671
415.5 0.999
416.464 0.964
417.35 0.886
418.107 0.757
418.931 0.824
419.697 0.766
420.528 0.831
421.393 0.865
422.275 0.882
423.091 0.816
423.83 0.739
424.573 0.743
425.351 0.778
426.15 0.799
426.966 0.816
427.669 0.703
428.353 0.684
429.032 0.679
429.719 0.687
430.456 0.737
431.274 0.818
432.253 0.979
433.18 0.927
434.096 0.916
434.997 0.901
435.866 0.869
436.707 0.841
437.501 0.794
438.237 0.736
438.978 0.741
439.721 0.743
440.528 0.807
441.296 0.768
441.782 0.486
442.04 0.258
442.491 0.451
442.795 0.304
443.322 0.527
443.59 0.268
444.245 0.655
444.589 0.344
444.881 0.292
445.175 0.294
445.495 0.32
445.765 0.27
446.641 0.876
446.931 0.29
456.846 0.853
457.186 0.34
458.611 1.425
459.065 0.454
460.713 1.648
461.535 0.822
463.12 1.585
463.863 0.743
464.596 0.733
465.39 0.794
466.325 0.935
467.28 0.955
468.196 0.916
469.074 0.878
469.978 0.904
470.904 0.926
471.833 0.929
472.75 0.917
473.641 0.891
474.532 0.891
475.481 0.949
476.436 0.955
477.37 0.934
478.284 0.914
479.144 0.86
479.971 0.827
480.735 0.764
481.454 0.719
482.295 0.841
483.218 0.923
484.167 0.949
485.125 0.958
486.089 0.964
487.01 0.921
487.877 0.867
488.742 0.865
489.62 0.878
490.533 0.913
491.408 0.875
492.234 0.826
493.096 0.862
494.037 0.941
495.012 0.975
495.952 0.94
496.8 0.848
497.65 0.85
498.529 0.879
499.449 0.92
500.38 0.931
501.273 0.893
502.146 0.873
503.044 0.898
503.951 0.907
504.864 0.913
505.764 0.9
506.65 0.886
507.577 0.927
508.516 0.939
509.483 0.967
510.444 0.961
511.367 0.923
512.28 0.913
513.221 0.941
514.166 0.945
515.123 0.957
516.089 0.966
517.014 0.925
517.953 0.939
518.908 0.955
519.887 0.979
520.859 0.972
521.8 0.941
522.665 0.865
523.538 0.873
524.452 0.914
525.382 0.93
526.271 0.889
527.077 0.806
527.938 0.861
528.922 0.984
529.905 0.983
530.843 0.938
531.826 0.983
532.811 0.985
533.786 0.975
534.713 0.927
535.571 0.858
536.469 0.898
537.368 0.899
538.285 0.917
539.158 0.873
539.984 0.826
540.85 0.866
541.778 0.928
542.727 0.949
543.65 0.923
544.525 0.875
545.427 0.902
546.365 0.938
547.31 0.945
548.234 0.924
549.125 0.891
549.989 0.864
550.915 0.926
551.869 0.954
552.831 0.962
553.805 0.974
554.72 0.915
555.63 0.91
556.577 0.947
557.488 0.911
558.379 0.891
559.242 0.863
560.072 0.83
560.927 0.855
561.802 0.875
562.712 0.91
563.615 0.903
564.515 0.9
565.381 0.866
566.28 0.899
567.181 0.901
568.087 0.906
568.983 0.896
569.853 0.87
570.636 0.783
571.326 0.69
572.058 0.732
572.873 0.815
573.786 0.913
574.693 0.907
575.601 0.908
576.494 0.893
577.36 0.866
578.26 0.9
579.147 0.887
580.044 0.897
580.892 0.848
581.753 0.861
582.619 0.866
583.491 0.872
584.381 0.89
585.263 0.882
586.111 0.848
587.015 0.904
587.953 0.938
588.899 0.946
589.853 0.954
590.82 0.967
591.772 0.952
592.706 0.934
593.665 0.959
594.637 0.972
595.582 0.945
596.51 0.928
597.403 0.893
598.329 0.926
599.283 0.954
600.222 0.939
601.143 0.921
602.026 0.883
602.844 0.818
603.637 0.793
604.429 0.792
605.234 0.805