0.000 0.713
0.713 0.713
1.492 0.779
2.309 0.817
3.07 0.761
3.831 0.761
4.618 0.787
5.429 0.811
6.313 0.884
7.237 0.924
8.127 0.89
8.942 0.815
9.787 0.845
10.608 0.821
11.45 0.842
12.271 0.821
13.04 0.769
13.864 0.824
14.771 0.907
15.737 0.966
16.657 0.92
17.508 0.851
18.406 0.898
19.282 0.876
20.161 0.879
21.046 0.885
21.843 0.797
22.632 0.789
23.46 0.828
24.322 0.862
25.205 0.883
26.082 0.877
26.881 0.799
27.75 0.869
28.683 0.933
29.622 0.939
30.53 0.908
31.45 0.92
32.369 0.919
33.307 0.938
34.229 0.922
35.135 0.906
35.995 0.86
36.837 0.842
37.603 0.766
38.416 0.813
39.29 0.874
40.135 0.845
40.953 0.818
41.889 0.936
42.791 0.902
43.669 0.878
44.624 0.955
45.604 0.98
46.583 0.979
47.523 0.94
48.355 0.832
49.133 0.778
49.945 0.812
50.869 0.924
51.813 0.944
52.737 0.924
53.712 0.975
54.645 0.933
55.472 0.827
56.384 0.912
57.345 0.961
58.298 0.953
59.218 0.92
60.096 0.878
60.947 0.851
61.713 0.766
62.484 0.771
63.287 0.803
64.157 0.87
65.014 0.857
65.836 0.822
66.622 0.786
67.469 0.847
68.348 0.879
69.243 0.895
70.093 0.85
70.879 0.786
71.673 0.794
72.488 0.815
73.323 0.835
74.159 0.836
75.004 0.845
75.782 0.778
76.585 0.803
77.422 0.837
78.289 0.867
79.181 0.892
80.015 0.834
80.809 0.794
81.687 0.878
82.692 1.005
83.684 0.992
84.671 0.987
85.633 0.962
86.487 0.854
87.393 0.906
88.302 0.909
89.218 0.916
90.075 0.857
90.98 0.905
91.933 0.953
92.892 0.959
93.738 0.846
94.652 0.914
95.656 1.004
96.68 1.024
97.674 0.994
98.543 0.869
99.412 0.869
100.356 0.944
101.362 1.006
102.401 1.039
103.381 0.98
104.257 0.876
105.145 0.888
106.014 0.869
106.905 0.891
107.818 0.913
108.701 0.883
109.593 0.892
110.452 0.859
111.231 0.779
111.96 0.729
112.685 0.725
113.436 0.751
114.253 0.817
115.083 0.83
115.889 0.806
116.629 0.74
117.325 0.696
118.019 0.694
118.737 0.718
119.498 0.761
120.333 0.835
121.203 0.87
122.072 0.869
122.882 0.81
123.677 0.795
124.439 0.762
125.273 0.834
126.075 0.802
126.888 0.813
127.695 0.807
128.478 0.783
129.215 0.737
129.927 0.712
130.645 0.718
131.425 0.78
132.22 0.795
133.038 0.818
133.834 0.796
134.642 0.808
135.476 0.834
136.312 0.836
137.131 0.819
137.929 0.798
138.708 0.779
139.433 0.725
140.164 0.731
140.912 0.748
141.719 0.807
142.584 0.865
143.452 0.868
144.267 0.815
145.073 0.806
145.97 0.897
146.926 0.956
147.885 0.959
148.794 0.909
149.682 0.888
150.577 0.895
151.462 0.885
152.37 0.908
153.217 0.847
154.086 0.869
154.998 0.912
155.912 0.914
156.823 0.911
157.726 0.903
158.547 0.821
159.391 0.844
160.266 0.875
161.175 0.909
162.084 0.909
162.909 0.825
163.721 0.812
164.57 0.849
165.448 0.878
166.375 0.927
167.306 0.931
168.221 0.915
169.135 0.914
170.013 0.878
170.862 0.849
171.697 0.835
172.48 0.783
173.236 0.756
174.033 0.797
174.911 0.878
175.815 0.904
176.676 0.861
177.462 0.786
178.222 0.76
178.992 0.77
179.726 0.734
180.445 0.719
181.234 0.789
182.07 0.836
182.924 0.854
183.791 0.867
184.58 0.789
185.348 0.768
186.154 0.806
187.015 0.861
187.916 0.901
188.731 0.815
189.536 0.805
190.391 0.855
191.297 0.906
192.199 0.902
193.045 0.846
193.901 0.856
194.756 0.855
195.589 0.833
196.355 0.766
197.163 0.808
197.964 0.801
198.802 0.838
199.653 0.851
200.478 0.825
201.248 0.77
201.977 0.729
202.677 0.7
203.376 0.699
204.166 0.79
205.096 0.93
206.09 0.994
207.103 1.013
208.093 0.99
209.054 0.961
209.934 0.88
210.806 0.872
211.706 0.9
212.611 0.905
213.517 0.906
214.387 0.87
215.249 0.862
216.062 0.813
216.817 0.755
217.537 0.72
218.254 0.717
219.003 0.749
219.763 0.76
220.579 0.816
221.415 0.836
222.21 0.795
222.984 0.774
223.701 0.717
224.423 0.722
225.182 0.759
226.0 0.818
226.802 0.802
227.567 0.765
228.295 0.728
229.012 0.717
229.748 0.736
230.496 0.748
231.284 0.788
232.041 0.757
232.78 0.739
233.503 0.723
234.28 0.777
235.098 0.818
235.961 0.863
236.854 0.893
237.734 0.88
238.604 0.87
239.399 0.795
240.158 0.759
240.944 0.786
241.805 0.861
242.709 0.904
243.571 0.862
244.378 0.807
245.237 0.859
246.128 0.891
246.946 0.818
247.781 0.835
248.637 0.856
249.52 0.883
250.426 0.906
251.329 0.903
252.171 0.842
253.031 0.86
253.886 0.855
254.761 0.875
255.632 0.871
256.452 0.82
257.229 0.777
258.02 0.791
258.868 0.848
259.766 0.898
260.669 0.903
261.557 0.888
262.377 0.82
263.233 0.856
264.081 0.848
264.929 0.848
265.751 0.822
266.571 0.82
267.326 0.755
268.049 0.723
268.8 0.751
269.616 0.816
270.447 0.831
271.307 0.86
272.164 0.857
273.013 0.849
273.806 0.793
274.637 0.831
275.48 0.843
276.323 0.843
277.163 0.84
277.962 0.799
278.822 0.86
279.709 0.887
280.611 0.902
281.48 0.869
282.319 0.839
283.1 0.781
283.881 0.781
284.736 0.855
285.606 0.87
286.476 0.87
287.309 0.833
288.19 0.881
289.105 0.915
290.056 0.951
290.994 0.938
291.847 0.853
292.739 0.892
293.665 0.926
294.567 0.902
295.418 0.851
296.204 0.786
296.991 0.787
297.827 0.836
298.702 0.875
299.56 0.858
300.348 0.788
301.162 0.814
302.023 0.861
302.9 0.877
303.774 0.874
304.593 0.819
305.339 0.746
306.048 0.709
306.764 0.716
307.512 0.748
308.317 0.805
309.133 0.816
309.96 0.827
310.734 0.774
311.482 0.748
312.281 0.799
313.178 0.897
314.105 0.927
315.054 0.949
315.989 0.935
316.863 0.874
317.692 0.829
318.487 0.795
319.276 0.789
320.022 0.746
320.743 0.721
321.49 0.747
322.296 0.806
323.176 0.88
324.084 0.908
324.919 0.835
325.732 0.813
326.589 0.857
327.481 0.892
328.413 0.932
329.347 0.934
330.221 0.874
331.089 0.868
331.991 0.902
332.881 0.89
333.743 0.862
334.562 0.819
335.307 0.745
336.03 0.723
336.787 0.757
337.598 0.811
338.446 0.848
339.296 0.85
340.133 0.837
340.915 0.782
341.72 0.805
342.516 0.796
343.251 0.735
343.994 0.743
344.799 0.805
345.682 0.883
346.624 0.942
347.54 0.916
348.462 0.922
349.385 0.923
350.284 0.899
351.168 0.884
351.98 0.812
352.839 0.859
353.744 0.905
354.673 0.929
355.651 0.978
356.578 0.927
357.533 0.955
358.545 1.012
359.541 0.996
360.512 0.971
361.417 0.905
362.372 0.955
363.284 0.912
364.153 0.869
364.956 0.803
365.712 0.756
366.478 0.766
367.36 0.882
368.339 0.979
369.385 1.046
370.377 0.992
371.355 0.978
372.293 0.938
373.197 0.904
374.055 0.858
374.897 0.842
375.705 0.808
376.515 0.81
377.314 0.799
378.062 0.748
378.799 0.737
379.609 0.81
380.549 0.94
381.556 1.007
382.513 0.957
383.4 0.887
384.331 0.931
385.316 0.985
386.3 0.984
387.22 0.92
388.027 0.807
388.833 0.806
389.649 0.816
390.528 0.879
391.437 0.909
392.272 0.835
393.087 0.815
393.995 0.908
394.962 0.967
395.941 0.979
396.899 0.958
397.805 0.906
398.74 0.935
399.693 0.953
400.654 0.961
401.514 0.86
402.299 0.785
403.111 0.812
404.019 0.908
404.962 0.943
405.894 0.932
406.786 0.892
407.676 0.89
408.508 0.832
409.285 0.777
410.066 0.781
410.868 0.802
411.687 0.819
412.558 0.871
413.387 0.829
414.161 0.774
414.972 0.811
415.863 0.891
416.782 0.919
417.712 0.93
418.613 0.901
419.47 0.857
420.247 0.777
420.962 0.715
421.708 0.746
422.503 0.795
423.262 0.759
424.0 0.738
424.776 0.776
425.65 0.874
426.549 0.899
427.417 0.868
428.212 0.795
429.04 0.828
429.899 0.859
430.785 0.886
431.693 0.908
432.538 0.845
433.379 0.841
434.274 0.895
435.195 0.921
436.096 0.901
436.969 0.873
437.767 0.798
438.569 0.802
439.386 0.817
440.248 0.862
441.118 0.87
441.934 0.816
442.727 0.793
443.575 0.848
444.428 0.853
445.297 0.869
446.143 0.846
446.935 0.792
447.734 0.799
448.585 0.851
449.475 0.89
450.38 0.905
451.213 0.833
452.023 0.81
452.888 0.865
453.813 0.925
454.739 0.926
455.663 0.924
456.522 0.859
457.36 0.838
458.248 0.888
459.135 0.887
460.003 0.868
460.816 0.813
461.63 0.814
462.465 0.835
463.308 0.843
464.167 0.859
464.994 0.827
465.799 0.805
466.669 0.87
467.57 0.901
468.488 0.918
469.405 0.917
470.284 0.879
471.083 0.799
471.881 0.798
472.73 0.849
473.621 0.891
474.531 0.91
475.393 0.862
476.26 0.867
477.15 0.89
478.071 0.921
478.962 0.891
479.793 0.831
480.658 0.865
481.532 0.874
482.407 0.875
483.277 0.87
484.109 0.832
484.924 0.815
485.737 0.813
486.551 0.814
487.354 0.803
488.122 0.768
488.93 0.808
489.78 0.85
490.615 0.835
491.42 0.805
492.16 0.74
492.886 0.726
493.614 0.728
494.313 0.699
495.013 0.7
495.78 0.767
496.646 0.866
497.589 0.943
498.551 0.962
499.443 0.892
500.29 0.847
501.176 0.886
502.063 0.887
502.968 0.905
503.832 0.864
504.625 0.793
505.45 0.825
506.301 0.851
507.169 0.868
508.057 0.888
508.914 0.857
509.713 0.799
510.529 0.816
511.343 0.814
512.19 0.847
513.052 0.862
513.854 0.802
514.7 0.846
515.573 0.873
516.476 0.903
517.367 0.891
518.19 0.823
518.981 0.791
519.815 0.834
520.674 0.859
521.584 0.91
522.497 0.913
523.343 0.846
524.186 0.843
525.061 0.875
525.943 0.882
526.844 0.901
527.698 0.854
528.527 0.829
529.421 0.894
530.334 0.913
531.251 0.917
532.109 0.858
532.983 0.874
533.916 0.933
534.858 0.942
535.769 0.911
536.624 0.855
537.505 0.881
538.422 0.917
539.369 0.947
540.329 0.96
541.221 0.892
542.104 0.883
543.022 0.918
543.952 0.93
544.871 0.919
545.71 0.839
546.516 0.806
547.39 0.874
548.282 0.892
549.206 0.924
550.062 0.856
550.938 0.876
551.879 0.941
552.833 0.954
553.761 0.928
554.594 0.833
555.425 0.831
556.268 0.843
557.133 0.865
557.982 0.849
558.811 0.829
559.611 0.8
560.46 0.849
561.324 0.864
562.159 0.835
562.924 0.765
563.697 0.773
564.511 0.814
565.33 0.819
566.066 0.736
566.812 0.746
567.628 0.816
568.495 0.867
569.393 0.898
570.217 0.824
571.042 0.825
571.889 0.847
572.737 0.848
573.589 0.852
574.397 0.808
575.205 0.808
576.058 0.853
576.922 0.864
577.808 0.886
578.645 0.837
579.414 0.769
580.18 0.766
580.984 0.804
581.852 0.868
582.761 0.909
583.653 0.892
584.514 0.861
585.431 0.917
586.375 0.944
587.346 0.971
588.289 0.943
589.187 0.898
590.041 0.854
590.849 0.808
591.585 0.736
592.291 0.706
593.015 0.724
593.825 0.81
594.672 0.847
595.522 0.85
596.385 0.863
597.219 0.834
598.068 0.849
598.864 0.796
599.692 0.828
600.57 0.878
601.413 0.843
602.208 0.795
602.954 0.746
603.723 0.769
604.521 0.798
605.346 0.825
606.204 0.858
607.011 0.807
607.821 0.81
608.714 0.893
609.63 0.916
610.521 0.891
611.38 0.859
612.152 0.772
612.917 0.765
613.651 0.734
614.482 0.831
615.297 0.815
616.128 0.831
616.958 0.83
617.772 0.814
618.58 0.808
619.348 0.768
620.13 0.782
620.915 0.785
621.672 0.757
622.445 0.773
623.26 0.815
624.101 0.841
624.941 0.84
625.707 0.766
626.478 0.771
627.281 0.803
628.155 0.874
629.089 0.934
629.947 0.858
630.795 0.848
631.703 0.908
632.657 0.954
633.616 0.959
634.553 0.937
635.39 0.837
636.262 0.872
637.159 0.897
638.084 0.925
639.017 0.933
639.863 0.846
640.723 0.86
641.636 0.913
642.554 0.918
643.405 0.851
644.216 0.811
645.086 0.87
646.009 0.923
646.945 0.936
647.858 0.913
648.678 0.82
649.448 0.77
650.253 0.805
651.049 0.796
651.817 0.768
652.657 0.84
653.568 0.911
654.484 0.916
655.422 0.938
656.276 0.854
657.065 0.789
657.874 0.809
658.779 0.905
659.687 0.908
660.58 0.893
661.397 0.817
662.247 0.85
663.135 0.888