0.000 0.939
0.939 0.939
1.855 0.916
2.691 0.836
3.528 0.837
4.395 0.867
5.238 0.843
6.031 0.793
6.884 0.853
7.702 0.818
8.446 0.744
9.231 0.785
10.022 0.791
10.793 0.771
11.524 0.731
12.232 0.708
12.976 0.744
13.683 0.707
14.407 0.724
15.151 0.744
15.918 0.767
16.651 0.733
17.369 0.718
18.134 0.765
18.968 0.834
19.852 0.884
20.742 0.89
21.636 0.894
22.517 0.881
23.368 0.851
24.135 0.767
24.838 0.703
25.208 0.37
25.511 0.303
26.191 0.68
27.169 0.978
28.151 0.982
29.124 0.973
30.067 0.943
30.989 0.922
31.822 0.833
32.676 0.854
33.563 0.887
34.472 0.909
35.399 0.927
36.332 0.933
37.257 0.925
38.156 0.899
39.014 0.858
39.797 0.783
40.549 0.752
41.299 0.75
42.094 0.795
42.905 0.811
43.683 0.778
44.457 0.774
45.27 0.813
46.137 0.867
47.044 0.907
47.954 0.91
48.809 0.855
49.613 0.804
50.491 0.878
56.999 6.508
57.98 0.981
58.906 0.926
59.723 0.817
60.539 0.816
61.332 0.793
62.09 0.758
62.909 0.819
63.895 0.986
64.901 1.006
65.846 0.945
66.699 0.853
67.598 0.899
68.552 0.954
69.512 0.96
70.44 0.928
71.252 0.812
71.991 0.739
72.708 0.717
73.504 0.796
74.536 1.032
75.583 1.047
76.598 1.015
77.604 1.006
78.592 0.988
79.6 1.008
80.531 0.931
81.407 0.876
82.285 0.878
83.227 0.942
84.21 0.983
85.163 0.953
86.085 0.922
86.974 0.889
87.802 0.828
88.596 0.794
89.422 0.826
90.202 0.78
90.959 0.757
91.811 0.852
92.754 0.943
93.749 0.995
94.745 0.996
95.624 0.879
96.491 0.867
97.349 0.858
98.209 0.86
99.111 0.902
99.939 0.828
100.703 0.764
101.647 0.944
102.539 0.892
103.343 0.804
104.175 0.832
105.017 0.842
105.854 0.837
106.672 0.818
107.477 0.805
108.235 0.758
108.956 0.721
109.689 0.733
110.491 0.802
111.374 0.883
112.246 0.872
113.038 0.792
113.809 0.771
114.682 0.873
115.635 0.953
116.596 0.961
117.503 0.907
118.39 0.887
119.255 0.865
120.088 0.833
120.889 0.801
121.623 0.734
122.323 0.7
123.064 0.741
124.022 0.958
124.979 0.957
125.912 0.933
126.833 0.921
127.72 0.887
128.548 0.828
129.327 0.779
130.069 0.742
130.796 0.727
131.493 0.697
132.249 0.756
133.024 0.775
133.906 0.882
134.801 0.895
135.71 0.909
136.572 0.862
137.396 0.824
138.133 0.737
138.827 0.694
139.537 0.71
140.288 0.751
141.05 0.762
141.791 0.741
142.534 0.743
143.345 0.811
144.107 0.762
144.84 0.733
145.593 0.753
146.504 0.911
147.442 0.938
148.384 0.942
149.332 0.948
150.256 0.924
151.165 0.909
152.019 0.854
152.838 0.819
153.655 0.817
154.512 0.857
155.41 0.898
156.231 0.821
157.001 0.77
157.836 0.835
158.745 0.909
159.681 0.936
160.622 0.941
161.537 0.915
162.415 0.878
163.211 0.796
163.619 0.408
163.892 0.273
164.183 0.291
171.97 0.973
172.945 0.975
173.9 0.955
174.794 0.894
175.726 0.932
176.609 0.883
177.39 0.781
178.093 0.703
178.768 0.675
179.424 0.656
180.046 0.622
180.663 0.617
181.076 0.413
181.936 0.86
182.652 0.716
183.424 0.772
184.232 0.808
185.062 0.83
185.887 0.825
186.689 0.802
187.483 0.794
188.249 0.766
188.971 0.722
189.673 0.702
190.469 0.796
191.347 0.878
192.258 0.911
193.154 0.896
193.996 0.842
194.26 0.264
194.672 0.412
194.998 0.326
195.263 0.265
195.699 0.436
195.986 0.287
196.813 0.827
200.472 3.659
201.3 0.828
202.076 0.776
202.898 0.822
203.776 0.878
204.665 0.889
205.51 0.845
206.301 0.791
207.069 0.768
207.876 0.807
208.737 0.861
209.572 0.835
210.359 0.787
211.125 0.766
211.838 0.713
212.526 0.688
213.213 0.687
213.932 0.719
214.739 0.807
215.551 0.812
216.342 0.791
217.124 0.782
217.878 0.754
218.619 0.741
219.358 0.739
220.113 0.755
220.845 0.732
221.625 0.78
222.365 0.74
223.105 0.74
223.825 0.72
224.536 0.711
225.225 0.689
225.957 0.732
226.683 0.726
227.393 0.71
228.14 0.747
228.893 0.753
229.635 0.742
230.367 0.732
231.098 0.731
231.472 0.374
231.815 0.343
232.497 0.682
233.185 0.688
233.966 0.781
234.824 0.858
235.719 0.895
236.627 0.908
237.534 0.907
238.402 0.868
239.29 0.888
240.204 0.914
241.138 0.934
242.083 0.945
243.006 0.923
243.951 0.945
244.894 0.943
245.809 0.915
246.691 0.882
247.564 0.873
248.449 0.885
249.34 0.891
250.151 0.811
250.911 0.76
251.721 0.81
252.616 0.895
253.51 0.894
254.421 0.911
255.323 0.902
256.235 0.912
257.156 0.921
258.056 0.9
258.924 0.868
259.747 0.823
260.598 0.851
261.465 0.867
262.367 0.902
263.26 0.893
264.2 0.94
265.153 0.953
266.036 0.883
266.871 0.835
267.643 0.772
268.4 0.757
269.16 0.76
269.911 0.751
270.671 0.76
271.511 0.84
272.381 0.87
273.288 0.907
274.137 0.849
274.96 0.823
275.845 0.885
276.751 0.906
277.646 0.895
278.575 0.929
279.452 0.877
280.387 0.935
281.331 0.944
282.256 0.925
283.123 0.867
283.92 0.797
284.63 0.71
285.314 0.684
286.04 0.726
287.021 0.981
288.072 1.051
289.063 0.991
290.009 0.946
290.81 0.801
291.509 0.699
292.209 0.7
292.939 0.73
293.732 0.793
294.592 0.86
295.448 0.856
296.327 0.879
297.219 0.892
298.137 0.918
299.074 0.937
299.997 0.923
300.896 0.899
301.762 0.866
302.599 0.837
303.42 0.821
304.325 0.905
305.235 0.91
306.094 0.859
306.939 0.845
307.705 0.766
308.439 0.734
309.212 0.773
310.064 0.852
310.857 0.793
311.595 0.738
312.386 0.791
313.206 0.82
313.975 0.769
314.723 0.748
315.491 0.768
316.529 1.038
317.548 1.019
318.534 0.986
319.49 0.956
320.408 0.918
321.32 0.912
322.198 0.878
323.075 0.877
323.997 0.922
324.939 0.942
325.852 0.913
326.829 0.977
327.789 0.96
328.709 0.92
329.617 0.908
330.511 0.894
331.379 0.868
332.219 0.84
332.995 0.776
333.896 0.901
334.847 0.951
335.786 0.939
336.762 0.976
337.708 0.946
338.585 0.877
339.418 0.833
340.28 0.862
341.229 0.949
342.218 0.989
343.217 0.999
344.215 0.998
345.183 0.968
346.136 0.953
347.06 0.924
347.915 0.855
348.761 0.846
349.562 0.801
350.397 0.835
351.26 0.863
352.115 0.855
353.043 0.928
353.976 0.933
354.91 0.934
355.851 0.941
356.747 0.896
357.563 0.816
358.329 0.766
359.085 0.756
359.811 0.726
360.534 0.723
361.263 0.729
362.021 0.758
362.886 0.865
363.71 0.824
364.517 0.807
365.31 0.793
366.05 0.74
366.781 0.731
367.503 0.722
368.239 0.736
368.971 0.732
369.706 0.735
370.445 0.739
371.174 0.729
371.905 0.731
372.63 0.725
373.329 0.699
374.086 0.757
374.95 0.864
375.855 0.905
376.773 0.918
377.633 0.86
378.479 0.846
379.303 0.824
380.086 0.783
380.902 0.816
381.804 0.902
382.723 0.919
383.671 0.948
384.616 0.945
385.54 0.924
386.499 0.959
387.437 0.938
388.359 0.922
389.303 0.944
390.235 0.932
391.092 0.857
391.928 0.836
392.83 0.902
393.765 0.935
394.691 0.926
395.521 0.83
396.329 0.808
397.213 0.884
398.096 0.883
398.976 0.88
399.939 0.963
400.899 0.96
401.872 0.973
402.817 0.945
403.729 0.912
404.575 0.846
405.364 0.789
406.098 0.734
406.994 0.896
408.032 1.038
409.072 1.04
410.095 1.023
411.102 1.007
412.087 0.985
412.969 0.882
413.796 0.827
414.663 0.867
415.634 0.971
416.611 0.977
417.592 0.981
418.549 0.957
419.464 0.915
420.353 0.889
421.293 0.94
422.237 0.944
423.187 0.95
424.121 0.934
425.061 0.94
426.015 0.954
426.954 0.939
427.88 0.926
428.756 0.876
429.684 0.928
430.646 0.962
431.589 0.943
432.516 0.927
433.401 0.885
434.189 0.788
434.911 0.722
435.688 0.777
436.528 0.84
437.313 0.785
438.145 0.832
439.049 0.904
439.986 0.937
440.941 0.955
441.877 0.936
442.82 0.943
443.688 0.868
444.513 0.825
445.283 0.77
446.017 0.734
446.838 0.821
447.784 0.946
448.76 0.976
449.735 0.975
450.689 0.954
451.629 0.94
452.555 0.926
453.465 0.91
454.345 0.88
455.214 0.869
456.053 0.839
456.885 0.832
457.706 0.821
458.483 0.777
459.216 0.733
459.917 0.701
460.645 0.728
461.5 0.855
462.395 0.895
463.271 0.876
464.157 0.886
465.049 0.892
465.951 0.902
466.842 0.891
467.718 0.876
468.577 0.859
469.439 0.862
470.26 0.821
471.089 0.829
471.848 0.759
472.633 0.785
473.437 0.804
474.234 0.797
475.008 0.774
475.753 0.745
476.618 0.865
477.536 0.918
478.488 0.952
479.439 0.951
480.372 0.933
481.295 0.923
482.213 0.918
483.12 0.907
484.04 0.92
484.958 0.918
485.846 0.888
486.717 0.871
487.572 0.855
488.435 0.863
489.332 0.897
490.214 0.882
491.109 0.895
491.989 0.88
492.882 0.893
493.776 0.894
494.659 0.883
495.551 0.892
496.349 0.798
497.105 0.756
497.95 0.845
498.842 0.892
499.773 0.931
500.696 0.923
501.646 0.95
502.587 0.941
503.507 0.92
504.385 0.878
505.258 0.873
506.075 0.817
506.835 0.76
507.577 0.742
508.501 0.924
509.492 0.991
510.475 0.983
511.409 0.934
512.338 0.929
513.245 0.907
514.131 0.886
514.995 0.864
515.85 0.855
516.733 0.883
517.709 0.976
518.659 0.95
519.603 0.944
520.534 0.931
521.377 0.843
522.144 0.767
522.921 0.777
523.745 0.824
524.59 0.845
525.466 0.876
526.345 0.879
527.187 0.842
528.023 0.836
528.91 0.887
529.834 0.924
530.752 0.918
531.609 0.857
532.452 0.843
533.366 0.914
534.334 0.968
535.284 0.95
536.209 0.925
537.102 0.893
537.958 0.856
538.836 0.878
539.737 0.901
540.685 0.948
541.624 0.939
542.523 0.899
543.423 0.9
544.303 0.88
545.192 0.889
546.119 0.927
546.982 0.863
547.789 0.807
548.673 0.884
549.641 0.968
550.56 0.919
551.412 0.852
552.218 0.806
553.035 0.817
553.887 0.852
554.757 0.87
555.578 0.821
556.394 0.816
557.328 0.934
558.235 0.907
559.164 0.929
560.08 0.916
560.978 0.898
561.862 0.884
562.732 0.87
563.571 0.839
564.367 0.796
565.121 0.754
565.922 0.801
566.855 0.933
567.791 0.936
568.722 0.931
569.626 0.904
570.537 0.911
571.458 0.921
572.39 0.932
573.316 0.926
574.201 0.885
575.093 0.892
575.984 0.891
576.868 0.884
577.742 0.874
578.589 0.847
579.453 0.864
580.295 0.842
581.158 0.863
581.976 0.818
582.793 0.817
583.652 0.859
584.544 0.892
585.384 0.84
586.184 0.8
587.012 0.828
587.942 0.93
588.884 0.942
589.869 0.985
590.823 0.954
591.779 0.956
592.66 0.881
593.435 0.775
594.15 0.715
594.917 0.767
595.799 0.882
596.627 0.828
597.519 0.892
598.441 0.922
599.391 0.95
600.263 0.872
601.186 0.923
602.127 0.941
603.027 0.9
603.913 0.886