0.000 0.625
0.625 0.625
1.271 0.646
2.003 0.732
2.714 0.711
3.426 0.712
4.176 0.75
4.892 0.716
5.531 0.639
6.174 0.643
6.799 0.625
7.41 0.611
8.037 0.627
8.701 0.664
9.404 0.703
10.036 0.632
10.713 0.677
11.403 0.69
12.056 0.653
12.719 0.663
13.361 0.642
14.015 0.654
14.64 0.625
15.3 0.66
15.983 0.683
16.678 0.695
17.328 0.65
18.008 0.68
18.703 0.695
19.42 0.717
20.066 0.646
20.711 0.645
21.337 0.626
22.001 0.664
22.687 0.686
23.45 0.763
24.142 0.692
24.815 0.673
25.485 0.67
26.173 0.688
26.826 0.653
27.479 0.653
28.112 0.633
28.765 0.653
29.398 0.633
30.011 0.613
30.621 0.61
31.22 0.599
31.81 0.59
32.387 0.577
32.951 0.564
33.554 0.603
34.2 0.646
34.879 0.679
35.509 0.63
36.143 0.634
36.796 0.653
37.464 0.668
38.133 0.669
38.743 0.61
39.368 0.625
40.0 0.632
40.624 0.624
41.252 0.628
41.864 0.612
42.524 0.66
43.197 0.673
43.888 0.691
44.573 0.685
45.234 0.661
45.848 0.614
46.46 0.612
47.08 0.62
47.719 0.639
48.432 0.713
49.15 0.718
49.84 0.69
50.59 0.75
51.386 0.796
52.098 0.712
52.826 0.728
53.5 0.674
54.129 0.629
54.763 0.634
55.381 0.618
56.017 0.636
56.636 0.619
57.28 0.644
57.96 0.68
58.609 0.649
59.246 0.637
59.947 0.701
60.704 0.757
61.442 0.738
62.202 0.76
62.885 0.683
63.55 0.665
64.175 0.625
64.809 0.634
65.454 0.645
66.111 0.657
66.755 0.644
67.375 0.62
68.026 0.651
68.669 0.643
69.301 0.632
69.944 0.643
70.582 0.638
71.267 0.685
71.976 0.709
72.678 0.702
73.364 0.686
74.078 0.714
74.779 0.701
75.506 0.727
76.209 0.703
76.894 0.685
77.575 0.681
78.278 0.703
79.019 0.741
79.762 0.743
80.51 0.748
81.207 0.697
81.918 0.711
82.586 0.668
83.225 0.639
83.886 0.661
84.536 0.65
85.217 0.681
85.911 0.694
86.576 0.665
87.309 0.733
88.029 0.72
88.696 0.667
89.396 0.7
90.113 0.717
90.843 0.73
91.547 0.704
92.224 0.677
92.873 0.649
93.502 0.629
94.107 0.605
94.71 0.603
95.314 0.604
95.986 0.672
96.702 0.716
97.41 0.708
98.046 0.636
98.67 0.624
99.297 0.627
99.944 0.647
100.645 0.701
101.468 0.823
102.237 0.769
102.933 0.696
103.631 0.698
104.319 0.688
104.996 0.677
105.661 0.665
106.323 0.662
107.006 0.683
107.687 0.681
108.352 0.665
108.989 0.637
109.645 0.656
110.32 0.675
111.073 0.753
111.777 0.704
112.429 0.652
113.086 0.657
113.756 0.67
114.469 0.713
115.181 0.712
115.831 0.65
116.465 0.634
117.095 0.63
117.705 0.61
118.33 0.625
118.973 0.643
119.649 0.676
120.348 0.699
120.997 0.649
121.737 0.74
122.46 0.723
123.197 0.737
123.901 0.704
124.565 0.664
125.221 0.656
125.859 0.638
126.55 0.691
127.272 0.722
127.948 0.676
128.572 0.624
129.206 0.634
129.846 0.64
130.492 0.646
131.194 0.702
131.918 0.724
132.639 0.721
133.301 0.662
134.024 0.723
134.761 0.737
135.518 0.757
136.258 0.74
136.912 0.654
137.589 0.677
138.252 0.663
138.924 0.672
139.552 0.628
140.196 0.644
140.807 0.611
141.414 0.607
142.023 0.609
142.65 0.627
143.272 0.622
143.901 0.629
144.518 0.617
145.139 0.621
145.774 0.635
146.418 0.644
147.078 0.66
147.732 0.654
148.381 0.649
149.042 0.661
149.74 0.698
150.442 0.702
151.137 0.695
151.813 0.676
152.468 0.655
153.086 0.618
153.721 0.635
154.339 0.618
154.99 0.651
155.653 0.663
156.337 0.684
156.967 0.63
157.589 0.622
158.221 0.632
158.865 0.644
159.538 0.673
160.157 0.619
160.828 0.671
161.475 0.647
162.132 0.657
162.761 0.629
163.407 0.646
164.039 0.632
164.719 0.68
165.476 0.757
166.211 0.735
166.876 0.665
167.543 0.667
168.213 0.67
168.909 0.696
169.603 0.694
170.26 0.657
170.943 0.683
171.616 0.673
172.297 0.681
172.964 0.667
173.616 0.652
174.259 0.643
174.884 0.625
175.479 0.595
176.074 0.595
176.664 0.59
177.24 0.576
177.835 0.595
178.417 0.582
179.047 0.63
179.913 0.866
180.698 0.785
181.463 0.765
182.228 0.765
182.986 0.758
183.724 0.738
184.433 0.709
185.119 0.686
185.799 0.68
186.439 0.64
187.104 0.665
187.796 0.692
188.538 0.742
189.281 0.743
190.001 0.72
190.735 0.734
191.467 0.732
192.18 0.713
192.89 0.71
193.57 0.68
194.227 0.657
194.856 0.629
195.478 0.622
196.116 0.638
196.793 0.677
197.528 0.735
198.3 0.772
199.013 0.713
199.727 0.714
200.38 0.653
201.046 0.666
201.725 0.679
202.441 0.716
203.15 0.709
203.859 0.709
204.574 0.715
205.229 0.655
205.934 0.705
206.672 0.738
207.398 0.726
208.126 0.728
208.796 0.67
209.458 0.662
210.099 0.641
210.721 0.622
211.363 0.642
212.042 0.679
212.708 0.666
213.406 0.698
214.067 0.661
214.756 0.689
215.448 0.692
216.144 0.696
216.826 0.682
217.495 0.669
218.114 0.619
218.749 0.635
219.364 0.615
220.012 0.648
220.696 0.684
221.46 0.764
222.305 0.845
223.095 0.79
223.91 0.815
224.709 0.799
225.464 0.755
226.207 0.743
226.94 0.733
227.643 0.703
228.364 0.721
229.05 0.686
229.741 0.691
230.451 0.71
231.129 0.678
231.796 0.667
232.476 0.68
233.199 0.723
233.976 0.777
234.745 0.769
235.45 0.705
236.158 0.708
236.865 0.707
237.56 0.695
238.241 0.681
238.913 0.672
239.61 0.697
240.294 0.684
240.956 0.662
241.589 0.633
242.201 0.612
242.826 0.625
243.462 0.636
244.196 0.734
244.941 0.745
245.716 0.775
246.465 0.749
247.201 0.736
247.882 0.681
248.573 0.691
249.248 0.675
249.966 0.718
250.616 0.65
251.245 0.629
251.908 0.663
252.635 0.727
253.346 0.711
254.071 0.725
254.783 0.712
255.496 0.713
256.164 0.668
256.831 0.667
257.489 0.658
258.143 0.654
258.782 0.639
259.41 0.628
260.063 0.653
260.709 0.646
261.399 0.69
262.149 0.75
262.901 0.752
263.634 0.733
264.381 0.747
265.098 0.717
265.844 0.746
266.498 0.654
267.158 0.66
267.781 0.623
268.413 0.632
269.068 0.655
269.747 0.679
270.398 0.651
271.043 0.645
271.709 0.666
272.353 0.644
273.017 0.664
273.636 0.619
274.269 0.633
274.904 0.635
275.539 0.635
276.172 0.633
276.809 0.637
277.468 0.659
278.136 0.668
278.81 0.674
279.494 0.684
280.146 0.652
280.796 0.65
281.43 0.634
282.079 0.649
282.761 0.682
283.493 0.732
284.228 0.735
284.971 0.743
285.716 0.745
286.476 0.76
287.22 0.744
287.977 0.757
288.712 0.735
289.433 0.721
290.142 0.709
290.86 0.718
291.556 0.696
292.213 0.657
292.906 0.693
293.634 0.728
294.428 0.794
295.207 0.779
295.951 0.744
296.715 0.764
297.478 0.763
298.194 0.716
298.901 0.707
299.617 0.716
300.312 0.695
301.032 0.72
301.742 0.71
302.438 0.696
303.164 0.726
303.869 0.705
304.568 0.699
305.275 0.707
305.965 0.69
306.659 0.694
307.416 0.757
308.181 0.765
308.924 0.743
309.678 0.754
310.417 0.739
311.141 0.724
311.854 0.713
312.516 0.662
313.183 0.667
313.835 0.652
314.496 0.661
315.16 0.664
315.842 0.682
316.513 0.671
317.168 0.655
317.817 0.649
318.495 0.678
319.226 0.731
319.944 0.718
320.698 0.754
321.487 0.789
322.29 0.803
323.012 0.722
323.695 0.683
324.347 0.652
325.028 0.681
325.797 0.769
326.645 0.848
327.467 0.822
328.222 0.755
328.974 0.752
329.739 0.765
330.507 0.768
331.277 0.77
331.978 0.701
332.646 0.668
333.307 0.661
334.001 0.694
334.739 0.738
335.489 0.75
336.273 0.784
337.046 0.773
337.783 0.737
338.494 0.711
339.211 0.717
339.93 0.719
340.638 0.708
341.377 0.739
342.119 0.742
342.875 0.756
343.62 0.745
344.354 0.734
345.086 0.732
345.792 0.706
346.519 0.727
347.257 0.738
348.011 0.754
348.76 0.749
349.485 0.725
350.229 0.744
350.979 0.75
351.752 0.773
352.467 0.715
353.189 0.722
353.929 0.74
354.702 0.773
355.479 0.777
356.204 0.725
356.935 0.731
357.675 0.74
358.401 0.726
359.11 0.709
359.791 0.681
360.48 0.689
361.168 0.688
361.876 0.708
362.611 0.735
363.34 0.729
364.074 0.734
364.767 0.693
365.466 0.699
366.168 0.702
366.875 0.707
367.559 0.684
368.254 0.695
368.966 0.712
369.684 0.718
370.435 0.751
371.166 0.731
371.86 0.694
372.538 0.678
373.238 0.7
373.977 0.739
374.734 0.757
375.447 0.713
376.185 0.738
376.951 0.766
377.726 0.775
378.511 0.785
379.234 0.723
379.959 0.725
380.681 0.722
381.388 0.707
382.123 0.735
382.869 0.746
383.655 0.786
384.421 0.766
385.158 0.737
385.896 0.738
386.601 0.705
387.253 0.652
387.89 0.637
388.533 0.643
389.165 0.632
389.795 0.63
390.42 0.625
391.03 0.61
391.634 0.604
392.264 0.63
392.912 0.648
393.619 0.707
394.317 0.698
395.028 0.711
395.732 0.704
396.533 0.801
397.436 0.903
398.319 0.883
399.184 0.865
399.995 0.811
400.736 0.741
401.431 0.695
402.094 0.663
402.808 0.714
403.618 0.81
404.522 0.904
405.41 0.888
406.242 0.832
407.015 0.773
407.775 0.76
408.565 0.79
409.388 0.823
410.252 0.864
411.116 0.864
411.946 0.83
412.736 0.79
413.514 0.778
414.267 0.753
414.999 0.732
415.719 0.72
416.495 0.776
417.457 0.962
418.408 0.951
419.331 0.923
420.222 0.891
421.055 0.833
421.854 0.799
422.627 0.773
423.362 0.735
424.073 0.711
424.762 0.689
425.485 0.723
426.478 0.993
427.456 0.978
428.367 0.911
429.252 0.885
430.067 0.815
430.826 0.759
431.556 0.73
432.264 0.708
432.957 0.693
433.671 0.714
434.459 0.788
435.38 0.921
436.31 0.93
437.237 0.927
438.122 0.885
438.925 0.803
439.676 0.751
440.386 0.71
441.057 0.671
441.71 0.653
442.366 0.656
443.059 0.693
443.843 0.784
444.703 0.86
445.552 0.849
446.331 0.779
447.089 0.758
447.826 0.737
448.551 0.725
449.268 0.717
449.955 0.687
450.63 0.675
451.338 0.708
452.044 0.706
452.714 0.67
453.42 0.706
454.146 0.726
454.902 0.756
455.646 0.744
456.342 0.696
457.001 0.659
457.653 0.652
458.295 0.642
458.934 0.639
459.593 0.659
460.272 0.679
460.991 0.719
461.77 0.779
462.567 0.797
463.351 0.784
464.085 0.734
464.838 0.753
465.583 0.745
466.313 0.73
467.005 0.692
467.698 0.693
468.423 0.725
469.184 0.761
469.912 0.728
470.639 0.727
471.36 0.721
472.104 0.744
472.847 0.743
473.59 0.743
474.315 0.725
474.986 0.671
475.658 0.672
476.329 0.671
477.003 0.674
477.685 0.682
478.347 0.662
479.063 0.716
479.777 0.714
480.525 0.748
481.268 0.743
482.03 0.762
482.76 0.73
483.48 0.72
484.17 0.69
484.859 0.689
485.528 0.669
486.167 0.639
486.808 0.641
487.465 0.657
488.144 0.679
488.85 0.706
489.592 0.742
490.321 0.729
490.994 0.673
491.676 0.682
492.384 0.708
493.104 0.72
493.858 0.754
494.555 0.697
495.247 0.692
495.939 0.692
496.638 0.699
497.325 0.687
497.981 0.656
498.614 0.633
499.256 0.642
499.901 0.645
500.598 0.697
501.377 0.779
502.101 0.724
502.828 0.727
503.593 0.765
504.407 0.814
505.224 0.817
506.028 0.804
506.812 0.784
507.547 0.735
508.25 0.703
508.917 0.667
509.607 0.69
510.394 0.787
511.239 0.845
512.123 0.884
512.997 0.874
513.838 0.841
514.605 0.767
515.327 0.722
516.059 0.732
516.803 0.744
517.554 0.751
518.279 0.725
518.989 0.71
519.721 0.732
520.457 0.736
521.213 0.756
521.98 0.767
522.702 0.722
523.41 0.708
524.128 0.718
524.862 0.734
525.614 0.752
526.378 0.764
527.114 0.736
527.85 0.736
528.585 0.735
529.324 0.739
530.061 0.737
530.768 0.707
531.506 0.738
532.251 0.745
533.002 0.751
533.724 0.722
534.453 0.729
535.186 0.733
535.89 0.704
536.582 0.692
537.291 0.709
538.043 0.752
538.804 0.761
539.514 0.71
540.25 0.736
540.994 0.744
541.771 0.777
542.503 0.732
543.264 0.761
544.002 0.738
544.735 0.733
545.425 0.69
546.112 0.687
546.784 0.672
547.469 0.685
548.152 0.683
548.803 0.651
549.492 0.689
550.194 0.702
550.911 0.717
551.617 0.706
552.29 0.673
552.994 0.704
553.706 0.712
554.412 0.706
555.08 0.668
555.778 0.698
556.495 0.717
557.245 0.75
557.978 0.733
558.685 0.707
559.394 0.709
560.109 0.715
560.839 0.73
561.536 0.697
562.228 0.692
562.938 0.71
563.65 0.712
564.336 0.686
564.999 0.663
565.678 0.679
566.377 0.699
567.079 0.702
567.772 0.693
568.499 0.727
569.247 0.748
570.016 0.769
570.747 0.731
571.486 0.739
572.221 0.735
572.936 0.715
573.605 0.669
574.306 0.701
574.995 0.689
575.7 0.705
576.376 0.676
577.083 0.707
577.802 0.719
578.53 0.728
579.211 0.681
579.921 0.71
580.642 0.721
581.361 0.719
582.034 0.673
582.755 0.721
583.489 0.734
584.25 0.761
584.97 0.72
585.722 0.752
586.464 0.742
587.193 0.729
587.873 0.68
588.592 0.719
589.299 0.707
589.994 0.695
590.674 0.68
591.4 0.726
592.168 0.768
592.931 0.763
593.664 0.733
594.412 0.748
595.153 0.741
595.856 0.703
596.528 0.672
597.207 0.679
597.895 0.688
598.548 0.653
599.213 0.665
599.87 0.657
600.499 0.629
601.15 0.651
601.804 0.654
602.482 0.678
603.19 0.708
603.856 0.666
604.565 0.709
605.328 0.763
606.1 0.772