0.000 0.898
0.898 0.898
2.061 1.163
3.123 1.062
4.091 0.968
5.029 0.938
6.154 1.125
6.969 0.815
7.786 0.817
8.706 0.92
9.833 1.127
10.822 0.989
11.766 0.944
12.82 1.054
13.66 0.84
14.77 1.11
15.878 1.108
16.732 0.854
17.515 0.783
18.245 0.73
18.985 0.74
19.719 0.734
20.423 0.704
21.127 0.704
21.96 0.833
22.802 0.842
23.666 0.864
24.431 0.765
25.102 0.671
25.78 0.678
26.515 0.735
27.255 0.74
27.927 0.672
28.624 0.697
29.324 0.7
30.189 0.865
30.931 0.742
31.678 0.747
32.417 0.739
33.186 0.769
33.942 0.756
34.668 0.726
35.404 0.736
36.202 0.798
36.93 0.728
37.624 0.694
38.301 0.677
39.011 0.71
39.756 0.745
40.5 0.744
41.185 0.685
41.856 0.671
42.514 0.658
43.148 0.634
43.775 0.627
44.425 0.65
45.264 0.839
46.361 1.097
47.176 0.815
47.97 0.794
48.72 0.75
49.418 0.698
50.091 0.673
50.74 0.649
51.36 0.62
51.966 0.606
52.572 0.606
53.216 0.644
53.914 0.698
54.561 0.647
55.233 0.672
55.883 0.65
56.555 0.672
57.27 0.715
57.991 0.721
58.668 0.677
59.34 0.672
60.035 0.695
60.748 0.713
61.472 0.724
62.158 0.686
62.791 0.633
63.417 0.626
64.026 0.609
64.636 0.61
65.274 0.638
65.929 0.655
66.796 0.867
67.596 0.8
68.398 0.802
69.131 0.733
69.821 0.69
70.453 0.632
71.066 0.613
71.691 0.625
72.363 0.672
73.064 0.701
74.055 0.991
75.089 1.034
76.173 1.084
77.316 1.143
78.327 1.011
79.176 0.849
80.137 0.961
80.933 0.796
81.699 0.766
82.724 1.025
83.595 0.871
84.422 0.827
85.292 0.87
86.384 1.092
87.41 1.026
88.364 0.954
89.131 0.767
89.871 0.74
90.602 0.731
91.362 0.76
92.062 0.7
92.81 0.748
93.577 0.767
94.319 0.742
95.11 0.791
95.959 0.849
96.761 0.802
97.494 0.733
98.226 0.732
98.992 0.766
99.694 0.702
100.481 0.787
101.265 0.784
102.014 0.749
102.749 0.735
103.484 0.735
104.236 0.752
104.987 0.751
105.705 0.718
106.4 0.695
107.07 0.67
107.749 0.679
108.471 0.722
109.185 0.714
109.931 0.746
110.675 0.744
111.401 0.726
112.135 0.734
112.862 0.727
113.703 0.841
114.466 0.763
115.224 0.758
115.949 0.725
116.659 0.71
117.335 0.676
118.016 0.681
118.716 0.7
119.435 0.719
120.134 0.699
120.859 0.725
121.58 0.721
122.328 0.748
123.063 0.735
123.748 0.685
124.419 0.671
125.068 0.649
125.729 0.661
126.412 0.683
127.142 0.73
127.91 0.768
128.686 0.776
129.403 0.717
130.076 0.673
130.774 0.698
131.479 0.705
132.19 0.711
132.858 0.668
133.537 0.679
134.222 0.685
134.883 0.661
135.569 0.686
136.224 0.655
136.877 0.653
137.509 0.632
138.129 0.62
138.746 0.617
139.382 0.636
140.033 0.651
140.683 0.65
141.371 0.688
142.066 0.695
142.762 0.696
143.453 0.691
144.172 0.719
144.922 0.75
145.627 0.705
146.35 0.723
147.07 0.72
147.781 0.711
148.476 0.695
149.154 0.678
149.865 0.711
150.529 0.664
151.22 0.691
151.883 0.663
152.545 0.662
153.176 0.631
153.787 0.611
154.389 0.602
155.004 0.615
155.629 0.625
156.515 0.886
157.51 0.995
158.482 0.972
159.335 0.853
160.106 0.771
160.854 0.748
161.634 0.78
162.387 0.753
163.133 0.746
163.916 0.783
164.692 0.776
165.427 0.735
166.293 0.866
167.252 0.959
168.03 0.778
168.796 0.766
169.531 0.735
170.23 0.699
170.976 0.746
171.706 0.73
172.422 0.716
173.139 0.717
174.202 1.063
175.242 1.04
176.111 0.869
177.006 0.895
177.842 0.836
178.868 1.026
179.8 0.932
180.571 0.771
181.327 0.756
182.093 0.766
182.85 0.757
183.624 0.774
184.72 1.096
185.657 0.937
186.541 0.884
187.342 0.801
188.049 0.707
188.756 0.707
189.465 0.709
190.27 0.805
191.041 0.771
191.769 0.728
192.538 0.769
193.332 0.794
194.073 0.741
194.822 0.749
195.569 0.747
196.311 0.742
197.003 0.692
197.709 0.706
198.432 0.723
199.168 0.736
199.894 0.726
200.619 0.725
201.381 0.762
202.155 0.774
202.89 0.735
203.648 0.758
204.455 0.807
205.223 0.768
205.993 0.77
206.763 0.77
207.487 0.724
208.215 0.728
209.013 0.798
210.019 1.006
210.984 0.965
211.861 0.877
212.685 0.824
213.459 0.774
214.325 0.866
215.287 0.962
216.093 0.806
216.903 0.81
217.807 0.904
218.821 1.014
219.701 0.88
220.453 0.752
221.219 0.766
222.145 0.926
223.314 1.169
224.37 1.056
225.312 0.942
226.14 0.828
226.981 0.841
227.735 0.754
228.543 0.808
229.49 0.947
230.39 0.9
231.323 0.933
232.328 1.005
233.314 0.986
234.099 0.785
234.925 0.826
235.839 0.914
236.939 1.1
237.977 1.038
238.843 0.866
239.689 0.846
240.524 0.835
241.243 0.719
241.941 0.698
242.749 0.808
243.915 1.166
244.864 0.949
245.651 0.787
246.331 0.68
247.035 0.704
247.938 0.903
248.695 0.757
249.591 0.896
250.569 0.978
251.373 0.804
252.184 0.811
252.952 0.768
253.791 0.839
254.549 0.758
255.324 0.775
256.214 0.89
257.046 0.832
257.801 0.755
258.624 0.823
259.582 0.958
260.498 0.916
261.297 0.799
262.424 1.127
263.389 0.965
264.28 0.891
265.401 1.121
266.445 1.044
267.221 0.776
267.985 0.764
268.743 0.758
269.535 0.792
270.25 0.715
271.173 0.923
272.435 1.262
273.478 1.043
274.311 0.833
275.054 0.743
275.846 0.792
276.977 1.131
277.852 0.875
278.829 0.977
279.935 1.106
280.916 0.981
281.77 0.854
282.717 0.947
283.71 0.993
284.72 1.01
285.579 0.859
286.656 1.077
287.765 1.109
288.654 0.889
289.447 0.793
290.282 0.835
291.389 1.107
292.332 0.943
293.389 1.057
294.43 1.041
295.392 0.962
296.45 1.058
297.507 1.057
298.357 0.85
299.178 0.821
299.989 0.811
301.093 1.104
302.246 1.153
303.141 0.895
303.943 0.802
304.779 0.836
305.677 0.898
306.506 0.829
307.648 1.142
308.737 1.089
309.548 0.811
310.28 0.732
311.064 0.784
312.242 1.178
313.387 1.145
314.502 1.115
315.373 0.871
316.127 0.754
316.863 0.736
317.638 0.775
318.45 0.812
319.184 0.734
319.911 0.727
320.663 0.752
321.528 0.865
322.466 0.938
323.413 0.947
324.282 0.869
325.075 0.793
325.842 0.767
326.607 0.765
327.379 0.772
328.083 0.704
328.791 0.708
329.509 0.718
330.217 0.708
330.98 0.763
331.749 0.769
332.546 0.797
333.486 0.94
334.557 1.071
335.444 0.887
336.229 0.785
336.949 0.72
337.69 0.741
338.424 0.734
339.17 0.746
339.897 0.727
340.746 0.849
341.751 1.005
342.743 0.992
343.699 0.956
344.679 0.98
345.523 0.844
346.368 0.845
347.357 0.989
348.175 0.818
348.924 0.749
349.75 0.826
350.962 1.212
352.07 1.108
352.954 0.884
353.798 0.844
354.71 0.912
355.633 0.923
356.47 0.837
357.582 1.112
358.629 1.047
359.59 0.961
360.627 1.037
361.596 0.969
362.53 0.934
363.427 0.897
364.233 0.806
365.146 0.913
366.37 1.224
367.353 0.983
368.4 1.047
369.537 1.137
370.619 1.082
371.473 0.854
372.376 0.903
373.336 0.96
374.142 0.806
375.077 0.935
376.228 1.151
377.168 0.94
378.075 0.907
379.157 1.082
380.168 1.011
381.216 1.048
382.303 1.087
383.288 0.985
384.137 0.849
384.991 0.854
386.06 1.069
386.999 0.939
387.879 0.88
388.828 0.949
389.809 0.981
390.776 0.967
391.577 0.801
392.333 0.756
393.18 0.847
394.343 1.163
395.276 0.933
396.207 0.931
397.13 0.923
398.158 1.028
399.067 0.909
399.852 0.785
400.618 0.766
401.466 0.848
402.529 1.063
403.421 0.892
404.197 0.776
404.991 0.794
405.839 0.848
406.879 1.04
407.822 0.943
408.795 0.973
409.719 0.924
410.53 0.811
411.279 0.749
412.068 0.789
412.866 0.798
413.823 0.957
414.62 0.797
415.419 0.799
416.26 0.841
417.184 0.924
418.227 1.043
419.257 1.03
420.217 0.96
421.198 0.981
422.151 0.953
422.973 0.822
423.808 0.835
424.82 1.012
425.781 0.961
426.752 0.971
427.725 0.973
428.77 1.045
429.589 0.819
430.382 0.793
431.466 1.084
432.499 1.033
433.376 0.877
434.493 1.117
435.546 1.053
436.378 0.832
437.16 0.782
438.02 0.86
439.036 1.016
440.04 1.004
440.854 0.814
441.573 0.719
442.284 0.711
443.022 0.738
444.259 1.237
445.349 1.09
446.318 0.969
447.107 0.789
447.854 0.747
448.556 0.702
449.29 0.734
450.469 1.179
451.482 1.013
452.485 1.003
453.3 0.815
454.015 0.715
454.732 0.717
455.605 0.873
456.548 0.943
457.684 1.136
458.724 1.04
459.711 0.987
460.551 0.84
461.281 0.73
462.038 0.757
462.856 0.818
463.85 0.994
464.675 0.825
465.478 0.803
466.357 0.879
467.427 1.07
468.526 1.099
469.412 0.886
470.158 0.746
470.849 0.691
471.522 0.673
472.322 0.8
473.433 1.111
474.516 1.083
475.591 1.075
476.426 0.835
477.199 0.773
478.011 0.812
479.134 1.123
480.227 1.093
481.249 1.022
482.1 0.851
482.996 0.896
483.847 0.851
484.765 0.918
485.599 0.834
486.394 0.795
487.247 0.853
488.312 1.065
489.363 1.051
490.303 0.94
491.153 0.85
491.955 0.802
492.683 0.728
493.419 0.736
494.131 0.712
494.841 0.71
495.529 0.688
496.242 0.713
497.152 0.91
498.231 1.079
499.163 0.932
499.987 0.824
500.73 0.743
501.435 0.705
502.128 0.693
502.879 0.751
503.617 0.738
504.288 0.671
504.951 0.663
505.598 0.647
506.252 0.654
506.913 0.661
507.582 0.669
508.255 0.673
509.052 0.797
509.963 0.911
510.767 0.804
511.63 0.863
512.677 1.047
513.619 0.942
514.517 0.898
515.293 0.776
516.148 0.855
517.069 0.921
518.021 0.952
518.983 0.962
519.958 0.975
520.759 0.801
521.497 0.738
522.238 0.741
522.989 0.751
523.711 0.722
524.402 0.691
525.124 0.722
526.184 1.06
527.245 1.061
528.261 1.016
529.097 0.836
529.865 0.768
530.562 0.697
531.344 0.782
532.221 0.877
533.293 1.072
534.198 0.905
535.048 0.85
535.97 0.922
536.959 0.989
537.847 0.888
538.865 1.018
539.814 0.949
540.683 0.869
541.546 0.863
542.289 0.743
543.013 0.724
543.805 0.792
544.763 0.958
545.656 0.893
546.687 1.031
547.642 0.955
548.525 0.883
549.413 0.888
550.212 0.799
550.951 0.739
551.679 0.728
552.464 0.785
553.537 1.073
554.632 1.095
555.712 1.08
556.579 0.867
557.465 0.886
558.586 1.121
559.508 0.922
560.605 1.097
561.72 1.115
562.763 1.043
563.617 0.854
564.55 0.933
565.698 1.148
566.733 1.035
567.588 0.855
568.58 0.992
569.379 0.799
570.127 0.748
570.853 0.726
572.065 1.212
572.915 0.85
573.697 0.782
574.431 0.734
575.162 0.731
576.133 0.971
577.016 0.883
578.094 1.078
579.073 0.979
580.117 1.044
581.027 0.91
582.106 1.079
583.229 1.123
584.018 0.789
584.751 0.733
585.428 0.677
586.171 0.743
587.001 0.83
587.892 0.891
589.017 1.125
590.102 1.085
591.067 0.965
592.06 0.993
592.952 0.892
593.783 0.831
594.753 0.97
595.897 1.144
596.877 0.98
597.781 0.904
598.652 0.871
599.444 0.792
600.209 0.765
600.978 0.769
601.697 0.719
602.388 0.691
603.116 0.728
603.921 0.805