0.000 0.872
0.872 0.872
1.833 0.961
2.849 1.016
3.867 1.018
4.724 0.857
5.584 0.86
6.601 1.017
7.556 0.955
8.448 0.892
9.361 0.913
10.392 1.031
11.347 0.955
12.222 0.875
13.035 0.813
14.037 1.002
15.07 1.033
15.993 0.923
16.834 0.841
17.827 0.993
18.92 1.093
19.853 0.933
20.725 0.872
21.506 0.781
22.251 0.745
22.975 0.724
23.713 0.738
24.519 0.806
25.678 1.159
26.715 1.037
27.687 0.972
28.589 0.902
29.475 0.886
30.408 0.933
31.267 0.859
32.053 0.786
32.931 0.878
33.861 0.93
34.752 0.891
35.593 0.841
36.564 0.971
37.554 0.99
38.472 0.918
39.283 0.811
40.141 0.858
41.005 0.864
41.888 0.883
42.724 0.836
43.56 0.836
44.496 0.936
45.458 0.962
46.324 0.866
47.278 0.954
48.278 1.0
49.204 0.926
50.085 0.881
50.897 0.812
51.655 0.758
52.41 0.755
53.123 0.713
53.839 0.716
54.531 0.692
55.232 0.701
55.932 0.7
56.63 0.698
57.289 0.659
57.958 0.669
58.576 0.618
59.198 0.622
59.843 0.645
60.469 0.626
61.084 0.615
61.696 0.612
62.297 0.601
62.894 0.597
63.478 0.584
64.057 0.579
64.63 0.573
65.187 0.557
65.742 0.555
66.297 0.555
66.851 0.554
67.398 0.547
67.948 0.55
68.515 0.567
69.084 0.569
69.65 0.566
70.228 0.578
70.829 0.601
71.461 0.632
72.128 0.667
72.784 0.656
73.428 0.644
74.075 0.647
74.734 0.659
75.39 0.656
76.052 0.662
76.704 0.652
77.34 0.636
78.008 0.668
78.687 0.679
79.421 0.734
80.234 0.813
80.962 0.728
81.688 0.726
82.41 0.722
83.115 0.705
83.816 0.701
84.484 0.668
85.139 0.655
85.797 0.658
86.47 0.673
87.163 0.693
87.868 0.705
88.578 0.71
89.279 0.701
89.989 0.71
90.687 0.698
91.398 0.711
92.133 0.735
92.853 0.72
93.56 0.707
94.303 0.743
95.035 0.732
95.787 0.752
96.573 0.786
97.404 0.831
98.197 0.793
98.924 0.727
99.622 0.698
100.311 0.689
101.041 0.73
101.804 0.763
102.548 0.744
103.313 0.765
104.012 0.699
104.683 0.671
105.351 0.668
106.065 0.714
106.831 0.766
107.625 0.794
108.358 0.733
109.072 0.714
109.797 0.725
110.506 0.709
111.207 0.701
111.874 0.667
112.549 0.675
113.225 0.676
113.872 0.647
114.521 0.649
115.151 0.63
115.764 0.613
116.367 0.603
116.948 0.581
117.513 0.565
118.073 0.56
118.643 0.57
119.221 0.578
119.871 0.65
120.585 0.714
121.331 0.746
122.251 0.92
123.217 0.966
124.147 0.93
124.959 0.812
125.806 0.847
126.682 0.876
127.461 0.779
128.268 0.807
129.09 0.822
129.844 0.754
130.613 0.769
131.439 0.826
132.256 0.817
133.011 0.755
133.753 0.742
134.469 0.716
135.191 0.722
135.907 0.716
136.662 0.755
137.411 0.749
138.195 0.784
138.964 0.769
139.703 0.739
140.401 0.698
141.068 0.667
141.754 0.686
142.526 0.772
143.415 0.889
144.359 0.944
145.205 0.846
146.035 0.83
146.874 0.839
147.706 0.832
148.514 0.808
149.305 0.791
150.052 0.747
150.772 0.72
151.459 0.687
152.131 0.672
152.777 0.646
153.49 0.713
154.317 0.827
155.236 0.919
156.005 0.769
156.786 0.781
157.63 0.844
158.419 0.789
159.184 0.765
159.905 0.721
160.656 0.751
161.476 0.82
162.249 0.773
163.01 0.761
163.816 0.806
164.672 0.856
165.497 0.825
166.298 0.801
167.045 0.747
167.775 0.73
168.51 0.735
169.191 0.681
169.888 0.697
170.561 0.673
171.217 0.656
171.878 0.661
172.531 0.653
173.196 0.665
173.908 0.712
174.6 0.692
175.29 0.69
175.985 0.695
176.672 0.687
177.336 0.664
178.016 0.68
178.723 0.707
179.396 0.673
180.082 0.686
180.773 0.691
181.473 0.7
182.168 0.695
182.836 0.668
183.51 0.674
184.204 0.694
184.871 0.667
185.54 0.669
186.156 0.616
186.822 0.666
187.513 0.691
188.234 0.721
188.924 0.69
189.579 0.655
190.228 0.649
191.444 1.216
192.335 0.891
193.207 0.872
194.2 0.993
195.186 0.986
195.956 0.77
196.721 0.765
197.475 0.754
198.275 0.8
199.021 0.746
199.783 0.762
200.468 0.685
201.119 0.651
201.742 0.623
202.359 0.617
203.009 0.65
203.686 0.677
204.514 0.828
205.295 0.781
206.119 0.824
206.923 0.804
207.614 0.691
208.29 0.676
208.949 0.659
209.635 0.686
210.378 0.743
211.167 0.789
212.003 0.836
212.849 0.846
213.675 0.826
214.57 0.895
215.36 0.79
216.132 0.772
216.886 0.754
217.649 0.763
218.47 0.821
219.231 0.761
219.964 0.733
220.645 0.681
221.314 0.669
221.942 0.628
222.538 0.596
223.131 0.593
223.745 0.614
224.854 1.109
225.886 1.032
226.876 0.99
227.888 1.012
228.79 0.902
229.541 0.751
230.23 0.689
230.871 0.641
231.513 0.642
232.16 0.647
233.125 0.965
233.855 0.73
234.773 0.918
235.817 1.044
236.888 1.071
237.84 0.952
238.776 0.936
239.78 1.004
240.78 1.0
241.598 0.818
242.517 0.919
243.362 0.845
244.192 0.83
245.019 0.827
245.953 0.934
246.928 0.975
247.878 0.95
248.656 0.778
249.411 0.755
250.114 0.703
250.834 0.72
251.551 0.717
252.291 0.74
253.007 0.716
253.684 0.677
254.337 0.653
254.987 0.65
255.708 0.721
256.536 0.828
257.471 0.935
258.341 0.87
259.112 0.771
259.856 0.744
260.57 0.714
261.245 0.675
261.927 0.682
262.598 0.671
263.284 0.686
263.927 0.643
264.593 0.666
265.254 0.661
265.937 0.683
266.61 0.673
267.297 0.687
268.014 0.717
268.821 0.807
269.552 0.731
270.331 0.779
271.093 0.762
271.77 0.677
272.447 0.677
273.119 0.672
273.824 0.705
274.521 0.697
275.247 0.726
275.947 0.7
276.655 0.708
277.317 0.662
278.018 0.701
278.727 0.709
279.488 0.761
280.235 0.747
280.946 0.711
281.673 0.727
282.386 0.713
283.092 0.706
283.772 0.68
284.451 0.679
285.111 0.66
285.75 0.639
286.363 0.613
286.96 0.597
287.558 0.598
288.269 0.711
289.143 0.874
289.983 0.84
290.839 0.856
291.613 0.774
292.393 0.78
293.229 0.836
294.021 0.792
294.794 0.773
295.622 0.828
296.485 0.863
297.303 0.818
298.215 0.912
299.083 0.868
299.82 0.737
300.505 0.685
301.172 0.667
301.818 0.646
302.505 0.687
303.294 0.789
304.036 0.742
304.835 0.799
305.665 0.83
306.537 0.872
307.296 0.759
308.083 0.787
308.926 0.843
309.77 0.844
310.547 0.777
311.334 0.787
312.099 0.765
312.856 0.757
313.637 0.781
314.382 0.745
315.127 0.745
315.83 0.703
316.548 0.718
317.272 0.724
318.007 0.735
318.806 0.799
319.53 0.724
320.236 0.706
320.926 0.69
321.617 0.691
322.306 0.689
322.989 0.683
323.662 0.673
324.366 0.704
325.103 0.737
325.847 0.744
326.538 0.691
327.219 0.681
327.914 0.695
328.653 0.739
329.484 0.831
330.3 0.816
331.062 0.762
331.798 0.736
332.492 0.694
333.226 0.734
333.96 0.734
334.722 0.762
335.483 0.761
336.253 0.77
337.043 0.79
337.85 0.807
338.641 0.791
339.406 0.765
340.118 0.712
340.819 0.701
341.492 0.673
342.169 0.677
342.839 0.67
343.517 0.678
344.205 0.688
344.895 0.69
345.537 0.642
346.19 0.653
346.851 0.661
347.539 0.688
348.251 0.712
348.931 0.68
349.635 0.704
350.347 0.712
351.075 0.728
351.793 0.718
352.491 0.698
353.159 0.668
353.794 0.635
354.43 0.636
355.049 0.619
355.69 0.641
356.34 0.65
357.042 0.702
357.778 0.736
358.521 0.743
359.319 0.798
360.05 0.731
360.741 0.691
361.454 0.713
362.185 0.731
363.014 0.829
363.843 0.829
364.585 0.742
365.272 0.687
365.967 0.695
366.617 0.65
367.255 0.638
367.912 0.657
368.58 0.668
369.348 0.768
370.297 0.949
371.21 0.913
372.091 0.881
372.958 0.867
373.714 0.756
374.414 0.7
375.077 0.663
375.734 0.657
376.4 0.666
377.111 0.711
377.82 0.709
378.548 0.728
379.326 0.778
380.119 0.793
380.874 0.755
381.633 0.759
382.363 0.73
383.11 0.747
383.867 0.757
384.569 0.702
385.244 0.675
385.921 0.677
386.63 0.709
387.493 0.863
388.29 0.797
389.135 0.845
390.041 0.906
390.963 0.922
391.757 0.794
392.486 0.729
393.186 0.7
393.852 0.666
394.485 0.633
395.133 0.648
395.764 0.631
396.464 0.7
397.21 0.746
397.976 0.766
398.717 0.741
399.39 0.673
400.057 0.667
400.711 0.654
401.384 0.673
402.112 0.728
402.832 0.72
403.56 0.728
404.337 0.777
405.142 0.805
405.94 0.798
406.753 0.813
407.512 0.759
408.231 0.719
408.941 0.71
409.671 0.73
410.391 0.72
411.083 0.692
411.759 0.676
412.446 0.687
413.144 0.698
413.901 0.757
414.759 0.858
415.638 0.879
416.461 0.823
417.229 0.768
417.967 0.738
418.668 0.701
419.353 0.685
420.004 0.651
420.642 0.638
421.297 0.655
421.936 0.639
422.585 0.649
423.238 0.653
423.879 0.641
424.493 0.614
425.112 0.619
425.718 0.606
426.339 0.621
426.958 0.619
427.622 0.664
428.314 0.692
429.037 0.723
429.722 0.685
430.457 0.735
431.207 0.75
431.943 0.736
432.674 0.731
433.385 0.711
434.106 0.721
434.776 0.67
435.451 0.675
436.119 0.668
436.79 0.671
437.467 0.677
438.18 0.713
438.887 0.707
439.636 0.749
440.338 0.702
441.027 0.689
441.704 0.677
442.465 0.761
443.338 0.873
444.161 0.823
444.917 0.756
445.684 0.767
446.449 0.765
447.238 0.789
447.948 0.71
448.667 0.719
449.412 0.745
450.235 0.823
451.12 0.885
452.032 0.912
452.971 0.939
453.765 0.794
454.508 0.743
455.254 0.746
456.047 0.793
456.894 0.847
457.708 0.814
458.528 0.82
459.321 0.793
460.104 0.783
460.852 0.748
461.697 0.845
462.551 0.854
463.294 0.743
464.06 0.766
464.827 0.767
465.637 0.81
466.366 0.729
467.072 0.706
467.757 0.685
468.43 0.673
469.095 0.665
469.779 0.684
470.461 0.682
471.203 0.742
471.997 0.794
472.828 0.831
473.666 0.838
474.415 0.749
475.127 0.712
475.843 0.716
476.579 0.736
477.368 0.789
478.106 0.738
478.893 0.787
479.705 0.812
480.583 0.878
481.359 0.776
482.157 0.798
482.986 0.829
483.897 0.911
484.756 0.859
485.549 0.793
486.335 0.786
487.119 0.784
487.837 0.718
488.574 0.737
489.349 0.775
490.186 0.837
490.975 0.789
491.719 0.744
492.463 0.744
493.195 0.732
493.979 0.784
494.794 0.815
495.53 0.736
496.284 0.754
497.082 0.798
497.96 0.878
498.795 0.835
499.545 0.75
500.299 0.754
501.027 0.728
501.791 0.764
502.576 0.785
503.345 0.769
504.13 0.785
504.926 0.796
505.717 0.791
506.49 0.773
507.316 0.826
508.176 0.86
509.047 0.871
509.844 0.797
510.58 0.736
511.31 0.73
512.057 0.747
512.851 0.794
513.595 0.744
514.431 0.836
515.342 0.911
516.191 0.849
517.004 0.813
517.837 0.833
518.577 0.74
519.307 0.73
520.06 0.753
520.752 0.692
521.46 0.708
522.159 0.699
522.892 0.733
523.602 0.71
524.282 0.68
524.961 0.679
525.646 0.685
526.344 0.698
527.056 0.712
527.773 0.717
528.462 0.689
529.129 0.667
529.794 0.665
530.475 0.681
531.189 0.714
531.858 0.669
532.594 0.736
533.331 0.737
534.107 0.776
534.836 0.729
535.501 0.665
536.168 0.667
536.838 0.67
537.539 0.701
538.265 0.726
538.972 0.707
539.672 0.7
540.407 0.735
541.182 0.775
541.907 0.725
542.659 0.752
543.412 0.753
544.108 0.696
544.834 0.726
545.601 0.767
546.399 0.798
547.116 0.717
547.866 0.75
548.626 0.76
549.38 0.754
550.09 0.71
550.796 0.706
551.503 0.707
552.245 0.742
553.031 0.786
553.75 0.719
554.557 0.807
555.303 0.746
556.001 0.698
556.697 0.696
557.38 0.683
558.048 0.668
558.696 0.648
559.368 0.672
560.053 0.685
560.713 0.66
561.385 0.672
562.041 0.656
562.686 0.645
563.342 0.656
563.975 0.633
564.618 0.643
565.247 0.629
565.867 0.62
566.471 0.604
567.065 0.594
567.633 0.568
568.212 0.579
568.784 0.572
569.356 0.572
569.95 0.594
570.557 0.607
571.177 0.62
571.828 0.651
572.461 0.633
573.077 0.616
573.682 0.605
574.273 0.591
574.878 0.605
575.471 0.593
576.06 0.589
576.639 0.579
577.218 0.579
577.794 0.576
578.363 0.569
578.923 0.56
579.479 0.556
580.026 0.547
580.565 0.539
581.1 0.535
581.622 0.522
582.14 0.518
582.653 0.513
583.162 0.509
583.67 0.508
584.189 0.519
584.702 0.513
585.223 0.521
585.767 0.544
586.332 0.565
586.989 0.657
587.695 0.706
588.41 0.715
589.148 0.738
589.898 0.75
590.631 0.733
591.37 0.739
592.157 0.787
592.884 0.727
593.622 0.738
594.364 0.742
595.056 0.692
595.715 0.659
596.349 0.634
596.974 0.625
597.608 0.634
598.223 0.615
598.824 0.601
599.471 0.647