0.000 1.014
1.014 1.014
1.816 0.802
2.618 0.802
3.363 0.745
4.116 0.753
4.877 0.761
5.614 0.737
6.671 1.057
7.586 0.915
8.414 0.828
9.271 0.857
10.116 0.845
10.928 0.812
11.718 0.79
12.476 0.758
13.25 0.774
14.154 0.904
14.94 0.786
15.724 0.784
16.747 1.023
17.614 0.867
18.442 0.828
19.301 0.859
20.128 0.827
21.002 0.874
21.964 0.962
23.119 1.155
24.193 1.074
25.072 0.879
25.912 0.84
26.792 0.88
27.664 0.872
28.517 0.853
29.455 0.938
30.613 1.158
31.661 1.048
32.57 0.909
33.438 0.868
34.35 0.912
35.248 0.898
36.112 0.864
37.049 0.937
38.257 1.208
39.337 1.08
40.281 0.944
41.161 0.88
42.063 0.902
42.955 0.892
43.903 0.948
45.14 1.237
46.206 1.066
47.157 0.951
48.108 0.951
49.292 1.184
50.405 1.113
51.33 0.925
52.229 0.899
53.249 1.02
54.487 1.238
55.594 1.107
56.559 0.965
57.462 0.903
58.408 0.946
59.33 0.922
60.282 0.952
61.534 1.252
62.627 1.093
63.581 0.954
64.469 0.888
65.421 0.952
66.351 0.93
67.201 0.85
68.122 0.921
69.065 0.943
70.005 0.94
71.197 1.192
72.234 1.037
73.204 0.97
74.083 0.879
74.906 0.823
75.76 0.854
76.77 1.01
77.625 0.855
78.461 0.836
79.331 0.87
80.257 0.926
81.188 0.931
82.071 0.883
82.973 0.902
83.904 0.931
84.83 0.926
85.716 0.886
86.565 0.849
87.464 0.899
88.402 0.938
89.356 0.954
90.339 0.983
91.123 0.784
92.285 1.162
93.383 1.098
94.355 0.972
95.307 0.952
96.219 0.912
97.127 0.908
98.009 0.882
98.945 0.936
99.986 1.041
101.217 1.231
102.122 0.905
102.956 0.834
103.775 0.819
104.578 0.803
105.722 1.144
106.717 0.995
107.532 0.815
108.361 0.829
109.349 0.988
110.366 1.017
111.576 1.21
112.637 1.061
113.634 0.997
114.59 0.956
115.552 0.962
116.579 1.027
117.822 1.243
118.894 1.072
119.954 1.06
120.914 0.96
121.848 0.934
122.804 0.956
123.784 0.98
124.998 1.214
126.036 1.038
127.009 0.973
127.919 0.91
128.798 0.879
129.758 0.96
130.707 0.949
131.632 0.925
132.628 0.996
133.862 1.234
134.967 1.105
136.023 1.056
137.04 1.017
138.029 0.989
138.932 0.903
139.883 0.951
140.805 0.922
141.725 0.92
142.736 1.011
144.015 1.279
145.118 1.103
146.169 1.051
147.139 0.97
148.102 0.963
149.054 0.952
149.971 0.917
150.955 0.984
152.218 1.263
153.31 1.092
154.335 1.025
155.283 0.948
156.208 0.925
157.151 0.943
158.121 0.97
159.081 0.96
160.316 1.235
161.376 1.06
162.416 1.04
163.35 0.934
164.246 0.896
165.198 0.952
166.127 0.929
167.048 0.921
168.066 1.018
169.005 0.939
169.925 0.92
170.893 0.968
171.825 0.932
172.799 0.974
173.772 0.973
174.693 0.921
175.654 0.961
176.624 0.97
177.507 0.883
178.418 0.911
179.337 0.919
180.238 0.901
181.122 0.884
182.05 0.928
182.957 0.907
183.877 0.92
184.802 0.925
185.696 0.894
186.622 0.926
187.553 0.931
188.457 0.904
189.394 0.937
190.317 0.923
191.211 0.894
192.144 0.933
193.088 0.944
193.972 0.884
194.886 0.914
195.787 0.901
196.733 0.946
197.687 0.954
198.593 0.906
199.528 0.935
200.456 0.928
201.314 0.858
202.223 0.909
203.148 0.925
204.026 0.878
204.928 0.902
205.855 0.927
206.755 0.9
207.637 0.882
208.543 0.906
209.454 0.911
210.332 0.878
211.255 0.923
212.184 0.929
213.085 0.901
214.04 0.955
214.988 0.948
215.897 0.909
216.826 0.929
217.772 0.946
218.681 0.909
219.622 0.941
220.554 0.932
221.458 0.904
222.401 0.943
223.308 0.907
224.177 0.869
225.091 0.914
225.979 0.888
226.847 0.868
227.756 0.909
228.659 0.903
229.535 0.876
230.464 0.929
231.369 0.905
232.24 0.871
233.149 0.909
234.059 0.91
234.938 0.879
235.86 0.922
236.814 0.954
237.794 0.98
238.869 1.075
239.624 0.755
240.334 0.71
241.038 0.704
241.804 0.766
242.63 0.826
243.389 0.759
244.21 0.821
245.424 1.214
246.517 1.093
247.485 0.968
248.391 0.906
249.302 0.911
250.17 0.868
251.085 0.915
251.986 0.901
252.919 0.933
253.843 0.924
254.711 0.868
255.617 0.906
256.556 0.939
257.473 0.917
258.421 0.948
259.346 0.925
260.256 0.91
261.181 0.925
262.082 0.901
263.015 0.933
263.946 0.931
264.847 0.901
265.78 0.933
266.725 0.945
267.635 0.91
268.523 0.888
269.451 0.928
270.404 0.953
271.313 0.909
272.256 0.943
273.202 0.946
274.101 0.899
275.033 0.932
275.961 0.928
276.866 0.905
277.797 0.931
278.734 0.937
279.641 0.907
280.621 0.98
281.65 1.029
282.846 1.196
283.93 1.084
284.946 1.016
285.835 0.889
286.679 0.844
287.452 0.773
288.315 0.863
289.499 1.184
290.556 1.057
291.505 0.949
292.441 0.936
293.352 0.911
294.286 0.934
295.225 0.939
296.123 0.898
297.068 0.945
298.008 0.94
298.94 0.932
299.914 0.974
300.87 0.956
301.791 0.921
302.73 0.939
303.667 0.937
304.581 0.914
305.527 0.946
306.455 0.928
307.355 0.9
308.286 0.931
309.192 0.906
310.118 0.926
311.053 0.935
311.933 0.88
312.868 0.935
313.797 0.929
314.687 0.89
315.626 0.939
316.548 0.922
317.468 0.92
318.407 0.939
319.325 0.918
320.256 0.931
321.164 0.908
322.047 0.883
322.975 0.928
323.895 0.92
324.815 0.92
325.747 0.932
326.643 0.896
327.544 0.901
328.472 0.928
329.38 0.908
330.282 0.902
331.203 0.921
332.118 0.915
332.998 0.88
333.923 0.925
334.842 0.919
335.714 0.872
336.631 0.917
337.576 0.945
338.487 0.911
339.394 0.907
340.337 0.943
341.26 0.923
342.171 0.911
343.109 0.938
344.037 0.928
344.921 0.884
345.847 0.926
346.774 0.927
347.661 0.887
348.591 0.93
349.512 0.921
350.388 0.876
351.312 0.924
352.23 0.918
353.092 0.862
354.017 0.925
354.938 0.921
355.832 0.894
356.774 0.942
357.686 0.912
358.565 0.879
359.491 0.926
360.394 0.903
361.26 0.866
362.17 0.91
363.065 0.895
363.93 0.865
364.858 0.928
365.787 0.929
366.661 0.874
367.584 0.923
368.522 0.938
369.415 0.893
370.32 0.905
371.245 0.925
372.141 0.896
373.002 0.861
373.922 0.92
374.835 0.913
375.718 0.883
376.659 0.941
377.58 0.921
378.475 0.895
379.4 0.925
380.297 0.897
381.203 0.906
382.147 0.944
383.066 0.919
383.983 0.917
384.844 0.861
385.59 0.746
386.288 0.698
386.964 0.676
387.622 0.658
388.281 0.659
389.46 1.179
390.507 1.047
391.486 0.979
392.452 0.966
393.394 0.942
394.343 0.949
395.281 0.938
396.211 0.93
397.134 0.923
398.015 0.881
398.777 0.762
399.495 0.718
400.223 0.728
401.015 0.792
401.788 0.773
402.57 0.782
403.331 0.761
404.122 0.791
405.037 0.915
405.931 0.894
406.863 0.932
407.784 0.921
408.672 0.888
409.567 0.895
410.627 1.06
411.511 0.884
412.298 0.787
413.107 0.809
413.886 0.779
414.629 0.743
415.526 0.897
416.719 1.193
417.716 0.997
418.666 0.95
419.61 0.944
420.512 0.902
421.441 0.929
422.366 0.925
423.243 0.877
424.148 0.905
425.069 0.921
425.975 0.906
426.928 0.953
427.858 0.93
428.753 0.895
429.682 0.929
430.588 0.906
431.495 0.907
432.414 0.919
433.305 0.891
434.218 0.913
435.145 0.927
436.048 0.903
436.962 0.914
437.864 0.902
438.75 0.886
439.668 0.918
440.581 0.913
441.454 0.873
442.354 0.9
443.259 0.905
444.136 0.877
445.063 0.927
445.991 0.928
446.857 0.866
447.773 0.916
448.714 0.941
449.628 0.914
450.58 0.952
451.527 0.947
452.424 0.897
453.354 0.93
454.284 0.93
455.184 0.9
456.11 0.926
457.036 0.926
457.922 0.886
458.86 0.938
459.795 0.935
460.699 0.904
461.636 0.937
462.578 0.942
463.486 0.908
464.421 0.935
465.366 0.945
466.268 0.902
467.175 0.907
468.114 0.939
469.015 0.901
469.938 0.923
470.882 0.944
471.788 0.906
472.715 0.927
473.652 0.937
474.563 0.911
475.474 0.911
476.407 0.933
477.325 0.918
478.207 0.882
479.137 0.93
480.072 0.935
480.97 0.898
481.892 0.922
482.834 0.942
483.741 0.907
484.654 0.913
485.605 0.951
486.553 0.948
487.468 0.915
488.411 0.943
489.342 0.931
490.24 0.898
491.182 0.942
492.117 0.935
493.013 0.896
493.939 0.926
494.865 0.926
495.77 0.905
496.698 0.928
497.64 0.942
498.556 0.916
499.513 0.957
500.467 0.954
501.379 0.912
502.31 0.931
503.243 0.933
504.137 0.894
505.048 0.911
505.966 0.918
506.879 0.913
507.767 0.888
508.694 0.927
509.639 0.945
510.524 0.885
511.445 0.921
512.351 0.906
513.226 0.875
514.148 0.922
515.055 0.907
515.924 0.869
516.84 0.916
517.757 0.917
518.638 0.881
519.568 0.93
520.505 0.937
521.395 0.89
522.332 0.937
523.257 0.925
524.138 0.881
525.052 0.914
525.945 0.893
526.814 0.869
527.728 0.914
528.64 0.912
529.503 0.863
530.423 0.92
531.364 0.941
532.246 0.882
533.16 0.914
534.076 0.916
534.96 0.884
535.877 0.917
536.796 0.919
537.673 0.877
538.583 0.91
539.494 0.911
540.369 0.875
541.285 0.916
542.206 0.921
543.085 0.879
543.983 0.898
544.894 0.911
545.789 0.895
546.657 0.868
547.568 0.911
548.472 0.904
549.339 0.867
550.258 0.919
551.19 0.932
552.069 0.879
552.964 0.895
553.861 0.897
554.717 0.856
555.613 0.896
556.525 0.912
557.394 0.869
558.289 0.895
559.227 0.938
560.118 0.891
561.039 0.921
561.938 0.899
562.819 0.881
563.727 0.908
564.626 0.899
565.503 0.877
566.391 0.888
567.198 0.807
567.993 0.795
568.825 0.832
569.688 0.863
570.723 1.035
571.796 1.073
572.68 0.884
573.486 0.806
574.288 0.802
575.116 0.828
576.058 0.942
577.221 1.163
578.232 1.011
579.15 0.918
580.066 0.916
580.963 0.897
581.862 0.899
582.772 0.91
583.669 0.897
584.562 0.893
585.474 0.912
586.385 0.911
587.277 0.892
588.19 0.913
589.072 0.882
589.928 0.856
590.723 0.795
591.532 0.809
592.307 0.775
593.177 0.87
594.233 1.056
595.102 0.869
595.949 0.847
596.806 0.857
597.575 0.769
598.321 0.746
599.046 0.725
599.761 0.715
600.573 0.812
601.358 0.785
602.301 0.943