0.000 0.75
0.75 0.75
1.502 0.752
2.262 0.76
3.035 0.773
3.766 0.731
4.493 0.727
5.223 0.73
5.988 0.765
6.713 0.725
7.423 0.71
8.114 0.691
8.834 0.72
9.564 0.73
10.278 0.714
11.014 0.736
11.796 0.782
12.586 0.79
13.368 0.782
14.184 0.816
15.035 0.851
15.926 0.891
16.743 0.817
17.543 0.8
18.341 0.798
19.113 0.772
19.96 0.847
20.856 0.896
21.706 0.85
22.572 0.866
23.389 0.817
24.19 0.801
25.034 0.844
25.984 0.95
26.98 0.996
27.923 0.943
28.744 0.821
29.581 0.837
30.394 0.813
31.229 0.835
31.993 0.764
32.843 0.85
33.779 0.936
34.74 0.961
35.639 0.899
36.532 0.893
37.456 0.924
38.405 0.949
39.315 0.91
40.155 0.84
41.003 0.848
41.85 0.847
42.685 0.835
43.475 0.79
44.256 0.781
45.025 0.769
45.778 0.753
46.531 0.753
47.32 0.789
48.193 0.873
49.113 0.92
50.04 0.927
50.885 0.845
51.766 0.881
52.672 0.906
53.623 0.951
54.545 0.922
55.397 0.852
56.223 0.826
57.072 0.849
57.99 0.918
58.869 0.879
59.685 0.816
60.545 0.86
61.462 0.917
62.327 0.865
63.193 0.866
64.018 0.825
64.857 0.839
65.639 0.782
66.408 0.769
67.267 0.859
68.188 0.921
69.097 0.909
69.997 0.9
70.878 0.881
71.735 0.857
72.555 0.82
73.437 0.882
74.349 0.912
75.272 0.923
76.131 0.859
76.952 0.821
77.822 0.87
78.735 0.913
79.674 0.939
80.54 0.866
81.367 0.827
82.25 0.883
83.172 0.922
84.104 0.932
84.97 0.866
85.804 0.834
86.668 0.864
87.586 0.918
88.468 0.882
89.297 0.829
90.164 0.867
91.066 0.902
91.926 0.86
92.751 0.825
93.527 0.776
94.294 0.767
95.049 0.755
95.951 0.902
96.892 0.941
97.832 0.94
98.721 0.889
99.581 0.86
100.438 0.857
101.311 0.873
102.122 0.811
102.893 0.771
103.651 0.758
104.399 0.748
105.158 0.759
105.9 0.742
106.671 0.771
107.441 0.77
108.225 0.784
109.04 0.815
109.905 0.865
110.807 0.902
111.71 0.903
112.564 0.854
113.403 0.839
114.257 0.854
115.075 0.818
115.908 0.833
116.737 0.829
117.559 0.822
118.4 0.841
119.234 0.834
120.016 0.782
120.782 0.766
121.638 0.856
122.516 0.878
123.354 0.838
124.215 0.861
125.113 0.898
126.048 0.935
126.959 0.911
127.809 0.85
128.665 0.856
129.563 0.898
130.46 0.897
131.315 0.855
132.178 0.863
133.058 0.88
133.932 0.874
134.754 0.822
135.557 0.803
136.409 0.852
137.311 0.902
138.198 0.887
139.05 0.852
139.934 0.884
140.82 0.886
141.702 0.882
142.535 0.833
143.397 0.862
144.262 0.865
145.139 0.877
145.962 0.823
146.818 0.856
147.7 0.882
148.599 0.899
149.495 0.896
150.413 0.918
151.332 0.919
152.234 0.902
153.035 0.801
153.859 0.824
154.732 0.873
155.651 0.919
156.547 0.896
157.395 0.848
158.279 0.884
159.137 0.858
159.978 0.841
160.825 0.847
161.707 0.882
162.614 0.907
163.511 0.897
164.365 0.854
165.238 0.873
166.144 0.906
167.046 0.902
167.937 0.891
168.788 0.851
169.636 0.848
170.513 0.877
171.436 0.923
172.342 0.906
173.201 0.859
174.067 0.866
174.955 0.888
175.845 0.89
176.75 0.905
177.624 0.874
178.49 0.866
179.387 0.897
180.269 0.882
181.125 0.856
181.974 0.849
182.863 0.889
183.758 0.895
184.659 0.901
185.541 0.882
186.436 0.895
187.339 0.903
188.246 0.907
189.117 0.871
189.945 0.828
190.816 0.871
191.713 0.897
192.596 0.883
193.438 0.842
194.289 0.851
195.156 0.867
196.069 0.913
196.942 0.873
197.79 0.848
198.674 0.884
199.561 0.887
200.413 0.852
201.238 0.825
202.095 0.857
202.96 0.865
203.838 0.878
204.686 0.848
205.551 0.865
206.432 0.881
207.307 0.875
208.154 0.847
208.995 0.841
209.849 0.854
210.734 0.885
211.594 0.86
212.457 0.863
213.353 0.896
214.284 0.931
215.166 0.882
216.034 0.868
216.889 0.855
217.708 0.819
218.501 0.793
219.352 0.851
220.218 0.866
221.044 0.826
221.839 0.795
222.601 0.762
223.35 0.749
224.104 0.754
224.897 0.793
225.723 0.826
226.493 0.77
227.273 0.78
228.077 0.804
228.912 0.835
229.746 0.834
230.556 0.81
231.362 0.806
232.165 0.803
232.993 0.828
233.798 0.805
234.587 0.789
235.432 0.845
236.296 0.864
237.138 0.842
237.945 0.807
238.782 0.837
239.602 0.82
240.45 0.848
241.239 0.789
242.002 0.763
242.749 0.747
243.579 0.83
244.513 0.934
245.335 0.822
246.111 0.776
246.875 0.764
247.646 0.771
248.437 0.791
249.323 0.886
250.124 0.801
250.957 0.833
251.796 0.839
252.613 0.817
253.382 0.769
254.159 0.777
254.938 0.779
255.731 0.793
256.573 0.842
257.421 0.848
258.21 0.789
258.977 0.767
259.739 0.762
260.488 0.749
261.264 0.776
262.076 0.812
262.956 0.88
263.875 0.919
264.78 0.905
265.635 0.855
266.452 0.817
267.282 0.83
268.16 0.878
269.07 0.91
269.977 0.907
270.828 0.851
271.626 0.798
272.455 0.829
273.321 0.866
274.134 0.813
274.969 0.835
275.809 0.84
276.577 0.768
277.36 0.783
278.108 0.748
278.84 0.732
279.556 0.716
280.267 0.711
280.975 0.708
281.685 0.71
282.421 0.736
283.143 0.722
283.869 0.726
284.59 0.721
285.338 0.748
286.087 0.749
286.809 0.722
287.51 0.701
288.233 0.723
288.972 0.739
289.721 0.749
290.438 0.717
291.159 0.721
291.885 0.726
292.629 0.744
293.405 0.776
294.217 0.812
295.079 0.862
295.957 0.878
296.855 0.898
297.746 0.891
298.626 0.88
299.456 0.83
300.277 0.821
301.104 0.827
301.948 0.844
302.802 0.854
303.619 0.817
304.438 0.819
305.281 0.843
306.171 0.89
307.05 0.879
307.867 0.817
308.706 0.839
309.582 0.876
310.463 0.881
311.36 0.897
312.203 0.843
313.025 0.822
313.892 0.867
314.752 0.86
315.586 0.834
316.44 0.854
317.226 0.786
317.969 0.743
318.73 0.761
319.495 0.765
320.293 0.798
321.15 0.857
322.017 0.867
322.873 0.856
323.74 0.867
324.643 0.903
325.558 0.915
326.475 0.917
327.4 0.925
328.346 0.946
329.235 0.889
330.049 0.814
330.877 0.828
331.753 0.876
332.63 0.877
333.48 0.85
334.291 0.811
335.149 0.858
336.071 0.922
336.973 0.902
337.837 0.864
338.77 0.933
339.692 0.922
340.602 0.91
341.472 0.87
342.33 0.858
343.233 0.903
344.166 0.933
345.075 0.909
345.924 0.849
346.803 0.879
347.721 0.918
348.65 0.929
349.53 0.88
350.399 0.869
351.307 0.908
352.186 0.879
353.037 0.851
353.825 0.788
354.623 0.798
355.477 0.854
356.367 0.89
357.261 0.894
358.171 0.91
359.023 0.852
359.914 0.891
360.771 0.857
361.617 0.846
362.423 0.806
363.223 0.8
364.013 0.79
364.801 0.788
365.575 0.774
366.363 0.788
367.172 0.809
368.034 0.862
368.97 0.936
369.85 0.88
370.706 0.856
371.591 0.885
372.477 0.886
373.343 0.866
374.165 0.822
375.024 0.859
375.923 0.899
376.818 0.895
377.685 0.867
378.561 0.876
379.456 0.895
380.36 0.904
381.259 0.899
382.137 0.878
383.052 0.915
383.981 0.929
384.887 0.906
385.798 0.911
386.74 0.942
387.661 0.921
388.541 0.88
389.454 0.913
390.414 0.96
391.374 0.96
392.277 0.903
393.174 0.897
394.113 0.939
395.066 0.953
396.0 0.934
396.962 0.962
397.885 0.923
398.806 0.921
399.729 0.923
400.649 0.92
401.508 0.859
402.422 0.914
403.4 0.978
404.347 0.947
405.239 0.892
406.173 0.934
407.112 0.939
408.05 0.938
408.968 0.918
409.889 0.921
410.793 0.904
411.696 0.903
412.616 0.92
413.459 0.843
414.282 0.823
415.091 0.809
415.942 0.851
416.917 0.975
417.97 1.053
418.942 0.972
419.855 0.913
420.782 0.927
421.722 0.94
422.657 0.935
423.566 0.909
424.533 0.967
425.477 0.944
426.368 0.891
427.303 0.935
428.266 0.963
429.222 0.956
430.149 0.927
431.12 0.971
432.086 0.966
432.99 0.904
433.927 0.937
434.898 0.971
435.824 0.926
436.709 0.885
437.629 0.92
438.567 0.938
439.458 0.891
440.349 0.891
441.289 0.94
442.251 0.962
443.168 0.917
444.05 0.882
444.965 0.915
445.915 0.95
446.84 0.925
447.765 0.925
448.64 0.875
449.545 0.905
450.477 0.932
451.339 0.862
452.191 0.852
453.08 0.889
454.02 0.94
454.952 0.932
455.823 0.871
456.699 0.876
457.614 0.915
458.54 0.926
459.411 0.871
460.272 0.861
461.171 0.899
462.096 0.925
462.982 0.886
463.86 0.878
464.763 0.903
465.681 0.918
466.561 0.88
467.42 0.859
468.295 0.875
469.192 0.897
470.117 0.925
470.989 0.872
471.858 0.869
472.719 0.861
473.572 0.853
474.384 0.812
475.243 0.859
476.142 0.899
477.076 0.934
477.975 0.899
478.881 0.906
479.797 0.916
480.718 0.921
481.6 0.882
482.445 0.845
483.283 0.838
484.106 0.823
484.876 0.77
485.638 0.762
486.42 0.782
487.209 0.789
488.01 0.801
488.811 0.801
489.618 0.807
490.453 0.835
491.327 0.874
492.171 0.844
492.946 0.775
493.705 0.759
494.482 0.777
495.244 0.762
496.027 0.783
496.838 0.811
497.704 0.866
498.587 0.883
499.431 0.844
500.296 0.865
501.213 0.917
502.144 0.931
503.01 0.866
503.836 0.826
504.693 0.857
505.56 0.867
506.429 0.869
507.265 0.836
508.128 0.863
509.059 0.931
510.0 0.941
510.891 0.891
511.757 0.866
512.64 0.883
513.547 0.907
514.424 0.877
515.243 0.819
516.1 0.857
516.976 0.876
517.851 0.875
518.702 0.851
519.586 0.884
520.486 0.9
521.354 0.868
522.182 0.828
523.005 0.823
523.858 0.853
524.707 0.849
525.518 0.811
526.35 0.832
527.203 0.853
528.021 0.818
528.812 0.791
529.612 0.8
530.439 0.827
531.271 0.832
532.059 0.788
532.893 0.834
533.751 0.858
534.579 0.828
535.395 0.816
536.241 0.846
537.105 0.864
537.965 0.86
538.795 0.83
539.641 0.846
540.532 0.891
541.419 0.887
542.296 0.877
543.165 0.869
544.008 0.843
544.888 0.88
545.74 0.852
546.553 0.813
547.385 0.832
548.258 0.873
549.154 0.896
550.022 0.868
550.856 0.834
551.708 0.852
552.581 0.873
553.46 0.879
554.293 0.833
555.103 0.81
555.957 0.854
556.84 0.883
557.701 0.861
558.531 0.83
559.388 0.857
560.251 0.863
561.115 0.864
561.946 0.831
562.779 0.833
563.649 0.87
564.544 0.895
565.445 0.901
566.272 0.827
567.118 0.846
567.99 0.872
568.897 0.907
569.791 0.894
570.612 0.821
571.439 0.827
572.285 0.846
573.134 0.849
573.978 0.844
574.801 0.823
575.653 0.852
576.537 0.884
577.399 0.862
578.216 0.817
579.058 0.842
579.932 0.874
580.811 0.879
581.671 0.86
582.493 0.822
583.318 0.825
584.179 0.861
585.059 0.88
585.875 0.816
586.655 0.78
587.454 0.799
588.28 0.826
589.113 0.833
589.914 0.801
590.716 0.802
591.529 0.813
592.366 0.837
593.189 0.823
593.986 0.797
594.816 0.83
595.673 0.857
596.494 0.821
597.252 0.758
597.981 0.729
598.691 0.71
599.413 0.722
600.27 0.857
601.138 0.868
601.976 0.838
602.785 0.809
603.582 0.797
604.357 0.775
605.12 0.763
605.868 0.748
606.581 0.713
607.29 0.709
607.996 0.706
608.709 0.713
609.417 0.708