0.000 0.843
0.843 0.843
1.259 0.416
1.725 0.466
2.603 0.878
3.481 0.878
4.347 0.866
5.173 0.826
5.972 0.799
6.79 0.818
7.621 0.831
8.465 0.844
8.814 0.349
9.125 0.311
10.142 1.017
11.052 0.91
11.941 0.889
12.839 0.898
13.743 0.904
14.658 0.915
15.552 0.894
16.366 0.814
17.183 0.817
18.02 0.837
18.502 0.482
18.865 0.363
19.728 0.863
20.606 0.878
21.41 0.804
22.21 0.8
23.031 0.821
23.846 0.815
24.657 0.811
25.376 0.719
26.04 0.664
26.757 0.717
27.564 0.807
28.421 0.857
29.273 0.852
30.118 0.845
31.004 0.886
31.918 0.914
32.828 0.91
33.708 0.88
34.597 0.889
35.49 0.893
36.319 0.829
37.158 0.839
37.994 0.836
38.806 0.812
39.571 0.765
40.296 0.725
40.96 0.664
41.804 0.844
42.64 0.836
42.985 0.345
43.277 0.292
44.37 1.093
45.264 0.894
45.574 0.31
45.855 0.281
46.129 0.274
47.83 1.701
49.584 1.754
49.847 0.263
50.463 0.616
51.352 0.889
51.672 0.32
52.101 0.429
52.355 0.254
52.671 0.316
53.018 0.347
53.759 0.741
54.19 0.431
54.491 0.301
55.757 1.266
56.042 0.285
56.346 0.304
56.702 0.356
56.98 0.278
57.296 0.316
57.559 0.263
57.881 0.322
58.145 0.264
58.401 0.256
59.073 0.672
59.35 0.277
59.7 0.35
60.102 0.402
66.111 6.009
66.998 0.887
67.886 0.888
68.698 0.812
69.502 0.804
70.318 0.816
71.146 0.828
71.935 0.789
72.745 0.81
73.474 0.729
73.759 0.285
74.058 0.299
74.357 0.299
74.828 0.471
75.147 0.319
75.469 0.322
76.1 0.631
76.553 0.453
76.983 0.43
77.5 0.517
77.756 0.256
78.137 0.381
79.206 1.069
79.52 0.314
79.798 0.278
80.465 0.667
80.835 0.37
81.197 0.362
81.509 0.312
81.854 0.345
82.556 0.702
82.813 0.257
83.533 0.72
83.856 0.323
84.207 0.351
85.18 0.973
85.874 0.694
86.321 0.447
86.686 0.365
87.083 0.397
87.758 0.675
88.016 0.258
88.298 0.282
88.804 0.506
89.13 0.326
89.423 0.293
89.734 0.311
90.24 0.506
90.51 0.27
91.075 0.565
91.489 0.414
91.786 0.297
92.213 0.427
92.501 0.288
92.804 0.303
93.255 0.451
93.545 0.29
93.901 0.356
94.585 0.684
96.379 1.794
96.947 0.568
97.214 0.267
98.051 0.837
98.54 0.489
98.865 0.325
99.386 0.521
99.829 0.443
100.22 0.391
100.476 0.256
100.749 0.273
101.157 0.408
101.459 0.302
101.952 0.493
102.367 0.415
102.7 0.333
103.048 0.348
103.381 0.333
103.94 0.559
104.289 0.349
104.642 0.353
105.005 0.363
105.26 0.255
105.542 0.282
105.873 0.331
106.932 1.059
107.228 0.296
107.539 0.311
107.83 0.291
108.473 0.643
108.732 0.259
109.176 0.444
109.58 0.404
110.028 0.448
110.569 0.541
110.822 0.253
111.121 0.299
112.074 0.953
112.327 0.253
113.126 0.799
113.39 0.264
114.011 0.621
114.859 0.848
115.357 0.498
115.708 0.351
116.433 0.725
116.743 0.31
117.413 0.67
117.894 0.481
118.272 0.378
118.549 0.277
118.929 0.38
119.45 0.521
119.704 0.254
119.987 0.283
120.265 0.278
120.586 0.321
120.872 0.286
121.275 0.403
121.538 0.263
121.824 0.286
122.127 0.303
122.784 0.657
123.074 0.29
123.371 0.297
123.642 0.271
123.912 0.27
124.364 0.452
124.88 0.516
125.223 0.343
125.64 0.417
126.872 1.232
127.304 0.432
127.765 0.461
128.113 0.348
128.363 0.25
128.979 0.616
129.301 0.322
129.785 0.484
130.052 0.267
130.304 0.252
130.636 0.332
131.513 0.877
131.994 0.481
132.392 0.398
132.685 0.293
133.011 0.326
133.602 0.591
134.467 0.865
135.252 0.785
135.707 0.455
136.087 0.38
136.951 0.864
137.333 0.382
137.746 0.413
138.341 0.595
138.63 0.289
139.781 1.151
140.211 0.43
140.717 0.506
141.112 0.395
141.502 0.39
141.83 0.328
142.255 0.425
142.79 0.535
143.593 0.803
143.923 0.33
144.348 0.425
144.743 0.395
145.002 0.259
145.28 0.278
145.617 0.337
145.911 0.294
146.325 0.414
146.791 0.466
147.102 0.311
147.643 0.541
148.368 0.725
148.718 0.35
149.234 0.516
149.496 0.262
149.784 0.288
150.396 0.612
150.836 0.44
151.254 0.418
151.565 0.311
152.134 0.569
152.938 0.804
153.273 0.335
153.542 0.269
153.887 0.345
154.785 0.898
155.218 0.433
155.473 0.255
155.98 0.507
156.328 0.348
156.596 0.268
157.08 0.484
157.44 0.36
157.882 0.442
158.148 0.266
158.442 0.294
158.791 0.349
159.174 0.383
159.728 0.554
160.026 0.298
160.281 0.255
160.558 0.277
160.94 0.382
161.266 0.326
161.532 0.266
161.879 0.347
162.436 0.557
162.912 0.476
163.247 0.335
163.517 0.27
163.94 0.423
164.314 0.374
164.642 0.328
165.127 0.485
165.756 0.629
166.018 0.262
166.457 0.439
166.724 0.267
166.994 0.27
167.318 0.324
167.718 0.4
168.092 0.374
168.53 0.438
168.806 0.276
170.473 1.667
171.105 0.632
171.431 0.326
171.697 0.266
171.964 0.267
172.379 0.415
172.665 0.286
172.994 0.329
173.473 0.479
175.461 1.988
175.81 0.349
176.124 0.314
176.441 0.317
177.156 0.715
177.573 0.417
177.855 0.282
178.373 0.518
178.651 0.278
178.989 0.338
179.433 0.444
179.715 0.282
180.016 0.301
180.635 0.619
181.129 0.494
181.465 0.336
182.987 1.522
183.267 0.28
183.574 0.307
183.856 0.282
184.178 0.322
184.491 0.313
184.748 0.257
185.031 0.283
185.307 0.276
185.562 0.255
186.147 0.585
186.897 0.75
187.279 0.382
187.564 0.285
188.075 0.511
188.373 0.298
188.747 0.374
189.13 0.383
189.433 0.303
189.716 0.283
190.112 0.396
190.632 0.52
191.091 0.459
191.352 0.261
191.716 0.364
192.043 0.327
192.441 0.398
192.732 0.291
192.989 0.257
194.441 1.452
194.709 0.268
194.997 0.288
195.38 0.383
195.762 0.382
196.104 0.342
196.695 0.591
197.279 0.584
197.85 0.571
198.396 0.546
199.401 1.005
200.012 0.611
201.328 1.316
201.645 0.317
202.087 0.442
202.432 0.345
202.787 0.355
203.061 0.274
203.372 0.311
203.818 0.446
204.156 0.338
204.467 0.311
204.738 0.271
207.746 3.008
208.136 0.39
208.499 0.363
209.437 0.938
209.8 0.363
210.158 0.358
210.935 0.777
211.235 0.3
211.499 0.264
211.761 0.262
212.065 0.304
212.488 0.423
212.858 0.37
213.344 0.486
213.626 0.282
213.912 0.286
214.287 0.375
214.555 0.268
214.874 0.319
215.378 0.504
215.748 0.37
216.055 0.307
216.31 0.255
216.765 0.455
217.464 0.699
217.716 0.252
218.032 0.316
218.413 0.381
218.7 0.287
219.035 0.335
219.319 0.284
219.595 0.276
220.246 0.651
220.585 0.339
220.839 0.254
221.233 0.394
221.564 0.331
222.157 0.593
222.46 0.303
222.743 0.283
223.171 0.428
223.57 0.399
224.585 1.015
225.037 0.452
226.055 1.018
227.643 1.588
228.104 0.461
231.408 3.304
231.984 0.576
232.352 0.368
233.007 0.655
233.6 0.593
234.859 1.259
235.148 0.289
235.494 0.346
236.089 0.595
236.441 0.352
236.804 0.363
237.481 0.677
237.744 0.263
238.274 0.53
238.754 0.48
239.461 0.707
240.091 0.63
240.416 0.325
240.856 0.44
241.185 0.329
241.561 0.376
241.953 0.392
242.715 0.762
243.176 0.461
243.717 0.541
244.254 0.537
244.566 0.312
244.829 0.263
245.419 0.59
245.759 0.34
246.01 0.251
246.279 0.269
246.535 0.256
246.788 0.253
247.064 0.276
247.331 0.267
247.6 0.269
247.865 0.265
248.374 0.509
248.673 0.299
249.506 0.833
250.338 0.832
250.631 0.293
251.13 0.499
251.842 0.712
252.294 0.452
252.668 0.374
252.995 0.327
253.286 0.291
253.579 0.293
254.377 0.798
255.046 0.669
255.512 0.466
256.098 0.586
256.434 0.336
256.7 0.266
256.972 0.272
257.256 0.284
257.543 0.287
257.799 0.256
258.137 0.338
258.492 0.355
258.789 0.297
263.323 4.534
264.166 0.843
265.015 0.849
265.595 0.58
265.956 0.361
266.27 0.314
266.566 0.296
266.877 0.311
267.205 0.328
267.549 0.344
267.848 0.299
268.387 0.539
269.286 0.899
270.168 0.882
270.505 0.337
270.762 0.257
271.082 0.32
271.334 0.252
271.762 0.428
272.081 0.319
272.468 0.387
272.84 0.372
273.125 0.285
273.496 0.371
273.857 0.361
274.114 0.257
274.4 0.286
274.71 0.31
275.03 0.32
275.31 0.28
275.657 0.347
276.014 0.357
276.265 0.251
276.616 0.351
276.881 0.265
277.264 0.383
277.742 0.478
278.653 0.911
280.569 1.916
281.019 0.45
281.274 0.255
281.627 0.353
281.906 0.279
283.55 1.644
283.817 0.267
284.156 0.339
284.413 0.257
284.749 0.336
285.073 0.324
285.366 0.293
285.645 0.279
285.902 0.257
286.23 0.328
288.793 2.563
289.786 0.993
290.105 0.319
290.455 0.35
290.812 0.357
291.094 0.282
291.359 0.265
291.617 0.258
292.132 0.515
292.405 0.273
292.812 0.407
293.578 0.766
293.902 0.324
294.179 0.277
294.493 0.314
294.771 0.278
295.043 0.272
295.418 0.375
295.691 0.273
296.321 0.63
296.701 0.38
297.045 0.344
297.458 0.413
297.712 0.254
298.196 0.484
298.608 0.412
299.084 0.476
299.413 0.329
299.697 0.284
300.653 0.956
303.039 2.386
303.304 0.265
304.35 1.046
304.637 0.287
305.363 0.726
305.639 0.276
305.936 0.297
306.213 0.277
306.468 0.255
306.807 0.339
307.294 0.487
307.589 0.295
307.954 0.365
308.426 0.472
308.749 0.323
311.745 2.996
314.255 2.51
319.874 5.619
320.72 0.846
321.558 0.838
322.352 0.794
323.135 0.783
323.922 0.787
324.734 0.812
325.557 0.823
326.373 0.816
327.202 0.829
328.039 0.837
328.337 0.298
328.597 0.26
328.868 0.271
333.261 4.393
334.709 1.448
342.903 0.911
343.808 0.905
344.716 0.908
345.624 0.908
346.481 0.857
347.347 0.866
348.216 0.869
349.084 0.868
349.953 0.869
350.826 0.873
351.628 0.802
352.456 0.828
353.298 0.842
354.152 0.854
354.964 0.812
355.778 0.814
356.625 0.847
357.505 0.88
358.389 0.884
359.248 0.859
360.116 0.868
360.965 0.849
361.759 0.794
362.561 0.802
363.382 0.821
364.161 0.779
364.97 0.809
365.837 0.867
366.748 0.911
367.644 0.896
368.479 0.835
369.38 0.901
370.263 0.883
371.152 0.889
372.031 0.879
372.849 0.818
373.678 0.829
374.509 0.831
375.335 0.826
376.178 0.843
377.052 0.874
377.943 0.891
378.782 0.839
379.605 0.823
380.489 0.884
381.417 0.928
382.338 0.921
383.219 0.881
384.083 0.864
384.976 0.893
385.863 0.887
386.732 0.869
387.561 0.829
388.391 0.83
389.243 0.852
390.118 0.875
391.002 0.884
391.882 0.88
392.706 0.824
393.546 0.84
394.381 0.835
395.217 0.836
396.016 0.799
396.851 0.835
397.698 0.847
398.517 0.819
399.328 0.811
400.178 0.85
401.027 0.849
401.895 0.868
402.744 0.849
403.599 0.855
404.404 0.805
405.229 0.825
406.089 0.86
406.953 0.864
407.781 0.828
408.599 0.818
409.446 0.847
410.3 0.854
411.139 0.839
411.96 0.821
412.793 0.833
413.65 0.857
414.517 0.867
415.382 0.865
416.242 0.86
417.073 0.831
417.872 0.799
418.538 0.666
419.195 0.657
419.86 0.665
420.51 0.65
421.185 0.675
421.86 0.675
422.529 0.669
423.219 0.69
424.001 0.782
424.814 0.813
425.604 0.79
426.366 0.762
427.06 0.694
427.783 0.723
428.571 0.788
429.417 0.846
430.26 0.843
431.124 0.864
431.976 0.852
432.801 0.825
433.601 0.8
434.396 0.795
435.169 0.773
435.979 0.81
436.802 0.823
437.667 0.865
438.54 0.873
439.448 0.908
440.37 0.922
441.283 0.913
442.157 0.874
443.054 0.897
443.956 0.902
444.831 0.875
445.704 0.873
446.564 0.86
447.4 0.836
448.18 0.78
448.911 0.731
449.662 0.751
450.515 0.853
451.366 0.851
452.252 0.886
453.157 0.905
454.059 0.902
454.958 0.899
455.776 0.818
456.607 0.831
457.454 0.847
458.299 0.845
459.137 0.838
459.97 0.833
460.768 0.798
461.556 0.788
462.37 0.814
463.146 0.776
463.845 0.699
464.546 0.701
465.401 0.855
466.235 0.834
467.017 0.782
467.768 0.751
468.428 0.66
469.253 0.825
470.091 0.838
470.973 0.882
471.901 0.928
472.835 0.934
473.765 0.93
474.696 0.931
475.581 0.885
476.459 0.878
477.346 0.887
478.18 0.834
478.976 0.796
479.775 0.799
480.581 0.806
481.393 0.812
482.185 0.792
483.036 0.851
483.917 0.881
484.787 0.87
485.663 0.876
486.566 0.903
487.487 0.921
488.397 0.91
489.304 0.907
490.2 0.896
491.085 0.885
491.946 0.861
492.728 0.782
493.473 0.745
494.219 0.746
494.996 0.777
495.673 0.677
496.429 0.756
497.261 0.832
498.098 0.837
498.968 0.87
499.844 0.876
500.71 0.866
501.551 0.841
502.366 0.815
503.202 0.836
504.044 0.842
504.876 0.832
505.688 0.812
506.512 0.824
507.362 0.85
508.25 0.888
509.125 0.875
510.003 0.878
510.914 0.911
511.82 0.906
512.678 0.858
513.555 0.877
514.434 0.879
515.308 0.874
516.147 0.839
516.975 0.828
517.763 0.788
518.521 0.758
519.312 0.791
520.129 0.817
520.909 0.78
521.717 0.808
522.496 0.779
523.253 0.757
524.075 0.822
524.871 0.796
525.722 0.851
526.63 0.908
527.491 0.861
528.355 0.864
529.242 0.887
530.122 0.88
530.953 0.831
531.754 0.801
532.588 0.834
533.436 0.848
534.279 0.843
535.114 0.835
535.91 0.796
536.728 0.818
537.507 0.779
538.312 0.805
539.149 0.837
540.032 0.883
540.924 0.892
541.824 0.9
542.725 0.901
543.642 0.917
544.532 0.89
545.367 0.835
546.193 0.826
547.024 0.831
547.844 0.82
548.634 0.79
549.469 0.835
550.324 0.855
551.159 0.835
552.066 0.907
553.009 0.943
553.952 0.943
554.889 0.937
555.802 0.913
556.709 0.907
557.572 0.863
558.446 0.874
559.272 0.826
560.108 0.836
560.944 0.836
561.76 0.816
562.556 0.796
563.386 0.83
564.179 0.793
564.969 0.79
565.773 0.804
566.601 0.828
567.41 0.809
568.186 0.776
568.989 0.803
569.821 0.832
570.664 0.843
571.493 0.829
572.326 0.833
573.102 0.776
573.867 0.765
574.65 0.783
575.466 0.816
576.306 0.84
577.137 0.831
577.946 0.809
578.807 0.861
579.679 0.872
580.545 0.866
581.411 0.866
582.218 0.807
583.035 0.817
583.865 0.83
584.699 0.834
585.509 0.81
586.284 0.775
587.063 0.779
587.882 0.819
588.718 0.836
589.573 0.855
590.435 0.862
591.263 0.828
592.144 0.881
593.009 0.865
593.87 0.861
594.711 0.841
595.549 0.838
596.331 0.782
597.086 0.755
597.822 0.736
598.651 0.829
599.463 0.812
600.262 0.799
601.085 0.823
601.941 0.856
602.813 0.872
603.69 0.877
604.474 0.784
605.185 0.711
605.954 0.769
606.764 0.81
607.601 0.837
608.423 0.822
609.205 0.782
609.987 0.782
610.789 0.802
611.604 0.815
612.43 0.826
613.245 0.815
614.041 0.796
614.802 0.761
615.556 0.754
616.33 0.774
617.117 0.787
617.89 0.773
618.707 0.817
619.599 0.892
620.507 0.908
621.416 0.909
622.346 0.93
623.274 0.928
624.208 0.934
625.142 0.934
626.074 0.932
626.95 0.876
627.844 0.894
628.742 0.898
629.582 0.84
630.444 0.862
631.304 0.86
632.126 0.822
632.952 0.826
633.752 0.8
634.569 0.817
635.368 0.799
636.196 0.828
637.047 0.851
637.914 0.867
638.781 0.867
639.65 0.869
640.51 0.86