0.000 0.92
0.92 0.92
1.842 0.922
2.593 0.751
3.345 0.752
4.155 0.81
4.907 0.752
5.584 0.677
6.247 0.663
6.917 0.67
7.548 0.631
8.199 0.651
8.904 0.705
9.784 0.88
10.687 0.903
11.583 0.896
12.458 0.875
13.247 0.789
13.948 0.701
14.757 0.809
15.662 0.905
16.54 0.878
17.336 0.796
18.207 0.871
19.15 0.943
20.119 0.969
21.131 1.012
22.126 0.995
23.173 1.047
24.222 1.049
25.249 1.027
26.253 1.004
27.277 1.024
28.302 1.025
29.305 1.003
30.304 0.999
31.326 1.022
32.336 1.01
33.315 0.979
34.276 0.961
35.245 0.969
36.225 0.98
37.167 0.942
38.103 0.936
39.065 0.962
40.057 0.992
41.078 1.021
42.063 0.985
43.079 1.016
44.115 1.036
45.119 1.004
46.097 0.978
47.101 1.004
48.095 0.994
49.069 0.974
50.07 1.001
51.073 1.003
52.046 0.973
53.049 1.003
54.071 1.022
55.055 0.984
56.058 1.003
57.062 1.004
58.001 0.939
58.901 0.9
59.858 0.957
60.853 0.995
61.782 0.929
62.705 0.923
63.673 0.968
64.656 0.983
65.586 0.93
66.546 0.96
67.521 0.975
68.481 0.96
69.439 0.958
70.428 0.989
71.404 0.976
72.313 0.909
73.27 0.957
74.25 0.98
75.159 0.909
76.092 0.933
77.054 0.962
78.033 0.979
78.961 0.928
79.95 0.989
80.947 0.997
81.912 0.965
82.845 0.933
83.839 0.994
84.818 0.979
85.742 0.924
86.712 0.97
87.681 0.969
88.647 0.966
89.514 0.867
90.394 0.88
91.329 0.935
92.272 0.943
93.194 0.922
94.051 0.857
94.973 0.922
95.911 0.938
96.845 0.934
97.774 0.929
98.716 0.942
99.665 0.949
100.563 0.898
101.463 0.9
102.407 0.944
103.319 0.912
104.176 0.857
105.092 0.916
106.004 0.912
106.916 0.912
107.778 0.862
108.641 0.863
109.547 0.906
110.46 0.913
111.353 0.893
112.273 0.92
113.212 0.939
114.106 0.894
114.947 0.841
115.823 0.876
116.719 0.896
117.578 0.859
118.478 0.9
119.417 0.939
120.304 0.887
121.159 0.855
122.076 0.917
122.987 0.911
123.846 0.859
124.743 0.897
125.655 0.912
126.555 0.9
127.399 0.844
128.309 0.91
129.208 0.899
130.062 0.854
130.952 0.89
131.838 0.886
132.697 0.859
133.573 0.876
134.456 0.883
135.353 0.897
136.228 0.875
137.082 0.854
137.945 0.863
138.728 0.783
139.505 0.777
140.347 0.842
141.152 0.805
141.971 0.819
142.828 0.857
143.692 0.864
144.574 0.882
145.439 0.865
146.281 0.842
147.155 0.874
148.041 0.886
148.908 0.867
149.785 0.877
150.683 0.898
151.596 0.913
152.492 0.896
153.415 0.923
154.362 0.947
155.274 0.912
156.183 0.909
157.108 0.925
158.016 0.908
158.902 0.886
159.8 0.898
160.702 0.902
161.579 0.877
162.462 0.883
163.375 0.913
164.257 0.882
165.084 0.827
165.969 0.885
166.889 0.92
167.79 0.901
168.691 0.901
169.623 0.932
170.585 0.962
171.533 0.948
172.426 0.893
173.349 0.923
174.272 0.923
175.169 0.897
176.018 0.849
176.898 0.88
177.778 0.88
178.593 0.815
179.43 0.837
180.279 0.849
181.128 0.849
181.945 0.817
182.861 0.916
183.781 0.92
184.713 0.932
185.61 0.897
186.527 0.917
187.457 0.93
188.365 0.908
189.216 0.851
190.116 0.9
191.015 0.899
191.896 0.881
192.752 0.856
193.65 0.898
194.554 0.904
195.456 0.902
196.382 0.926
197.319 0.937
198.244 0.925
199.164 0.92
200.012 0.848
200.864 0.852
201.737 0.873
202.594 0.857
203.394 0.8
204.263 0.869
205.174 0.911
206.052 0.878
206.95 0.898
207.878 0.928
208.802 0.924
209.714 0.912
210.624 0.91
211.524 0.9
212.39 0.866
213.273 0.883
214.159 0.886
214.997 0.838
215.836 0.839
216.701 0.865
217.556 0.855
218.432 0.876
219.339 0.907
220.232 0.893
221.07 0.838
221.949 0.879
222.846 0.897
223.706 0.86
224.581 0.875
225.461 0.88
226.369 0.908
227.231 0.862
228.074 0.843
228.951 0.877
229.855 0.904
230.721 0.866
231.58 0.859
232.475 0.895
233.393 0.918
234.311 0.918
235.195 0.884
236.079 0.884
236.972 0.893
237.873 0.901
238.78 0.907
239.638 0.858
240.528 0.89
241.46 0.932
242.4 0.94
243.323 0.923
244.174 0.851
244.959 0.785
245.775 0.816
246.654 0.879
247.543 0.889
248.427 0.884
249.32 0.893
250.221 0.901
251.128 0.907
251.989 0.861
252.849 0.86
253.737 0.888
254.624 0.887
255.456 0.832
256.301 0.845
257.184 0.883
258.081 0.897
258.961 0.88
259.817 0.856
260.718 0.901
261.622 0.904
262.487 0.865
263.316 0.829
264.19 0.874
265.076 0.886
265.957 0.881
266.804 0.847
267.634 0.83
268.504 0.87
269.401 0.897
270.318 0.917
271.224 0.906
272.087 0.863
272.901 0.814
273.748 0.847
274.642 0.894
275.547 0.905
276.401 0.854
277.201 0.8
278.036 0.835
278.898 0.862
279.752 0.854
280.587 0.835
281.003 0.416
281.284 0.281
281.542 0.258
281.845 0.303
282.327 0.482
282.988 0.661
283.836 0.848
284.7 0.864
285.587 0.887
286.41 0.823
287.243 0.833
288.085 0.842
288.931 0.846
289.781 0.85
290.614 0.833
291.455 0.841
292.338 0.883
293.246 0.908
294.16 0.914
295.044 0.884
295.958 0.914
296.876 0.918
297.74 0.864
298.631 0.891
299.543 0.912
300.421 0.878
301.272 0.851
302.134 0.862
302.999 0.865
303.831 0.832
304.727 0.896
305.64 0.913
306.547 0.907
307.407 0.86
308.299 0.892
309.198 0.899
310.042 0.844
310.912 0.87
311.783 0.871
312.628 0.845
313.454 0.826
314.34 0.886
315.232 0.892
316.105 0.873
316.932 0.827
317.783 0.851
318.642 0.859
319.488 0.846
320.3 0.812
321.153 0.853
321.997 0.844
322.814 0.817
323.646 0.832
324.502 0.856
325.376 0.874
326.201 0.825
327.071 0.87
327.964 0.893
328.831 0.867
329.736 0.905
330.661 0.925
331.567 0.906
332.458 0.891
333.356 0.898
334.255 0.899
335.068 0.813
335.931 0.863
336.803 0.872
337.624 0.821
338.458 0.834
339.333 0.875
340.223 0.89
341.094 0.871
341.983 0.889
342.887 0.904
343.762 0.875
344.6 0.838
345.498 0.898
346.358 0.86
347.171 0.813
348.011 0.84
348.896 0.885
349.794 0.898
350.656 0.862
351.565 0.909
352.494 0.929
353.43 0.936
354.383 0.953
355.267 0.884
356.176 0.909
357.092 0.916
358.009 0.917
358.857 0.848
359.722 0.865
360.609 0.887
361.481 0.872
362.293 0.812
363.169 0.876
364.039 0.87
364.938 0.899
365.819 0.881
366.723 0.904
367.614 0.891
368.496 0.882
369.349 0.853
370.24 0.891
371.154 0.914
372.071 0.917
372.913 0.842
373.779 0.866
374.665 0.886
375.542 0.877
376.378 0.836
377.244 0.866
378.108 0.864
378.988 0.88
379.834 0.846
380.685 0.851
381.584 0.899
382.478 0.894
383.325 0.847
384.202 0.877
385.1 0.898
385.964 0.864
386.816 0.852
387.686 0.87
388.564 0.878
388.992 0.428
389.263 0.271
389.528 0.265
389.865 0.337
390.122 0.257
390.739 0.617
391.066 0.327
391.396 0.33
391.708 0.312
391.981 0.273
392.28 0.299
392.544 0.264
392.828 0.284
394.083 1.255
394.436 0.353
394.861 0.425
395.219 0.358
395.558 0.339
395.815 0.257
396.374 0.559
396.99 0.616
397.33 0.34
397.633 0.303
397.915 0.282
398.412 0.497
398.672 0.26
398.923 0.251
399.3 0.377
400.161 0.861
400.547 0.386
400.968 0.421
401.285 0.317
402.873 1.588
404.726 1.853
405.293 0.567
405.599 0.306
405.874 0.275
406.131 0.257
407.801 1.67
408.727 0.926
409.014 0.287
409.345 0.331
409.758 0.413
410.837 1.079
411.127 0.29
411.531 0.404
411.854 0.323
412.119 0.265
412.373 0.254
412.84 0.467
413.153 0.313
414.807 1.654
415.145 0.338
415.421 0.276
415.672 0.251
415.944 0.272
416.297 0.353
416.611 0.314
416.875 0.264
417.57 0.695
418.089 0.519
418.353 0.264
418.618 0.265
418.953 0.335
419.222 0.269
420.878 1.656
421.158 0.28
421.442 0.284
421.718 0.276
422.423 0.705
422.731 0.308
423.012 0.281
423.458 0.446
424.766 1.308
425.257 0.491
425.635 0.378
425.907 0.272
426.171 0.264
426.573 0.402
426.932 0.359
427.306 0.374
427.564 0.258
428.01 0.446
428.953 0.943
429.213 0.26
429.509 0.296
429.782 0.273
432.269 2.487
432.569 0.3
432.908 0.339
433.187 0.279
433.518 0.331
433.946 0.428
434.804 0.858
435.681 0.877
436.01 0.329
436.335 0.325
436.609 0.274
436.896 0.287
437.281 0.385
437.63 0.349
437.924 0.294
438.231 0.307
438.493 0.262
438.759 0.266
439.033 0.274
439.329 0.296
439.598 0.269
439.865 0.267
440.616 0.751
441.69 1.074
442.043 0.353
442.3 0.257
442.553 0.253
442.894 0.341
443.152 0.258
443.508 0.356
445.08 1.572
445.841 0.761
446.103 0.262
446.449 0.346
446.711 0.262
449.342 2.631
449.627 0.285
449.909 0.282
450.924 1.015
453.251 2.327
453.517 0.266
453.821 0.304
454.103 0.282
454.406 0.303
455.345 0.939
457.304 1.959
457.669 0.365
457.963 0.294
458.52 0.557
459.212 0.692
459.708 0.496
460.559 0.851
461.275 0.716
461.526 0.251
461.816 0.29
462.07 0.254
462.354 0.284
462.615 0.261
462.895 0.28
463.207 0.312
463.902 0.695
464.182 0.28
464.98 0.798
465.567 0.587
466.261 0.694
467.039 0.778
467.518 0.479
467.918 0.4
468.524 0.606
468.822 0.298
469.223 0.401
469.605 0.382
469.908 0.303
470.732 0.824
471.048 0.316
471.446 0.398
471.882 0.436
472.144 0.262
472.417 0.273
474.057 1.64
474.309 0.252
474.644 0.335
475.047 0.403
475.352 0.305
475.67 0.318
476.807 1.137
477.443 0.636
477.904 0.461
478.273 0.369
479.43 1.157
480.168 0.738
480.518 0.35
480.799 0.281
481.069 0.27
481.451 0.382
481.707 0.256
481.969 0.262
482.219 0.25
482.556 0.337
482.933 0.377
483.862 0.929
484.366 0.504
484.787 0.421
487.064 2.277
487.493 0.429
487.756 0.263
488.153 0.397
488.504 0.351
489.021 0.517
489.344 0.323
491.684 2.34
493.514 1.83
495.376 1.862
495.64 0.264
496.058 0.418
497.098 1.04
498.184 1.086
498.587 0.403
498.846 0.259
499.12 0.274
499.442 0.322
499.886 0.444
500.319 0.433
500.611 0.292
501.006 0.395
501.36 0.354
501.66 0.3
501.932 0.272
502.216 0.284
502.566 0.35
503.211 0.645
503.592 0.381
504.559 0.967
504.832 0.273
505.114 0.282
505.421 0.307
505.713 0.292
506.13 0.417
507.051 0.921
507.377 0.326
507.632 0.255
508.0 0.368
508.379 0.379
508.634 0.255
508.89 0.256
509.71 0.82
510.088 0.378
510.586 0.498
510.906 0.32
511.228 0.322
511.483 0.255
513.107 1.624
513.357 0.25
513.717 0.36
513.989 0.272
514.382 0.393
516.31 1.928
516.851 0.541
517.407 0.556
518.362 0.955
518.952 0.59
519.279 0.327
519.653 0.374
519.932 0.279
521.065 1.133
521.43 0.365
521.943 0.513
522.445 0.502
522.698 0.253
522.99 0.292
523.257 0.267
523.586 0.329
524.065 0.479
524.559 0.494
525.445 0.886
525.727 0.282
526.09 0.363
526.414 0.324
526.944 0.53
527.253 0.309
527.511 0.258
527.985 0.474
528.529 0.544
528.82 0.291
529.092 0.272
529.449 0.357
529.781 0.332
531.813 2.032
532.113 0.3
532.463 0.35
532.725 0.262
533.136 0.411
533.428 0.292
533.704 0.276
534.245 0.541
535.291 1.046
535.565 0.274
535.863 0.298
536.528 0.665
536.932 0.404
537.242 0.31
537.926 0.684
538.418 0.492
539.761 1.343
540.137 0.376
540.401 0.264
540.692 0.291
541.051 0.359
541.536 0.485
543.327 1.791
543.843 0.516
544.105 0.262
545.042 0.937
545.924 0.882
546.318 0.394
546.57 0.252
546.864 0.294
547.237 0.373
547.614 0.377
547.926 0.312
548.421 0.495
548.823 0.402
549.347 0.524
549.773 0.426
550.169 0.396
550.43 0.261
553.147 2.717
555.381 2.234
555.905 0.524
556.167 0.262
556.747 0.58
557.391 0.644
558.576 1.185
559.014 0.438
559.288 0.274
559.586 0.298
559.894 0.308
560.176 0.282
560.888 0.712
562.083 1.195
562.354 0.271
562.924 0.57
563.231 0.307
563.556 0.325
563.83 0.274
564.452 0.622
564.763 0.311
565.582 0.819
566.18 0.598
566.478 0.298
566.751 0.273
567.047 0.296
567.323 0.276
569.142 1.819
569.613 0.471
570.164 0.551
570.429 0.265
570.897 0.468
572.578 1.681
574.128 1.55
574.387 0.259
574.687 0.3
574.978 0.291
575.433 0.455
576.773 1.34
577.635 0.862
578.52 0.885
578.879 0.359
579.131 0.252
579.447 0.316
579.722 0.275
579.973 0.251
580.235 0.262
581.133 0.898
582.03 0.897
582.311 0.281
582.569 0.258
582.847 0.278
583.156 0.309
583.44 0.284
584.195 0.755
585.109 0.914
585.875 0.766
586.703 0.828
587.553 0.85
588.363 0.81
589.179 0.816
590.022 0.843
590.754 0.732
591.598 0.844
592.364 0.766
593.136 0.772
593.917 0.781
594.673 0.756
595.383 0.71
596.052 0.669
596.719 0.667
597.428 0.709
598.199 0.771
598.957 0.758
599.659 0.702
600.457 0.798
601.188 0.731
601.932 0.744
602.711 0.779
603.527 0.816
604.361 0.834
605.096 0.735
606.01 0.914
606.87 0.86
607.712 0.842