0.000 0.907
0.907 0.907
1.79 0.883
2.649 0.859
3.556 0.907
4.464 0.908
5.432 0.968
6.382 0.95
7.332 0.95
8.242 0.91
9.093 0.851
9.939 0.846
10.79 0.851
11.67 0.88
12.546 0.876
13.434 0.888
14.394 0.96
15.389 0.995
16.381 0.992
17.346 0.965
18.338 0.992
19.332 0.994
20.275 0.943
21.182 0.907
22.058 0.876
22.983 0.925
23.935 0.952
24.879 0.944
25.802 0.923
26.743 0.941
27.672 0.929
28.603 0.931
29.518 0.915
30.47 0.952
31.46 0.99
32.416 0.956
33.335 0.919
34.266 0.931
35.213 0.947
36.144 0.931
37.044 0.9
37.93 0.886
38.835 0.905
39.773 0.938
40.704 0.931
41.619 0.915
42.562 0.943
43.547 0.985
44.591 1.044
45.596 1.005
46.617 1.021
47.631 1.014
48.607 0.976
49.54 0.933
50.448 0.908
51.391 0.943
52.346 0.955
53.276 0.93
54.183 0.907
55.105 0.922
56.028 0.923
56.961 0.933
57.877 0.916
58.846 0.969
59.829 0.983
60.793 0.964
61.723 0.93
62.649 0.926
63.58 0.931
64.507 0.927
65.416 0.909
66.315 0.899
67.221 0.906
68.165 0.944
69.05 0.885
69.958 0.908
70.913 0.955
71.85 0.937
72.771 0.921
73.691 0.92
74.62 0.929
75.543 0.923
76.437 0.894
77.354 0.917
78.277 0.923
78.955 0.678
79.217 0.262
81.877 2.66
82.754 0.877
83.657 0.903
84.551 0.894
85.239 0.688
85.494 0.255
85.855 0.361
86.255 0.4
87.132 0.877
88.069 0.937
88.63 0.561
88.951 0.321
89.864 0.913
91.658 1.794
92.086 0.428
92.349 0.263
95.768 3.419
96.101 0.333
99.029 2.928
99.407 0.378
99.673 0.266
99.947 0.274
101.889 1.942
102.141 0.252
102.746 0.605
105.35 2.604
106.231 0.881
107.149 0.918
108.053 0.904
108.941 0.888
109.87 0.929
110.858 0.988
111.838 0.98
112.61 0.772
112.868 0.258
113.346 0.478
113.705 0.359
114.632 0.927
115.399 0.767
115.671 0.272
116.113 0.442
116.367 0.254
116.859 0.492
117.188 0.329
117.488 0.3
117.882 0.394
118.333 0.451
118.598 0.265
118.906 0.308
119.324 0.418
121.571 2.247
121.826 0.255
122.09 0.264
124.998 2.908
125.271 0.273
127.063 1.792
127.356 0.293
128.244 0.888
128.561 0.317
128.987 0.426
129.86 0.873
133.439 3.579
135.176 1.737
136.061 0.885
136.936 0.875
137.808 0.872
138.713 0.905
139.652 0.939
140.574 0.922
141.497 0.923
142.463 0.966
143.435 0.972
144.376 0.941
145.314 0.938
146.29 0.976
147.265 0.975
148.243 0.978
149.213 0.97
150.19 0.977
151.167 0.977
152.134 0.967
153.069 0.935
154.002 0.933
154.448 0.446
154.969 0.521
155.968 0.999
156.956 0.988
157.98 1.024
159.019 1.039
160.034 1.015
160.391 0.357
160.976 0.585
161.894 0.918
162.158 0.264
162.453 0.295
162.797 0.344
163.693 0.896
164.089 0.396
164.501 0.412
164.822 0.321
165.105 0.283
165.45 0.345
166.5 1.05
166.797 0.297
167.1 0.303
167.615 0.515
167.908 0.293
168.23 0.322
168.633 0.403
169.266 0.633
170.233 0.967
171.062 0.829
171.318 0.256
171.604 0.286
171.864 0.26
172.137 0.273
173.109 0.972
173.708 0.599
174.085 0.377
175.053 0.968
175.335 0.282
175.623 0.288
175.97 0.347
178.725 2.755
179.629 0.904
181.567 1.938
182.146 0.579
182.441 0.295
185.579 3.138
185.836 0.257
186.151 0.315
189.076 2.925
189.447 0.371
189.769 0.322
190.134 0.365
190.431 0.297
190.762 0.331
191.255 0.493
191.558 0.303
191.911 0.353
192.239 0.328
192.521 0.282
192.937 0.416
193.228 0.291
193.515 0.287
193.775 0.26
194.027 0.252
196.057 2.03
196.333 0.276
196.722 0.389
200.047 3.325
200.459 0.412
201.14 0.681
201.679 0.539
202.012 0.333
202.563 0.551
202.861 0.298
203.279 0.418
203.654 0.375
204.048 0.394
204.411 0.363
204.918 0.507
205.241 0.323
205.498 0.257
205.899 0.401
206.206 0.307
206.509 0.303
206.859 0.35
212.997 6.138
213.845 0.848
214.843 0.998
215.94 1.097
217.268 1.328
218.228 0.96
219.163 0.935
220.143 0.98
221.218 1.075
222.595 1.377
222.908 0.313
223.624 0.716
225.286 1.662
226.178 0.892
226.516 0.338
227.102 0.586
227.606 0.504
228.152 0.546
228.932 0.78
230.149 1.217
230.517 0.368
231.254 0.737
231.711 0.457
232.047 0.336
232.621 0.574
233.532 0.911
233.794 0.262
234.102 0.308
234.385 0.283
234.699 0.314
235.122 0.423
235.465 0.343
235.938 0.473
236.329 0.391
236.611 0.282
236.879 0.268
237.152 0.273
237.849 0.697
238.404 0.555
238.788 0.384
239.6 0.812
239.998 0.398
240.261 0.263
240.583 0.322
241.037 0.454
241.499 0.462
241.847 0.348
242.639 0.792
242.924 0.285
254.777 0.781
255.469 0.692
256.163 0.694
256.868 0.705
257.575 0.707
258.293 0.718
259.019 0.726
259.775 0.756
260.534 0.759
261.287 0.753
262.029 0.742
262.786 0.757
263.559 0.773
264.353 0.794
265.152 0.799
265.947 0.795
266.764 0.817
267.602 0.838
268.434 0.832
269.23 0.796
270.045 0.815
270.855 0.81
271.632 0.777
272.409 0.777
273.192 0.783
273.988 0.796
274.779 0.791
275.585 0.806
276.436 0.851
277.296 0.86
278.146 0.85
279.0 0.854
279.873 0.873
280.744 0.871
281.584 0.84
282.436 0.852
283.302 0.866
284.178 0.876
285.034 0.856
285.929 0.895
286.866 0.937
287.775 0.909
288.669 0.894
289.558 0.889
290.451 0.893
291.315 0.864
292.212 0.897
293.149 0.937
294.105 0.956
295.012 0.907
295.918 0.906
296.829 0.911
297.711 0.882
298.573 0.862
299.443 0.87
300.324 0.881
301.191 0.867
302.008 0.817
302.841 0.833
303.661 0.82
304.515 0.854
305.401 0.886
306.29 0.889
307.165 0.875
308.001 0.836
308.816 0.815
309.638 0.822
310.495 0.857
311.355 0.86
312.23 0.875
313.119 0.889
314.041 0.922
314.966 0.925
315.906 0.94
316.9 0.994
317.899 0.999
318.872 0.973
319.844 0.972
320.822 0.978
321.777 0.955
322.72 0.943
323.643 0.923
324.534 0.891
325.367 0.833
326.23 0.863
327.132 0.902
328.044 0.912
328.924 0.88
329.831 0.907
330.802 0.971
331.725 0.923
332.681 0.956
333.678 0.997
334.643 0.965
335.572 0.929
336.503 0.931
337.442 0.939
338.383 0.941
339.309 0.926
340.268 0.959
341.254 0.986
342.252 0.998
343.209 0.957
344.197 0.988
345.178 0.981
346.116 0.938
347.078 0.962
348.058 0.98
349.035 0.977
349.958 0.923
350.91 0.952
351.869 0.959
352.789 0.92
353.718 0.929
354.653 0.935
355.588 0.935
356.47 0.882
357.367 0.897
358.286 0.919
359.215 0.929
360.103 0.888
360.979 0.876
361.894 0.915
362.81 0.916
363.73 0.92
364.672 0.942
365.623 0.951
366.55 0.927
367.475 0.925
368.389 0.914
369.284 0.895
370.167 0.883
371.121 0.954
372.104 0.983
373.075 0.971
374.098 1.023
375.131 1.033
376.123 0.992
377.037 0.914
377.946 0.909
378.846 0.9
379.737 0.891
380.642 0.905
381.598 0.956
382.599 1.001
383.574 0.975
384.556 0.982
385.525 0.969
386.465 0.94
387.351 0.886
388.226 0.875
389.113 0.887
390.005 0.892
390.899 0.894
391.821 0.922
392.76 0.939
393.7 0.94
394.619 0.919
395.566 0.947
396.511 0.945
397.444 0.933
398.416 0.972
399.368 0.952
400.28 0.912
401.17 0.89
402.062 0.892
402.948 0.886
403.812 0.864
404.691 0.879
405.57 0.879
406.457 0.887
407.325 0.868
408.21 0.885
409.122 0.912
410.055 0.933
410.973 0.918
411.921 0.948
412.896 0.975
413.873 0.977
414.821 0.948
415.756 0.935
416.683 0.927
417.591 0.908
418.499 0.908
419.446 0.947
420.442 0.996
421.391 0.949
422.337 0.946
423.297 0.96
424.23 0.933
425.118 0.888
426.015 0.897
426.934 0.919
427.866 0.932
428.793 0.927
429.751 0.958
430.739 0.988
431.721 0.982
432.666 0.945
433.607 0.941
434.552 0.945
435.451 0.899
436.336 0.885
437.239 0.903
438.145 0.906
439.03 0.885
439.923 0.893
440.828 0.905
441.728 0.9
442.597 0.869
443.484 0.887
444.411 0.927
445.321 0.91
446.202 0.881
447.115 0.913
448.042 0.927
448.986 0.944
449.896 0.91
450.821 0.925
451.808 0.987
452.819 1.011
453.788 0.969
454.795 1.007
455.802 1.007
456.781 0.979
457.721 0.94
458.663 0.942
459.593 0.93
460.47 0.877
461.364 0.894
462.281 0.917
463.238 0.957
464.155 0.917
465.111 0.956
466.086 0.975
467.042 0.956
467.942 0.9
468.859 0.917
469.772 0.913
470.69 0.918
471.601 0.911
472.565 0.964
473.544 0.979
474.498 0.954
475.439 0.941
476.369 0.93
477.274 0.905
478.131 0.857
479.009 0.878
479.913 0.904
480.795 0.882
481.67 0.875
482.588 0.918
483.52 0.932
484.419 0.899
485.317 0.898
486.227 0.91
487.144 0.917
488.054 0.91
488.973 0.919
489.895 0.922
490.813 0.918
491.695 0.882
492.572 0.877
493.465 0.893
494.375 0.91
495.262 0.887
496.173 0.911
497.123 0.95
498.076 0.953
499.001 0.925
499.953 0.952
500.919 0.966
501.859 0.94
502.794 0.935
503.724 0.93
504.642 0.918
505.523 0.881
506.424 0.901
507.373 0.949
508.307 0.934
509.216 0.909
510.141 0.925
511.083 0.942
512.053 0.97
512.952 0.899
513.866 0.914
514.812 0.946
515.754 0.942
516.685 0.931
517.639 0.954
518.607 0.968
519.56 0.953
520.493 0.933
521.439 0.946
522.403 0.964
523.332 0.929
524.266 0.934
525.186 0.92
526.076 0.89
526.952 0.876
527.827 0.875
528.738 0.911
529.685 0.947
530.6 0.915
531.511 0.911
532.432 0.921
533.379 0.947
534.315 0.936
535.236 0.921
536.141 0.905
537.011 0.87
537.844 0.833
538.689 0.845
539.523 0.834
540.378 0.855
541.246 0.868
542.132 0.886
542.994 0.862
543.839 0.845
544.702 0.863
545.596 0.894
546.488 0.892
547.419 0.931
548.372 0.953
549.31 0.938
550.207 0.897
551.115 0.908
552.042 0.927
552.948 0.906
553.822 0.874
554.693 0.871
555.576 0.883
556.509 0.933
557.437 0.928
558.397 0.96
559.39 0.993
560.368 0.978
561.319 0.951
562.301 0.982
563.335 1.034
564.357 1.022
565.33 0.973
566.31 0.98
567.305 0.995
568.32 1.015
569.298 0.978
570.272 0.974
571.215 0.943
572.11 0.895
573.01 0.9
573.937 0.927
574.877 0.94
575.79 0.913
576.734 0.944
577.679 0.945
578.569 0.89
579.461 0.892
580.38 0.919
581.299 0.919
582.178 0.879
583.053 0.875
583.946 0.893
584.835 0.889
585.701 0.866
586.575 0.874
587.468 0.893
588.396 0.928
589.299 0.903
590.202 0.903
591.127 0.925
592.032 0.905
592.909 0.877
593.788 0.879
594.698 0.91
595.613 0.915
596.521 0.908
597.457 0.936
598.425 0.968
599.351 0.926
600.254 0.903
601.175 0.921
602.118 0.943
603.041 0.923