0.000 0.846
0.846 0.846
1.656 0.81
2.413 0.757
3.148 0.735
3.905 0.757
4.642 0.737
5.353 0.711
6.092 0.739
6.871 0.779
7.667 0.796
8.539 0.872
9.492 0.953
10.395 0.903
11.271 0.876
12.129 0.858
12.954 0.825
13.735 0.781
14.492 0.757
15.247 0.755
16.038 0.791
16.847 0.809
17.695 0.848
18.635 0.94
19.592 0.957
20.486 0.894
21.374 0.888
22.241 0.867
23.112 0.871
23.943 0.831
24.765 0.822
25.608 0.843
26.488 0.88
27.351 0.863
28.221 0.87
29.109 0.888
29.977 0.868
30.803 0.826
31.612 0.809
32.425 0.813
33.288 0.863
34.187 0.899
35.042 0.855
35.878 0.836
36.746 0.868
37.593 0.847
38.394 0.801
39.196 0.802
40.031 0.835
40.916 0.885
41.797 0.881
42.657 0.86
43.49 0.833
44.362 0.872
45.261 0.899
46.124 0.863
47.004 0.88
47.887 0.883
48.752 0.865
49.586 0.834
50.451 0.865
51.33 0.879
52.206 0.876
53.055 0.849
53.912 0.857
54.756 0.844
55.575 0.819
56.383 0.808
57.193 0.81
58.041 0.848
58.873 0.832
59.689 0.816
60.505 0.816
61.333 0.828
62.133 0.8
62.934 0.801
63.731 0.797
64.502 0.771
65.254 0.752
65.999 0.745
66.734 0.735
67.495 0.761
68.28 0.785
69.103 0.823
69.907 0.804
70.679 0.772
71.437 0.758
72.177 0.74
72.897 0.72
73.589 0.692
74.277 0.688
74.959 0.682
75.644 0.685
76.348 0.704
77.089 0.741
77.875 0.786
78.659 0.784
79.47 0.811
80.326 0.856
81.152 0.826
81.933 0.781
82.724 0.791
83.542 0.818
84.389 0.847
85.231 0.842
86.029 0.798
86.8 0.771
87.536 0.736
88.252 0.716
88.962 0.71
89.696 0.734
90.471 0.775
91.266 0.795
92.023 0.757
92.755 0.732
93.502 0.747
94.282 0.78
95.076 0.794
95.871 0.795
96.638 0.767
97.398 0.76
98.167 0.769
98.968 0.801
99.767 0.799
100.578 0.811
101.387 0.809
102.225 0.838
103.029 0.804
103.821 0.792
104.617 0.796
105.424 0.807
106.229 0.805
107.011 0.782
107.813 0.802
108.63 0.817
109.474 0.844
110.3 0.826
111.149 0.849
112.005 0.856
112.869 0.864
113.682 0.813
114.479 0.797
115.283 0.804
116.081 0.798
116.853 0.772
117.653 0.8
118.478 0.825
119.326 0.848
120.173 0.847
120.994 0.821
121.842 0.848
122.708 0.866
123.6 0.892
124.439 0.839
125.254 0.815
126.07 0.816
126.889 0.819
127.683 0.794
128.459 0.776
129.251 0.792
130.043 0.792
130.862 0.819
131.661 0.799
132.435 0.774
133.18 0.745
133.909 0.729
134.625 0.716
135.348 0.723
136.094 0.746
136.879 0.785
137.697 0.818
138.488 0.791
139.255 0.767
140.04 0.785
140.84 0.8
141.68 0.84
142.496 0.816
143.309 0.813
144.139 0.83
144.964 0.825
145.765 0.801
146.561 0.796
147.347 0.786
148.145 0.798
148.942 0.797
149.722 0.78
150.528 0.806
151.369 0.841
152.252 0.883
153.138 0.886
153.986 0.848
154.819 0.833
155.607 0.788
156.367 0.76
157.122 0.755
157.898 0.776
158.703 0.805
159.503 0.8
160.279 0.776
161.078 0.799
161.889 0.811
162.702 0.813
163.505 0.803
164.276 0.771
165.022 0.746
165.765 0.743
166.498 0.733
167.237 0.739
167.983 0.746
168.766 0.783
169.561 0.795
170.4 0.839
171.251 0.851
172.073 0.822
172.884 0.811
173.681 0.797
174.471 0.79
175.236 0.765
176.008 0.772
176.784 0.776
177.601 0.817
178.432 0.831
179.258 0.826
180.107 0.849
180.983 0.876
181.853 0.87
182.725 0.872
183.596 0.871
184.447 0.851
185.25 0.803
186.052 0.802
186.857 0.805
187.708 0.851
188.532 0.824
189.363 0.831
190.196 0.833
191.051 0.855
191.884 0.833
192.718 0.834
193.603 0.885
194.502 0.899
195.34 0.838
196.146 0.806
196.924 0.778
197.676 0.752
198.393 0.717
199.092 0.699
199.801 0.709
200.526 0.725
201.276 0.75
202.024 0.748
202.771 0.747
203.522 0.751
204.281 0.759
205.08 0.799
205.886 0.806
206.698 0.812
207.545 0.847
208.455 0.91
209.345 0.89
210.233 0.888
211.113 0.88
211.958 0.845
212.766 0.808
213.591 0.825
214.433 0.842
215.318 0.885
216.167 0.849
217.061 0.894
217.982 0.921
218.904 0.922
219.779 0.875
220.648 0.869
221.551 0.903
222.51 0.959
223.41 0.9
224.328 0.918
225.24 0.912
226.126 0.886
227.057 0.931
228.053 0.996
229.068 1.015
230.076 1.008
231.079 1.003
232.089 1.01
233.088 0.999
234.046 0.958
234.985 0.939
235.895 0.91
236.728 0.833
237.508 0.78
238.291 0.783
239.065 0.774
239.828 0.763
240.619 0.791
241.439 0.82
242.278 0.839
243.087 0.809
243.893 0.806
244.728 0.835
245.611 0.883
246.465 0.854
247.289 0.824
248.113 0.824
248.921 0.808
249.711 0.79
250.502 0.791
251.328 0.826
252.2 0.872
253.044 0.844
253.876 0.832
254.698 0.822
255.515 0.817
256.313 0.798
257.108 0.795
257.922 0.814
258.754 0.832
259.549 0.795
260.32 0.771
261.064 0.744
261.815 0.751
262.57 0.755
263.349 0.779
264.185 0.836
265.059 0.874
265.961 0.902
266.831 0.87
267.699 0.868
268.549 0.85
269.362 0.813
270.176 0.814
271.003 0.827
271.84 0.837
272.672 0.832
273.517 0.845
274.416 0.899
275.334 0.918
276.248 0.914
277.167 0.919
278.056 0.889
278.908 0.852
279.767 0.859
280.633 0.866
281.441 0.808
282.239 0.798
283.033 0.794
283.817 0.784
284.588 0.771
285.347 0.759
286.107 0.76
286.904 0.797
287.733 0.829
288.569 0.836
289.419 0.85
290.282 0.863
291.111 0.829
291.913 0.802
292.712 0.799
293.531 0.819
294.36 0.829
295.173 0.813
295.998 0.825
296.842 0.844
297.688 0.846
298.528 0.84
299.362 0.834
300.18 0.818
301.01 0.83
301.806 0.796
302.604 0.798
303.418 0.814
304.281 0.863
305.133 0.852
305.965 0.832
306.797 0.832
307.636 0.839
308.459 0.823
309.277 0.818
310.118 0.841
310.981 0.863
311.867 0.886
312.704 0.837
313.521 0.817
314.323 0.802
315.104 0.781
315.847 0.743
316.592 0.745
317.34 0.748
318.1 0.76
318.909 0.809
319.752 0.843
320.577 0.825
321.388 0.811
322.201 0.813
323.034 0.833
323.869 0.835
324.679 0.81
325.489 0.81
326.345 0.856
327.23 0.885
328.102 0.872
328.968 0.866
329.868 0.9
330.795 0.927
331.703 0.908
332.56 0.857
333.397 0.837
334.223 0.826
335.044 0.821
335.855 0.811
336.674 0.819
337.538 0.864
338.447 0.909
339.31 0.863
340.14 0.83
340.954 0.814
341.749 0.795
342.524 0.775
343.302 0.778
344.126 0.824
344.99 0.864
345.842 0.852
346.686 0.844
347.538 0.852
348.369 0.831
349.157 0.788
349.915 0.758
350.653 0.738
351.379 0.726
352.083 0.704
352.782 0.699
353.512 0.73
354.295 0.783
355.148 0.853
355.977 0.829
356.834 0.857
357.717 0.883
358.57 0.853
359.401 0.831
360.206 0.805
360.978 0.772
361.736 0.758
362.503 0.767
363.297 0.794
364.112 0.815
364.9 0.788
365.68 0.78
366.476 0.796
367.319 0.843
368.154 0.835
368.995 0.841
369.836 0.841
370.649 0.813
371.423 0.774
372.194 0.771
372.951 0.757
373.711 0.76
374.463 0.752
375.222 0.759
376.011 0.789
376.846 0.835
377.665 0.819
378.507 0.842
379.371 0.864
380.227 0.856
381.043 0.816
381.852 0.809
382.657 0.805
383.465 0.808
384.267 0.802
385.053 0.786
385.847 0.794
386.648 0.801
387.463 0.815
388.26 0.797
389.059 0.799
389.849 0.79
390.628 0.779
391.392 0.764
392.151 0.759
392.924 0.773
393.695 0.771
394.464 0.769
395.242 0.778
396.037 0.795
396.844 0.807
397.674 0.83
398.487 0.813
399.303 0.816
400.137 0.834
400.978 0.841
401.799 0.821
402.593 0.794
403.391 0.798
404.22 0.829
405.068 0.848
405.932 0.864
406.814 0.882
407.691 0.877
408.548 0.857
409.426 0.878
410.29 0.864
411.133 0.843
411.964 0.831
412.776 0.812
413.587 0.811
414.384 0.797
415.221 0.837
416.099 0.878
416.976 0.877
417.826 0.85
418.669 0.843
419.491 0.822
420.323 0.832
421.118 0.795
421.914 0.796
422.728 0.814
423.553 0.825
424.402 0.849
425.247 0.845
426.082 0.835
426.933 0.851
427.808 0.875
428.65 0.842
429.466 0.816
430.272 0.806
431.074 0.802
431.878 0.804
432.675 0.797
433.479 0.804
434.299 0.82
435.151 0.852
435.981 0.83
436.793 0.812
437.598 0.805
438.411 0.813
439.244 0.833
440.105 0.861
440.985 0.88
441.865 0.88
442.734 0.869
443.569 0.835
444.402 0.833
445.237 0.835
446.062 0.825
446.861 0.799
447.674 0.813
448.5 0.826
449.348 0.848
450.192 0.844
451.017 0.825
451.836 0.819
452.65 0.814
453.448 0.798
454.257 0.809
455.057 0.8
455.87 0.813
456.7 0.83
457.562 0.862
458.409 0.847
459.229 0.82
460.067 0.838
460.903 0.836
461.721 0.818
462.52 0.799
463.309 0.789
464.106 0.797
464.916 0.81
465.721 0.805
466.543 0.822
467.401 0.858
468.274 0.873
469.177 0.903
470.048 0.871
470.928 0.88
471.802 0.874
472.685 0.883
473.543 0.858
474.405 0.862
475.258 0.853
476.116 0.858
476.933 0.817
477.75 0.817
478.561 0.811
479.402 0.841
480.261 0.859
481.185 0.924
482.124 0.939
483.048 0.924
483.895 0.847
484.721 0.826
485.514 0.793
486.295 0.781
487.075 0.78
487.903 0.828
488.777 0.874
489.683 0.906
490.552 0.869
491.403 0.851
492.239 0.836
493.073 0.834
493.907 0.834
494.753 0.846
495.625 0.872
496.499 0.874
497.349 0.85
498.188 0.839
499.032 0.844
499.888 0.856
500.733 0.845
501.572 0.839
502.437 0.865
503.33 0.893
504.23 0.9
505.086 0.856
505.941 0.855
506.782 0.841
507.619 0.837
508.426 0.807
509.24 0.814
510.073 0.833
510.929 0.856
511.775 0.846
512.649 0.874
513.518 0.869
514.363 0.845
515.157 0.794
515.924 0.767
516.664 0.74
517.395 0.731
518.146 0.751
518.917 0.771
519.695 0.778
520.554 0.859
521.446 0.892
522.307 0.861
523.16 0.853
524.001 0.841
524.828 0.827
525.634 0.806
526.414 0.78
527.215 0.801
528.032 0.817
528.854 0.822
529.654 0.8
530.455 0.801
531.254 0.799
532.045 0.791
532.828 0.783
533.61 0.782
534.397 0.787
535.206 0.809
536.034 0.828
536.864 0.83
537.728 0.864
538.591 0.863
539.425 0.834
540.252 0.827
541.071 0.819
541.911 0.84
542.76 0.849
543.583 0.823
544.418 0.835
545.273 0.855
546.144 0.871
547.01 0.866
547.894 0.884
548.778 0.884
549.697 0.919
550.538 0.841
551.369 0.831
552.201 0.832
553.034 0.833
553.851 0.817
554.68 0.829
555.551 0.871
556.454 0.903
557.322 0.868
558.176 0.854
559.035 0.859
559.885 0.85
560.738 0.853
561.6 0.862
562.497 0.897
563.393 0.896
564.246 0.853
565.106 0.86
565.983 0.877
566.879 0.896
567.76 0.881
568.619 0.859
569.483 0.864
570.337 0.854
571.191 0.854
572.047 0.856
572.925 0.878
573.811 0.886
574.652 0.841
575.48 0.828
576.31 0.83
577.149 0.839
577.969 0.82
578.783 0.814
579.605 0.822
580.448 0.843
581.278 0.83
582.087 0.809
582.898 0.811
583.738 0.84
584.567 0.829
585.379 0.812
586.191 0.812
587.008 0.817
587.82 0.812
588.627 0.807
589.442 0.815
590.262 0.82
591.11 0.848
591.92 0.81
592.73 0.81
593.521 0.791
594.291 0.77
595.024 0.733
595.741 0.717
596.461 0.72
597.199 0.738
597.989 0.79
598.813 0.824
599.659 0.846
600.539 0.88