0.000 0.672
0.672 0.672
1.363 0.691
2.044 0.681
2.655 0.611
3.336 0.681
3.946 0.61
4.558 0.612
5.193 0.635
5.901 0.708
6.653 0.752
7.417 0.764
8.119 0.702
8.779 0.66
9.406 0.627
10.024 0.618
10.638 0.614
11.269 0.631
11.897 0.628
12.55 0.653
13.215 0.665
13.894 0.679
14.582 0.688
15.24 0.658
15.887 0.647
16.533 0.646
17.177 0.644
17.802 0.625
18.418 0.616
19.051 0.633
19.701 0.65
20.365 0.664
21.021 0.656
21.742 0.721
22.486 0.744
23.194 0.708
23.86 0.666
24.518 0.658
25.152 0.634
25.794 0.642
26.443 0.649
27.109 0.666
27.805 0.696
28.48 0.675
29.185 0.705
29.901 0.716
30.583 0.682
31.262 0.679
31.935 0.673
32.59 0.655
33.222 0.632
33.83 0.608
34.45 0.62
35.077 0.627
35.742 0.665
36.397 0.655
37.039 0.642
37.686 0.647
38.342 0.656
39.003 0.661
39.62 0.617
40.196 0.576
40.78 0.584
41.371 0.591
41.984 0.613
42.622 0.638
43.282 0.66
43.963 0.681
44.632 0.669
45.294 0.662
45.949 0.655
46.603 0.654
47.245 0.642
47.866 0.621
48.483 0.617
49.126 0.643
49.781 0.655
50.426 0.645
51.073 0.647
51.71 0.637
52.351 0.641
52.991 0.64
53.625 0.634
54.244 0.619
54.882 0.638
55.531 0.649
56.175 0.644
56.821 0.646
57.486 0.665
58.181 0.695
58.898 0.717
59.607 0.709
60.291 0.684
60.988 0.697
61.671 0.683
62.359 0.688
63.053 0.694
63.711 0.658
64.404 0.693
65.11 0.706
65.844 0.734
66.539 0.695
67.234 0.695
67.917 0.683
68.597 0.68
69.244 0.647
69.895 0.651
70.547 0.652
71.214 0.667
71.862 0.648
72.507 0.645
73.163 0.656
73.835 0.672
74.507 0.672
75.158 0.651
75.813 0.655
76.463 0.65
77.095 0.632
77.715 0.62
78.344 0.629
78.935 0.591
79.585 0.65
80.204 0.619
80.845 0.641
81.504 0.659
82.154 0.65
82.766 0.612
83.384 0.618
84.005 0.621
84.628 0.623
85.228 0.6
85.842 0.614
86.468 0.626
87.101 0.633
87.721 0.62
88.364 0.643
89.006 0.642
89.633 0.627
90.229 0.596
90.832 0.603
91.428 0.596
92.022 0.594
92.627 0.605
93.281 0.654
93.96 0.679
94.602 0.642
95.219 0.617
95.833 0.614
96.46 0.627
97.089 0.629
97.709 0.62
98.342 0.633
98.985 0.643
99.632 0.647
100.248 0.616
100.869 0.621
101.508 0.639
102.135 0.627
102.773 0.638
103.431 0.658
104.126 0.695
104.794 0.668
105.463 0.669
106.136 0.673
106.782 0.646
107.378 0.596
107.98 0.602
108.587 0.607
109.202 0.615
109.834 0.632
110.457 0.623
111.085 0.628
111.734 0.649
112.368 0.634
112.976 0.608
113.559 0.583
114.138 0.579
114.725 0.587
115.313 0.588
115.899 0.586
116.47 0.571
117.027 0.557
117.581 0.554
118.138 0.557
118.709 0.571
119.282 0.573
119.876 0.594
120.537 0.661
121.265 0.728
122.014 0.749
122.772 0.758
123.48 0.708
124.198 0.718
124.856 0.658
125.504 0.648
126.138 0.634
126.759 0.621
127.367 0.608
127.951 0.584
128.546 0.595
129.151 0.605
129.771 0.62
130.412 0.641
131.069 0.657
131.731 0.662
132.413 0.682
133.105 0.692
133.808 0.703
134.523 0.715
135.197 0.674
135.859 0.662
136.509 0.65
137.156 0.647
137.826 0.67
138.531 0.705
139.192 0.661
139.81 0.618
140.395 0.585
140.98 0.585
141.575 0.595
142.188 0.613
142.81 0.622
143.465 0.655
144.108 0.643
144.747 0.639
145.356 0.609
146.009 0.653
146.65 0.641
147.29 0.64
147.908 0.618
148.513 0.605
149.114 0.601
149.725 0.611
150.347 0.622
150.966 0.619
151.574 0.608
152.178 0.604
152.783 0.605
153.373 0.59
153.954 0.581
154.53 0.576
155.095 0.565
155.656 0.561
156.208 0.552
156.75 0.542
157.286 0.536
157.826 0.54
158.384 0.558
158.983 0.599
159.595 0.612
160.305 0.71
161.079 0.774
161.858 0.779
162.614 0.756
163.366 0.752
164.095 0.729
164.761 0.666
165.408 0.647
166.061 0.653
166.75 0.689
167.445 0.695
168.133 0.688
168.843 0.71
169.552 0.709
170.21 0.658
170.848 0.638
171.486 0.638
172.132 0.646
172.785 0.653
173.409 0.624
174.048 0.639
174.698 0.65
175.355 0.657
176.01 0.655
176.632 0.622
177.246 0.614
177.867 0.621
178.493 0.626
179.121 0.628
179.729 0.608
180.342 0.613
180.956 0.614
181.591 0.635
182.254 0.663
182.908 0.654
183.57 0.662
184.25 0.68
184.952 0.702
185.621 0.669
186.266 0.645
186.903 0.637
187.55 0.647
188.191 0.641
188.825 0.634
189.475 0.65
190.138 0.663
190.774 0.636
191.431 0.657
192.116 0.685
192.817 0.701
193.476 0.659
194.131 0.655
194.777 0.646
195.426 0.649
196.054 0.628
196.674 0.62
197.291 0.617
197.92 0.629
198.578 0.658
199.213 0.635
199.865 0.652
200.536 0.671
201.218 0.682
201.864 0.646
202.506 0.642
203.155 0.649
203.822 0.667
204.473 0.651
205.15 0.677
205.835 0.685
206.511 0.676
207.153 0.642
207.81 0.657
208.486 0.676
209.156 0.67
209.785 0.629
210.417 0.632
211.053 0.636
211.695 0.642
212.32 0.625
212.966 0.646
213.62 0.654
214.28 0.66
214.954 0.674
215.595 0.641
216.218 0.623
216.864 0.646
217.509 0.645
218.132 0.623
218.734 0.602
219.338 0.604
219.953 0.615
220.57 0.617
221.225 0.655
221.883 0.658
222.55 0.667
223.193 0.643
223.847 0.654
224.513 0.666
225.199 0.686
225.89 0.691
226.534 0.644
227.189 0.655
227.861 0.672
228.57 0.709
229.255 0.685
229.921 0.666
230.588 0.667
231.271 0.683
231.915 0.644
232.546 0.631
233.177 0.631
233.807 0.63
234.424 0.617
235.051 0.627
235.686 0.635
236.333 0.647
236.956 0.623
237.581 0.625
238.22 0.639
238.824 0.604
239.442 0.618
240.06 0.618
240.673 0.613
241.277 0.604
241.883 0.606
242.49 0.607
243.111 0.621
243.741 0.63
244.364 0.623
245.004 0.64
245.655 0.651
246.307 0.652
246.964 0.657
247.64 0.676
248.322 0.682
248.982 0.66
249.652 0.67
250.294 0.642
250.948 0.654
251.586 0.638
252.226 0.64
252.887 0.661
253.56 0.673
254.232 0.672
254.896 0.664
255.535 0.639
256.164 0.629
256.802 0.638
257.47 0.668
258.117 0.647
258.794 0.677
259.486 0.692
260.21 0.724
260.903 0.693
261.594 0.691
262.278 0.684
262.951 0.673
263.6 0.649
264.218 0.618
264.85 0.632
265.486 0.636
266.146 0.66
266.808 0.662
267.439 0.631
268.091 0.652
268.764 0.673
269.427 0.663
270.071 0.644
270.734 0.663
271.391 0.657
272.02 0.629
272.652 0.632
273.296 0.644
273.954 0.658
274.621 0.667
275.269 0.648
275.892 0.623
276.521 0.629
277.165 0.644
277.83 0.665
278.513 0.683
279.156 0.643
279.776 0.62
280.39 0.614
281.023 0.633
281.671 0.648
282.312 0.641
282.936 0.624
283.577 0.641
284.216 0.639
284.835 0.619
285.447 0.612
286.047 0.6
286.658 0.611
287.276 0.618
287.889 0.613
288.537 0.648
289.223 0.686
289.96 0.737
290.637 0.677
291.302 0.665
291.956 0.654
292.602 0.646
293.235 0.633
293.848 0.613
294.441 0.593
295.025 0.584
295.618 0.593
296.213 0.595
296.818 0.605
297.418 0.6
298.035 0.617
298.667 0.632
299.345 0.678
300.044 0.699
300.711 0.667
301.354 0.643
301.995 0.641
302.647 0.652
303.313 0.666
303.959 0.646
304.558 0.599
305.149 0.591
305.752 0.603
306.386 0.634
307.056 0.67
307.724 0.668
308.356 0.632
308.974 0.618
309.594 0.62
310.213 0.619
310.847 0.634
311.491 0.644
312.116 0.625
312.722 0.606
313.333 0.611
313.949 0.616
314.567 0.618
315.191 0.624
315.808 0.617
316.416 0.608
317.034 0.618
317.706 0.672
318.43 0.724
319.18 0.75
319.892 0.712
320.593 0.701
321.322 0.729
322.048 0.726
322.776 0.728
323.481 0.705
324.165 0.684
324.865 0.7
325.582 0.717
326.331 0.749
327.092 0.761
327.87 0.778
328.652 0.782
329.395 0.743
330.062 0.667
330.733 0.671
331.416 0.683
332.186 0.77
332.997 0.811
333.789 0.792
334.505 0.716
335.216 0.711
335.938 0.722
336.667 0.729
337.395 0.728
338.115 0.72
338.79 0.675
339.475 0.685
340.179 0.704
340.904 0.725
341.609 0.705
342.265 0.656
342.903 0.638
343.569 0.666
344.282 0.713
345.055 0.773
345.749 0.694
346.432 0.683
347.09 0.658
347.739 0.649
348.36 0.621
348.963 0.603
349.555 0.592
350.147 0.592
350.748 0.601
351.36 0.612
351.977 0.617
352.59 0.613
353.226 0.636
353.885 0.659
354.573 0.688
355.25 0.677
355.875 0.625
356.491 0.616
357.087 0.596
357.667 0.58
358.235 0.568
358.805 0.57
359.386 0.581
359.994 0.608
360.581 0.587
361.159 0.578
361.755 0.596
362.408 0.653
363.079 0.671
363.783 0.704
364.486 0.703
365.152 0.666
365.806 0.654
366.453 0.647
367.127 0.674
367.818 0.691
368.473 0.655
369.107 0.634
369.745 0.638
370.393 0.648
371.104 0.711
371.826 0.722
372.509 0.683
373.174 0.665
373.825 0.651
374.46 0.635
375.089 0.629
375.714 0.625
376.346 0.632
376.973 0.627
377.601 0.628
378.204 0.603
378.807 0.603
379.434 0.627
380.095 0.661
380.795 0.7
381.48 0.685
382.169 0.689
382.852 0.683
383.526 0.674
384.213 0.687
384.871 0.658
385.524 0.653
386.182 0.658
386.848 0.666
387.535 0.687
388.183 0.648
388.844 0.661
389.508 0.664
390.19 0.682
390.842 0.652
391.494 0.652
392.131 0.637
392.791 0.66
393.485 0.694
394.134 0.649
394.814 0.68
395.509 0.695
396.211 0.702
396.933 0.722
397.607 0.674
398.285 0.678
398.948 0.663
399.59 0.642
400.208 0.618
400.816 0.608
401.427 0.611
402.032 0.605
402.646 0.614
403.254 0.608
403.846 0.592
404.431 0.585
405.023 0.592
405.651 0.628
406.329 0.678
406.964 0.635
407.621 0.657
408.302 0.681
408.968 0.666
409.635 0.667
410.264 0.629
410.879 0.615
411.511 0.632
412.163 0.652
412.851 0.688
413.55 0.699
414.228 0.678
414.925 0.697
415.605 0.68
416.291 0.686
416.931 0.64
417.53 0.599
418.109 0.579
418.728 0.619
419.385 0.657
420.113 0.728
420.862 0.749
421.637 0.775
422.408 0.771
423.132 0.724
423.833 0.701
424.517 0.684
425.172 0.655
425.806 0.634
426.409 0.603
427.004 0.595
427.594 0.59
428.188 0.594
428.788 0.6
429.388 0.6
430.014 0.626
430.686 0.672
431.396 0.71
432.108 0.712
432.806 0.698
433.505 0.699
434.176 0.671
434.836 0.66
435.49 0.654
436.113 0.623
436.724 0.611
437.341 0.617
437.965 0.624
438.609 0.644
439.257 0.648
439.886 0.629
440.536 0.65
441.202 0.666
441.895 0.693
442.573 0.678
443.229 0.656
443.887 0.658
444.544 0.657
445.209 0.665
445.879 0.67
446.529 0.65
447.135 0.606
447.742 0.607
448.35 0.608
448.974 0.624
449.61 0.636
450.247 0.637
450.858 0.611
451.468 0.61
452.089 0.621
452.737 0.648
453.409 0.672
454.059 0.65
454.715 0.656
455.371 0.656
456.026 0.655
456.664 0.638
457.267 0.603
457.87 0.603
458.486 0.616
459.112 0.626
459.756 0.644
460.392 0.636
461.049 0.657
461.728 0.679
462.429 0.701
463.083 0.654
463.743 0.66
464.398 0.655
465.055 0.657
465.699 0.644
466.31 0.611
466.916 0.606
467.533 0.617
468.154 0.621
468.765 0.611
469.36 0.595
469.973 0.613
470.601 0.628
471.234 0.633
471.861 0.627
472.486 0.625
473.113 0.627
473.748 0.635
474.363 0.615
474.969 0.606
475.586 0.617
476.208 0.622
476.841 0.633
477.474 0.633
478.076 0.602
478.679 0.603
479.291 0.612
479.907 0.616
480.524 0.617
481.136 0.612
481.771 0.635
482.422 0.651
483.041 0.619
483.67 0.629
484.312 0.642
484.954 0.642
485.586 0.632
486.202 0.616
486.821 0.619
487.444 0.623
488.074 0.63
488.687 0.613
489.316 0.629
489.953 0.637
490.596 0.643
491.222 0.626
491.816 0.594
492.398 0.582
492.966 0.568
493.526 0.56
494.111 0.585
494.734 0.623
495.378 0.644
496.079 0.701
496.834 0.755
497.579 0.745
498.283 0.704
498.954 0.671
499.606 0.652
500.25 0.644
500.889 0.639
501.496 0.607
502.101 0.605
502.724 0.623
503.354 0.63
504.009 0.655
504.642 0.633
505.272 0.63
505.922 0.65
506.609 0.687
507.341 0.732
508.042 0.701
508.726 0.684
509.405 0.679
510.077 0.672
510.737 0.66
511.363 0.626
511.992 0.629
512.631 0.639
513.295 0.664
513.947 0.652
514.594 0.647
515.252 0.658
515.925 0.673
516.597 0.672
517.238 0.641
517.882 0.644
518.537 0.655
519.202 0.665
519.843 0.641
520.474 0.631
521.136 0.662
521.838 0.702
522.551 0.713
523.218 0.667
523.89 0.672
524.532 0.642
525.193 0.661
525.863 0.67
526.543 0.68
527.25 0.707
527.963 0.713
528.638 0.675
529.277 0.639
529.869 0.592
530.441 0.572
531.017 0.576
531.614 0.597
532.223 0.609
532.817 0.594
533.417 0.6
534.051 0.634
534.708 0.657
535.36 0.652
535.98 0.62
536.61 0.63
537.23 0.62
537.839 0.609
538.466 0.627
539.114 0.648
539.759 0.645
540.378 0.619
541.0 0.622
541.635 0.635
542.277 0.642
542.896 0.619
543.529 0.633
544.178 0.649
544.851 0.673
545.514 0.663
546.147 0.633
546.765 0.618
547.374 0.609
547.977 0.603
548.59 0.613
549.188 0.598
549.8 0.612
550.42 0.62
551.076 0.656
551.749 0.673
552.406 0.657
553.054 0.648
553.716 0.662
554.395 0.679
555.076 0.681
555.714 0.638
556.334 0.62
556.945 0.611
557.555 0.61
558.156 0.601
558.749 0.593
559.333 0.584
559.932 0.599
560.554 0.622
561.196 0.642
561.864 0.668
562.517 0.653
563.211 0.694
563.924 0.713
564.649 0.725
565.31 0.661
565.96 0.65
566.589 0.629
567.212 0.623
567.828 0.616
568.424 0.596
569.038 0.614
569.667 0.629
570.318 0.651
570.949 0.631
571.546 0.597
572.132 0.586
572.741 0.609
573.365 0.624
573.995 0.63
574.601 0.606
575.182 0.581
575.756 0.574
576.335 0.579
576.919 0.584
577.494 0.575
578.053 0.559
578.616 0.563
579.207 0.591
579.837 0.63
580.52 0.683
581.256 0.736
581.991 0.735
582.664 0.673
583.304 0.64
583.931 0.627
584.546 0.615
585.146 0.6
585.731 0.585
586.32 0.589
586.919 0.599
587.506 0.587
588.111 0.605
588.742 0.631
589.412 0.67
590.092 0.68
590.74 0.648
591.41 0.67
592.057 0.647
592.693 0.636
593.333 0.64
593.931 0.598
594.524 0.593
595.113 0.589
595.679 0.566
596.249 0.57
596.845 0.596
597.446 0.601
598.119 0.673
598.838 0.719
599.607 0.769