0.000 0.706
0.706 0.706
1.411 0.705
2.068 0.657
4.624 2.556
5.247 0.623
5.885 0.638
6.547 0.662
7.249 0.702
7.958 0.709
8.626 0.668
8.903 0.277
9.156 0.253
9.45 0.294
9.72 0.27
10.066 0.346
12.369 2.303
13.013 0.644
13.668 0.655
14.361 0.693
15.062 0.701
15.743 0.681
16.436 0.693
17.156 0.72
17.935 0.779
18.654 0.719
19.348 0.694
20.066 0.718
20.779 0.713
21.481 0.702
22.204 0.723
22.982 0.778
23.723 0.741
24.501 0.778
25.314 0.813
26.077 0.763
26.878 0.801
27.703 0.825
28.512 0.809
29.268 0.756
30.022 0.754
30.768 0.746
31.535 0.767
32.336 0.801
33.116 0.78
33.911 0.795
34.702 0.791
35.473 0.771
41.999 6.526
42.794 0.795
43.577 0.783
44.327 0.75
45.117 0.79
45.932 0.815
46.738 0.806
47.535 0.797
48.327 0.792
49.072 0.745
49.84 0.768
50.613 0.773
51.347 0.734
52.12 0.773
53.036 0.916
53.971 0.935
54.779 0.808
55.638 0.859
56.551 0.913
57.256 0.705
57.919 0.663
58.591 0.672
59.345 0.754
60.081 0.736
60.83 0.749
61.565 0.735
62.303 0.738
63.013 0.71
63.704 0.691
64.396 0.692
65.14 0.744
65.881 0.741
66.61 0.729
67.378 0.768
68.231 0.853
69.063 0.832
69.813 0.75
70.529 0.716
71.225 0.696
71.933 0.708
72.65 0.717
73.353 0.703
74.095 0.742
74.934 0.839
75.839 0.905
76.824 0.985
77.795 0.971
78.685 0.89
79.537 0.852
80.383 0.846
81.243 0.86
82.083 0.84
82.943 0.86
83.932 0.989
84.954 1.022
85.924 0.97
86.807 0.883
87.674 0.867
88.551 0.877
89.384 0.833
90.262 0.878
91.161 0.899
92.099 0.938
93.013 0.914
93.902 0.889
94.817 0.915
95.699 0.882
96.516 0.817
97.362 0.846
98.259 0.897
99.124 0.865
99.965 0.841
100.877 0.912
109.998 9.121
110.833 0.835
111.618 0.785
112.474 0.856
113.403 0.929
114.311 0.908
115.255 0.944
116.125 0.87
116.92 0.795
117.706 0.786
118.361 0.655
119.076 0.715
119.873 0.797
120.728 0.855
121.585 0.857
122.49 0.905
128.998 6.508
129.85 0.852
130.658 0.808
131.461 0.803
132.311 0.85
133.124 0.813
133.931 0.807
134.783 0.852
135.636 0.853
136.446 0.81
137.314 0.868
138.233 0.919
139.108 0.875
139.936 0.828
140.704 0.768
141.423 0.719
142.098 0.675
149.998 7.9
150.703 0.705
151.409 0.706
152.15 0.741
152.835 0.685
153.498 0.663
154.207 0.709
154.911 0.704
155.639 0.728
156.371 0.732
157.085 0.714
157.811 0.726
158.57 0.759
159.269 0.699
159.955 0.686
160.63 0.675
161.356 0.726
162.104 0.748
162.854 0.75
163.566 0.712
164.249 0.683
164.971 0.722
165.617 0.646
166.237 0.62
166.867 0.63
167.523 0.656
168.2 0.677
168.868 0.668
169.516 0.648
170.176 0.66
170.868 0.692
171.54 0.672
172.178 0.638
172.819 0.641
173.479 0.66
174.139 0.66
174.78 0.641
175.41 0.63
176.051 0.641
176.673 0.622
177.274 0.601
177.886 0.612
178.533 0.647
179.173 0.64
179.788 0.615
180.382 0.594
180.964 0.582
181.534 0.57
182.1 0.566
182.657 0.557
183.207 0.55
183.765 0.558
184.325 0.56
184.896 0.571
185.498 0.602
186.136 0.638
186.756 0.62
187.387 0.631
188.07 0.683
189.402 1.332
190.036 0.634
190.679 0.643
191.305 0.626
191.948 0.643
192.606 0.658
193.255 0.649
194.073 0.818
195.035 0.962
195.974 0.939
196.827 0.853
197.681 0.854
198.519 0.838
199.301 0.782
200.122 0.821
200.974 0.852
201.858 0.884
202.756 0.898
203.729 0.973
204.71 0.981
205.602 0.892
206.47 0.868
207.378 0.908
208.325 0.947
209.295 0.97
216.997 7.702
217.785 0.788
218.609 0.824
219.534 0.925
220.468 0.934
221.329 0.861
222.183 0.854
223.043 0.86
223.864 0.821
224.697 0.833
225.58 0.883
226.491 0.911
227.382 0.891
228.171 0.789
228.955 0.784
229.796 0.841
230.647 0.851
231.483 0.836
232.384 0.901
233.275 0.891
234.145 0.87
234.951 0.806
235.701 0.75
236.444 0.743
237.172 0.728
237.889 0.717
238.598 0.709
239.338 0.74
240.079 0.741
240.806 0.727
241.544 0.738
242.264 0.72
242.977 0.713
243.729 0.752
244.497 0.768
245.281 0.784
246.068 0.787
246.838 0.77
247.636 0.798
248.384 0.748
249.132 0.748
249.857 0.725
250.588 0.731
251.314 0.726
252.064 0.75
252.822 0.758
253.594 0.772
254.406 0.812
255.184 0.778
255.976 0.792
256.82 0.844
257.65 0.83
258.461 0.811
259.282 0.821
260.109 0.827
260.955 0.846
261.745 0.79
262.534 0.789
263.349 0.815
264.125 0.776
264.902 0.777
265.659 0.757
266.428 0.769
267.188 0.76
267.95 0.762
268.796 0.846
269.715 0.919
270.623 0.908
271.473 0.85
272.27 0.797
273.073 0.803
273.887 0.814
274.664 0.777
275.433 0.769
276.171 0.738
276.913 0.742
277.709 0.796
278.595 0.886
279.505 0.91
280.412 0.907
281.304 0.892
282.121 0.817
282.906 0.785
283.683 0.777
284.467 0.784
285.346 0.879
286.297 0.951
287.197 0.9
288.03 0.833
288.86 0.83
289.703 0.843
290.578 0.875
291.449 0.871
292.286 0.837
293.088 0.802
293.896 0.808
294.752 0.856
295.657 0.905
296.53 0.873
297.396 0.866
298.296 0.9
299.227 0.931
300.122 0.895
301.001 0.879
301.85 0.849
302.667 0.817
303.454 0.787
304.287 0.833
305.274 0.987
306.198 0.924
307.058 0.86
307.908 0.85
313.995 6.087
314.868 0.873
315.699 0.831
316.51 0.811
317.345 0.835
318.196 0.851
319.006 0.81
319.838 0.832
320.713 0.875
321.6 0.887
322.452 0.852
323.305 0.853
324.077 0.772
324.807 0.73
325.628 0.821
326.544 0.916
327.459 0.915
328.367 0.908
329.257 0.89
330.088 0.831
330.891 0.803
331.655 0.764
332.412 0.757
333.197 0.785
334.055 0.858
334.933 0.878
335.792 0.859
336.593 0.801
337.36 0.767
338.121 0.761
338.873 0.752
339.638 0.765
340.413 0.775
341.148 0.735
341.852 0.704
342.522 0.67
343.229 0.707
344.031 0.802
344.929 0.898
345.841 0.912
346.68 0.839
347.467 0.787
348.261 0.794
349.123 0.862
350.024 0.901
350.955 0.931
351.821 0.866
352.678 0.857
353.562 0.884
354.451 0.889
355.34 0.889
356.215 0.875
357.037 0.822
357.838 0.801
358.652 0.814
359.456 0.804
360.239 0.783
361.026 0.787
361.805 0.779
362.576 0.771
363.332 0.756
364.063 0.731
364.763 0.7
365.448 0.685
366.156 0.708
366.887 0.731
367.665 0.778
368.534 0.869
369.445 0.911
370.283 0.838
371.053 0.77
371.829 0.776
372.635 0.806
373.472 0.837
374.261 0.789
375.041 0.78
375.869 0.828
376.697 0.828
377.467 0.77
378.203 0.736
378.933 0.73
379.682 0.749
380.463 0.781
381.298 0.835
382.169 0.871
382.993 0.824
383.777 0.784
384.517 0.74
385.265 0.748
386.044 0.779
386.845 0.801
387.745 0.9
388.693 0.948
389.593 0.9
390.472 0.879
391.362 0.89
392.223 0.861
393.078 0.855
393.839 0.761
394.579 0.74
395.313 0.734
396.072 0.759
396.893 0.821
397.713 0.82
398.491 0.778
399.268 0.777
400.085 0.817
400.929 0.844
401.81 0.881
402.684 0.874
403.532 0.848
404.369 0.837
405.217 0.848
406.09 0.873
406.937 0.847
407.838 0.901
408.744 0.906
409.65 0.906
410.567 0.917
411.419 0.852
412.272 0.853
413.143 0.871
414.008 0.865
414.808 0.8
415.623 0.815
416.475 0.852
417.298 0.823
418.131 0.833
418.978 0.847
419.802 0.824
420.592 0.79
421.388 0.796
422.262 0.874
423.055 0.793
423.807 0.752
424.551 0.744
425.305 0.754
426.083 0.778
426.872 0.789
427.667 0.795
428.469 0.802
429.24 0.771
429.994 0.754
430.749 0.755
431.561 0.812
432.435 0.874
433.323 0.888
434.206 0.883
435.051 0.845
435.863 0.812
436.637 0.774
437.458 0.821
438.317 0.859
444.994 6.677
445.878 0.884
446.706 0.828
447.579 0.873
448.422 0.843
449.284 0.862
450.187 0.903
451.084 0.897
451.962 0.878
452.817 0.855
453.585 0.768
454.355 0.77
455.179 0.824
456.052 0.873
456.871 0.819
457.646 0.775
458.412 0.766
459.199 0.787
460.021 0.822
460.825 0.804
461.573 0.748
462.317 0.744
463.073 0.756
463.876 0.803
464.731 0.855
465.585 0.854
466.426 0.841
467.26 0.834
468.048 0.788
468.824 0.776
469.621 0.797
470.467 0.846
471.269 0.802
472.076 0.807
472.901 0.825
473.853 0.952
474.801 0.948
475.649 0.848
476.448 0.799
477.226 0.778
478.058 0.832
478.944 0.886
479.835 0.891
480.676 0.841
481.437 0.761
482.159 0.722
482.845 0.686
483.563 0.718
484.455 0.892
485.276 0.821
486.073 0.797
486.882 0.809
487.719 0.837
488.531 0.812
489.287 0.756
490.021 0.734
490.774 0.753
491.531 0.757
492.261 0.73
492.965 0.704
493.672 0.707
494.411 0.739
495.198 0.787
496.019 0.821
496.837 0.818
497.65 0.813
498.439 0.789
499.207 0.768
499.946 0.739
500.663 0.717
501.41 0.747
502.249 0.839
503.167 0.918
503.999 0.832
504.818 0.819
505.674 0.856
506.549 0.875
507.358 0.809
508.126 0.768
508.913 0.787
509.732 0.819
510.509 0.777
511.259 0.75
512.083 0.824
512.989 0.906
513.896 0.907
514.716 0.82
515.474 0.758
516.195 0.721
516.888 0.693
517.558 0.67
518.228 0.67
518.928 0.7
519.635 0.707
520.39 0.755
521.168 0.778
521.91 0.742
522.668 0.758
523.443 0.775
524.231 0.788
525.05 0.819
525.885 0.835
526.692 0.807
527.521 0.829
528.42 0.899
529.273 0.853
530.089 0.816
530.879 0.79
531.682 0.803
532.51 0.828
533.379 0.869
534.188 0.809
534.973 0.785
535.788 0.815
536.608 0.82
537.453 0.845
538.34 0.887
539.191 0.851
539.974 0.783
540.776 0.802
541.657 0.881
542.541 0.884
543.39 0.849
544.292 0.902
545.231 0.939
546.108 0.877
546.926 0.818
547.769 0.843
548.66 0.891
549.575 0.915
550.425 0.85
551.268 0.843
552.107 0.839
552.916 0.809
553.813 0.897
554.793 0.98
555.784 0.991
556.703 0.919
557.577 0.874
558.464 0.887
559.324 0.86
560.262 0.938
561.184 0.922
562.04 0.856
562.882 0.842
563.679 0.797
564.445 0.766
565.209 0.764
566.027 0.818
566.842 0.815
567.673 0.831
568.606 0.933
575.84 0.848
576.685 0.845
577.376 0.691
578.054 0.678
578.743 0.689
579.455 0.712
580.197 0.742
580.92 0.723
581.661 0.741
582.393 0.732
583.094 0.701
583.802 0.708
584.475 0.673
585.134 0.659
585.791 0.657
586.44 0.649
587.098 0.658
587.779 0.681
588.452 0.673
589.11 0.658
589.768 0.658
590.434 0.666
591.086 0.652
591.727 0.641
592.353 0.626
592.971 0.618
593.623 0.652
594.268 0.645
594.903 0.635
595.529 0.626
596.154 0.625
596.79 0.636
597.449 0.659
598.167 0.718
598.957 0.79
599.781 0.824
600.607 0.826
601.48 0.873
602.358 0.878
603.253 0.895
604.153 0.9
604.965 0.812
605.707 0.742
606.485 0.778
607.314 0.829
608.191 0.877
609.072 0.881
609.933 0.861
610.757 0.824
611.537 0.78