0.000 0.827
0.827 0.827
1.682 0.855
2.571 0.889
3.433 0.862
4.322 0.889
5.184 0.862
5.976 0.792
6.735 0.759
7.495 0.76
8.29 0.795
9.148 0.858
10.024 0.876
10.86 0.836
11.671 0.811
12.417 0.746
13.174 0.757
13.936 0.762
14.693 0.757
15.407 0.714
16.102 0.695
16.792 0.69
17.483 0.691
18.19 0.707
18.938 0.748
19.732 0.794
20.554 0.822
21.326 0.772
22.046 0.72
22.785 0.739
23.502 0.717
24.219 0.717
24.954 0.735
25.808 0.854
26.724 0.916
27.663 0.939
28.609 0.946
29.534 0.925
30.448 0.914
31.347 0.899
32.235 0.888
33.1 0.865
33.955 0.855
34.82 0.865
35.687 0.867
36.534 0.847
37.378 0.844
38.203 0.825
39.039 0.836
39.861 0.822
40.677 0.816
41.499 0.822
42.317 0.818
43.123 0.806
43.946 0.823
44.731 0.785
45.415 0.684
46.073 0.658
46.764 0.691
47.498 0.734
48.34 0.842
49.183 0.843
49.956 0.773
50.739 0.783
51.802 1.063
52.808 1.006
53.65 0.842
54.5 0.85
55.344 0.844
56.197 0.853
57.024 0.827
57.761 0.737
58.495 0.734
59.244 0.749
60.004 0.76
60.727 0.723
61.44 0.713
62.16 0.72
62.896 0.736
63.624 0.728
64.365 0.741
65.1 0.735
65.787 0.687
66.495 0.708
67.2 0.705
67.942 0.742
68.758 0.816
69.575 0.817
70.459 0.884
71.363 0.904
72.361 0.998
73.308 0.947
74.345 1.037
75.309 0.964
76.159 0.85
76.953 0.794
77.731 0.778
78.538 0.807
79.379 0.841
80.245 0.866
81.104 0.859
81.948 0.844
82.718 0.77
83.475 0.757
84.209 0.734
84.904 0.695
85.583 0.679
86.244 0.661
86.896 0.652
87.572 0.676
88.261 0.689
88.99 0.729
89.733 0.743
90.454 0.721
91.201 0.747
91.961 0.76
92.76 0.799
93.544 0.784
94.343 0.799
95.139 0.796
95.912 0.773
96.724 0.812
97.531 0.807
98.288 0.757
99.115 0.827
99.958 0.843
100.779 0.821
101.552 0.773
102.376 0.824
103.21 0.834
103.973 0.763
104.802 0.829
105.648 0.846
106.461 0.813
107.279 0.818
108.156 0.877
109.062 0.906
109.895 0.833
110.744 0.849
111.577 0.833
112.351 0.774
113.189 0.838
114.038 0.849
114.823 0.785
115.633 0.81
116.417 0.784
117.256 0.839
118.029 0.773
118.924 0.895
119.733 0.809
120.597 0.864
121.342 0.745
122.147 0.805
122.966 0.819
123.755 0.789
124.528 0.773
125.243 0.715
125.978 0.735
126.71 0.732
127.445 0.735
128.171 0.726
128.905 0.734
129.586 0.681
130.35 0.764
131.11 0.76
131.889 0.779
132.669 0.78
133.405 0.736
134.136 0.731
134.847 0.711
135.545 0.698
136.223 0.678
136.925 0.702
137.648 0.723
138.417 0.769
139.183 0.766
139.985 0.802
140.775 0.79
141.501 0.726
142.247 0.746
142.956 0.709
143.653 0.697
144.338 0.685
145.013 0.675
145.674 0.661
146.328 0.654
146.982 0.654
147.653 0.671
148.344 0.691
149.066 0.722
149.824 0.758
150.576 0.752
151.322 0.746
152.07 0.748
152.846 0.776
153.626 0.78
154.438 0.812
155.279 0.841
156.072 0.793
156.879 0.807
157.667 0.788
158.497 0.83
159.424 0.927
160.397 0.973
161.361 0.964
162.228 0.867
163.086 0.858
163.93 0.844
164.691 0.761
165.492 0.801
166.288 0.796
167.019 0.731
167.804 0.785
168.635 0.831
169.439 0.804
170.355 0.916
171.275 0.92
172.128 0.853
172.995 0.867
173.84 0.845
174.664 0.824
175.451 0.787
176.234 0.783
177.032 0.798
177.784 0.752
178.549 0.765
179.255 0.706
179.977 0.722
180.704 0.727
181.469 0.765
182.269 0.8
183.024 0.755
183.839 0.815
184.599 0.76
185.409 0.81
186.213 0.804
187.018 0.805
187.82 0.802
188.626 0.806
189.427 0.801
190.227 0.8
191.016 0.789
191.75 0.734
192.504 0.754
193.256 0.752
194.043 0.787
194.78 0.737
195.519 0.739
196.207 0.688
196.902 0.695
197.594 0.692
198.287 0.693
198.974 0.687
199.679 0.705
200.371 0.692
201.037 0.666
201.704 0.667
202.37 0.666
203.005 0.635
203.697 0.692
204.349 0.652
204.997 0.648
205.637 0.64
206.27 0.633
206.89 0.62
207.502 0.612
208.105 0.603
208.698 0.593
209.286 0.588
209.866 0.58
210.443 0.577
211.013 0.57
211.579 0.566
212.14 0.561
212.701 0.561
213.264 0.563
213.846 0.582
214.499 0.653
215.192 0.693
216.041 0.849
216.852 0.811
217.607 0.755
218.357 0.75
219.21 0.853
220.182 0.972
221.099 0.917
221.987 0.888
222.904 0.917
223.765 0.861
224.58 0.815
225.38 0.8
226.217 0.837
227.022 0.805
227.784 0.762
228.559 0.775
229.29 0.731
230.043 0.753
230.795 0.752
231.505 0.71
232.237 0.732
232.967 0.73
233.659 0.692
234.346 0.687
235.024 0.678
235.679 0.655
236.351 0.672
237.022 0.671
237.691 0.669
238.402 0.711
239.096 0.694
239.791 0.695
240.528 0.737
241.286 0.758
242.047 0.761
242.819 0.772
243.541 0.722
244.296 0.755
245.039 0.743
245.773 0.734
246.537 0.764
247.303 0.766
248.105 0.802
248.939 0.834
249.748 0.809
250.589 0.841
251.45 0.861
252.227 0.777
253.023 0.796
253.811 0.788
254.644 0.833
255.478 0.834
256.276 0.798
257.11 0.834
257.931 0.821
258.755 0.824
259.568 0.813
260.303 0.735
261.065 0.762
261.863 0.798
262.61 0.747
263.351 0.741
264.094 0.743
264.809 0.715
265.536 0.727
266.267 0.731
267.023 0.756
267.795 0.772
268.538 0.743
269.322 0.784
270.072 0.75
270.829 0.757
271.608 0.779
272.408 0.8
273.186 0.778
273.916 0.73
274.642 0.726
275.374 0.732
276.169 0.795
277.009 0.84
277.852 0.843
278.607 0.755
279.323 0.716
280.038 0.715
280.767 0.729
281.568 0.801
282.411 0.843
283.191 0.78
284.05 0.859
284.876 0.826
285.717 0.841
286.542 0.825
287.268 0.726
288.016 0.748
288.838 0.822
289.707 0.869
290.647 0.94
291.557 0.91
292.372 0.815
293.198 0.826
293.964 0.766
294.679 0.715
295.405 0.726
296.129 0.724
296.942 0.813
297.731 0.789
298.556 0.825
299.38 0.824
300.2 0.82
301.002 0.802
301.839 0.837
302.714 0.875
303.494 0.78
304.303 0.809
305.087 0.784
305.864 0.777
306.619 0.755
307.375 0.756
308.139 0.764
308.91 0.771
309.688 0.778
310.481 0.793
311.284 0.803
312.099 0.815
312.924 0.825
313.715 0.791
314.501 0.786
315.323 0.822
316.161 0.838
316.997 0.836
317.841 0.844
318.636 0.795
319.432 0.796
320.257 0.825
321.098 0.841
321.943 0.845
322.792 0.849
323.673 0.881
324.553 0.88
325.391 0.838
326.204 0.813
327.021 0.817
327.893 0.872
328.732 0.839
329.613 0.881
330.488 0.875
331.325 0.837
332.188 0.863
333.004 0.816
333.868 0.864
334.765 0.897
335.546 0.781
336.382 0.836
337.249 0.867
338.073 0.824
338.949 0.876
339.735 0.786
340.488 0.753
341.279 0.791
342.138 0.859
343.02 0.882
343.796 0.776
344.633 0.837
345.444 0.811
346.186 0.742
346.902 0.716
347.631 0.729
348.36 0.729
349.064 0.704
349.763 0.699
350.526 0.763
351.326 0.8
352.064 0.738
352.794 0.73
353.492 0.698
354.182 0.69
354.851 0.669
355.539 0.688
356.209 0.67
356.898 0.689
357.612 0.714
358.287 0.675
358.986 0.699
359.696 0.71
360.428 0.732
361.133 0.705
361.806 0.673
362.504 0.698
363.225 0.721
363.949 0.724
364.659 0.71
365.41 0.751
366.198 0.788
366.99 0.792
367.785 0.795
368.631 0.846
369.451 0.82
370.296 0.845
371.157 0.861
371.986 0.829
372.841 0.855
373.704 0.863
374.517 0.813
375.38 0.863
376.195 0.815
376.942 0.747
377.691 0.749
378.419 0.728
379.201 0.782
380.046 0.845
380.913 0.867
381.728 0.815
382.423 0.695
383.128 0.705
383.834 0.706
384.555 0.721
385.259 0.704
386.001 0.742
386.782 0.781
387.599 0.817
388.453 0.854
389.366 0.913
390.29 0.924
391.229 0.939
392.14 0.911
392.984 0.844
393.844 0.86
394.702 0.858
395.546 0.844
396.392 0.846
397.264 0.872
398.04 0.776
398.825 0.785
399.602 0.777
400.359 0.757
401.159 0.8
401.977 0.818
402.784 0.807
403.592 0.808
404.461 0.869
405.261 0.8
406.121 0.86
406.939 0.818
407.737 0.798
408.486 0.749
409.194 0.708
409.892 0.698
410.605 0.713
411.327 0.722
412.03 0.703
412.752 0.722
413.476 0.724
414.225 0.749
415.025 0.8
415.862 0.837
416.71 0.848
417.565 0.855
418.414 0.849
419.267 0.853
420.112 0.845
420.935 0.823
421.715 0.78
422.427 0.712
423.153 0.726
423.909 0.756
424.755 0.846
425.692 0.937
426.658 0.966
427.61 0.952
428.527 0.917
429.473 0.946
430.454 0.981
431.445 0.991
432.39 0.945
433.226 0.836
434.004 0.778
434.751 0.747
435.515 0.764
436.275 0.76
436.994 0.719
437.71 0.716
438.409 0.699
439.12 0.711
439.878 0.758
440.696 0.818
441.593 0.897
442.495 0.902
443.372 0.877
444.161 0.789
444.932 0.771
445.735 0.803
446.551 0.816
447.404 0.853
448.256 0.852
449.132 0.876
450.065 0.933
450.932 0.867
451.822 0.89
452.671 0.849
453.498 0.827
454.323 0.825
455.142 0.819
455.953 0.811
456.759 0.806
457.522 0.763
458.328 0.806
459.147 0.819
459.935 0.788
460.729 0.794
461.458 0.729
462.14 0.682
462.806 0.666
463.484 0.678
464.25 0.766
465.149 0.899
465.963 0.814
466.801 0.838
467.625 0.824
468.445 0.82
469.251 0.806
470.007 0.756
470.709 0.702
471.396 0.687
472.109 0.713
472.818 0.709
473.517 0.699
474.242 0.725
474.996 0.754
475.793 0.797
476.576 0.783
477.316 0.74
478.071 0.755
478.805 0.734
479.609 0.804
480.392 0.783
481.186 0.794
481.962 0.776
482.755 0.793
483.508 0.753
484.258 0.75
485.028 0.77
485.789 0.761
486.53 0.741
487.286 0.756
488.052 0.766
488.842 0.79
489.656 0.814
490.5 0.844
491.344 0.844
492.148 0.804
492.968 0.82
493.814 0.846
494.737 0.923
495.644 0.907
496.496 0.852
497.253 0.757
497.972 0.719
498.664 0.692
499.352 0.688
500.04 0.688
500.708 0.668
501.385 0.677
502.096 0.711
502.96 0.864
503.773 0.813
504.625 0.852
505.548 0.923
506.392 0.844
507.241 0.849
508.122 0.881
509.04 0.918
509.788 0.748
510.509 0.721
511.214 0.705
511.932 0.718
512.677 0.745
513.465 0.788
514.273 0.808
515.043 0.77
515.873 0.83
516.75 0.877
517.633 0.883
518.54 0.907
519.466 0.926
520.379 0.913
521.27 0.891
522.139 0.869
522.992 0.853
523.842 0.85
524.681 0.839
525.481 0.8
526.254 0.773
527.037 0.783
527.893 0.856
528.766 0.873
529.632 0.866
530.502 0.87
531.358 0.856
532.2 0.842
533.011 0.811
533.824 0.813
534.628 0.804
535.399 0.771
536.186 0.787
536.987 0.801
537.817 0.83
538.641 0.824
539.549 0.908
540.406 0.857
541.355 0.949
542.248 0.893
543.082 0.834
543.907 0.825
544.756 0.849
545.595 0.839
546.376 0.781
547.149 0.773
547.912 0.763
548.688 0.776
549.47 0.782
550.235 0.765
551.06 0.825
551.851 0.791
552.698 0.847
553.557 0.859
554.394 0.837
555.266 0.872
556.133 0.867
556.932 0.799
557.704 0.772
558.496 0.792
559.218 0.722
559.902 0.684
560.617 0.715
561.367 0.75
562.166 0.799
563.0 0.834
563.8 0.8
564.58 0.78
565.354 0.774
566.114 0.76
566.87 0.756
567.622 0.752
568.337 0.715
569.058 0.721
569.791 0.733
570.597 0.806
571.501 0.904
572.399 0.898
573.295 0.896
574.166 0.871
575.012 0.846
575.837 0.825
576.656 0.819
577.471 0.815
578.273 0.802
579.013 0.74
579.744 0.731
580.47 0.726
581.206 0.736
581.952 0.746
582.711 0.759
583.495 0.784
584.25 0.755
585.006 0.756
585.759 0.753
586.531 0.772
587.221 0.69
587.939 0.718
588.681 0.742
589.509 0.828
590.362 0.853
591.206 0.844
592.042 0.836
592.848 0.806
593.642 0.794
594.416 0.774
595.182 0.766
595.947 0.765
596.703 0.756
597.453 0.75
598.209 0.756
598.911 0.702
599.603 0.692
600.289 0.686
600.968 0.679
601.681 0.713
602.531 0.85
603.479 0.948
604.432 0.953
605.382 0.95
606.425 1.043
607.3 0.875
608.172 0.872
609.121 0.949
610.081 0.96
611.031 0.95
611.971 0.94
612.875 0.904
613.731 0.856
614.589 0.858
615.427 0.838
616.268 0.841
617.103 0.835
617.934 0.831
618.751 0.817
619.554 0.803
620.339 0.785
621.109 0.77
621.876 0.767
622.65 0.774
623.442 0.792
624.24 0.798
625.007 0.767
625.742 0.735
626.477 0.735
627.221 0.744
628.011 0.79
628.903 0.892
629.832 0.929
630.773 0.941
631.66 0.887
632.521 0.861
633.361 0.84
634.17 0.809
634.935 0.765