0.000 0.897
0.897 0.897
1.771 0.874
2.668 0.897
3.542 0.874
4.52 0.978
5.579 1.059
6.644 1.065
7.661 1.017
8.617 0.956
9.454 0.837
10.236 0.782
11.074 0.838
12.091 1.017
13.156 1.065
14.183 1.027
15.086 0.903
15.934 0.848
16.78 0.846
17.788 1.008
18.883 1.095
19.947 1.064
20.89 0.943
21.817 0.927
22.77 0.953
23.778 1.008
24.719 0.941
25.602 0.883
26.56 0.958
27.574 1.014
28.551 0.977
29.449 0.898
30.219 0.77
30.983 0.764
31.819 0.836
32.746 0.927
33.695 0.949
34.622 0.927
35.529 0.907
36.507 0.978
37.499 0.992
38.461 0.962
39.403 0.942
40.329 0.926
41.29 0.961
42.322 1.032
43.366 1.044
44.473 1.107
45.555 1.082
46.53 0.975
47.53 1.0
48.539 1.009
49.508 0.969
50.422 0.914
51.442 1.02
52.46 1.018
53.364 0.904
54.317 0.953
55.216 0.899
56.171 0.955
57.071 0.9
57.877 0.806
58.666 0.789
59.427 0.761
60.259 0.832
61.329 1.07
62.376 1.047
62.685 0.309
62.965 0.28
64.064 1.099
64.934 0.87
65.858 0.924
66.814 0.956
67.782 0.968
68.669 0.887
69.596 0.927
70.554 0.958
71.425 0.871
72.263 0.838
73.165 0.902
74.206 1.041
75.307 1.101
76.383 1.076
77.424 1.041
78.41 0.986
79.319 0.909
80.242 0.923
81.152 0.91
82.066 0.914
83.015 0.949
83.931 0.916
84.82 0.889
85.743 0.923
86.712 0.969
87.583 0.871
88.469 0.886
89.428 0.959
90.451 1.023
91.37 0.919
92.253 0.883
93.173 0.92
94.153 0.98
95.06 0.907
95.922 0.862
96.887 0.965
97.922 1.035
98.925 1.003
99.838 0.913
100.752 0.914
101.807 1.055
102.828 1.021
103.85 1.022
104.883 1.033
105.846 0.963
106.823 0.977
107.836 1.013
108.767 0.931
109.692 0.925
110.68 0.988
111.687 1.007
112.644 0.957
113.671 1.027
114.682 1.011
115.573 0.891
116.403 0.83
117.234 0.831
118.208 0.974
119.259 1.051
120.266 1.007
121.279 1.013
122.249 0.97
122.592 0.343
123.142 0.55
124.032 0.89
124.905 0.873
125.742 0.837
126.586 0.844
127.406 0.82
128.196 0.79
128.937 0.741
129.672 0.735
130.46 0.788
131.391 0.931
132.437 1.046
133.527 1.09
134.434 0.907
135.227 0.793
135.984 0.757
136.758 0.774
137.53 0.772
138.254 0.724
138.984 0.73
139.717 0.733
140.428 0.711
141.146 0.718
141.851 0.705
142.546 0.695
143.246 0.7
143.97 0.724
144.741 0.771
145.496 0.755
146.242 0.746
147.017 0.775
147.866 0.849
148.751 0.885
149.66 0.909
150.539 0.879
151.409 0.87
152.36 0.951
153.421 1.061
154.484 1.063
155.386 0.902
156.209 0.823
157.135 0.926
158.272 1.137
159.3 1.028
160.227 0.927
161.253 1.026
162.376 1.123
163.43 1.054
164.555 1.125
165.58 1.025
166.532 0.952
167.48 0.948
168.37 0.89
169.31 0.94
170.184 0.874
171.125 0.941
171.941 0.816
172.793 0.852
173.62 0.827
174.541 0.921
175.516 0.975
176.558 1.042
177.622 1.064
178.695 1.073
179.698 1.003
180.632 0.934
181.543 0.911
182.374 0.831
183.212 0.838
184.179 0.967
185.256 1.077
186.341 1.085
187.444 1.103
188.531 1.087
189.505 0.974
190.468 0.963
191.501 1.033
192.556 1.055
193.62 1.064
194.54 0.92
195.419 0.879
196.282 0.863
197.211 0.929
198.114 0.903
198.954 0.84
199.89 0.936
200.358 0.468
200.788 0.43
201.702 0.914
202.56 0.858
203.349 0.789
204.101 0.752
204.832 0.731
205.425 0.593
206.237 0.812
206.976 0.739
207.891 0.915
208.873 0.982
209.86 0.987
210.764 0.904
211.616 0.852
212.463 0.847
213.359 0.896
214.312 0.953
215.3 0.988
216.247 0.947
217.177 0.93
218.117 0.94
219.154 1.037
220.265 1.111
221.393 1.128
222.453 1.06
223.455 1.002
224.428 0.973
225.436 1.008
226.508 1.072
227.61 1.102
228.645 1.035
229.609 0.964
230.539 0.93
231.515 0.976
232.578 1.063
233.675 1.097
234.734 1.059
235.685 0.951
236.594 0.909
237.565 0.971
238.626 1.061
239.696 1.07
240.706 1.01
241.68 0.974
242.681 1.001
243.718 1.037
244.758 1.04
245.708 0.95
246.024 0.316
246.439 0.415
247.729 1.29
248.763 1.034
249.723 0.96
250.173 0.45
250.7 0.527
251.731 1.031
252.767 1.036
253.752 0.985
254.703 0.951
255.653 0.95
256.645 0.992
257.629 0.984
258.616 0.987
259.539 0.923
260.548 1.009
261.553 1.005
262.541 0.988
263.534 0.993
264.575 1.041
265.671 1.096
266.767 1.096
267.86 1.093
268.921 1.061
269.896 0.975
270.837 0.941
271.815 0.978
272.904 1.089
274.008 1.104
275.085 1.077
276.144 1.059
277.117 0.973
278.049 0.932
278.878 0.829
279.675 0.797
280.655 0.98
281.665 1.01
282.627 0.962
283.533 0.906
284.502 0.969
285.551 1.049
286.586 1.035
287.515 0.929
288.383 0.868
289.213 0.83
290.153 0.94
291.275 1.122
292.425 1.15
293.513 1.088
294.519 1.006
295.495 0.976
296.493 0.998
297.504 1.011
298.546 1.042
299.532 0.986
300.578 1.046
301.63 1.052
302.647 1.017
303.741 1.094
304.799 1.058
305.786 0.987
306.806 1.02
307.926 1.12
309.032 1.106
310.002 0.97
311.006 1.004
312.075 1.069
313.084 1.009
314.116 1.032
315.177 1.061
316.182 1.005
317.135 0.953
318.158 1.023
319.251 1.093
320.268 1.017
321.356 1.088
322.435 1.079
323.481 1.046
324.536 1.055
325.503 0.967
326.462 0.959
327.431 0.969
328.238 0.807
329.012 0.774
329.882 0.87
330.77 0.888
331.658 0.888
332.733 1.075
333.831 1.098
334.849 1.018
335.799 0.95
336.793 0.994
337.81 1.017
338.739 0.929
339.695 0.956
340.725 1.03
341.701 0.976
342.648 0.947
343.626 0.978
344.722 1.096
345.761 1.039
346.775 1.014
347.857 1.082
348.937 1.08
349.976 1.039
351.061 1.085
352.155 1.094
353.201 1.046
354.298 1.097
355.37 1.072
356.439 1.069
357.554 1.115
358.615 1.061
359.701 1.086
360.775 1.074
361.797 1.022
362.856 1.059
363.854 0.998
364.829 0.975
365.881 1.052
366.924 1.043
367.936 1.012
369.038 1.102
370.069 1.031
371.154 1.085
372.22 1.066
373.062 0.842
373.805 0.743
374.56 0.755
375.32 0.76
376.055 0.735
376.781 0.726
377.492 0.711
378.203 0.711
378.92 0.717
379.725 0.805
380.677 0.952
381.666 0.989
382.655 0.989
383.62 0.965
384.587 0.967
385.468 0.881
386.25 0.782
387.017 0.767
387.793 0.776
388.585 0.792
389.347 0.762
390.109 0.762
390.919 0.81
391.748 0.829
392.604 0.856
393.484 0.88
394.387 0.903
395.216 0.829
396.017 0.801
396.804 0.787
397.591 0.787
398.349 0.758
399.072 0.723
399.812 0.74
400.528 0.716
401.235 0.707
401.939 0.704
402.681 0.742
403.535 0.854
404.347 0.812
405.093 0.746
405.822 0.729
406.56 0.738
407.276 0.716
408.009 0.733
408.77 0.761
409.517 0.747
410.276 0.759
411.028 0.752
411.834 0.806
412.832 0.998
413.906 1.074
414.977 1.071
416.066 1.089
417.133 1.067
418.078 0.945
419.017 0.939
420.043 1.026
421.15 1.107
422.258 1.108
423.334 1.076
424.304 0.97
425.279 0.975
426.298 1.019
427.269 0.971
428.29 1.021
429.317 1.027
430.303 0.986
431.289 0.986
432.151 0.862
432.944 0.793
433.737 0.793
434.551 0.814
435.435 0.884
436.675 1.24
437.81 1.135
438.824 1.014
439.764 0.94
440.628 0.864
441.53 0.902
442.416 0.886
443.34 0.924
444.25 0.91
445.226 0.976
446.256 1.03
447.291 1.035
448.275 0.984
449.164 0.889
449.984 0.82
450.748 0.764
451.504 0.756
452.263 0.759
453.109 0.846
453.99 0.881
454.894 0.904
455.816 0.922
456.71 0.894
457.591 0.881
458.453 0.862
459.271 0.818
460.091 0.82
460.915 0.824
461.768 0.853
462.615 0.847
463.476 0.861
464.356 0.88
465.32 0.964
466.252 0.932
467.187 0.935
468.133 0.946
469.101 0.968
469.974 0.873
470.849 0.875
471.66 0.811
472.443 0.783
473.269 0.826
474.079 0.81
474.854 0.775
475.663 0.809
476.568 0.905
477.458 0.89
478.315 0.857
479.167 0.852
479.991 0.824
480.776 0.785
481.636 0.86
482.615 0.979
483.518 0.903
484.344 0.826
485.11 0.766
485.898 0.788
486.699 0.801
487.673 0.974
488.621 0.948
489.517 0.896
490.346 0.829
491.16 0.814
492.054 0.894
493.0 0.946
493.968 0.968
494.924 0.956
495.934 1.01
496.893 0.959
497.904 1.011
498.859 0.955
499.839 0.98
500.863 1.024
501.724 0.861
502.564 0.84
503.487 0.923
504.373 0.886
505.245 0.872
506.151 0.906
507.167 1.016
508.181 1.014
509.185 1.004
510.167 0.982
511.046 0.879
511.888 0.842
512.719 0.831
513.626 0.907
514.691 1.065
515.758 1.067
516.782 1.024
517.712 0.93
518.598 0.886
519.468 0.87
520.335 0.867
521.279 0.944
522.338 1.059
523.387 1.049
524.408 1.021
525.392 0.984
526.274 0.882
527.199 0.925
528.226 1.027
529.269 1.043
530.259 0.99
531.299 1.04
532.314 1.015
533.29 0.976
534.301 1.011
535.302 1.001
536.262 0.96
537.174 0.912
538.167 0.993
539.202 1.035
540.175 0.973
541.12 0.945
542.129 1.009
543.19 1.061
544.192 1.002
545.153 0.961
546.024 0.871
546.931 0.907
547.821 0.89
548.658 0.837
549.505 0.847
550.407 0.902
551.255 0.848
552.039 0.784
552.783 0.744
553.513 0.73
554.493 0.98
555.386 0.893
556.37 0.984
557.426 1.056
558.356 0.93
559.262 0.906
560.161 0.899
560.97 0.809
561.841 0.871
562.743 0.902
563.674 0.931
564.543 0.869
565.415 0.872
566.397 0.982
567.42 1.023
568.417 0.997
569.36 0.943
570.321 0.961
571.311 0.99
572.246 0.935
573.218 0.972
574.219 1.001
575.099 0.88
575.949 0.85
576.84 0.891
577.804 0.964
578.72 0.916
579.707 0.987
580.633 0.926
581.48 0.847
582.374 0.894
583.342 0.968
584.282 0.94
585.13 0.848
585.97 0.84
586.804 0.834
587.707 0.903
588.701 0.994
589.676 0.975
590.673 0.997
591.676 1.003
592.668 0.992
593.668 1.0
594.651 0.983
595.636 0.985
596.603 0.967
597.586 0.983
598.551 0.965
599.542 0.991
600.515 0.973
601.314 0.799
602.06 0.746
602.825 0.765
603.668 0.843
604.584 0.916
605.384 0.8
606.219 0.835
607.138 0.919
608.084 0.946
608.99 0.906
609.901 0.911
610.784 0.883
611.62 0.836
612.403 0.783
613.136 0.733
613.879 0.743
614.597 0.718
615.314 0.717
616.028 0.714
616.74 0.712
617.444 0.704
618.142 0.698
618.467 0.325
618.833 0.366
619.318 0.485
619.58 0.262
619.899 0.319
620.194 0.295
620.559 0.365
621.464 0.905
622.157 0.693
622.849 0.692
623.564 0.715
624.295 0.731
625.065 0.77
625.886 0.821
626.723 0.837
627.493 0.77