0.000 0.304
0.304 0.304
0.886 0.582
1.765 0.879
2.976 1.211
3.282 0.306
4.09 0.808
4.492 0.402
4.797 0.305
5.079 0.282
5.539 0.46
5.93 0.391
6.302 0.372
6.593 0.291
7.018 0.425
7.8 0.782
8.635 0.835
9.421 0.786
10.155 0.734
10.898 0.743
11.67 0.772
12.484 0.814
13.282 0.798
14.073 0.791
14.81 0.737
15.596 0.786
16.395 0.799
17.204 0.809
17.587 0.383
17.973 0.386
18.731 0.758
19.544 0.813
19.96 0.416
20.277 0.317
20.634 0.357
21.035 0.401
21.832 0.797
22.093 0.261
22.354 0.261
22.614 0.26
22.884 0.27
23.276 0.392
24.04 0.764
24.4 0.36
24.667 0.267
25.106 0.439
25.373 0.267
26.162 0.789
26.903 0.741
27.639 0.736
28.315 0.676
28.978 0.663
29.698 0.72
30.434 0.736
31.164 0.73
31.842 0.678
32.157 0.315
32.63 0.473
33.325 0.695
34.081 0.756
34.366 0.285
34.625 0.259
35.551 0.926
36.273 0.722
36.558 0.285
36.95 0.392
37.695 0.745
38.472 0.777
39.125 0.653
39.451 0.326
39.791 0.34
40.06 0.269
40.925 0.865
41.712 0.787
42.574 0.862
43.424 0.85
43.683 0.259
43.96 0.277
44.222 0.262
44.501 0.279
44.936 0.435
45.313 0.377
45.593 0.28
46.433 0.84
46.839 0.406
48.075 1.236
48.568 0.493
49.582 1.014
50.431 0.849
51.3 0.869
52.048 0.748
52.315 0.267
52.674 0.359
52.994 0.32
53.271 0.277
53.528 0.257
54.312 0.784
54.776 0.464
56.135 1.359
57.002 0.867
57.782 0.78
59.138 1.356
59.393 0.255
59.783 0.39
60.18 0.397
60.657 0.477
61.071 0.414
61.867 0.796
62.321 0.454
62.711 0.39
63.596 0.885
64.475 0.879
64.813 0.338
65.3 0.487
65.619 0.319
66.371 0.752
68.069 1.698
68.806 0.737
69.704 0.898
70.039 0.335
70.29 0.251
70.555 0.265
71.337 0.782
72.167 0.83
73.03 0.863
73.552 0.522
73.802 0.25
74.064 0.262
74.34 0.276
74.608 0.268
75.557 0.949
76.124 0.567
76.425 0.301
76.715 0.29
77.003 0.288
77.293 0.29
77.575 0.282
78.966 1.391
79.869 0.903
80.753 0.884
81.218 0.465
81.497 0.279
82.363 0.866
83.163 0.8
83.557 0.394
83.828 0.271
84.636 0.808
85.449 0.813
86.341 0.892
87.241 0.9
88.159 0.918
88.979 0.82
89.781 0.802
90.591 0.81
91.402 0.811
92.178 0.776
92.99 0.812
93.807 0.817
94.6 0.793
95.366 0.766
96.16 0.794
96.938 0.778
97.74 0.802
98.562 0.822
99.407 0.845
100.266 0.859
101.068 0.802
101.838 0.77
102.647 0.809
103.49 0.843
104.348 0.858
105.152 0.804
105.958 0.806
106.818 0.86
107.677 0.859
108.483 0.806
109.273 0.79
110.105 0.832
110.955 0.85
111.763 0.808
112.546 0.783
113.385 0.839
114.251 0.866
115.094 0.843
115.899 0.805
116.712 0.813
117.55 0.838
118.322 0.772
119.078 0.756
119.851 0.773
120.601 0.75
121.403 0.802
122.221 0.818
122.999 0.778
123.816 0.817
124.66 0.844
125.461 0.801
126.249 0.788
127.077 0.828
127.863 0.786
128.653 0.79
129.522 0.869
130.379 0.857
131.203 0.824
132.082 0.879
132.932 0.85
133.807 0.875
134.706 0.899
135.564 0.858
136.394 0.83
137.243 0.849
138.068 0.825
138.867 0.799
139.718 0.851
140.571 0.853
141.415 0.844
142.279 0.864
143.138 0.859
143.946 0.808
144.733 0.787
145.518 0.785
146.272 0.754
147.004 0.732
147.79 0.786
148.578 0.788
149.309 0.731
150.045 0.736
150.804 0.759
151.605 0.801
152.457 0.852
153.318 0.861
154.128 0.81
154.904 0.776
155.683 0.779
156.415 0.732
157.127 0.712
157.864 0.737
158.641 0.777
159.472 0.831
160.328 0.856
161.115 0.787
161.93 0.815
162.752 0.822
163.552 0.8
164.382 0.83
165.22 0.838
166.038 0.818
166.798 0.76
167.57 0.772
168.382 0.812
169.211 0.829
170.005 0.794
170.835 0.83
171.702 0.867
172.534 0.832
173.307 0.773
174.081 0.774
174.811 0.73
175.508 0.697
176.18 0.672
176.929 0.749
177.752 0.823
178.561 0.809
179.423 0.862
180.186 0.763
180.931 0.745
181.685 0.754
182.47 0.785
183.059 0.589
184.054 0.995
184.805 0.751
185.547 0.742
186.236 0.689
186.919 0.683
187.35 0.431
187.626 0.276
188.424 0.798
189.248 0.824
190.085 0.837
190.876 0.791
191.678 0.802
192.49 0.812
193.286 0.796
194.055 0.769
194.811 0.756
195.524 0.713
196.232 0.708
196.973 0.741
197.808 0.835
198.636 0.828
199.478 0.842
200.263 0.785
201.058 0.795
201.873 0.815
202.707 0.834
203.541 0.834
204.383 0.842
205.173 0.79
205.98 0.807
206.805 0.825
207.59 0.785
208.348 0.758
209.137 0.789
209.941 0.804
210.764 0.823
211.593 0.829
212.374 0.781
213.13 0.756
213.854 0.724
214.527 0.673
215.272 0.745
216.114 0.842
216.987 0.873
217.836 0.849
218.69 0.854
219.565 0.875
220.431 0.866
221.293 0.862
222.148 0.855
222.975 0.827
223.736 0.761
224.507 0.771
225.281 0.774
226.072 0.791
226.89 0.818
227.719 0.829
228.585 0.866
229.422 0.837
230.205 0.783
231.004 0.799
231.764 0.76
232.528 0.764
233.29 0.762
234.065 0.775
234.845 0.78
235.598 0.753
236.334 0.736
237.041 0.707
237.767 0.726
238.479 0.712
239.197 0.718
239.94 0.743
240.705 0.765
241.462 0.757
242.202 0.74
242.925 0.723
243.634 0.709
244.347 0.713
245.076 0.729
245.789 0.713
246.429 0.64
247.088 0.659
247.828 0.74
248.668 0.84
249.516 0.848
250.329 0.813
251.045 0.716
251.736 0.691
252.301 0.565
253.206 0.905
253.929 0.723
254.642 0.713
255.375 0.733
256.113 0.738
256.86 0.747
257.591 0.731
258.35 0.759
259.106 0.756
259.86 0.754
260.563 0.703
261.253 0.69
261.951 0.698
262.633 0.682
263.28 0.647
263.941 0.661
264.688 0.747
265.463 0.775
266.247 0.784
267.059 0.812
267.883 0.824
268.688 0.805
269.478 0.79
270.217 0.739
270.953 0.736
271.703 0.75
272.469 0.766
273.205 0.736
273.961 0.756
274.718 0.757
275.452 0.734
276.207 0.755
276.982 0.775
277.768 0.786
278.526 0.758
279.264 0.738
280.032 0.768
280.832 0.8
281.65 0.818
282.44 0.79
283.222 0.782
284.048 0.826
284.35 0.302
284.632 0.282
284.943 0.311
285.451 0.508
286.199 0.748
286.987 0.788
287.79 0.803
288.171 0.381
288.493 0.322
288.829 0.336
289.23 0.401
289.901 0.671
290.657 0.756
291.444 0.787
292.285 0.841
293.08 0.795
293.801 0.721
294.607 0.806
295.377 0.77
296.143 0.766
296.835 0.692
297.541 0.706
298.325 0.784
299.2 0.875
300.057 0.857
300.864 0.807
301.635 0.771
302.448 0.813
303.253 0.805
304.019 0.766
304.867 0.848
305.739 0.872
306.535 0.796
307.378 0.843
308.247 0.869
309.06 0.813
309.876 0.816
310.735 0.859
311.585 0.85
312.377 0.792
313.179 0.802
314.036 0.857
314.888 0.852
315.674 0.786
316.506 0.832
317.361 0.855
318.12 0.759
318.898 0.778
319.622 0.724
320.367 0.745
321.152 0.785
321.94 0.788
322.725 0.785
323.528 0.803
324.281 0.753
325.058 0.777
325.851 0.793
326.614 0.763
327.335 0.721
328.092 0.757
328.874 0.782
329.626 0.752
330.385 0.759
331.183 0.798
331.919 0.736
332.721 0.802
333.535 0.814
334.328 0.793
335.065 0.737
335.804 0.739
336.508 0.704
337.176 0.668
337.855 0.679
338.515 0.66
339.277 0.762
340.007 0.73
340.729 0.722
341.565 0.836
342.417 0.852
343.207 0.79
344.004 0.797
344.819 0.815
345.623 0.804
346.416 0.793
347.232 0.816
348.024 0.792
348.814 0.79
349.637 0.823
350.445 0.808
351.241 0.796
352.056 0.815
352.837 0.781
353.624 0.787
354.441 0.817
355.224 0.783
356.0 0.776
356.815 0.815
357.638 0.823
358.411 0.773
359.241 0.83
360.04 0.799
360.821 0.781
361.617 0.796
362.366 0.749
363.141 0.775
363.927 0.786
364.668 0.741
365.45 0.782
366.234 0.784
366.972 0.738
367.747 0.775
368.517 0.77
369.261 0.744
370.038 0.777
370.8 0.762
371.541 0.741
372.306 0.765
373.057 0.751
373.799 0.742
374.574 0.775
375.337 0.763
376.089 0.752
376.885 0.796
377.649 0.764
378.395 0.746
379.11 0.715
379.849 0.739
380.586 0.737
381.307 0.721
382.072 0.765
382.844 0.772
383.574 0.73
384.347 0.773
385.129 0.782
385.867 0.738
386.667 0.8
387.514 0.847
388.299 0.785
389.128 0.829
389.93 0.802
390.674 0.744
391.354 0.68
392.131 0.777
393.039 0.908
393.892 0.853
394.744 0.852
395.58 0.836
396.369 0.789
397.185 0.816
397.967 0.782
398.703 0.736
399.477 0.774
400.273 0.796
401.113 0.84
401.931 0.818
402.75 0.819
403.602 0.852
404.474 0.872
405.314 0.84
406.093 0.779
406.903 0.81
407.697 0.794
408.451 0.754
409.227 0.776
410.031 0.804
410.838 0.807
411.633 0.795
412.487 0.854
413.352 0.865
414.139 0.787
414.951 0.812
415.769 0.818
416.538 0.769
417.323 0.785
418.086 0.763
418.808 0.722
419.513 0.705
420.188 0.675
420.912 0.724
421.64 0.728
422.46 0.82
423.251 0.791
424.026 0.775
424.827 0.801
425.631 0.804
426.383 0.752
427.165 0.782
427.937 0.772
428.67 0.733
429.443 0.773
430.204 0.761
430.941 0.737
431.726 0.785
432.514 0.788
433.292 0.778
434.127 0.835
434.927 0.8
435.706 0.779
436.537 0.831
437.381 0.844
438.183 0.802
438.958 0.775
439.766 0.808
440.568 0.802
441.321 0.753
442.089 0.768
442.853 0.764
443.591 0.738
444.383 0.792
445.169 0.786
445.938 0.769
446.738 0.8
447.539 0.801
448.305 0.766
449.104 0.799
449.909 0.805
450.677 0.768
451.428 0.751
452.177 0.749
452.945 0.768
453.749 0.804
454.579 0.83
455.419 0.84
456.252 0.833
457.054 0.802
457.809 0.755
458.588 0.779
459.369 0.781
460.123 0.754
460.907 0.784
461.727 0.82
462.517 0.79
463.315 0.798
464.084 0.769
464.838 0.754
465.551 0.713
465.986 0.435
466.261 0.275
466.512 0.251
466.916 0.404
467.571 0.655
468.235 0.664
468.858 0.623
469.487 0.629
470.1 0.613
470.718 0.618
471.323 0.605
471.94 0.617
472.568 0.628
473.168 0.6
473.781 0.613
474.419 0.638
475.07 0.651
475.761 0.691
476.458 0.697
477.156 0.698
477.836 0.68
478.515 0.679
479.246 0.731
479.539 0.293
479.988 0.449
480.72 0.732
481.419 0.699
482.176 0.757
482.937 0.761
483.652 0.715
484.402 0.75
485.187 0.785
485.996 0.809
486.816 0.82
487.638 0.822
488.016 0.378
488.396 0.38
489.136 0.74
489.92 0.784
490.742 0.822
491.583 0.841
492.384 0.801
493.137 0.753
493.96 0.823
494.807 0.847
495.636 0.829
496.406 0.77
497.21 0.804
497.999 0.789
498.757 0.758
499.565 0.808
500.382 0.817
501.147 0.765
501.88 0.733
502.615 0.735
503.344 0.729
504.05 0.706
504.791 0.741
505.59 0.799
506.374 0.784
507.115 0.741
507.906 0.791
508.705 0.799
509.452 0.747
510.236 0.784
511.027 0.791
511.771 0.744
512.556 0.785
513.382 0.826
514.196 0.814
514.954 0.758
515.737 0.783
516.552 0.815
517.347 0.795
518.11 0.763
518.889 0.779
519.7 0.811
520.146 0.446
520.488 0.342
521.285 0.797
522.056 0.771
522.829 0.773
523.61 0.781
524.372 0.762
525.142 0.77
525.944 0.802
526.75 0.806
527.537 0.787
528.34 0.803
529.105 0.765
529.861 0.756
530.662 0.801
531.47 0.808
532.228 0.758
532.973 0.745
533.691 0.718
534.452 0.761
535.283 0.831
536.098 0.815
536.927 0.829
537.784 0.857
538.616 0.832
539.402 0.786
540.21 0.808
541.0 0.79
541.786 0.786
542.592 0.806
543.413 0.821
544.252 0.839
545.127 0.875
545.984 0.857
546.761 0.777
547.555 0.794
548.364 0.809
549.164 0.8
549.939 0.775
550.746 0.807
551.574 0.828
552.381 0.807
553.202 0.821
554.039 0.837
554.857 0.818
555.643 0.786
556.444 0.801
557.231 0.787
557.983 0.752
558.77 0.787
559.565 0.795
560.312 0.747
561.108 0.796
561.912 0.804
562.664 0.752
563.436 0.772
564.204 0.768
564.937 0.733
565.701 0.764
566.439 0.738
567.153 0.714
567.921 0.768
568.667 0.746
569.378 0.711
570.162 0.784
570.938 0.776
571.648 0.71
572.437 0.789
573.227 0.79
573.956 0.729
574.733 0.777
575.519 0.786
576.261 0.742
577.046 0.785
577.84 0.794
578.573 0.733
579.33 0.757
580.104 0.774
580.848 0.744
581.611 0.763
582.404 0.793
583.16 0.756
583.925 0.765
584.692 0.767
585.426 0.734
586.165 0.739
586.924 0.759
587.668 0.744
588.389 0.721
589.071 0.682
589.72 0.649
590.411 0.691
591.134 0.723
591.827 0.693
592.619 0.792
593.449 0.83
594.259 0.81
595.012 0.753
595.825 0.813
596.644 0.819
597.42 0.776
598.186 0.766
598.995 0.809
599.799 0.804
600.558 0.759
601.368 0.81
602.201 0.833
603.03 0.829
603.851 0.821
604.717 0.866
605.535 0.818
606.297 0.762
607.081 0.784
607.865 0.784
608.585 0.72
609.267 0.682
609.914 0.647
610.764 0.85
611.648 0.884
612.509 0.861
613.374 0.865
614.203 0.829
615.036 0.833
615.866 0.83
616.665 0.799
617.441 0.776
618.222 0.781
619.004 0.782
619.812 0.808
620.639 0.827
621.461 0.822
622.312 0.851
623.189 0.877
624.014 0.825
624.849 0.835
625.673 0.824
626.487 0.814
627.264 0.777
627.994 0.73
628.713 0.719
629.431 0.718
630.183 0.752
630.971 0.788
631.777 0.806
632.586 0.809
633.401 0.815
634.223 0.822
635.034 0.811
635.841 0.807
636.643 0.802
637.435 0.792
638.217 0.782
639.002 0.785
639.784 0.782
640.563 0.779