0.000 0.602
0.602 0.602
1.206 0.604
1.836 0.63
2.493 0.657
3.17 0.677
3.827 0.657
4.505 0.678
5.199 0.694
5.858 0.659
6.505 0.647
7.132 0.627
7.739 0.607
8.323 0.584
8.904 0.581
9.471 0.567
10.035 0.564
10.602 0.567
11.177 0.575
11.771 0.594
12.404 0.633
13.081 0.677
13.745 0.664
14.409 0.664
15.049 0.64
15.667 0.618
16.282 0.615
16.878 0.596
17.458 0.58
18.039 0.581
18.621 0.582
19.204 0.583
19.792 0.588
20.389 0.597
21.04 0.651
21.744 0.704
22.419 0.675
23.076 0.657
23.736 0.66
24.408 0.672
25.045 0.637
25.666 0.621
26.279 0.613
26.893 0.614
27.47 0.577
28.048 0.578
28.646 0.598
29.255 0.609
29.935 0.68
31.38 1.445
32.639 1.259
33.857 1.218
35.17 1.313
36.416 1.246
37.746 1.33
39.116 1.37
40.384 1.268
41.618 1.234
42.837 1.219
44.149 1.312
45.485 1.336
46.103 0.618
46.759 0.656
48.151 1.392
49.555 1.404
50.885 1.33
52.159 1.274
53.412 1.253
54.794 1.382
56.183 1.389
57.487 1.304
58.781 1.294
60.104 1.323
61.54 1.436
62.869 1.329
64.12 1.251
65.359 1.239
66.705 1.346
68.248 1.543
69.649 1.401
70.984 1.335
72.221 1.237
73.556 1.335
75.034 1.478
76.484 1.45
77.765 1.281
78.391 0.626
79.098 0.707
80.525 1.427
81.998 1.473
82.658 0.66
83.299 0.641
83.916 0.617
84.533 0.617
85.149 0.616
85.785 0.636
86.434 0.649
87.075 0.641
87.689 0.614
88.284 0.595
88.89 0.606
89.518 0.628
90.143 0.625
90.735 0.592
91.294 0.559
91.852 0.558
92.41 0.558
92.975 0.565
93.557 0.582
94.14 0.583
94.726 0.586
95.331 0.605
95.941 0.61
96.556 0.615
97.174 0.618
97.799 0.625
98.415 0.616
99.038 0.623
99.663 0.625
100.28 0.617
100.901 0.621
101.564 0.663
102.232 0.668
102.874 0.642
103.532 0.658
104.192 0.66
104.843 0.651
105.483 0.64
106.122 0.639
106.759 0.637
107.382 0.623
108.006 0.624
108.65 0.644
109.302 0.652
109.941 0.639
110.603 0.662
111.275 0.672
111.969 0.694
112.689 0.72
113.403 0.714
114.092 0.689
114.764 0.672
115.429 0.665
116.059 0.63
116.648 0.589
117.237 0.589
117.842 0.605
118.494 0.652
119.175 0.681
119.861 0.686
120.554 0.693
121.287 0.733
122.01 0.723
122.712 0.702
123.413 0.701
124.824 1.411
125.459 0.635
126.108 0.649
126.766 0.658
127.421 0.655
128.825 1.404
130.115 1.29
131.337 1.222
132.566 1.229
133.818 1.252
135.185 1.367
136.503 1.318
137.732 1.229
138.917 1.185
140.184 1.267
141.562 1.378
142.859 1.297
144.017 1.158
145.23 1.213
146.587 1.357
147.936 1.349
149.22 1.284
150.525 1.305
151.834 1.309
153.198 1.364
154.538 1.34
155.854 1.316
157.143 1.289
158.502 1.359
159.933 1.431
161.267 1.334
162.54 1.273
163.788 1.248
165.204 1.416
166.613 1.409
167.999 1.386
169.354 1.355
170.642 1.288
171.907 1.265
173.095 1.188
173.705 0.61
174.4 0.695
175.964 1.564
177.523 1.559
178.999 1.476
180.378 1.379
181.02 0.642
181.651 0.631
182.278 0.627
182.935 0.657
183.609 0.674
184.327 0.718
185.082 0.755
185.851 0.769
186.575 0.724
187.31 0.735
188.026 0.716
188.694 0.668
189.371 0.677
190.046 0.675
190.704 0.658
191.359 0.655
192.015 0.656
192.668 0.653
193.31 0.642
193.945 0.635
194.591 0.646
195.265 0.674
195.916 0.651
196.577 0.661
197.253 0.676
197.931 0.678
198.592 0.661
199.255 0.663
199.913 0.658
200.573 0.66
201.253 0.68
201.938 0.685
202.652 0.714
203.341 0.689
204.015 0.674
204.672 0.657
205.35 0.678
206.026 0.676
206.682 0.656
207.334 0.652
207.993 0.659
208.665 0.672
209.329 0.664
209.993 0.664
210.651 0.658
211.317 0.666
211.985 0.668
212.633 0.648
213.277 0.644
213.946 0.669
214.6 0.654
215.284 0.684
215.966 0.682
216.63 0.664
217.289 0.659
217.93 0.641
218.567 0.637
219.176 0.609
219.776 0.6
220.37 0.594
220.976 0.606
221.599 0.623
222.219 0.62
222.808 0.589
223.372 0.564
223.941 0.569
224.533 0.592
225.193 0.66
225.95 0.757
226.706 0.756
228.328 1.622
229.022 0.694
229.672 0.65
230.31 0.638
230.956 0.646
231.611 0.655
233.101 1.49
234.629 1.528
236.053 1.424
237.357 1.304
238.627 1.27
239.915 1.288
241.234 1.319
242.577 1.343
243.93 1.353
245.254 1.324
246.545 1.291
247.808 1.263
249.04 1.232
250.306 1.266
251.536 1.23
252.859 1.323
254.214 1.355
255.544 1.33
256.806 1.262
258.067 1.261
259.382 1.315
260.819 1.437
262.21 1.391
263.533 1.323
264.843 1.31
266.2 1.357
267.587 1.387
269.08 1.493
270.489 1.409
271.801 1.312
272.429 0.628
273.138 0.709
274.668 1.53
276.082 1.414
277.413 1.331
278.055 0.642
278.708 0.653
279.363 0.655
280.042 0.679
280.76 0.718
281.506 0.746
282.245 0.739
282.959 0.714
283.667 0.708
284.35 0.683
285.012 0.662
285.654 0.642
286.296 0.642
286.933 0.637
287.566 0.633
288.209 0.643
288.872 0.663
289.591 0.719
290.307 0.716
291.004 0.697
291.67 0.666
292.352 0.682
293.038 0.686
293.691 0.653
294.332 0.641
294.962 0.63
295.561 0.599
296.144 0.583
296.734 0.59
297.353 0.619
298.021 0.668
298.741 0.72
299.435 0.694
300.104 0.669
300.782 0.678
301.46 0.678
302.128 0.668
302.773 0.645
303.416 0.643
304.067 0.651
304.739 0.672
305.406 0.667
306.103 0.697
306.83 0.727
307.545 0.715
308.268 0.723
309.027 0.759
309.767 0.74
310.453 0.686
311.116 0.663
311.769 0.653
312.434 0.665
313.088 0.654
313.733 0.645
314.372 0.639
315.05 0.678
315.735 0.685
316.396 0.661
317.064 0.668
317.734 0.67
318.414 0.68
319.074 0.66
319.745 0.671
320.422 0.677
321.103 0.681
321.787 0.684
322.461 0.674
323.108 0.647
323.76 0.652
324.408 0.648
325.81 1.402
327.109 1.299
328.359 1.25
329.659 1.3
331.047 1.388
332.336 1.289
332.746 0.41
333.005 0.259
333.531 0.526
334.099 0.568
334.681 0.582
335.072 0.391
335.348 0.276
335.613 0.265
338.958 3.345
340.354 1.396
340.988 0.634
341.613 0.625
342.233 0.62
342.865 0.632
344.265 1.4
345.638 1.373
346.856 1.218
347.427 0.571
348.02 0.593
349.472 1.452
350.964 1.492
352.348 1.384
353.665 1.317
354.919 1.254
356.173 1.254
357.47 1.297
359.039 1.569
360.482 1.443
361.803 1.321
363.021 1.218
363.625 0.604
364.239 0.614
364.88 0.641
365.529 0.649
366.211 0.682
366.942 0.731
368.401 1.459
369.063 0.662
369.71 0.647
370.344 0.634
370.98 0.636
371.606 0.626
372.243 0.637
372.89 0.647
373.564 0.674
374.262 0.698
374.954 0.692
375.65 0.696
376.341 0.691
377.014 0.673
377.682 0.668
378.347 0.665
379.013 0.666
379.66 0.647
380.306 0.646
380.955 0.649
381.604 0.649
382.263 0.659
382.926 0.663
383.598 0.672
384.258 0.66
384.916 0.658
385.589 0.673
386.268 0.679
386.933 0.665
387.602 0.669
388.262 0.66
388.915 0.653
389.543 0.628
390.165 0.622
390.784 0.619
391.411 0.627
392.046 0.635
392.685 0.639
393.344 0.659
393.997 0.653
394.651 0.654
395.309 0.658
395.956 0.647
396.619 0.663
397.27 0.651
397.929 0.659
398.559 0.63
399.183 0.624
399.823 0.64
400.489 0.666
401.154 0.665
401.807 0.653
402.455 0.648
403.112 0.657
403.761 0.649
404.425 0.664
405.084 0.659
405.758 0.674
406.409 0.651
407.051 0.642
407.691 0.64
408.33 0.639
408.95 0.62
409.564 0.614
410.198 0.634
410.844 0.646
411.472 0.628
412.078 0.606
412.662 0.584
413.252 0.59
413.858 0.606
414.466 0.608
415.06 0.594
415.645 0.585
416.237 0.592
416.844 0.607
417.462 0.618
418.071 0.609
418.67 0.599
419.272 0.602
420.62 1.348
421.952 1.332
423.171 1.219
423.754 0.583
424.378 0.624
425.891 1.513
427.218 1.327
428.488 1.27
429.744 1.256
431.045 1.301
432.224 1.179
433.485 1.261
434.889 1.404
435.551 0.662
436.206 0.655
437.458 1.252
438.726 1.268
440.011 1.285
441.272 1.261
442.53 1.258
443.774 1.244
445.01 1.236
445.611 0.601
446.245 0.634
447.523 1.278
448.915 1.392
450.296 1.381
451.534 1.238
452.124 0.59
452.724 0.6
453.324 0.6
453.963 0.639
455.494 1.531
457.012 1.518
458.477 1.465
459.765 1.288
461.071 1.306
462.461 1.39
463.984 1.523
465.459 1.475
466.934 1.475
468.235 1.301
468.836 0.601
469.459 0.623
470.09 0.631
470.845 0.755
472.382 1.537
474.019 1.637
475.651 1.632
477.056 1.405
478.373 1.317
478.996 0.623
479.686 0.69
480.366 0.68
481.082 0.716
481.865 0.783
482.672 0.807
483.469 0.797
484.259 0.79
485.045 0.786
485.788 0.743
486.52 0.732
487.273 0.753
488.022 0.749
488.731 0.709
489.456 0.725
490.165 0.709
490.845 0.68
491.533 0.688
492.256 0.723
493.036 0.78
493.82 0.784
494.577 0.757
495.344 0.767
496.124 0.78
496.907 0.783
497.645 0.738
498.373 0.728
499.068 0.695
499.728 0.66
500.397 0.669
501.069 0.672
501.783 0.714
502.503 0.72
503.28 0.777
504.076 0.796
504.831 0.755
505.577 0.746
506.328 0.751
507.067 0.739
507.77 0.703
508.476 0.706
509.159 0.683
509.855 0.696
510.561 0.706
511.292 0.731
512.054 0.762
512.791 0.737
513.519 0.728
514.243 0.724
514.955 0.712
515.637 0.682
516.321 0.684
517.001 0.68
517.687 0.686
518.351 0.664
519.018 0.667
519.752 0.734
520.445 0.693
521.158 0.713
521.863 0.705
522.563 0.7
523.257 0.694
523.97 0.713
524.693 0.723
525.401 0.708
526.099 0.698
526.817 0.718
527.535 0.718
528.229 0.694
528.94 0.711
529.641 0.701
530.326 0.685
531.0 0.674
532.383 1.383
533.674 1.291
534.955 1.281
536.287 1.332
537.725 1.438
539.136 1.411
540.417 1.281
541.602 1.185
542.173 0.571
542.746 0.573
543.327 0.581
544.151 0.824
545.688 1.537
546.438 0.75
547.177 0.739
547.922 0.745
549.468 1.546
550.795 1.327
552.05 1.255
553.285 1.235
554.652 1.367
556.044 1.392
557.376 1.332
558.648 1.272
559.894 1.246
561.219 1.325
562.69 1.471
563.376 0.686
564.097 0.721
565.591 1.494
566.971 1.38
568.394 1.423
569.838 1.444
571.2 1.362
572.444 1.244
573.03 0.586
573.629 0.599
574.244 0.615
574.91 0.666
576.574 1.664
578.116 1.542
579.452 1.336
580.058 0.606
580.68 0.622
581.32 0.64
582.007 0.687
582.737 0.73
583.432 0.695
584.129 0.697
584.804 0.675
585.48 0.676
586.111 0.631
586.741 0.63
587.34 0.599
587.93 0.59
588.522 0.592
589.095 0.573
589.676 0.581
590.298 0.622
590.929 0.631
591.553 0.624
592.169 0.616
592.827 0.658
593.487 0.66
594.161 0.674
594.897 0.736
595.712 0.815
596.546 0.834
597.39 0.844
598.213 0.823
598.974 0.761
599.656 0.682
600.286 0.63
600.893 0.607
601.548 0.655
602.429 0.881
603.194 0.765
603.941 0.747
604.672 0.731
605.349 0.677
606.014 0.665
606.749 0.735
607.459 0.71
608.138 0.679
608.792 0.654
609.428 0.636
610.041 0.613
610.656 0.615
611.282 0.626
611.968 0.686
612.702 0.734
613.476 0.774
614.218 0.742
614.944 0.726
615.675 0.731
616.386 0.711
617.091 0.705
617.736 0.645
618.373 0.637
619.002 0.629
619.635 0.633
620.38 0.745
621.152 0.772
621.955 0.803
622.748 0.793
623.503 0.755
624.184 0.681
624.831 0.647
625.461 0.63
626.104 0.643
626.768 0.664
627.439 0.671
628.122 0.683
628.873 0.751
630.495 1.622
631.981 1.486
633.507 1.526