0.000 0.59
0.59 0.59
1.227 0.637
2.392 1.165
3.557 1.165
4.272 0.715
5.088 0.816
6.206 1.118
6.982 0.776
7.856 0.874
9.712 1.856
10.764 1.052
11.463 0.699
12.223 0.76
13.062 0.839
14.122 1.06
15.264 1.142
15.978 0.714
16.869 0.891
18.002 1.133
18.911 0.909
19.852 0.941
20.785 0.933
22.566 1.781
23.284 0.718
24.041 0.757
24.848 0.807
25.776 0.928
26.699 0.923
27.614 0.915
28.573 0.959
29.448 0.875
30.235 0.787
30.967 0.732
31.726 0.759
32.56 0.834
33.515 0.955
34.435 0.92
35.256 0.821
36.038 0.782
36.853 0.815
37.71 0.857
38.518 0.808
39.283 0.765
40.017 0.734
40.752 0.735
41.454 0.702
42.124 0.67
42.841 0.717
43.67 0.829
44.522 0.852
45.428 0.906
46.305 0.877
47.087 0.782
47.842 0.755
48.598 0.756
49.324 0.726
50.048 0.724
50.79 0.742
51.641 0.851
52.474 0.833
53.249 0.775
53.991 0.742
54.712 0.721
55.411 0.699
56.28 0.869
57.133 0.853
57.929 0.796
58.692 0.763
59.535 0.843
60.415 0.88
61.336 0.921
62.157 0.821
62.92 0.763
63.679 0.759
64.517 0.838
65.499 0.982
67.246 1.747
68.862 1.616
70.435 1.573
71.865 1.43
73.514 1.649
74.333 0.819
75.172 0.839
77.018 1.846
77.984 0.966
78.927 0.943
80.686 1.759
81.523 0.837
82.378 0.855
84.232 1.854
85.12 0.888
86.032 0.912
87.802 1.77
88.643 0.841
89.511 0.868
91.357 1.846
92.192 0.835
93.064 0.872
94.851 1.787
95.702 0.851
96.511 0.809
97.326 0.815
98.183 0.857
100.037 1.854
101.617 1.58
103.135 1.518
103.835 0.7
104.551 0.716
105.279 0.728
106.142 0.863
108.101 1.959
108.962 0.861
109.805 0.843
110.626 0.821
111.444 0.818
112.278 0.834
113.033 0.755
113.727 0.694
114.38 0.653
115.055 0.675
115.742 0.687
116.483 0.741
117.296 0.813
118.088 0.792
118.962 0.874
119.845 0.883
120.651 0.806
121.396 0.745
122.133 0.737
122.864 0.731
123.567 0.703
124.241 0.674
124.91 0.669
125.571 0.661
126.262 0.691
126.518 0.256
126.793 0.275
127.642 0.849
128.351 0.709
129.021 0.67
129.696 0.675
130.358 0.662
131.018 0.66
131.688 0.67
132.369 0.681
133.039 0.67
133.729 0.69
134.437 0.708
135.21 0.773
135.925 0.715
136.669 0.744
137.482 0.813
138.309 0.827
139.156 0.847
139.926 0.77
140.681 0.755
141.488 0.807
142.408 0.92
143.301 0.893
144.103 0.802
144.933 0.83
145.783 0.85
146.605 0.822
147.371 0.766
148.086 0.715
148.821 0.735
149.618 0.797
150.393 0.775
151.167 0.774
151.91 0.743
152.692 0.782
153.502 0.81
154.298 0.796
155.071 0.773
155.856 0.785
156.754 0.898
157.621 0.867
158.422 0.801
159.231 0.809
160.095 0.864
161.005 0.91
161.892 0.887
163.626 1.734
165.5 1.874
166.355 0.855
167.134 0.779
167.831 0.697
168.551 0.72
170.432 1.881
171.307 0.875
172.138 0.831
172.981 0.843
173.868 0.887
175.836 1.968
176.726 0.89
177.55 0.824
178.43 0.88
180.356 1.926
181.167 0.811
182.031 0.864
182.969 0.938
184.835 1.866
185.692 0.857
186.631 0.939
188.573 1.942
189.369 0.796
190.192 0.823
192.1 1.908
192.933 0.833
193.795 0.862
194.716 0.921
196.73 2.014
197.573 0.843
198.408 0.835
199.319 0.911
201.266 1.947
202.068 0.802
202.917 0.849
203.801 0.884
204.662 0.861
205.516 0.854
206.376 0.86
207.221 0.845
208.087 0.866
209.063 0.976
209.995 0.932
210.851 0.856
211.753 0.902
212.703 0.95
213.615 0.912
214.486 0.871
215.353 0.867
216.26 0.907
217.184 0.924
218.102 0.918
218.941 0.839
219.76 0.819
220.58 0.82
221.456 0.876
222.412 0.956
223.37 0.958
224.291 0.921
225.166 0.875
226.04 0.874
226.966 0.926
227.949 0.983
228.939 0.99
229.866 0.927
230.737 0.871
231.617 0.88
232.552 0.935
233.528 0.976
234.431 0.903
235.282 0.851
236.153 0.871
237.107 0.954
238.085 0.978
239.029 0.944
239.885 0.856
240.742 0.857
241.663 0.921
242.654 0.991
243.582 0.928
244.461 0.879
245.358 0.897
246.312 0.954
247.294 0.982
248.183 0.889
249.028 0.845
249.877 0.849
250.776 0.899
251.726 0.95
252.662 0.936
253.536 0.874
254.415 0.879
255.323 0.908
256.247 0.924
257.188 0.941
258.082 0.894
258.919 0.837
259.734 0.815
260.535 0.801
261.265 0.73
262.053 0.788
263.092 1.039
263.958 0.866
264.762 0.804
265.588 0.826
266.399 0.811
267.277 0.878
268.17 0.893
268.985 0.815
269.778 0.793
270.672 0.894
271.649 0.977
272.612 0.963
273.451 0.839
274.246 0.795
275.028 0.782
275.816 0.788
276.591 0.775
277.321 0.73
278.186 0.865
279.049 0.863
279.894 0.845
280.857 0.963
281.868 1.011
282.784 0.916
283.626 0.842
284.42 0.794
285.295 0.875
286.305 1.01
287.22 0.915
288.088 0.868
288.991 0.903
289.966 0.975
290.939 0.973
291.801 0.862
292.663 0.862
293.592 0.929
294.579 0.987
295.495 0.916
296.343 0.848
297.173 0.83
298.065 0.892
299.004 0.939
299.937 0.933
300.793 0.856
301.649 0.856
302.585 0.936
304.496 1.911
306.14 1.644
307.789 1.649
308.557 0.768
309.422 0.865
311.204 1.782
312.046 0.842
312.901 0.855
314.664 1.763
315.52 0.856
316.376 0.856
318.07 1.694
318.891 0.821
319.762 0.871
321.578 1.816
322.424 0.846
323.267 0.843
325.091 1.824
325.9 0.809
326.716 0.816
328.696 1.98
329.544 0.848
330.376 0.832
332.351 1.975
333.303 0.952
334.23 0.927
335.974 1.744
336.786 0.812
337.667 0.881
339.585 1.918
340.413 0.828
341.253 0.84
343.199 1.946
344.146 0.947
345.005 0.859
345.841 0.836
346.723 0.882
347.642 0.919
349.647 2.005
350.552 0.905
351.374 0.822
352.174 0.8
353.013 0.839
353.984 0.971
355.99 2.006
356.827 0.837
357.625 0.798
358.507 0.882
360.551 2.044
361.371 0.82
362.175 0.804
362.988 0.813
363.862 0.874
364.799 0.937
365.638 0.839
366.524 0.886
367.434 0.91
368.248 0.814
369.068 0.82
369.935 0.867
370.863 0.928
371.724 0.861
372.585 0.861
373.453 0.868
374.275 0.822
375.096 0.821
375.954 0.858
376.813 0.859
377.671 0.858
378.444 0.773
379.222 0.778
379.97 0.748
380.721 0.751
381.473 0.752
382.283 0.81
383.083 0.8
383.907 0.824
384.769 0.862
385.849 1.08
386.841 0.992
387.718 0.877
388.573 0.855
389.476 0.903
390.418 0.942
391.348 0.93
392.225 0.877
393.139 0.914
394.148 1.009
395.142 0.994
396.071 0.929
396.989 0.918
397.957 0.968
398.961 1.004
399.849 0.888
400.68 0.831
401.52 0.84
402.344 0.824
403.198 0.854
404.033 0.835
404.865 0.832
405.756 0.891
406.69 0.934
407.576 0.886
408.389 0.813
409.208 0.819
409.983 0.775
410.81 0.827
411.631 0.821
412.445 0.814
413.361 0.916
414.355 0.994
415.287 0.932
416.127 0.84
416.959 0.832
417.88 0.921
418.844 0.964
419.758 0.914
420.636 0.878
421.54 0.904
423.441 1.901
424.347 0.906
425.191 0.844
426.023 0.832
426.875 0.852
427.799 0.924
429.773 1.974
430.632 0.859
431.485 0.853
432.301 0.816
433.04 0.739
433.812 0.772
434.776 0.964
436.764 1.988
438.516 1.752
439.271 0.755
440.013 0.742
441.845 1.832
442.805 0.96
443.714 0.909
445.592 1.878
446.605 1.013
447.631 1.026
449.466 1.835
450.283 0.817
451.126 0.843
452.997 1.871
453.78 0.783
454.581 0.801
456.588 2.007
457.563 0.975
458.48 0.917
459.423 0.943
460.45 1.027
462.393 1.943
463.298 0.905
464.22 0.922
465.074 0.854
465.971 0.897
466.94 0.969
467.95 1.01
468.831 0.881
469.755 0.924
470.689 0.934
471.574 0.885
472.438 0.864
473.32 0.882
474.2 0.88
475.052 0.852
475.86 0.808
476.611 0.751
477.422 0.811
478.402 0.98
479.381 0.979
480.273 0.892
481.127 0.854
482.011 0.884
482.938 0.927
483.895 0.957
484.822 0.927
485.691 0.869
486.578 0.887
487.529 0.951
488.498 0.969
489.408 0.91
490.318 0.91
491.271 0.953
492.277 1.006
493.228 0.951
494.123 0.895
495.034 0.911
495.935 0.901
496.784 0.849
497.692 0.908
498.699 1.007
499.666 0.967
500.565 0.899
501.475 0.91
502.427 0.952
503.371 0.944
504.294 0.923
505.269 0.975
506.285 1.016
507.262 0.977
508.196 0.934
509.09 0.894
510.026 0.936
510.982 0.956
511.934 0.952
512.902 0.968
513.792 0.89
514.624 0.832
515.475 0.851
516.353 0.878
517.216 0.863
518.059 0.843
518.852 0.793
519.629 0.777
520.466 0.837
521.353 0.887
522.142 0.789
522.891 0.749
523.67 0.779
524.529 0.859
525.394 0.865
526.247 0.853
527.14 0.893
528.036 0.896
528.838 0.802
529.606 0.768
530.384 0.778
531.238 0.854
532.164 0.926
533.018 0.854
533.861 0.843
534.746 0.885
535.751 1.005
536.693 0.942
537.555 0.862
538.392 0.837
539.238 0.846
540.135 0.897
540.982 0.847
541.832 0.85
542.705 0.873
544.602 1.897
545.422 0.82
546.255 0.833
548.023 1.768
549.8 1.777
550.626 0.826
551.431 0.805
553.242 1.811
554.128 0.886
554.996 0.868
555.974 0.978
557.941 1.967
558.884 0.943
559.765 0.881
560.608 0.843
561.495 0.887
563.365 1.87
564.214 0.849
565.079 0.865
565.905 0.826
566.702 0.797
567.566 0.864
568.474 0.908
570.184 1.71
571.654 1.47
573.172 1.518
574.816 1.644
575.597 0.781
576.389 0.792
578.065 1.676
578.865 0.8
579.757 0.892
581.543 1.786
582.404 0.861
583.286 0.882
585.101 1.815
586.895 1.794
587.682 0.787
588.505 0.823
590.431 1.926
591.286 0.855
592.212 0.926
594.165 1.953
595.991 1.826
596.786 0.795
597.611 0.825
598.505 0.894
599.372 0.867
600.282 0.91
601.271 0.989
602.217 0.946
603.151 0.934
604.155 1.004
605.084 0.929
605.959 0.875
606.881 0.922
607.763 0.882
608.623 0.86
609.459 0.836
610.265 0.806
611.132 0.867
611.964 0.832