0.000 0.936
0.936 0.936
1.837 0.901
2.672 0.835
3.507 0.835
4.403 0.896
5.288 0.885
5.994 0.706
6.737 0.743
7.556 0.819
8.301 0.745
9.094 0.793
9.96 0.866
10.845 0.885
11.59 0.745
12.31 0.72
13.08 0.77
13.91 0.83
14.708 0.798
15.559 0.851
16.332 0.773
17.09 0.758
17.866 0.776
18.594 0.728
19.447 0.853
20.394 0.947
21.345 0.951
22.14 0.795
22.842 0.702
23.519 0.677
24.163 0.644
24.82 0.657
25.531 0.711
26.268 0.737
27.065 0.797
27.903 0.838
28.667 0.764
29.42 0.753
30.214 0.794
31.048 0.834
31.764 0.716
32.45 0.686
33.195 0.745
34.046 0.851
34.785 0.739
35.632 0.847
36.455 0.823
37.189 0.734
38.009 0.82
38.721 0.712
39.507 0.786
40.391 0.884
41.147 0.756
41.909 0.762
42.671 0.762
43.39 0.719
44.056 0.666
44.76 0.704
45.584 0.824
46.394 0.81
47.182 0.788
48.078 0.896
48.947 0.869
49.736 0.789
50.595 0.859
51.476 0.881
52.253 0.777
53.075 0.822
53.938 0.863
54.725 0.787
55.506 0.781
56.356 0.85
57.113 0.757
57.948 0.835
58.796 0.848
59.6 0.804
60.467 0.867
61.342 0.875
62.202 0.86
62.964 0.762
63.672 0.708
64.456 0.784
65.27 0.814
66.178 0.908
67.099 0.921
67.92 0.821
68.84 0.92
69.732 0.892
70.493 0.761
71.178 0.685
71.9 0.722
72.716 0.816
73.487 0.771
74.358 0.871
75.247 0.889
76.069 0.822
76.768 0.699
77.499 0.731
78.239 0.74
79.046 0.807
79.934 0.888
80.801 0.867
81.514 0.713
82.215 0.701
82.966 0.751
83.772 0.806
84.574 0.802
85.284 0.71
85.957 0.673
86.59 0.633
87.221 0.631
87.835 0.614
88.451 0.616
89.133 0.682
89.804 0.671
90.441 0.637
91.093 0.652
91.851 0.758
92.61 0.759
93.406 0.796
94.174 0.768
94.877 0.703
95.639 0.762
96.445 0.806
97.194 0.749
98.008 0.814
98.837 0.829
99.61 0.773
100.383 0.773
101.217 0.834
102.05 0.833
102.805 0.755
103.543 0.738
104.347 0.804
105.149 0.802
105.931 0.782
106.75 0.819
107.621 0.871
108.398 0.777
109.257 0.859
110.095 0.838
110.906 0.811
111.75 0.844
112.538 0.788
113.314 0.776
114.134 0.82
114.956 0.822
115.751 0.795
116.489 0.738
117.291 0.802
118.11 0.819
118.925 0.815
119.668 0.743
120.441 0.773
121.231 0.79
121.965 0.734
122.755 0.79
123.588 0.833
124.351 0.763
125.043 0.692
125.703 0.66
126.407 0.704
127.259 0.852
128.119 0.86
128.946 0.827
129.724 0.778
130.536 0.812
131.28 0.744
131.995 0.715
132.682 0.687
133.399 0.717
134.126 0.727
134.798 0.672
135.52 0.722
136.257 0.737
136.939 0.682
137.669 0.73
138.439 0.77
139.224 0.785
140.003 0.779
140.839 0.836
141.67 0.831
142.422 0.752
143.188 0.766
143.975 0.787
144.756 0.781
145.444 0.688
146.107 0.663
146.802 0.695
147.599 0.797
148.354 0.755
149.191 0.837
150.044 0.853
150.821 0.777
151.649 0.828
152.466 0.817
153.234 0.768
153.969 0.735
154.75 0.781
155.529 0.779
156.234 0.705
156.984 0.75
157.808 0.824
158.53 0.722
159.259 0.729
160.031 0.772
160.797 0.766
161.505 0.708
162.289 0.784
163.12 0.831
163.891 0.771
164.64 0.749
165.444 0.804
166.225 0.781
166.922 0.697
167.641 0.719
168.377 0.736
169.099 0.722
169.79 0.691
170.573 0.783
171.405 0.832
172.179 0.774
172.904 0.725
173.678 0.774
174.501 0.823
175.261 0.76
176.04 0.779
176.863 0.823
177.644 0.781
178.354 0.71
179.096 0.742
179.88 0.784
180.723 0.843
181.49 0.767
182.286 0.796
183.077 0.791
183.848 0.771
184.526 0.678
185.242 0.716
185.91 0.668
186.728 0.818
187.533 0.805
188.309 0.776
189.006 0.697
189.725 0.719
190.465 0.74
191.219 0.754
191.914 0.695
192.611 0.697
193.354 0.743
194.139 0.785
194.878 0.739
195.609 0.731
196.38 0.771
197.167 0.787
197.897 0.73
198.654 0.757
199.441 0.787
200.24 0.799
200.984 0.744
201.747 0.763
202.539 0.792
203.296 0.757
204.022 0.726
204.792 0.77
205.576 0.784
206.299 0.723
206.992 0.693
207.708 0.716
208.462 0.754
209.251 0.789
209.956 0.705
210.69 0.734
211.463 0.773
212.267 0.804
212.996 0.729
213.689 0.693
214.409 0.72
215.141 0.732
215.825 0.684
216.538 0.713
217.287 0.749
218.059 0.772
218.769 0.71
219.496 0.727
220.255 0.759
220.992 0.737
221.668 0.676
222.381 0.713
223.102 0.721
223.821 0.719
224.486 0.665
225.155 0.669
225.864 0.709
226.618 0.754
227.326 0.708
228.066 0.74
228.847 0.781
229.613 0.766
230.313 0.7
231.038 0.725
231.752 0.714
232.456 0.704
233.134 0.678
233.854 0.72
234.579 0.725
235.29 0.711
235.993 0.703
236.782 0.789
237.609 0.827
238.391 0.782
239.099 0.708
239.839 0.74
240.582 0.743
241.334 0.752
242.02 0.686
242.705 0.685
243.419 0.714
244.148 0.729
244.839 0.691
245.516 0.677
246.23 0.714
246.905 0.675
247.644 0.739
248.441 0.797
249.232 0.791
249.976 0.744
250.774 0.798
251.592 0.818
252.348 0.756
253.06 0.712
253.807 0.747
254.562 0.755
255.297 0.735
255.995 0.698
256.73 0.735
257.512 0.782
258.255 0.743
258.979 0.724
259.741 0.762
260.496 0.755
261.189 0.693
261.954 0.765
262.733 0.779
263.447 0.714
264.176 0.729
264.972 0.796
265.794 0.822
266.549 0.755
267.316 0.767
268.111 0.795
268.896 0.785
269.628 0.732
270.397 0.769
271.176 0.779
271.89 0.714
272.646 0.756
273.419 0.773
274.192 0.773
274.893 0.701
275.607 0.714
276.358 0.751
277.176 0.818
277.945 0.769
278.72 0.775
279.523 0.803
280.323 0.8
281.057 0.734
281.798 0.741
282.553 0.755
283.303 0.75
284.008 0.705
284.758 0.75
285.543 0.785
286.286 0.743
286.999 0.713
287.736 0.737
288.522 0.786
289.287 0.765
290.016 0.729
290.771 0.755
291.515 0.744
292.231 0.716
292.996 0.765
293.783 0.787
294.532 0.749
295.253 0.721
296.012 0.759
296.79 0.778
297.528 0.738
298.222 0.694
298.945 0.723
299.703 0.758
300.428 0.725
301.142 0.714
301.925 0.783
302.711 0.786
303.426 0.715
304.128 0.702
304.85 0.722
305.598 0.748
306.3 0.702
307.006 0.706
307.748 0.742
308.512 0.764
309.221 0.709
309.902 0.681
310.614 0.712
311.351 0.737
312.061 0.71
312.729 0.668
313.436 0.707
314.181 0.745
314.896 0.715
315.608 0.712
316.36 0.752
317.085 0.725
317.747 0.662
318.417 0.67
319.111 0.694
319.825 0.714
320.495 0.67
321.166 0.671
321.885 0.719
322.635 0.75
323.363 0.728
324.033 0.67
324.728 0.695
325.469 0.741
326.245 0.776
326.953 0.708
327.652 0.699
328.391 0.739
329.17 0.779
329.927 0.757
330.612 0.685
331.306 0.694
332.017 0.711
332.761 0.744
333.447 0.686
334.139 0.692
334.877 0.738
335.637 0.76
336.306 0.669
336.96 0.654
337.61 0.65
338.239 0.629
338.864 0.625
339.482 0.618
340.076 0.594
340.681 0.605
341.38 0.699
342.202 0.822
343.002 0.8
343.695 0.693
344.409 0.714
345.116 0.707
345.779 0.663
346.414 0.635
347.072 0.658
347.769 0.697
348.51 0.741
349.211 0.701
349.899 0.688
350.624 0.725
351.381 0.757
352.184 0.803
352.938 0.754
353.686 0.748
354.472 0.786
355.283 0.811
355.996 0.713
356.679 0.683
357.373 0.694
358.089 0.716
358.806 0.717
359.466 0.66
360.123 0.657
360.827 0.704
361.622 0.795
362.383 0.761
363.07 0.687
363.79 0.72
364.522 0.732
365.246 0.724
365.921 0.675
366.634 0.713
367.367 0.733
368.109 0.742
368.79 0.681
369.49 0.7
370.221 0.731
370.988 0.767
371.709 0.721
372.409 0.7
373.147 0.738
373.883 0.736
374.59 0.707
375.249 0.659
375.915 0.666
376.603 0.688
377.319 0.716
378.001 0.682
378.678 0.677
379.405 0.727
380.164 0.759
380.862 0.698
381.543 0.681
382.259 0.716
383.0 0.741
383.679 0.679
384.382 0.703
385.127 0.745
385.908 0.781
386.619 0.711
387.344 0.725
388.072 0.728
388.802 0.73
389.493 0.691
390.169 0.676
390.844 0.675
391.528 0.684
392.168 0.64
392.799 0.631
393.456 0.657
394.167 0.711
394.883 0.716
395.556 0.673
396.269 0.713
397.005 0.736
397.75 0.745
398.437 0.687
399.134 0.697
399.849 0.715
400.568 0.719
401.248 0.68
401.888 0.64
402.542 0.654
403.204 0.662
403.887 0.683
404.541 0.654
405.199 0.658
405.891 0.692
406.624 0.733
407.354 0.73
408.031 0.677
408.739 0.708
409.456 0.717
410.187 0.731
410.862 0.675
411.513 0.651
412.189 0.676
412.889 0.7
413.596 0.707
414.258 0.662
414.94 0.682
415.641 0.701
416.362 0.721
417.049 0.687
417.694 0.645
418.355 0.661
419.032 0.677
419.753 0.721
420.444 0.691
421.129 0.685
421.861 0.732
422.639 0.778
423.431 0.792
424.145 0.714
424.837 0.692
425.548 0.711
426.261 0.713
426.945 0.684
427.595 0.65
428.276 0.681
428.962 0.686
429.637 0.675
430.273 0.636
430.921 0.648
431.599 0.678
432.33 0.731
433.038 0.708
433.7 0.662
434.382 0.682
435.088 0.706
435.807 0.719
436.472 0.665
437.151 0.679
437.836 0.685
438.486 0.65
439.152 0.666
439.852 0.7
440.602 0.75
441.326 0.724
442.045 0.719
442.795 0.75
443.571 0.776
444.356 0.785
445.06 0.704
445.786 0.726
446.526 0.74
447.281 0.755
447.978 0.697
448.702 0.724
449.408 0.706
450.117 0.709
450.808 0.691
451.473 0.665
452.085 0.612
452.683 0.598
453.274 0.591
453.855 0.581
454.466 0.611
455.107 0.641
455.82 0.713
456.564 0.744
457.291 0.727
457.926 0.635
458.572 0.646
459.183 0.611
459.791 0.608
460.387 0.596
461.036 0.649
461.748 0.712
462.442 0.694
463.109 0.667
463.797 0.688
464.474 0.677
465.107 0.633
465.716 0.609
466.305 0.589
466.884 0.579
467.442 0.558
467.993 0.551
468.553 0.56
469.104 0.551
469.709 0.605
470.525 0.816
471.418 0.893
472.279 0.861
473.067 0.788
473.896 0.829
474.762 0.866
475.618 0.856
476.428 0.81
477.156 0.728
477.917 0.761
478.682 0.765
479.457 0.775
480.173 0.716
480.905 0.732
481.656 0.751
482.42 0.764
483.155 0.735
483.894 0.739
484.657 0.763
485.45 0.793
486.251 0.801
487.011 0.76
487.757 0.746
488.513 0.756
489.283 0.77
490.055 0.772
490.782 0.727
491.464 0.682
492.117 0.653
492.746 0.629
493.347 0.601
493.936 0.589
494.524 0.588
495.121 0.597
495.732 0.611
496.34 0.608
496.938 0.598
497.538 0.6
498.168 0.63
498.885 0.717
499.652 0.767
500.455 0.803
501.26 0.805
502.017 0.757
502.729 0.712
503.459 0.73
504.197 0.738
504.931 0.734
505.674 0.743
506.404 0.73
507.148 0.744
507.871 0.723
508.618 0.747
509.369 0.751
510.083 0.714
510.848 0.765
511.649 0.801
512.494 0.845
513.321 0.827
514.069 0.748
514.814 0.745
515.576 0.762
516.298 0.722
517.004 0.706
517.752 0.748
518.535 0.783
519.315 0.78
520.02 0.705
520.714 0.694
521.429 0.715
522.153 0.724
522.882 0.729
523.544 0.662
524.221 0.677
524.928 0.707
525.64 0.712
526.352 0.712
527.001 0.649
527.647 0.646
528.325 0.678
529.014 0.689
529.681 0.667
530.348 0.667
531.049 0.701
531.766 0.717
532.441 0.675
533.101 0.66
533.78 0.679
534.453 0.673
535.088 0.635
535.69 0.602
536.305 0.615
536.933 0.628
537.616 0.683
538.326 0.71
538.987 0.661
539.608 0.621
540.231 0.623
540.872 0.641
541.547 0.675
542.275 0.728
542.968 0.693
543.623 0.655
544.281 0.658
544.972 0.691
545.735 0.763
546.529 0.794
547.262 0.733
547.99 0.728
548.678 0.688
549.336 0.658
549.952 0.616
550.586 0.634
551.252 0.666
551.965 0.713
552.672 0.707
553.317 0.645
553.98 0.663
554.656 0.676
555.349 0.693
556.067 0.718
556.748 0.681
557.401 0.653
558.064 0.663
558.744 0.68
559.456 0.712
560.132 0.676
560.822 0.69
561.524 0.702
562.24 0.716
562.935 0.695
563.591 0.656
564.272 0.681
564.965 0.693
565.658 0.693
566.289 0.631
566.933 0.644
567.573 0.64
568.238 0.665
568.879 0.641
569.521 0.642
570.201 0.68
570.911 0.71
571.62 0.709
572.273 0.653
572.932 0.659
573.589 0.657
574.225 0.636
574.865 0.64
575.524 0.659
576.245 0.721
576.945 0.7
577.616 0.671
578.322 0.706
579.038 0.716
579.718 0.68
580.356 0.638
581.006 0.65
581.663 0.657
582.329 0.666
582.965 0.636
583.6 0.635
584.255 0.655
584.936 0.681
585.655 0.719
586.339 0.684
587.028 0.689
587.741 0.713
588.481 0.74
589.224 0.743
589.905 0.681
590.589 0.684
591.261 0.672
591.945 0.684
592.631 0.686
593.274 0.643
593.898 0.624
594.542 0.644
595.226 0.684
595.879 0.653
596.593 0.714
597.313 0.72
598.084 0.771
598.866 0.782
599.637 0.771
600.38 0.743
601.069 0.689
601.701 0.632
602.33 0.629
602.936 0.606
603.543 0.607
604.166 0.623
604.766 0.6
605.357 0.591
605.967 0.61
606.653 0.686
607.438 0.785
608.262 0.824
608.986 0.724
609.757 0.771
610.54 0.783
611.327 0.787
612.063 0.736
612.742 0.679
613.42 0.678
614.074 0.654
614.709 0.635
615.325 0.616
615.914 0.589
616.51 0.596
617.155 0.645
617.935 0.78
618.736 0.801
619.452 0.716
620.244 0.792
621.057 0.813
621.835 0.778
622.525 0.69