0.000 0.414
0.414 0.414
0.73 0.316
2.116 1.386
2.856 0.74
3.552 0.696
4.292 0.74
5.065 0.773
5.772 0.707
6.454 0.682
7.157 0.703
7.89 0.733
8.736 0.846
9.612 0.876
10.352 0.74
11.105 0.753
11.898 0.793
12.711 0.813
12.977 0.266
13.272 0.295
13.553 0.281
13.808 0.255
14.132 0.324
14.502 0.37
15.141 0.639
15.494 0.353
15.779 0.285
16.071 0.292
16.43 0.359
16.714 0.284
18.446 1.732
18.76 0.314
19.051 0.291
19.306 0.255
19.665 0.359
20.067 0.402
20.454 0.387
21.121 0.667
22.434 1.313
22.747 0.313
23.027 0.28
23.532 0.505
23.949 0.417
24.358 0.409
24.66 0.302
25.004 0.344
25.262 0.258
25.843 0.581
26.331 0.488
26.653 0.322
27.148 0.495
27.513 0.365
27.785 0.272
28.137 0.352
28.707 0.57
29.249 0.542
30.116 0.867
30.48 0.364
31.082 0.602
31.382 0.3
32.054 0.672
32.37 0.316
33.106 0.736
33.849 0.743
34.319 0.47
36.247 1.928
36.762 0.515
37.041 0.279
37.34 0.299
37.728 0.388
38.748 1.02
39.998 1.25
41.398 1.4
41.799 0.401
42.203 0.404
48.186 5.983
48.479 0.293
48.734 0.255
48.999 0.265
49.257 0.258
61.163 11.906
61.999 0.836
62.368 0.369
62.843 0.475
63.685 0.842
63.977 0.292
64.307 0.33
64.587 0.28
65.252 0.665
65.99 0.738
66.754 0.764
67.523 0.769
68.002 0.479
68.298 0.296
69.138 0.84
69.704 0.566
74.446 4.742
74.759 0.313
75.016 0.257
75.283 0.267
78.699 3.416
79.057 0.358
87.998 8.941
88.757 0.759
89.094 0.337
89.449 0.355
89.726 0.277
90.003 0.277
90.262 0.259
90.567 0.305
90.942 0.375
91.206 0.264
91.539 0.333
102.998 11.459
103.851 0.853
104.747 0.896
105.613 0.866
106.492 0.879
107.371 0.879
108.239 0.868
109.005 0.766
109.761 0.756
110.506 0.745
111.455 0.949
112.268 0.813
113.065 0.797
113.6 0.535
113.957 0.357
114.915 0.958
115.389 0.474
115.841 0.452
116.659 0.818
117.525 0.866
118.351 0.826
119.208 0.857
119.938 0.73
120.71 0.772
121.579 0.869
122.51 0.931
122.774 0.264
123.302 0.528
123.571 0.269
124.131 0.56
124.384 0.253
124.743 0.359
125.753 1.01
126.172 0.419
126.559 0.387
126.949 0.39
127.255 0.306
128.341 1.086
128.713 0.372
129.251 0.538
130.006 0.755
130.548 0.542
136.238 5.69
136.998 0.76
137.707 0.709
138.359 0.652
138.742 0.383
139.032 0.29
139.316 0.284
139.775 0.459
140.197 0.422
140.53 0.333
141.366 0.836
141.735 0.369
142.115 0.38
142.841 0.726
143.613 0.772
144.44 0.827
145.239 0.799
145.971 0.732
146.748 0.777
147.627 0.879
148.495 0.868
149.291 0.796
150.139 0.848
151.028 0.889
151.714 0.686
151.965 0.251
152.23 0.265
152.506 0.276
152.914 0.408
153.195 0.281
153.629 0.434
154.051 0.422
154.345 0.294
154.708 0.363
155.068 0.36
155.331 0.263
156.605 1.274
157.064 0.459
157.421 0.357
157.727 0.306
158.014 0.287
158.457 0.443
158.967 0.51
159.39 0.423
159.872 0.482
160.149 0.277
161.606 1.457
163.442 1.836
163.834 0.392
164.116 0.282
164.43 0.314
164.7 0.27
165.525 0.825
166.31 0.785
168.144 1.834
168.755 0.611
169.069 0.314
169.346 0.277
170.581 1.235
171.517 0.936
171.939 0.422
172.37 0.431
172.677 0.307
172.942 0.265
173.242 0.3
173.545 0.303
174.239 0.694
177.488 3.249
177.765 0.277
183.997 6.232
185.971 1.974
187.056 1.085
188.347 1.291
188.835 0.488
189.266 0.431
189.734 0.468
190.082 0.348
190.497 0.415
190.823 0.326
191.114 0.291
191.386 0.272
191.734 0.348
192.062 0.328
192.407 0.345
192.677 0.27
193.166 0.489
193.838 0.672
194.328 0.49
194.587 0.259
194.838 0.251
195.66 0.822
196.916 1.256
198.41 1.494
198.751 0.341
204.996 6.245
208.343 3.347
209.087 0.744
209.813 0.726
210.564 0.751
211.351 0.787
212.088 0.737
212.941 0.853
213.838 0.897
214.779 0.941
215.583 0.804
216.354 0.771
217.22 0.866
218.066 0.846
218.828 0.762
219.634 0.806
220.532 0.898
221.396 0.864
222.269 0.873
223.126 0.857
224.015 0.889
224.8 0.785
225.55 0.75
226.383 0.833
227.263 0.88
228.072 0.809
228.827 0.755
229.559 0.732
230.296 0.737
230.565 0.269
230.971 0.406
231.234 0.263
231.936 0.702
232.329 0.393
232.864 0.535
233.664 0.8
234.462 0.798
234.798 0.336
235.08 0.282
235.637 0.557
235.956 0.319
236.283 0.327
236.548 0.265
236.91 0.362
237.198 0.288
237.521 0.323
238.457 0.936
239.114 0.657
239.831 0.717
240.746 0.915
241.546 0.8
241.829 0.283
242.344 0.515
242.746 0.402
243.267 0.521
244.185 0.918
244.473 0.288
244.757 0.284
245.042 0.285
245.455 0.413
245.77 0.315
246.618 0.848
247.429 0.811
248.072 0.643
248.384 0.312
248.918 0.534
249.78 0.862
250.363 0.583
250.761 0.398
251.093 0.332
251.585 0.492
251.868 0.283
252.432 0.564
252.87 0.438
253.143 0.273
253.722 0.579
254.831 1.109
255.497 0.666
255.861 0.364
256.115 0.254
256.792 0.677
257.692 0.9
258.111 0.419
258.629 0.518
259.518 0.889
259.823 0.305
260.098 0.275
260.356 0.258
260.622 0.266
261.86 1.238
262.136 0.276
262.404 0.268
262.659 0.255
263.186 0.527
264.824 1.638
265.888 1.064
266.194 0.306
266.47 0.276
267.111 0.641
267.541 0.43
268.439 0.898
268.7 0.261
268.954 0.254
269.23 0.276
269.536 0.306
269.943 0.407
270.324 0.381
270.615 0.291
270.95 0.335
271.554 0.604
272.142 0.588
272.434 0.292
272.801 0.367
273.142 0.341
273.545 0.403
273.857 0.312
274.74 0.883
275.001 0.261
275.263 0.262
275.684 0.421
276.045 0.361
276.418 0.373
276.986 0.568
279.263 2.277
279.899 0.636
284.457 4.558
284.772 0.315
285.606 0.834
290.005 4.399
290.522 0.517
290.834 0.312
291.691 0.857
292.268 0.577
294.482 2.214
294.804 0.322
295.072 0.268
296.092 1.02
296.361 0.269
296.629 0.268
296.908 0.279
297.451 0.543
297.702 0.251
298.321 0.619
299.691 1.37
300.088 0.397
300.393 0.305
300.647 0.254
300.99 0.343
301.638 0.648
302.063 0.425
302.391 0.328
302.646 0.255
303.28 0.634
303.538 0.258
303.941 0.403
304.193 0.252
304.475 0.282
304.748 0.273
305.142 0.394
305.406 0.264
305.675 0.269
306.191 0.516
307.144 0.953
307.404 0.26
308.17 0.766
308.558 0.388
310.747 2.189
311.202 0.455
311.704 0.502
311.977 0.273
312.269 0.292
312.55 0.281
314.427 1.877
314.685 0.258
315.063 0.378
315.8 0.737
316.097 0.297
316.388 0.291
316.88 0.492
317.238 0.358
318.116 0.878
318.95 0.834
320.03 1.08
320.284 0.254
320.567 0.283
320.957 0.39
321.358 0.401
321.794 0.436
322.106 0.312
323.649 1.543
323.918 0.269
324.229 0.311
324.637 0.408
325.03 0.393
327.477 2.447
327.841 0.364
328.498 0.657
329.754 1.256
330.653 0.899
331.064 0.411
331.546 0.482
332.07 0.524
333.46 1.39
334.22 0.76
335.09 0.87
335.999 0.909
336.904 0.905
337.781 0.877
338.592 0.811
339.327 0.735
340.078 0.751
340.825 0.747
341.275 0.45
341.532 0.257
342.251 0.719
342.511 0.26
342.804 0.293
343.087 0.283
344.031 0.944
344.439 0.408
345.082 0.643
345.497 0.415
345.763 0.266
346.711 0.948
346.977 0.266
347.282 0.305
347.969 0.687
348.344 0.375
348.617 0.273
348.966 0.349
349.226 0.26
349.562 0.336
350.317 0.755
352.146 1.829
353.077 0.931
353.366 0.289
353.784 0.418
354.133 0.349
354.723 0.59
355.077 0.354
355.342 0.265
355.664 0.322
356.139 0.475
356.457 0.318
356.781 0.324
357.253 0.472
357.65 0.397
358.693 1.043
359.238 0.545
359.682 0.444
360.584 0.902
360.9 0.316
361.189 0.289
361.508 0.319
362.356 0.848
362.815 0.459
363.272 0.457
363.593 0.321
363.899 0.306
364.312 0.413
364.74 0.428
365.076 0.336
365.896 0.82
366.263 0.367
366.612 0.349
366.865 0.253
367.169 0.304
367.493 0.324
368.497 1.004
368.889 0.392
369.389 0.5
369.701 0.312
370.037 0.336
371.036 0.999
371.838 0.802
372.69 0.852
373.496 0.806
374.38 0.884
375.44 1.06
376.394 0.954
377.302 0.908
378.254 0.952
379.217 0.963
380.114 0.897
380.979 0.865
381.805 0.826
382.564 0.759
383.306 0.742
384.025 0.719
384.799 0.774
385.601 0.802
386.34 0.739
387.101 0.761
387.957 0.856
388.875 0.918
389.683 0.808
390.432 0.749
391.202 0.77
391.993 0.791
392.736 0.743
393.439 0.703
394.14 0.701
394.867 0.727
395.671 0.804
396.412 0.741
397.123 0.711
397.818 0.695
398.505 0.687
399.173 0.668
399.839 0.666
400.503 0.664
401.166 0.663
401.863 0.697
402.611 0.748
403.385 0.774
404.177 0.792
404.83 0.653
405.181 0.351
405.491 0.31
405.861 0.37
406.157 0.296
406.411 0.254
407.139 0.728
407.934 0.795
408.422 0.488
408.69 0.268
408.977 0.287
409.415 0.438
409.943 0.528
410.214 0.271
410.875 0.661
411.125 0.25
411.777 0.652
412.122 0.345
412.782 0.66
413.624 0.842
414.544 0.92
415.101 0.557
415.359 0.258
416.149 0.79
417.05 0.901
417.989 0.939
418.809 0.82
419.684 0.875
420.614 0.93
421.446 0.832
422.163 0.717
422.437 0.274
422.694 0.257
423.048 0.354
423.349 0.301
423.631 0.282
423.992 0.361
424.258 0.266
424.58 0.322
424.849 0.269
425.743 0.894
426.053 0.31
426.369 0.316
426.655 0.286
428.002 1.347
428.475 0.473
428.899 0.424
429.775 0.876
430.369 0.594
430.798 0.429
431.213 0.415
431.925 0.712
432.242 0.317
432.521 0.279
432.793 0.272
433.052 0.259
434.125 1.073
440.992 0.639
441.655 0.663
442.393 0.738
443.252 0.859
444.209 0.957
444.94 0.731
445.257 0.317
445.617 0.36
445.884 0.267
446.177 0.293
446.685 0.508
447.074 0.389
447.348 0.274
447.618 0.27
450.987 3.369
451.833 0.846
452.8 0.967
453.764 0.964
454.578 0.814
455.42 0.842
456.326 0.906
457.128 0.802
457.945 0.817
458.862 0.917
459.895 1.033
460.755 0.86
461.571 0.816
462.456 0.885
463.363 0.907
464.167 0.804
464.962 0.795
465.84 0.878
466.696 0.856
467.081 0.385
467.385 0.304
467.734 0.349
468.058 0.324
468.385 0.327
468.636 0.251
468.999 0.363
469.957 0.958
470.87 0.913
471.458 0.588
472.595 1.137
472.905 0.31
473.221 0.316
474.182 0.961
474.893 0.711
475.628 0.735
476.395 0.767
477.143 0.748
477.869 0.726
478.645 0.776
479.517 0.872
480.359 0.842
481.113 0.754
481.901 0.788
482.738 0.837
483.549 0.811
484.298 0.749
485.104 0.806
485.975 0.871
486.789 0.814
487.56 0.771
488.376 0.816
489.252 0.876
490.047 0.795
490.885 0.838
491.727 0.842
492.567 0.84
493.359 0.792
494.074 0.715
494.775 0.701
495.481 0.706
496.193 0.712
497.024 0.831
497.941 0.917
498.726 0.785
499.218 0.492
499.576 0.358
500.391 0.815
501.111 0.72
501.886 0.775
502.645 0.759
503.434 0.789
504.175 0.741
504.894 0.719
505.68 0.786
506.538 0.858
507.318 0.78
508.172 0.854
509.064 0.892
509.969 0.905
510.73 0.761
511.473 0.743
512.261 0.788
513.048 0.787
513.825 0.777
514.549 0.724
515.316 0.767
516.159 0.843
517.182 1.023
518.182 1.0
519.074 0.892
519.882 0.808
520.74 0.858
521.606 0.866
522.38 0.774
523.146 0.766
523.869 0.723
524.582 0.713
525.287 0.705
525.98 0.693
526.668 0.688
527.369 0.701
528.112 0.743
528.958 0.846
529.922 0.964
530.844 0.922
531.758 0.914
532.564 0.806
533.328 0.764
534.138 0.81
534.977 0.839
535.768 0.791
536.63 0.862
537.601 0.971
538.405 0.804
539.174 0.769
539.993 0.819
540.874 0.881
541.775 0.901
542.583 0.808
543.353 0.77
544.181 0.828
545.047 0.866
545.821 0.774
546.548 0.727
547.325 0.777
548.094 0.769
548.822 0.728
549.635 0.813
550.525 0.89
551.492 0.967
552.406 0.914
553.172 0.766
553.955 0.783
554.744 0.789
555.491 0.747
556.213 0.722
556.996 0.783
557.784 0.788
558.539 0.755
559.242 0.703
559.929 0.687
560.627 0.698
561.331 0.704
562.055 0.724
562.793 0.738
563.485 0.692
564.148 0.663
564.784 0.636
565.399 0.615
566.007 0.608
566.618 0.611
567.244 0.626
567.857 0.613
568.469 0.612
569.08 0.611
569.703 0.623
570.36 0.657
571.07 0.71
571.931 0.861
572.846 0.915
573.756 0.91
574.59 0.834
575.396 0.806
576.251 0.855
577.115 0.864
577.876 0.761
578.572 0.696
579.266 0.694
580.004 0.738
580.924 0.92
581.995 1.071
582.997 1.002
583.892 0.895
584.782 0.89
585.548 0.766
586.268 0.72
586.968 0.7
587.659 0.691
588.356 0.697
589.052 0.696
589.779 0.727
590.551 0.772
591.341 0.79
592.14 0.799
592.982 0.842
593.865 0.883
594.794 0.929
595.722 0.928
596.505 0.783
597.28 0.775
598.094 0.814
598.819 0.725
599.503 0.684
600.166 0.663
600.828 0.662
601.514 0.686