0.000 3.604
3.604 3.604
4.792 1.188
6.395 1.603
7.303 0.908
8.396 1.093
9.344 0.948
9.758 0.414
10.109 0.351
10.405 0.296
10.706 0.301
12.693 1.987
13.544 0.851
14.85 1.306
16.162 1.312
17.31 1.148
18.303 0.993
19.449 1.146
20.598 1.149
21.601 1.003
22.877 1.276
24.231 1.354
25.401 1.17
26.679 1.278
27.975 1.296
29.188 1.213
30.161 0.973
31.227 1.066
32.57 1.343
33.928 1.358
35.122 1.194
36.403 1.281
37.68 1.277
38.94 1.26
40.233 1.293
41.491 1.258
42.756 1.265
44.035 1.279
45.233 1.198
46.469 1.236
47.736 1.267
48.903 1.167
50.103 1.2
51.453 1.35
52.722 1.269
53.851 1.129
55.088 1.237
56.307 1.219
57.514 1.207
58.771 1.257
59.991 1.22
61.097 1.106
62.249 1.152
63.436 1.187
64.506 1.07
65.616 1.11
66.822 1.206
68.095 1.273
69.472 1.377
70.755 1.283
71.999 1.244
73.304 1.305
74.532 1.228
75.734 1.202
77.043 1.309
78.278 1.235
79.459 1.181
80.678 1.219
81.9 1.222
82.94 1.04
84.064 1.124
85.405 1.341
86.699 1.294
87.922 1.223
89.263 1.341
90.584 1.321
91.884 1.3
93.254 1.37
94.539 1.285
95.827 1.288
97.188 1.361
98.438 1.25
99.687 1.249
101.023 1.336
102.251 1.228
103.199 0.948
104.242 1.043
105.64 1.398
106.987 1.347
108.274 1.287
109.52 1.246
110.808 1.288
112.075 1.267
113.335 1.26
114.512 1.177
115.683 1.171
116.901 1.218
118.016 1.115
119.099 1.083
120.236 1.137
121.355 1.119
122.455 1.1
123.455 1.0
124.469 1.014
125.453 0.984
126.539 1.086
127.766 1.227
129.01 1.244
130.237 1.227
131.486 1.249
132.696 1.21
133.726 1.03
134.773 1.047
135.784 1.011
137.039 1.255
138.335 1.296
139.66 1.325
140.989 1.329
142.216 1.227
143.508 1.292
144.822 1.314
146.072 1.25
147.34 1.268
148.657 1.317
149.913 1.256
150.963 1.05
151.856 0.893
153.179 1.323
154.406 1.227
155.651 1.245
156.853 1.202
158.115 1.262
159.375 1.26
160.547 1.172
161.773 1.226
163.043 1.27
164.223 1.18
165.431 1.208
166.701 1.27
167.911 1.21
169.088 1.177
170.321 1.233
171.52 1.199
172.655 1.135
173.89 1.235
175.167 1.277
176.326 1.159
177.549 1.223
178.787 1.238
179.927 1.14
181.162 1.235
182.398 1.236
183.552 1.154
184.819 1.267
186.048 1.229
187.198 1.15
188.417 1.219
189.617 1.2
190.769 1.152
192.01 1.241
193.249 1.239
194.396 1.147
195.615 1.219
196.838 1.223
197.948 1.11
199.142 1.194
200.328 1.186
201.447 1.119
202.637 1.19
203.874 1.237
205.022 1.148
206.215 1.193
207.443 1.228
208.614 1.171
209.779 1.165
211.01 1.231
212.207 1.197
213.297 1.09
214.44 1.143
215.676 1.236
216.824 1.148
218.004 1.18
219.239 1.235
220.432 1.193
221.657 1.225
222.926 1.269
224.164 1.238
225.306 1.142
226.481 1.175
227.586 1.105
228.548 0.962
229.496 0.948
230.425 0.929
231.446 1.021
232.733 1.287
233.828 1.095
234.878 1.05
236.097 1.219
237.454 1.357
238.646 1.192
239.852 1.206
241.02 1.168
242.074 1.054
242.976 0.902
244.093 1.117
245.385 1.292
246.7 1.315
247.904 1.204
249.094 1.19
250.402 1.308
251.676 1.274
252.851 1.175
253.936 1.085
255.145 1.209
256.374 1.229
257.477 1.103
258.648 1.171
259.935 1.287
261.199 1.264
262.36 1.161
263.562 1.202
264.842 1.28
266.111 1.269
267.312 1.201
268.559 1.247
269.811 1.252
270.943 1.132
271.996 1.053
273.145 1.149
274.38 1.235
275.586 1.206
276.826 1.24
278.117 1.291
279.335 1.218
280.559 1.224
281.814 1.255
283.02 1.206
284.215 1.195
285.466 1.251
286.696 1.23
287.898 1.202
289.163 1.265
290.392 1.229
291.56 1.168
292.815 1.255
294.042 1.227
295.116 1.074
296.389 1.273
297.682 1.293
298.829 1.147
299.813 0.984
300.767 0.954
301.991 1.224
303.008 1.017
304.187 1.179
305.422 1.235
306.478 1.056
307.684 1.206
308.967 1.283
310.136 1.169
311.32 1.184
312.539 1.219
313.702 1.163
314.83 1.128
316.015 1.185
317.237 1.222
318.382 1.145
319.647 1.265
320.889 1.242
322.026 1.137
323.211 1.185
324.408 1.197
325.432 1.024
326.418 0.986
327.637 1.219
328.956 1.319
330.159 1.203
331.319 1.16
332.563 1.244
333.795 1.232
334.951 1.156
335.993 1.042
337.088 1.095
338.244 1.156
339.414 1.17
340.639 1.225
341.775 1.136
342.964 1.189
344.176 1.212
345.327 1.151
346.309 0.982
347.099 0.79
347.949 0.85
349.339 1.39
350.638 1.299
351.908 1.27
353.201 1.293
354.472 1.271
355.691 1.219
356.943 1.252
358.126 1.183
359.217 1.091
360.33 1.113
361.426 1.096
362.601 1.175
363.754 1.153
364.939 1.185
366.079 1.14
367.222 1.143
368.456 1.234
369.692 1.236
370.799 1.107
372.05 1.251
373.343 1.293
374.579 1.236
375.793 1.214
376.931 1.138
377.939 1.008
379.089 1.15
380.331 1.242
381.534 1.203
382.671 1.137
383.872 1.201
385.018 1.146
386.056 1.038
387.206 1.15
388.399 1.193
389.479 1.08
390.608 1.129
391.76 1.152
392.806 1.046
393.956 1.15
395.167 1.211
396.307 1.14
397.293 0.986
398.455 1.162
399.68 1.225
400.782 1.102
401.985 1.203
403.182 1.197
404.315 1.133
405.435 1.12
406.62 1.185
407.83 1.21
408.935 1.105
410.151 1.216
411.353 1.202
412.432 1.079
413.545 1.113
414.686 1.141
415.816 1.13
416.888 1.072
418.106 1.218
419.197 1.091
420.134 0.937
421.043 0.909
422.052 1.009
423.139 1.087
424.133 0.994
425.277 1.144
426.498 1.221
427.659 1.161
428.752 1.093
429.836 1.084
430.896 1.06
431.904 1.008
433.04 1.136
434.234 1.194
435.308 1.074
436.418 1.11
437.674 1.256
438.95 1.276
440.072 1.122
441.247 1.175
442.406 1.159
443.408 1.002
444.518 1.11
445.715 1.197
446.826 1.111
447.949 1.123
449.178 1.229
450.312 1.134
451.417 1.105
452.639 1.222
453.874 1.235
454.941 1.067
456.175 1.234
457.419 1.244
458.511 1.092
459.814 1.303
461.115 1.301
462.258 1.143
463.473 1.215
464.691 1.218
465.745 1.054
466.915 1.17
468.155 1.24
469.39 1.235
470.355 0.965
471.309 0.954
472.172 0.863
473.377 1.205
474.483 1.106
475.547 1.064
476.69 1.143
477.849 1.159
478.886 1.037
480.019 1.133
481.183 1.164
482.217 1.034
483.264 1.047
484.372 1.108
485.474 1.102
486.483 1.009
487.635 1.152
488.926 1.291
490.07 1.144
491.2 1.13
492.405 1.205
493.593 1.188
494.669 1.076
495.867 1.198
497.089 1.222
498.107 1.018
499.281 1.174
500.504 1.223
501.637 1.133
502.785 1.148
504.073 1.288
505.261 1.188
506.313 1.052
507.495 1.182
508.684 1.189
509.692 1.008
510.794 1.102
511.939 1.145
512.941 1.002
514.067 1.126
515.338 1.271
516.397 1.059
517.554 1.157
518.76 1.206
519.796 1.036
520.933 1.137
522.117 1.184
523.21 1.093
524.231 1.021
525.377 1.146
526.379 1.002
527.379 1.0
528.379 1.0
528.726 0.347
529.379 0.653
530.007 0.628
530.311 0.304
531.104 0.793
531.418 0.314
532.082 0.664
532.379 0.297
533.01 0.631
533.316 0.306
534.056 0.74
534.378 0.322
535.231 0.853
536.231 1.0
537.379 1.148
538.355 0.976
538.622 0.267
538.891 0.269
539.158 0.267
539.595 0.437
540.354 0.759
540.624 0.27
541.355 0.731
541.944 0.589
542.354 0.41
542.958 0.604
543.354 0.396
544.041 0.687
544.355 0.314
545.135 0.78
546.155 1.02
547.198 1.043
548.195 0.997
549.188 0.993
550.153 0.965
551.078 0.925
551.353 0.275
551.91 0.557
552.356 0.446
552.773 0.417
553.356 0.583
553.758 0.402
554.356 0.598
554.875 0.519
555.356 0.481
555.931 0.575
556.356 0.425
556.876 0.52
557.357 0.481
557.793 0.436
558.357 0.564
558.693 0.336
559.357 0.664
560.358 1.001
561.358 1.0
562.358 1.0
563.384 1.026
564.321 0.937
565.385 1.064
566.355 0.97
567.358 1.003
568.358 1.0
569.358 1.0
569.708 0.35
570.358 0.65
570.794 0.436
571.358 0.564
571.791 0.433
572.358 0.567
572.878 0.52
573.359 0.481
573.955 0.596
574.358 0.403
574.856 0.498
575.358 0.502
575.973 0.615
576.358 0.385
577.193 0.835
578.317 1.124
579.358 1.041
580.359 1.001
581.359 1.0
581.724 0.365
582.359 0.635
582.881 0.522
583.359 0.478
584.069 0.71
584.355 0.286
585.16 0.805
586.162 1.002
587.295 1.133
588.36 1.065
589.361 1.001
590.36 0.999
590.732 0.372
591.36 0.628
591.786 0.426
592.36 0.574
592.917 0.557
593.36 0.443
594.093 0.733
594.359 0.266
595.106 0.747
595.363 0.257
596.246 0.883
597.358 1.112
598.312 0.954
599.183 0.871
600.0 0.817
600.359 0.359
600.793 0.434
601.359 0.566
602.36 1.001
603.36 1.0
603.69 0.33
604.36 0.67
604.718 0.358
605.36 0.642
605.77 0.41
606.36 0.59
606.812 0.452
607.361 0.549
607.884 0.523
608.361 0.477
608.952 0.591
609.361 0.409
610.023 0.662
610.361 0.338
611.14 0.779
612.255 1.115
613.26 1.005
614.124 0.864
614.907 0.783
615.363 0.456
615.698 0.335
616.362 0.664
616.891 0.529
617.363 0.472
618.004 0.641
618.361 0.357
619.026 0.665
619.362 0.336
620.153 0.791
621.305 1.152
622.361 1.056
623.362 1.001
624.362 1.0
624.705 0.343