0.000 0.964
0.964 0.964
1.929 0.965
3.022 1.093
4.154 1.132
5.132 0.978
6.101 0.969
7.229 1.128
8.391 1.162
9.346 0.955
10.419 1.073
11.452 1.033
12.276 0.824
13.02 0.744
13.823 0.803
15.15 1.327
16.325 1.175
17.512 1.187
18.634 1.122
19.817 1.183
20.913 1.096
21.935 1.022
22.78 0.845
23.631 0.851
24.431 0.8
25.251 0.82
26.239 0.988
27.319 1.08
28.266 0.947
29.157 0.891
30.255 1.098
31.347 1.092
32.396 1.049
33.328 0.932
34.423 1.095
35.598 1.175
36.718 1.12
37.805 1.087
38.94 1.135
40.061 1.121
41.111 1.05
42.228 1.117
43.34 1.112
44.393 1.053
45.372 0.979
46.375 1.003
47.356 0.981
48.288 0.932
49.486 1.198
50.582 1.096
51.707 1.125
52.853 1.146
53.757 0.904
54.687 0.93
55.868 1.181
56.947 1.079
58.157 1.21
59.319 1.162
60.451 1.132
61.617 1.166
62.682 1.065
63.774 1.092
64.9 1.126
65.92 1.02
67.04 1.12
68.142 1.102
69.257 1.115
70.389 1.132
71.425 1.036
72.463 1.038
73.482 1.019
74.438 0.956
75.49 1.052
76.618 1.128
77.588 0.97
78.703 1.115
79.877 1.174
80.896 1.019
82.098 1.202
83.275 1.177
84.4 1.125
85.546 1.146
86.551 1.005
87.547 0.996
88.644 1.097
89.581 0.937
90.676 1.095
91.723 1.047
92.671 0.948
93.93 1.259
94.999 1.069
96.004 1.005
97.124 1.12
98.108 0.984
99.132 1.024
100.18 1.048
101.173 0.993
102.235 1.062
103.367 1.132
104.423 1.056
105.551 1.128
106.641 1.09
107.602 0.961
108.698 1.096
109.824 1.126
110.828 1.004
111.973 1.145
113.049 1.076
114.083 1.034
115.215 1.132
116.284 1.069
117.367 1.083
118.478 1.111
119.463 0.985
120.557 1.094
121.704 1.147
122.696 0.992
123.803 1.107
124.884 1.081
125.846 0.962
126.911 1.065
127.898 0.987
128.837 0.939
129.939 1.102
130.854 0.915
131.858 1.004
132.974 1.116
133.929 0.955
134.962 1.033
136.04 1.078
136.975 0.935
138.005 1.03
139.061 1.056
140.04 0.979
141.224 1.184
142.303 1.079
143.372 1.069
144.258 0.886
145.104 0.846
145.902 0.798
146.777 0.875
147.764 0.987
148.654 0.89
149.745 1.091
150.859 1.114
151.807 0.948
152.951 1.144
154.063 1.112
155.112 1.049
156.267 1.155
157.378 1.111
158.499 1.121
159.717 1.218
160.834 1.117
161.915 1.081
163.034 1.119
164.039 1.005
165.058 1.019
166.181 1.123
167.294 1.113
168.496 1.202
169.662 1.166
170.732 1.07
171.908 1.176
173.058 1.15
174.09 1.032
175.192 1.102
176.247 1.055
177.311 1.064
178.414 1.103
179.345 0.931
180.367 1.022
181.504 1.137
182.47 0.966
183.62 1.15
184.714 1.094
185.778 1.064
186.955 1.177
188.0 1.045
189.025 1.025
190.069 1.044
191.014 0.945
192.024 1.01
193.111 1.087
194.149 1.038
195.232 1.083
196.391 1.159
197.439 1.048
198.537 1.098
199.653 1.116
200.635 0.982
201.682 1.047
202.74 1.058
203.69 0.95
204.728 1.038
205.819 1.091
206.834 1.015
207.911 1.077
208.932 1.021
209.913 0.981
211.046 1.133
212.142 1.096
213.154 1.012
214.258 1.104
215.321 1.063
216.347 1.026
217.469 1.122
218.477 1.008
219.476 0.999
220.516 1.04
221.475 0.959
222.413 0.938
223.516 1.103
224.565 1.049
225.514 0.949
226.486 0.972
227.454 0.968
228.515 1.061
229.624 1.109
230.6 0.976
231.767 1.167
232.899 1.132
233.918 1.019
234.95 1.032
236.022 1.072
237.002 0.98
237.986 0.984
239.093 1.107
240.09 0.997
241.193 1.103
242.259 1.066
243.277 1.018
244.399 1.122
245.427 1.028
246.385 0.958
247.345 0.96
248.37 1.025
249.321 0.951
250.399 1.078
251.494 1.095
252.474 0.98
253.669 1.195
254.834 1.165
255.935 1.101
257.113 1.178
258.231 1.118
259.324 1.093
260.351 1.027
261.294 0.943
262.349 1.055
263.415 1.066
264.484 1.069
265.406 0.922
266.317 0.911
267.352 1.035
268.274 0.922
269.391 1.117
270.507 1.116
271.455 0.948
272.455 1.0
273.543 1.088
274.538 0.995
275.44 0.902
276.281 0.841
277.139 0.858
278.055 0.916
279.053 0.998
280.219 1.166
281.195 0.976
282.157 0.962
283.267 1.11
284.211 0.944
285.259 1.048
286.316 1.057
287.19 0.874
288.143 0.953
289.172 1.029
290.074 0.902
291.046 0.972
292.161 1.115
293.209 1.048
294.243 1.034
295.363 1.12
296.437 1.074
297.455 1.018
298.62 1.165
299.792 1.172
300.983 1.191
302.113 1.13
303.046 0.933
303.94 0.894
304.783 0.843
305.592 0.809
306.396 0.804
307.168 0.772
307.954 0.786
308.711 0.757
309.523 0.812
310.394 0.871
311.308 0.914
312.158 0.85
313.148 0.99
314.276 1.128
315.212 0.936
316.289 1.077
317.408 1.119
318.355 0.947
319.446 1.091
320.503 1.057
321.415 0.912
322.445 1.03
323.489 1.044
324.394 0.905
325.583 1.189
326.653 1.07
327.605 0.952
328.666 1.061
329.602 0.936
330.604 1.002
331.642 1.038
332.625 0.983
333.626 1.001
334.802 1.176
335.858 1.056
336.971 1.113
338.043 1.072
338.98 0.937
340.035 1.055
341.029 0.994
341.909 0.88
342.832 0.923
343.899 1.067
344.911 1.012
346.109 1.198
347.117 1.008
348.034 0.917
348.873 0.839
349.88 1.007
351.077 1.197
352.081 1.004
353.282 1.201
354.404 1.122
355.279 0.875
356.347 1.068
357.484 1.137
358.456 0.972
359.566 1.11
360.623 1.057
361.643 1.02
362.784 1.141
363.782 0.998
364.703 0.921
365.751 1.048
366.836 1.085
367.872 1.036
369.102 1.23
370.17 1.068
371.127 0.957
372.281 1.154
373.334 1.053
374.274 0.94
375.391 1.117
376.47 1.079
377.514 1.044
378.652 1.138
379.623 0.971
380.566 0.943
381.681 1.115
382.731 1.05
383.806 1.075
384.978 1.172
385.963 0.985
387.127 1.164
388.359 1.232
389.537 1.178
390.759 1.222
391.849 1.09
392.9 1.051
393.98 1.08
394.881 0.901
395.927 1.046
397.027 1.1
397.981 0.954
399.173 1.192
400.372 1.199
401.461 1.089
402.657 1.196
403.682 1.025
404.761 1.079
405.841 1.08
406.795 0.954
407.913 1.118
408.958 1.045
409.903 0.945
410.961 1.058
411.958 0.997
412.891 0.933
414.147 1.256
415.326 1.179
416.464 1.138
417.644 1.18
418.769 1.125
419.881 1.112
421.022 1.141
421.972 0.95
423.072 1.1
424.148 1.076
425.174 1.026
426.37 1.196
427.417 1.047
428.377 0.96
429.544 1.167
430.536 0.992
431.525 0.989
432.626 1.101
433.676 1.05
434.824 1.148
435.841 1.017
436.732 0.891
437.824 1.092
438.914 1.09
439.942 1.028
441.105 1.163
442.084 0.979
443.067 0.983
444.184 1.117
445.175 0.991
446.262 1.087
447.414 1.152
448.38 0.966
449.528 1.148
450.641 1.113
451.678 1.037
452.848 1.17
453.781 0.933
454.802 1.021
455.886 1.084
456.797 0.911
457.892 1.095
459.0 1.108
459.939 0.939
460.956 1.017
461.931 0.975
462.869 0.938
463.978 1.109
465.042 1.064
466.15 1.108
467.271 1.121
468.2 0.929
469.294 1.094
470.423 1.129
471.436 1.013
472.568 1.132
473.531 0.963
474.564 1.033
475.729 1.165
476.683 0.954
477.776 1.093
478.947 1.171
479.947 1.0
481.169 1.222
482.371 1.202
483.417 1.046
484.659 1.242
485.813 1.154
486.914 1.101
488.066 1.152
489.046 0.98
490.133 1.087
491.315 1.182
492.306 0.991
493.492 1.186
494.499 1.007
495.426 0.927
496.652 1.226
497.817 1.165
498.869 1.052
500.03 1.161
501.194 1.164
502.4 1.206
503.545 1.145
504.483 0.938
505.393 0.91
506.399 1.006
507.289 0.89
508.18 0.891
509.142 0.962
510.284 1.142
511.339 1.055
512.237 0.898
513.173 0.936
514.376 1.203
515.508 1.132
516.541 1.033
517.682 1.141
518.701 1.019
519.649 0.948
520.504 0.855
521.328 0.824
522.446 1.118
523.308 0.862
524.354 1.046
525.47 1.116
526.394 0.924
527.506 1.112
528.716 1.21
529.729 1.013
530.866 1.137
531.993 1.127
533.048 1.055
534.2 1.152
535.227 1.027
536.306 1.079
537.484 1.178
538.393 0.909
539.329 0.936
540.405 1.076
541.407 1.002
542.346 0.939
543.523 1.177
544.697 1.174
545.778 1.081
547.056 1.278
548.075 1.019
549.204 1.129
550.37 1.166
551.322 0.952
552.475 1.153
553.617 1.142
554.706 1.089
555.977 1.271
557.073 1.096
558.184 1.111
559.363 1.179
560.272 0.909
561.392 1.12
562.528 1.136
563.501 0.973
564.721 1.22
565.798 1.077
566.882 1.084
568.122 1.24
569.135 1.013
570.235 1.1
571.371 1.136
572.313 0.942
573.641 1.328
574.862 1.221
576.034 1.172
577.296 1.262
578.444 1.148
579.668 1.224
580.802 1.134
581.979 1.177
583.192 1.213
584.23 1.038
585.395 1.165
586.59 1.195
587.549 0.959
588.709 1.16
589.804 1.095
590.787 0.983
591.933 1.146
592.948 1.015
593.999 1.051
595.241 1.242
596.32 1.079
597.243 0.923
598.103 0.86
598.94 0.837
599.784 0.844
600.567 0.783
601.336 0.769
602.113 0.777
602.904 0.791
603.739 0.835
604.553 0.814
605.364 0.811
606.134 0.77
606.919 0.785
607.73 0.811
608.554 0.824
609.316 0.762
610.065 0.749
610.8 0.735
611.511 0.711
612.229 0.718
613.045 0.816
613.872 0.827
614.793 0.921
615.874 1.081
616.905 1.031
618.037 1.132
619.191 1.154
620.269 1.078
621.448 1.179
622.537 1.089
623.614 1.077