0.000 0.696
0.696 0.696
1.42 0.724
2.134 0.714
2.848 0.714
3.501 0.653
4.152 0.651
4.801 0.649
5.452 0.651
6.086 0.634
6.739 0.653
7.389 0.65
8.067 0.678
8.75 0.683
9.496 0.746
10.21 0.714
10.911 0.701
11.641 0.73
12.371 0.73
13.113 0.742
13.858 0.745
14.602 0.744
15.278 0.676
15.976 0.698
16.676 0.7
17.397 0.721
18.121 0.724
18.802 0.681
19.486 0.684
20.197 0.711
20.917 0.72
21.571 0.654
22.229 0.658
22.865 0.636
23.489 0.624
24.163 0.674
24.816 0.653
25.479 0.663
26.151 0.672
26.839 0.688
27.521 0.682
28.155 0.634
28.799 0.644
29.434 0.635
30.054 0.62
30.654 0.6
31.258 0.604
31.858 0.6
32.457 0.599
33.088 0.631
33.743 0.655
34.381 0.638
34.995 0.614
35.588 0.593
36.188 0.6
36.776 0.588
37.357 0.581
37.922 0.565
38.482 0.56
39.038 0.556
39.584 0.546
40.124 0.54
40.663 0.539
41.197 0.534
41.731 0.534
42.258 0.527
42.769 0.511
43.279 0.51
43.793 0.514
44.318 0.525
44.856 0.538
45.413 0.557
45.998 0.585
46.604 0.606
47.241 0.637
48.023 0.782
48.832 0.809
49.542 0.71
50.251 0.709
51.001 0.75
51.685 0.684
51.971 0.286
52.449 0.478
53.243 0.794
53.961 0.718
54.274 0.313
54.563 0.289
54.834 0.271
55.111 0.277
55.472 0.361
56.278 0.806
57.006 0.728
57.702 0.696
58.392 0.69
59.058 0.666
59.715 0.657
60.365 0.65
61.019 0.654
61.642 0.623
62.296 0.654
62.948 0.652
63.55 0.602
64.153 0.603
64.764 0.611
65.396 0.632
66.014 0.618
66.622 0.608
67.207 0.585
67.77 0.563
68.337 0.567
68.908 0.571
69.496 0.588
70.077 0.581
70.662 0.585
71.274 0.612
71.896 0.622
72.537 0.641
73.171 0.634
73.818 0.647
74.444 0.626
75.046 0.602
75.654 0.608
76.27 0.616
76.875 0.605
77.502 0.627
78.145 0.643
78.787 0.642
79.554 0.767
80.296 0.742
80.981 0.685
81.686 0.705
82.325 0.639
82.987 0.662
83.649 0.662
84.276 0.627
84.909 0.633
85.545 0.636
86.188 0.643
86.825 0.637
87.446 0.621
88.085 0.639
88.714 0.629
89.335 0.621
89.984 0.649
90.656 0.672
91.343 0.687
92.027 0.684
92.705 0.678
93.363 0.658
94.013 0.65
94.663 0.65
95.277 0.614
95.882 0.605
96.504 0.622
97.117 0.613
97.723 0.606
98.307 0.584
98.878 0.571
99.446 0.568
100.016 0.57
100.588 0.572
101.161 0.573
101.746 0.585
102.338 0.592
102.933 0.595
103.519 0.586
104.119 0.6
104.75 0.631
105.443 0.693
106.105 0.662
106.736 0.631
107.355 0.619
107.941 0.586
108.511 0.57
109.092 0.581
109.702 0.61
110.312 0.61
110.918 0.606
111.543 0.625
112.199 0.656
112.812 0.613
113.433 0.621
114.047 0.614
114.648 0.601
115.241 0.593
115.819 0.578
116.086 0.267
116.391 0.305
116.857 0.466
117.152 0.295
117.516 0.364
118.075 0.559
118.631 0.556
119.19 0.559
119.742 0.552
120.292 0.55
120.851 0.559
121.461 0.61
122.096 0.635
122.773 0.677
123.572 0.799
124.339 0.767
125.079 0.74
125.763 0.684
126.434 0.671
127.091 0.657
127.748 0.657
128.429 0.681
129.11 0.681
129.761 0.651
130.437 0.676
131.077 0.64
131.69 0.613
132.312 0.622
132.944 0.632
133.564 0.62
134.171 0.607
134.758 0.587
135.364 0.606
135.999 0.635
136.666 0.667
137.321 0.655
137.936 0.615
138.531 0.595
139.111 0.58
139.677 0.566
140.234 0.557
140.781 0.547
141.319 0.538
141.864 0.545
142.433 0.569
143.052 0.619
143.704 0.652
144.391 0.687
145.066 0.675
145.846 0.78
146.643 0.797
147.336 0.693
148.006 0.67
148.689 0.683
149.398 0.709
150.099 0.701
150.823 0.724
151.508 0.685
152.225 0.717
152.961 0.736
153.745 0.784
154.476 0.731
155.252 0.776
155.997 0.745
156.658 0.661
157.278 0.62
157.896 0.618
158.528 0.632
159.161 0.633
159.784 0.623
160.436 0.652
161.101 0.665
161.773 0.672
162.428 0.655
163.093 0.665
163.767 0.674
164.436 0.669
165.077 0.641
165.74 0.663
166.411 0.671
167.134 0.723
167.809 0.675
168.471 0.662
169.142 0.671
169.823 0.681
170.515 0.692
171.234 0.719
171.909 0.675
172.6 0.691
173.285 0.685
173.937 0.652
174.541 0.604
175.137 0.596
175.728 0.591
176.331 0.603
176.943 0.612
177.567 0.624
178.188 0.621
178.838 0.65
179.522 0.684
180.26 0.738
180.954 0.694
181.676 0.722
182.438 0.762
183.147 0.709
183.818 0.671
184.466 0.648
185.123 0.657
185.789 0.666
186.458 0.669
187.112 0.654
187.755 0.643
188.393 0.638
189.021 0.628
189.629 0.608
190.228 0.599
190.834 0.606
191.446 0.612
192.042 0.596
192.624 0.582
193.196 0.572
193.766 0.57
194.336 0.57
194.903 0.567
195.469 0.566
196.045 0.576
196.658 0.613
197.29 0.632
197.933 0.643
198.592 0.659
199.234 0.642
199.901 0.667
200.575 0.674
201.231 0.656
201.888 0.657
202.532 0.644
203.178 0.646
203.816 0.638
204.458 0.642
205.101 0.643
205.756 0.655
206.42 0.664
207.075 0.655
207.748 0.673
208.411 0.663
209.057 0.646
209.682 0.625
210.312 0.63
210.95 0.638
211.57 0.62
212.164 0.594
212.744 0.58
213.325 0.581
213.918 0.593
214.53 0.612
215.14 0.61
215.726 0.586
216.308 0.582
216.883 0.575
217.445 0.562
218.0 0.555
218.566 0.566
219.123 0.557
219.675 0.552
220.237 0.562
220.814 0.577
221.385 0.571
221.949 0.564
222.502 0.553
223.049 0.547
223.589 0.54
224.129 0.54
224.696 0.567
225.318 0.622
225.945 0.627
226.611 0.666
227.332 0.721
228.057 0.725
228.759 0.702
229.444 0.685
230.1 0.656
230.731 0.631
231.397 0.666
232.064 0.667
232.74 0.676
233.383 0.643
233.989 0.606
234.579 0.59
235.156 0.577
235.745 0.589
236.35 0.605
236.98 0.63
237.628 0.648
238.26 0.632
238.863 0.603
239.449 0.586
240.027 0.578
240.602 0.575
241.189 0.587
241.807 0.618
242.421 0.614
243.023 0.602
243.638 0.615
244.276 0.638
244.917 0.641
245.528 0.611
246.153 0.625
246.791 0.638
247.409 0.618
248.001 0.592
248.613 0.612
249.221 0.608
249.837 0.616
250.452 0.615
251.11 0.658
251.788 0.678
252.472 0.684
253.139 0.667
253.775 0.636
254.393 0.618
255.017 0.624
255.647 0.63
256.295 0.648
256.913 0.618
257.505 0.592
258.089 0.584
258.668 0.579
259.236 0.568
259.802 0.566
260.376 0.574
260.955 0.579
261.558 0.603
262.172 0.614
262.789 0.617
263.399 0.61
263.986 0.587
264.57 0.584
265.153 0.583
265.744 0.591
266.359 0.615
266.987 0.628
267.615 0.628
268.238 0.623
268.857 0.619
269.469 0.612
270.081 0.612
270.692 0.611
271.285 0.593
271.892 0.607
272.504 0.612
273.139 0.635
273.783 0.644
274.427 0.644
275.063 0.636
275.715 0.652
276.374 0.659
277.012 0.638
277.633 0.621
278.245 0.612
278.839 0.594
279.417 0.578
279.997 0.58
280.585 0.588
281.174 0.589
281.758 0.584
282.345 0.587
282.949 0.604
283.555 0.606
284.165 0.61
284.808 0.643
285.438 0.63
286.073 0.635
286.683 0.61
287.284 0.601
287.888 0.604
288.482 0.594
289.072 0.59
289.654 0.582
290.239 0.585
290.842 0.603
291.464 0.622
292.104 0.64
292.732 0.628
293.37 0.638
294.005 0.635
294.643 0.638
295.278 0.635
295.91 0.632
296.558 0.648
297.211 0.653
297.881 0.67
298.525 0.644
299.134 0.609
299.726 0.592
300.318 0.592
300.961 0.643
301.618 0.657
302.245 0.627
302.878 0.633
303.496 0.618
304.098 0.602
304.69 0.592
305.274 0.584
305.857 0.583
306.439 0.582
307.024 0.585
307.609 0.585
308.209 0.6
308.816 0.607
309.402 0.586
309.982 0.58
310.578 0.596
311.19 0.612
311.809 0.619
312.427 0.618
313.048 0.621
313.658 0.61
314.255 0.597
314.858 0.603
315.469 0.611
316.083 0.614
316.71 0.627
317.333 0.623
317.962 0.629
318.592 0.63
319.22 0.628
319.836 0.616
320.466 0.63
321.091 0.625
321.702 0.611
322.325 0.623
322.96 0.635
323.599 0.639
324.228 0.629
324.865 0.637
325.499 0.634
326.131 0.632
326.765 0.634
327.403 0.638
328.046 0.643
328.69 0.644
329.307 0.617
329.915 0.608
330.526 0.611
331.131 0.605
331.722 0.591
332.321 0.599
332.938 0.617
333.551 0.613
334.188 0.637
334.818 0.63
335.457 0.639
336.086 0.629
336.686 0.6
337.27 0.584
337.841 0.571
338.399 0.558
338.96 0.561
339.535 0.575
340.161 0.626
340.815 0.654
341.43 0.615
342.093 0.663
342.806 0.713
343.688 0.882
344.463 0.775
345.24 0.777
345.946 0.706
346.628 0.682
347.262 0.634
347.925 0.663
348.597 0.672
349.28 0.683
349.956 0.676
350.601 0.645
351.215 0.614
351.807 0.592
352.391 0.584
352.979 0.588
353.575 0.596
354.17 0.595
354.793 0.623
355.43 0.637
356.096 0.666
356.769 0.673
357.414 0.645
358.074 0.66
358.726 0.652
359.367 0.641
360.019 0.652
360.658 0.639
361.272 0.614
361.902 0.63
362.535 0.633
363.181 0.646
363.82 0.639
364.475 0.655
365.108 0.633
365.725 0.617
366.35 0.625
366.989 0.639
367.642 0.653
368.292 0.65
368.939 0.647
369.556 0.617
370.162 0.606
370.765 0.603
371.37 0.605
371.964 0.594
372.565 0.601
373.168 0.603
373.781 0.613
374.39 0.609
375.004 0.614
375.615 0.611
376.227 0.612
376.843 0.616
377.452 0.609
378.048 0.596
378.64 0.592
379.233 0.593
379.811 0.578
380.382 0.571
380.962 0.58
381.562 0.6
382.154 0.592
382.738 0.584
383.317 0.579
383.923 0.606
384.563 0.64
385.207 0.644
385.845 0.638
386.484 0.639
387.109 0.625
387.722 0.613
388.326 0.604
388.931 0.605
389.57 0.639
390.207 0.637
390.845 0.638
391.488 0.643
392.113 0.625
392.733 0.62
393.356 0.623
393.989 0.633
394.637 0.648
395.294 0.657
395.93 0.636
396.549 0.619
397.178 0.629
397.816 0.638
398.471 0.655
399.122 0.651
399.755 0.633
400.386 0.631
401.006 0.62
401.632 0.626
402.272 0.64
402.928 0.656
403.588 0.66
404.241 0.653
404.883 0.642
405.515 0.632
406.124 0.609
406.723 0.599
407.327 0.604
407.933 0.606
408.546 0.613
409.159 0.613
409.767 0.608
410.376 0.609
410.981 0.605
411.583 0.602
412.175 0.592
412.755 0.58
413.333 0.578
413.922 0.589
414.522 0.6
415.125 0.603
415.751 0.626
416.391 0.64
417.043 0.652
417.683 0.64
418.327 0.644
418.959 0.632
419.573 0.614
420.162 0.589
420.733 0.571
421.304 0.571
421.876 0.572
422.449 0.573
423.023 0.574
423.604 0.581
424.198 0.594
424.812 0.614
425.415 0.603
426.021 0.606
426.633 0.612
427.248 0.615
427.873 0.625
428.51 0.637
429.165 0.655
429.812 0.647
430.45 0.638
431.098 0.648
431.752 0.654
432.407 0.655
433.055 0.648
433.689 0.634
434.302 0.613
434.908 0.606
435.537 0.629
436.183 0.646
436.836 0.653
437.487 0.651
438.14 0.653
438.769 0.629
439.408 0.639
440.051 0.643
440.709 0.658
441.357 0.648
442.006 0.649
442.677 0.671
443.381 0.704
444.054 0.673
444.723 0.669
445.382 0.659
446.032 0.65
446.671 0.639
447.309 0.638
447.921 0.612
448.539 0.618
449.151 0.612
449.749 0.598
450.337 0.588
450.93 0.593
451.58 0.65
452.247 0.667
452.956 0.709
453.616 0.66
454.298 0.682
454.951 0.653
455.568 0.617
456.185 0.617
456.804 0.619
457.434 0.63
458.07 0.636
458.701 0.631
459.328 0.627
459.957 0.629
460.588 0.631
461.233 0.645
461.853 0.62
462.485 0.632
463.114 0.629
463.754 0.64
464.393 0.639
465.039 0.646
465.662 0.623
466.284 0.622
466.926 0.642
467.568 0.642
468.207 0.639
468.846 0.639
469.477 0.631
470.103 0.626
470.702 0.599
471.29 0.588
471.878 0.588
472.481 0.603
473.119 0.638
473.799 0.68
474.474 0.675
475.141 0.667
475.786 0.645
476.406 0.62
477.033 0.627
477.663 0.63
478.299 0.636
478.946 0.647
479.603 0.657
480.256 0.653
480.897 0.641
481.53 0.633
482.157 0.627
482.766 0.609
483.382 0.616
484.014 0.632
484.653 0.639
485.263 0.61
485.861 0.598
486.461 0.6
487.084 0.623
487.731 0.647
488.373 0.642
489.038 0.665
489.715 0.677
490.359 0.644
490.998 0.639
491.641 0.643
492.303 0.662
492.938 0.635
493.549 0.611
494.166 0.617
494.796 0.63
495.445 0.649
496.078 0.633
496.682 0.604
497.273 0.591
497.855 0.582
498.434 0.579
499.01 0.576
499.584 0.574
500.161 0.577
500.76 0.599
501.422 0.662
502.116 0.694
502.803 0.687
503.446 0.643
504.057 0.611
504.653 0.596
505.237 0.584
505.821 0.584
506.407 0.586
506.982 0.575
507.547 0.565
508.107 0.56
508.68 0.573
509.283 0.603
509.936 0.653
510.655 0.719
511.431 0.776
512.133 0.702
512.852 0.719
513.528 0.676
514.209 0.681
514.885 0.676
515.562 0.677
516.201 0.639
516.813 0.612
517.411 0.598
518.001 0.59
518.596 0.595
519.197 0.601
519.818 0.621
520.441 0.623
521.041 0.6
521.649 0.608
522.262 0.613
522.909 0.647
523.571 0.662
524.241 0.67
524.883 0.642
525.53 0.647
526.178 0.648
526.821 0.643
527.483 0.662
528.131 0.648
528.778 0.647
529.439 0.661
530.111 0.672
530.777 0.666
531.455 0.678
532.132 0.677
532.801 0.669
533.476 0.675
534.128 0.652
534.77 0.642
535.416 0.646
536.04 0.624
536.661 0.621
537.283 0.622
537.915 0.632
538.548 0.633
539.173 0.625
539.798 0.625
540.415 0.617
541.048 0.633
541.678 0.63
542.328 0.65
542.982 0.654
543.635 0.653
544.276 0.641
544.903 0.627
545.518 0.615
546.116 0.598
546.721 0.605
547.316 0.595
547.901 0.585
548.487 0.586
549.071 0.584
549.684 0.613
550.362 0.678
551.081 0.719
551.742 0.661
552.408 0.666
553.087 0.679
553.769 0.682
554.462 0.693
555.145 0.683
555.829 0.684
556.512 0.683
557.169 0.657
557.845 0.676
558.52 0.675
559.188 0.668
559.863 0.675
560.537 0.674
561.2 0.663
561.862 0.662
562.526 0.664
563.187 0.661
563.842 0.655
564.475 0.633
565.1 0.625
565.734 0.634
566.379 0.645
567.028 0.649
567.69 0.662
568.34 0.65
569.0 0.66
569.684 0.684
570.396 0.712
571.098 0.702
571.774 0.676
572.437 0.663
573.079 0.642
573.718 0.639
574.356 0.638
574.984 0.628
575.615 0.631
576.235 0.62
576.865 0.63
577.51 0.645
578.158 0.648
578.78 0.622
579.378 0.598
579.987 0.609
580.636 0.649
581.337 0.701
582.042 0.705
582.789 0.747
583.513 0.724
584.207 0.694
584.876 0.669
585.523 0.647
586.157 0.634
586.772 0.615
587.374 0.602
587.963 0.589
588.544 0.581
589.119 0.575
589.692 0.573
590.264 0.572
590.826 0.562
591.383 0.557
591.944 0.561
592.537 0.593
593.175 0.638
593.815 0.64
594.456 0.641
595.133 0.677
595.835 0.702
596.505 0.67
597.161 0.656
597.806 0.645
598.434 0.628
599.055 0.621
599.674 0.619
600.298 0.624
600.917 0.619
601.53 0.613
602.143 0.613
602.738 0.595
603.351 0.613
603.98 0.629
604.616 0.636
605.304 0.688
606.093 0.789
606.942 0.849
607.8 0.858
608.61 0.81
609.389 0.779
610.135 0.746