0.000 0.664
0.664 0.664
1.329 0.665
1.976 0.647
2.581 0.605
3.186 0.605
3.788 0.602
4.415 0.627
5.103 0.688
5.836 0.733
6.551 0.715
7.266 0.715
7.943 0.677
8.587 0.644
9.208 0.621
9.825 0.617
10.426 0.601
11.021 0.595
11.605 0.584
12.183 0.578
12.752 0.569
13.308 0.556
13.861 0.553
14.424 0.563
14.993 0.569
15.585 0.592
16.273 0.688
17.076 0.803
17.856 0.78
18.616 0.76
19.34 0.724
20.069 0.729
20.761 0.692
21.433 0.672
22.096 0.663
22.743 0.647
23.394 0.651
24.047 0.653
24.694 0.647
25.322 0.628
25.938 0.616
26.536 0.598
27.121 0.585
27.705 0.584
28.301 0.596
28.907 0.606
29.523 0.616
30.15 0.627
30.78 0.63
31.429 0.649
32.077 0.648
32.72 0.643
33.404 0.684
34.073 0.669
34.783 0.71
35.437 0.654
36.082 0.645
36.795 0.713
37.447 0.652
38.095 0.648
38.735 0.64
39.35 0.615
39.956 0.606
40.563 0.607
41.17 0.607
41.758 0.588
42.345 0.587
42.925 0.58
43.497 0.572
44.071 0.574
44.642 0.571
45.216 0.574
45.785 0.569
46.352 0.567
46.916 0.564
47.488 0.572
48.069 0.581
48.642 0.573
49.219 0.577
49.83 0.611
50.483 0.653
51.173 0.69
51.832 0.659
52.504 0.672
53.15 0.646
53.804 0.654
54.449 0.645
55.09 0.641
55.728 0.638
56.358 0.63
56.983 0.625
57.609 0.626
58.222 0.613
58.823 0.601
59.413 0.59
60.03 0.617
60.654 0.624
61.324 0.67
62.015 0.691
62.736 0.721
63.436 0.7
64.175 0.739
64.867 0.692
65.525 0.658
66.159 0.634
66.779 0.62
67.403 0.624
68.025 0.622
68.645 0.62
69.238 0.593
69.818 0.58
70.395 0.577
70.952 0.557
71.501 0.549
72.047 0.546
72.59 0.543
73.138 0.548
73.694 0.556
74.265 0.571
74.849 0.584
75.441 0.592
76.049 0.608
76.664 0.615
77.28 0.616
77.904 0.624
78.536 0.632
79.26 0.724
80.091 0.831
80.906 0.815
81.723 0.817
82.547 0.824
83.312 0.765
84.086 0.774
84.843 0.757
85.568 0.725
86.24 0.672
86.874 0.634
87.498 0.624
88.102 0.604
88.698 0.596
89.285 0.587
89.882 0.597
90.511 0.629
91.176 0.665
91.823 0.647
92.49 0.667
93.161 0.671
93.791 0.63
94.408 0.617
95.015 0.607
95.621 0.606
96.226 0.605
96.817 0.591
97.404 0.587
97.994 0.59
98.585 0.591
99.19 0.605
99.796 0.606
100.418 0.622
101.027 0.609
101.627 0.6
102.209 0.582
102.776 0.567
103.345 0.569
103.909 0.564
104.47 0.561
105.033 0.563
105.591 0.558
106.15 0.559
106.72 0.57
107.318 0.598
107.938 0.62
108.605 0.667
109.302 0.697
109.992 0.69
110.686 0.694
111.382 0.696
112.067 0.685
112.733 0.666
113.355 0.622
113.967 0.612
114.579 0.612
115.21 0.631
115.907 0.697
116.631 0.724
117.297 0.666
117.917 0.62
118.55 0.633
119.189 0.639
119.84 0.651
120.51 0.67
121.158 0.648
121.81 0.652
122.459 0.649
123.119 0.66
123.793 0.674
124.478 0.685
125.137 0.659
125.776 0.639
126.421 0.645
127.052 0.631
127.662 0.61
128.275 0.613
128.884 0.609
129.489 0.605
130.095 0.606
130.723 0.628
131.379 0.656
132.028 0.649
132.696 0.668
133.36 0.664
134.034 0.674
134.707 0.673
135.377 0.67
136.053 0.676
136.737 0.684
137.406 0.669
138.06 0.654
138.716 0.656
139.36 0.644
139.999 0.639
140.622 0.623
141.225 0.603
141.812 0.587
142.394 0.582
142.983 0.589
143.586 0.603
144.22 0.634
144.886 0.666
145.522 0.636
146.162 0.64
146.825 0.663
147.498 0.673
148.183 0.685
148.854 0.671
149.514 0.66
150.155 0.641
150.785 0.63
151.404 0.619
152.013 0.609
152.614 0.601
153.254 0.64
153.959 0.705
154.632 0.673
155.291 0.659
155.94 0.649
156.575 0.635
157.195 0.62
157.835 0.64
158.497 0.662
159.146 0.649
159.784 0.638
160.429 0.645
161.077 0.648
161.708 0.631
162.326 0.618
162.934 0.608
163.534 0.6
164.117 0.583
164.706 0.589
165.303 0.597
165.902 0.599
166.529 0.627
167.248 0.719
167.965 0.717
168.677 0.712
169.408 0.731
170.09 0.682
170.758 0.668
171.41 0.652
172.069 0.659
172.74 0.671
173.395 0.655
174.051 0.656
174.715 0.664
175.379 0.664
176.035 0.656
176.704 0.669
177.38 0.676
178.072 0.692
178.74 0.668
179.407 0.667
180.078 0.671
180.746 0.668
181.395 0.649
182.047 0.652
182.701 0.654
183.345 0.644
183.979 0.634
184.607 0.628
185.247 0.64
185.899 0.652
186.566 0.667
187.21 0.644
187.853 0.643
188.516 0.663
189.172 0.656
189.844 0.672
190.53 0.686
191.193 0.663
191.849 0.656
192.495 0.646
193.148 0.653
193.802 0.654
194.445 0.643
195.07 0.625
195.685 0.615
196.304 0.619
196.943 0.639
197.572 0.629
198.183 0.611
198.785 0.602
199.368 0.583
199.941 0.573
200.494 0.553
201.045 0.551
201.591 0.546
202.128 0.537
202.666 0.538
203.205 0.539
203.745 0.54
204.277 0.532
204.803 0.526
205.321 0.518
205.836 0.515
206.345 0.509
206.848 0.503
207.344 0.496
207.832 0.488
208.322 0.49
208.808 0.486
209.293 0.485
209.789 0.496
210.292 0.503
210.799 0.507
211.312 0.513
211.835 0.523
212.39 0.555
212.979 0.589
213.574 0.595
214.138 0.564
214.694 0.556
215.242 0.548
215.795 0.553
216.345 0.55
216.895 0.55
217.463 0.568
218.032 0.569
218.597 0.565
219.16 0.563
219.727 0.567
220.298 0.571
220.866 0.568
221.425 0.559
221.986 0.561
222.543 0.557
223.102 0.559
223.653 0.551
224.228 0.575
224.832 0.604
225.457 0.625
226.073 0.616
226.703 0.63
227.333 0.63
227.974 0.641
228.618 0.644
229.275 0.657
229.978 0.703
230.721 0.743
231.449 0.728
232.127 0.678
232.777 0.65
233.439 0.662
234.103 0.664
234.772 0.669
235.464 0.692
236.12 0.656
236.747 0.627
237.374 0.627
238.09 0.716
238.866 0.776
239.583 0.717
240.28 0.697
240.921 0.641
241.553 0.632
242.161 0.608
242.767 0.606
243.402 0.635
244.226 0.824
245.07 0.844
245.997 0.927
246.833 0.836
247.575 0.742
248.297 0.722
248.994 0.697
249.677 0.683
250.329 0.652
250.986 0.657
251.63 0.644
252.271 0.641
252.91 0.639
253.555 0.645
254.213 0.658
254.884 0.671
255.553 0.669
256.211 0.658
256.854 0.643
257.476 0.622
258.095 0.619
258.708 0.613
259.32 0.612
259.954 0.634
260.571 0.617
261.189 0.618
261.811 0.622
262.457 0.646
263.135 0.678
263.809 0.674
264.457 0.648
265.113 0.656
265.775 0.662
266.429 0.654
267.09 0.661
267.745 0.655
268.388 0.643
269.029 0.641
269.645 0.616
270.244 0.599
270.829 0.585
271.402 0.573
271.964 0.562
272.516 0.552
273.065 0.549
273.607 0.542
274.147 0.54
274.699 0.552
275.279 0.58
275.899 0.62
276.506 0.607
277.131 0.625
277.73 0.599
278.309 0.579
278.885 0.576
279.453 0.568
280.022 0.569
280.613 0.591
281.212 0.599
281.811 0.599
282.398 0.587
283.014 0.616
283.657 0.643
284.349 0.692
285.031 0.682
285.793 0.762
286.495 0.702
287.207 0.712
287.93 0.723
288.634 0.704
289.319 0.685
290.024 0.705
290.7 0.676
291.358 0.658
292.022 0.664
292.678 0.656
293.311 0.633
293.923 0.612
294.532 0.609
295.141 0.609
295.749 0.608
296.334 0.585
296.908 0.574
297.481 0.573
298.055 0.574
298.635 0.58
299.216 0.581
299.8 0.584
300.389 0.589
300.993 0.604
301.605 0.612
302.24 0.635
302.868 0.628
303.471 0.603
304.084 0.613
304.693 0.609
305.323 0.63
305.981 0.658
306.653 0.672
307.334 0.681
307.975 0.641
308.599 0.624
309.196 0.597
309.782 0.586
310.363 0.581
310.941 0.578
311.512 0.571
312.08 0.568
312.654 0.574
313.25 0.596
313.91 0.66
314.7 0.79
315.543 0.843
316.347 0.804
317.043 0.696
317.694 0.651
318.335 0.641
318.964 0.629
319.584 0.62
320.114 0.53
320.802 0.688
321.416 0.614
322.034 0.618
322.663 0.629
323.276 0.613
323.874 0.598
324.465 0.591
325.05 0.585
325.65 0.6
326.252 0.602
326.669 0.417
327.456 0.787
327.966 0.51
328.408 0.442
328.665 0.257
329.176 0.511
329.762 0.586
330.326 0.564
330.892 0.566
331.439 0.547
331.992 0.553
332.544 0.552
333.094 0.55
333.638 0.544
334.177 0.539
334.711 0.534
335.24 0.529
335.764 0.524
336.28 0.516
336.792 0.512
337.301 0.509
337.806 0.505
338.305 0.499
338.8 0.495
339.296 0.496
339.792 0.496
340.282 0.49
340.775 0.493
341.272 0.497
341.821 0.549
342.397 0.576
343.015 0.618
343.717 0.702
344.471 0.754
345.254 0.783
346.013 0.759
346.818 0.805
347.574 0.756
348.384 0.81
349.163 0.779
349.902 0.739
350.63 0.728
351.338 0.708
352.001 0.663
352.602 0.601
353.167 0.565
353.716 0.549
354.252 0.536
354.78 0.528
355.3 0.52
355.813 0.513
356.326 0.513
356.84 0.514
357.351 0.511
357.877 0.526
358.4 0.523
358.925 0.525
359.449 0.524
359.976 0.527
360.506 0.53
361.045 0.539
361.595 0.55
362.149 0.554
362.712 0.563
363.258 0.546
363.799 0.541
364.336 0.537
364.87 0.534
365.409 0.539
365.97 0.561
366.545 0.575
367.156 0.611
367.804 0.648
368.439 0.635
369.095 0.656
369.726 0.631
370.33 0.604
370.916 0.586
371.49 0.574
372.07 0.58
372.681 0.611
373.344 0.663
373.975 0.631
374.6 0.625
375.272 0.672
375.952 0.68
376.635 0.683
377.341 0.706
378.051 0.71
378.736 0.685
379.412 0.676
380.107 0.695
380.79 0.683
381.462 0.672
382.128 0.666
382.796 0.668
383.498 0.702
384.242 0.744
384.992 0.75
385.775 0.783
386.566 0.791
387.293 0.727
388.028 0.735
388.752 0.724
389.449 0.697
390.181 0.732
390.872 0.691
391.546 0.674
392.222 0.676
392.891 0.669
393.578 0.687
394.259 0.681
394.931 0.672
395.61 0.679
396.292 0.682
396.96 0.668
397.626 0.666
398.283 0.657
398.963 0.68
399.636 0.673
400.3 0.664
400.935 0.635
401.557 0.622
402.159 0.602
402.753 0.594
403.339 0.586
403.928 0.589
404.516 0.588
405.113 0.597
405.751 0.638
406.507 0.756
407.334 0.827
408.105 0.771
408.887 0.782
409.637 0.75
410.32 0.683
410.988 0.668
411.652 0.664
412.312 0.66
412.971 0.659
413.634 0.663
414.3 0.666
414.971 0.671
415.659 0.688
416.373 0.714
417.079 0.706
417.779 0.7
418.531 0.752
419.283 0.752
419.981 0.698
420.685 0.704
421.415 0.73
422.151 0.736
422.88 0.729
423.619 0.739
424.395 0.776
425.149 0.754
425.86 0.711
426.538 0.678
427.18 0.642
427.793 0.613
428.41 0.617
429.076 0.666
429.798 0.722
430.474 0.676
431.136 0.662
431.827 0.691
432.512 0.685
433.187 0.675
433.844 0.657
434.491 0.647
435.141 0.65
435.803 0.662
436.491 0.688
437.17 0.679
437.87 0.7
438.584 0.714
439.295 0.711
439.981 0.686
440.659 0.678
441.31 0.651
441.932 0.622
442.548 0.616
443.162 0.614
443.789 0.627
444.467 0.678
445.127 0.66
445.756 0.629
446.404 0.648
447.056 0.652
447.703 0.647
448.362 0.659
448.997 0.635
449.638 0.641
450.286 0.648
450.937 0.651
451.605 0.668
452.267 0.662
452.936 0.669
453.585 0.649
454.258 0.673
454.965 0.707
455.733 0.768
456.465 0.732
457.174 0.709
457.917 0.743
458.672 0.755
459.424 0.752
460.133 0.709
460.87 0.737
461.647 0.777
462.413 0.766
463.12 0.707
463.83 0.71
464.495 0.665
465.14 0.645
465.767 0.627
466.385 0.618
466.994 0.609
467.629 0.635
468.308 0.679
469.015 0.707
469.694 0.679
470.406 0.712
471.081 0.675
471.764 0.683
472.455 0.691
473.146 0.691
473.893 0.747
474.748 0.855
475.581 0.833
476.358 0.777
477.187 0.829
477.998 0.811
478.777 0.779
479.463 0.686
480.147 0.684
480.831 0.684
481.53 0.699
482.269 0.739
483.027 0.758
483.757 0.73
484.468 0.711
485.198 0.73
485.95 0.752
486.688 0.738
487.408 0.72
488.13 0.722
488.834 0.704
489.499 0.665
490.132 0.633
490.754 0.622
491.397 0.643
492.077 0.68
492.856 0.779
493.549 0.693
494.212 0.663
494.863 0.651
495.508 0.645
496.166 0.658
496.836 0.67
497.526 0.69
498.22 0.694
498.936 0.716
499.641 0.705
500.347 0.706
501.052 0.705
501.756 0.704
502.471 0.715
503.231 0.76
504.026 0.795
504.808 0.782
505.526 0.718
506.207 0.681
506.898 0.691
507.572 0.674
508.266 0.694
508.998 0.732
509.769 0.771
510.525 0.756
511.253 0.728
512.004 0.751
512.761 0.757
513.524 0.763
514.302 0.778
515.04 0.738
515.787 0.747
516.536 0.749
517.279 0.743
518.022 0.743
518.78 0.758
519.553 0.773
520.286 0.733
521.033 0.747
521.84 0.807
522.63 0.79
523.436 0.806
524.215 0.779
524.956 0.741
525.713 0.757
526.471 0.758
527.208 0.737
527.894 0.686
528.583 0.689
529.288 0.705
530.022 0.734
530.742 0.72
531.49 0.748
532.232 0.742
532.938 0.706
533.639 0.701
534.346 0.707
535.057 0.711
535.774 0.717
536.524 0.75
537.256 0.732
537.941 0.685
538.626 0.685
539.318 0.692
540.005 0.687
540.687 0.682
541.38 0.693
542.05 0.67
542.7 0.65
543.342 0.642
543.991 0.649
544.647 0.656
545.305 0.658
545.974 0.669
546.664 0.69
547.394 0.73
548.154 0.76
548.915 0.761
549.696 0.781
550.429 0.733
551.159 0.73
551.883 0.724
552.616 0.733
553.311 0.695
554.006 0.695
554.729 0.723
555.47 0.741
556.228 0.758
556.969 0.741
557.672 0.703
558.363 0.691
559.083 0.72
559.881 0.798
560.648 0.767
561.376 0.728
562.085 0.709
562.806 0.721
563.549 0.743
564.282 0.733
565.002 0.72
565.702 0.7
566.383 0.681
567.056 0.673
567.756 0.7
568.485 0.729
569.204 0.719
569.909 0.705
570.595 0.686
571.29 0.695
571.993 0.703
572.701 0.708
573.378 0.677
574.047 0.669
574.715 0.668
575.4 0.685
576.094 0.694
576.794 0.7
577.482 0.688
578.165 0.683
578.839 0.674
579.549 0.71
580.274 0.725
580.996 0.722
581.708 0.712
582.403 0.695
583.112 0.709
583.828 0.716
584.534 0.706
585.231 0.697
585.935 0.704
586.67 0.735
587.413 0.743
588.124 0.711
588.812 0.688
589.508 0.696
590.199 0.691
590.907 0.708
591.605 0.698
592.284 0.679
592.96 0.676
593.633 0.673
594.324 0.691
595.008 0.684
595.659 0.651
596.293 0.634
596.905 0.612
597.508 0.603
598.095 0.587
598.68 0.585
599.266 0.586
599.862 0.596
600.472 0.61