0.000 1.01
1.01 1.01
1.958 0.948
2.938 0.98
3.918 0.98
4.843 0.925
5.81 0.967
6.744 0.934
7.652 0.908
8.578 0.926
9.457 0.879
10.318 0.861
11.212 0.894
12.056 0.844
12.894 0.838
13.715 0.821
14.549 0.834
15.431 0.882
16.318 0.887
17.229 0.911
18.101 0.872
18.913 0.812
19.767 0.854
20.611 0.844
21.447 0.836
22.279 0.832
23.125 0.846
23.956 0.831
24.712 0.756
25.443 0.731
26.189 0.746
26.971 0.782
27.808 0.837
28.662 0.854
29.581 0.919
30.518 0.937
31.441 0.923
32.386 0.945
33.365 0.979
34.234 0.869
35.12 0.886
35.992 0.872
36.872 0.88
37.756 0.884
38.607 0.851
39.547 0.94
40.501 0.954
41.394 0.893
42.34 0.946
43.26 0.92
44.234 0.974
45.234 1.0
46.214 0.98
47.14 0.926
48.027 0.887
48.891 0.864
49.715 0.824
50.513 0.798
51.293 0.78
52.088 0.795
52.931 0.843
54.684 1.753
55.566 0.882
56.422 0.856
57.272 0.85
58.136 0.864
58.966 0.83
59.779 0.813
60.611 0.832
61.471 0.86
62.376 0.905
63.248 0.872
64.108 0.86
64.952 0.844
65.83 0.878
66.783 0.953
67.734 0.951
68.677 0.943
69.62 0.943
70.542 0.922
71.55 1.008
72.586 1.036
73.564 0.978
74.551 0.987
75.533 0.982
76.476 0.943
77.415 0.939
78.363 0.948
79.295 0.932
80.182 0.887
81.131 0.949
82.122 0.991
83.133 1.011
84.06 0.927
85.028 0.968
86.006 0.978
86.98 0.974
87.921 0.941
88.801 0.88
89.673 0.872
90.578 0.905
91.501 0.923
92.368 0.867
93.294 0.926
94.269 0.975
95.305 1.036
96.464 1.159
97.607 1.143
98.677 1.07
99.772 1.095
100.833 1.061
101.865 1.032
102.906 1.041
103.898 0.992
104.831 0.933
105.812 0.981
106.854 1.042
107.859 1.005
108.848 0.989
109.889 1.041
110.974 1.085
112.015 1.041
112.975 0.96
113.95 0.975
114.871 0.921
115.735 0.864
116.614 0.879
117.523 0.909
118.445 0.922
119.328 0.883
120.176 0.848
121.047 0.871
121.974 0.927
122.93 0.956
123.887 0.957
124.77 0.883
125.666 0.896
126.591 0.925
127.556 0.965
128.486 0.93
129.472 0.986
130.489 1.017
131.492 1.003
132.453 0.961
133.428 0.975
134.399 0.971
135.34 0.941
136.318 0.978
137.299 0.981
138.261 0.962
139.183 0.922
140.123 0.94
141.083 0.96
142.05 0.967
143.007 0.957
143.984 0.977
144.998 1.014
145.95 0.952
146.915 0.965
147.877 0.962
148.803 0.926
149.652 0.849
150.546 0.894
151.555 1.009
152.626 1.071
153.631 1.005
154.685 1.054
155.741 1.056
156.747 1.006
157.752 1.005
158.786 1.034
159.822 1.036
160.822 1.0
161.834 1.012
162.869 1.035
163.913 1.044
164.908 0.995
165.935 1.027
166.957 1.022
167.884 0.927
168.831 0.947
169.788 0.957
170.762 0.974
171.675 0.913
172.612 0.937
173.593 0.981
174.544 0.951
175.488 0.944
176.426 0.938
177.356 0.93
178.349 0.993
179.285 0.936
180.181 0.896
181.097 0.916
182.027 0.93
182.906 0.879
183.829 0.923
184.741 0.912
185.673 0.932
186.637 0.964
187.601 0.964
188.572 0.971
189.514 0.942
190.421 0.907
191.371 0.95
192.332 0.961
193.3 0.968
194.261 0.961
195.21 0.949
196.121 0.911
197.073 0.952
198.029 0.956
199.003 0.974
199.928 0.925
200.927 0.999
201.953 1.026
202.984 1.031
204.006 1.022
204.987 0.981
205.858 0.871
206.737 0.879
207.648 0.911
208.593 0.945
209.523 0.93
210.399 0.876
211.306 0.907
212.213 0.907
213.091 0.878
214.04 0.949
215.039 0.999
216.031 0.992
217.036 1.005
218.011 0.975
218.882 0.871
219.762 0.88
220.67 0.908
221.585 0.915
222.474 0.889
223.389 0.915
224.321 0.932
225.27 0.949
226.239 0.969
227.199 0.96
228.145 0.946
229.05 0.905
229.949 0.899
230.854 0.905
231.727 0.873
232.671 0.944
233.638 0.967
234.593 0.955
235.601 1.008
236.623 1.022
237.592 0.969
238.633 1.041
239.685 1.052
240.686 1.001
241.67 0.984
242.541 0.871
243.421 0.88
244.292 0.871
245.157 0.865
246.03 0.873
246.847 0.817
247.709 0.862
248.602 0.893
249.529 0.927
250.448 0.919
251.412 0.964
252.379 0.967
253.343 0.964
254.246 0.903
255.181 0.935
256.134 0.953
257.058 0.924
257.914 0.856
258.785 0.871
259.72 0.935
260.677 0.957
261.587 0.91
262.505 0.918
263.441 0.936
264.355 0.914
265.273 0.918
266.191 0.918
267.081 0.89
267.975 0.894
268.892 0.917
269.802 0.91
270.77 0.968
271.771 1.001
272.702 0.931
273.681 0.979
274.692 1.011
275.714 1.022
276.73 1.016
277.815 1.085
278.881 1.066
279.9 1.019
280.952 1.052
282.027 1.075
283.026 0.999
284.004 0.978
284.971 0.967
285.885 0.914
286.777 0.892
287.714 0.937
288.725 1.011
289.736 1.011
290.824 1.088
291.937 1.113
293.022 1.085
294.067 1.045
295.124 1.057
296.162 1.038
297.138 0.976
298.162 1.024
299.196 1.034
300.179 0.983
301.219 1.04
302.276 1.057
303.291 1.015
304.294 1.003
305.315 1.021
306.358 1.043
307.406 1.048
308.5 1.094
309.594 1.094
310.664 1.07
311.771 1.107
312.867 1.096
313.898 1.031
314.93 1.032
315.938 1.008
316.908 0.97
317.907 0.999
318.939 1.032
319.964 1.025
320.892 0.928
321.863 0.971
322.873 1.01
323.918 1.045
324.898 0.98
325.922 1.024
326.967 1.045
328.004 1.037
328.979 0.975
329.991 1.012
331.016 1.025
331.964 0.948
332.924 0.96
333.908 0.984
334.883 0.975
335.797 0.914
336.756 0.959
337.657 0.901
338.587 0.93
339.494 0.907
340.411 0.917
341.319 0.908
342.177 0.858
342.996 0.819
343.846 0.85
344.692 0.846
345.512 0.82
346.344 0.832
347.151 0.807
347.927 0.776
348.741 0.814
349.56 0.819
350.388 0.828
351.202 0.814
352.062 0.86
352.951 0.889
353.871 0.92
354.785 0.914
355.738 0.953
356.694 0.956
357.602 0.908
358.537 0.935
359.486 0.949
360.44 0.954
361.345 0.905
362.27 0.925
363.228 0.958
364.206 0.978
365.124 0.918
366.071 0.947
366.982 0.911
367.841 0.859
368.699 0.858
369.558 0.859
370.438 0.88
371.282 0.844
372.149 0.867
373.047 0.898
373.969 0.922
374.826 0.857
375.694 0.868
376.539 0.845
377.359 0.82
378.208 0.849
379.019 0.811
379.823 0.804
380.689 0.866
381.623 0.934
382.597 0.974
383.576 0.979
384.544 0.968
385.572 1.028
386.625 1.053
387.663 1.038
388.58 0.917
389.487 0.907
390.402 0.915
391.35 0.948
392.326 0.976
393.274 0.948
394.264 0.99
395.258 0.994
396.177 0.919
397.136 0.959
398.113 0.977
398.988 0.875
399.884 0.896
400.835 0.951
401.837 1.002
402.778 0.941
403.759 0.981
404.753 0.994
405.709 0.956
406.636 0.927
407.585 0.949
408.537 0.952
409.459 0.922
410.378 0.919
411.331 0.953
412.317 0.986
413.289 0.972
414.292 1.003
415.334 1.042
416.386 1.052
417.364 0.978
418.347 0.983
419.354 1.007
420.38 1.026
421.35 0.97
422.357 1.007
423.388 1.031
424.379 0.991
425.341 0.962
426.348 1.007
427.352 1.004
428.262 0.91
429.098 0.836
429.949 0.851
430.856 0.907
431.821 0.965
432.855 1.034
433.926 1.071
434.998 1.072
436.037 1.039
437.08 1.043
438.118 1.038
439.152 1.034
440.195 1.043
441.22 1.025
442.155 0.935
443.111 0.956
444.084 0.973
445.048 0.964
445.977 0.929
446.932 0.955
447.901 0.969
448.893 0.992
449.835 0.942
450.805 0.97
451.805 1.0
452.817 1.012
453.797 0.98
454.791 0.994
455.757 0.966
456.641 0.884
457.542 0.901
458.459 0.917
459.395 0.936
460.294 0.899
461.181 0.887
462.08 0.899
462.96 0.88
463.9 0.94
464.851 0.951
465.773 0.922
466.685 0.912
467.603 0.918
468.522 0.919
469.407 0.885
470.309 0.902
471.227 0.918
472.162 0.935
473.054 0.892
473.976 0.922
474.902 0.926
475.787 0.885
476.726 0.939
477.673 0.947
478.587 0.914
479.497 0.91
480.428 0.931
481.391 0.963
482.322 0.931
483.278 0.956
484.236 0.958
485.198 0.962
486.135 0.937
487.085 0.95
488.048 0.963
488.97 0.922
489.931 0.961
490.893 0.962
491.788 0.895
492.691 0.903
493.617 0.926
494.583 0.966
495.517 0.934
496.504 0.987
497.534 1.03
498.553 1.019
499.474 0.921
500.411 0.937
501.302 0.891
502.123 0.821
502.978 0.855
503.859 0.881
504.772 0.913
505.679 0.907
506.644 0.965
507.621 0.977
508.528 0.907
509.471 0.943
510.419 0.948
511.304 0.885
512.203 0.899
513.128 0.925
514.063 0.935
514.939 0.876
515.86 0.921
516.795 0.935
517.705 0.91
518.616 0.911
519.533 0.917
520.494 0.961
521.418 0.924
522.38 0.962
523.313 0.933
524.238 0.925
525.115 0.877
525.96 0.845
526.814 0.854
527.645 0.831
528.507 0.862
529.418 0.911
530.36 0.942
531.268 0.908
532.198 0.93
533.172 0.974
534.161 0.989
535.116 0.955
536.12 1.004
537.162 1.042
538.177 1.015
539.195 1.018
540.24 1.045
541.277 1.037
542.266 0.989
543.304 1.038
544.375 1.071
545.334 0.959
546.316 0.982
547.301 0.985
548.303 1.002
549.279 0.976
550.318 1.039
551.355 1.037
552.332 0.977
553.336 1.004
554.333 0.997
555.263 0.93
556.198 0.935
557.146 0.948
558.054 0.908
558.982 0.928
559.954 0.972
560.951 0.997
561.864 0.913
562.827 0.963
563.818 0.991
564.771 0.953
565.718 0.947
566.693 0.975
567.676 0.983
568.62 0.944
569.591 0.971
570.547 0.956
571.446 0.899
572.319 0.873
573.17 0.851
574.068 0.898
575.062 0.994
576.068 1.006
577.045 0.977
578.064 1.019
579.087 1.023
580.047 0.96
581.023 0.976
582.011 0.988
582.995 0.984
583.958 0.963
584.948 0.99
585.945 0.997
586.902 0.957
587.875 0.973
588.861 0.986
589.851 0.99
590.806 0.955
591.803 0.997
592.826 1.023
593.773 0.947
594.714 0.941
595.618 0.904
596.476 0.858
597.307 0.831
598.172 0.865
599.078 0.906
599.999 0.921
600.905 0.906
601.851 0.946
602.823 0.972
603.73 0.907
604.623 0.893
605.494 0.871
606.317 0.823
607.092 0.775
607.9 0.808
608.719 0.819
609.568 0.849
610.4 0.832
611.268 0.868
612.15 0.882