0.000 0.781
0.781 0.781
1.565 0.784
2.383 0.818
3.167 0.784
3.986 0.819
4.876 0.89
5.795 0.919
6.691 0.896
7.588 0.897
8.496 0.908
9.391 0.895
10.268 0.877
11.102 0.834
11.902 0.8
12.714 0.812
13.494 0.78
14.257 0.763
15.03 0.773
15.847 0.817
16.687 0.84
17.525 0.838
18.408 0.883
19.31 0.902
20.205 0.895
21.059 0.854
21.918 0.859
22.755 0.837
23.538 0.783
24.33 0.792
25.14 0.81
25.914 0.774
26.717 0.803
27.503 0.786
28.268 0.765
29.049 0.781
29.858 0.809
30.683 0.825
31.479 0.796
32.28 0.801
33.077 0.797
33.877 0.8
34.683 0.806
35.505 0.822
36.351 0.846
37.173 0.822
38.029 0.856
38.888 0.859
39.733 0.845
40.587 0.854
41.442 0.855
42.283 0.841
43.119 0.836
43.927 0.808
44.754 0.827
45.599 0.845
46.419 0.82
47.21 0.791
47.986 0.776
48.725 0.739
49.453 0.728
50.188 0.735
50.928 0.74
51.648 0.72
52.386 0.738
53.192 0.806
54.014 0.822
54.845 0.831
55.657 0.812
56.476 0.819
57.247 0.771
57.988 0.741
58.696 0.708
59.386 0.69
60.056 0.67
60.727 0.671
61.418 0.691
62.143 0.725
62.915 0.772
63.695 0.78
64.493 0.798
65.267 0.774
66.028 0.761
66.757 0.729
67.494 0.737
68.238 0.744
68.973 0.735
69.664 0.691
70.339 0.675
70.995 0.656
71.641 0.646
72.265 0.624
72.877 0.612
73.484 0.607
74.085 0.601
74.689 0.604
75.335 0.646
76.098 0.763
76.933 0.835
77.773 0.84
78.606 0.833
79.425 0.819
80.248 0.823
81.06 0.812
81.816 0.756
82.565 0.749
83.281 0.716
83.974 0.693
84.666 0.692
85.387 0.721
86.107 0.72
86.846 0.739
87.438 0.592
88.277 0.839
89.011 0.734
89.753 0.742
90.484 0.731
90.747 0.263
91.252 0.505
92.027 0.775
92.389 0.362
92.833 0.444
93.625 0.792
93.914 0.289
94.408 0.494
95.168 0.76
95.903 0.735
96.613 0.71
97.325 0.712
98.036 0.711
98.738 0.702
99.424 0.686
100.127 0.703
100.844 0.717
101.601 0.757
102.429 0.828
103.313 0.884
104.197 0.884
105.075 0.878
105.921 0.846
106.752 0.831
107.555 0.803
108.367 0.812
109.178 0.811
109.996 0.818
110.747 0.751
111.483 0.736
112.215 0.732
112.965 0.75
113.729 0.764
114.496 0.767
115.273 0.777
116.028 0.755
116.777 0.749
117.537 0.76
118.302 0.765
119.083 0.781
119.885 0.802
120.696 0.811
121.47 0.774
122.254 0.784
123.006 0.752
123.766 0.76
124.526 0.76
125.277 0.751
126.055 0.778
126.815 0.76
127.544 0.729
128.253 0.709
128.953 0.7
129.648 0.695
130.373 0.725
131.116 0.743
131.845 0.729
132.638 0.793
133.433 0.795
134.254 0.821
135.075 0.821
135.89 0.815
136.678 0.788
137.451 0.773
138.215 0.764
138.982 0.767
139.761 0.779
140.541 0.78
141.355 0.814
142.201 0.846
143.063 0.862
143.916 0.853
144.788 0.872
145.655 0.867
146.499 0.844
147.351 0.852
148.158 0.807
149.001 0.843
149.819 0.818
150.613 0.794
151.365 0.752
152.119 0.754
152.859 0.74
153.583 0.724
154.333 0.75
155.122 0.789
155.965 0.843
156.832 0.867
157.676 0.844
158.527 0.851
159.381 0.854
160.204 0.823
161.03 0.826
161.85 0.82
162.651 0.801
163.42 0.769
164.202 0.782
164.995 0.793
165.797 0.802
166.564 0.767
167.328 0.764
168.091 0.763
168.87 0.779
169.67 0.8
170.446 0.776
171.189 0.743
171.91 0.721
172.601 0.691
173.287 0.686
173.956 0.669
174.618 0.662
175.294 0.676
176.008 0.714
176.78 0.772
177.562 0.782
178.374 0.812
179.166 0.792
179.928 0.762
180.698 0.77
181.469 0.771
182.226 0.757
182.995 0.769
183.773 0.778
184.564 0.791
185.379 0.815
186.201 0.822
187.005 0.804
187.815 0.81
188.65 0.835
189.472 0.822
190.274 0.802
191.078 0.804
191.894 0.816
192.735 0.841
193.572 0.837
194.424 0.852
195.293 0.869
196.158 0.865
197.032 0.874
197.905 0.873
198.762 0.857
199.597 0.835
200.409 0.812
201.208 0.799
202.01 0.802
202.792 0.782
203.557 0.765
204.321 0.764
205.076 0.755
205.8 0.724
206.517 0.717
207.223 0.706
207.929 0.706
208.627 0.698
209.323 0.696
209.996 0.673
210.656 0.66
211.314 0.658
211.981 0.667
212.652 0.671
213.336 0.684
214.029 0.693
214.72 0.691
215.404 0.684
216.088 0.684
216.758 0.67
217.424 0.666
218.069 0.645
218.707 0.638
219.337 0.63
219.971 0.634
220.625 0.654
221.335 0.71
222.106 0.771
222.932 0.826
223.791 0.859
224.645 0.854
225.476 0.831
226.28 0.804
227.072 0.792
227.85 0.778
228.63 0.78
229.425 0.795
230.238 0.813
231.043 0.805
231.82 0.777
232.573 0.753
233.337 0.764
234.089 0.752
234.812 0.723
235.25 0.438
236.182 0.932
236.912 0.73
237.695 0.783
238.523 0.828
239.385 0.862
240.222 0.837
241.047 0.825
241.863 0.816
242.685 0.822
243.528 0.843
244.35 0.822
245.14 0.79
245.931 0.791
246.704 0.773
247.48 0.776
248.284 0.804
249.126 0.842
249.967 0.841
250.79 0.823
251.59 0.8
252.362 0.772
253.117 0.755
253.887 0.77
254.671 0.784
255.476 0.805
256.314 0.838
257.174 0.86
258.002 0.828
258.833 0.831
259.664 0.831
260.487 0.823
261.287 0.8
262.087 0.8
262.902 0.815
263.748 0.846
264.58 0.832
265.412 0.832
266.237 0.825
267.057 0.82
267.863 0.806
268.659 0.796
269.445 0.786
270.235 0.79
271.042 0.807
271.875 0.833
272.7 0.825
273.496 0.796
274.282 0.786
275.076 0.794
275.856 0.78
276.622 0.766
277.354 0.732
278.056 0.702
278.729 0.673
279.371 0.642
279.989 0.618
280.589 0.6
281.181 0.592
281.778 0.597
282.41 0.632
283.068 0.658
283.786 0.718
284.507 0.721
285.204 0.697
285.904 0.7
286.61 0.706
287.34 0.73
288.116 0.776
288.949 0.833
289.788 0.839
290.631 0.843
291.427 0.796
292.227 0.8
293.012 0.785
293.807 0.795
294.59 0.783
295.384 0.794
296.181 0.797
296.947 0.766
297.691 0.744
298.434 0.743
299.183 0.749
299.923 0.74
300.658 0.735
301.411 0.753
302.169 0.758
302.911 0.742
303.652 0.741
304.366 0.714
305.101 0.735
305.832 0.731
306.605 0.773
307.404 0.799
308.238 0.834
309.074 0.836
309.911 0.837
310.711 0.8
311.485 0.774
312.205 0.72
312.884 0.679
313.545 0.661
314.215 0.67
314.905 0.69
315.644 0.739
316.415 0.771
317.235 0.82
318.075 0.84
318.912 0.837
319.727 0.815
320.502 0.775
321.241 0.739
321.952 0.711
322.663 0.711
323.383 0.72
324.131 0.748
324.899 0.768
325.684 0.785
326.463 0.779
327.277 0.814
328.118 0.841
328.968 0.85
329.825 0.857
330.653 0.828
331.473 0.82
332.28 0.807
333.077 0.797
333.867 0.79
334.663 0.796
335.436 0.773
336.233 0.797
337.047 0.814
337.849 0.802
338.664 0.815
339.477 0.813
340.318 0.841
341.154 0.836
341.96 0.806
342.788 0.828
343.595 0.807
344.394 0.799
345.176 0.782
345.972 0.796
346.766 0.794
347.543 0.777
348.311 0.768
349.067 0.756
349.839 0.772
350.636 0.797
351.455 0.819
352.267 0.812
353.066 0.799
353.81 0.744
354.517 0.707
355.202 0.685
355.872 0.67
356.53 0.658
357.18 0.65
357.825 0.645
358.466 0.641
359.11 0.644
359.755 0.645
360.399 0.644
361.04 0.641
361.681 0.641
362.318 0.637
362.952 0.634
363.584 0.632
364.217 0.633
364.841 0.624
365.468 0.627
366.084 0.616
366.706 0.622
367.364 0.658
368.056 0.692
368.78 0.724
369.547 0.767
370.354 0.807
371.2 0.846
372.049 0.849
372.915 0.866
373.804 0.889
374.649 0.845
375.454 0.805
376.239 0.785
377.032 0.793
377.832 0.8
378.626 0.794
379.401 0.775
380.178 0.777
380.965 0.787
381.718 0.753
382.488 0.77
383.254 0.766
384.022 0.768
384.772 0.75
385.518 0.746
386.291 0.773
387.118 0.827
387.981 0.863
388.852 0.871
389.667 0.815
390.468 0.801
391.278 0.81
392.108 0.83
392.951 0.843
393.773 0.822
394.61 0.837
395.469 0.859
396.311 0.842
397.121 0.81
397.932 0.811
398.728 0.796
399.498 0.77
400.252 0.754
400.98 0.728
401.696 0.716
402.423 0.727
403.166 0.743
403.92 0.754
404.669 0.749
405.399 0.73
406.102 0.703
406.807 0.705
407.532 0.725
408.259 0.727
409.034 0.775
409.802 0.768
410.55 0.748
411.29 0.74
412.02 0.73
412.738 0.718
413.451 0.713
414.189 0.738
414.954 0.765
415.713 0.759
416.472 0.759
417.226 0.754
417.988 0.762
418.77 0.782
419.573 0.803
420.366 0.793
421.146 0.78
421.886 0.74
422.629 0.743
423.368 0.739
424.121 0.753
424.883 0.762
425.655 0.772
426.399 0.744
427.15 0.751
427.902 0.752
428.606 0.704
429.308 0.702
430.013 0.705
430.714 0.701
431.433 0.719
432.193 0.76
433.006 0.813
433.824 0.818
434.648 0.824
435.489 0.841
436.333 0.844
437.133 0.8
437.918 0.785
438.709 0.791
439.498 0.789
440.293 0.795
441.064 0.771
441.837 0.773
442.626 0.789
443.433 0.807
444.21 0.777
444.99 0.78
445.781 0.791
446.589 0.808
447.382 0.793
448.167 0.785
448.95 0.783
449.757 0.807
450.555 0.798
451.368 0.813
452.188 0.82
453.008 0.82
453.793 0.785
454.575 0.782
455.364 0.789
456.141 0.777
456.883 0.742
457.601 0.718
458.323 0.722
459.05 0.727
459.765 0.715
460.464 0.699
461.157 0.693
461.898 0.741
462.666 0.768
463.435 0.769
464.205 0.77
464.975 0.77
465.733 0.758
466.445 0.712
467.12 0.675
467.761 0.641
468.384 0.623
468.988 0.604
469.589 0.601
470.186 0.597
470.796 0.61
471.098 0.302
471.424 0.326
472.062 0.638
472.726 0.664
473.442 0.716
474.15 0.708
474.849 0.699
475.56 0.711
476.286 0.726
477.002 0.716
477.745 0.743
478.498 0.753
479.289 0.791
480.115 0.826
480.914 0.799
481.684 0.77
482.412 0.728
483.134 0.722
483.864 0.73
484.589 0.725
485.312 0.723
486.058 0.746
486.846 0.788
487.664 0.818
488.486 0.822
489.276 0.79
490.044 0.768
490.794 0.75
491.509 0.715
492.211 0.702
492.93 0.719
493.679 0.749
494.44 0.761
495.211 0.771
495.969 0.758
496.686 0.717
497.42 0.734
498.161 0.741
498.935 0.774
499.743 0.808
500.581 0.838
501.432 0.851
502.27 0.838
503.123 0.853
503.95 0.827
504.74 0.79
505.531 0.791
506.316 0.785
507.102 0.786
507.912 0.81
508.715 0.803
509.544 0.829
510.394 0.85
511.254 0.86
512.119 0.865
512.959 0.84
513.774 0.815
514.58 0.806
515.383 0.803
516.167 0.784
516.941 0.774
517.733 0.792
518.52 0.787
519.305 0.785
520.133 0.828
520.971 0.838
521.767 0.796
522.521 0.754
523.27 0.749
524.026 0.756
524.791 0.765
525.554 0.763
526.302 0.748
527.066 0.764
527.863 0.797
528.691 0.828
529.497 0.806
530.324 0.827
531.16 0.836
531.976 0.816
532.797 0.821
533.616 0.819
534.413 0.797
535.18 0.767
535.967 0.787
536.76 0.793
537.549 0.789
538.375 0.826
539.211 0.836
540.074 0.863
540.945 0.871
541.792 0.847
542.636 0.844
543.48 0.844
544.28 0.8
545.079 0.799
545.872 0.793
546.655 0.783
547.446 0.791
548.245 0.799
549.033 0.788
549.827 0.794
550.636 0.809
551.448 0.812
552.223 0.775
553.007 0.784
553.762 0.755
554.489 0.727
555.232 0.743
555.973 0.741
556.737 0.764
557.497 0.76
558.255 0.758
559.026 0.771
559.762 0.736
560.477 0.715
560.766 0.289
561.019 0.253
561.908 0.889
562.611 0.703
563.284 0.673
563.938 0.654
564.573 0.635
565.197 0.624
565.805 0.608
566.407 0.602
567.005 0.598
567.618 0.613
568.222 0.604
568.831 0.609
569.486 0.655
570.132 0.646
570.817 0.685
571.515 0.698
572.204 0.689
572.903 0.699
573.618 0.715
574.351 0.733
575.151 0.8
575.981 0.83
576.77 0.789
577.559 0.789
578.311 0.752
579.025 0.714
579.737 0.712
580.476 0.739
581.216 0.74
581.944 0.728
582.686 0.742
583.479 0.793
584.303 0.824
585.132 0.829
585.94 0.808
586.769 0.829
587.625 0.856
588.485 0.86
589.333 0.848
590.193 0.86
591.056 0.863
591.887 0.831
592.72 0.833
593.558 0.838
594.385 0.827
595.183 0.798
595.996 0.813
596.826 0.83
597.684 0.858
598.52 0.836
599.361 0.841
600.211 0.85
601.047 0.836
601.851 0.804