0.000 0.869
0.869 0.869
1.688 0.819
2.507 0.819
3.327 0.82
4.14 0.813
4.963 0.823
5.786 0.823
6.663 0.877
7.514 0.851
8.312 0.798
9.049 0.737
9.788 0.739
10.488 0.7
11.163 0.675
11.822 0.659
12.519 0.697
13.244 0.725
13.956 0.712
14.691 0.735
15.454 0.763
16.204 0.75
16.961 0.757
17.782 0.821
18.625 0.843
19.439 0.814
20.3 0.861
21.163 0.863
21.973 0.81
22.838 0.865
23.757 0.919
24.646 0.889
25.525 0.879
26.459 0.934
27.389 0.93
28.268 0.879
29.172 0.904
30.07 0.898
30.922 0.852
31.737 0.815
32.604 0.867
33.502 0.898
34.373 0.871
35.215 0.842
36.132 0.917
37.064 0.932
38.052 0.988
39.0 0.948
39.937 0.937
40.792 0.855
41.672 0.88
42.527 0.855
43.412 0.885
44.291 0.879
45.13 0.839
46.007 0.877
46.931 0.924
47.821 0.89
48.763 0.942
49.683 0.92
50.545 0.862
51.461 0.916
52.369 0.908
53.224 0.855
54.143 0.919
55.058 0.915
55.988 0.93
56.921 0.933
57.902 0.981
58.829 0.927
59.639 0.81
60.489 0.85
61.287 0.798
62.044 0.757
62.797 0.753
63.539 0.742
64.342 0.803
65.177 0.835
66.008 0.831
66.811 0.803
67.641 0.83
68.493 0.852
69.352 0.859
70.175 0.823
71.006 0.831
71.879 0.873
72.777 0.898
73.667 0.89
74.58 0.913
75.386 0.806
76.155 0.769
76.964 0.809
77.769 0.805
78.512 0.743
79.268 0.756
80.012 0.744
80.76 0.748
81.503 0.743
82.281 0.778
83.094 0.813
83.948 0.854
84.797 0.849
85.628 0.831
86.416 0.788
87.192 0.776
87.971 0.779
88.789 0.818
89.687 0.898
90.593 0.906
91.516 0.923
92.485 0.969
93.414 0.929
94.333 0.919
95.26 0.927
96.148 0.888
96.986 0.838
97.817 0.831
98.743 0.926
99.746 1.003
100.685 0.939
101.56 0.875
102.404 0.844
103.373 0.969
104.279 0.906
105.153 0.874
105.972 0.819
106.836 0.864
107.778 0.942
108.709 0.931
109.606 0.897
110.576 0.97
111.537 0.961
112.446 0.909
113.411 0.965
114.333 0.922
115.189 0.856
116.1 0.911
117.04 0.94
117.964 0.924
118.881 0.917
119.796 0.915
120.682 0.886
121.536 0.854
122.37 0.834
123.253 0.883
124.171 0.918
125.027 0.856
125.911 0.884
126.831 0.92
127.683 0.852
128.501 0.818
129.316 0.815
130.2 0.884
131.081 0.881
131.932 0.851
132.756 0.824
133.64 0.884
134.574 0.934
135.46 0.886
136.306 0.846
137.156 0.85
138.02 0.864
138.882 0.862
139.699 0.817
140.553 0.854
141.464 0.911
142.436 0.972
143.39 0.954
144.451 1.061
145.487 1.036
146.427 0.94
147.37 0.943
148.288 0.918
149.215 0.927
150.068 0.853
150.893 0.825
151.767 0.874
152.661 0.894
153.529 0.868
154.384 0.855
155.295 0.911
156.239 0.944
157.142 0.903
158.005 0.863
158.892 0.887
159.804 0.912
160.696 0.892
161.608 0.912
162.555 0.947
163.463 0.908
164.344 0.881
165.255 0.911
166.212 0.957
167.102 0.89
167.951 0.849
168.832 0.881
169.725 0.893
170.561 0.836
171.4 0.839
172.306 0.906
173.263 0.957
174.152 0.889
175.019 0.867
175.936 0.917
176.827 0.891
177.691 0.864
178.529 0.838
179.344 0.815
180.149 0.805
180.998 0.849
181.862 0.864
182.695 0.833
183.592 0.897
184.479 0.887
185.317 0.838
186.178 0.861
187.054 0.876
187.919 0.865
188.74 0.821
189.572 0.832
190.406 0.834
191.211 0.805
191.995 0.784
192.789 0.794
193.631 0.842
194.473 0.842
195.29 0.817
196.129 0.839
197.0 0.871
197.894 0.894
198.743 0.849
199.575 0.832
200.395 0.82
201.246 0.851
202.121 0.875
202.944 0.823
203.708 0.764
204.475 0.767
205.261 0.786
206.073 0.812
206.92 0.847
207.752 0.832
208.578 0.826
209.387 0.809
210.16 0.773
210.939 0.779
211.708 0.769
212.473 0.765
213.223 0.75
213.971 0.748
214.728 0.757
215.533 0.805
216.387 0.854
217.249 0.862
218.054 0.805
218.829 0.775
219.595 0.766
220.34 0.745
221.068 0.728
221.77 0.702
222.456 0.686
223.13 0.674
223.801 0.671
224.482 0.681
225.177 0.695
225.886 0.709
226.598 0.712
227.313 0.715
228.028 0.715
228.772 0.744
229.551 0.779
230.391 0.84
231.231 0.84
232.175 0.944
233.211 1.036
234.22 1.009
235.151 0.931
236.105 0.954
237.093 0.988
238.012 0.919
238.91 0.898
239.852 0.942
240.811 0.959
241.739 0.928
242.727 0.988
243.701 0.974
244.597 0.896
245.469 0.872
246.358 0.889
247.258 0.9
248.109 0.851
248.976 0.867
249.889 0.913
250.792 0.903
251.653 0.861
252.564 0.911
253.461 0.897
254.306 0.845
255.125 0.819
255.956 0.831
256.818 0.862
257.67 0.852
258.503 0.833
259.364 0.861
260.28 0.916
261.179 0.899
262.043 0.864
262.936 0.893
263.857 0.921
264.757 0.9
265.641 0.884
266.519 0.878
267.41 0.891
268.24 0.83
269.091 0.851
269.972 0.881
270.844 0.872
271.706 0.862
272.597 0.891
273.501 0.904
274.376 0.875
275.225 0.849
276.093 0.868
276.972 0.879
277.802 0.83
278.611 0.809
279.471 0.86
280.346 0.875
281.226 0.88
282.074 0.848
282.965 0.891
283.856 0.891
284.744 0.888
285.577 0.833
286.411 0.834
287.203 0.792
287.953 0.75
288.699 0.746
289.444 0.745
290.205 0.761
290.998 0.793
291.834 0.836
292.699 0.865
293.559 0.86
294.396 0.837
295.196 0.8
296.015 0.819
296.842 0.827
297.678 0.836
298.5 0.822
299.294 0.794
300.071 0.777
300.862 0.791
301.679 0.817
302.508 0.829
303.331 0.823
304.157 0.826
305.004 0.847
305.843 0.839
306.639 0.796
307.42 0.781
308.21 0.79
309.01 0.8
309.796 0.786
310.571 0.775
311.361 0.79
312.166 0.805
312.99 0.824
313.814 0.824
314.653 0.839
315.506 0.853
316.356 0.85
317.166 0.81
317.987 0.821
318.828 0.841
319.661 0.833
320.468 0.807
321.278 0.81
322.105 0.827
322.94 0.835
323.762 0.822
324.607 0.845
325.481 0.874
326.334 0.853
327.18 0.846
328.014 0.834
328.828 0.814
329.633 0.805
330.451 0.818
331.278 0.827
332.088 0.81
332.905 0.817
333.74 0.835
334.572 0.832
335.38 0.808
336.206 0.826
337.05 0.844
337.882 0.832
338.692 0.81
339.527 0.835
340.381 0.854
341.221 0.84
342.03 0.809
342.855 0.825
343.689 0.834
344.505 0.816
345.302 0.797
346.112 0.81
346.946 0.834
347.773 0.827
348.591 0.818
349.418 0.827
350.243 0.825
351.039 0.796
351.823 0.784
352.607 0.784
353.387 0.78
354.164 0.777
354.952 0.788
355.748 0.796
356.546 0.798
357.342 0.796
358.166 0.824
358.988 0.822
359.796 0.808
360.602 0.806
361.42 0.818
362.273 0.853
363.135 0.862
363.966 0.831
364.826 0.86
365.656 0.83
366.508 0.852
367.37 0.862
368.222 0.852
369.05 0.828
369.884 0.834
370.702 0.818
371.486 0.784
372.268 0.782
373.031 0.763
373.814 0.783
374.562 0.748
375.322 0.76
376.078 0.756
376.828 0.75
377.598 0.77
378.389 0.791
379.177 0.788
379.966 0.789
380.781 0.815
381.592 0.811
382.394 0.802
383.213 0.819
384.026 0.813
384.865 0.839
385.732 0.867
386.545 0.813
387.308 0.763
388.058 0.75
388.805 0.747
389.57 0.765
390.366 0.796
391.191 0.825
391.995 0.804
392.813 0.818
393.649 0.836
394.471 0.822
395.275 0.804
396.11 0.835
397.014 0.904
397.895 0.881
398.743 0.848
399.631 0.888
400.512 0.881
401.342 0.83
402.171 0.829
403.016 0.845
403.863 0.847
404.679 0.816
405.557 0.878
406.461 0.904
407.357 0.896
408.219 0.862
409.094 0.875
409.992 0.898
410.858 0.866
411.7 0.842
412.577 0.877
413.474 0.897
414.327 0.853
415.18 0.853
416.069 0.889
416.943 0.874
417.807 0.864
418.731 0.924
419.641 0.91
420.502 0.861
421.374 0.872
422.235 0.861
423.057 0.822
423.87 0.813
424.702 0.832
425.546 0.844
426.382 0.836
427.199 0.817
428.021 0.822
428.867 0.846
429.717 0.85
430.545 0.828
431.444 0.899
432.344 0.9
433.216 0.872
434.099 0.883
435.008 0.909
435.864 0.856
436.717 0.853
437.564 0.847
438.386 0.822
439.194 0.808
440.01 0.816
440.833 0.823
441.62 0.787
442.397 0.777
443.197 0.8
444.014 0.817
444.844 0.83
445.694 0.85
446.588 0.894
447.475 0.887
448.348 0.873
449.219 0.871
450.043 0.824
450.839 0.796
451.641 0.802
452.456 0.815
453.282 0.826
454.087 0.805
454.922 0.835
455.773 0.851
456.572 0.799
457.393 0.821
458.229 0.836
459.053 0.824
459.889 0.836
460.744 0.855
461.594 0.85
462.402 0.808
463.23 0.828
464.058 0.828
464.879 0.821
465.687 0.808
466.522 0.835
467.361 0.839
468.19 0.829
469.067 0.877
469.95 0.883
470.79 0.84
471.625 0.835
472.461 0.836
473.271 0.81
474.059 0.788
474.865 0.806
475.674 0.809
476.465 0.791
477.252 0.787
478.053 0.801
478.88 0.827
479.696 0.816
480.567 0.871
481.444 0.877
482.279 0.835
483.126 0.847
483.971 0.845
484.779 0.808
485.572 0.793
486.384 0.812
487.194 0.81
488.01 0.816
488.831 0.821
489.683 0.852
490.526 0.843
491.356 0.83
492.209 0.853
493.08 0.871
493.922 0.842
494.747 0.825
495.582 0.835
496.421 0.839
497.215 0.794
498.022 0.807
498.832 0.81
499.615 0.783
500.346 0.731
501.083 0.737
501.868 0.785
502.69 0.822
503.497 0.807
504.331 0.834
505.174 0.843
505.992 0.818
506.786 0.794
507.577 0.791
508.381 0.804
509.177 0.796
509.96 0.783
510.761 0.801
511.592 0.831
512.434 0.842
513.243 0.809
514.083 0.84
514.943 0.86
515.759 0.816
516.579 0.82
517.398 0.819
518.209 0.811
519.003 0.794
519.812 0.809
520.638 0.826
521.457 0.819
522.267 0.81
523.098 0.831
523.95 0.852
524.789 0.839
525.651 0.862
526.53 0.879
527.398 0.868
528.245 0.847
529.13 0.885
530.014 0.884
530.88 0.866
531.754 0.874
532.631 0.877
533.487 0.856
534.337 0.85
535.182 0.845
536.033 0.851
536.862 0.829
537.695 0.833
538.537 0.842
539.364 0.827
540.177 0.813
541.004 0.827
541.854 0.85
542.662 0.808
543.484 0.822
544.383 0.899
545.315 0.932
546.208 0.893
547.095 0.887
547.977 0.882
548.803 0.826
549.603 0.8
550.444 0.841
551.297 0.853
552.123 0.826
552.89 0.767
553.664 0.774
554.478 0.814
555.313 0.835
556.136 0.823
556.968 0.832
557.834 0.866
558.688 0.854
559.514 0.826
560.298 0.784
561.119 0.821
561.92 0.801
562.71 0.79
563.483 0.773
564.235 0.752
564.984 0.749
565.748 0.764
566.499 0.751
567.264 0.765
568.046 0.782
568.829 0.783
569.592 0.763
570.374 0.782
571.168 0.794
571.967 0.799
572.745 0.778
573.52 0.775
574.3 0.78
575.09 0.79
575.876 0.786
576.685 0.809
577.523 0.838
578.401 0.878
579.261 0.86
580.172 0.911
581.118 0.946
582.013 0.895
582.883 0.87
583.781 0.898
584.684 0.903
585.568 0.884
586.441 0.873
587.327 0.886
588.222 0.895
589.101 0.879
589.954 0.853
590.825 0.871
591.726 0.901
592.618 0.892
593.496 0.878
594.395 0.899
595.317 0.922
596.193 0.876
597.076 0.883
597.928 0.852
598.737 0.809