0.000 0.666
0.666 0.666
1.723 1.057
2.494 0.771
3.264 0.77
4.034 0.77
4.81 0.776
5.593 0.783
6.371 0.778
7.148 0.777
7.953 0.805
8.777 0.824
9.296 0.519
10.372 1.076
11.269 0.897
12.147 0.878
13.012 0.865
13.811 0.799
14.622 0.811
15.426 0.804
16.237 0.811
17.024 0.787
17.753 0.729
18.481 0.728
19.178 0.697
19.887 0.709
20.6 0.713
21.321 0.721
22.07 0.749
22.824 0.754
23.568 0.744
24.023 0.455
24.992 0.969
25.7 0.708
26.164 0.464
26.579 0.415
27.783 1.204
28.44 0.657
29.096 0.656
29.75 0.654
30.422 0.672
31.127 0.705
31.837 0.71
32.534 0.697
32.988 0.454
33.894 0.906
34.585 0.691
35.282 0.697
36.008 0.726
36.769 0.761
37.596 0.827
38.472 0.876
39.377 0.905
40.262 0.885
41.129 0.867
42.011 0.882
42.89 0.879
43.775 0.885
44.637 0.862
45.107 0.47
46.175 1.068
47.002 0.827
47.809 0.807
48.594 0.785
49.403 0.809
50.236 0.833
51.11 0.874
51.981 0.871
52.891 0.91
53.813 0.922
54.696 0.883
55.233 0.537
56.349 1.116
57.251 0.902
58.11 0.859
58.916 0.806
59.743 0.827
60.596 0.853
61.472 0.876
61.993 0.521
63.079 1.086
63.972 0.893
64.811 0.839
65.612 0.801
66.432 0.82
67.28 0.848
68.104 0.824
68.582 0.478
69.637 1.055
70.49 0.853
71.309 0.819
72.159 0.85
73.033 0.874
73.54 0.507
74.621 1.081
75.518 0.897
76.375 0.857
77.255 0.88
78.154 0.899
79.04 0.886
79.917 0.877
80.802 0.885
81.677 0.875
82.519 0.842
83.374 0.855
84.228 0.854
85.068 0.84
85.854 0.786
86.337 0.483
87.371 1.034
88.184 0.813
88.947 0.763
89.675 0.728
90.39 0.715
91.1 0.71
91.857 0.757
92.659 0.802
93.439 0.78
94.158 0.719
94.431 0.273
95.135 0.704
95.991 0.856
96.854 0.863
97.709 0.855
98.573 0.864
99.404 0.831
100.214 0.81
100.996 0.782
101.749 0.753
102.499 0.75
102.966 0.467
103.94 0.974
104.649 0.709
105.357 0.708
106.061 0.704
106.8 0.739
107.298 0.498
108.313 1.015
109.132 0.819
109.996 0.864
110.878 0.882
111.75 0.872
112.641 0.891
113.544 0.903
114.423 0.879
115.311 0.888
115.861 0.55
116.571 0.71
116.963 0.392
117.83 0.867
118.689 0.859
119.542 0.853
119.961 0.419
120.339 0.378
121.108 0.769
121.89 0.782
122.695 0.805
123.117 0.422
124.223 1.106
125.036 0.813
125.846 0.81
126.169 0.323
126.619 0.45
127.414 0.795
128.232 0.818
129.076 0.844
129.417 0.341
129.908 0.491
130.762 0.854
131.619 0.857
132.441 0.822
133.27 0.829
134.094 0.824
134.901 0.807
135.71 0.809
136.519 0.809
137.317 0.798
137.789 0.472
138.819 1.03
139.485 0.666
139.859 0.374
140.373 0.514
140.767 0.394
141.144 0.377
141.922 0.778
142.236 0.314
142.704 0.468
143.487 0.783
143.971 0.484
145.012 1.041
145.814 0.802
146.557 0.743
147.302 0.745
148.055 0.753
148.533 0.478
149.556 1.023
150.353 0.797
151.166 0.813
151.995 0.829
152.825 0.83
153.642 0.817
154.478 0.836
155.332 0.854
156.16 0.828
156.776 0.616
157.854 1.078
158.67 0.816
159.471 0.801
160.276 0.805
161.071 0.795
161.849 0.778
162.646 0.797
163.452 0.806
164.258 0.806
165.056 0.798
165.878 0.822
166.706 0.828
167.52 0.814
168.347 0.827
169.172 0.825
169.973 0.801
170.776 0.803
171.367 0.591
172.439 1.072
173.222 0.783
173.953 0.731
174.647 0.694
175.336 0.689
176.03 0.694
176.78 0.75
177.607 0.827
178.468 0.861
179.308 0.84
180.172 0.864
181.048 0.876
181.928 0.88
182.764 0.836
183.585 0.821
184.398 0.813
185.208 0.81
186.001 0.793
186.806 0.805
187.607 0.801
188.414 0.807
189.216 0.802
190.033 0.817
190.868 0.835
191.681 0.813
192.499 0.818
193.309 0.81
194.1 0.791
194.88 0.78
195.671 0.791
196.476 0.805
197.269 0.793
198.062 0.793
198.85 0.788
199.629 0.779
200.382 0.753
200.986 0.604
201.929 0.943
202.706 0.777
203.493 0.787
204.269 0.776
205.059 0.79
205.867 0.808
206.645 0.778
207.434 0.789
208.232 0.798
209.03 0.798
209.5 0.47
210.525 1.025
211.322 0.797
212.082 0.76
212.811 0.729
213.527 0.716
214.228 0.701
214.943 0.715
215.682 0.739
216.468 0.786
217.281 0.813
218.07 0.789
218.867 0.797
219.681 0.814
220.484 0.803
221.287 0.803
222.074 0.787
222.892 0.818
223.728 0.836
224.536 0.808
225.321 0.785
226.101 0.78
226.878 0.777
227.626 0.748
228.393 0.767
229.183 0.79
229.973 0.79
230.81 0.837
231.616 0.806
232.434 0.818
233.245 0.811
234.044 0.799
234.837 0.793
235.622 0.785
236.427 0.805
237.189 0.762
237.957 0.768
238.724 0.767
239.491 0.767
240.257 0.766
241.0 0.743
241.737 0.737
242.483 0.746
243.251 0.768
244.004 0.753
244.732 0.728
245.46 0.728
246.187 0.727
246.933 0.746
247.685 0.752
248.484 0.799
249.289 0.805
250.092 0.803
250.868 0.776
251.654 0.786
252.456 0.802
253.272 0.816
254.06 0.788
254.855 0.795
255.646 0.791
256.446 0.8
257.233 0.787
258.043 0.81
258.851 0.808
259.673 0.822
260.474 0.801
261.284 0.81
262.1 0.816
262.905 0.805
263.376 0.471
264.393 1.017
265.154 0.761
265.611 0.457
266.606 0.995
267.338 0.732
268.089 0.751
268.843 0.754
269.632 0.789
270.474 0.842
271.358 0.884
272.211 0.853
273.087 0.876
273.982 0.895
274.859 0.877
275.73 0.871
276.602 0.872
277.463 0.861
278.293 0.83
279.124 0.831
279.936 0.812
280.703 0.767
281.415 0.712
281.843 0.428
282.131 0.288
282.39 0.259
283.517 1.127
284.196 0.679
284.87 0.674
285.545 0.675
286.216 0.671
286.877 0.661
287.53 0.653
288.187 0.657
288.853 0.666
289.534 0.681
290.226 0.692
290.678 0.452
291.589 0.911
292.28 0.691
292.99 0.71
293.712 0.722
294.441 0.729
295.203 0.762
295.988 0.785
296.805 0.817
297.608 0.803
298.423 0.815
299.261 0.838
300.105 0.844
300.91 0.805
301.712 0.802
302.501 0.789
303.283 0.782
304.05 0.767
304.804 0.754
305.566 0.762
306.307 0.741
307.06 0.753
307.834 0.774
308.602 0.768
309.375 0.773
310.158 0.783
310.938 0.78
311.707 0.769
312.493 0.786
313.306 0.813
314.094 0.788
314.886 0.792
315.694 0.808
316.505 0.811
317.275 0.77
318.057 0.782
318.835 0.778
319.61 0.775
320.397 0.787
321.136 0.739
321.866 0.73
322.581 0.715
323.298 0.717
324.018 0.72
324.756 0.738
325.515 0.759
326.293 0.778
327.073 0.78
327.874 0.801
328.695 0.821
329.527 0.832
330.33 0.803
331.127 0.797
331.925 0.798
332.721 0.796
333.487 0.766
334.263 0.776
335.046 0.783
335.838 0.792
336.621 0.783
337.42 0.799
338.235 0.815
339.06 0.825
339.858 0.798
340.663 0.805
341.482 0.819
342.306 0.824
343.101 0.795
343.902 0.801
344.708 0.806
345.505 0.797
346.285 0.78
347.084 0.799
347.902 0.818
348.742 0.84
349.56 0.818
350.387 0.827
351.225 0.838
352.046 0.821
352.855 0.809
353.664 0.809
354.476 0.812
354.949 0.473
355.959 1.01
356.733 0.774
357.52 0.787
358.276 0.756
359.044 0.768
359.826 0.782
360.659 0.833
361.489 0.83
362.343 0.854
363.218 0.875
364.054 0.836
364.894 0.84
365.721 0.827
366.508 0.787
366.981 0.473
367.997 1.016
368.772 0.775
369.552 0.78
370.339 0.787
371.147 0.808
371.994 0.847
372.81 0.816
373.616 0.806
374.419 0.803
375.245 0.826
376.089 0.844
376.883 0.794
377.676 0.793
378.462 0.786
378.941 0.479
379.991 1.05
380.833 0.842
381.665 0.832
382.486 0.821
383.294 0.808
384.078 0.784
384.833 0.755
385.549 0.716
386.172 0.623
386.938 0.766
387.634 0.696
388.32 0.686
389.014 0.694
389.744 0.73
390.518 0.774
391.323 0.805
392.125 0.802
392.937 0.812
393.737 0.8
394.478 0.741
395.181 0.703
395.877 0.696
396.58 0.703
397.291 0.711
398.031 0.74
398.799 0.768
399.588 0.789
400.069 0.481
401.037 0.968
401.76 0.723
402.494 0.734
403.238 0.744
403.969 0.731
404.668 0.699
405.377 0.709
406.105 0.728
406.865 0.76
407.652 0.787
408.45 0.798
409.244 0.794
409.975 0.731
410.699 0.724
411.417 0.718
412.148 0.731
412.904 0.756
413.662 0.758
414.449 0.787
415.219 0.77
416.028 0.809
416.859 0.831
417.676 0.817
418.481 0.805
419.285 0.804
420.076 0.791
420.871 0.795
421.66 0.789
422.44 0.78
423.173 0.733
423.883 0.71
424.581 0.698
425.27 0.689
425.977 0.707
426.735 0.758
427.566 0.831
428.406 0.84
429.287 0.881
430.151 0.864
430.759 0.608
431.856 1.097
432.773 0.917
433.673 0.9
434.541 0.868
435.39 0.849
436.212 0.822
437.038 0.826
437.823 0.785
438.558 0.735
439.29 0.732
440.025 0.735
440.79 0.765
441.574 0.784
442.391 0.817
443.218 0.827
444.051 0.833
444.911 0.86
445.761 0.85
446.598 0.837
447.382 0.784
448.159 0.777
448.926 0.767
449.708 0.782
450.492 0.784
451.258 0.766
452.025 0.767
452.818 0.793
453.638 0.82
454.47 0.832
455.313 0.843
456.158 0.845
457.006 0.848
457.854 0.848
458.684 0.83
459.517 0.833
460.329 0.812
461.13 0.801
461.932 0.802
462.739 0.807
463.54 0.801
464.351 0.811
465.181 0.83
466.022 0.841
466.871 0.849
467.695 0.824
468.48 0.785
469.24 0.76
469.977 0.737
470.716 0.739
471.442 0.726
472.202 0.76
473.02 0.818
473.865 0.845
474.668 0.803
475.449 0.781
476.239 0.79
477.049 0.81
477.891 0.842
478.709 0.818
479.527 0.818
480.347 0.82
481.15 0.803
481.929 0.779
482.695 0.766
483.448 0.753
483.938 0.49
484.913 0.975
485.646 0.733
486.414 0.768
487.18 0.766
487.951 0.771
488.735 0.784
489.297 0.562
490.299 1.002
491.063 0.764
491.852 0.789
492.623 0.771
493.413 0.79
494.217 0.804
495.019 0.802
495.792 0.773
496.575 0.783
497.347 0.772
498.143 0.796
498.931 0.788
499.731 0.8
500.503 0.772
501.251 0.748
501.984 0.733
502.694 0.71
503.413 0.719
504.111 0.698
504.786 0.675
505.444 0.658
506.094 0.65
506.499 0.405
507.345 0.846
507.944 0.599
508.341 0.397
508.793 0.452
509.122 0.329
509.703 0.581
510.289 0.586
510.886 0.597
511.502 0.616
512.132 0.63
512.753 0.621
513.371 0.618
513.998 0.627
514.632 0.634
515.285 0.653
515.931 0.646
516.58 0.649
517.222 0.642
517.838 0.616
518.458 0.62
519.078 0.62
519.587 0.509
520.296 0.709
520.893 0.597
521.416 0.523
522.06 0.644
522.648 0.588
523.28 0.632
523.988 0.708
524.549 0.561
525.523 0.974
526.298 0.775
527.064 0.766
527.809 0.745
528.565 0.756
529.054 0.489
530.071 1.017
530.824 0.753
531.56 0.736
532.268 0.708
532.997 0.729
533.728 0.731
534.455 0.727
535.198 0.743
535.962 0.764
536.751 0.789
537.578 0.827
538.424 0.846
538.904 0.48
539.997 1.093
540.89 0.893
541.727 0.837
542.565 0.838
543.41 0.845
544.245 0.835
545.056 0.811
545.879 0.823
546.687 0.808
547.477 0.79
548.301 0.824
549.102 0.801
549.899 0.797
550.722 0.823
551.556 0.834
552.382 0.826
553.225 0.843
553.769 0.544
554.836 1.067
555.653 0.817
556.468 0.815
557.274 0.806
558.077 0.803
558.899 0.822
559.758 0.859
560.618 0.86
561.43 0.812
561.946 0.516
563.041 1.095
563.901 0.86
564.714 0.813
565.526 0.812
566.35 0.824
567.176 0.826
567.981 0.805
568.813 0.832
569.648 0.835
570.444 0.796
571.298 0.854
572.121 0.823
572.939 0.818
573.731 0.792
574.531 0.8
575.336 0.805
576.132 0.796
576.936 0.804
577.759 0.823
578.585 0.826
579.376 0.791
580.168 0.792
580.956 0.788
581.725 0.769
582.511 0.786
583.316 0.805
584.136 0.82
584.938 0.802
585.769 0.831
586.614 0.845
587.457 0.843
588.282 0.825
589.082 0.8
589.888 0.806
590.683 0.795
591.431 0.748
592.171 0.74
592.902 0.731
593.628 0.726
594.374 0.746
595.144 0.77
595.909 0.765
596.659 0.75
597.423 0.764
598.205 0.782
599.002 0.797
599.793 0.791
600.578 0.785
601.382 0.804
602.201 0.819