0.000 0.925
0.925 0.925
1.863 0.938
2.759 0.896
3.656 0.897
4.493 0.837
5.374 0.881
6.324 0.95
7.255 0.931
8.074 0.819
8.865 0.791
9.651 0.786
10.502 0.851
11.259 0.757
11.981 0.722
12.69 0.709
13.398 0.708
14.134 0.736
14.871 0.737
15.622 0.751
16.366 0.744
17.083 0.717
17.795 0.712
18.536 0.741
19.384 0.848
20.22 0.836
21.081 0.861
21.902 0.821
22.666 0.764
23.434 0.768
24.235 0.801
25.083 0.848
25.881 0.798
26.701 0.82
27.532 0.831
28.319 0.787
29.094 0.775
29.943 0.849
30.994 1.051
31.93 0.936
32.909 0.979
33.863 0.954
34.731 0.868
35.585 0.854
36.415 0.83
37.239 0.824
38.095 0.856
39.068 0.973
40.073 1.005
41.004 0.931
41.899 0.895
42.805 0.906
43.676 0.871
44.472 0.796
45.262 0.79
46.07 0.808
46.919 0.849
47.842 0.923
48.682 0.84
49.55 0.868
50.459 0.909
51.431 0.972
52.301 0.87
53.166 0.865
54.05 0.884
54.968 0.918
55.808 0.84
56.657 0.849
57.528 0.871
58.355 0.827
59.119 0.764
59.899 0.78
60.706 0.807
61.499 0.793
62.282 0.783
63.103 0.821
63.973 0.87
64.807 0.834
65.609 0.802
66.461 0.852
67.355 0.894
68.186 0.831
69.013 0.827
69.88 0.867
70.778 0.898
71.622 0.844
72.494 0.872
73.419 0.925
74.355 0.936
75.21 0.855
76.058 0.848
76.916 0.858
77.791 0.875
78.659 0.868
79.493 0.834
80.403 0.91
81.307 0.904
82.251 0.944
83.265 1.014
84.222 0.957
85.042 0.82
85.861 0.819
86.708 0.847
87.575 0.867
88.416 0.841
89.241 0.825
90.137 0.896
91.147 1.01
92.152 1.005
93.04 0.888
93.94 0.9
94.819 0.879
95.626 0.807
96.409 0.783
97.249 0.84
98.238 0.989
99.267 1.029
100.222 0.955
101.202 0.98
102.093 0.891
102.898 0.805
103.703 0.805
104.529 0.826
105.457 0.928
106.356 0.899
107.321 0.965
108.377 1.056
109.332 0.955
110.161 0.829
110.979 0.818
111.715 0.736
112.435 0.72
113.263 0.828
114.065 0.802
114.911 0.846
115.846 0.935
116.842 0.996
117.743 0.901
118.657 0.914
119.531 0.874
120.327 0.796
121.164 0.837
122.112 0.948
122.959 0.847
123.844 0.885
124.778 0.934
125.764 0.986
126.642 0.878
127.559 0.917
128.52 0.961
129.409 0.889
130.241 0.832
131.134 0.893
132.123 0.989
133.002 0.879
133.864 0.862
134.759 0.895
135.6 0.841
136.404 0.804
137.217 0.813
138.079 0.862
138.945 0.866
139.746 0.801
140.534 0.788
141.279 0.745
142.021 0.742
142.76 0.739
143.494 0.734
144.209 0.715
144.94 0.731
145.69 0.75
146.455 0.765
147.178 0.723
147.868 0.69
148.553 0.685
149.238 0.685
149.931 0.693
150.615 0.684
151.283 0.668
151.967 0.684
152.686 0.719
153.449 0.763
154.194 0.745
154.913 0.719
155.645 0.732
156.432 0.787
157.255 0.823
158.126 0.871
158.931 0.805
159.767 0.836
160.587 0.82
161.42 0.833
162.194 0.774
162.983 0.789
163.838 0.855
164.719 0.881
165.509 0.79
166.297 0.788
167.119 0.822
167.944 0.825
168.73 0.786
169.517 0.787
170.377 0.86
171.354 0.977
172.189 0.835
173.042 0.853
173.949 0.907
174.845 0.896
175.682 0.837
176.573 0.891
177.545 0.972
178.361 0.816
179.141 0.78
179.934 0.793
180.762 0.828
181.611 0.849
182.393 0.782
183.227 0.834
184.14 0.913
185.098 0.958
185.958 0.86
186.871 0.913
187.808 0.937
188.63 0.822
189.408 0.778
190.19 0.782
190.998 0.808
191.817 0.819
192.605 0.788
193.463 0.858
194.406 0.943
195.311 0.905
196.096 0.785
196.885 0.789
197.712 0.827
198.568 0.856
199.38 0.812
200.163 0.783
200.983 0.82
201.845 0.862
202.668 0.823
203.458 0.79
204.24 0.782
205.072 0.832
205.945 0.873
206.789 0.844
207.612 0.823
208.432 0.82
209.418 0.986
210.344 0.926
211.152 0.808
211.995 0.843
212.894 0.899
213.767 0.873
214.584 0.817
215.423 0.839
216.321 0.898
217.226 0.905
218.038 0.812
218.847 0.809
219.636 0.789
220.415 0.779
221.229 0.814
222.107 0.878
223.064 0.957
223.975 0.911
224.912 0.937
225.825 0.913
226.625 0.8
227.413 0.788
228.237 0.824
229.237 1.0
230.113 0.876
231.085 0.972
232.032 0.947
232.919 0.887
233.854 0.935
234.734 0.88
235.511 0.777
236.29 0.779
237.075 0.785
237.868 0.793
238.625 0.757
239.264 0.639
239.552 0.288
239.835 0.283
240.176 0.341
248.864 0.868
249.708 0.844
250.513 0.805
251.229 0.716
251.915 0.686
252.583 0.668
253.252 0.669
253.941 0.689
254.772 0.831
255.936 1.164
257.03 1.094
258.128 1.098
259.149 1.021
260.076 0.927
261.007 0.931
261.809 0.802
262.613 0.804
263.387 0.774
264.14 0.753
264.886 0.746
265.66 0.774
266.542 0.882
267.482 0.94
268.336 0.854
269.123 0.787
269.902 0.779
270.692 0.79
271.476 0.784
272.239 0.763
273.007 0.768
273.813 0.806
274.653 0.84
275.407 0.754
276.178 0.771
276.974 0.796
277.787 0.813
278.715 0.928
279.674 0.959
280.539 0.865
281.359 0.82
282.21 0.851
283.11 0.9
283.95 0.84
284.748 0.798
285.589 0.841
286.487 0.898
287.468 0.981
288.367 0.899
289.305 0.938
290.233 0.928
291.069 0.836
291.913 0.844
292.803 0.89
293.746 0.943
294.588 0.842
295.462 0.874
296.401 0.939
297.298 0.897
298.133 0.835
299.024 0.891
299.952 0.928
300.801 0.849
301.682 0.881
302.619 0.937
303.547 0.928
304.38 0.833
305.261 0.881
306.186 0.925
307.056 0.87
307.905 0.849
308.821 0.916
309.762 0.941
310.601 0.839
311.462 0.861
312.354 0.892
313.284 0.93
314.13 0.846
315.014 0.884
315.974 0.96
316.948 0.974
317.791 0.843
318.63 0.839
319.472 0.842
320.303 0.831
321.103 0.8
321.954 0.851
322.86 0.906
323.722 0.862
324.535 0.813
325.408 0.873
326.293 0.885
327.128 0.835
327.935 0.807
328.74 0.805
329.556 0.816
330.316 0.76
331.061 0.745
331.811 0.75
332.61 0.799
333.49 0.88
334.386 0.896
335.219 0.833
336.099 0.88
336.993 0.894
337.793 0.8
338.605 0.812
339.452 0.847
340.396 0.944
341.307 0.911
342.145 0.838
343.032 0.887
343.991 0.959
345.01 1.019
345.826 0.816
346.665 0.839
347.461 0.796
348.259 0.798
349.131 0.872
350.226 1.095
351.166 0.94
351.987 0.821
352.839 0.852
353.741 0.902
354.636 0.895
355.456 0.82
356.277 0.821
357.126 0.849
358.051 0.925
358.927 0.876
359.746 0.819
360.502 0.756
361.282 0.78
362.192 0.91
363.188 0.996
364.104 0.916
364.964 0.86
365.861 0.897
366.758 0.897
367.553 0.795
368.355 0.802
369.122 0.767
369.874 0.752
370.636 0.762
371.369 0.733
372.155 0.786
373.029 0.874
373.877 0.848
374.65 0.773
375.43 0.78
376.264 0.834
377.146 0.882
377.989 0.843
378.761 0.772
379.532 0.771
380.333 0.801
381.175 0.842
382.072 0.897
382.952 0.88
383.835 0.883
384.7 0.865
385.665 0.965
386.534 0.869
387.62 1.086
388.663 1.043
389.534 0.871
390.364 0.83
391.247 0.883
392.194 0.947
393.027 0.833
393.85 0.823
394.729 0.879
395.704 0.975
396.64 0.936
397.463 0.823
398.319 0.856
399.23 0.911
400.2 0.97
401.072 0.872
401.977 0.905
402.942 0.965
403.874 0.932
404.737 0.863
405.685 0.948
406.723 1.038
407.591 0.868
408.48 0.889
409.424 0.944
410.384 0.96
411.252 0.868
412.185 0.933
413.213 1.028
414.23 1.017
415.096 0.866
415.951 0.855
416.849 0.898
417.766 0.917
418.594 0.828
419.499 0.905
420.502 1.003
421.471 0.969
422.333 0.862
423.249 0.916
424.255 1.006
425.171 0.916
425.994 0.823
426.855 0.861
427.795 0.94
428.707 0.912
429.607 0.9
430.672 1.065
431.719 1.047
432.576 0.857
433.471 0.895
434.372 0.901
435.182 0.81
435.958 0.776
436.747 0.789
437.547 0.8
438.332 0.785
439.193 0.861
440.146 0.953
441.113 0.967
442.004 0.891
442.838 0.834
443.579 0.741
444.293 0.714
444.974 0.681
445.633 0.659
446.272 0.639
446.917 0.645
447.565 0.648
448.237 0.672
448.983 0.746
449.69 0.707
450.368 0.678
451.032 0.664
451.687 0.655
452.349 0.662
453.001 0.652
453.646 0.645
454.301 0.655
454.935 0.634
455.571 0.636
456.27 0.699
456.937 0.667
457.614 0.677
458.351 0.737
459.083 0.732
459.772 0.689
460.446 0.674
461.123 0.677
461.823 0.7
462.581 0.758
463.355 0.774
464.093 0.738
464.849 0.756
465.643 0.794
466.419 0.776
467.194 0.775
467.983 0.789
468.788 0.805
469.549 0.761
470.301 0.752
471.068 0.767
471.872 0.804
472.643 0.771
473.443 0.8
474.259 0.816
475.052 0.793
475.873 0.821
476.76 0.887
477.601 0.841
478.439 0.838
479.258 0.819
480.011 0.753
480.752 0.741
481.514 0.762
482.301 0.787
483.056 0.755
483.881 0.825
484.759 0.878
485.576 0.817
486.408 0.832
487.287 0.879
488.143 0.856
488.917 0.774
489.723 0.806
490.518 0.795
491.255 0.737
491.992 0.737
492.733 0.741
493.532 0.799
494.388 0.856
495.254 0.866
496.109 0.855
497.004 0.895
497.895 0.891
498.704 0.809
499.562 0.858
500.445 0.883
501.243 0.798
502.074 0.831
502.914 0.84
503.693 0.779
504.518 0.825
505.313 0.795
506.132 0.819
506.994 0.862
507.893 0.899
508.725 0.832
509.587 0.862
510.462 0.875
511.259 0.797
512.057 0.798
512.872 0.815
513.677 0.805
514.453 0.776
515.267 0.814
516.104 0.837
516.904 0.8
517.679 0.775
518.483 0.804
519.27 0.787
520.088 0.818
520.885 0.797
521.637 0.752
522.43 0.793
523.267 0.837
524.08 0.813
524.892 0.812
525.765 0.873
526.639 0.874
527.453 0.814
528.304 0.851
529.137 0.833
529.938 0.801
530.791 0.853
531.682 0.891
532.517 0.835
533.44 0.923
534.406 0.966
535.307 0.901
536.232 0.925
537.166 0.934
538.003 0.837
538.835 0.832
539.62 0.785
540.435 0.815
541.216 0.781
542.065 0.849
542.91 0.845
543.814 0.904
544.703 0.889
545.505 0.802
546.315 0.81
547.12 0.805
547.92 0.8
548.703 0.783
549.518 0.815
550.398 0.88
551.308 0.91
552.121 0.813
552.947 0.826
553.799 0.852
554.621 0.822
555.41 0.789
556.173 0.763
556.914 0.741
557.651 0.737
558.42 0.769
559.234 0.814
560.142 0.908
561.117 0.975
561.959 0.842
562.783 0.824
563.65 0.867
564.548 0.898
565.41 0.862
566.383 0.973
567.402 1.019
568.306 0.904
569.101 0.795
569.849 0.748
570.569 0.72
571.319 0.75
572.264 0.945
573.417 1.153
574.382 0.965
575.365 0.983
576.398 1.033
577.394 0.996
578.272 0.878
579.164 0.892
580.073 0.909
580.918 0.845
581.82 0.902
582.81 0.99
583.771 0.961
584.653 0.882
585.528 0.875
586.429 0.901
587.359 0.93
588.24 0.881
589.125 0.885
590.052 0.927
590.997 0.945
591.849 0.852
592.719 0.87
593.607 0.888
594.447 0.84
595.262 0.815
596.104 0.842
596.981 0.877
597.762 0.781
598.53 0.768
599.255 0.725
600.054 0.799
600.996 0.942
601.908 0.912
602.777 0.869
603.573 0.796
604.314 0.741
605.005 0.691
605.662 0.657
606.31 0.648
606.938 0.628
607.565 0.627