0.000 0.897
0.897 0.897
1.804 0.907
2.598 0.794
3.392 0.794
4.182 0.79
4.907 0.725
5.588 0.681
6.389 0.801
7.199 0.81
8.031 0.832
9.025 0.994
9.831 0.806
10.616 0.785
11.56 0.944
12.594 1.034
13.406 0.812
14.178 0.772
14.95 0.772
15.783 0.833
16.699 0.916
17.479 0.78
18.361 0.882
19.506 1.145
20.585 1.079
21.625 1.04
22.477 0.852
23.265 0.788
24.0 0.735
24.757 0.757
25.563 0.806
26.716 1.153
27.651 0.935
28.451 0.8
29.212 0.761
30.046 0.834
30.786 0.74
31.496 0.71
32.179 0.683
32.954 0.775
33.961 1.007
34.953 0.992
35.868 0.915
36.717 0.849
37.478 0.761
38.027 0.549
38.884 0.857
39.531 0.647
40.182 0.651
40.842 0.66
41.531 0.689
42.19 0.659
42.85 0.66
43.492 0.642
44.201 0.709
44.914 0.713
45.852 0.938
46.666 0.814
47.439 0.773
48.142 0.703
48.802 0.66
49.435 0.633
50.055 0.62
50.673 0.618
51.334 0.661
52.396 1.062
53.514 1.118
54.579 1.065
55.522 0.943
56.485 0.963
57.453 0.968
58.345 0.892
59.227 0.882
59.994 0.767
60.757 0.763
61.508 0.751
62.219 0.711
62.983 0.764
64.162 1.179
65.125 0.963
66.06 0.935
66.881 0.821
67.736 0.855
68.457 0.721
69.194 0.737
69.938 0.744
70.638 0.7
71.325 0.687
72.055 0.73
72.848 0.793
73.626 0.778
74.799 1.173
75.983 1.184
77.033 1.05
77.973 0.94
78.901 0.928
80.055 1.154
81.174 1.119
82.185 1.011
83.094 0.909
83.955 0.861
84.919 0.964
86.221 1.302
87.383 1.162
88.486 1.103
89.612 1.126
90.613 1.001
91.436 0.823
92.626 1.19
93.748 1.122
94.91 1.162
96.035 1.125
97.125 1.09
98.181 1.056
99.245 1.064
100.192 0.947
100.956 0.764
101.681 0.725
102.506 0.825
103.755 1.249
104.757 1.002
105.888 1.131
106.987 1.099
107.932 0.945
108.746 0.814
109.634 0.888
110.719 1.085
111.575 0.856
112.369 0.794
113.267 0.898
114.106 0.839
114.874 0.768
115.581 0.707
116.269 0.688
117.006 0.737
117.804 0.798
118.69 0.886
119.511 0.821
120.311 0.8
121.07 0.759
121.818 0.748
122.611 0.793
123.456 0.845
124.184 0.728
124.886 0.702
125.635 0.749
126.795 1.16
127.825 1.03
128.901 1.076
129.862 0.961
130.927 1.065
131.898 0.971
132.865 0.967
134.044 1.179
135.186 1.142
136.364 1.178
137.271 0.907
138.105 0.834
139.282 1.177
140.387 1.105
141.556 1.169
142.675 1.119
143.822 1.147
144.964 1.142
146.061 1.097
147.157 1.096
148.068 0.911
148.988 0.92
150.261 1.273
151.238 0.977
152.318 1.08
153.462 1.144
154.545 1.083
155.479 0.934
156.517 1.038
157.649 1.132
158.735 1.086
159.869 1.134
160.854 0.985
161.698 0.844
162.614 0.916
163.849 1.235
164.734 0.885
165.53 0.796
166.467 0.937
167.661 1.194
168.632 0.971
169.79 1.158
170.837 1.047
171.9 1.063
173.005 1.105
173.866 0.861
174.667 0.801
175.4 0.733
176.097 0.697
177.36 1.263
178.392 1.032
179.516 1.124
180.477 0.961
181.316 0.839
182.091 0.775
182.856 0.765
183.618 0.762
184.42 0.802
185.255 0.835
186.263 1.008
187.302 1.039
188.387 1.085
189.316 0.929
190.154 0.838
190.96 0.806
191.679 0.719
192.391 0.712
193.122 0.731
194.171 1.049
195.149 0.978
196.026 0.877
196.824 0.798
197.637 0.813
198.441 0.804
199.168 0.727
199.981 0.813
201.107 1.126
202.05 0.943
202.929 0.879
203.688 0.759
204.432 0.744
205.207 0.775
206.393 1.186
207.42 1.027
208.203 0.783
208.926 0.723
209.644 0.718
210.395 0.751
211.256 0.861
212.004 0.748
212.773 0.769
213.513 0.74
214.246 0.733
215.558 1.312
216.791 1.233
217.878 1.087
218.895 1.017
219.768 0.873
220.615 0.847
221.485 0.87
222.488 1.003
223.265 0.777
223.964 0.699
224.642 0.678
225.347 0.705
226.623 1.276
227.849 1.226
228.976 1.127
230.176 1.2
231.358 1.182
232.33 0.972
233.398 1.068
234.601 1.203
235.721 1.12
236.785 1.064
237.816 1.031
238.802 0.986
239.72 0.918
240.538 0.818
241.277 0.739
242.065 0.788
243.322 1.257
244.388 1.066
245.278 0.89
246.088 0.81
246.885 0.797
247.648 0.763
248.454 0.806
249.209 0.755
250.031 0.822
250.915 0.884
252.044 1.129
253.053 1.009
253.941 0.888
254.781 0.84
255.567 0.786
256.367 0.8
257.146 0.779
257.879 0.733
258.62 0.741
259.46 0.84
260.392 0.932
261.163 0.771
261.984 0.821
262.89 0.906
264.051 1.161
264.974 0.923
265.902 0.928
266.872 0.97
267.676 0.804
268.392 0.716
269.096 0.704
269.786 0.69
270.515 0.729
271.335 0.82
272.469 1.134
273.53 1.061
274.399 0.869
275.215 0.816
276.0 0.785
276.829 0.829
277.645 0.816
278.445 0.8
279.15 0.705
279.846 0.696
280.538 0.692
281.442 0.904
282.625 1.183
283.477 0.852
284.33 0.853
285.248 0.918
286.365 1.117
287.458 1.093
288.458 1.0
289.281 0.823
290.051 0.77
290.904 0.853
292.124 1.22
293.167 1.043
294.182 1.015
295.188 1.006
296.206 1.018
297.038 0.832
297.814 0.776
298.647 0.833
299.912 1.265
300.853 0.941
301.8 0.947
302.717 0.917
303.791 1.074
304.698 0.907
305.607 0.909
306.637 1.03
307.492 0.855
308.3 0.808
309.051 0.751
309.749 0.698
310.452 0.703
311.205 0.753
312.052 0.847
313.114 1.062
314.19 1.076
315.093 0.903
315.954 0.861
316.827 0.873
317.706 0.879
318.499 0.793
319.295 0.796
320.209 0.914
321.239 1.03
322.14 0.901
323.127 0.987
324.2 1.073
325.225 1.025
326.248 1.023
327.317 1.069
328.328 1.011
329.271 0.943
330.447 1.176
331.469 1.022
332.509 1.04
333.694 1.185
334.764 1.07
335.586 0.822
336.541 0.955
337.768 1.227
338.794 1.026
339.761 0.967
340.847 1.086
341.843 0.996
342.878 1.035
343.993 1.115
345.053 1.06
345.977 0.924
346.872 0.895
347.704 0.832
348.536 0.832
349.468 0.932
350.302 0.834
351.26 0.958
352.313 1.053
353.299 0.986
354.336 1.037
355.303 0.967
356.114 0.811
356.975 0.861
357.796 0.821
358.61 0.814
359.556 0.946
360.464 0.908
361.399 0.935
362.464 1.065
363.566 1.102
364.587 1.021
365.408 0.821
366.205 0.797
367.031 0.826
368.023 0.992
369.067 1.044
370.044 0.977
370.917 0.873
371.775 0.858
372.522 0.747
373.294 0.772
374.143 0.849
375.354 1.211
376.498 1.144
377.717 1.219
378.843 1.126
379.839 0.996
380.84 1.001
381.904 1.064
382.962 1.058
384.095 1.133
385.106 1.011
385.999 0.893
386.766 0.767
387.53 0.764
388.386 0.856
389.68 1.294
390.758 1.078
391.88 1.122
392.964 1.084
393.973 1.009
394.937 0.964
395.79 0.853
396.631 0.841
397.748 1.117
398.835 1.087
399.847 1.012
400.814 0.967
401.71 0.896
402.487 0.777
403.284 0.797
404.478 1.194
405.511 1.033
406.33 0.819
407.135 0.805
407.908 0.773
408.843 0.935
409.759 0.916
410.7 0.941
411.759 1.059
412.665 0.906
413.514 0.849
414.469 0.955
415.33 0.861
416.189 0.859
417.129 0.94
418.273 1.144
419.233 0.96
420.104 0.871
421.007 0.903
421.965 0.958
422.893 0.928
423.728 0.835
424.652 0.924
425.529 0.877
426.363 0.834
427.221 0.858
428.087 0.866
429.006 0.919
430.246 1.24
431.304 1.058
432.254 0.95
433.16 0.906
433.93 0.77
434.651 0.721
435.336 0.685
436.083 0.747
437.233 1.15
438.356 1.123
439.483 1.127
440.58 1.097
441.773 1.193
442.923 1.15
443.951 1.028
445.061 1.11
446.255 1.194
447.282 1.027
448.231 0.949
449.443 1.212
450.533 1.09
451.374 0.841
452.243 0.869
453.475 1.232
454.625 1.15
455.517 0.892
456.374 0.857
457.551 1.177
458.642 1.091
459.588 0.946
460.639 1.051
461.809 1.17
462.776 0.967
463.94 1.164
465.094 1.154
466.095 1.001
467.182 1.087
468.305 1.123
469.303 0.998
470.287 0.984
471.507 1.22
472.537 1.03
473.641 1.104
474.772 1.131
475.747 0.975
476.748 1.001
477.822 1.074
478.759 0.937
479.566 0.807
480.511 0.945
481.681 1.17
482.746 1.065
483.644 0.898
484.55 0.906
485.468 0.918
486.268 0.8
487.172 0.904
488.21 1.038
489.105 0.895
490.019 0.914
491.06 1.041
492.13 1.07
493.022 0.892
493.806 0.784
494.682 0.876
495.942 1.26
497.107 1.165
498.107 1.0
498.921 0.814
499.709 0.788
500.525 0.816
501.298 0.773
502.011 0.713
502.738 0.727
503.562 0.824
504.872 1.31
506.112 1.24
507.181 1.069
508.354 1.173
509.576 1.222
510.729 1.153
511.902 1.173
512.936 1.034
513.786 0.85
514.648 0.862
515.897 1.249
517.088 1.191
518.142 1.054
519.178 1.036
520.23 1.052
521.149 0.919
522.001 0.852
522.996 0.995
523.798 0.802
524.633 0.835
525.851 1.218
526.948 1.097
527.891 0.943
528.764 0.873
529.601 0.837
530.448 0.847
531.18 0.732
531.924 0.744
532.702 0.778
533.687 0.985
534.775 1.088
535.699 0.924
536.602 0.903
537.387 0.785
538.219 0.832
539.173 0.954
540.038 0.865
540.956 0.918
541.978 1.022
542.837 0.859
543.765 0.928
544.762 0.997
545.725 0.963
546.538 0.813
547.387 0.849
548.367 0.98
549.334 0.967
550.393 1.059
551.412 1.019
552.257 0.845
553.131 0.874
554.158 1.027
555.361 1.203
556.478 1.117
557.468 0.99
558.405 0.937
559.178 0.773
559.901 0.723
560.616 0.715
561.377 0.761
562.224 0.847
563.003 0.779
563.713 0.71
564.516 0.803
565.327 0.811
566.237 0.91
567.444 1.207
568.599 1.155
569.681 1.082
570.548 0.867
571.296 0.748
572.087 0.791
572.948 0.861
573.761 0.813
574.721 0.96
575.736 1.015
576.612 0.876
577.571 0.959
578.812 1.241
579.818 1.006
580.784 0.966
581.883 1.099
583.06 1.177
584.016 0.956
584.885 0.869
585.837 0.952
587.047 1.21
588.089 1.042
588.932 0.843
589.752 0.82
590.551 0.799
591.773 1.222
592.759 0.986
593.766 1.007
594.945 1.179
596.029 1.084
597.216 1.187
598.35 1.134
599.488 1.138
600.644 1.156
601.774 1.13
602.927 1.153
604.113 1.186
605.16 1.047
606.17 1.01
607.233 1.063
608.262 1.029
609.177 0.915