0.000 0.79
0.79 0.79
1.574 0.784
2.414 0.84
3.227 0.813
4.041 0.814
4.887 0.846
5.785 0.898
6.149 0.364
6.566 0.417
7.465 0.899
8.263 0.798
8.894 0.631
9.527 0.633
20.999 0.91
21.979 0.98
22.936 0.957
23.841 0.905
24.714 0.873
25.548 0.834
26.371 0.823
27.175 0.804
27.993 0.818
28.763 0.77
29.531 0.768
30.335 0.804
31.222 0.887
32.135 0.913
33.048 0.913
33.984 0.936
34.949 0.965
35.84 0.891
36.605 0.765
37.339 0.734
38.104 0.765
38.964 0.86
40.082 1.118
41.075 0.993
41.983 0.908
42.842 0.859
43.652 0.81
44.472 0.82
45.292 0.82
46.132 0.84
46.952 0.82
47.713 0.761
48.455 0.742
49.225 0.77
50.06 0.835
50.927 0.867
51.78 0.853
52.627 0.847
53.483 0.856
54.347 0.864
55.167 0.82
55.916 0.749
56.634 0.718
57.367 0.733
58.145 0.778
59.042 0.897
59.894 0.852
60.715 0.821
61.557 0.842
62.425 0.868
63.259 0.834
64.058 0.799
64.809 0.751
65.543 0.734
66.247 0.704
66.922 0.675
67.589 0.667
68.261 0.672
68.97 0.709
69.712 0.742
70.523 0.811
71.3 0.777
72.096 0.796
72.92 0.824
73.707 0.787
74.507 0.8
75.322 0.815
76.151 0.829
76.923 0.772
77.65 0.727
78.384 0.734
79.145 0.761
79.917 0.772
80.647 0.73
81.357 0.71
82.075 0.718
82.852 0.777
83.732 0.88
84.654 0.922
85.465 0.811
86.282 0.817
87.059 0.777
87.823 0.764
88.569 0.746
89.311 0.742
90.077 0.766
90.865 0.788
91.612 0.747
92.381 0.769
93.143 0.762
93.888 0.745
94.603 0.715
95.286 0.683
95.98 0.694
96.691 0.711
97.409 0.718
98.112 0.703
98.781 0.669
99.485 0.704
100.206 0.721
100.942 0.736
101.662 0.72
102.421 0.759
103.213 0.792
103.979 0.766
104.732 0.753
105.483 0.751
106.238 0.755
106.98 0.742
107.752 0.772
108.527 0.775
109.308 0.781
110.05 0.742
110.767 0.717
111.478 0.711
112.187 0.709
112.988 0.801
113.964 0.976
114.93 0.966
115.804 0.874
116.633 0.829
117.43 0.797
118.211 0.781
118.97 0.759
119.718 0.748
120.472 0.754
121.178 0.706
121.873 0.695
122.56 0.687
123.271 0.711
124.046 0.775
124.879 0.833
125.646 0.767
126.416 0.77
127.267 0.851
128.158 0.891
129.105 0.947
130.075 0.97
131.003 0.928
131.871 0.868
132.697 0.826
133.459 0.762
134.222 0.763
134.975 0.753
135.735 0.76
136.504 0.769
137.305 0.801
138.139 0.834
139.025 0.886
139.887 0.862
140.647 0.76
141.391 0.744
142.162 0.771
143.018 0.856
143.981 0.963
144.898 0.917
145.804 0.906
146.676 0.872
147.513 0.837
148.364 0.851
149.228 0.864
150.073 0.845
150.94 0.867
151.776 0.836
152.585 0.809
153.351 0.766
154.108 0.757
154.872 0.764
155.643 0.771
156.373 0.73
157.084 0.711
157.771 0.687
158.475 0.704
159.218 0.743
159.997 0.779
160.791 0.794
161.568 0.777
162.381 0.813
163.251 0.87
164.084 0.833
164.924 0.84
165.742 0.818
166.517 0.775
167.297 0.78
168.105 0.808
168.896 0.791
169.704 0.808
170.521 0.817
171.308 0.787
172.064 0.756
172.852 0.788
173.65 0.798
174.401 0.751
175.156 0.755
175.904 0.748
176.634 0.73
177.4 0.766
178.16 0.76
178.915 0.755
179.71 0.795
180.521 0.811
181.285 0.764
182.081 0.796
182.891 0.81
183.681 0.79
184.541 0.86
185.348 0.807
186.138 0.79
186.892 0.754
187.609 0.717
188.29 0.681
188.966 0.676
189.676 0.71
190.446 0.77
191.291 0.845
192.071 0.78
192.812 0.741
193.554 0.742
194.336 0.782
195.224 0.888
196.131 0.907
197.064 0.933
198.031 0.967
198.93 0.899
199.794 0.864
200.679 0.885
201.493 0.814
202.321 0.828
203.153 0.832
203.959 0.806
204.791 0.832
205.648 0.857
206.506 0.858
207.395 0.889
208.301 0.906
209.165 0.864
210.058 0.893
210.896 0.838
211.655 0.759
212.37 0.715
213.112 0.742
213.925 0.813
214.866 0.941
215.746 0.88
216.628 0.882
217.517 0.889
218.308 0.791
219.107 0.799
219.924 0.817
220.732 0.808
221.59 0.858
222.47 0.88
223.301 0.831
224.117 0.816
224.94 0.823
225.777 0.837
226.609 0.832
227.484 0.875
228.342 0.858
229.17 0.828
230.006 0.836
230.84 0.834
231.662 0.822
232.507 0.845
233.333 0.826
234.165 0.832
235.036 0.871
235.879 0.843
236.663 0.784
237.425 0.762
238.223 0.798
239.112 0.889
240.211 1.099
241.184 0.973
242.144 0.96
243.128 0.984
244.045 0.917
244.913 0.868
245.726 0.813
246.539 0.813
247.359 0.82
248.267 0.908
249.252 0.985
250.157 0.905
251.063 0.906
251.982 0.919
252.826 0.844
253.704 0.878
254.585 0.881
255.403 0.818
256.232 0.829
257.063 0.831
257.871 0.808
258.726 0.855
259.603 0.877
260.466 0.863
261.393 0.927
262.237 0.844
263.056 0.819
263.88 0.824
264.761 0.881
265.612 0.851
266.392 0.78
267.15 0.758
267.937 0.787
268.795 0.858
269.859 1.064
270.779 0.92
271.709 0.93
272.615 0.906
273.434 0.819
274.224 0.79
274.993 0.769
275.735 0.742
276.483 0.748
277.206 0.723
277.904 0.698
278.587 0.683
279.315 0.728
280.133 0.818
280.988 0.855
281.78 0.792
282.587 0.807
283.415 0.828
284.288 0.873
285.164 0.876
286.046 0.882
286.938 0.892
287.781 0.843
288.599 0.818
289.494 0.895
290.354 0.86
291.265 0.911
292.18 0.915
293.092 0.912
293.993 0.901
294.837 0.844
295.711 0.874
296.589 0.878
297.491 0.902
298.447 0.956
299.383 0.936
300.231 0.848
301.068 0.837
301.919 0.851
302.773 0.854
303.687 0.914
304.565 0.878
305.484 0.919
306.371 0.887
307.31 0.939
308.226 0.916
309.109 0.883
309.969 0.86
310.772 0.803
311.597 0.825
312.454 0.857
313.322 0.868
314.266 0.944
315.262 0.996
316.221 0.959
317.178 0.957
318.06 0.882
318.941 0.881
319.842 0.901
320.715 0.873
321.594 0.879
322.377 0.783
323.147 0.77
323.971 0.824
324.878 0.907
325.816 0.938
326.846 1.03
327.748 0.902
328.637 0.889
329.537 0.9
330.392 0.855
331.278 0.886
332.161 0.883
333.017 0.856
333.919 0.902
334.751 0.832
335.589 0.838
336.472 0.883
337.309 0.837
338.19 0.881
339.124 0.934
339.969 0.845
340.858 0.889
341.817 0.959
342.741 0.924
343.575 0.834
344.429 0.854
345.282 0.853
346.119 0.837
347.032 0.913
348.014 0.982
348.953 0.939
349.844 0.891
350.656 0.812
351.469 0.813
352.285 0.816
353.055 0.77
353.806 0.751
354.594 0.788
355.423 0.829
356.337 0.914
357.304 0.967
358.24 0.936
359.097 0.857
359.972 0.875
360.818 0.846
361.63 0.812
362.444 0.814
363.238 0.794
363.993 0.755
364.756 0.763
365.547 0.791
366.317 0.77
367.129 0.812
367.988 0.859
368.831 0.843
369.706 0.875
370.634 0.928
371.493 0.859
372.361 0.868
373.239 0.878
374.062 0.823
374.937 0.875
375.801 0.864
376.58 0.779
377.399 0.819
378.213 0.814
379.021 0.808
379.893 0.872
380.757 0.864
381.548 0.791
382.317 0.769
383.049 0.732
383.758 0.709
384.472 0.714
385.221 0.749
385.962 0.741
386.691 0.729
387.454 0.763
388.22 0.766
388.975 0.755
389.771 0.796
390.616 0.845
391.476 0.86
392.372 0.896
393.236 0.864
394.099 0.863
394.982 0.883
395.871 0.889
396.765 0.894
397.661 0.896
398.495 0.834
399.336 0.841
400.215 0.879
401.061 0.846
401.94 0.879
402.819 0.879
403.67 0.851
404.59 0.92
405.53 0.94
406.419 0.889
407.328 0.909
408.245 0.917
409.13 0.885
410.038 0.908
410.968 0.93
411.819 0.851
412.679 0.86
413.532 0.853
414.336 0.804
415.123 0.787
415.943 0.82
416.81 0.867
417.655 0.845
418.576 0.921
419.507 0.931
420.385 0.878
421.274 0.889
422.154 0.88
422.999 0.845
423.832 0.833
424.67 0.838
425.5 0.83
426.374 0.874
427.279 0.905
428.171 0.892
429.097 0.926
430.039 0.942
430.914 0.875
431.8 0.886
432.664 0.864
433.469 0.805
434.305 0.836
435.149 0.844
435.986 0.837
436.918 0.932
437.776 0.858
438.558 0.782
439.435 0.877
440.387 0.952
441.203 0.816
441.954 0.751
442.713 0.759
443.53 0.817
444.671 1.141
445.646 0.975
446.543 0.897
447.44 0.897
448.32 0.88
449.156 0.836
450.003 0.847
450.929 0.926
451.787 0.858
452.699 0.912
453.618 0.919
454.494 0.876
455.392 0.898
456.314 0.922
457.238 0.924
458.18 0.942
459.07 0.89
459.88 0.81
460.766 0.886
461.693 0.927
462.546 0.853
463.448 0.902
464.37 0.922
465.163 0.793
465.979 0.816
466.798 0.819
467.599 0.801
468.451 0.852
469.359 0.908
470.211 0.852
471.128 0.917
472.041 0.913
472.883 0.842
473.773 0.89
474.663 0.89
475.502 0.839
476.396 0.894
477.285 0.889
478.113 0.828
478.979 0.866
479.846 0.867
480.632 0.786
481.399 0.767
482.133 0.734
482.843 0.71
483.646 0.803
484.437 0.791
485.299 0.862
486.224 0.925
487.066 0.842
487.913 0.847
488.79 0.877
489.641 0.851
490.528 0.887
491.441 0.913
492.264 0.823
493.117 0.853
493.957 0.84
494.812 0.855
495.764 0.952
496.78 1.016
497.698 0.918
498.614 0.916
499.538 0.924
500.428 0.89
501.346 0.918
502.31 0.964
503.196 0.886
504.113 0.917
505.057 0.944
505.94 0.883
506.829 0.889
507.728 0.899
508.568 0.84
509.468 0.9
510.421 0.953
511.302 0.881
512.076 0.774
512.862 0.786
513.688 0.826
514.721 1.033
515.664 0.943
516.618 0.954
517.559 0.941
518.47 0.911
519.377 0.907
520.268 0.891
521.136 0.868
521.986 0.85
522.825 0.839
523.66 0.835
524.56 0.9
525.474 0.914
526.33 0.856
527.22 0.89
528.098 0.878
528.94 0.842
529.805 0.865
530.716 0.911
531.564 0.848
532.41 0.846
533.288 0.878
534.137 0.849
535.017 0.88
535.877 0.86
536.695 0.818
537.548 0.853
538.403 0.855
539.237 0.834
540.092 0.855
540.937 0.845
541.728 0.791
542.544 0.816
543.4 0.856
544.203 0.803
544.992 0.789
545.779 0.787
546.563 0.784
547.331 0.768
548.148 0.817
549.02 0.872
549.854 0.834
550.682 0.828
551.509 0.827
552.259 0.75
553.011 0.752
553.76 0.749
554.495 0.735
555.229 0.734
555.987 0.758
556.749 0.762
557.502 0.753
558.29 0.788
559.099 0.809
559.949 0.85
560.772 0.823
561.629 0.857
562.509 0.88
563.386 0.877
564.178 0.792
564.924 0.746
565.693 0.769
566.487 0.794
567.342 0.855
568.207 0.865
569.035 0.828
569.895 0.86
570.75 0.855
571.62 0.87
572.508 0.888
573.342 0.834
574.173 0.831
575.006 0.833
575.802 0.796
576.62 0.818
577.404 0.784
578.185 0.781
578.964 0.779
579.767 0.803
580.545 0.778
581.312 0.767
582.132 0.82
583.011 0.879
583.841 0.83
584.71 0.869
585.615 0.905
586.431 0.816
587.252 0.821
588.104 0.852
588.935 0.831
589.747 0.812
590.564 0.817
591.381 0.817
592.164 0.783
592.988 0.824
593.819 0.831
594.616 0.797
595.436 0.82
596.287 0.851
597.16 0.873
598.011 0.851
598.886 0.875
599.775 0.889
600.61 0.835
601.431 0.821
602.248 0.817
603.022 0.774
603.8 0.778
604.603 0.803
605.412 0.809
606.237 0.825
607.08 0.843
607.951 0.871
608.754 0.803
609.549 0.795
610.317 0.768
611.057 0.74
611.761 0.704
612.441 0.68
613.117 0.676
613.853 0.736
614.575 0.722
615.294 0.719
616.028 0.734
616.745 0.717
617.427 0.682
618.11 0.683
618.799 0.689
619.502 0.703
620.222 0.72
620.911 0.689
621.605 0.694
622.288 0.683
622.965 0.677
623.631 0.666
624.289 0.658
624.935 0.646
625.571 0.636
626.2 0.629
626.826 0.626
627.447 0.621
628.058 0.611
628.667 0.609
629.278 0.611
629.919 0.641
630.607 0.688
631.366 0.759
632.213 0.847
633.078 0.865
634.024 0.946
634.986 0.962
635.948 0.962
636.833 0.885
637.682 0.849
638.5 0.818
639.326 0.826
640.09 0.764