0.000 0.849
0.849 0.849
1.7 0.851
2.57 0.87
3.413 0.843
4.283 0.87
5.125 0.842
5.991 0.866
6.831 0.84
7.673 0.842
8.528 0.855
9.324 0.796
10.16 0.836
10.922 0.762
11.788 0.866
12.692 0.904
13.524 0.832
14.358 0.834
15.21 0.852
15.953 0.743
16.282 0.329
16.623 0.341
17.479 0.856
18.257 0.778
19.068 0.811
19.901 0.833
20.765 0.864
21.567 0.802
22.376 0.809
23.168 0.792
23.914 0.746
24.652 0.738
25.53 0.878
26.376 0.846
27.168 0.792
28.028 0.86
28.941 0.913
29.848 0.907
30.65 0.802
31.458 0.808
32.312 0.854
33.225 0.913
34.111 0.886
35.033 0.922
35.915 0.882
36.723 0.808
37.52 0.797
38.276 0.756
39.005 0.729
39.722 0.717
40.597 0.875
41.5 0.903
42.337 0.837
43.233 0.896
44.062 0.829
44.98 0.918
45.878 0.898
46.719 0.841
47.535 0.816
48.358 0.823
49.226 0.868
50.086 0.86
50.898 0.812
51.714 0.816
52.515 0.801
53.28 0.765
54.138 0.858
54.981 0.843
55.78 0.799
56.648 0.868
57.605 0.957
58.491 0.886
59.387 0.896
60.256 0.869
61.135 0.879
62.046 0.911
62.88 0.834
63.818 0.938
64.672 0.854
65.612 0.94
66.491 0.879
67.418 0.927
68.353 0.935
69.264 0.911
70.128 0.864
70.971 0.843
71.717 0.746
72.532 0.815
73.327 0.795
74.31 0.983
75.282 0.972
76.256 0.974
77.214 0.958
78.086 0.872
78.954 0.868
79.807 0.853
80.712 0.905
81.686 0.974
82.62 0.934
83.623 1.003
84.653 1.03
85.637 0.984
86.577 0.94
87.639 1.062
88.673 1.034
89.69 1.017
90.701 1.011
91.6 0.899
92.571 0.971
93.586 1.015
94.556 0.97
95.579 1.023
96.588 1.009
97.602 1.014
98.6 0.998
99.499 0.899
100.46 0.961
101.31 0.85
102.124 0.814
102.865 0.741
103.56 0.695
104.235 0.675
104.933 0.698
105.635 0.702
106.321 0.686
107.048 0.727
107.877 0.829
108.748 0.871
109.452 0.704
110.243 0.791
111.08 0.837
112.034 0.954
113.032 0.998
114.004 0.972
114.914 0.91
115.789 0.875
116.64 0.851
117.579 0.939
118.541 0.962
119.56 1.019
120.647 1.087
121.746 1.099
122.802 1.056
123.803 1.001
124.849 1.046
125.797 0.948
126.784 0.987
127.607 0.823
128.52 0.913
129.465 0.945
130.3 0.835
131.455 1.155
132.416 0.961
133.441 1.025
134.522 1.081
135.423 0.901
136.277 0.854
137.155 0.878
138.012 0.857
138.823 0.811
139.667 0.844
140.446 0.779
141.193 0.747
141.97 0.777
142.773 0.803
143.501 0.728
144.215 0.714
144.919 0.704
145.656 0.737
146.513 0.857
147.405 0.892
148.208 0.803
149.001 0.793
149.829 0.828
150.723 0.894
151.679 0.956
152.553 0.874
153.395 0.842
154.209 0.814
155.036 0.827
155.914 0.878
156.719 0.805
157.602 0.883
158.527 0.925
159.464 0.937
160.335 0.871
161.276 0.941
162.234 0.958
163.094 0.86
164.075 0.981
165.03 0.955
165.891 0.861
166.795 0.904
167.665 0.87
168.513 0.848
169.402 0.889
170.278 0.876
171.114 0.836
172.049 0.935
172.975 0.926
173.957 0.982
174.912 0.955
175.731 0.819
176.58 0.849
177.381 0.801
178.215 0.834
179.05 0.835
179.971 0.921
180.862 0.891
181.677 0.815
182.584 0.907
183.532 0.948
184.466 0.934
185.471 1.005
186.361 0.89
187.341 0.98
188.258 0.917
189.171 0.913
190.045 0.874
190.915 0.87
191.854 0.939
192.805 0.951
193.753 0.948
194.759 1.006
195.63 0.871
196.614 0.984
197.591 0.977
198.489 0.898
199.458 0.969
200.433 0.975
201.328 0.895
202.301 0.973
203.247 0.946
204.189 0.942
205.16 0.971
206.022 0.862
206.988 0.966
207.875 0.887
208.747 0.872
209.651 0.904
210.553 0.902
211.477 0.924
212.302 0.825
213.254 0.952
214.151 0.897
214.944 0.793
215.825 0.881
216.74 0.915
217.638 0.898
218.533 0.895
219.428 0.895
220.31 0.882
221.209 0.899
222.066 0.857
222.929 0.863
223.73 0.801
224.623 0.893
225.501 0.878
226.318 0.817
227.112 0.794
228.003 0.891
229.017 1.014
229.911 0.894
230.909 0.998
231.867 0.958
232.823 0.956
233.751 0.928
234.678 0.927
235.539 0.861
236.452 0.913
237.418 0.966
238.37 0.952
239.378 1.008
240.279 0.901
241.171 0.892
242.053 0.882
242.841 0.788
243.649 0.808
244.538 0.889
245.446 0.908
246.489 1.043
247.483 0.994
248.385 0.902
249.389 1.004
250.331 0.942
251.222 0.891
252.144 0.922
253.014 0.87
253.918 0.904
254.824 0.906
255.668 0.844
256.602 0.934
257.539 0.937
258.386 0.847
259.285 0.899
260.125 0.84
261.043 0.918
261.885 0.842
262.664 0.779
263.442 0.778
264.305 0.863
265.256 0.951
266.058 0.802
266.965 0.907
267.83 0.865
268.734 0.904
269.667 0.933
270.518 0.851
271.348 0.83
272.174 0.826
273.067 0.893
273.931 0.864
274.754 0.823
275.557 0.803
276.366 0.809
277.155 0.789
277.967 0.812
278.804 0.837
279.662 0.858
280.475 0.813
281.366 0.891
282.227 0.861
283.001 0.774
283.836 0.835
284.671 0.835
285.518 0.847
286.472 0.954
287.355 0.883
288.306 0.951
289.243 0.937
290.087 0.844
291.011 0.924
291.958 0.947
292.84 0.882
293.817 0.977
294.786 0.969
295.727 0.941
296.727 1.0
297.65 0.923
298.617 0.967
299.58 0.963
300.433 0.853
301.342 0.909
302.257 0.915
303.109 0.852
304.077 0.968
305.033 0.956
306.043 1.01
307.017 0.974
307.95 0.933
308.917 0.967
309.798 0.881
310.72 0.922
311.574 0.854
312.444 0.87
313.322 0.878
314.194 0.872
315.134 0.94
316.119 0.985
317.049 0.93
318.018 0.969
318.982 0.964
319.896 0.914
320.824 0.928
321.661 0.837
322.471 0.81
323.295 0.824
324.244 0.949
325.214 0.97
326.175 0.961
327.087 0.912
328.056 0.969
329.045 0.989
329.969 0.924
330.887 0.918
331.787 0.9
332.579 0.792
333.498 0.919
334.433 0.935
335.356 0.923
336.35 0.994
337.27 0.92
338.303 1.033
339.284 0.981
340.294 1.01
341.265 0.971
342.175 0.91
343.102 0.927
343.865 0.763
344.686 0.821
345.61 0.924
346.473 0.863
347.592 1.119
348.512 0.92
349.511 0.999
350.488 0.977
351.432 0.944
352.448 1.016
353.33 0.882
354.284 0.954
355.138 0.854
355.929 0.791
356.707 0.778
357.508 0.801
358.501 0.993
359.444 0.943
360.535 1.091
361.565 1.03
362.584 1.019
363.481 0.897
364.434 0.953
365.374 0.94
366.277 0.903
367.135 0.858
367.981 0.846
368.782 0.801
369.522 0.74
370.246 0.724
371.013 0.767
371.834 0.821
372.64 0.806
373.437 0.797
374.254 0.817
375.108 0.854
375.959 0.851
376.784 0.825
377.614 0.83
378.405 0.791
379.156 0.751
379.961 0.805
380.855 0.894
381.881 1.026
382.901 1.02
383.842 0.941
384.832 0.99
385.817 0.985
386.788 0.971
387.679 0.891
388.627 0.948
389.57 0.943
390.445 0.875
391.342 0.897
392.236 0.894
393.109 0.873
394.007 0.898
394.936 0.929
395.806 0.87
396.774 0.968
397.752 0.978
398.691 0.939
399.663 0.972
400.518 0.855
401.346 0.828
402.132 0.786
402.875 0.743
403.657 0.782
404.491 0.834
405.335 0.844
406.252 0.917
407.202 0.95
408.142 0.94
409.071 0.929
409.968 0.897
410.84 0.872
411.64 0.8
412.446 0.806
413.22 0.774
413.964 0.744
414.75 0.786
415.533 0.783
416.302 0.769
417.04 0.738
417.753 0.713
418.448 0.695
419.124 0.676
419.782 0.658
420.451 0.669
421.171 0.72
421.993 0.822
422.89 0.897
423.715 0.825
424.593 0.878
425.426 0.833
426.315 0.889
427.174 0.859
427.942 0.768
428.738 0.796
429.524 0.786
430.291 0.767
431.106 0.815
431.933 0.827
432.787 0.854
433.653 0.866
434.518 0.865
435.372 0.854
436.14 0.768
436.943 0.803
437.775 0.832
438.597 0.822
439.379 0.782
440.068 0.689
440.754 0.686
441.459 0.705
442.172 0.713
442.919 0.747
443.717 0.798
444.544 0.827
445.355 0.811
446.145 0.79
446.922 0.777
447.735 0.813
448.574 0.839
449.436 0.862
450.209 0.773
451.016 0.807
451.912 0.896
452.749 0.837
453.632 0.883
454.49 0.858
455.442 0.952
456.419 0.977
457.386 0.967
458.332 0.946
459.244 0.912
460.127 0.883
461.009 0.882
461.839 0.83
462.725 0.886
463.633 0.908
464.629 0.996
465.611 0.982
466.495 0.884
467.449 0.954
468.315 0.866
469.274 0.959
470.077 0.803
470.805 0.728
471.524 0.719
472.243 0.719
472.977 0.734
473.817 0.84
474.618 0.801
475.433 0.815
476.195 0.762
476.987 0.792
477.854 0.867
478.8 0.946
479.665 0.865
480.544 0.879
481.461 0.917
482.301 0.84
483.325 1.024
484.269 0.944
485.112 0.843
486.022 0.91
486.934 0.912
487.846 0.912
488.734 0.888
489.556 0.822
490.328 0.772
491.035 0.707
491.731 0.696
492.431 0.7
493.165 0.734
493.975 0.81
494.711 0.736
495.521 0.81
496.398 0.877
497.289 0.891
498.037 0.748
498.849 0.812
499.608 0.759
500.405 0.797
501.162 0.757
501.893 0.731
502.607 0.714
503.311 0.704
504.003 0.692
504.687 0.684
505.349 0.662
505.995 0.646
506.618 0.623
507.223 0.605
507.845 0.622
508.432 0.587
509.031 0.599
509.665 0.634
510.384 0.719
511.181 0.797
511.981 0.8
512.714 0.733
513.431 0.717
514.155 0.724
514.874 0.719
515.125 0.251
515.56 0.435
516.27 0.71
516.975 0.705
517.842 0.867
518.621 0.779
519.365 0.744
520.129 0.764
520.88 0.751
521.605 0.725
522.351 0.746
523.112 0.761
523.954 0.842
524.819 0.865
525.715 0.896
526.61 0.895
527.485 0.875
528.335 0.85
529.244 0.909
530.172 0.928
531.088 0.916
531.987 0.899
532.745 0.758
533.569 0.824
534.423 0.854
535.347 0.924
536.194 0.847
536.991 0.797
537.863 0.872
538.747 0.884
539.558 0.811
540.322 0.764
541.136 0.814
541.871 0.735
542.605 0.734
543.312 0.707
544.016 0.704
544.754 0.738
545.494 0.74
546.198 0.704
546.961 0.763
547.738 0.777
548.513 0.775
549.227 0.714
549.919 0.692
550.584 0.665
551.251 0.667
551.739 0.488
552.64 0.901
553.325 0.685
553.989 0.664
554.67 0.681
555.357 0.687
556.045 0.688
556.739 0.694
557.467 0.728
558.342 0.875
559.189 0.847
560.021 0.832
561.013 0.992
562.1 1.087
563.102 1.002
564.093 0.991
565.099 1.006
566.082 0.983
567.032 0.95
567.962 0.93
568.882 0.92
569.833 0.951
570.742 0.909
571.738 0.996
572.667 0.929
573.477 0.81
574.348 0.871
575.225 0.877
576.03 0.805
576.942 0.912
577.84 0.898
578.672 0.832
579.547 0.875
580.431 0.884
581.284 0.853
582.141 0.857
583.034 0.893
583.939 0.905
584.79 0.851
585.705 0.915
586.598 0.893
587.475 0.877
588.35 0.875
589.06 0.71
589.877 0.817
590.703 0.826
591.696 0.993
592.638 0.942
593.523 0.885
594.376 0.853
595.215 0.839
596.097 0.882
596.988 0.891
597.853 0.865
598.71 0.857
599.561 0.851
600.427 0.866