0.000 6.999
6.999 6.999
7.705 0.706
9.134 1.429
9.87 0.736
10.604 0.734
11.323 0.719
12.079 0.756
12.798 0.719
13.555 0.757
14.314 0.759
15.105 0.791
15.866 0.761
16.64 0.774
17.4 0.76
18.151 0.751
18.885 0.734
19.641 0.756
19.906 0.265
20.169 0.263
20.744 0.575
21.032 0.288
21.427 0.395
22.135 0.708
22.459 0.324
28.051 5.592
28.927 0.876
29.795 0.868
30.656 0.861
30.912 0.256
31.383 0.471
32.198 0.815
34.711 2.513
35.579 0.868
35.854 0.275
36.166 0.312
36.73 0.564
37.187 0.457
37.776 0.589
38.14 0.364
39.501 1.361
40.019 0.518
43.551 3.532
44.343 0.792
45.111 0.768
45.918 0.807
46.8 0.882
47.722 0.922
48.594 0.872
49.384 0.79
50.102 0.718
50.808 0.706
51.555 0.747
52.582 1.027
53.671 1.089
54.666 0.995
55.616 0.95
56.488 0.872
57.31 0.822
58.129 0.819
59.057 0.928
60.045 0.988
61.066 1.021
62.022 0.956
62.928 0.906
63.867 0.939
64.784 0.917
65.613 0.829
66.398 0.785
67.191 0.793
68.042 0.851
68.907 0.865
69.85 0.943
70.698 0.848
71.553 0.855
72.349 0.796
73.129 0.78
74.065 0.936
74.995 0.93
75.855 0.86
76.725 0.87
77.651 0.926
78.676 1.025
79.652 0.976
80.59 0.938
81.457 0.867
82.313 0.856
83.201 0.888
84.214 1.013
85.205 0.991
86.154 0.949
87.064 0.91
87.932 0.868
88.765 0.833
89.604 0.839
90.623 1.019
91.678 1.055
92.665 0.987
93.601 0.936
94.434 0.833
95.215 0.781
95.984 0.769
96.803 0.819
97.836 1.033
98.831 0.995
99.712 0.881
100.579 0.867
101.404 0.825
102.223 0.819
103.027 0.804
103.81 0.783
104.564 0.754
105.288 0.724
105.988 0.7
106.684 0.696
107.403 0.719
108.181 0.778
108.973 0.792
109.813 0.84
110.709 0.896
111.545 0.836
112.348 0.803
113.149 0.801
113.979 0.83
114.757 0.778
115.551 0.794
116.284 0.733
117.003 0.719
117.73 0.727
118.464 0.734
119.207 0.743
120.1 0.893
120.943 0.843
121.774 0.831
122.323 0.549
123.311 0.988
124.014 0.703
124.7 0.686
125.373 0.673
126.053 0.68
126.822 0.769
127.733 0.911
128.595 0.862
129.423 0.828
130.022 0.599
130.277 0.255
130.573 0.296
130.887 0.314
131.994 1.107
132.494 0.5
133.041 0.547
133.423 0.382
133.729 0.306
134.018 0.289
134.305 0.287
134.807 0.502
135.128 0.321
135.391 0.263
136.99 1.599
137.241 0.251
143.998 6.757
144.879 0.881
145.73 0.851
146.481 0.751
147.231 0.75
147.997 0.766
148.871 0.874
149.903 1.032
150.896 0.993
151.866 0.97
152.824 0.958
153.708 0.884
154.575 0.867
155.421 0.846
156.293 0.872
157.138 0.845
157.994 0.856
158.927 0.933
159.848 0.921
160.129 0.281
160.819 0.69
161.675 0.856
162.478 0.803
163.255 0.777
164.16 0.905
165.136 0.976
166.044 0.908
166.93 0.886
167.766 0.836
168.601 0.835
169.526 0.925
170.506 0.98
171.528 1.022
172.5 0.972
173.424 0.924
174.296 0.872
175.154 0.858
176.099 0.945
177.131 1.032
178.068 0.937
178.935 0.867
179.781 0.846
180.638 0.857
181.563 0.925
182.637 1.074
183.678 1.041
184.688 1.01
185.662 0.974
186.536 0.874
187.366 0.83
188.187 0.821
189.024 0.837
189.949 0.925
190.99 1.041
192.078 1.088
193.087 1.009
193.979 0.892
194.814 0.835
195.615 0.801
196.425 0.81
197.425 1.0
198.428 1.003
199.474 1.046
200.453 0.979
201.392 0.939
202.29 0.898
203.141 0.851
203.952 0.811
204.793 0.841
205.83 1.037
206.853 1.023
207.78 0.927
208.593 0.813
209.36 0.767
210.178 0.818
211.287 1.109
212.286 0.999
213.207 0.921
214.082 0.875
214.921 0.839
215.788 0.867
216.84 1.052
217.808 0.968
218.787 0.979
219.713 0.926
220.57 0.857
221.376 0.806
222.199 0.823
223.165 0.966
224.219 1.054
225.165 0.946
226.071 0.906
226.93 0.859
227.775 0.845
228.679 0.904
229.672 0.993
230.689 1.017
231.564 0.875
232.404 0.84
233.271 0.867
234.196 0.925
235.189 0.993
236.194 1.005
237.126 0.932
238.061 0.935
238.998 0.937
239.903 0.905
240.752 0.849
241.584 0.832
242.511 0.927
243.588 1.077
244.577 0.989
245.461 0.884
246.264 0.803
247.024 0.76
247.789 0.765
248.648 0.859
249.778 1.13
250.097 0.319
250.655 0.558
251.44 0.785
252.224 0.784
253.04 0.816
253.998 0.958
255.019 1.021
256.043 1.024
257.035 0.992
257.936 0.901
258.769 0.833
259.572 0.803
260.407 0.835
261.404 0.997
262.36 0.956
263.344 0.984
264.236 0.892
265.074 0.838
265.932 0.858
266.884 0.952
267.929 1.045
268.894 0.965
269.774 0.88
270.627 0.853
271.532 0.905
272.494 0.962
273.404 0.91
274.268 0.864
275.149 0.881
276.11 0.961
277.033 0.923
277.897 0.864
278.721 0.824
279.579 0.858
280.511 0.932
281.444 0.933
282.346 0.902
283.202 0.856
283.998 0.796
284.776 0.778
285.593 0.817
286.475 0.882
287.008 0.533
287.284 0.276
287.716 0.432
288.091 0.375
288.44 0.349
288.71 0.27
288.964 0.254
289.308 0.344
289.751 0.443
290.135 0.384
290.389 0.254
292.698 2.309
294.986 2.288
296.334 1.348
296.783 0.449
302.63 0.656
303.306 0.676
304.063 0.757
304.808 0.745
305.573 0.765
306.382 0.809
307.3 0.918
308.219 0.919
309.156 0.937
310.047 0.891
310.908 0.861
311.726 0.818
312.573 0.847
313.466 0.893
314.402 0.936
315.325 0.923
316.17 0.845
316.978 0.808
317.77 0.792
318.605 0.835
319.544 0.939
320.487 0.943
321.406 0.919
322.306 0.9
323.247 0.941
324.217 0.97
325.148 0.931
326.008 0.86
326.849 0.841
327.673 0.824
328.647 0.974
329.666 1.019
330.628 0.962
331.589 0.961
332.506 0.917
333.418 0.912
334.357 0.939
335.347 0.99
336.321 0.974
337.218 0.897
338.08 0.862
338.934 0.854
339.772 0.838
340.599 0.827
341.485 0.886
342.52 1.035
343.531 1.011
344.463 0.932
345.347 0.884
346.187 0.84
347.035 0.848
347.881 0.846
348.804 0.923
349.846 1.042
350.804 0.958
351.723 0.919
352.596 0.873
353.467 0.871
354.334 0.867
355.252 0.918
356.216 0.964
357.214 0.998
358.168 0.954
359.067 0.899
359.946 0.879
360.796 0.85
361.664 0.868
362.613 0.949
363.575 0.962
364.507 0.932
365.391 0.884
366.217 0.826
367.056 0.839
367.886 0.83
368.736 0.85
369.664 0.928
370.624 0.96
371.544 0.92
372.459 0.915
373.354 0.895
374.252 0.898
375.235 0.983
376.208 0.973
377.107 0.899
377.972 0.865
378.822 0.85
379.645 0.823
380.464 0.819
381.348 0.884
382.306 0.958
383.243 0.937
384.142 0.899
385.019 0.877
385.906 0.887
386.811 0.905
387.715 0.904
388.609 0.894
389.483 0.874
390.331 0.848
391.193 0.862
392.157 0.964
393.201 1.044
394.184 0.983
395.119 0.935
395.978 0.859
396.812 0.834
397.637 0.825
398.54 0.903
399.568 1.028
400.523 0.955
401.474 0.951
402.404 0.93
403.328 0.924
404.212 0.884
405.143 0.931
406.095 0.952
407.002 0.907
407.929 0.927
408.815 0.886
409.654 0.839
410.48 0.826
411.349 0.869
412.307 0.958
413.312 1.005
414.257 0.945
415.195 0.938
416.148 0.953
417.07 0.922
417.96 0.89
418.859 0.899
419.74 0.881
420.586 0.846
421.459 0.873
422.34 0.881
423.192 0.852
424.032 0.84
424.838 0.806
425.632 0.794
426.49 0.858
427.506 1.016
428.497 0.991
429.418 0.921
430.256 0.838
431.049 0.793
431.826 0.777
432.62 0.794
433.499 0.879
434.399 0.9
435.236 0.837
436.139 0.903
437.06 0.921
437.943 0.883
438.769 0.826
439.576 0.807
440.354 0.778
441.186 0.832
441.998 0.812
442.781 0.783
443.576 0.795
444.436 0.86
445.372 0.936
446.283 0.911
447.161 0.878
448.004 0.843
448.849 0.845
449.726 0.877
450.59 0.864
451.438 0.848
452.3 0.862
453.205 0.905
454.242 1.037
455.251 1.009
456.15 0.899
457.005 0.855
457.842 0.837
458.644 0.802
459.449 0.805
460.329 0.88
461.329 1.0
462.331 1.002
463.288 0.957
464.223 0.935
465.102 0.879
465.947 0.845
466.749 0.802
467.568 0.819
468.454 0.886
469.377 0.923
470.315 0.938
471.238 0.923
472.126 0.888
472.952 0.826
473.735 0.783
474.585 0.85
475.541 0.956
476.508 0.967
477.4 0.892
478.258 0.858
479.11 0.852
479.944 0.834
480.755 0.811
481.559 0.804
482.402 0.843
483.371 0.969
484.399 1.028
485.45 1.051
486.471 1.021
487.439 0.968
488.377 0.938
489.321 0.944
490.296 0.975
491.267 0.971
492.23 0.963
493.172 0.942
494.089 0.917
495.034 0.945
495.994 0.96
496.932 0.938
497.791 0.859
498.622 0.831
499.408 0.786
500.179 0.771
501.02 0.841
502.018 0.998
502.995 0.977
503.915 0.92
504.782 0.867
505.602 0.82
506.425 0.823
507.244 0.819
508.098 0.854
508.935 0.837
509.758 0.823
510.6 0.842
511.494 0.894
512.453 0.959
513.434 0.981
514.329 0.895
515.177 0.848
515.98 0.803
516.768 0.788
517.624 0.856
518.558 0.934
519.498 0.94
520.396 0.898
521.261 0.865
522.099 0.838
522.936 0.837
523.761 0.825
524.593 0.832
525.462 0.869
526.391 0.929
527.33 0.939
528.218 0.888
529.041 0.823
529.822 0.781
530.586 0.764
531.426 0.84
532.456 1.03
533.455 0.999
534.426 0.971
535.302 0.876
536.136 0.834
536.928 0.792
537.718 0.79
538.535 0.817
539.413 0.878
540.276 0.863
541.131 0.855
541.988 0.857
542.772 0.784
543.501 0.729
544.237 0.736
545.027 0.79
545.916 0.889
546.83 0.914
547.69 0.86
548.516 0.826
549.309 0.793
550.097 0.788
550.915 0.818
551.722 0.807
552.504 0.782
553.25 0.746
553.987 0.737
554.748 0.761
555.607 0.859
556.522 0.915
557.395 0.873
558.242 0.847
559.036 0.794
559.8 0.764
560.588 0.788
561.45 0.862
562.29 0.84
563.125 0.835
563.919 0.794
564.725 0.806
565.534 0.809
566.335 0.801
567.146 0.811
567.95 0.804
568.741 0.791
569.53 0.789
570.321 0.791
571.104 0.783
571.864 0.76
572.612 0.748
573.363 0.751
574.119 0.756
574.911 0.792
575.714 0.803
576.477 0.763
577.229 0.752
578.04 0.811
578.899 0.859
579.757 0.858
580.599 0.842
581.42 0.821
582.222 0.802
582.993 0.771
583.782 0.789
584.593 0.811
585.439 0.846
586.399 0.96
587.369 0.97
588.274 0.905
589.142 0.868
589.967 0.825
590.777 0.81
591.612 0.835
592.549 0.937
593.473 0.924
594.376 0.903
595.234 0.858
596.057 0.823
596.836 0.779
597.598 0.762
598.366 0.768
599.222 0.856
600.248 1.026
601.22 0.972
601.722 0.502
602.125 0.403
602.992 0.867
603.863 0.871
604.697 0.834
605.476 0.779
606.246 0.77
607.047 0.801
607.862 0.815
608.631 0.769
609.405 0.774
610.189 0.784
610.939 0.75
611.651 0.712
612.34 0.689
613.009 0.669
613.683 0.674
614.337 0.654
614.992 0.655
615.651 0.659
616.292 0.641
616.938 0.646
617.59 0.652
618.248 0.658
618.905 0.657
619.573 0.668
620.246 0.673
620.928 0.682
621.612 0.684