0.000 0.806
0.806 0.806
1.555 0.749
2.254 0.699
3.552 1.298
4.213 0.661
4.85 0.637
5.48 0.63
6.105 0.625
6.724 0.619
7.351 0.627
7.954 0.603
8.572 0.618
9.212 0.64
9.876 0.664
10.6 0.724
11.35 0.75
12.062 0.712
12.71 0.648
13.351 0.641
13.964 0.613
14.573 0.609
15.176 0.603
15.779 0.603
16.377 0.598
16.96 0.583
17.528 0.568
18.082 0.554
18.627 0.545
19.173 0.546
19.749 0.576
20.373 0.624
21.059 0.686
21.782 0.723
22.497 0.715
23.17 0.673
23.8 0.63
24.402 0.602
24.986 0.584
25.557 0.571
26.119 0.562
26.68 0.561
27.243 0.563
27.818 0.575
28.437 0.619
29.125 0.688
30.041 0.916
31.001 0.96
31.96 0.959
32.853 0.893
33.643 0.79
34.371 0.728
35.057 0.686
35.709 0.652
36.343 0.634
36.959 0.616
37.563 0.604
38.159 0.596
38.748 0.589
39.329 0.581
39.909 0.58
40.508 0.599
41.131 0.623
41.824 0.693
42.505 0.681
43.195 0.69
43.896 0.701
44.575 0.679
45.245 0.67
45.909 0.664
46.555 0.646
47.184 0.629
47.785 0.601
48.365 0.58
48.941 0.576
49.505 0.564
50.064 0.559
50.625 0.561
51.199 0.574
51.782 0.583
52.371 0.589
52.988 0.617
53.633 0.645
54.32 0.687
55.039 0.719
55.77 0.731
56.469 0.699
57.119 0.65
57.729 0.61
58.315 0.586
58.878 0.563
59.428 0.55
59.97 0.542
60.508 0.538
61.046 0.538
61.566 0.52
62.109 0.543
62.639 0.53
63.184 0.545
63.749 0.565
64.353 0.604
64.991 0.638
65.639 0.648
66.238 0.599
66.817 0.579
67.367 0.55
67.928 0.561
68.502 0.574
69.076 0.574
69.672 0.596
70.289 0.617
70.908 0.619
71.495 0.587
72.059 0.564
72.604 0.545
73.139 0.535
73.687 0.548
74.261 0.574
74.901 0.64
75.796 0.895
76.653 0.857
77.465 0.812
78.218 0.753
78.907 0.689
79.56 0.653
80.173 0.613
80.766 0.593
81.342 0.576
81.909 0.567
82.469 0.56
83.028 0.559
83.581 0.553
84.142 0.561
84.7 0.558
85.264 0.564
85.836 0.572
86.414 0.578
87.002 0.588
87.595 0.593
88.189 0.594
88.76 0.571
89.328 0.568
89.87 0.542
90.4 0.53
90.944 0.544
91.488 0.544
92.022 0.534
92.587 0.565
93.161 0.574
93.757 0.596
94.358 0.601
94.978 0.62
95.601 0.623
96.175 0.574
96.765 0.59
97.345 0.58
97.924 0.579
98.494 0.57
99.068 0.574
99.632 0.564
100.2 0.568
100.77 0.57
101.341 0.571
101.919 0.578
102.5 0.581
103.082 0.582
103.667 0.585
104.211 0.544
104.763 0.552
105.323 0.56
105.895 0.572
106.498 0.603
107.177 0.679
107.901 0.724
108.6 0.699
109.26 0.66
109.9 0.64
110.517 0.617
111.117 0.6
111.702 0.585
112.278 0.576
112.836 0.558
113.399 0.563
113.961 0.562
114.535 0.574
115.137 0.602
115.791 0.654
116.518 0.727
117.283 0.765
118.03 0.747
118.728 0.698
119.386 0.658
120.009 0.623
120.605 0.596
121.205 0.6
121.806 0.601
122.418 0.612
123.057 0.639
123.705 0.648
124.355 0.65
124.988 0.633
125.605 0.617
126.22 0.615
126.83 0.61
127.441 0.611
128.055 0.614
128.664 0.609
129.27 0.606
129.865 0.595
130.458 0.593
131.044 0.586
131.618 0.574
132.189 0.571
132.761 0.572
133.335 0.574
133.911 0.576
134.493 0.582
135.079 0.586
135.68 0.601
136.293 0.613
136.905 0.612
137.493 0.588
138.061 0.568
138.633 0.572
139.224 0.591
139.812 0.588
140.451 0.639
141.121 0.67
141.795 0.674
142.45 0.655
143.079 0.629
143.684 0.605
144.264 0.58
144.82 0.556
145.36 0.54
145.89 0.53
146.419 0.529
146.969 0.55
147.743 0.774
148.88 1.137
149.882 1.002
150.817 0.935
151.77 0.953
152.658 0.888
153.42 0.762
154.113 0.693
154.764 0.651
155.398 0.634
156.018 0.62
156.629 0.611
157.235 0.606
157.835 0.6
158.432 0.597
159.026 0.594
159.623 0.597
160.226 0.603
160.843 0.617
161.479 0.636
162.122 0.643
162.773 0.651
163.41 0.637
163.99 0.58
164.598 0.608
165.192 0.594
165.787 0.595
166.386 0.599
166.987 0.601
167.588 0.601
168.187 0.599
168.78 0.593
169.366 0.586
169.942 0.576
170.487 0.545
171.043 0.556
171.59 0.547
172.136 0.546
172.695 0.559
173.303 0.608
174.004 0.701
174.763 0.759
175.51 0.747
176.227 0.717
176.901 0.674
177.552 0.651
178.18 0.628
178.794 0.614
179.395 0.601
179.989 0.594
180.58 0.591
181.176 0.596
181.788 0.612
182.432 0.644
183.128 0.696
183.88 0.752
184.652 0.772
185.351 0.699
186.03 0.679
186.689 0.659
187.327 0.638
187.956 0.629
188.575 0.619
189.188 0.613
189.776 0.588
190.366 0.59
190.954 0.588
191.545 0.591
192.145 0.6
192.739 0.594
193.34 0.601
193.946 0.606
194.569 0.623
195.23 0.661
195.962 0.732
196.709 0.747
197.404 0.695
198.047 0.643
198.654 0.607
199.25 0.596
199.832 0.582
200.412 0.58
201.012 0.6
201.657 0.645
202.35 0.693
203.055 0.705
203.719 0.664
204.395 0.676
205.045 0.65
205.69 0.645
206.335 0.645
206.972 0.637
207.594 0.622
208.204 0.61
208.802 0.598
209.393 0.591
209.981 0.588
210.569 0.588
211.158 0.589
211.746 0.588
212.335 0.589
212.912 0.577
213.484 0.572
214.043 0.559
214.597 0.554
215.174 0.577
215.772 0.598
216.427 0.655
217.155 0.728
217.898 0.743
218.61 0.712
219.278 0.668
219.912 0.634
220.524 0.612
221.118 0.594
221.698 0.58
222.273 0.575
222.839 0.566
223.392 0.553
223.938 0.546
224.477 0.539
225.034 0.557
225.629 0.595
226.482 0.853
227.414 0.932
228.334 0.92
229.166 0.832
229.889 0.723
230.536 0.647
231.149 0.613
231.737 0.588
232.313 0.576
232.882 0.569
233.447 0.565
234.018 0.571
234.604 0.586
235.201 0.597
235.808 0.607
236.418 0.61
237.034 0.616
237.651 0.617
238.267 0.616
238.876 0.609
239.48 0.604
240.079 0.599
240.67 0.591
241.254 0.584
241.831 0.577
242.407 0.576
242.978 0.571
243.547 0.569
244.109 0.562
244.671 0.562
245.226 0.555
245.747 0.521
246.287 0.54
246.826 0.539
247.369 0.543
247.937 0.568
248.669 0.732
249.467 0.798
250.251 0.784
250.987 0.736
251.642 0.655
252.268 0.626
252.86 0.592
253.435 0.575
254.0 0.565
254.561 0.561
255.12 0.559
255.682 0.562
256.247 0.565
256.816 0.569
257.394 0.578
257.982 0.588
258.583 0.601
259.191 0.608
259.798 0.607
260.411 0.613
261.03 0.619
261.648 0.618
262.268 0.62
262.881 0.613
263.483 0.602
264.083 0.6
264.68 0.597
265.276 0.596
265.888 0.612
266.516 0.628
267.156 0.64
267.815 0.659
268.469 0.654
269.133 0.664
269.795 0.662
270.438 0.643
271.07 0.632
271.69 0.62
272.303 0.613
272.916 0.613
273.524 0.608
274.127 0.603
274.741 0.614
275.373 0.632
276.04 0.667
276.763 0.723
277.469 0.706
278.158 0.689
278.822 0.664
279.466 0.644
280.092 0.626
280.696 0.604
281.291 0.595
281.878 0.587
282.471 0.593
283.081 0.61
283.722 0.641
284.384 0.662
285.085 0.701
285.799 0.714
286.532 0.733
287.204 0.672
287.845 0.641
288.46 0.615
289.061 0.601
289.662 0.601
290.269 0.607
290.887 0.618
291.498 0.611
292.096 0.598
292.684 0.588
293.27 0.586
293.853 0.583
294.435 0.582
295.025 0.59
295.622 0.597
296.236 0.614
296.861 0.625
297.501 0.64
298.152 0.651
298.807 0.655
299.453 0.646
300.092 0.639
300.719 0.627
301.34 0.621
301.958 0.618
302.573 0.615
303.184 0.611
303.797 0.613
304.41 0.613
305.032 0.622
305.663 0.631
306.309 0.646
306.948 0.639
307.606 0.658
308.268 0.662
308.94 0.672
309.6 0.66
310.231 0.631
310.859 0.628
311.48 0.621
312.104 0.624
312.735 0.631
313.356 0.621
313.994 0.638
314.632 0.638
315.284 0.652
315.948 0.664
316.593 0.645
317.235 0.642
317.865 0.63
318.488 0.623
319.108 0.62
319.717 0.609
320.313 0.596
320.91 0.597
321.501 0.591
322.104 0.603
322.732 0.628
323.398 0.666
324.065 0.667
324.723 0.658
325.374 0.651
326.017 0.643
326.651 0.634
327.269 0.618
327.871 0.602
328.46 0.589
329.05 0.59
329.634 0.584
330.219 0.585
330.817 0.598
331.443 0.626
332.078 0.635
332.708 0.63
333.333 0.625
333.975 0.642
334.637 0.662
335.33 0.693
336.005 0.675
336.645 0.64
337.247 0.602
337.834 0.587
338.408 0.574
338.983 0.575
339.559 0.576
340.13 0.571
340.711 0.581
341.302 0.591
341.902 0.6
342.507 0.605
343.1 0.593
343.692 0.592
344.278 0.586
344.88 0.602
345.507 0.627
346.17 0.663
346.827 0.657
347.482 0.655
348.123 0.641
348.757 0.634
349.376 0.619
349.973 0.597
350.565 0.592
351.147 0.582
351.733 0.586
352.327 0.594
352.931 0.604
353.537 0.606
354.144 0.607
354.755 0.611
355.371 0.616
356.003 0.632
356.648 0.645
357.28 0.632
357.897 0.617
358.483 0.586
359.071 0.588
359.646 0.575
360.207 0.561
360.755 0.548
361.296 0.541
361.836 0.54
362.378 0.542
362.927 0.549
363.476 0.549
364.031 0.555
364.59 0.559
365.154 0.564
365.768 0.614
366.587 0.819
367.444 0.857
368.303 0.859
369.122 0.819
369.866 0.744
370.525 0.659
371.162 0.637
371.768 0.606
372.349 0.581
372.923 0.574
373.492 0.569
374.063 0.571
374.618 0.555
375.217 0.599
375.807 0.59
376.423 0.616
377.094 0.671
377.856 0.762
378.647 0.791
379.395 0.748
380.095 0.7
380.763 0.668
381.406 0.643
382.031 0.625
382.64 0.609
383.237 0.597
383.834 0.597
384.442 0.608
385.084 0.642
385.796 0.712
386.617 0.821
387.411 0.794
388.139 0.728
388.836 0.697
389.502 0.666
390.152 0.65
390.787 0.635
391.413 0.626
392.016 0.603
392.609 0.593
393.208 0.599
393.813 0.605
394.449 0.636
395.133 0.684
395.845 0.712
396.52 0.675
397.172 0.652
397.818 0.646
398.446 0.628
399.07 0.624
399.692 0.622
400.317 0.625
400.93 0.613
401.555 0.625
402.182 0.627
402.83 0.648
403.502 0.672
404.163 0.661
404.849 0.686
405.516 0.667
406.171 0.655
406.796 0.625
407.421 0.625
408.036 0.615
408.658 0.622
409.29 0.632
409.926 0.636
410.572 0.646
411.225 0.653
411.902 0.677
412.611 0.709
413.342 0.731
414.04 0.698
414.72 0.68
415.368 0.648
416.002 0.634
416.626 0.624
417.238 0.612
417.853 0.615
418.47 0.617
419.109 0.639
419.773 0.664
420.389 0.616
421.053 0.664
421.706 0.653
422.39 0.684
423.08 0.69
423.749 0.669
424.37 0.621
424.965 0.595
425.533 0.568
426.084 0.551
426.648 0.564
427.222 0.574
427.859 0.637
428.83 0.971
429.77 0.94
430.619 0.849
431.411 0.792
432.127 0.716
432.8 0.673
433.432 0.632
434.051 0.619
434.659 0.608
435.258 0.599
435.861 0.603
436.466 0.605
437.072 0.606
437.678 0.606
438.29 0.612
438.903 0.613
439.514 0.611
440.123 0.609
440.729 0.606
441.33 0.601
441.927 0.597
442.526 0.599
443.12 0.594
443.707 0.587
444.296 0.589
444.886 0.59
445.487 0.601
446.112 0.625
446.769 0.657
447.43 0.661
448.089 0.659
448.753 0.664
449.416 0.663
450.083 0.667
450.758 0.675
451.412 0.654
452.06 0.648
452.699 0.639
453.334 0.635
453.967 0.633
454.59 0.623
455.197 0.607
455.808 0.611
456.421 0.613
457.066 0.645
457.755 0.689
458.472 0.717
459.27 0.798
460.105 0.835
460.914 0.809
461.69 0.776
462.416 0.726
463.099 0.683
463.739 0.64
464.362 0.623
464.973 0.611
465.583 0.61
466.205 0.622
466.852 0.647
467.502 0.65
468.189 0.687
468.9 0.711
469.666 0.766
470.423 0.757
471.169 0.746
471.881 0.712
472.563 0.682
473.21 0.647
473.837 0.627
474.46 0.623
475.071 0.611
475.682 0.611
476.307 0.625
476.946 0.639
477.619 0.673
478.324 0.705
479.08 0.756
479.864 0.784
480.588 0.724
481.27 0.682
481.954 0.684
482.612 0.658
483.256 0.644
483.896 0.64
484.496 0.6
485.086 0.59
485.661 0.575
486.228 0.567
486.798 0.57
487.39 0.592
488.009 0.619
488.646 0.637
489.329 0.683
490.064 0.735
490.913 0.849
491.757 0.844
492.546 0.789
493.275 0.729
493.946 0.671
494.587 0.641
495.215 0.628
495.83 0.615
496.422 0.592
497.008 0.586
497.602 0.594
498.204 0.602
498.841 0.637
499.529 0.688
500.237 0.708
500.652 0.415
501.558 0.906
502.179 0.621
502.783 0.604
503.375 0.592
503.949 0.574
504.521 0.572
505.093 0.572
505.677 0.584
506.305 0.628
507.102 0.797
507.929 0.827
508.742 0.813
509.544 0.802
510.33 0.786
511.096 0.766
511.794 0.698
512.472 0.678
513.129 0.657
513.772 0.643
514.409 0.637
515.035 0.626
515.64 0.605
516.244 0.604
516.843 0.599
517.439 0.596
518.046 0.607
518.663 0.617
519.287 0.624
519.928 0.641
520.586 0.658
521.267 0.681
521.944 0.677
522.641 0.697
523.334 0.693
524.017 0.683
524.658 0.641
525.297 0.639
525.925 0.628
526.548 0.623
527.173 0.625
527.783 0.61
528.399 0.616
529.015 0.616
529.642 0.627
530.274 0.632
530.923 0.649
531.58 0.657
532.254 0.674
532.922 0.668
533.54 0.618
534.154 0.614
534.76 0.606
535.367 0.607
535.97 0.603
536.571 0.601
537.165 0.594
537.753 0.588
538.334 0.581
538.898 0.564
539.462 0.564
540.024 0.562
540.592 0.568
541.188 0.596
541.832 0.644
542.553 0.721
543.303 0.75
543.985 0.682
544.65 0.665
545.313 0.663
545.967 0.654
546.623 0.656
547.269 0.646
547.911 0.642
548.54 0.629
549.157 0.617
549.758 0.601
550.341 0.583
550.902 0.561
551.454 0.552
552.001 0.547
552.55 0.549
553.127 0.577
553.812 0.685
554.589 0.777
555.402 0.813
556.256 0.854
557.107 0.851
557.917 0.81
558.641 0.724
559.336 0.695
559.978 0.642
560.579 0.601
561.165 0.586
561.748 0.583
562.337 0.589
562.931 0.594
563.522 0.591
564.113 0.591
564.708 0.595
565.302 0.594
565.894 0.592
566.482 0.588
567.038 0.556
567.588 0.55
568.13 0.542
568.663 0.533
569.197 0.534
569.733 0.536
570.263 0.53
570.788 0.525
571.311 0.523
571.832 0.521
572.33 0.498
572.841 0.511
573.346 0.505
573.849 0.503
574.348 0.499
574.85 0.502
575.356 0.506
575.868 0.512
576.386 0.518
576.909 0.523
577.438 0.529
577.98 0.542
578.531 0.551
579.086 0.555
579.649 0.563
580.22 0.571
580.801 0.581
581.39 0.589
581.978 0.588
582.563 0.585
583.142 0.579
583.718 0.576
584.292 0.574
584.864 0.572
585.433 0.569
585.998 0.565
586.56 0.562
587.125 0.565
587.695 0.57
588.274 0.579
588.866 0.592
589.459 0.593
590.048 0.589
590.656 0.608
591.271 0.615
591.904 0.633
592.565 0.661
593.236 0.671
593.877 0.641
594.5 0.623
595.119 0.619
595.736 0.617
596.346 0.61
596.962 0.616
597.579 0.617
598.194 0.615
598.814 0.62
599.458 0.644
600.115 0.657
600.801 0.686
601.517 0.716
602.231 0.714
602.895 0.664
603.535 0.64
604.152 0.617
604.754 0.602
605.35 0.596
605.948 0.598
606.549 0.601
607.179 0.63
607.849 0.67
608.744 0.895
609.503 0.759
610.245 0.742
610.937 0.692
611.613 0.676
612.282 0.669
612.928 0.646
613.563 0.635
614.192 0.629
614.81 0.618
615.415 0.605
615.98 0.565
616.558 0.578
617.129 0.571
617.715 0.586
618.332 0.617
618.995 0.663
619.66 0.665
620.319 0.659
620.989 0.67
621.652 0.663
622.311 0.659
622.958 0.647
623.582 0.624
624.206 0.624
624.821 0.615
625.431 0.61
626.035 0.604
626.62 0.585
627.207 0.587
627.786 0.579
628.364 0.578
628.946 0.582
629.518 0.572
630.101 0.583
630.688 0.587
631.276 0.588
631.868 0.592
632.458 0.59
633.048 0.59
633.643 0.595
634.252 0.609
634.876 0.624
635.494 0.618