0.000 0.379
0.379 0.379
1.083 0.704
1.789 0.706
2.549 0.76
3.32 0.771
4.05 0.73
4.813 0.763
5.589 0.776
6.364 0.775
7.129 0.765
7.959 0.83
8.723 0.764
9.467 0.744
10.23 0.763
10.994 0.764
13.104 2.11
13.919 0.815
14.796 0.877
15.674 0.878
16.484 0.81
17.323 0.839
18.222 0.899
19.052 0.83
19.822 0.77
20.626 0.804
21.586 0.96
22.55 0.964
23.445 0.895
24.419 0.974
25.45 1.031
26.386 0.936
27.282 0.896
28.118 0.836
28.948 0.83
29.835 0.887
30.687 0.852
31.633 0.946
32.516 0.883
33.45 0.934
34.429 0.979
35.354 0.925
36.253 0.899
37.16 0.907
38.075 0.915
38.944 0.869
39.81 0.866
40.705 0.895
41.546 0.841
42.423 0.877
43.302 0.879
44.173 0.871
45.12 0.947
46.018 0.898
46.933 0.915
47.82 0.887
48.677 0.857
49.449 0.772
50.253 0.804
51.183 0.93
52.057 0.874
53.009 0.952
53.917 0.908
54.882 0.965
55.809 0.927
56.728 0.919
57.665 0.937
58.547 0.882
59.439 0.892
60.322 0.883
61.196 0.874
62.082 0.886
62.998 0.916
63.894 0.896
64.761 0.867
65.667 0.906
66.634 0.967
67.618 0.984
68.528 0.91
69.437 0.909
70.394 0.957
71.358 0.964
72.222 0.864
73.112 0.89
74.057 0.945
75.008 0.951
75.845 0.837
76.703 0.858
77.518 0.815
78.297 0.779
79.073 0.776
79.99 0.917
80.964 0.974
81.951 0.987
82.877 0.926
83.782 0.905
84.676 0.894
85.55 0.874
86.394 0.844
87.193 0.799
87.987 0.794
88.893 0.906
89.761 0.868
90.691 0.93
91.573 0.882
92.434 0.861
93.319 0.885
94.213 0.894
95.048 0.835
95.913 0.865
96.868 0.955
97.836 0.968
98.77 0.934
99.681 0.911
100.588 0.907
101.439 0.851
102.286 0.847
103.232 0.946
104.158 0.926
105.041 0.883
105.94 0.899
106.853 0.913
107.732 0.879
108.672 0.94
109.647 0.975
110.642 0.995
111.575 0.933
112.61 1.035
113.631 1.021
114.596 0.965
115.583 0.987
116.533 0.95
117.54 1.007
118.672 1.132
119.706 1.034
120.788 1.082
121.811 1.023
122.839 1.028
123.867 1.028
124.863 0.996
125.892 1.029
126.858 0.966
127.836 0.978
128.768 0.932
129.678 0.91
130.673 0.995
131.551 0.878
132.434 0.883
133.369 0.935
134.328 0.959
135.254 0.926
136.219 0.965
137.177 0.958
138.12 0.943
139.063 0.943
139.956 0.893
140.831 0.875
141.751 0.92
142.642 0.891
143.533 0.891
144.464 0.931
145.375 0.911
146.24 0.865
147.157 0.917
148.116 0.959
149.034 0.918
149.93 0.896
150.863 0.933
151.764 0.901
152.627 0.863
153.577 0.95
154.597 1.02
155.51 0.913
156.441 0.931
157.409 0.968
158.324 0.915
159.236 0.912
160.167 0.931
161.122 0.955
162.038 0.916
163.008 0.97
164.021 1.013
164.97 0.949
165.889 0.919
166.832 0.943
167.736 0.904
168.614 0.878
169.568 0.954
170.551 0.983
171.472 0.921
172.442 0.97
173.445 1.003
174.406 0.961
175.338 0.932
176.329 0.991
177.262 0.933
178.164 0.902
179.119 0.955
180.059 0.94
180.983 0.924
181.997 1.014
182.946 0.949
183.859 0.913
184.788 0.929
185.682 0.894
186.616 0.934
187.533 0.917
188.459 0.926
189.452 0.993
190.401 0.949
191.357 0.956
192.327 0.97
193.241 0.914
194.159 0.918
195.09 0.931
195.976 0.886
196.899 0.923
197.878 0.979
198.798 0.92
199.676 0.878
200.607 0.931
201.579 0.972
202.498 0.919
203.432 0.934
204.404 0.972
205.316 0.912
206.21 0.894
207.159 0.949
208.133 0.974
209.041 0.908
209.955 0.914
210.918 0.963
211.816 0.898
212.709 0.893
213.601 0.892
214.512 0.911
215.415 0.903
216.278 0.863
217.157 0.879
218.051 0.894
218.893 0.842
219.768 0.875
220.654 0.886
221.501 0.847
222.392 0.891
223.274 0.882
224.142 0.868
225.055 0.913
225.963 0.908
226.847 0.884
227.811 0.964
228.786 0.975
229.714 0.928
230.623 0.909
231.583 0.96
232.54 0.957
233.45 0.91
234.365 0.915
235.288 0.923
236.164 0.876
237.079 0.915
237.994 0.915
238.855 0.861
239.768 0.913
240.768 1.0
241.758 0.99
242.72 0.962
243.718 0.998
244.731 1.013
245.724 0.993
246.633 0.909
247.554 0.921
248.469 0.915
249.323 0.854
250.221 0.898
251.226 1.005
252.214 0.988
253.203 0.989
254.204 1.001
255.136 0.932
256.08 0.944
257.043 0.963
257.953 0.91
258.82 0.867
259.739 0.919
260.751 1.012
261.691 0.94
262.616 0.925
263.518 0.902
264.362 0.844
265.835 1.473
266.643 0.808
267.55 0.907
268.455 0.905
269.327 0.872
270.205 0.878
271.081 0.876
271.967 0.886
272.829 0.862
273.619 0.79
274.431 0.812
275.251 0.82
276.076 0.825
276.927 0.851
277.832 0.905
278.789 0.957
279.711 0.922
280.668 0.957
281.612 0.944
282.514 0.902
283.44 0.926
284.357 0.917
285.298 0.941
286.233 0.935
287.121 0.888
288.002 0.881
288.901 0.899
289.808 0.907
290.691 0.883
291.622 0.931
292.625 1.003
293.552 0.927
294.479 0.927
295.433 0.954
296.371 0.938
297.292 0.921
298.218 0.926
299.084 0.866
299.936 0.852
300.88 0.944
301.873 0.993
302.831 0.958
303.751 0.92
304.725 0.974
305.671 0.946
306.557 0.886
307.462 0.905
308.376 0.914
309.247 0.871
310.148 0.901
311.087 0.939
311.975 0.888
312.929 0.954
313.915 0.986
314.856 0.941
315.833 0.977
316.745 0.912
317.632 0.887
318.574 0.942
319.514 0.94
320.38 0.866
321.281 0.901
322.235 0.954
323.156 0.921
324.074 0.918
325.083 1.009
326.075 0.992
326.997 0.922
327.883 0.886
328.788 0.905
329.708 0.92
330.605 0.897
331.562 0.957
332.564 1.002
333.524 0.96
334.485 0.961
335.401 0.916
336.281 0.88
337.139 0.858
337.995 0.856
338.827 0.832
339.678 0.851
340.705 1.027
341.636 0.931
342.576 0.94
343.515 0.939
344.404 0.889
345.333 0.929
346.277 0.944
347.184 0.907
348.112 0.928
349.014 0.902
349.877 0.863
350.749 0.872
351.681 0.932
352.597 0.916
353.502 0.905
354.477 0.975
355.428 0.951
356.396 0.968
357.445 1.049
358.427 0.982
359.364 0.937
360.305 0.941
361.24 0.935
362.134 0.894
363.061 0.927
363.963 0.902
364.811 0.848
365.684 0.873
366.622 0.938
367.53 0.908
368.434 0.904
369.398 0.964
370.358 0.96
371.263 0.905
372.173 0.91
373.088 0.915
373.975 0.887
374.85 0.875
375.763 0.913
376.624 0.861
378.1 1.476
378.842 0.742
379.812 0.97
380.787 0.975
381.757 0.97
382.719 0.962
383.63 0.911
384.518 0.888
385.329 0.811
386.126 0.797
386.938 0.812
387.74 0.802
388.547 0.807
389.419 0.872
390.336 0.917
391.303 0.967
392.236 0.933
393.111 0.875
393.99 0.879
394.866 0.876
395.701 0.835
396.466 0.765
397.195 0.729
397.966 0.771
398.914 0.948
399.832 0.918
400.76 0.928
401.738 0.978
402.646 0.908
403.509 0.863
404.35 0.841
405.152 0.802
405.939 0.787
406.769 0.83
407.656 0.887
408.525 0.869
409.429 0.904
410.328 0.899
411.187 0.859
412.076 0.889
412.989 0.913
413.844 0.855
414.674 0.83
415.556 0.882
416.455 0.899
417.343 0.888
418.277 0.934
419.173 0.896
420.072 0.899
420.989 0.917
421.894 0.905
422.77 0.876
423.587 0.817
424.387 0.8
425.21 0.823
426.043 0.833
426.883 0.84
427.722 0.839
428.583 0.861
429.457 0.874
430.285 0.828
431.111 0.826
431.966 0.855
432.738 0.772
433.515 0.777
434.351 0.836
435.241 0.89
436.04 0.799
436.807 0.767
437.617 0.81
438.444 0.827
439.24 0.796
440.117 0.877
440.952 0.835
441.73 0.778
442.53 0.8
443.388 0.858
444.276 0.888
445.128 0.852
446.0 0.872
446.879 0.879
447.674 0.795
448.466 0.792
449.266 0.8
450.066 0.8
450.88 0.814
451.814 0.934
452.764 0.95
453.642 0.878
454.521 0.879
455.358 0.837
456.129 0.771
456.911 0.782
457.757 0.846
458.632 0.875
459.542 0.91
460.471 0.929
461.377 0.906
462.297 0.92
463.222 0.925
464.087 0.865
464.928 0.841
465.8 0.872
466.673 0.873
467.59 0.917
468.566 0.976
469.494 0.928
470.444 0.95
471.404 0.96
472.284 0.88
473.145 0.861
473.989 0.844
474.812 0.823
475.647 0.835
476.626 0.979
477.609 0.983
478.574 0.965
479.609 1.035
480.554 0.945
481.445 0.891
482.275 0.83
483.075 0.8
483.797 0.722
484.513 0.716
485.238 0.725
486.066 0.828
486.993 0.927
487.896 0.903
488.878 0.982
489.838 0.96
490.749 0.911
491.7 0.951
492.653 0.953
493.551 0.898
494.486 0.935
495.439 0.953
496.337 0.898
497.233 0.896
498.22 0.987
499.276 1.056
500.253 0.977
501.183 0.93
502.1 0.917
502.978 0.878
503.818 0.84
504.6 0.782
505.318 0.718
506.001 0.683
506.691 0.69
507.386 0.695
508.07 0.684
508.786 0.716
509.516 0.73
510.28 0.764
511.025 0.745
511.753 0.728
512.516 0.763
513.316 0.8
514.144 0.828
514.959 0.815
515.844 0.885
516.754 0.91
517.647 0.893
518.559 0.912
519.438 0.879
520.339 0.901
521.325 0.986
522.299 0.974
523.275 0.976
524.314 1.039
525.363 1.049
526.302 0.939
527.236 0.934
528.225 0.989
529.183 0.958
530.11 0.927
531.103 0.993
532.071 0.968
533.017 0.946
534.032 1.015
535.059 1.027
535.997 0.938
536.983 0.986
537.954 0.971
538.892 0.938
539.879 0.987
540.84 0.961
541.778 0.938
542.814 1.036
543.81 0.996
544.808 0.998
545.851 1.043
546.8 0.949
547.75 0.95
548.691 0.941
549.598 0.907
550.519 0.921
551.37 0.851
552.2 0.83
553.063 0.863
553.999 0.936
554.877 0.878
555.789 0.912
556.776 0.987
557.807 1.031
558.714 0.907
559.651 0.937
560.587 0.936
561.5 0.913
562.349 0.849
563.156 0.807
563.997 0.841
564.99 0.993
565.894 0.904
566.784 0.89
567.749 0.965
568.673 0.924
569.564 0.891
570.522 0.958
571.513 0.991
572.43 0.917
573.374 0.944
574.311 0.937
575.168 0.857
576.076 0.908
577.046 0.97
577.962 0.916
578.879 0.917
579.882 1.003
580.814 0.932
582.388 1.574
583.177 0.789
584.072 0.895
585.041 0.969
585.964 0.923
586.889 0.925
587.817 0.928
588.729 0.912
589.637 0.908
590.559 0.922
591.47 0.911
592.419 0.949
593.374 0.955
594.278 0.904
595.246 0.968
596.264 1.018
597.217 0.953
598.191 0.974
599.216 1.025