0.000 0.718
0.718 0.718
1.422 0.704
2.107 0.685
2.812 0.705
3.497 0.685
4.203 0.706
4.941 0.738
5.742 0.801
6.484 0.742
7.221 0.737
7.93 0.709
8.627 0.697
9.314 0.687
10.007 0.693
10.691 0.684
11.368 0.677
12.057 0.689
12.742 0.685
13.442 0.7
14.151 0.709
14.862 0.711
15.542 0.68
16.274 0.732
16.966 0.692
17.652 0.686
18.187 0.535
19.045 0.858
19.736 0.691
20.413 0.677
21.093 0.68
21.374 0.281
21.781 0.407
22.458 0.677
23.124 0.666
23.474 0.35
23.806 0.332
24.495 0.689
25.219 0.724
25.94 0.721
26.653 0.713
27.375 0.722
28.099 0.724
28.815 0.716
29.569 0.754
30.327 0.758
30.593 0.266
31.066 0.473
31.852 0.786
32.714 0.862
33.592 0.878
33.862 0.27
34.423 0.561
35.216 0.793
35.987 0.771
36.743 0.756
37.502 0.759
38.321 0.819
38.682 0.361
39.089 0.407
39.343 0.254
41.689 2.346
42.744 1.055
43.68 0.936
44.591 0.911
45.488 0.897
46.364 0.876
47.195 0.831
48.04 0.845
48.872 0.832
49.749 0.877
50.687 0.938
51.58 0.893
52.406 0.826
53.249 0.843
54.156 0.907
55.081 0.925
56.003 0.922
56.919 0.916
57.797 0.878
58.683 0.886
59.642 0.959
60.613 0.971
61.538 0.925
62.466 0.928
63.407 0.941
64.325 0.918
65.231 0.906
66.13 0.899
66.983 0.853
67.864 0.881
68.704 0.84
69.558 0.854
70.454 0.896
71.292 0.838
72.198 0.906
73.034 0.836
73.881 0.847
74.809 0.928
75.662 0.853
76.477 0.815
77.277 0.8
78.198 0.921
79.059 0.861
79.919 0.86
80.807 0.888
81.654 0.847
82.522 0.868
83.414 0.892
84.282 0.868
84.699 0.417
85.213 0.514
86.021 0.808
86.805 0.784
87.589 0.784
88.357 0.768
89.117 0.76
89.924 0.807
90.723 0.799
91.521 0.798
92.27 0.749
93.02 0.75
93.752 0.732
94.512 0.76
95.287 0.775
96.053 0.766
96.434 0.381
96.748 0.314
97.045 0.297
97.363 0.318
98.192 0.829
98.849 0.657
99.508 0.659
100.161 0.653
100.825 0.664
101.503 0.678
102.21 0.707
102.949 0.739
103.767 0.818
104.569 0.802
105.435 0.866
106.247 0.812
107.096 0.849
108.071 0.975
109.12 1.049
110.155 1.035
111.101 0.946
111.971 0.87
112.823 0.852
113.699 0.876
114.631 0.932
115.503 0.872
116.418 0.915
117.471 1.053
118.538 1.067
119.463 0.925
120.369 0.906
121.303 0.934
122.291 0.988
123.3 1.009
124.307 1.007
125.262 0.955
126.2 0.938
127.154 0.954
128.1 0.946
129.051 0.951
130.008 0.957
130.9 0.892
131.744 0.844
132.521 0.777
133.246 0.725
133.965 0.719
134.739 0.774
135.708 0.969
136.724 1.016
137.748 1.024
138.748 1.0
139.663 0.915
140.6 0.937
141.461 0.861
142.313 0.852
143.234 0.921
144.146 0.912
145.147 1.001
146.179 1.032
147.122 0.943
148.052 0.93
149.017 0.965
149.954 0.937
150.906 0.952
151.797 0.891
152.629 0.832
153.403 0.774
154.161 0.758
154.934 0.773
155.722 0.788
156.499 0.777
157.463 0.964
158.333 0.87
159.275 0.942
160.301 1.026
161.303 1.002
162.211 0.908
163.145 0.934
164.08 0.935
164.955 0.875
165.937 0.982
167.007 1.07
168.005 0.998
168.987 0.982
169.969 0.982
170.913 0.944
171.9 0.987
172.906 1.006
173.877 0.971
174.871 0.994
175.779 0.908
176.64 0.861
177.468 0.828
178.315 0.847
179.212 0.897
180.145 0.933
181.076 0.931
181.978 0.902
182.865 0.887
183.766 0.901
184.656 0.89
185.539 0.883
186.385 0.846
187.192 0.807
188.013 0.821
188.827 0.814
189.642 0.815
190.597 0.955
191.623 1.026
192.585 0.962
193.538 0.953
194.517 0.979
195.424 0.907
196.337 0.913
197.281 0.944
198.181 0.9
199.083 0.902
200.091 1.008
201.089 0.998
201.999 0.91
202.943 0.944
203.866 0.923
204.822 0.956
205.795 0.973
206.708 0.913
207.587 0.879
208.585 0.998
209.587 1.002
210.508 0.921
211.51 1.002
212.468 0.958
213.349 0.881
214.213 0.864
215.188 0.975
216.124 0.936
217.024 0.9
217.985 0.961
218.92 0.935
219.792 0.872
220.724 0.932
221.649 0.925
222.569 0.92
223.569 1.0
224.449 0.88
225.318 0.869
226.207 0.889
227.04 0.833
227.958 0.918
228.965 1.007
229.942 0.977
230.919 0.977
231.93 1.011
232.834 0.904
233.724 0.89
234.64 0.916
235.507 0.867
236.378 0.871
237.297 0.919
238.17 0.873
239.062 0.892
239.914 0.852
240.778 0.864
241.685 0.907
242.562 0.877
243.419 0.857
244.198 0.779
244.938 0.74
245.651 0.713
246.362 0.711
247.089 0.727
247.85 0.761
248.735 0.885
249.687 0.952
250.586 0.899
251.451 0.865
252.264 0.813
253.057 0.793
253.858 0.801
254.678 0.82
255.448 0.77
256.226 0.778
257.089 0.863
258.018 0.929
258.961 0.943
259.853 0.892
260.718 0.865
261.616 0.898
262.531 0.915
263.401 0.87
264.319 0.918
265.29 0.971
266.229 0.939
267.236 1.007
268.27 1.034
269.241 0.971
270.248 1.007
271.254 1.006
272.167 0.913
273.065 0.898
274.022 0.957
275.017 0.995
275.933 0.916
276.856 0.923
277.806 0.95
278.684 0.878
279.591 0.907
280.538 0.947
281.418 0.88
282.311 0.893
283.226 0.915
284.138 0.912
285.004 0.866
285.906 0.902
286.878 0.972
287.852 0.974
288.775 0.923
289.677 0.902
290.555 0.878
291.467 0.912
292.341 0.874
293.212 0.871
294.094 0.882
294.96 0.866
295.775 0.815
296.56 0.785
297.381 0.821
298.237 0.856
299.047 0.81
299.88 0.833
300.671 0.791
301.426 0.755
302.162 0.736
302.887 0.725
303.604 0.717
304.334 0.73
305.104 0.77
306.001 0.897
306.884 0.883
307.731 0.847
308.624 0.893
309.563 0.939
310.444 0.881
311.332 0.888
312.249 0.917
313.136 0.887
314.006 0.87
314.968 0.962
315.94 0.972
316.867 0.927
317.84 0.973
318.797 0.957
319.701 0.904
320.654 0.953
321.521 0.867
322.409 0.888
323.377 0.968
324.352 0.975
325.236 0.884
326.067 0.831
326.873 0.806
327.703 0.83
328.514 0.811
329.326 0.812
330.234 0.908
331.135 0.901
331.994 0.859
332.889 0.895
333.814 0.925
334.722 0.908
335.62 0.898
336.472 0.852
337.292 0.82
338.078 0.786
338.87 0.792
339.676 0.806
340.537 0.861
341.438 0.901
342.326 0.888
343.224 0.898
344.093 0.869
344.979 0.886
345.883 0.904
346.775 0.892
347.654 0.879
348.562 0.908
349.461 0.899
350.316 0.855
351.203 0.887
352.142 0.939
353.058 0.916
354.013 0.955
354.978 0.965
355.837 0.859
356.666 0.829
357.501 0.835
358.345 0.844
358.623 0.278
358.884 0.261
359.139 0.255
360.59 1.451
361.376 0.786
362.238 0.862
363.077 0.839
363.852 0.775
364.636 0.784
365.423 0.787
366.22 0.797
367.054 0.834
367.909 0.855
368.742 0.833
369.596 0.854
370.467 0.871
371.354 0.887
372.221 0.867
373.082 0.861
373.98 0.898
374.921 0.941
375.849 0.928
376.783 0.934
377.705 0.922
378.569 0.864
379.412 0.843
380.233 0.821
381.046 0.813
381.825 0.779
382.57 0.745
383.373 0.803
384.196 0.823
385.081 0.885
385.984 0.903
386.925 0.941
387.865 0.94
388.733 0.868
389.602 0.869
390.475 0.873
391.285 0.81
392.081 0.796
392.866 0.785
393.672 0.806
394.492 0.82
395.266 0.774
396.022 0.756
396.743 0.721
397.455 0.712
398.144 0.689
398.817 0.673
399.498 0.681
400.177 0.679
400.898 0.721
401.657 0.759
402.423 0.766
403.211 0.788
404.024 0.813
404.844 0.82
405.656 0.812
406.467 0.811
407.249 0.782
408.013 0.764
408.76 0.747
409.484 0.724
410.193 0.709
410.875 0.682
411.54 0.665
412.187 0.647
412.82 0.633
413.454 0.634
414.084 0.63
414.788 0.704
415.651 0.863
416.461 0.81
417.355 0.894
418.288 0.933
419.134 0.846
419.9 0.766
420.628 0.728
421.331 0.703
422.061 0.73
422.851 0.79
423.877 1.026
424.887 1.01
425.883 0.996
426.817 0.934
427.77 0.953
428.745 0.975
429.677 0.932
430.571 0.894
431.451 0.88
432.354 0.903
433.246 0.892
434.195 0.949
435.257 1.062
436.319 1.062
437.353 1.034
438.369 1.016
439.391 1.022
440.4 1.009
441.402 1.002
442.374 0.972
443.299 0.925
444.184 0.885
445.159 0.975
446.235 1.076
447.251 1.016
448.238 0.987
449.275 1.037
450.29 1.015
451.241 0.951
452.165 0.924
453.141 0.976
454.116 0.975
455.022 0.906
455.881 0.859
456.774 0.893
457.706 0.932
458.608 0.902
459.544 0.936
460.517 0.973
461.443 0.926
462.326 0.883
463.236 0.91
464.151 0.915
465.032 0.881
465.967 0.935
466.935 0.968
467.856 0.921
468.799 0.943
469.744 0.945
470.648 0.904
471.589 0.941
472.573 0.984
473.516 0.943
474.463 0.947
475.433 0.97
476.352 0.919
477.227 0.875
478.119 0.892
479.013 0.894
479.871 0.858
480.796 0.925
481.754 0.958
482.676 0.922
483.63 0.954
484.606 0.976
485.517 0.911
486.443 0.926
487.392 0.949
488.301 0.909
489.266 0.965
490.249 0.983
491.16 0.911
492.089 0.929
493.022 0.933
493.922 0.9
494.924 1.002
495.919 0.995
496.85 0.931
497.831 0.981
498.775 0.944
499.658 0.883
500.567 0.909
501.508 0.941
502.417 0.909
503.303 0.886
504.232 0.929
505.214 0.982
506.118 0.904
507.008 0.89
507.924 0.916
508.81 0.886
509.647 0.837
510.494 0.847
511.428 0.934
512.355 0.927
513.277 0.922
514.259 0.982
515.219 0.96
516.202 0.983
517.211 1.009
518.137 0.926
519.023 0.886
519.934 0.911
520.838 0.904
521.704 0.866
522.557 0.853
523.359 0.802
524.154 0.795
524.93 0.776
525.748 0.818
526.632 0.884
527.484 0.852
528.306 0.822
529.105 0.799
529.879 0.774
530.646 0.767
531.432 0.786
532.161 0.729
532.877 0.716
533.549 0.672
534.209 0.66
534.864 0.655
535.527 0.663
536.201 0.674
536.882 0.681
537.599 0.717
538.368 0.769
539.127 0.759
539.903 0.776
540.72 0.817
541.549 0.829
542.356 0.807
543.143 0.787
543.948 0.805
544.782 0.834
545.581 0.799
546.357 0.776
547.174 0.817
548.071 0.897
548.966 0.895
549.808 0.842
550.67 0.862
551.648 0.978
552.591 0.943
553.472 0.881
554.36 0.888
555.29 0.93
556.207 0.917
556.623 0.416
557.773 1.15
558.484 0.711
559.182 0.698
559.905 0.723
560.643 0.738
561.373 0.73
562.16 0.787
563.022 0.862
563.93 0.908
564.825 0.895
565.671 0.846
566.567 0.896
567.497 0.93
568.395 0.898
569.255 0.86
570.097 0.842
570.913 0.816
571.78 0.867
572.699 0.919
573.623 0.924
574.618 0.995
575.612 0.994
576.622 1.01
577.575 0.953
578.553 0.978
579.5 0.947
580.42 0.92
581.324 0.904
582.232 0.908
583.225 0.993
584.249 1.024
584.521 0.272
585.148 0.627
586.059 0.911
586.996 0.937
587.936 0.94
588.917 0.981
589.839 0.922
590.741 0.902
591.59 0.849
592.393 0.803
593.235 0.842
594.137 0.902
594.998 0.861
595.894 0.896
596.862 0.968
597.792 0.93
598.741 0.949
599.677 0.936
600.584 0.907
601.424 0.84
602.239 0.815
603.064 0.825
603.851 0.787
604.614 0.763
605.36 0.746
606.165 0.805
607.118 0.953
608.005 0.887
608.863 0.858
609.743 0.88
610.706 0.963
611.619 0.913
612.467 0.848
613.253 0.786
614.027 0.774
614.828 0.801
615.672 0.844
616.486 0.814
617.307 0.821
618.17 0.863