0.000 0.656
0.656 0.656
1.296 0.64
1.946 0.65
2.66 0.714
3.373 0.713
4.335 0.962
5.199 0.864
5.913 0.714
6.601 0.688
7.269 0.668
7.937 0.668
8.567 0.63
9.188 0.621
9.819 0.631
10.47 0.651
11.147 0.677
11.782 0.635
12.42 0.638
13.07 0.65
13.713 0.643
14.351 0.638
15.001 0.65
15.641 0.64
16.299 0.658
17.035 0.736
17.75 0.715
18.426 0.676
19.107 0.681
19.793 0.686
20.451 0.658
21.096 0.645
21.717 0.621
22.33 0.613
22.945 0.615
23.594 0.649
24.376 0.782
25.141 0.765
25.874 0.733
26.611 0.737
27.33 0.719
28.036 0.706
28.702 0.666
29.375 0.673
30.112 0.737
31.093 0.981
31.847 0.754
32.569 0.722
33.286 0.717
33.993 0.707
34.662 0.669
35.371 0.709
36.15 0.779
36.982 0.832
37.728 0.746
38.446 0.718
39.169 0.723
39.887 0.718
40.564 0.677
41.244 0.68
41.932 0.688
42.62 0.688
43.281 0.661
43.946 0.665
44.633 0.687
45.324 0.691
45.993 0.669
46.641 0.648
47.299 0.658
47.964 0.665
48.648 0.684
49.332 0.684
50.024 0.692
50.708 0.684
51.386 0.678
52.09 0.704
52.816 0.726
53.521 0.705
54.222 0.701
54.909 0.687
55.578 0.669
56.271 0.693
56.962 0.691
57.645 0.683
58.3 0.655
58.975 0.675
59.665 0.69
60.324 0.659
60.976 0.652
61.65 0.674
62.329 0.679
62.995 0.666
63.704 0.709
64.404 0.7
65.084 0.68
65.79 0.706
66.489 0.699
67.152 0.663
67.817 0.665
68.465 0.648
69.107 0.642
69.748 0.641
70.433 0.685
71.167 0.734
71.993 0.826
72.732 0.739
73.538 0.806
74.276 0.738
75.021 0.745
75.765 0.744
76.469 0.704
77.159 0.69
77.845 0.686
78.517 0.672
79.168 0.651
79.8 0.632
80.432 0.632
81.106 0.674
81.88 0.774
82.72 0.84
83.457 0.737
84.177 0.72
84.87 0.693
85.562 0.692
86.226 0.664
86.88 0.654
87.561 0.681
88.343 0.782
89.132 0.789
89.927 0.795
90.752 0.825
91.561 0.809
92.268 0.707
92.953 0.685
93.618 0.665
94.274 0.656
94.946 0.672
95.617 0.671
96.35 0.733
97.155 0.805
97.937 0.782
98.677 0.74
99.375 0.698
100.069 0.694
100.773 0.704
101.49 0.717
102.295 0.805
103.023 0.728
103.708 0.685
104.405 0.697
105.075 0.67
105.746 0.671
106.454 0.708
107.136 0.682
107.812 0.676
108.521 0.709
109.201 0.68
109.885 0.684
110.572 0.687
111.254 0.682
111.947 0.693
112.611 0.664
113.264 0.653
113.911 0.647
114.575 0.664
115.264 0.689
115.958 0.694
116.622 0.664
117.319 0.697
118.117 0.798
118.869 0.752
119.585 0.716
120.322 0.737
121.082 0.76
121.87 0.788
122.607 0.737
123.353 0.746
124.208 0.855
125.059 0.851
125.914 0.855
126.65 0.736
127.39 0.74
128.123 0.733
128.814 0.691
129.536 0.722
130.259 0.723
130.951 0.692
131.635 0.684
132.322 0.687
133.04 0.718
133.756 0.716
134.454 0.698
135.1 0.646
135.746 0.646
136.399 0.653
137.046 0.647
137.732 0.686
138.439 0.707
139.14 0.701
139.866 0.726
140.611 0.745
141.363 0.752
142.096 0.733
142.837 0.741
143.633 0.796
144.461 0.828
145.212 0.751
145.931 0.719
146.649 0.718
147.389 0.74
148.083 0.694
148.781 0.698
149.499 0.718
150.278 0.779
151.099 0.821
151.841 0.742
152.589 0.748
153.353 0.764
154.107 0.754
154.81 0.703
155.519 0.709
156.234 0.715
156.95 0.716
157.641 0.691
158.333 0.692
159.033 0.7
159.736 0.703
160.429 0.693
161.11 0.681
161.801 0.691
162.554 0.753
163.292 0.738
164.018 0.726
164.734 0.716
165.447 0.713
166.134 0.687
166.786 0.652
167.43 0.644
168.073 0.643
168.715 0.642
169.337 0.622
169.983 0.646
170.648 0.665
171.316 0.668
172.019 0.703
172.801 0.782
173.635 0.834
174.45 0.815
175.257 0.807
176.009 0.752
176.746 0.737
177.444 0.698
178.121 0.677
178.797 0.676
179.476 0.679
180.17 0.694
180.855 0.685
181.537 0.682
182.196 0.659
182.847 0.651
183.498 0.651
184.154 0.656
184.799 0.645
185.447 0.648
186.1 0.653
186.787 0.687
187.497 0.71
188.203 0.706
188.886 0.683
189.59 0.704
190.33 0.74
191.039 0.709
191.73 0.691
192.386 0.656
193.03 0.644
193.675 0.645
194.349 0.674
195.066 0.717
195.85 0.784
196.611 0.761
197.356 0.745
198.145 0.789
198.954 0.809
199.713 0.759
200.419 0.706
201.13 0.711
201.853 0.723
202.572 0.719
203.273 0.701
203.95 0.677
204.657 0.707
205.35 0.693
206.05 0.7
206.744 0.694
207.449 0.705
208.163 0.714
208.86 0.697
209.524 0.664
210.177 0.653
210.826 0.649
211.469 0.643
212.165 0.696
212.974 0.809
213.745 0.771
214.456 0.711
215.165 0.709
215.861 0.696
216.557 0.696
217.293 0.736
218.09 0.797
218.965 0.875
219.797 0.832
220.619 0.822
221.464 0.845
222.291 0.827
223.063 0.772
223.832 0.769
224.632 0.8
225.466 0.834
226.288 0.822
227.048 0.76
227.848 0.8
228.636 0.788
229.414 0.778
230.194 0.78
230.92 0.726
231.689 0.769
232.509 0.82
233.368 0.859
234.207 0.839
234.947 0.74
235.669 0.722
236.411 0.742
237.151 0.74
237.897 0.746
238.626 0.729
239.37 0.744
240.196 0.826
240.978 0.782
241.704 0.726
242.398 0.694
243.09 0.692
243.776 0.686
244.46 0.684
245.131 0.671
245.812 0.681
246.526 0.714
247.284 0.758
247.999 0.715
248.707 0.708
249.457 0.75
250.213 0.756
250.955 0.742
251.65 0.695
252.348 0.698
253.061 0.713
253.785 0.724
254.5 0.715
255.178 0.678
255.865 0.687
256.596 0.731
257.36 0.764
258.158 0.798
258.911 0.753
259.698 0.787
260.454 0.756
261.214 0.76
262.01 0.796
262.714 0.704
263.423 0.709
264.142 0.719
264.846 0.704
265.522 0.676
266.202 0.68
266.915 0.713
267.622 0.707
268.29 0.668
268.959 0.669
269.636 0.677
270.298 0.662
271.004 0.706
271.699 0.695
272.387 0.688
273.108 0.721
273.906 0.798
274.788 0.882
275.548 0.76
276.267 0.719
276.963 0.696
277.636 0.673
278.31 0.674
278.994 0.684
279.72 0.726
280.489 0.769
281.196 0.707
281.953 0.757
282.747 0.794
283.56 0.813
284.305 0.745
285.063 0.758
285.874 0.811
286.644 0.77
287.353 0.709
288.058 0.705
288.746 0.688
289.423 0.677
290.101 0.678
290.822 0.721
291.686 0.864
292.522 0.836
293.259 0.737
293.987 0.728
294.701 0.714
295.424 0.723
296.136 0.712
296.876 0.74
297.622 0.746
298.415 0.793
299.214 0.799
299.924 0.71
300.653 0.729
301.393 0.74
302.094 0.701
302.769 0.675
303.442 0.673
304.166 0.724
305.001 0.835
305.744 0.743
306.49 0.746
307.203 0.713
307.94 0.737
308.667 0.727
309.369 0.702
310.066 0.697
310.79 0.724
311.53 0.74
312.293 0.763
313.052 0.759
313.811 0.759
314.595 0.784
315.397 0.802
316.186 0.789
316.908 0.722
317.634 0.726
318.344 0.71
319.07 0.726
319.775 0.705
320.478 0.703
321.203 0.725
321.973 0.77
322.752 0.779
323.49 0.738
324.241 0.751
324.99 0.749
325.72 0.73
326.414 0.694
327.146 0.732
327.962 0.816
328.697 0.735
329.398 0.701
330.11 0.712
330.897 0.787
331.635 0.738
332.38 0.745
333.175 0.795
333.995 0.82
334.762 0.767
335.538 0.776
336.292 0.754
337.016 0.724
337.724 0.708
338.42 0.696
339.136 0.716
339.854 0.718
340.576 0.722
341.287 0.711
342.005 0.718
342.789 0.784
343.695 0.906
344.532 0.837
345.287 0.755
346.055 0.768
346.825 0.77
347.605 0.78
348.319 0.714
349.039 0.72
349.771 0.732
350.535 0.764
351.268 0.733
352.033 0.765
352.879 0.846
353.648 0.769
354.405 0.757
355.151 0.746
355.916 0.765
356.645 0.729
357.364 0.719
358.107 0.743
358.857 0.75
359.579 0.722
360.292 0.713
361.009 0.717
361.708 0.699
362.386 0.678
363.106 0.72
363.845 0.739
364.587 0.742
365.288 0.701
366.003 0.715
366.73 0.727
367.449 0.719
368.139 0.69
368.85 0.711
369.572 0.722
370.3 0.728
371.011 0.711
371.738 0.727
372.471 0.733
373.159 0.688
373.846 0.687
374.501 0.655
375.152 0.651
375.799 0.647
376.43 0.631
377.072 0.642
377.713 0.641
378.331 0.618
378.952 0.621
379.568 0.616
380.202 0.634
380.82 0.618
381.449 0.629
382.097 0.648
382.744 0.647
383.413 0.669
384.082 0.669
384.748 0.666
385.402 0.654
386.019 0.617
386.627 0.608
387.236 0.609
387.837 0.601
388.432 0.595
389.029 0.597
389.619 0.59
390.193 0.574
390.759 0.566
391.333 0.574
391.904 0.571
392.475 0.571
393.054 0.579
393.631 0.577
394.213 0.582
394.801 0.588
395.381 0.58
395.956 0.575
396.539 0.583
397.144 0.605
397.785 0.641
398.432 0.647
399.108 0.676
399.799 0.691
400.591 0.792
401.366 0.775
402.178 0.812
403.046 0.868
403.825 0.779
404.609 0.784
405.331 0.722
406.04 0.709
406.851 0.811
407.642 0.791
408.392 0.75
409.137 0.745
409.936 0.799
410.697 0.761
411.419 0.722
412.149 0.73
412.863 0.714
413.562 0.699
414.249 0.687
414.966 0.717
415.696 0.73
416.435 0.739
417.177 0.742
417.953 0.776
418.731 0.778
419.49 0.759
420.194 0.704
420.898 0.704
421.618 0.72
422.304 0.686
422.966 0.662
423.624 0.658
424.277 0.653
425.009 0.732
425.822 0.813
426.703 0.881
427.462 0.759
428.208 0.746
428.931 0.723
429.638 0.707
430.319 0.681
430.983 0.664
431.665 0.682
432.337 0.672
432.997 0.66
433.618 0.621
434.235 0.617
434.849 0.614
435.455 0.606
436.082 0.627
436.715 0.633
437.374 0.659
438.077 0.703
438.772 0.695
439.443 0.671
440.103 0.66
440.779 0.676
441.453 0.674
442.128 0.675
442.785 0.657
443.432 0.647
444.078 0.646
444.812 0.734
445.596 0.784
446.339 0.743
447.033 0.694
447.691 0.658
448.338 0.647
448.977 0.639
449.624 0.647
450.307 0.683
451.041 0.734
451.76 0.719
452.559 0.799
453.535 0.976
454.424 0.889
455.193 0.769
455.905 0.712
456.591 0.686
457.264 0.673
457.948 0.684
458.629 0.681
459.339 0.71
460.044 0.705
460.742 0.698
461.434 0.692
462.09 0.656
462.747 0.657
463.398 0.651
464.063 0.665
464.743 0.68
465.486 0.743
466.238 0.752
467.013 0.775
467.718 0.705
468.423 0.705
469.135 0.712
469.871 0.736
470.575 0.704
471.269 0.694
471.972 0.703
472.689 0.717
473.446 0.757
474.163 0.717
474.894 0.731
475.632 0.738
476.346 0.714
477.045 0.699
477.717 0.672
478.387 0.67
479.06 0.673
479.725 0.665
480.39 0.665
481.043 0.653
481.711 0.668
482.383 0.672
483.065 0.682
483.73 0.665
484.443 0.713
485.15 0.707
485.83 0.68
486.481 0.651
487.146 0.665
487.797 0.651
488.447 0.65
489.073 0.626
489.7 0.627
490.351 0.651
491.027 0.676
491.803 0.776
492.532 0.729
493.251 0.719
493.978 0.727
494.712 0.734
495.412 0.7
496.101 0.689
496.787 0.686
497.476 0.689
498.149 0.673
498.799 0.65
499.46 0.661
500.136 0.676
500.842 0.706
501.533 0.691
502.209 0.676
502.9 0.691
503.601 0.701
504.322 0.721
505.016 0.694
505.725 0.709
506.455 0.73
507.182 0.727
507.863 0.681
508.556 0.693
509.23 0.674
509.902 0.672
510.566 0.664
511.255 0.689
512.023 0.768
512.808 0.785
513.556 0.748
514.293 0.737
515.015 0.722
515.719 0.704
516.396 0.677
517.074 0.678
517.756 0.682
518.459 0.703
519.172 0.713
519.856 0.684
520.568 0.712
521.282 0.714
522.01 0.728
522.702 0.692
523.395 0.693
524.088 0.693
524.795 0.707
525.486 0.691
526.156 0.67
526.844 0.688
527.535 0.691
528.262 0.727
528.979 0.717
529.694 0.715
530.437 0.743
531.152 0.715
531.85 0.698
532.522 0.672
533.2 0.678
533.888 0.688
534.575 0.687
535.257 0.682
535.956 0.699
536.7 0.744
537.483 0.783
538.225 0.742
538.942 0.717
539.663 0.721
540.355 0.692
541.023 0.668
541.668 0.645
542.313 0.645
542.963 0.65
543.607 0.644
544.267 0.66
544.935 0.668
545.632 0.697
546.356 0.724
547.109 0.753
547.823 0.714
548.525 0.702
549.219 0.694
549.882 0.663
550.56 0.678
551.201 0.641
551.87 0.669
552.536 0.666
553.212 0.676
553.851 0.639
554.511 0.66
555.145 0.634
555.807 0.662
556.448 0.641
557.086 0.638
557.733 0.647
558.433 0.7
559.156 0.723
559.867 0.711
560.55 0.683
561.245 0.695
561.968 0.723
562.69 0.722
563.377 0.687
564.04 0.663
564.697 0.657
565.346 0.649
566.004 0.658
566.651 0.647
567.305 0.654
567.988 0.683
568.734 0.746
569.518 0.784
570.279 0.761
571.143 0.864
571.984 0.841
572.776 0.792
573.487 0.711
574.184 0.697
574.877 0.693
575.581 0.704
576.267 0.686
576.93 0.663
577.581 0.651
578.217 0.636
578.849 0.632
579.471 0.622
580.091 0.62
580.739 0.648
581.444 0.705
582.193 0.749
582.927 0.734
583.642 0.715
584.373 0.731
585.068 0.695
585.738 0.67
586.398 0.66
587.076 0.678
587.758 0.682
588.431 0.673
589.092 0.661
589.786 0.694
590.512 0.726
591.233 0.721
591.934 0.701
592.619 0.685
593.328 0.709
594.083 0.755
594.776 0.693
595.448 0.672
596.129 0.681
596.827 0.698
597.506 0.679
598.18 0.674
598.831 0.651
599.499 0.668
600.156 0.657
600.818 0.662
601.484 0.666
602.158 0.674
602.817 0.659
603.46 0.643
604.107 0.647
604.74 0.633
605.384 0.644
606.029 0.645
606.705 0.676
607.38 0.675
608.047 0.667
608.677 0.63
609.322 0.645
609.966 0.644