0.000 0.815
0.815 0.815
1.64 0.825
2.503 0.863
3.367 0.864
4.226 0.859
5.107 0.881
5.993 0.886
6.865 0.872
7.742 0.877
8.506 0.764
9.21 0.704
9.944 0.734
10.705 0.761
11.452 0.747
12.213 0.761
12.979 0.766
13.766 0.787
14.497 0.731
15.264 0.767
16.028 0.764
16.85 0.822
17.71 0.86
18.535 0.825
19.328 0.793
20.11 0.782
20.885 0.775
21.699 0.814
22.525 0.826
23.344 0.819
24.147 0.803
24.944 0.797
25.731 0.787
26.481 0.75
27.24 0.759
27.995 0.755
28.764 0.769
29.516 0.752
30.218 0.702
30.936 0.718
31.675 0.739
32.449 0.774
33.249 0.8
34.047 0.798
34.845 0.798
35.627 0.782
36.413 0.786
37.175 0.762
37.882 0.707
38.54 0.658
39.21 0.67
39.895 0.685
40.628 0.733
41.396 0.768
42.349 0.953
43.293 0.944
44.14 0.847
44.975 0.835
45.802 0.827
46.627 0.825
47.455 0.828
48.274 0.819
49.148 0.874
50.108 0.96
51.087 0.979
52.1 1.013
53.131 1.031
54.116 0.985
55.115 0.999
56.097 0.982
57.01 0.913
57.969 0.959
58.938 0.969
59.88 0.942
60.884 1.004
61.908 1.024
62.902 0.994
63.941 1.039
64.973 1.032
65.94 0.967
66.925 0.985
67.933 1.008
68.894 0.961
69.909 1.015
70.919 1.01
71.88 0.961
72.896 1.016
73.867 0.971
74.793 0.926
75.822 1.029
76.913 1.091
77.98 1.067
78.967 0.987
80.065 1.098
80.923 0.858
81.726 0.803
82.544 0.818
83.395 0.851
84.348 0.953
85.327 0.979
86.329 1.002
87.341 1.012
88.364 1.023
89.34 0.976
90.318 0.978
90.712 0.394
91.287 0.575
92.214 0.927
93.259 1.045
94.276 1.017
94.607 0.331
95.049 0.442
96.237 1.188
97.185 0.948
98.157 0.972
99.143 0.986
100.068 0.925
101.018 0.95
101.96 0.942
102.848 0.888
103.787 0.939
104.737 0.95
105.675 0.938
106.695 1.02
107.69 0.995
108.685 0.995
109.692 1.007
110.65 0.958
111.592 0.942
112.464 0.872
113.341 0.877
114.185 0.844
115.075 0.89
115.975 0.9
116.905 0.93
117.863 0.958
118.877 1.014
119.895 1.018
120.878 0.983
121.851 0.973
122.809 0.958
123.689 0.88
124.559 0.87
125.423 0.864
126.291 0.868
127.088 0.797
127.936 0.848
128.781 0.845
129.671 0.89
130.557 0.886
131.543 0.986
132.55 1.007
133.526 0.976
134.517 0.991
135.493 0.976
136.419 0.926
137.354 0.935
138.323 0.969
139.287 0.964
140.275 0.988
141.29 1.015
142.28 0.99
143.258 0.978
144.229 0.971
145.141 0.912
146.088 0.947
147.045 0.957
147.996 0.951
148.95 0.954
149.897 0.947
150.839 0.942
151.72 0.881
152.652 0.932
153.59 0.938
154.488 0.898
155.427 0.939
156.329 0.902
157.246 0.917
158.157 0.911
159.037 0.88
159.932 0.895
160.814 0.882
161.652 0.838
162.509 0.857
163.319 0.81
164.083 0.764
164.914 0.831
165.767 0.853
166.64 0.873
167.543 0.903
168.457 0.914
169.318 0.861
170.192 0.874
171.085 0.893
171.971 0.886
172.805 0.834
173.707 0.902
174.64 0.933
175.549 0.909
176.503 0.954
177.47 0.967
178.395 0.925
179.346 0.951
180.279 0.933
181.202 0.923
182.112 0.91
183.099 0.987
184.084 0.985
185.076 0.992
186.031 0.955
186.95 0.919
187.851 0.901
188.733 0.882
189.657 0.924
190.605 0.948
191.527 0.922
192.472 0.945
193.414 0.942
194.343 0.929
195.189 0.846
196.109 0.92
197.08 0.971
198.069 0.989
199.111 1.042
200.164 1.053
201.177 1.013
202.218 1.041
203.227 1.009
204.171 0.944
205.132 0.961
206.119 0.987
207.103 0.984
208.129 1.026
209.169 1.04
210.146 0.977
211.124 0.978
212.09 0.966
212.992 0.902
213.969 0.977
214.973 1.004
215.928 0.955
216.943 1.015
217.957 1.014
218.903 0.946
219.889 0.986
220.895 1.006
221.895 1.0
222.809 0.914
223.694 0.885
224.677 0.983
225.705 1.028
226.707 1.002
227.61 0.903
228.529 0.919
229.445 0.916
230.402 0.957
231.329 0.927
232.274 0.945
233.22 0.946
234.158 0.938
235.154 0.996
236.169 1.015
237.158 0.989
238.17 1.012
239.176 1.006
240.163 0.987
241.164 1.001
242.146 0.982
243.062 0.916
244.018 0.956
244.966 0.948
245.886 0.92
246.825 0.939
247.773 0.948
248.55 0.777
249.306 0.756
250.064 0.758
250.812 0.748
251.6 0.788
252.48 0.88
253.43 0.95
254.407 0.977
255.364 0.957
256.297 0.933
257.221 0.924
258.123 0.902
259.026 0.903
259.947 0.921
260.885 0.938
261.824 0.939
262.776 0.952
263.704 0.928
264.67 0.966
265.669 0.999
266.654 0.985
267.612 0.958
268.509 0.897
269.418 0.909
270.345 0.927
271.272 0.927
272.226 0.954
273.144 0.918
274.022 0.878
274.91 0.888
275.81 0.9
276.657 0.847
277.525 0.868
278.34 0.815
279.124 0.784
280.014 0.89
280.937 0.923
281.862 0.925
282.842 0.98
283.817 0.975
284.773 0.956
285.722 0.949
286.585 0.863
287.444 0.859
288.294 0.85
289.106 0.812
290.0 0.894
290.928 0.928
291.904 0.976
292.919 1.015
293.899 0.98
294.717 0.818
295.45 0.733
296.169 0.719
296.9 0.731
297.659 0.759
298.382 0.723
299.083 0.701
299.77 0.687
300.443 0.673
301.11 0.667
301.78 0.67
302.466 0.686
303.185 0.719
303.919 0.734
304.66 0.741
305.385 0.725
306.101 0.716
306.844 0.743
307.61 0.766
308.421 0.811
309.273 0.852
310.171 0.898
311.123 0.952
312.099 0.976
313.003 0.904
313.939 0.936
314.882 0.943
315.762 0.88
316.639 0.877
317.538 0.899
318.469 0.931
319.364 0.895
320.32 0.956
321.358 1.038
322.381 1.023
323.376 0.995
324.453 1.077
325.479 1.026
326.5 1.021
327.533 1.033
328.527 0.994
329.526 0.999
330.415 0.889
331.345 0.93
332.31 0.965
333.25 0.94
334.21 0.96
335.204 0.994
336.201 0.997
337.081 0.88
337.973 0.892
338.85 0.877
339.681 0.831
340.523 0.842
341.365 0.842
342.234 0.869
343.032 0.798
343.93 0.898
344.845 0.915
345.765 0.92
346.72 0.955
347.696 0.976
348.572 0.876
349.515 0.943
350.377 0.862
351.297 0.92
352.228 0.931
353.076 0.848
353.961 0.885
354.838 0.877
355.676 0.838
356.581 0.905
357.504 0.923
358.451 0.947
359.467 1.016
360.458 0.991
361.479 1.021
362.51 1.031
363.461 0.951
364.424 0.963
365.332 0.908
366.288 0.956
367.186 0.898
368.131 0.945
369.089 0.958
369.986 0.897
370.941 0.955
371.924 0.983
372.89 0.966
373.879 0.989
374.839 0.96
375.79 0.951
376.777 0.987
377.72 0.943
378.665 0.945
379.643 0.978
380.555 0.912
381.464 0.909
382.371 0.907
383.23 0.859
384.136 0.906
385.022 0.886
385.823 0.801
386.614 0.791
387.418 0.804
388.34 0.922
389.276 0.936
390.264 0.988
391.283 1.019
392.27 0.987
393.231 0.961
394.19 0.959
395.153 0.963
395.983 0.83
396.842 0.859
397.759 0.917
398.752 0.993
399.701 0.949
400.685 0.984
401.737 1.052
402.739 1.002
403.765 1.026
404.784 1.019
405.791 1.007
406.788 0.997
407.785 0.997
408.723 0.938
409.698 0.975
410.707 1.009
411.684 0.977
412.687 1.003
413.657 0.97
414.538 0.881
415.459 0.921
416.42 0.961
417.489 1.069
418.576 1.087
419.664 1.088
420.739 1.075
421.771 1.032
422.818 1.047
423.865 1.047
424.85 0.985
425.748 0.898
426.526 0.778
427.359 0.833
428.229 0.87
429.173 0.944
430.155 0.982
431.032 0.877
431.909 0.877
432.776 0.867
433.61 0.834
434.463 0.853
435.35 0.887
436.296 0.946
437.193 0.897
438.144 0.951
439.107 0.963
439.936 0.829
440.875 0.939
441.892 1.017
442.928 1.036
443.88 0.952
444.855 0.975
445.86 1.005
446.778 0.918
447.811 1.033
448.852 1.041
449.728 0.876
450.657 0.929
451.644 0.987
452.563 0.919
453.491 0.928
454.373 0.882
455.178 0.805
455.961 0.783
456.734 0.773
457.521 0.787
458.329 0.808
459.093 0.764
459.915 0.822
460.769 0.854
461.694 0.925
462.577 0.883
463.498 0.921
464.445 0.947
465.421 0.976
466.344 0.923
467.297 0.953
468.282 0.985
469.269 0.987
470.283 1.014
471.366 1.083
472.468 1.102
473.485 1.017
474.54 1.055
475.57 1.03
476.5 0.93
477.45 0.95
478.429 0.979
479.384 0.955
480.404 1.02
481.479 1.075
482.519 1.04
483.601 1.082
484.684 1.083
485.685 1.001
486.685 1.0
487.681 0.996
488.659 0.978
489.666 1.007
490.709 1.043
491.737 1.028
492.761 1.024
493.804 1.043
494.839 1.035
495.83 0.991
496.853 1.023
497.892 1.039
498.742 0.85
499.496 0.754
500.249 0.753
501.018 0.769
501.791 0.773
502.655 0.864
503.595 0.94
504.545 0.95
505.5 0.955
506.432 0.932
507.346 0.914
508.148 0.802
508.888 0.74
509.687 0.799
510.511 0.824
511.352 0.841
512.306 0.954
513.108 0.802
513.844 0.736
514.634 0.79
515.522 0.888
516.575 1.053
517.613 1.038
518.576 0.963
519.519 0.943
520.459 0.94
521.37 0.911
522.269 0.899
523.153 0.884
523.951 0.798
524.728 0.777
525.491 0.763
526.333 0.842
527.279 0.946
528.175 0.896
529.174 0.999
530.268 1.094
531.35 1.082
532.446 1.096
533.482 1.036
534.474 0.992
535.341 0.867
536.257 0.916
537.059 0.802
537.91 0.851
538.788 0.878
539.694 0.906
540.635 0.941
541.612 0.977
542.643 1.031
543.577 0.934
544.504 0.927
545.437 0.933
546.399 0.962
547.367 0.968
548.132 0.765
548.923 0.791
549.678 0.755
550.472 0.794
551.361 0.889
552.39 1.029
553.504 1.114
554.596 1.092
555.514 0.918
556.336 0.822
557.247 0.911
558.03 0.783
558.803 0.773
559.624 0.821
560.613 0.989
561.646 1.033
562.666 1.02
563.586 0.92
564.458 0.872
565.351 0.893
566.272 0.921
567.106 0.834
567.859 0.753
568.606 0.747
569.41 0.804
570.256 0.846
571.044 0.788
571.948 0.904
572.994 1.046
574.038 1.044
574.926 0.888
575.797 0.871
576.632 0.835
577.505 0.873
578.405 0.9
579.301 0.896
580.205 0.904
581.14 0.935
582.075 0.935
583.045 0.97
584.051 1.006
585.017 0.966
585.948 0.931
586.959 1.011
587.977 1.018
588.884 0.907
589.711 0.827
590.518 0.807
591.286 0.768
592.049 0.763
592.791 0.742
593.57 0.779
594.393 0.823
595.246 0.853
596.128 0.882
597.111 0.983
598.042 0.931
598.833 0.791
599.671 0.838
600.526 0.855
601.418 0.892
602.4 0.982
603.351 0.951
604.308 0.957
605.258 0.95
606.062 0.804
606.877 0.815
607.737 0.86
608.628 0.891
609.586 0.958
610.524 0.938
611.36 0.836
612.19 0.83
613.043 0.853
613.93 0.887
614.875 0.945
615.929 1.054
617.005 1.076
618.036 1.031
618.996 0.96
620.088 1.092
621.154 1.066
622.039 0.885
622.811 0.772
623.73 0.919
624.801 1.071
625.879 1.078
626.976 1.097
628.024 1.048
629.02 0.996
630.03 1.01