0.000 0.848
0.848 0.848
1.664 0.816
2.481 0.817
3.298 0.817
4.106 0.808
4.887 0.781
5.652 0.765
6.429 0.777
7.246 0.817
8.082 0.836
8.912 0.83
9.748 0.836
10.597 0.849
11.424 0.827
12.162 0.738
12.865 0.703
13.552 0.687
14.201 0.649
14.874 0.673
15.534 0.66
16.195 0.661
16.85 0.655
17.513 0.663
18.176 0.663
18.879 0.703
19.595 0.716
20.337 0.742
21.06 0.723
21.783 0.723
22.505 0.722
23.23 0.725
23.936 0.706
24.61 0.674
25.276 0.666
25.936 0.66
26.597 0.661
27.292 0.695
28.026 0.734
28.78 0.754
29.558 0.778
30.419 0.861
31.324 0.905
32.179 0.855
32.973 0.794
33.728 0.755
34.479 0.751
35.255 0.776
36.05 0.795
36.862 0.812
37.718 0.856
38.607 0.889
39.474 0.867
40.315 0.841
41.16 0.845
42.0 0.84
42.823 0.823
43.636 0.813
44.45 0.814
45.272 0.822
46.1 0.828
46.94 0.84
47.808 0.868
48.693 0.885
49.53 0.837
50.319 0.789
51.05 0.731
51.759 0.709
52.475 0.716
53.248 0.773
54.075 0.827
54.9 0.825
55.722 0.822
56.558 0.836
57.416 0.858
58.288 0.872
59.143 0.855
59.999 0.856
60.877 0.878
61.767 0.89
62.643 0.876
63.493 0.85
64.347 0.854
65.205 0.858
66.071 0.866
66.917 0.846
67.777 0.86
68.651 0.874
69.532 0.881
70.366 0.834
71.189 0.823
72.006 0.817
72.848 0.842
73.665 0.817
74.453 0.788
75.236 0.783
76.026 0.79
76.848 0.822
77.661 0.813
78.476 0.815
79.306 0.83
80.145 0.839
80.967 0.822
81.761 0.794
82.536 0.775
83.312 0.776
84.104 0.792
84.878 0.774
85.68 0.802
86.494 0.814
87.339 0.845
88.167 0.828
88.991 0.824
89.833 0.842
90.707 0.874
91.571 0.864
92.407 0.836
93.251 0.844
94.084 0.833
94.892 0.808
95.686 0.794
96.491 0.805
97.347 0.856
98.217 0.87
99.044 0.827
99.803 0.759
100.568 0.765
101.361 0.793
102.21 0.849
103.064 0.854
103.888 0.824
104.685 0.797
105.444 0.759
106.168 0.724
106.861 0.693
107.553 0.692
108.244 0.691
108.992 0.748
109.858 0.866
110.762 0.904
111.66 0.898
112.551 0.891
113.421 0.87
114.244 0.823
115.05 0.806
115.813 0.763
116.561 0.748
117.328 0.767
118.169 0.841
119.112 0.943
120.076 0.964
120.977 0.901
121.854 0.877
122.719 0.865
123.563 0.844
124.38 0.817
125.17 0.79
125.937 0.767
126.706 0.769
127.478 0.772
128.217 0.739
128.943 0.726
129.682 0.739
130.42 0.738
131.207 0.787
132.037 0.83
132.859 0.822
133.633 0.774
134.429 0.796
135.269 0.84
136.121 0.852
136.965 0.844
137.792 0.827
138.605 0.813
139.401 0.796
140.215 0.814
141.028 0.813
141.849 0.821
142.69 0.841
143.55 0.86
144.429 0.879
145.265 0.836
146.051 0.786
146.824 0.773
147.618 0.794
148.433 0.815
149.215 0.782
149.991 0.776
150.786 0.795
151.588 0.802
152.383 0.795
153.193 0.81
154.018 0.825
154.858 0.84
155.644 0.786
156.403 0.759
157.169 0.766
157.95 0.781
158.784 0.834
159.62 0.836
160.448 0.828
161.288 0.84
162.157 0.869
162.972 0.815
163.729 0.757
164.485 0.756
165.251 0.766
166.084 0.833
166.968 0.884
167.827 0.859
168.691 0.864
169.565 0.874
170.427 0.862
171.237 0.81
172.003 0.766
172.777 0.774
173.601 0.824
174.487 0.886
175.348 0.861
176.162 0.814
176.966 0.804
177.785 0.819
178.63 0.845
179.457 0.827
180.243 0.786
181.034 0.791
181.839 0.805
182.675 0.836
183.492 0.817
184.319 0.827
185.171 0.852
186.014 0.843
186.839 0.825
187.658 0.819
188.478 0.82
189.308 0.83
190.123 0.815
190.898 0.775
191.63 0.732
192.345 0.715
193.078 0.733
193.793 0.715
194.518 0.725
195.255 0.737
196.002 0.747
196.728 0.726
197.429 0.701
198.138 0.709
198.808 0.67
199.463 0.655
200.111 0.648
200.755 0.644
201.423 0.668
202.149 0.726
202.924 0.775
203.705 0.781
204.456 0.751
205.202 0.746
205.97 0.768
206.77 0.8
207.58 0.81
208.378 0.798
209.16 0.782
209.906 0.746
210.62 0.714
211.338 0.718
212.071 0.733
212.851 0.78
213.671 0.82
214.497 0.826
215.296 0.799
216.046 0.75
216.807 0.761
217.557 0.75
218.291 0.734
219.036 0.745
219.8 0.764
220.63 0.83
221.505 0.875
222.377 0.872
223.232 0.855
224.034 0.802
224.81 0.776
225.582 0.772
226.365 0.783
227.151 0.786
227.949 0.798
228.755 0.806
229.581 0.826
230.405 0.824
231.217 0.812
232.047 0.83
232.877 0.83
233.711 0.834
234.487 0.776
235.236 0.749
236.005 0.769
236.74 0.735
237.503 0.763
238.297 0.794
239.151 0.854
239.981 0.83
240.76 0.779
241.537 0.777
242.35 0.813
243.2 0.85
244.045 0.845
244.889 0.844
245.727 0.838
246.507 0.78
247.256 0.749
248.002 0.746
248.79 0.788
249.665 0.875
250.558 0.893
251.437 0.879
252.314 0.877
253.168 0.854
253.972 0.804
254.748 0.776
255.525 0.777
256.28 0.755
257.083 0.803
257.928 0.845
258.86 0.932
259.786 0.926
260.694 0.908
261.541 0.847
262.35 0.809
263.147 0.797
263.969 0.822
264.822 0.853
265.663 0.841
266.47 0.807
267.295 0.825
268.174 0.879
269.11 0.936
270.03 0.92
270.876 0.846
271.688 0.812
272.481 0.793
273.271 0.79
274.099 0.828
274.949 0.85
275.768 0.819
276.576 0.808
277.403 0.827
278.25 0.847
279.103 0.853
279.943 0.84
280.731 0.788
281.504 0.773
282.276 0.772
283.068 0.792
283.883 0.815
284.701 0.818
285.55 0.849
286.401 0.851
287.229 0.828
288.05 0.821
288.884 0.834
289.725 0.841
290.55 0.825
291.354 0.804
292.14 0.786
292.887 0.747
293.643 0.756
294.419 0.776
295.272 0.853
296.148 0.876
296.996 0.848
297.822 0.826
298.657 0.835
299.459 0.802
300.22 0.761
300.977 0.757
301.727 0.75
302.514 0.787
303.311 0.797
304.102 0.791
304.867 0.765
305.618 0.751
306.352 0.734
307.069 0.717
307.74 0.671
308.429 0.689
309.129 0.7
309.869 0.74
310.681 0.812
311.523 0.842
312.342 0.819
313.161 0.819
313.993 0.832
314.842 0.849
315.684 0.842
316.502 0.818
317.328 0.826
318.163 0.835
319.019 0.856
319.881 0.862
320.72 0.839
321.572 0.852
322.456 0.884
323.322 0.866
324.148 0.826
324.977 0.829
325.828 0.851
326.694 0.866
327.538 0.844
328.349 0.811
329.16 0.811
329.99 0.83
330.854 0.864
331.69 0.836
332.507 0.817
333.334 0.827
334.173 0.839
335.006 0.833
335.844 0.838
336.702 0.858
337.603 0.901
338.501 0.898
339.336 0.835
340.134 0.798
340.89 0.756
341.635 0.745
342.352 0.717
343.105 0.753
343.909 0.804
344.789 0.88
345.683 0.894
346.517 0.834
347.328 0.811
348.116 0.788
348.884 0.768
349.624 0.74
350.347 0.723
351.061 0.714
351.772 0.711
352.484 0.712
353.2 0.716
353.936 0.736
354.706 0.77
355.564 0.858
356.484 0.92
357.358 0.874
358.223 0.865
359.086 0.863
359.933 0.847
360.753 0.82
361.568 0.815
362.382 0.814
363.216 0.834
364.028 0.812
364.84 0.812
365.663 0.823
366.519 0.856
367.368 0.849
368.189 0.821
368.998 0.809
369.794 0.796
370.564 0.77
371.333 0.769
372.106 0.773
372.928 0.822
373.776 0.848
374.618 0.842
375.435 0.817
376.227 0.792
376.993 0.766
377.73 0.737
378.449 0.719
379.161 0.712
379.883 0.722
380.616 0.733
381.382 0.766
382.192 0.81
383.083 0.891
384.055 0.972
384.975 0.92
385.83 0.855
386.664 0.834
387.51 0.846
388.418 0.908
389.349 0.931
390.256 0.907
391.162 0.906
392.081 0.919
392.981 0.9
393.847 0.866
394.704 0.857
395.613 0.909
396.598 0.985
397.503 0.905
398.357 0.854
399.2 0.843
400.061 0.861
400.955 0.894
401.818 0.863
402.642 0.824
403.465 0.823
404.32 0.855
405.246 0.926
406.172 0.926
407.053 0.881
407.94 0.887
408.808 0.868
409.63 0.822
410.427 0.797
411.201 0.774
412.021 0.82
412.916 0.895
413.819 0.903
414.687 0.868
415.532 0.845
416.398 0.866
417.284 0.886
418.171 0.887
419.041 0.87
419.881 0.84
420.712 0.831
421.554 0.842
422.378 0.824
423.211 0.833
424.087 0.876
425.002 0.915
425.927 0.925
426.839 0.912
427.718 0.879
428.61 0.892
429.524 0.914
430.432 0.908
431.321 0.889
432.185 0.864
433.041 0.856
433.894 0.853
434.756 0.862
435.602 0.846
436.431 0.829
437.254 0.823
438.087 0.833
438.906 0.819
439.673 0.767
440.423 0.75
441.158 0.735
441.869 0.711
442.575 0.706
443.286 0.711
444.012 0.726
444.777 0.765
445.561 0.784
446.331 0.77
447.114 0.783
447.919 0.805
448.743 0.824
449.534 0.791
450.3 0.766
451.049 0.749
451.814 0.765
452.559 0.745
453.302 0.743
454.056 0.754
454.835 0.779
455.563 0.728
456.318 0.755
457.09 0.772
457.881 0.791
458.642 0.761
459.359 0.717
460.058 0.699
460.749 0.691
461.438 0.689
462.135 0.697
462.836 0.701
463.532 0.696
464.23 0.698
464.967 0.737
465.763 0.796
466.585 0.822
467.388 0.803
468.171 0.783
468.939 0.768
469.712 0.773
470.5 0.788
471.285 0.785
472.072 0.787
472.873 0.801
473.724 0.851
474.606 0.882
475.476 0.87
476.345 0.869
477.216 0.871
478.052 0.836
478.833 0.781
479.572 0.739
480.298 0.726
481.077 0.779
481.926 0.849
482.797 0.871
483.626 0.829
484.418 0.792
485.204 0.786
486.003 0.799
486.822 0.819
487.621 0.799
488.38 0.759
489.117 0.737
489.849 0.732
490.644 0.795
491.519 0.875
492.398 0.879
493.24 0.842
494.08 0.84
494.913 0.833
495.758 0.845
496.609 0.851
497.429 0.82
498.235 0.806
499.071 0.836
499.959 0.888
500.863 0.904
501.737 0.874
502.606 0.869
503.47 0.864
504.301 0.831
505.097 0.796
505.873 0.776
506.625 0.752
507.346 0.721
508.084 0.738
508.851 0.767
509.707 0.856
510.626 0.919
511.493 0.867
512.333 0.84
513.147 0.814
513.948 0.801
514.708 0.76
515.446 0.738
516.183 0.737
516.93 0.747
517.679 0.749
518.425 0.746
519.155 0.73
519.919 0.764
520.718 0.799
521.625 0.907
522.559 0.934
523.397 0.838
524.174 0.777
524.911 0.737
525.65 0.739
526.405 0.755
527.183 0.778
527.96 0.777
528.728 0.768
529.5 0.772
530.294 0.794
531.106 0.812
531.911 0.805
532.703 0.792
533.51 0.807
534.347 0.837
535.2 0.853
536.047 0.847
536.883 0.836
537.742 0.859
538.608 0.866
539.466 0.858
540.294 0.828
541.117 0.823
541.946 0.829
542.754 0.808
543.514 0.76
544.266 0.752
545.028 0.762
545.857 0.829
546.651 0.794
547.429 0.778
548.198 0.769
548.989 0.791
549.784 0.795
550.533 0.749
551.246 0.713
551.946 0.7
552.659 0.713
553.41 0.751
554.206 0.796
554.99 0.784
555.727 0.737
556.437 0.71
557.143 0.706
557.886 0.743
558.69 0.804
559.512 0.822
560.36 0.848
561.285 0.925
562.254 0.969
563.19 0.936
564.071 0.881
564.938 0.867
565.792 0.854
566.628 0.836
567.419 0.791
568.179 0.76
568.929 0.75
569.706 0.777
570.611 0.905
571.577 0.966
572.491 0.914
573.402 0.911
574.314 0.912
575.198 0.884
576.019 0.821
576.824 0.805
577.609 0.785
578.427 0.818
579.286 0.859
580.148 0.862
581.051 0.903
581.981 0.93
582.895 0.914
583.731 0.836
584.537 0.806
585.32 0.783
586.109 0.789
586.884 0.775
587.691 0.807
588.518 0.827
589.378 0.86
590.234 0.856
591.033 0.799
591.797 0.764
592.541 0.744
593.266 0.725
593.955 0.689
594.626 0.671
595.282 0.656
595.939 0.657
596.6 0.661
597.309 0.709
598.098 0.789
598.86 0.762
599.578 0.718
600.248 0.67
600.902 0.654
601.538 0.636
602.162 0.624
602.788 0.626
603.43 0.642
604.111 0.681
604.83 0.719
605.596 0.766
606.373 0.777
607.174 0.801
607.975 0.801
608.733 0.758
609.45 0.717