0.000 0.911
0.911 0.911
1.767 0.856
2.621 0.854
3.474 0.853
4.308 0.834
5.154 0.846
5.991 0.837
6.863 0.872
7.762 0.899
8.631 0.869
9.512 0.881
10.436 0.924
11.357 0.921
12.212 0.855
13.05 0.838
13.903 0.853
14.753 0.85
15.586 0.833
16.383 0.797
17.18 0.797
17.986 0.806
18.834 0.848
19.656 0.822
20.51 0.854
21.396 0.886
22.244 0.848
23.107 0.863
23.969 0.862
24.764 0.795
25.583 0.819
26.416 0.833
27.285 0.869
28.133 0.848
28.99 0.857
29.859 0.869
30.75 0.891
31.62 0.87
32.473 0.853
33.351 0.878
34.259 0.908
35.146 0.887
36.012 0.866
36.877 0.865
37.769 0.892
38.694 0.925
39.573 0.879
40.49 0.917
41.422 0.932
42.343 0.921
43.193 0.85
44.05 0.857
44.932 0.882
45.855 0.923
46.744 0.889
47.648 0.904
48.569 0.921
49.459 0.89
50.324 0.865
51.193 0.869
52.036 0.843
52.832 0.796
53.633 0.801
54.464 0.831
55.326 0.862
56.173 0.847
57.011 0.838
57.864 0.853
58.73 0.866
59.573 0.843
60.371 0.798
61.181 0.81
62.001 0.82
62.852 0.851
63.68 0.828
64.525 0.845
65.4 0.875
66.316 0.916
67.212 0.896
68.081 0.869
68.954 0.873
69.832 0.878
70.675 0.843
71.497 0.822
72.32 0.823
73.155 0.835
73.998 0.843
74.838 0.84
75.715 0.877
76.603 0.888
77.425 0.822
78.249 0.824
79.122 0.873
80.04 0.918
80.944 0.904
81.783 0.839
82.62 0.837
83.489 0.869
84.406 0.917
85.313 0.907
86.231 0.918
87.135 0.904
88.07 0.935
89.006 0.936
89.926 0.92
90.826 0.9
91.679 0.853
92.507 0.828
93.314 0.807
94.121 0.807
94.922 0.801
95.669 0.747
96.422 0.753
97.229 0.807
98.115 0.886
98.992 0.877
99.867 0.875
100.764 0.897
101.648 0.884
102.483 0.835
103.291 0.808
104.092 0.801
104.91 0.818
105.742 0.832
106.552 0.81
107.392 0.84
108.262 0.87
109.148 0.886
110.026 0.878
110.938 0.912
111.882 0.944
112.782 0.9
113.651 0.869
114.527 0.876
115.409 0.882
116.265 0.856
117.104 0.839
117.949 0.845
118.864 0.915
119.8 0.936
120.679 0.879
121.566 0.887
122.469 0.903
123.37 0.901
124.235 0.865
125.12 0.885
126.046 0.926
126.979 0.933
127.895 0.916
128.83 0.935
129.745 0.915
130.574 0.829
131.376 0.802
132.152 0.776
132.927 0.775
133.694 0.767
134.471 0.777
135.275 0.804
136.119 0.844
137.002 0.883
137.862 0.86
138.729 0.867
139.596 0.867
140.488 0.892
141.355 0.867
142.248 0.893
143.151 0.903
144.047 0.896
144.94 0.893
145.784 0.844
146.642 0.858
147.502 0.86
148.329 0.827
149.144 0.815
149.973 0.829
150.81 0.837
151.618 0.808
152.398 0.78
153.205 0.807
154.061 0.856
154.932 0.871
155.772 0.84
156.618 0.846
157.458 0.84
158.305 0.847
159.126 0.821
159.971 0.845
160.824 0.853
161.661 0.837
162.465 0.804
163.289 0.824
164.133 0.844
165.001 0.868
165.842 0.841
166.704 0.862
167.551 0.847
168.346 0.795
169.11 0.764
169.89 0.78
170.713 0.823
171.573 0.86
172.428 0.855
173.344 0.916
174.287 0.943
175.204 0.917
176.06 0.856
176.901 0.841
177.718 0.817
178.516 0.798
179.28 0.764
180.078 0.798
180.933 0.855
181.822 0.889
182.775 0.953
183.755 0.98
184.672 0.917
185.594 0.922
186.506 0.912
187.398 0.892
188.269 0.871
189.126 0.857
189.981 0.855
190.821 0.84
191.68 0.859
192.548 0.868
193.468 0.92
194.398 0.93
195.27 0.872
196.123 0.853
196.959 0.836
197.781 0.822
198.57 0.789
199.408 0.838
200.26 0.852
201.124 0.864
201.939 0.815
202.745 0.806
203.553 0.808
204.378 0.825
205.172 0.794
205.958 0.786
206.769 0.811
207.62 0.851
208.491 0.871
209.391 0.9
210.311 0.92
211.233 0.922
212.093 0.86
212.907 0.814
213.731 0.824
214.615 0.884
215.596 0.981
216.55 0.954
217.53 0.98
218.553 1.023
219.546 0.993
220.461 0.915
221.368 0.907
222.272 0.904
223.218 0.946
224.141 0.923
225.055 0.914
225.978 0.923
226.871 0.893
227.705 0.834
228.533 0.828
229.36 0.827
230.221 0.861
231.08 0.859
231.997 0.917
232.976 0.979
233.984 1.008
234.905 0.921
235.792 0.887
236.616 0.824
237.394 0.778
238.181 0.787
238.921 0.74
239.673 0.752
240.454 0.781
241.316 0.862
242.157 0.841
243.064 0.907
244.012 0.948
244.957 0.945
245.836 0.879
246.706 0.87
247.545 0.839
248.315 0.77
249.073 0.758
249.862 0.789
250.731 0.869
251.675 0.944
252.57 0.895
253.504 0.934
254.458 0.954
255.404 0.946
256.294 0.89
257.176 0.882
258.038 0.862
258.903 0.865
259.729 0.826
260.577 0.848
261.444 0.867
262.378 0.934
263.315 0.937
264.214 0.899
265.079 0.865
265.892 0.813
266.673 0.781
267.416 0.743
268.151 0.735
268.896 0.745
269.698 0.802
270.602 0.904
271.452 0.85
272.332 0.88
273.249 0.917
274.174 0.925
275.018 0.844
275.867 0.849
276.711 0.844
277.581 0.87
278.418 0.837
279.24 0.822
280.05 0.81
280.864 0.814
281.671 0.807
282.508 0.837
283.397 0.889
284.336 0.939
285.301 0.965
286.208 0.907
287.096 0.888
287.968 0.872
288.812 0.844
289.593 0.781
290.352 0.759
291.091 0.739
291.831 0.74
292.61 0.779
293.416 0.806
294.302 0.886
295.243 0.941
296.241 0.998
297.256 1.015
298.204 0.948
299.141 0.937
300.046 0.905
300.926 0.88
301.796 0.87
302.714 0.918
303.671 0.957
304.565 0.894
305.497 0.932
306.421 0.924
307.335 0.914
308.241 0.906
309.132 0.891
310.016 0.884
310.852 0.836
311.654 0.802
312.46 0.806
313.281 0.821
314.157 0.876
315.073 0.916
315.945 0.872
316.854 0.909
317.755 0.901
318.607 0.852
319.402 0.795
320.194 0.792
320.998 0.804
321.83 0.832
322.658 0.828
323.444 0.786
324.224 0.78
325.013 0.789
325.811 0.798
326.66 0.849
327.487 0.827
328.337 0.85
329.22 0.883
330.129 0.909
331.031 0.902
331.916 0.885
332.79 0.874
333.635 0.845
334.42 0.785
335.177 0.757
335.941 0.764
336.733 0.792
337.573 0.84
338.395 0.822
339.255 0.86
340.18 0.925
341.113 0.933
341.984 0.871
342.858 0.874
343.727 0.869
344.577 0.85
345.414 0.837
346.281 0.867
347.189 0.908
348.047 0.858
348.889 0.842
349.718 0.829
350.481 0.763
351.224 0.743
351.966 0.742
352.733 0.767
353.548 0.815
354.378 0.83
355.194 0.816
356.015 0.821
356.812 0.797
357.543 0.731
358.34 0.797
359.126 0.786
359.979 0.853
360.792 0.813
361.622 0.83
362.465 0.843
363.288 0.823
364.07 0.782
364.839 0.769
365.618 0.779
366.41 0.792
367.237 0.827
368.037 0.8
368.837 0.8
369.629 0.792
370.405 0.776
371.177 0.772
371.922 0.745
372.693 0.771
373.45 0.757
374.197 0.747
374.94 0.743
375.727 0.787
376.605 0.878
377.522 0.917
378.363 0.841
379.223 0.86
380.09 0.867
380.995 0.905
381.867 0.872
382.73 0.863
383.595 0.865
384.416 0.821
385.248 0.832
386.079 0.831
386.894 0.815
387.715 0.821
388.541 0.826
389.319 0.778
390.092 0.773
390.855 0.763
391.622 0.767
392.411 0.789
393.205 0.794
394.0 0.795
394.765 0.765
395.554 0.789
396.35 0.796
397.108 0.758
397.878 0.77
398.662 0.784
399.466 0.804
400.328 0.862
401.283 0.955
402.263 0.98
403.193 0.93
404.091 0.898
405.017 0.926
405.959 0.942
406.847 0.888
407.729 0.882
408.669 0.94
409.729 1.06
410.707 0.978
411.676 0.969
412.678 1.002
413.696 1.018
414.615 0.919
415.511 0.896
416.409 0.898
417.3 0.891
418.142 0.842
418.947 0.805
419.82 0.873
420.902 1.082
422.01 1.108
422.986 0.976
423.938 0.952
424.905 0.967
425.842 0.937
426.739 0.897
427.693 0.954
428.72 1.027
429.707 0.987
430.651 0.944
431.638 0.987
432.608 0.97
433.539 0.931
434.431 0.892
435.361 0.93
436.323 0.962
437.273 0.95
438.185 0.912
439.141 0.956
440.096 0.955
440.99 0.894
441.874 0.884
442.786 0.912
443.699 0.913
444.578 0.879
445.515 0.937
446.476 0.961
447.382 0.906
448.259 0.877
449.156 0.897
450.065 0.909
450.958 0.893
451.847 0.889
452.796 0.949
453.814 1.018
454.789 0.975
455.705 0.916
456.661 0.956
457.606 0.945
458.465 0.859
459.278 0.813
460.099 0.821
460.943 0.844
461.776 0.833
462.619 0.843
463.467 0.848
464.297 0.83
465.155 0.858
466.043 0.888
466.957 0.914
467.794 0.837
468.636 0.842
469.478 0.842
470.302 0.824
471.145 0.843
471.984 0.839
472.778 0.794
473.538 0.76
474.321 0.783
475.162 0.841
476.12 0.958
477.005 0.885
477.893 0.888
478.82 0.927
479.752 0.932
480.631 0.879
481.507 0.876
482.368 0.861
483.184 0.816
483.961 0.777
484.743 0.782
485.55 0.807
486.356 0.806
487.173 0.817
488.015 0.842
488.879 0.864
489.717 0.838
490.48 0.763
491.221 0.741
491.985 0.764
492.758 0.773
493.52 0.762
494.281 0.761
495.115 0.834
496.041 0.926
496.935 0.894
497.804 0.869
498.766 0.962
499.795 1.029
500.788 0.993
501.761 0.973
502.759 0.998
503.773 1.014
504.722 0.949
505.642 0.92
506.586 0.944
507.586 1.0
508.52 0.934
509.39 0.87
510.273 0.883
511.256 0.983
512.296 1.04
513.307 1.011
514.217 0.91
515.13 0.913
516.024 0.894
516.893 0.869
517.716 0.823
518.545 0.829
519.393 0.848
520.297 0.904
521.169 0.872
522.064 0.895
522.96 0.896
523.861 0.901
524.71 0.849
525.525 0.815
526.294 0.769
527.023 0.729
527.745 0.722
528.522 0.777
529.438 0.916
530.448 1.01
531.395 0.947
532.384 0.989
533.353 0.969
534.263 0.91
535.133 0.87
535.98 0.847
536.813 0.833
537.555 0.742
538.273 0.718
538.994 0.721
539.716 0.722
540.554 0.838
541.448 0.894
542.302 0.854
543.189 0.887
544.066 0.877
544.889 0.823
545.659 0.77
546.437 0.778
547.196 0.759
547.952 0.756
548.703 0.751
549.522 0.819
550.392 0.87
551.344 0.952
552.255 0.911
553.164 0.909
554.087 0.923
554.959 0.872
555.764 0.805
556.535 0.771
557.354 0.819
558.288 0.934
559.318 1.03
560.28 0.962
561.206 0.926
562.142 0.936
563.062 0.92
563.94 0.878
564.79 0.85
565.658 0.868
566.54 0.882
567.404 0.864
568.218 0.814
569.048 0.83
569.963 0.915
570.973 1.01
571.956 0.983
572.901 0.945
573.843 0.942
574.777 0.934
575.639 0.862
576.453 0.814
577.279 0.826
578.139 0.86
579.054 0.915
579.952 0.898
580.907 0.955
581.903 0.996
582.85 0.947
583.697 0.847
584.547 0.85
585.385 0.838
586.239 0.854
587.067 0.828
587.94 0.873
588.897 0.957
589.906 1.009
590.83 0.924
591.764 0.934
592.7 0.936
593.605 0.905
594.443 0.838
595.272 0.829
596.107 0.835
596.991 0.884
597.898 0.907
598.749 0.851
599.631 0.882
600.493 0.862
601.341 0.848
602.132 0.791
602.9 0.768
603.688 0.788
604.487 0.799
605.278 0.791
606.046 0.768
606.863 0.817
607.682 0.819