0.000 0.747
0.747 0.747
1.511 0.764
2.236 0.725
2.948 0.712
3.616 0.668
4.298 0.682
4.981 0.683
5.675 0.694
6.373 0.698
7.04 0.667
7.695 0.655
8.363 0.668
9.073 0.71
9.845 0.772
10.616 0.771
11.355 0.739
12.046 0.691
12.712 0.666
13.361 0.649
14.0 0.639
14.666 0.666
15.482 0.816
16.384 0.902
17.256 0.872
18.103 0.847
18.909 0.806
19.66 0.751
20.423 0.763
21.169 0.746
21.884 0.715
22.573 0.689
23.279 0.706
24.019 0.74
24.817 0.798
25.606 0.789
26.373 0.767
27.106 0.733
27.78 0.674
28.451 0.671
29.116 0.665
29.781 0.665
30.439 0.658
31.107 0.668
31.848 0.741
32.787 0.939
33.697 0.91
34.584 0.887
35.433 0.849
36.226 0.793
36.973 0.747
37.724 0.751
38.471 0.747
39.255 0.784
40.069 0.814
40.905 0.836
41.625 0.72
42.42 0.795
43.159 0.739
43.9 0.741
44.706 0.806
45.533 0.827
46.355 0.822
47.161 0.806
47.894 0.733
48.629 0.735
49.319 0.69
50.033 0.714
50.753 0.72
51.466 0.713
52.17 0.704
52.87 0.7
53.536 0.666
54.195 0.659
54.84 0.645
55.508 0.668
56.248 0.74
57.108 0.86
57.918 0.81
58.664 0.746
59.396 0.732
60.132 0.736
60.862 0.73
61.564 0.702
62.247 0.683
62.89 0.643
63.524 0.634
64.158 0.634
64.815 0.657
65.573 0.758
66.429 0.856
67.292 0.863
68.171 0.879
69.045 0.874
69.9 0.855
70.71 0.81
71.526 0.816
72.372 0.846
73.291 0.919
74.083 0.792
74.859 0.776
75.615 0.756
76.394 0.779
77.25 0.856
78.17 0.92
78.936 0.766
79.963 1.027
80.731 0.768
81.455 0.724
82.172 0.717
82.909 0.737
83.653 0.744
84.391 0.738
85.077 0.686
85.74 0.663
86.412 0.672
87.164 0.752
88.047 0.883
88.883 0.836
89.696 0.813
90.447 0.751
91.143 0.696
91.806 0.663
92.444 0.638
93.076 0.632
93.723 0.647
94.43 0.707
95.352 0.922
96.523 1.171
97.5 0.977
98.415 0.915
99.248 0.833
100.042 0.794
100.79 0.748
101.472 0.682
102.127 0.655
102.777 0.65
103.48 0.703
104.478 0.998
105.535 1.057
106.526 0.991
107.518 0.992
108.444 0.926
109.299 0.855
110.076 0.777
110.829 0.753
111.558 0.729
112.266 0.708
112.961 0.695
113.673 0.712
114.447 0.774
115.426 0.979
116.369 0.943
117.221 0.852
118.075 0.854
118.918 0.843
119.695 0.777
120.474 0.779
121.236 0.762
121.98 0.744
122.694 0.714
123.401 0.707
124.127 0.726
124.955 0.828
125.864 0.909
126.689 0.825
127.435 0.746
128.165 0.73
128.863 0.698
129.566 0.703
130.263 0.697
130.943 0.68
131.621 0.678
132.331 0.71
133.168 0.837
134.121 0.953
135.076 0.955
135.95 0.874
136.784 0.834
137.614 0.83
138.433 0.819
139.199 0.766
139.919 0.72
140.619 0.7
141.324 0.705
142.08 0.756
142.863 0.783
143.631 0.768
144.377 0.746
145.096 0.719
145.815 0.719
146.55 0.735
147.28 0.73
147.975 0.695
148.691 0.716
149.424 0.733
150.198 0.774
150.962 0.764
151.7 0.738
152.401 0.701
153.065 0.664
153.732 0.667
154.4 0.668
155.128 0.728
155.912 0.784
156.821 0.909
157.684 0.863
158.484 0.8
159.285 0.801
160.072 0.787
160.833 0.761
161.552 0.719
162.263 0.711
162.983 0.72
163.759 0.776
164.579 0.82
165.402 0.823
166.171 0.769
167.02 0.849
167.768 0.748
168.466 0.698
169.149 0.683
169.823 0.674
170.565 0.742
171.476 0.911
172.284 0.808
173.115 0.831
173.984 0.869
174.923 0.939
175.84 0.917
176.553 0.713
177.427 0.874
178.15 0.723
178.857 0.707
179.541 0.684
180.207 0.666
180.849 0.642
181.479 0.63
182.118 0.639
182.79 0.672
183.639 0.849
184.564 0.925
185.558 0.994
186.482 0.924
187.282 0.8
188.052 0.77
188.79 0.738
189.571 0.781
190.334 0.763
191.089 0.755
191.821 0.732
192.51 0.689
193.192 0.682
193.869 0.677
194.589 0.72
195.337 0.748
196.089 0.752
196.802 0.713
197.498 0.696
198.199 0.701
198.941 0.742
199.718 0.777
200.492 0.774
201.202 0.71
201.869 0.667
202.51 0.641
203.131 0.621
203.828 0.697
204.566 0.738
205.335 0.769
206.055 0.72
206.785 0.73
207.538 0.753
208.336 0.798
209.115 0.779
209.866 0.751
210.557 0.691
211.251 0.694
211.937 0.686
212.649 0.712
213.357 0.708
214.058 0.701
214.754 0.696
215.444 0.69
216.128 0.684
216.807 0.679
217.469 0.662
218.131 0.662
218.859 0.728
220.053 1.194
221.127 1.074
222.121 0.994
223.055 0.934
223.935 0.88
224.737 0.802
225.455 0.718
226.134 0.679
226.802 0.668
227.515 0.713
228.411 0.896
229.349 0.938
230.208 0.859
230.998 0.79
231.707 0.709
232.39 0.683
233.082 0.692
233.787 0.705
234.527 0.74
235.249 0.722
235.93 0.681
236.6 0.67
237.253 0.653
237.898 0.645
238.535 0.637
239.173 0.638
239.801 0.628
240.438 0.637
241.075 0.637
241.746 0.671
242.509 0.763
243.328 0.819
244.123 0.795
244.867 0.744
245.607 0.74
246.361 0.754
247.166 0.805
248.031 0.865
248.84 0.809
249.6 0.76
250.335 0.735
251.049 0.714
251.728 0.679
252.423 0.695
253.157 0.734
254.044 0.887
254.902 0.858
255.747 0.845
256.628 0.881
257.516 0.888
258.334 0.818
259.105 0.771
259.857 0.752
260.595 0.738
261.338 0.743
262.07 0.732
262.857 0.787
263.693 0.836
264.539 0.846
265.342 0.803
266.142 0.8
266.943 0.801
267.736 0.793
268.473 0.737
269.198 0.725
269.909 0.711
270.637 0.728
271.365 0.728
272.072 0.707
272.749 0.677
273.433 0.684
274.112 0.679
274.871 0.759
275.756 0.885
276.598 0.842
277.458 0.86
278.358 0.9
279.253 0.895
280.21 0.957
281.085 0.875
281.92 0.835
282.699 0.779
283.445 0.746
284.176 0.731
284.891 0.715
285.56 0.669
286.328 0.768
287.129 0.801
288.191 1.062
289.124 0.933
289.888 0.764
290.802 0.914
291.542 0.74
292.245 0.703
292.971 0.726
293.692 0.721
294.401 0.709
295.091 0.69
295.774 0.683
296.553 0.779
297.374 0.821
298.164 0.79
299.343 1.179
300.349 1.006
301.227 0.878
302.125 0.898
302.976 0.851
303.746 0.77
304.462 0.716
305.171 0.709
305.907 0.736
306.704 0.797
307.529 0.825
308.416 0.887
309.323 0.907
310.247 0.924
311.123 0.876
312.134 1.011
312.975 0.841
313.769 0.794
314.551 0.782
315.324 0.773
316.047 0.723
316.753 0.706
317.47 0.717
318.347 0.877
319.322 0.975
320.233 0.911
321.09 0.857
321.758 0.668
322.616 0.858
323.33 0.714
324.071 0.741
324.823 0.752
325.553 0.73
326.276 0.723
326.995 0.719
327.696 0.701
328.38 0.684
329.099 0.719
329.815 0.716
330.579 0.764
331.363 0.784
332.091 0.728
332.839 0.748
333.64 0.801
334.539 0.899
335.412 0.873
336.225 0.813
336.991 0.766
337.735 0.744
338.445 0.71
339.129 0.684
339.83 0.701
340.564 0.734
341.344 0.78
342.083 0.739
342.887 0.804
343.813 0.926
344.607 0.794
345.609 1.002
346.348 0.739
347.06 0.712
347.739 0.679
348.39 0.651
349.073 0.683
349.822 0.749
350.628 0.806
351.413 0.785
352.26 0.847
353.17 0.91
354.077 0.907
354.89 0.813
355.738 0.848
356.444 0.706
357.133 0.689
357.804 0.671
358.485 0.681
359.19 0.705
359.901 0.711
360.602 0.701
361.285 0.683
361.949 0.664
362.61 0.661
363.264 0.654
363.915 0.651
364.617 0.702
365.516 0.899
366.459 0.943
367.402 0.943
368.319 0.917
369.169 0.85
369.965 0.796
370.725 0.76
371.463 0.738
372.16 0.697
372.839 0.679
373.535 0.696
374.273 0.738
375.128 0.855
376.015 0.887
376.792 0.777
377.542 0.75
378.258 0.716
379.013 0.755
379.766 0.753
380.527 0.761
381.266 0.739
381.963 0.697
382.663 0.7
383.341 0.678
384.0 0.659
384.666 0.666
385.319 0.653
385.982 0.663
386.655 0.673
387.359 0.704
388.082 0.723
388.808 0.726
389.516 0.708
390.213 0.697
390.944 0.731
391.758 0.814
392.673 0.915
393.587 0.914
394.442 0.855
395.193 0.751
395.927 0.734
396.668 0.741
397.571 0.903
398.488 0.917
399.303 0.815
400.157 0.854
401.071 0.914
401.974 0.903
402.803 0.829
403.634 0.831
404.478 0.844
405.3 0.822
406.132 0.832
406.978 0.846
407.829 0.851
408.545 0.716
409.445 0.9
410.211 0.766
411.0 0.789
411.799 0.799
412.598 0.799
413.495 0.897
414.414 0.919
415.33 0.916
416.158 0.828
416.993 0.835
417.821 0.828
418.635 0.814
419.416 0.781
420.223 0.807
421.056 0.833
421.897 0.841
422.71 0.813
423.539 0.829
424.354 0.815
425.136 0.782
425.905 0.769
426.7 0.795
427.538 0.838
428.358 0.82
429.251 0.893
430.182 0.931
431.057 0.875
431.847 0.79
432.646 0.799
433.431 0.785
434.194 0.763
434.926 0.732
435.641 0.715
436.348 0.707
437.086 0.738
437.822 0.736
438.507 0.685
439.241 0.734
439.944 0.703
440.63 0.686
441.336 0.706
442.144 0.808
443.02 0.876
443.916 0.896
444.785 0.869
450.993 0.743
451.71 0.717
452.442 0.732
453.168 0.726
453.921 0.753
454.824 0.903
455.802 0.978
456.699 0.897
457.488 0.789
458.245 0.757
458.996 0.751
459.817 0.821
460.691 0.874
461.537 0.846
462.309 0.772
463.03 0.721
463.742 0.712
464.474 0.732
465.356 0.882
466.202 0.846
467.037 0.835
467.865 0.828
468.736 0.871
469.531 0.795
470.324 0.793
471.111 0.787
471.933 0.822
472.754 0.821
473.567 0.813
474.338 0.771
475.111 0.773
475.87 0.759
476.648 0.778
477.421 0.773
478.207 0.786
479.013 0.806
479.834 0.821
480.948 1.114
481.912 0.964
482.869 0.957
483.807 0.938
484.642 0.835
485.469 0.827
486.265 0.796
487.005 0.74
487.707 0.702
488.396 0.689
489.121 0.725
489.872 0.751
490.653 0.781
491.504 0.851
492.447 0.943
493.286 0.839
494.13 0.844
494.972 0.842
495.768 0.796
496.491 0.723
497.153 0.662
497.813 0.66
498.458 0.645
499.114 0.656
499.817 0.703
500.556 0.739
501.265 0.709
501.937 0.672
502.61 0.673
503.277 0.667
503.933 0.656
504.578 0.645
505.223 0.645
505.889 0.666
506.658 0.769
507.48 0.822
508.499 1.019
509.328 0.829
510.076 0.748
510.803 0.727
511.548 0.745
512.3 0.752
513.032 0.732
513.734 0.702
514.406 0.672
515.052 0.646
515.705 0.653
516.386 0.681
517.265 0.879
518.166 0.901
519.056 0.89
519.914 0.858
520.68 0.766
521.423 0.743
522.14 0.717
522.883 0.743
523.623 0.74
524.357 0.734
525.082 0.725
525.798 0.716
526.491 0.693
527.179 0.688
527.857 0.678
528.55 0.693
529.233 0.683
529.917 0.684
530.569 0.652
531.246 0.677
531.944 0.698
532.653 0.709
533.417 0.764
534.208 0.791
534.942 0.734
535.647 0.705
536.342 0.695
537.037 0.695
537.727 0.69
538.389 0.662
539.036 0.647
539.695 0.659
540.396 0.701
541.177 0.781
541.999 0.822
542.788 0.789
543.604 0.816
544.426 0.822
545.215 0.789
546.007 0.792
546.765 0.758
547.501 0.736
548.231 0.73
548.938 0.707
549.644 0.706
550.37 0.726
551.096 0.726
551.826 0.73
552.596 0.77
553.412 0.816
554.247 0.835
555.088 0.841
555.964 0.876
556.812 0.848
557.657 0.845
558.519 0.862
559.339 0.82
560.082 0.743
560.83 0.748
561.601 0.771
562.554 0.953
563.583 1.029
564.528 0.945
565.414 0.886
566.243 0.829
567.067 0.824
567.882 0.815
568.658 0.776
569.427 0.769
570.18 0.753
570.982 0.802
571.84 0.858
572.663 0.823
573.597 0.934
574.436 0.839
575.244 0.808
576.075 0.831
576.828 0.753
577.577 0.749
578.342 0.765
579.216 0.874
580.17 0.954
581.164 0.994
582.153 0.989
583.078 0.925
583.967 0.889
584.741 0.774
585.493 0.752
586.229 0.736
586.974 0.745
587.695 0.721
588.457 0.762
589.315 0.858
590.419 1.104
591.459 1.04
592.411 0.952
593.292 0.881
594.085 0.793
594.821 0.736
595.53 0.709
596.257 0.727
597.034 0.777
597.898 0.864
598.789 0.891
599.719 0.93
600.603 0.884
601.429 0.826
602.183 0.754
602.886 0.703
603.597 0.711
604.324 0.727
605.07 0.746
605.784 0.714
606.541 0.757
607.324 0.783
608.143 0.819
608.984 0.841
609.78 0.796
610.526 0.746
611.261 0.735