0.000 0.731
0.731 0.731
1.51 0.779
2.324 0.814
3.137 0.813
3.905 0.768
4.747 0.842
5.536 0.789
6.262 0.726
6.991 0.729
7.75 0.759
8.572 0.822
9.326 0.754
10.118 0.792
10.973 0.855
11.816 0.843
12.581 0.765
13.393 0.812
14.274 0.881
15.161 0.887
15.958 0.797
16.741 0.783
17.694 0.953
18.669 0.975
19.533 0.864
20.463 0.93
21.414 0.951
22.347 0.933
23.123 0.776
23.914 0.791
24.755 0.841
25.647 0.892
26.682 1.035
27.761 1.079
28.689 0.928
29.617 0.928
30.556 0.939
31.392 0.836
32.147 0.755
32.984 0.837
33.937 0.953
34.795 0.858
35.655 0.86
36.725 1.07
37.689 0.964
38.523 0.834
39.32 0.797
40.353 1.033
41.458 1.105
42.554 1.096
43.469 0.915
44.252 0.783
45.08 0.828
46.153 1.073
47.101 0.948
47.92 0.819
48.779 0.859
49.941 1.162
50.97 1.029
51.839 0.869
52.676 0.837
53.842 1.166
54.854 1.012
55.686 0.832
56.596 0.91
57.605 1.009
58.5 0.895
59.311 0.811
60.202 0.891
61.354 1.152
62.365 1.011
63.267 0.902
64.252 0.985
65.256 1.004
66.151 0.895
67.041 0.89
68.014 0.973
68.965 0.951
69.852 0.887
70.851 0.999
71.856 1.005
72.734 0.878
73.559 0.825
74.445 0.886
75.377 0.932
76.23 0.853
77.155 0.925
78.2 1.045
79.149 0.949
80.142 0.993
81.144 1.002
82.046 0.902
82.865 0.819
83.757 0.892
84.717 0.96
85.57 0.853
86.358 0.788
87.295 0.937
88.293 0.998
89.227 0.934
90.076 0.849
91.009 0.933
91.976 0.967
92.855 0.879
93.834 0.979
94.883 1.049
95.837 0.954
96.726 0.889
97.659 0.933
98.524 0.865
99.449 0.925
100.476 1.027
101.365 0.889
102.153 0.788
102.894 0.741
103.745 0.851
104.554 0.809
105.475 0.921
106.526 1.051
107.434 0.908
108.395 0.961
109.402 1.007
110.335 0.933
111.256 0.921
112.197 0.941
113.117 0.92
113.948 0.831
114.764 0.816
115.686 0.922
116.647 0.961
117.555 0.908
118.49 0.935
119.532 1.042
120.575 1.043
121.522 0.947
122.491 0.969
123.445 0.954
124.32 0.875
125.249 0.929
126.158 0.909
126.964 0.806
127.875 0.911
128.791 0.916
129.612 0.821
130.557 0.945
131.557 1.0
132.538 0.981
133.429 0.891
134.353 0.924
135.28 0.927
136.138 0.858
137.096 0.958
138.133 1.037
139.092 0.959
139.945 0.853
140.834 0.889
141.799 0.965
142.704 0.905
143.561 0.857
144.525 0.964
145.456 0.931
146.356 0.9
147.305 0.949
148.21 0.905
149.078 0.868
150.011 0.933
150.903 0.892
151.773 0.87
152.701 0.928
153.609 0.908
154.497 0.888
155.443 0.946
156.362 0.919
157.188 0.826
158.029 0.841
158.924 0.895
159.779 0.855
160.56 0.781
161.403 0.843
162.361 0.958
163.186 0.825
164.038 0.852
164.966 0.928
165.777 0.811
166.672 0.895
167.674 1.002
168.615 0.941
169.455 0.84
170.355 0.9
171.34 0.985
172.236 0.896
173.161 0.925
174.155 0.994
175.168 1.013
176.092 0.924
177.014 0.922
177.925 0.911
178.778 0.853
179.71 0.932
180.628 0.918
181.474 0.846
182.427 0.953
183.351 0.924
184.189 0.838
185.094 0.905
186.083 0.989
187.004 0.921
187.899 0.895
188.843 0.944
189.789 0.946
190.654 0.865
191.57 0.916
192.584 1.014
193.509 0.925
194.351 0.842
195.218 0.867
196.066 0.848
196.842 0.776
197.687 0.845
198.626 0.939
199.514 0.888
200.408 0.894
201.426 1.018
202.387 0.961
203.268 0.881
204.155 0.887
204.998 0.843
205.789 0.791
206.679 0.89
207.643 0.964
208.524 0.881
209.332 0.808
210.193 0.861
211.097 0.904
211.923 0.826
212.794 0.871
213.682 0.888
214.513 0.831
215.354 0.841
216.258 0.904
217.071 0.813
217.906 0.835
218.773 0.867
219.568 0.795
220.414 0.846
221.406 0.992
222.332 0.926
223.229 0.897
224.202 0.973
225.198 0.996
226.123 0.925
227.053 0.93
227.98 0.927
228.852 0.872
229.728 0.876
230.645 0.917
231.57 0.925
232.446 0.876
233.345 0.899
234.306 0.961
235.181 0.875
235.984 0.803
236.821 0.837
237.785 0.964
238.721 0.936
239.626 0.905
240.585 0.959
241.504 0.919
242.37 0.866
243.257 0.887
244.161 0.904
245.057 0.896
246.029 0.972
246.969 0.94
247.923 0.954
248.902 0.979
249.796 0.894
250.717 0.921
251.656 0.939
252.538 0.882
253.384 0.846
254.202 0.818
255.129 0.927
256.062 0.933
257.003 0.941
257.987 0.984
258.909 0.922
259.895 0.986
260.782 0.887
261.657 0.875
262.505 0.848
263.318 0.813
264.267 0.949
265.198 0.931
266.133 0.935
267.122 0.989
268.076 0.954
268.921 0.845
269.717 0.796
270.643 0.926
271.578 0.935
272.53 0.952
273.551 1.021
274.475 0.924
275.447 0.972
276.484 1.037
277.435 0.951
278.374 0.939
279.345 0.971
280.23 0.885
281.042 0.812
281.879 0.837
282.647 0.768
283.389 0.742
284.203 0.814
285.19 0.987
286.097 0.907
286.997 0.9
288.008 1.011
288.946 0.938
289.8 0.854
290.655 0.855
291.451 0.796
292.304 0.853
293.246 0.942
294.094 0.848
294.915 0.821
295.792 0.877
296.675 0.883
297.512 0.837
298.442 0.93
299.42 0.978
300.329 0.909
301.265 0.936
302.148 0.883
303.032 0.884
304.052 1.02
305.007 0.955
305.881 0.874
306.784 0.903
307.694 0.91
308.541 0.847
309.436 0.895
310.369 0.933
311.222 0.853
312.112 0.89
312.994 0.882
313.807 0.813
314.699 0.892
315.589 0.89
316.415 0.826
317.261 0.846
318.086 0.825
318.845 0.759
319.645 0.8
320.493 0.848
321.291 0.798
322.056 0.765
322.929 0.873
323.756 0.827
324.501 0.745
325.214 0.713
325.976 0.762
326.785 0.809
327.608 0.823
328.364 0.756
329.122 0.758
329.895 0.773
330.683 0.788
331.442 0.759
332.269 0.827
333.115 0.846
333.917 0.802
334.761 0.844
335.629 0.868
336.455 0.826
337.335 0.88
338.226 0.891
339.06 0.834
339.921 0.861
340.797 0.876
341.616 0.819
342.519 0.903
343.432 0.913
344.305 0.873
345.234 0.929
346.182 0.948
347.076 0.894
347.999 0.923
348.934 0.935
349.771 0.837
350.642 0.871
351.524 0.882
352.339 0.815
353.163 0.824
354.103 0.94
355.031 0.928
356.03 0.999
357.001 0.971
357.892 0.891
358.756 0.864
359.633 0.877
360.5 0.867
361.278 0.778
362.079 0.801
362.849 0.77
363.553 0.704
364.298 0.745
365.038 0.74
365.807 0.769
366.712 0.905
367.602 0.89
368.428 0.826
369.313 0.885
370.252 0.939
371.188 0.936
372.047 0.859
372.875 0.828
373.744 0.869
374.671 0.927
375.525 0.854
376.365 0.84
377.315 0.95
378.333 1.018
379.307 0.974
380.266 0.959
381.114 0.848
381.873 0.759
382.61 0.737
383.435 0.825
384.521 1.086
385.553 1.032
386.576 1.023
387.539 0.963
388.351 0.812
389.099 0.748
389.876 0.777
390.777 0.901
391.773 0.996
392.656 0.883
393.442 0.786
394.181 0.739
394.957 0.776
396.126 1.169
397.16 1.034
398.135 0.975
399.031 0.896
399.84 0.809
400.641 0.801
401.472 0.831
402.278 0.806
403.098 0.82
403.972 0.874
404.795 0.823
405.595 0.8
406.377 0.782
407.231 0.854
408.212 0.981
409.151 0.939
410.021 0.87
410.925 0.904
411.774 0.849
412.519 0.745
413.244 0.725
413.938 0.694
414.622 0.684
415.294 0.672
416.02 0.726
416.864 0.844
417.727 0.863
418.587 0.86
419.456 0.869
420.228 0.772
420.947 0.719
421.676 0.729
422.418 0.742
423.166 0.748
423.949 0.783
424.785 0.836
425.731 0.946
426.6 0.869
427.488 0.888
428.387 0.899
429.26 0.873
430.121 0.861
430.932 0.811
431.661 0.729
432.341 0.68
432.996 0.655
433.7 0.704
434.802 1.102
435.802 1.0
436.767 0.965
437.704 0.937
438.614 0.91
439.49 0.876
440.341 0.851
441.109 0.768
441.888 0.779
442.707 0.819
443.683 0.976
444.663 0.98
445.629 0.966
446.621 0.992
447.583 0.962
448.448 0.865
449.257 0.809
450.083 0.826
450.931 0.848
451.802 0.871
452.694 0.892
453.566 0.872
454.391 0.825
455.234 0.843
456.092 0.858
456.903 0.811
457.747 0.844
458.717 0.97
459.671 0.954
460.53 0.859
461.41 0.88
462.282 0.872
463.11 0.828
463.912 0.802
464.737 0.825
465.566 0.829
466.337 0.771
467.174 0.837
468.082 0.908
468.967 0.885
469.797 0.83
470.648 0.851
471.451 0.803
472.203 0.752
472.974 0.771
473.753 0.779
474.516 0.763
475.303 0.787
476.188 0.885
477.028 0.84
477.858 0.83
478.702 0.844
479.507 0.805
480.303 0.796
481.119 0.816
481.922 0.803
482.752 0.83
483.598 0.846
484.413 0.815
485.19 0.777
485.972 0.782
486.826 0.854
487.741 0.915
488.623 0.882
489.444 0.821
490.295 0.851
491.18 0.885
492.056 0.876
492.923 0.867
493.692 0.769
494.399 0.707
495.058 0.659
495.721 0.663
496.431 0.71
497.272 0.841
498.057 0.785
498.817 0.76
499.551 0.734
500.242 0.691
500.901 0.659
501.566 0.665
502.272 0.706
503.068 0.796
503.853 0.785
504.597 0.744
505.414 0.817
506.391 0.977
507.359 0.968
508.259 0.9
509.156 0.897
510.014 0.858
510.768 0.754
511.536 0.768
512.376 0.84
513.357 0.981
514.289 0.932
515.151 0.862
515.891 0.74
516.573 0.682
517.255 0.682
517.943 0.688
518.641 0.698
519.312 0.671
519.977 0.665
520.682 0.705
521.448 0.766
522.284 0.836
523.113 0.829
523.895 0.782
524.712 0.817
525.561 0.849
526.378 0.817
527.196 0.818
528.041 0.845
528.852 0.811
529.653 0.801
530.528 0.875
531.492 0.964
532.426 0.934
533.372 0.946
534.252 0.88
535.09 0.838
535.955 0.865
536.79 0.835
537.667 0.877
538.458 0.791
539.283 0.825
540.213 0.93
541.189 0.976
542.044 0.855
542.964 0.92
543.866 0.902
544.705 0.839
545.637 0.932
546.542 0.905
547.392 0.85
548.258 0.866
549.088 0.83
549.855 0.767
550.635 0.78
551.443 0.808
552.283 0.84
553.031 0.748
553.787 0.756
554.534 0.747
555.236 0.702
555.922 0.686
556.588 0.666
557.26 0.672
557.934 0.674
558.578 0.644
559.21 0.632
559.851 0.641
560.504 0.653
561.178 0.674
561.831 0.653
562.471 0.64
563.124 0.653
563.812 0.688
564.539 0.727
565.281 0.742
566.005 0.724
566.79 0.785
567.587 0.797
568.383 0.796
569.151 0.768
570.007 0.856
570.949 0.942
571.917 0.968
572.819 0.902
573.775 0.956
574.737 0.962
575.584 0.847
576.356 0.772
577.103 0.747
577.916 0.813
578.89 0.974
579.865 0.975
580.864 0.999
581.747 0.883
582.558 0.811
583.376 0.818
584.39 1.014
585.396 1.006
586.356 0.96
587.216 0.86
588.07 0.854
589.004 0.934
589.988 0.984
590.873 0.885
591.768 0.895
592.72 0.952
593.602 0.882
594.433 0.831
595.364 0.931
596.271 0.907
597.065 0.794
597.793 0.728
598.563 0.77
599.316 0.753
600.008 0.692
600.702 0.694
601.437 0.735
602.285 0.848
603.201 0.916
604.085 0.884
604.903 0.818