0.000 0.718
0.718 0.718
1.478 0.76
2.162 0.684
2.971 0.809
3.727 0.756
4.534 0.807
5.392 0.858
6.269 0.877
7.102 0.833
8.0 0.898
8.896 0.896
9.75 0.854
10.53 0.78
11.411 0.881
12.352 0.941
13.214 0.862
14.125 0.911
15.06 0.935
15.975 0.915
16.987 1.012
18.001 1.014
18.93 0.929
19.926 0.996
20.971 1.045
21.994 1.023
22.984 0.99
24.045 1.061
25.123 1.078
26.108 0.985
27.139 1.031
28.192 1.053
29.207 1.015
30.155 0.948
31.188 1.033
32.23 1.042
33.175 0.945
34.228 1.053
35.264 1.036
36.185 0.921
37.117 0.932
38.108 0.991
39.069 0.961
40.123 1.054
41.181 1.058
42.238 1.057
43.227 0.989
44.125 0.898
45.112 0.987
46.124 1.012
47.104 0.98
48.18 1.076
49.272 1.092
50.283 1.011
51.339 1.056
52.381 1.042
53.347 0.966
54.329 0.982
55.328 0.999
56.309 0.981
57.386 1.077
58.372 0.986
59.416 1.044
60.48 1.064
61.471 0.991
62.542 1.071
63.582 1.04
64.553 0.971
65.626 1.073
66.719 1.093
67.767 1.048
68.87 1.103
69.979 1.109
71.015 1.036
72.115 1.1
73.242 1.127
74.367 1.125
75.379 1.012
76.477 1.098
77.568 1.091
78.597 1.029
79.67 1.073
80.781 1.111
81.886 1.105
82.921 1.035
83.899 0.978
84.912 1.013
85.986 1.074
87.107 1.121
88.165 1.058
89.171 1.006
90.163 0.992
91.145 0.982
92.176 1.031
93.319 1.143
94.492 1.173
95.671 1.179
96.844 1.173
97.986 1.142
99.078 1.092
100.124 1.046
101.117 0.993
102.074 0.957
103.017 0.943
103.936 0.919
104.83 0.894
105.627 0.797
106.411 0.784
107.224 0.813
108.176 0.952
109.32 1.144
110.494 1.174
111.622 1.128
112.694 1.072
113.805 1.111
114.859 1.054
115.926 1.067
116.986 1.06
118.007 1.021
119.065 1.058
120.148 1.083
121.182 1.034
122.255 1.073
123.326 1.071
124.355 1.029
125.392 1.037
126.472 1.08
127.512 1.04
128.582 1.07
129.643 1.061
130.669 1.026
131.75 1.081
132.827 1.077
133.837 1.01
134.841 1.004
135.878 1.037
136.931 1.053
137.945 1.014
138.991 1.046
140.064 1.073
141.133 1.069
142.119 0.986
143.116 0.997
144.097 0.981
145.124 1.027
146.186 1.062
147.245 1.059
148.355 1.11
149.463 1.108
150.472 1.009
151.519 1.047
152.588 1.069
153.623 1.035
154.658 1.035
155.741 1.083
156.799 1.058
157.807 1.008
158.863 1.056
159.913 1.05
160.912 0.999
161.976 1.064
163.048 1.072
164.074 1.026
165.158 1.084
166.226 1.068
167.264 1.038
168.257 0.993
169.325 1.068
170.415 1.09
171.422 1.007
172.469 1.047
173.525 1.056
174.504 0.979
175.344 0.84
176.299 0.955
177.254 0.955
178.135 0.881
179.06 0.925
179.99 0.93
180.864 0.874
181.745 0.881
182.613 0.868
183.415 0.802
184.241 0.826
185.097 0.856
185.95 0.853
186.738 0.788
187.504 0.766
188.317 0.813
189.198 0.881
190.073 0.875
191.066 0.993
192.102 1.036
193.136 1.034
194.104 0.968
195.14 1.036
196.197 1.057
197.257 1.06
198.266 1.009
199.348 1.082
200.463 1.115
201.494 1.031
202.601 1.107
203.723 1.122
204.745 1.022
205.848 1.103
206.923 1.075
207.939 1.016
209.026 1.087
210.059 1.033
211.116 1.057
212.195 1.079
213.2 1.005
214.212 1.012
215.265 1.053
216.362 1.097
217.352 0.99
218.371 1.019
219.456 1.085
220.432 0.976
221.414 0.982
222.448 1.034
223.471 1.023
224.425 0.954
225.449 1.024
226.469 1.02
227.551 1.082
228.609 1.058
229.636 1.027
230.652 1.016
231.715 1.063
232.768 1.053
233.864 1.096
234.968 1.104
236.027 1.059
237.119 1.092
238.247 1.128
239.383 1.136
240.403 1.02
241.5 1.097
242.586 1.086
243.66 1.074
244.744 1.084
245.743 0.999
246.785 1.042
247.832 1.047
248.786 0.954
249.809 1.023
250.753 0.944
251.733 0.98
252.7 0.967
253.609 0.909
254.612 1.003
255.652 1.04
256.694 1.042
257.764 1.07
258.797 1.033
259.698 0.901
260.699 1.001
261.741 1.042
262.723 0.982
263.734 1.011
264.802 1.068
265.866 1.064
266.841 0.975
267.888 1.047
268.985 1.097
269.995 1.01
271.066 1.071
272.168 1.102
273.23 1.062
274.358 1.128
275.439 1.081
276.499 1.06
277.422 0.923
278.296 0.874
279.311 1.015
280.408 1.097
281.502 1.094
282.531 1.029
283.531 1.0
284.58 1.049
285.637 1.057
286.649 1.012
287.69 1.041
288.738 1.048
289.775 1.037
290.807 1.032
291.856 1.049
292.895 1.039
293.929 1.034
294.928 0.999
295.947 1.019
296.94 0.993
297.923 0.983
298.939 1.016
299.953 1.014
300.962 1.009
301.987 1.025
302.992 1.005
303.993 1.001
305.018 1.025
306.057 1.039
307.046 0.989
308.068 1.022
309.121 1.053
310.135 1.014
311.195 1.06
312.247 1.052
313.294 1.047
314.36 1.066
315.402 1.042
316.39 0.988
317.405 1.015
318.417 1.012
319.4 0.983
320.386 0.986
321.387 1.001
322.406 1.019
322.744 0.338
323.364 0.62
324.392 1.028
325.426 1.034
326.312 0.886
327.43 1.118
328.445 1.015
329.458 1.013
330.129 0.671
330.432 0.303
331.43 0.998
332.44 1.01
333.451 1.011
334.404 0.953
335.385 0.981
336.373 0.988
337.371 0.998
338.386 1.015
339.436 1.05
340.426 0.99
341.449 1.023
342.475 1.026
343.45 0.975
344.457 1.007
345.461 1.004
345.842 0.381
346.4 0.558
347.398 0.998
348.409 1.011
349.187 0.778
350.332 1.145
351.288 0.956
352.253 0.965
353.245 0.992
354.25 1.005
355.24 0.99
356.228 0.988
357.225 0.997
358.205 0.98
358.512 0.307
359.161 0.649
360.135 0.974
360.992 0.857
361.841 0.849
362.725 0.884
363.575 0.85
364.469 0.894
365.398 0.929
366.343 0.945
367.275 0.932
368.207 0.932
369.118 0.911
369.989 0.871
370.864 0.875
371.731 0.867
372.598 0.867
373.458 0.86
374.369 0.911
375.315 0.946
376.237 0.922
377.203 0.966
378.177 0.974
379.106 0.929
380.052 0.946
381.007 0.955
381.908 0.901
382.821 0.913
383.757 0.936
384.659 0.902
385.585 0.926
386.521 0.936
387.417 0.896
388.369 0.952
389.355 0.986
390.31 0.955
391.342 1.032
392.357 1.015
393.303 0.946
394.257 0.954
395.218 0.961
396.126 0.908
397.053 0.927
397.978 0.925
398.851 0.873
399.72 0.869
400.602 0.882
401.49 0.888
402.376 0.886
403.276 0.9
404.176 0.9
405.063 0.887
405.964 0.901
406.861 0.897
407.739 0.878
408.632 0.893
409.554 0.922
410.499 0.945
411.426 0.927
412.292 0.866
413.186 0.894
414.069 0.883
414.897 0.828
415.772 0.875
416.649 0.877
417.477 0.828
418.342 0.865
419.224 0.882
420.096 0.872
420.966 0.87
421.865 0.899
422.759 0.894
423.668 0.909
424.586 0.918
425.482 0.896
426.368 0.886
427.26 0.892
428.156 0.896
429.037 0.881
429.926 0.889
430.818 0.892
431.689 0.871
432.59 0.901
433.494 0.904
434.375 0.881
435.282 0.907
436.192 0.91
437.073 0.881
437.956 0.883
438.831 0.875
439.686 0.855
440.554 0.868
441.423 0.869
442.263 0.84
443.119 0.856
443.998 0.879
444.862 0.864
445.744 0.882
446.635 0.891
447.5 0.865
448.375 0.875
449.243 0.868
450.05 0.807
450.868 0.818
451.728 0.86
452.613 0.885
453.479 0.866
454.366 0.887
455.268 0.902
456.14 0.872
457.012 0.872
457.884 0.872
458.767 0.883
459.657 0.89
460.485 0.828
461.258 0.773
462.133 0.875
463.03 0.897
463.946 0.916
464.859 0.913
465.799 0.94
466.257 0.458
466.511 0.254
466.782 0.271
467.51 0.728
468.287 0.777
469.106 0.819
470.01 0.904
470.584 0.574
470.843 0.259
471.168 0.325
471.965 0.797
472.309 0.344
472.796 0.487
473.118 0.322
473.406 0.288
473.725 0.319
473.999 0.274
474.278 0.279
474.563 0.285
474.886 0.323
475.158 0.272
475.832 0.674
476.307 0.475
476.7 0.393
477.168 0.468
477.549 0.381
478.506 0.957
480.614 2.108
492.993 12.379
493.885 0.892
494.716 0.831
495.658 0.942
496.468 0.81
497.225 0.757
497.48 0.255
497.746 0.266
498.836 1.09
499.78 0.944
500.726 0.946
501.602 0.876
502.496 0.894
503.404 0.908
504.345 0.941
505.317 0.972
506.246 0.929
507.208 0.962
508.231 1.023
509.27 1.039
510.246 0.976
511.314 1.068
512.435 1.121
513.531 1.096
514.59 1.059
515.653 1.063
516.687 1.034
517.668 0.981
518.673 1.005
519.686 1.013
520.691 1.005
521.615 0.924
522.542 0.927
523.457 0.915
523.856 0.399
524.131 0.275
524.427 0.296
524.853 0.426
525.153 0.3
527.004 1.851
527.271 0.267
534.859 0.866
535.217 0.358
535.671 0.454
536.18 0.509
536.572 0.392
536.891 0.319
540.033 3.142
541.194 1.161
542.043 0.849
542.929 0.886
543.752 0.823
544.608 0.856
545.527 0.919
546.351 0.824
547.081 0.73
547.403 0.322
548.247 0.844
549.091 0.844
549.934 0.843
550.783 0.849
551.603 0.82
552.338 0.735
553.114 0.776
553.885 0.771
554.692 0.807
555.46 0.768
556.335 0.875
557.253 0.918
558.195 0.942
559.057 0.862
560.011 0.954
560.962 0.951
561.854 0.892
562.796 0.942
563.754 0.958
564.667 0.913
565.591 0.924
566.534 0.943
567.401 0.867
568.295 0.894
569.218 0.923
570.131 0.913
571.011 0.88
571.79 0.779
572.506 0.716
573.224 0.718
573.959 0.735
574.708 0.749
575.507 0.799
576.286 0.779
577.138 0.852
578.028 0.89
578.963 0.935
579.831 0.868
580.65 0.819
581.487 0.837
582.362 0.875
583.188 0.826
583.966 0.778
584.795 0.829
585.715 0.92
586.59 0.875
587.488 0.898
588.426 0.938
589.39 0.964
590.352 0.962
591.255 0.903
592.23 0.975
593.178 0.948
594.116 0.938
595.044 0.928
595.98 0.936
596.94 0.96
597.831 0.891
598.764 0.933
599.709 0.945
600.622 0.913
601.551 0.929
602.494 0.943
603.433 0.939
604.331 0.898
605.246 0.915
606.24 0.994
607.18 0.94
608.136 0.956
609.104 0.968
610.021 0.917
610.872 0.851
611.761 0.889
612.697 0.936
613.611 0.914
614.604 0.993
615.61 1.006
616.58 0.97
617.569 0.989
618.569 1.0
619.507 0.938