0.000 0.902
0.902 0.902
1.659 0.757
2.102 0.443
2.434 0.332
2.737 0.303
3.557 0.82
3.811 0.254
4.331 0.52
4.843 0.512
5.112 0.269
6.113 1.001
6.439 0.326
6.853 0.414
7.216 0.363
7.638 0.422
7.948 0.31
8.541 0.593
9.491 0.95
9.934 0.443
10.195 0.261
10.451 0.256
10.818 0.367
11.103 0.285
11.362 0.259
11.693 0.331
11.96 0.267
12.242 0.282
13.302 1.06
13.849 0.547
19.999 0.476
20.287 0.288
20.755 0.468
21.248 0.493
22.21 0.962
23.112 0.902
24.105 0.993
25.011 0.906
25.974 0.963
26.975 1.001
27.847 0.872
28.603 0.756
29.365 0.762
30.24 0.875
31.187 0.947
32.109 0.922
33.084 0.975
34.084 1.0
34.936 0.852
35.702 0.766
36.43 0.728
37.164 0.734
37.998 0.834
38.918 0.92
39.927 1.009
40.911 0.984
41.881 0.97
42.859 0.978
43.679 0.82
44.4 0.721
45.108 0.708
45.864 0.756
46.801 0.937
47.747 0.946
48.722 0.975
49.727 1.005
50.669 0.942
51.537 0.868
52.436 0.899
53.368 0.932
54.21 0.842
54.961 0.751
55.7 0.739
56.453 0.753
57.452 0.999
58.359 0.907
59.237 0.878
60.118 0.881
61.01 0.892
61.81 0.8
62.537 0.727
63.29 0.753
64.092 0.802
64.881 0.789
65.597 0.716
66.362 0.765
67.23 0.868
68.135 0.905
69.058 0.923
69.958 0.9
70.866 0.908
71.655 0.789
72.347 0.692
73.021 0.674
73.698 0.677
74.5 0.802
75.404 0.904
76.337 0.933
77.293 0.956
78.263 0.97
79.263 1.0
79.565 0.302
79.988 0.423
80.968 0.98
81.637 0.669
82.325 0.688
82.784 0.459
83.069 0.285
83.347 0.278
83.765 0.418
84.054 0.289
84.377 0.323
84.682 0.305
85.011 0.329
85.326 0.315
85.665 0.339
86.571 0.906
87.427 0.856
88.204 0.777
88.916 0.712
89.615 0.699
90.408 0.793
90.875 0.467
91.242 0.367
91.566 0.324
91.843 0.277
92.206 0.363
92.595 0.389
92.888 0.293
93.17 0.282
93.448 0.278
93.743 0.295
94.046 0.303
94.995 0.949
95.975 0.98
96.907 0.932
97.809 0.902
98.656 0.847
99.492 0.836
99.785 0.293
100.268 0.483
100.772 0.504
101.683 0.911
102.438 0.755
103.28 0.842
104.202 0.922
105.121 0.919
106.008 0.887
106.802 0.794
107.524 0.722
108.203 0.679
108.864 0.661
109.578 0.714
110.492 0.914
111.481 0.989
112.49 1.009
113.457 0.967
114.409 0.952
115.348 0.939
116.245 0.897
117.055 0.81
117.803 0.748
118.639 0.836
119.399 0.76
120.243 0.844
121.156 0.913
122.168 1.012
123.087 0.919
124.099 1.012
125.047 0.948
125.931 0.884
126.86 0.929
127.771 0.911
128.603 0.832
129.397 0.794
130.225 0.828
131.151 0.926
132.082 0.931
132.998 0.916
133.943 0.945
134.82 0.877
135.65 0.83
136.444 0.794
137.246 0.802
138.059 0.813
138.9 0.841
139.751 0.851
140.606 0.855
141.379 0.773
142.128 0.749
142.887 0.759
143.738 0.851
144.599 0.861
145.351 0.752
146.099 0.748
146.887 0.788
147.739 0.852
148.614 0.875
149.438 0.824
150.178 0.74
150.879 0.701
151.59 0.711
152.369 0.779
153.175 0.806
154.065 0.89
154.985 0.92
155.942 0.957
156.871 0.929
157.743 0.872
158.709 0.966
159.623 0.914
160.497 0.874
161.427 0.93
162.369 0.942
163.268 0.899
164.135 0.867
165.13 0.995
166.012 0.882
166.918 0.906
167.832 0.914
168.692 0.86
169.537 0.845
170.38 0.843
171.199 0.819
172.072 0.873
172.911 0.839
173.715 0.804
174.667 0.952
175.65 0.983
176.615 0.965
177.43 0.815
178.166 0.736
178.968 0.802
179.833 0.865
180.827 0.994
181.623 0.796
182.313 0.69
182.763 0.45
183.703 0.94
183.961 0.258
184.587 0.626
185.496 0.909
186.339 0.843
187.164 0.825
188.13 0.966
189.042 0.912
189.921 0.879
190.866 0.945
191.782 0.916
192.663 0.881
193.411 0.748
194.179 0.768
195.042 0.863
196.007 0.965
196.921 0.914
197.862 0.941
198.807 0.945
199.066 0.259
199.738 0.672
200.142 0.404
200.606 0.464
200.971 0.365
201.364 0.393
202.124 0.76
202.903 0.779
203.418 0.515
203.809 0.391
204.69 0.881
205.589 0.899
206.534 0.945
207.396 0.862
208.022 0.626
209.035 1.013
209.933 0.898
210.712 0.779
211.455 0.743
212.303 0.848
213.326 1.023
214.057 0.731
215.177 1.12
216.108 0.931
217.002 0.894
217.913 0.911
218.712 0.799
219.616 0.904
220.515 0.899
221.444 0.929
221.725 0.281
222.299 0.574
223.167 0.868
224.069 0.902
224.948 0.879
225.801 0.853
226.682 0.881
227.564 0.882
228.487 0.923
229.331 0.844
230.244 0.913
231.163 0.919
232.061 0.898
232.811 0.75
233.554 0.743
234.34 0.786
235.228 0.888
236.175 0.947
237.103 0.928
238.056 0.953
238.927 0.871
239.762 0.835
240.595 0.833
241.445 0.85
242.239 0.794
243.066 0.827
243.9 0.834
244.861 0.961
245.715 0.854
246.559 0.844
247.427 0.868
248.323 0.896
249.155 0.832
250.017 0.862
250.911 0.894
251.839 0.928
252.717 0.878
253.557 0.84
254.385 0.828
255.305 0.92
256.244 0.939
257.177 0.933
258.048 0.871
258.871 0.823
259.719 0.848
260.598 0.879
261.443 0.845
262.298 0.855
263.174 0.876
264.05 0.876
264.878 0.828
265.724 0.846
266.615 0.891
267.527 0.912
268.32 0.793
269.062 0.742
269.825 0.763
270.653 0.828
271.567 0.914
272.495 0.928
273.419 0.924
274.316 0.897
275.247 0.931
276.167 0.92
277.014 0.847
277.879 0.865
278.708 0.829
279.538 0.83
280.411 0.873
281.347 0.936
282.247 0.9
283.037 0.79
283.768 0.731
284.506 0.738
285.289 0.783
286.051 0.762
286.885 0.834
287.716 0.831
288.468 0.752
289.236 0.768
290.029 0.793
290.846 0.817
291.647 0.801
292.427 0.78
293.218 0.791
294.024 0.806
294.85 0.826
295.635 0.785
296.396 0.761
297.18 0.784
298.02 0.84
298.901 0.881
299.889 0.988
300.773 0.884
301.542 0.769
302.277 0.735
303.046 0.769
303.872 0.826
304.796 0.924
305.718 0.922
306.642 0.924
307.449 0.807
308.228 0.779
308.993 0.765
309.768 0.775
310.548 0.78
311.326 0.778
312.165 0.839
313.094 0.929
313.985 0.891
314.776 0.791
315.547 0.771
316.321 0.774
317.115 0.794
317.889 0.774
318.627 0.738
319.34 0.713
320.08 0.74
320.851 0.771
321.69 0.839
322.53 0.84
323.327 0.797
324.137 0.81
324.844 0.707
325.559 0.715
326.292 0.733
327.147 0.855
328.117 0.97
329.134 1.017
330.048 0.914
331.007 0.959
331.807 0.8
332.589 0.782
333.396 0.807
334.284 0.888
335.135 0.851
336.027 0.892
336.923 0.896
337.814 0.891
338.66 0.846
339.517 0.857
340.39 0.873
341.251 0.861
342.087 0.836
342.981 0.894
343.921 0.94
344.82 0.899
345.682 0.862
346.49 0.808
347.275 0.785
348.02 0.745
348.77 0.75
349.572 0.802
350.463 0.891
351.226 0.763
351.956 0.73
352.737 0.781
353.519 0.782
354.345 0.826
355.232 0.887
356.137 0.905
356.982 0.845
357.856 0.874
358.779 0.923
359.728 0.949
360.646 0.918
361.562 0.916
362.403 0.841
363.198 0.795
364.016 0.818
364.915 0.899
365.834 0.919
366.692 0.858
367.553 0.861
368.351 0.798
369.131 0.78
369.906 0.775
370.691 0.785
371.494 0.803
372.293 0.799
373.071 0.778
373.823 0.752
374.522 0.699
375.199 0.677
375.876 0.677
376.581 0.705
377.546 0.965
378.515 0.969
379.481 0.966
380.428 0.947
381.428 1.0
382.435 1.007
383.372 0.937
384.204 0.832
385.11 0.906
385.928 0.818
386.796 0.868
387.684 0.888
388.487 0.803
389.29 0.803
390.196 0.906
391.144 0.948
392.024 0.88
392.976 0.952
393.844 0.868
394.585 0.741
395.273 0.688
395.968 0.695
396.645 0.677
397.366 0.721
398.319 0.953
399.262 0.943
400.162 0.9
401.138 0.976
402.164 1.026
403.126 0.962
404.034 0.908
404.872 0.838
405.689 0.817
406.582 0.893
407.445 0.863
408.402 0.957
409.295 0.893
410.175 0.88
411.157 0.982
412.16 1.003
413.081 0.921
413.981 0.9
414.737 0.756
415.498 0.761
416.306 0.808
417.269 0.963
418.18 0.911
419.118 0.938
420.04 0.922
420.954 0.914
421.91 0.956
422.764 0.854
423.58 0.816
424.373 0.793
425.182 0.809
425.927 0.745
426.641 0.714
427.372 0.731
428.17 0.798
429.15 0.98
430.08 0.93
431.064 0.984
432.045 0.981
433.008 0.963
433.958 0.95
434.859 0.901
435.767 0.908
436.536 0.769
437.313 0.777
438.108 0.795
438.914 0.806
439.799 0.885
440.7 0.901
441.622 0.922
442.521 0.899
443.337 0.816
444.149 0.812
444.946 0.797
445.77 0.824
446.582 0.812
447.445 0.863
448.359 0.914
449.271 0.912
450.194 0.923
451.14 0.946
452.072 0.932
453.036 0.964
454.01 0.974
454.927 0.917
455.85 0.923
456.754 0.904
457.586 0.832
458.394 0.808
459.259 0.865
460.179 0.92
461.14 0.961
462.054 0.914
462.935 0.881
463.914 0.979
464.794 0.88
465.725 0.931
466.646 0.921
467.489 0.843
468.117 0.628
468.873 0.756
469.561 0.688
470.567 1.006
471.547 0.98
472.58 1.033
473.598 1.018
474.595 0.997
475.455 0.86
476.204 0.749
476.915 0.711
477.627 0.712
478.428 0.801
479.307 0.879
480.165 0.858
481.041 0.876
481.98 0.939
482.922 0.942
483.848 0.926
484.759 0.911
485.699 0.94
486.628 0.929
487.458 0.83
488.204 0.746
488.938 0.734
489.733 0.795
490.612 0.879
491.58 0.968
492.505 0.925
493.424 0.919
494.329 0.905
495.204 0.875
496.066 0.862
496.923 0.857
497.768 0.845
498.531 0.763
499.319 0.788
500.184 0.865
501.127 0.943
502.081 0.954
503.051 0.97
503.99 0.939
504.91 0.92
505.783 0.873
506.639 0.856
507.517 0.878
508.33 0.813
509.167 0.837
510.067 0.9
511.025 0.958
511.901 0.876
512.813 0.912
513.745 0.932
514.663 0.918
515.595 0.932
516.513 0.918
517.376 0.863
518.176 0.8
518.878 0.702
519.567 0.689
520.359 0.792
521.325 0.966
522.302 0.977
523.281 0.979
524.257 0.976
525.196 0.939
526.124 0.928
527.002 0.878
527.837 0.835
528.625 0.788
529.426 0.801
530.222 0.796
530.983 0.761
531.756 0.773
532.526 0.77
533.34 0.814
534.193 0.853
535.055 0.862
535.832 0.777
536.575 0.743
537.339 0.764
538.187 0.848
539.141 0.954
540.088 0.947
541.012 0.924
541.925 0.913
542.792 0.867
543.643 0.851
544.464 0.821
545.331 0.867
546.229 0.898
547.153 0.924
547.98 0.827
548.747 0.767
549.549 0.802
550.406 0.857
551.314 0.908
552.159 0.845
552.989 0.83
553.819 0.83
554.647 0.828
555.484 0.837
556.32 0.836
557.189 0.869
558.053 0.864
558.941 0.888
559.838 0.897
560.721 0.883
561.584 0.863
562.437 0.853
563.299 0.862
564.109 0.81
564.894 0.785
565.696 0.802
566.575 0.879
567.528 0.953
568.448 0.92
569.368 0.92
570.278 0.91
571.15 0.872
572.026 0.876
572.914 0.888
573.803 0.889
574.668 0.865
575.54 0.872
576.392 0.852
577.254 0.862
578.066 0.812
578.909 0.843
579.791 0.882
580.69 0.899
581.557 0.867
582.461 0.904
583.383 0.922
584.255 0.872
585.118 0.863
585.949 0.831
586.76 0.811
587.517 0.757
588.301 0.784
589.158 0.857
590.091 0.933
590.995 0.904
591.908 0.913
592.841 0.933
593.756 0.915
594.63 0.874
595.52 0.89
596.407 0.887
597.278 0.871
598.131 0.853
599.022 0.891
599.943 0.921
600.865 0.922
601.83 0.965
602.774 0.944
603.705 0.931
604.628 0.923
605.549 0.921
606.408 0.859
607.223 0.815
608.079 0.856
608.929 0.85
609.818 0.889
610.732 0.914
611.607 0.875
612.385 0.778
613.177 0.792
614.018 0.841
614.893 0.875
615.693 0.8
616.52 0.827
617.305 0.785
618.136 0.831
618.947 0.811
619.78 0.833
620.645 0.865
621.528 0.883
622.398 0.87
623.287 0.889
624.17 0.883
625.054 0.884