0.000 0.705
0.705 0.705
1.514 0.809
2.352 0.838
3.211 0.859
4.075 0.864
4.96 0.885
5.883 0.923
6.774 0.891
7.571 0.797
8.374 0.803
9.157 0.783
9.909 0.752
10.646 0.737
11.381 0.735
12.132 0.751
12.89 0.758
19.766 0.767
20.518 0.752
21.247 0.729
22.036 0.789
22.888 0.852
23.783 0.895
24.633 0.85
25.46 0.827
26.324 0.864
27.216 0.892
28.047 0.831
28.859 0.812
29.715 0.856
30.633 0.918
31.481 0.848
32.341 0.86
33.249 0.908
34.137 0.888
34.998 0.861
35.891 0.893
36.779 0.888
37.719 0.94
38.625 0.906
39.47 0.845
40.291 0.821
41.174 0.883
42.063 0.889
42.977 0.914
43.803 0.826
44.612 0.809
45.48 0.868
46.397 0.917
47.222 0.825
47.971 0.749
48.69 0.719
49.378 0.688
50.154 0.776
51.046 0.892
51.853 0.807
52.72 0.867
53.598 0.878
54.512 0.914
55.36 0.848
56.198 0.838
57.093 0.895
58.046 0.953
58.966 0.92
59.876 0.91
60.813 0.937
61.748 0.935
62.629 0.881
63.588 0.959
64.69 1.102
65.804 1.114
66.822 1.018
67.772 0.95
68.694 0.922
69.595 0.901
70.494 0.899
71.376 0.882
72.298 0.922
73.26 0.962
74.22 0.96
75.139 0.919
76.05 0.911
76.987 0.937
77.915 0.928
78.814 0.899
79.643 0.829
80.468 0.825
81.352 0.884
82.29 0.938
83.177 0.887
84.072 0.895
85.02 0.948
86.002 0.982
86.894 0.892
87.728 0.834
88.587 0.859
89.462 0.875
90.309 0.847
91.128 0.819
92.01 0.882
92.952 0.942
93.858 0.906
94.718 0.86
95.561 0.843
96.462 0.901
97.399 0.937
98.275 0.876
99.105 0.83
99.951 0.846
100.807 0.856
101.67 0.863
102.512 0.842
103.324 0.812
104.17 0.846
105.023 0.853
105.821 0.798
106.611 0.79
107.435 0.824
108.293 0.858
109.143 0.85
109.947 0.804
110.762 0.815
111.594 0.832
112.415 0.821
113.222 0.807
114.056 0.834
114.919 0.863
115.794 0.875
116.622 0.828
117.478 0.856
118.351 0.873
119.208 0.857
120.014 0.806
120.78 0.766
121.542 0.762
122.324 0.782
123.151 0.827
123.929 0.778
124.722 0.793
125.499 0.777
126.305 0.806
127.066 0.761
127.843 0.777
128.646 0.803
129.481 0.835
130.266 0.785
131.058 0.792
131.867 0.809
132.705 0.838
133.534 0.829
134.35 0.816
135.217 0.867
136.09 0.873
136.928 0.838
137.754 0.826
138.605 0.851
139.488 0.883
140.325 0.837
141.064 0.739
141.78 0.716
142.523 0.743
143.344 0.821
144.195 0.851
144.997 0.802
145.77 0.773
146.567 0.797
147.39 0.823
148.26 0.87
149.141 0.881
149.987 0.846
150.804 0.817
151.594 0.79
152.395 0.801
153.226 0.831
154.044 0.818
154.849 0.805
155.643 0.794
156.46 0.817
157.321 0.861
158.174 0.853
158.994 0.82
159.795 0.801
160.624 0.829
161.454 0.83
162.295 0.841
163.102 0.807
163.919 0.817
164.767 0.848
165.613 0.846
166.424 0.811
167.233 0.809
168.047 0.814
168.888 0.841
169.7 0.812
170.504 0.804
171.328 0.824
172.214 0.886
173.087 0.873
173.927 0.84
174.787 0.86
175.665 0.878
176.561 0.896
177.426 0.865
178.29 0.864
179.202 0.912
180.144 0.942
181.088 0.944
181.981 0.893
182.759 0.778
183.501 0.742
184.255 0.754
185.061 0.806
185.957 0.896
186.85 0.893
187.69 0.84
188.524 0.834
189.375 0.851
190.253 0.878
191.098 0.845
191.895 0.797
192.68 0.785
193.42 0.74
194.111 0.691
194.781 0.67
195.461 0.68
196.22 0.759
197.06 0.84
197.924 0.864
198.751 0.827
199.53 0.779
200.266 0.736
201.018 0.752
201.824 0.806
202.681 0.857
203.518 0.837
204.307 0.789
205.055 0.748
205.863 0.808
206.73 0.867
207.62 0.89
208.507 0.887
209.345 0.838
210.139 0.794
210.955 0.816
211.785 0.83
212.65 0.865
213.476 0.826
214.262 0.786
215.035 0.773
215.817 0.782
216.645 0.828
217.48 0.835
218.267 0.787
219.086 0.819
219.949 0.863
220.797 0.848
221.546 0.749
222.25 0.704
223.0 0.75
223.875 0.875
224.747 0.872
225.623 0.876
226.429 0.806
227.229 0.8
228.021 0.792
228.834 0.813
229.659 0.825
230.478 0.819
231.318 0.84
232.151 0.833
232.94 0.789
233.679 0.739
234.466 0.787
235.253 0.787
236.056 0.803
236.825 0.769
237.601 0.776
238.401 0.8
239.23 0.829
240.049 0.819
240.846 0.797
241.598 0.752
242.283 0.685
242.956 0.673
243.647 0.691
244.336 0.689
245.007 0.671
245.653 0.646
246.395 0.742
247.152 0.757
247.983 0.831
248.795 0.812
249.576 0.781
250.355 0.779
251.112 0.757
251.918 0.806
252.724 0.806
253.514 0.79
254.285 0.771
255.027 0.742
255.737 0.71
256.479 0.742
257.231 0.752
257.995 0.764
258.786 0.791
259.63 0.844
260.441 0.811
261.234 0.793
262.042 0.808
262.826 0.784
263.592 0.766
264.355 0.763
265.148 0.793
265.958 0.81
266.726 0.768
267.54 0.814
268.373 0.833
269.208 0.835
270.058 0.85
270.911 0.853
271.73 0.819
272.511 0.781
273.283 0.772
274.052 0.769
274.835 0.783
275.664 0.829
276.522 0.858
277.382 0.86
278.225 0.843
279.033 0.808
279.839 0.806
280.616 0.777
281.341 0.725
282.047 0.706
282.775 0.728
283.505 0.73
284.268 0.763
285.02 0.752
285.779 0.759
286.527 0.748
287.269 0.742
287.998 0.729
288.741 0.743
289.525 0.784
290.282 0.757
291.004 0.722
291.681 0.677
292.421 0.74
293.192 0.771
293.951 0.759
294.694 0.743
295.435 0.741
296.224 0.789
297.04 0.816
297.866 0.826
298.644 0.778
299.408 0.764
300.216 0.808
301.106 0.89
301.985 0.879
302.822 0.837
303.604 0.782
304.355 0.751
305.112 0.757
305.935 0.823
306.844 0.909
307.751 0.907
308.596 0.845
309.467 0.871
310.314 0.847
311.166 0.852
311.981 0.815
312.761 0.78
313.504 0.743
314.224 0.72
314.978 0.754
315.766 0.788
316.61 0.844
317.459 0.849
318.293 0.834
319.09 0.797
319.89 0.8
320.718 0.828
321.54 0.822
322.363 0.823
323.151 0.788
323.908 0.757
324.664 0.756
325.419 0.755
326.196 0.777
326.988 0.792
327.749 0.761
328.498 0.749
329.261 0.763
330.038 0.777
330.844 0.806
331.636 0.792
332.4 0.764
333.183 0.783
333.987 0.804
334.811 0.824
335.608 0.797
336.371 0.763
337.125 0.754
337.865 0.74
338.631 0.766
339.386 0.755
340.132 0.746
340.88 0.748
341.652 0.772
342.45 0.798
343.249 0.799
344.014 0.765
344.748 0.734
345.474 0.726
346.196 0.722
346.913 0.717
347.646 0.733
348.407 0.761
349.2 0.793
350.024 0.824
350.866 0.842
351.693 0.827
352.54 0.847
353.334 0.794
354.117 0.783
354.872 0.755
355.637 0.765
356.447 0.81
357.262 0.815
358.085 0.823
358.879 0.794
359.657 0.778
360.426 0.769
361.214 0.788
362.045 0.831
362.9 0.855
363.734 0.834
364.536 0.802
365.306 0.77
366.039 0.733
366.781 0.742
367.536 0.755
368.317 0.781
369.107 0.79
369.882 0.775
370.638 0.756
371.398 0.76
372.137 0.739
372.835 0.698
373.56 0.725
374.309 0.749
375.06 0.751
375.774 0.714
376.477 0.703
377.214 0.737
378.01 0.796
378.845 0.835
379.667 0.822
380.438 0.771
381.182 0.744
381.934 0.752
382.705 0.771
383.513 0.808
384.284 0.771
385.04 0.756
385.793 0.753
386.564 0.771
387.354 0.79
388.17 0.816
388.952 0.782
389.7 0.748
390.424 0.724
391.166 0.742
391.911 0.745
392.635 0.724
393.362 0.727
394.067 0.705
394.756 0.689
395.49 0.734
396.287 0.797
397.055 0.768
397.808 0.753
398.537 0.729
399.262 0.725
399.995 0.733
400.722 0.727
401.46 0.738
402.209 0.749
402.965 0.756
403.73 0.765
404.475 0.745
405.198 0.723
405.912 0.714
406.62 0.708
407.316 0.696
407.998 0.682
408.663 0.665
409.345 0.682
410.042 0.697
410.749 0.707
411.45 0.701
412.152 0.702
412.873 0.721
413.605 0.732
414.388 0.783
415.195 0.807
415.977 0.782
416.754 0.777
417.5 0.746
418.242 0.742
418.962 0.72
419.675 0.713
420.395 0.72
421.08 0.685
421.769 0.689
422.492 0.723
423.239 0.747
424.007 0.768
424.815 0.808
425.621 0.806
426.398 0.777
427.158 0.76
427.905 0.747
428.629 0.724
429.344 0.715
430.02 0.676
430.707 0.687
431.443 0.736
432.152 0.709
432.85 0.698
433.57 0.72
434.352 0.782
435.165 0.813
435.974 0.809
436.753 0.779
437.501 0.748
438.209 0.708
438.93 0.721
439.685 0.755
440.451 0.766
441.199 0.748
441.895 0.696
442.552 0.657
443.203 0.651
443.908 0.705
444.74 0.832
445.592 0.852
446.429 0.837
447.277 0.848
448.105 0.828
448.911 0.806
449.678 0.767
450.435 0.757
451.156 0.721
451.874 0.718
452.595 0.721
453.35 0.755
454.155 0.805
454.978 0.823
455.8 0.822
456.604 0.804
457.441 0.837
458.284 0.843
459.13 0.846
459.952 0.822
460.736 0.784
461.503 0.767
462.273 0.77
463.053 0.78
463.828 0.775
464.585 0.757
465.337 0.752
466.118 0.781
466.94 0.822
467.774 0.834
468.589 0.815
469.387 0.798
470.198 0.811
471.005 0.807
471.8 0.795
472.55 0.75
473.27 0.72
473.947 0.677
474.606 0.659
475.283 0.677
476.075 0.792
476.862 0.787
477.627 0.765
478.37 0.743
479.127 0.757
479.895 0.768
480.704 0.809
481.477 0.773
482.241 0.764
482.999 0.758
483.761 0.762
484.534 0.773
485.322 0.788
486.081 0.759
486.837 0.756
487.562 0.725
488.269 0.707
488.98 0.711
489.705 0.725
490.448 0.743
491.176 0.728
491.925 0.749
492.694 0.769
493.458 0.764
494.248 0.79
495.027 0.779
495.795 0.768
496.536 0.741
497.243 0.707
497.912 0.669
498.573 0.661
499.247 0.674
499.912 0.665
500.589 0.677
501.269 0.68
501.919 0.65
502.602 0.683
503.403 0.801
504.219 0.816
505.033 0.814
505.851 0.818
506.645 0.794
507.394 0.749
508.113 0.719
508.865 0.752
509.635 0.77
510.402 0.767
511.191 0.789
512.004 0.813
512.797 0.793
513.568 0.771
514.323 0.755
515.057 0.734
515.805 0.748
516.639 0.834
517.507 0.868
518.398 0.891
519.28 0.882
520.121 0.841
520.977 0.856
521.864 0.887
522.743 0.879
523.636 0.893
524.511 0.875
525.343 0.832
526.162 0.819
526.96 0.798
527.778 0.818
528.551 0.773
529.322 0.771
530.116 0.794
530.914 0.798
531.763 0.849
532.575 0.812
533.367 0.792
534.201 0.834
535.052 0.851
535.928 0.876
536.733 0.805
537.504 0.771
538.271 0.767
539.06 0.789
539.877 0.817
540.691 0.814
541.484 0.793
542.316 0.832
543.189 0.873
544.082 0.893
544.921 0.839
545.766 0.845
546.585 0.819
547.387 0.802
548.138 0.751
548.857 0.719
549.546 0.689
550.242 0.696
551.026 0.784
551.832 0.806
552.639 0.807
553.431 0.792
554.249 0.818
555.089 0.84
555.928 0.839
556.755 0.827
557.536 0.781
558.284 0.748
558.98 0.696
559.648 0.668
560.336 0.688
561.115 0.779
561.942 0.827
562.743 0.801
563.542 0.799
564.338 0.796
565.133 0.795
565.932 0.799
566.683 0.751
567.451 0.768
568.215 0.764
568.971 0.756
569.716 0.745
570.48 0.764
571.191 0.711
571.864 0.673
572.544 0.68
573.254 0.71
573.985 0.731
574.704 0.719
575.401 0.697
576.08 0.679
576.728 0.648
577.356 0.628
577.969 0.613
578.578 0.609
579.228 0.65
579.939 0.711
580.663 0.724
581.415 0.752
582.187 0.772
582.955 0.768
583.759 0.804
584.542 0.783
585.294 0.752
586.043 0.749
586.805 0.762
587.587 0.782
588.347 0.76
589.094 0.747
589.815 0.721
590.52 0.705
591.213 0.693
591.893 0.68
592.6 0.707
593.362 0.762
594.18 0.818
595.011 0.831
595.792 0.781
596.583 0.791
597.402 0.819
598.198 0.796
598.979 0.781
599.719 0.74
600.43 0.711
601.102 0.672
601.767 0.665
602.44 0.673