0.000 8.999
8.999 8.999
11.997 2.998
13.796 1.799
14.706 0.91
15.664 0.958
16.728 1.064
17.779 1.051
18.757 0.978
19.794 1.037
20.884 1.09
21.901 1.017
22.962 1.061
24.014 1.052
24.993 0.979
25.876 0.883
26.749 0.873
27.738 0.989
28.803 1.065
29.843 1.04
30.843 1.0
31.842 0.999
32.88 1.038
33.977 1.097
35.041 1.064
36.128 1.087
37.15 1.022
38.169 1.019
39.192 1.023
40.273 1.081
41.336 1.063
42.556 1.22
43.855 1.299
45.039 1.184
46.267 1.228
47.355 1.088
48.373 1.018
49.429 1.056
50.52 1.091
51.664 1.144
52.852 1.188
53.99 1.138
55.125 1.135
56.292 1.167
57.331 1.039
58.364 1.033
59.429 1.065
60.491 1.062
61.547 1.056
62.636 1.089
63.659 1.023
64.723 1.064
65.749 1.026
66.699 0.95
67.696 0.997
68.706 1.01
69.686 0.98
70.703 1.017
71.717 1.014
72.697 0.98
73.726 1.029
74.729 1.003
75.715 0.986
76.698 0.983
77.626 0.928
78.589 0.963
79.61 1.021
80.625 1.015
81.636 1.011
82.681 1.045
83.644 0.963
84.627 0.983
85.628 1.001
86.569 0.941
87.582 1.013
88.65 1.068
89.668 1.018
90.716 1.048
91.747 1.031
92.727 0.98
93.758 1.031
94.793 1.035
95.752 0.959
96.746 0.994
97.72 0.974
98.659 0.939
99.692 1.033
100.731 1.039
101.722 0.991
102.767 1.045
103.81 1.043
104.808 0.998
105.803 0.995
106.807 1.004
107.798 0.991
108.765 0.967
109.76 0.995
110.753 0.993
111.714 0.961
112.73 1.016
113.707 0.977
114.666 0.959
115.627 0.961
116.566 0.939
117.512 0.946
118.496 0.984
119.469 0.973
120.425 0.956
121.413 0.988
122.394 0.981
123.371 0.977
124.353 0.982
125.31 0.957
126.244 0.934
127.21 0.966
128.201 0.991
129.145 0.944
130.176 1.031
131.228 1.052
132.219 0.991
133.245 1.026
134.279 1.034
135.263 0.984
136.229 0.966
137.224 0.995
138.224 1.0
139.2 0.976
140.223 1.023
141.263 1.04
142.265 1.002
143.3 1.035
144.339 1.039
145.314 0.975
146.337 1.023
147.348 1.011
148.293 0.945
149.288 0.995
150.293 1.005
151.227 0.934
152.213 0.986
153.207 0.994
154.197 0.99
155.189 0.992
156.21 1.021
157.226 1.016
158.204 0.978
159.226 1.022
160.251 1.025
161.21 0.959
162.188 0.978
163.156 0.968
164.101 0.945
165.075 0.974
166.061 0.986
167.052 0.991
167.999 0.947
169.001 1.002
170.016 1.015
170.984 0.968
171.983 0.999
172.991 1.008
173.931 0.94
174.929 0.998
175.947 1.018
176.899 0.952
177.909 1.01
178.943 1.034
179.924 0.981
180.936 1.012
181.953 1.017
182.894 0.941
183.889 0.995
184.672 0.783
185.565 0.893
186.457 0.892
187.353 0.896
188.333 0.98
189.328 0.995
190.3 0.972
191.268 0.968
192.217 0.949
193.151 0.934
194.068 0.917
194.945 0.877
195.849 0.904
196.773 0.924
197.706 0.933
198.556 0.85
199.441 0.885
200.33 0.889
201.219 0.889
202.145 0.926
203.082 0.937
204.01 0.928
204.953 0.943
205.908 0.955
206.859 0.951
207.768 0.909
208.71 0.942
209.672 0.962
210.583 0.911
211.544 0.961
212.53 0.986
213.481 0.951
214.504 1.023
215.492 0.988
216.484 0.992
217.481 0.997
218.407 0.926
219.352 0.945
220.337 0.985
221.327 0.99
222.318 0.991
223.337 1.019
224.386 1.049
225.372 0.986
226.389 1.017
227.397 1.008
228.365 0.968
229.349 0.984
230.328 0.979
231.303 0.975
232.297 0.994
233.367 1.07
234.426 1.059
235.428 1.002
236.468 1.04
237.455 0.987
238.377 0.922
239.717 1.34
240.467 0.75
241.016 0.549
248.964 0.967
249.93 0.966
250.836 0.906
251.776 0.94
252.74 0.964
253.694 0.954
254.691 0.997
255.705 1.014
256.664 0.959
257.675 1.011
258.683 1.008
259.627 0.944
260.629 1.002
261.681 1.052
262.696 1.015
263.583 0.887
264.537 0.954
265.525 0.988
266.537 1.012
267.487 0.95
268.457 0.97
269.433 0.976
270.417 0.984
271.363 0.946
272.316 0.953
273.3 0.984
274.268 0.968
275.218 0.95
276.209 0.991
277.245 1.036
278.224 0.979
279.283 1.059
280.374 1.091
281.419 1.045
282.433 1.014
283.459 1.026
284.511 1.052
285.484 0.973
286.497 1.013
287.539 1.042
288.592 1.053
289.561 0.969
290.568 1.007
291.61 1.042
292.663 1.053
293.615 0.952
294.611 0.996
295.679 1.068
296.716 1.037
297.751 1.035
298.817 1.066
299.894 1.077
300.912 1.018
301.948 1.036
302.97 1.022
303.939 0.969
304.961 1.022
306.009 1.048
306.99 0.981
308.05 1.06
309.12 1.07
310.11 0.99
311.187 1.077
312.205 1.018
312.982 0.777
313.94 0.958
314.869 0.929
315.873 1.004
316.962 1.089
318.068 1.106
319.102 1.034
320.148 1.046
321.209 1.061
322.258 1.049
323.314 1.056
324.331 1.017
325.382 1.051
326.506 1.124
327.677 1.171
328.743 1.066
329.836 1.093
330.934 1.098
332.027 1.093
333.117 1.09
334.2 1.083
335.287 1.087
336.372 1.085
337.409 1.037
338.457 1.048
339.538 1.081
340.584 1.046
341.536 0.952
342.566 1.03
343.638 1.072
344.691 1.053
345.665 0.974
346.699 1.034
347.766 1.067
348.802 1.036
349.789 0.987
350.866 1.077
351.96 1.094
353.003 1.043
353.926 0.923
354.869 0.943
355.864 0.995
356.945 1.081
358.043 1.098
359.166 1.123
360.323 1.157
361.372 1.049
362.455 1.083
363.553 1.098
364.588 1.035
365.562 0.974
366.568 1.006
367.583 1.015
368.615 1.032
369.651 1.036
370.617 0.966
371.641 1.024
372.701 1.06
373.729 1.028
374.75 1.021
375.768 1.018
376.734 0.966
377.73 0.996
378.771 1.041
379.847 1.076
380.819 0.972
381.834 1.015
382.858 1.024
383.895 1.037
384.865 0.97
385.83 0.965
386.807 0.977
387.791 0.984
388.747 0.956
389.636 0.889
390.562 0.926
391.53 0.968
392.512 0.982
393.453 0.941
394.467 1.014
395.517 1.05
396.528 1.011
397.52 0.992
398.545 1.025
399.529 0.984
400.528 0.999
401.543 1.015
402.549 1.006
403.543 0.994
404.574 1.031
405.574 1.0
406.568 0.994
407.597 1.029
408.595 0.998
409.615 1.02
410.633 1.018
411.583 0.95
412.516 0.933
413.481 0.965
414.498 1.017
415.488 0.99
416.504 1.016
417.576 1.072
418.592 1.016
419.593 1.001
420.593 1.0
421.545 0.952
422.526 0.981
423.513 0.987
424.445 0.932
425.435 0.99
426.441 1.006
427.385 0.944
428.374 0.989
429.358 0.984
430.279 0.921
431.225 0.946
432.186 0.961
433.099 0.913
434.066 0.967
435.082 1.016
436.038 0.956
437.056 1.018
438.081 1.025
439.039 0.958
440.007 0.968
440.974 0.967
441.931 0.957
442.893 0.962
443.872 0.979
444.873 1.001
445.861 0.988
446.872 1.011
447.897 1.025
448.864 0.967
449.854 0.99
450.844 0.99
451.776 0.932
452.756 0.98
453.774 1.018
454.774 1.0
455.86 1.086
456.863 1.003
457.893 1.03
458.915 1.022
459.865 0.95
460.873 1.008
461.86 0.987
462.788 0.928
463.751 0.963
464.743 0.992
465.667 0.924
466.554 0.887
467.417 0.863
468.221 0.804
469.073 0.852
469.991 0.918
470.888 0.897
471.791 0.903
472.76 0.969
473.766 1.006
474.782 1.016
475.73 0.948
476.729 0.999
477.752 1.023
478.771 1.019
479.798 1.027
480.747 0.949
481.753 1.006
482.782 1.029
483.815 1.033
484.853 1.038
485.834 0.981
486.882 1.048
487.946 1.064
488.932 0.986
489.986 1.054
491.052 1.066
492.074 1.022
493.089 1.015
494.091 1.002
494.973 0.882
495.905 0.932
496.882 0.977
497.902 1.02
498.934 1.032
499.915 0.981
500.941 1.026
501.999 1.058
503.059 1.06
504.056 0.997
505.083 1.027
506.068 0.985
507.016 0.948
507.996 0.98
508.992 0.996
509.96 0.968
510.971 1.011
512.038 1.067
513.101 1.063
514.152 1.051
515.217 1.065
516.25 1.033
517.267 1.017
518.295 1.028
519.256 0.961
520.249 0.993
521.288 1.039
522.299 1.011
523.388 1.089
524.497 1.109
525.526 1.029
526.578 1.052
527.639 1.061
528.658 1.019
529.662 1.004
530.683 1.021
531.682 0.999
532.669 0.987
533.674 1.005
534.679 1.005
535.709 1.03
536.757 1.048
537.759 1.002
538.787 1.028
539.843 1.056
540.829 0.986
541.836 1.007
542.858 1.022
543.85 0.992
544.852 1.002
545.866 1.014
546.827 0.961
547.825 0.998
548.839 1.014
549.796 0.957
550.803 1.007
551.807 1.004
552.742 0.935
553.749 1.007
554.656 0.907
555.429 0.773
556.44 1.011
557.444 1.004
558.529 1.085
559.617 1.088
560.673 1.056
561.632 0.959
562.605 0.973
563.553 0.948
564.499 0.946
565.448 0.949
566.405 0.957
567.338 0.933
568.327 0.989
569.333 1.006
570.36 1.027
571.395 1.035
572.359 0.964
573.362 1.003
574.377 1.015
575.391 1.014
576.354 0.963
577.275 0.921
578.227 0.952
579.238 1.011
580.319 1.081
581.333 1.014
582.357 1.024
583.407 1.05
584.453 1.046
585.485 1.032
586.45 0.965
587.44 0.99
588.443 1.003
589.393 0.95
590.345 0.952
591.322 0.977
592.313 0.991
593.331 1.018
594.293 0.962
595.318 1.025
596.38 1.062
597.404 1.024
598.477 1.073
599.532 1.055
600.521 0.989
601.546 1.025
602.585 1.039
603.552 0.967
604.556 1.004
605.565 1.009
606.535 0.97
607.566 1.031
608.657 1.091
609.671 1.014
610.716 1.045
611.769 1.053
612.741 0.972
613.714 0.973
614.703 0.989
615.693 0.99
616.628 0.935
617.651 1.023
618.697 1.046
619.693 0.996
620.719 1.026
621.76 1.041
622.716 0.956
623.707 0.991
624.736 1.029
625.779 1.043
626.804 1.025
627.796 0.992
628.823 1.027
629.864 1.041
630.868 1.004
631.87 1.002
632.899 1.029
633.919 1.02
634.87 0.951
635.886 1.016
636.93 1.044
637.894 0.964
638.927 1.033
639.98 1.053
640.974 0.994
641.985 1.011
643.01 1.025
643.964 0.954
644.987 1.023
646.008 1.021
646.984 0.976
647.994 1.01
649.039 1.045
650.023 0.984
650.964 0.941
651.931 0.967
652.91 0.979
653.865 0.955
654.856 0.991
655.906 1.05
656.909 1.003
657.921 1.012
658.972 1.051
659.902 0.93
660.879 0.977
661.87 0.991
662.86 0.99
663.814 0.954
664.728 0.914
665.667 0.939
666.62 0.953
667.522 0.902
668.451 0.929
669.381 0.93
670.27 0.889
671.204 0.934
672.152 0.948
673.067 0.915
674.032 0.965
675.001 0.969
675.909 0.908
676.895 0.986
677.91 1.015
678.847 0.937
679.806 0.959
680.806 1.0
681.768 0.962
682.736 0.968
683.723 0.987
684.65 0.927
685.59 0.94
686.527 0.937
687.426 0.899
688.374 0.948
689.329 0.955
690.235 0.906
691.182 0.947
692.159 0.977
693.087 0.928
694.056 0.969
695.044 0.988
695.979 0.935
696.952 0.973
697.929 0.977
698.883 0.954
699.877 0.994
700.918 1.041
701.887 0.969
702.926 1.039
703.967 1.041
704.925 0.958
705.93 1.005
706.913 0.983
707.849 0.936
708.857 1.008
709.85 0.993
710.766 0.916
711.694 0.928
712.617 0.923
713.558 0.941
714.508 0.95
715.458 0.95
716.331 0.873
717.219 0.888
718.095 0.876
718.94 0.845
719.833 0.893
720.73 0.897
721.623 0.893