0.000 0.665
0.665 0.665
1.334 0.669
2.004 0.67
2.675 0.671
3.314 0.639
3.966 0.652
4.621 0.655
5.286 0.665
6.016 0.73
6.774 0.758
7.506 0.732
8.272 0.766
9.095 0.823
9.896 0.801
10.671 0.775
11.452 0.781
12.252 0.8
13.015 0.763
13.8 0.785
14.598 0.798
15.356 0.758
16.146 0.79
16.923 0.777
17.709 0.786
18.466 0.757
19.285 0.819
20.115 0.83
20.961 0.846
21.766 0.805
22.582 0.816
23.407 0.825
24.151 0.744
24.906 0.755
25.651 0.745
26.37 0.719
27.09 0.72
27.813 0.723
28.541 0.728
29.29 0.749
30.046 0.756
30.808 0.762
31.564 0.756
32.271 0.707
32.969 0.698
33.632 0.663
34.297 0.665
34.954 0.657
35.642 0.688
36.367 0.725
37.171 0.804
37.979 0.808
38.855 0.876
39.738 0.883
40.562 0.824
41.38 0.818
42.218 0.838
43.074 0.856
43.9 0.826
44.732 0.832
45.586 0.854
46.443 0.857
47.338 0.895
48.157 0.819
48.91 0.753
49.697 0.787
50.602 0.905
51.5 0.898
52.58 1.08
53.089 0.509
53.834 0.745
54.557 0.723
55.244 0.687
55.926 0.682
56.614 0.688
57.29 0.676
58.031 0.741
58.85 0.819
59.708 0.858
60.522 0.814
61.34 0.818
62.885 1.545
63.567 0.682
64.252 0.685
64.972 0.72
65.743 0.771
66.554 0.811
67.43 0.876
68.334 0.904
69.19 0.856
70.024 0.834
70.832 0.808
71.586 0.754
72.281 0.695
72.972 0.691
73.682 0.71
74.565 0.883
75.471 0.906
76.418 0.947
77.332 0.914
78.277 0.945
79.227 0.95
80.098 0.871
80.973 0.875
81.787 0.814
82.526 0.739
83.236 0.71
83.915 0.679
84.602 0.687
85.338 0.736
86.112 0.774
86.842 0.73
87.567 0.725
88.406 0.839
89.299 0.893
90.174 0.875
91.027 0.853
91.889 0.862
92.733 0.844
93.533 0.8
94.366 0.833
95.159 0.793
96.0 0.841
96.857 0.857
97.7 0.843
98.541 0.841
99.396 0.855
100.236 0.84
101.037 0.801
101.861 0.824
102.634 0.773
103.433 0.799
104.208 0.775
104.949 0.741
105.71 0.761
106.507 0.797
107.321 0.814
108.148 0.827
108.963 0.815
109.74 0.777
110.552 0.812
111.364 0.812
112.123 0.759
112.866 0.743
113.621 0.755
114.412 0.791
115.173 0.761
116.027 0.854
116.919 0.892
117.74 0.821
118.45 0.71
119.169 0.719
119.901 0.732
120.709 0.808
121.561 0.852
122.398 0.837
123.206 0.808
123.974 0.768
124.744 0.77
125.512 0.768
126.297 0.785
127.076 0.779
127.901 0.825
128.784 0.883
129.673 0.889
130.54 0.867
131.413 0.873
132.279 0.866
133.113 0.834
133.913 0.8
134.716 0.803
135.534 0.818
136.293 0.759
137.067 0.774
137.872 0.805
138.652 0.78
139.469 0.817
140.282 0.813
141.046 0.764
141.799 0.753
142.552 0.753
143.324 0.772
144.028 0.704
144.747 0.719
145.479 0.732
146.217 0.738
146.93 0.713
147.69 0.76
148.458 0.768
149.255 0.797
150.006 0.751
150.805 0.799
151.637 0.832
152.44 0.803
153.244 0.804
154.054 0.81
154.848 0.794
155.596 0.748
156.307 0.711
157.025 0.718
157.718 0.693
158.429 0.711
159.214 0.785
160.001 0.787
160.805 0.804
161.672 0.867
162.554 0.882
163.395 0.841
164.155 0.76
164.849 0.694
165.556 0.707
166.354 0.798
167.278 0.924
168.208 0.93
169.103 0.895
170.007 0.904
170.947 0.94
171.888 0.941
172.801 0.913
173.645 0.844
174.437 0.792
175.229 0.792
175.971 0.742
176.751 0.78
177.572 0.821
178.39 0.818
179.232 0.842
180.038 0.806
180.786 0.748
181.482 0.696
182.178 0.696
182.834 0.656
183.503 0.669
184.151 0.648
184.848 0.697
185.582 0.734
186.354 0.772
187.124 0.77
187.935 0.811
188.77 0.835
189.552 0.782
190.348 0.796
191.116 0.768
191.916 0.8
192.644 0.728
193.375 0.731
194.101 0.726
194.859 0.758
195.604 0.745
196.436 0.832
197.258 0.822
198.039 0.781
198.846 0.807
199.673 0.827
200.523 0.85
201.353 0.83
202.125 0.772
202.857 0.732
203.66 0.803
204.539 0.879
205.467 0.928
206.438 0.971
207.34 0.902
208.219 0.879
209.138 0.919
210.046 0.908
210.933 0.887
211.709 0.776
212.452 0.743
213.207 0.755
214.044 0.837
214.902 0.858
215.738 0.836
216.644 0.906
217.566 0.922
218.437 0.871
219.266 0.829
220.113 0.847
220.939 0.826
221.704 0.765
222.477 0.773
223.248 0.771
223.993 0.745
224.702 0.709
225.432 0.73
226.214 0.782
227.011 0.797
227.828 0.817
228.721 0.893
229.614 0.893
230.439 0.825
231.243 0.804
232.012 0.769
232.747 0.735
233.499 0.752
234.258 0.759
235.046 0.788
235.824 0.778
236.674 0.85
237.547 0.873
238.38 0.833
239.229 0.849
240.115 0.886
240.981 0.866
241.79 0.809
242.607 0.817
243.424 0.817
244.224 0.8
244.958 0.734
245.73 0.772
246.561 0.831
247.365 0.804
248.168 0.803
249.024 0.856
249.796 0.772
250.51 0.714
251.201 0.691
251.888 0.687
252.664 0.776
253.508 0.844
254.353 0.845
255.16 0.807
255.912 0.752
256.673 0.761
257.49 0.817
258.322 0.832
259.141 0.819
259.911 0.77
260.701 0.79
261.54 0.839
262.426 0.886
263.27 0.844
264.095 0.825
264.923 0.828
265.736 0.813
266.469 0.733
267.215 0.746
267.972 0.757
268.698 0.726
269.429 0.731
270.186 0.757
271.022 0.836
271.793 0.771
272.585 0.792
273.41 0.825
274.222 0.812
274.958 0.736
275.685 0.727
276.415 0.73
277.102 0.687
277.82 0.718
278.551 0.731
279.321 0.77
280.098 0.777
280.889 0.791
281.711 0.822
282.563 0.852
283.414 0.851
284.199 0.785
284.994 0.795
285.822 0.828
286.653 0.831
287.415 0.762
288.178 0.763
288.958 0.78
289.779 0.821
290.576 0.797
291.426 0.85
292.305 0.879
293.185 0.88
294.031 0.846
294.891 0.86
295.711 0.82
296.475 0.764
297.209 0.734
297.912 0.703
298.633 0.721
299.373 0.74
300.111 0.738
300.86 0.749
301.64 0.78
302.466 0.826
303.247 0.781
304.06 0.813
304.87 0.81
305.629 0.759
306.389 0.76
307.163 0.774
307.912 0.749
308.682 0.77
309.476 0.794
310.249 0.773
310.98 0.731
311.68 0.7
312.425 0.745
313.138 0.713
313.873 0.735
314.62 0.747
315.358 0.738
316.018 0.66
316.673 0.655
317.35 0.677
318.065 0.715
318.852 0.787
319.647 0.795
320.435 0.788
321.211 0.776
321.955 0.744
322.723 0.768
323.498 0.775
324.288 0.79
325.061 0.773
325.835 0.774
326.612 0.777
327.382 0.77
328.178 0.796
328.973 0.795
329.783 0.81
330.599 0.816
331.437 0.838
332.263 0.826
333.096 0.833
333.904 0.808
334.717 0.813
335.542 0.825
336.389 0.847
337.189 0.8
337.959 0.77
338.757 0.798
339.577 0.82
340.355 0.778
341.095 0.74
341.846 0.751
342.668 0.822
343.442 0.774
344.221 0.779
345.049 0.828
345.903 0.854
346.664 0.761
347.444 0.78
348.234 0.79
349.028 0.794
349.796 0.768
350.606 0.81
351.482 0.876
352.317 0.835
353.118 0.801
353.914 0.796
354.654 0.74
355.382 0.728
356.098 0.716
356.812 0.714
357.492 0.68
358.198 0.706
358.973 0.775
359.851 0.878
360.75 0.899
361.632 0.882
362.418 0.786
363.173 0.755
363.945 0.772
364.769 0.824
365.584 0.815
366.387 0.803
367.226 0.839
368.087 0.861
368.895 0.808
369.696 0.801
370.53 0.834
371.369 0.839
372.152 0.783
372.959 0.807
373.804 0.845
374.617 0.813
375.396 0.779
376.173 0.777
377.008 0.835
377.909 0.901
378.739 0.83
379.599 0.86
380.52 0.921
381.448 0.928
382.297 0.849
383.159 0.862
384.023 0.864
384.839 0.816
385.557 0.718
386.245 0.688
386.953 0.708
387.713 0.76
388.515 0.802
389.254 0.739
389.965 0.711
390.669 0.704
391.398 0.729
392.107 0.709
392.838 0.731
393.559 0.721
394.24 0.681
394.94 0.7
395.632 0.692
396.314 0.682
397.004 0.69
397.684 0.68
398.386 0.702
399.082 0.696
399.767 0.685
400.434 0.667
401.107 0.673
401.792 0.685
402.463 0.671
403.089 0.626
403.762 0.673
404.423 0.661
405.104 0.681
405.89 0.786
406.721 0.831
407.564 0.843
408.384 0.82
409.195 0.811
409.991 0.796
410.772 0.781
411.526 0.754
412.267 0.741
413.012 0.745
413.766 0.754
414.547 0.781
415.359 0.812
416.153 0.794
416.974 0.821
417.793 0.819
418.596 0.803
419.381 0.785
420.126 0.745
420.854 0.728
421.564 0.71
422.31 0.746
423.09 0.78
423.865 0.775
424.748 0.883
425.669 0.921
426.511 0.842
427.387 0.876
428.269 0.882
429.111 0.842
429.936 0.825
430.731 0.795
431.499 0.768
432.229 0.73
432.937 0.708
433.644 0.707
434.349 0.705
435.082 0.733
435.807 0.725
436.557 0.75
437.357 0.8
438.181 0.824
439.0 0.819
439.759 0.759
440.501 0.742
441.2 0.699
441.86 0.66
442.492 0.632
443.122 0.63
443.738 0.616
444.347 0.609
445.029 0.682
445.844 0.815
446.652 0.808
447.42 0.768
448.154 0.734
448.915 0.761
449.675 0.76
450.446 0.771
451.203 0.757
451.945 0.742
452.707 0.762
453.461 0.754
454.156 0.695
454.865 0.709
455.593 0.728
456.317 0.724
457.053 0.736
457.782 0.729
458.531 0.749
459.331 0.8
460.126 0.795
460.884 0.758
461.662 0.778
462.409 0.747
463.139 0.73
463.834 0.695
464.53 0.696
465.232 0.702
465.953 0.721
466.658 0.705
467.3 0.642
467.967 0.667
468.6 0.633
469.226 0.626
469.85 0.624
470.478 0.628
471.087 0.609
471.704 0.617
472.367 0.663
473.094 0.727
473.868 0.774
474.683 0.815
475.495 0.812
476.337 0.842
477.183 0.846
478.057 0.874
478.942 0.885
479.836 0.894
480.714 0.878
481.591 0.877
482.474 0.883
483.303 0.829
484.064 0.761
484.827 0.763
485.566 0.739
486.279 0.713
486.97 0.691
487.638 0.668
488.303 0.665
488.969 0.666
489.646 0.677
490.348 0.702
491.048 0.7
491.721 0.673
492.35 0.629
493.007 0.657
493.657 0.65
494.3 0.643
494.997 0.697
495.747 0.75
496.512 0.765
497.267 0.755
498.014 0.747
498.769 0.755
499.491 0.722
500.223 0.732
500.941 0.718
501.64 0.699
502.368 0.728
503.178 0.81
504.011 0.833
504.874 0.863
505.727 0.853
506.559 0.832
507.357 0.798
508.137 0.78
508.93 0.793
509.719 0.789
510.548 0.829
511.346 0.798
512.161 0.815
513.003 0.842
513.868 0.865
514.664 0.796
515.418 0.754
516.166 0.748
516.919 0.753
517.671 0.752
518.39 0.719
519.102 0.712
519.829 0.727
520.57 0.741
521.366 0.796
522.124 0.758
522.906 0.782
523.671 0.765
524.448 0.777
525.223 0.775
525.965 0.742
526.72 0.755
527.469 0.749
528.215 0.746
528.927 0.712
529.642 0.715
530.383 0.741
531.161 0.778
531.89 0.729
532.651 0.761
533.424 0.773
534.206 0.782
534.976 0.77
535.747 0.771
536.539 0.792
537.313 0.774
538.071 0.758
538.796 0.725
539.539 0.743
540.287 0.748
541.073 0.786
541.882 0.809
542.669 0.787
543.469 0.8
544.266 0.797
545.076 0.81
545.876 0.8
546.694 0.818
547.516 0.822
548.286 0.77
549.056 0.77
549.816 0.76
550.561 0.745
551.354 0.793
552.172 0.818
552.993 0.821
553.792 0.799
554.599 0.807
555.414 0.815
556.207 0.793
557.006 0.799
557.795 0.789
558.586 0.791
559.34 0.754
560.138 0.798
560.932 0.794
561.679 0.747
562.439 0.76
563.207 0.768
563.94 0.733
564.661 0.721
565.374 0.713
566.072 0.698
566.817 0.745
567.516 0.699
568.192 0.676
568.892 0.7
569.583 0.691
570.285 0.702
570.996 0.711
571.731 0.735
572.502 0.771
573.258 0.756
574.023 0.765
574.757 0.734
575.46 0.703
576.174 0.714
576.879 0.705
577.598 0.719
578.312 0.714
579.068 0.756
579.841 0.773
580.636 0.795
581.422 0.786
582.167 0.745
582.9 0.733
583.59 0.69
584.269 0.679
584.942 0.673
585.618 0.676
586.3 0.682
587.006 0.706
587.751 0.745
588.504 0.753
589.225 0.721
589.96 0.735
590.7 0.74
591.424 0.724
592.146 0.722
592.835 0.689
593.548 0.713
594.243 0.695
594.913 0.67
595.581 0.668
596.24 0.659
596.941 0.701
597.671 0.73
598.456 0.785
599.217 0.761
599.979 0.762
600.746 0.767
601.51 0.764
602.305 0.795
603.095 0.79
603.895 0.8
604.692 0.797
605.475 0.783
606.28 0.805
607.068 0.788
607.855 0.787
608.625 0.77
609.393 0.768
610.143 0.75