0.000 0.339
0.339 0.339
1.584 1.245
2.569 0.985
2.829 0.26
5.298 2.469
5.554 0.256
6.01 0.456
6.634 0.624
7.603 0.969
8.697 1.094
9.641 0.944
10.181 0.54
10.853 0.672
16.999 6.146
17.93 0.931
18.695 0.765
19.39 0.695
22.031 2.641
22.381 0.35
23.093 0.712
24.773 1.68
28.757 3.984
29.051 0.294
29.398 0.347
30.243 0.845
30.601 0.358
31.671 1.07
32.546 0.875
33.616 1.07
34.451 0.835
35.437 0.986
35.851 0.414
36.819 0.968
37.624 0.805
37.968 0.344
38.851 0.883
39.804 0.953
41.671 1.867
53.259 11.588
53.999 0.74
54.772 0.773
55.622 0.85
56.463 0.841
57.269 0.806
58.054 0.785
58.743 0.689
59.423 0.68
60.055 0.632
60.566 0.511
60.845 0.279
64.332 3.487
65.196 0.864
65.743 0.547
66.25 0.507
67.649 1.399
69.513 1.864
69.938 0.425
76.999 7.061
77.644 0.645
78.311 0.667
79.037 0.726
79.867 0.83
80.694 0.827
81.569 0.875
82.384 0.815
83.187 0.803
83.968 0.781
84.617 0.649
84.987 0.37
85.278 0.291
85.9 0.622
86.261 0.361
87.055 0.794
87.504 0.449
88.379 0.875
89.574 1.195
90.044 0.47
90.521 0.477
100.998 10.477
101.652 0.654
102.311 0.659
102.961 0.65
103.624 0.663
104.288 0.664
104.973 0.685
105.619 0.646
106.168 0.549
106.511 0.343
106.942 0.431
107.559 0.617
107.848 0.289
108.309 0.461
109.239 0.93
110.739 1.5
111.394 0.655
112.246 0.852
112.927 0.681
113.552 0.625
120.657 7.105
120.998 0.341
121.447 0.449
130.998 9.551
131.491 0.493
131.858 0.367
133.593 1.735
134.428 0.835
134.8 0.372
135.538 0.738
136.179 0.641
141.53 5.351
143.772 2.242
144.028 0.256
144.421 0.393
144.772 0.351
145.046 0.274
145.307 0.261
146.891 1.584
147.155 0.264
156.998 9.843
157.802 0.804
158.609 0.807
159.414 0.805
160.148 0.734
160.871 0.723
161.685 0.814
162.459 0.774
163.213 0.754
163.921 0.708
164.599 0.678
165.246 0.647
165.868 0.622
166.48 0.612
167.087 0.607
167.704 0.617
168.394 0.69
169.183 0.789
169.989 0.806
170.814 0.825
171.632 0.818
172.427 0.795
173.204 0.777
173.937 0.733
174.662 0.725
175.376 0.714
176.085 0.709
176.765 0.68
177.42 0.655
178.074 0.654
178.71 0.636
179.409 0.699
180.124 0.715
180.855 0.731
181.561 0.706
182.261 0.7
183.053 0.792
183.879 0.826
184.688 0.809
185.482 0.794
186.204 0.722
186.933 0.729
187.641 0.708
188.308 0.667
188.943 0.635
189.569 0.626
190.255 0.686
191.089 0.834
191.921 0.832
192.771 0.85
193.624 0.853
194.466 0.842
195.31 0.844
196.088 0.778
196.827 0.739
197.544 0.717
198.251 0.707
198.969 0.718
199.704 0.735
200.419 0.715
201.088 0.669
201.785 0.697
202.524 0.739
203.298 0.774
204.039 0.741
204.739 0.7
205.412 0.673
206.078 0.666
206.739 0.661
207.377 0.638
208.045 0.668
208.706 0.661
209.394 0.688
210.101 0.707
210.858 0.757
211.556 0.698
212.254 0.698
212.984 0.73
213.729 0.745
214.463 0.734
215.161 0.698
215.874 0.713
216.588 0.714
217.298 0.71
217.988 0.69
218.641 0.653
219.311 0.67
220.037 0.726
220.813 0.776
221.596 0.783
222.417 0.821
223.18 0.763
223.957 0.777
224.722 0.765
225.494 0.772
226.217 0.723
226.938 0.721
227.676 0.738
228.418 0.742
229.151 0.733
229.824 0.673
230.499 0.675
231.168 0.669
231.813 0.645
232.488 0.675
233.158 0.67
233.471 0.313
233.759 0.288
234.447 0.688
234.952 0.505
235.509 0.557
236.084 0.575
236.353 0.269
244.996 8.643
245.822 0.826
246.637 0.815
247.471 0.834
248.37 0.899
249.253 0.883
250.097 0.844
250.934 0.837
251.739 0.805
252.522 0.783
253.287 0.765
254.047 0.76
254.783 0.736
255.447 0.664
256.068 0.621
256.724 0.656
257.359 0.635
258.057 0.698
258.743 0.686
259.406 0.663
260.05 0.644
260.682 0.632
261.294 0.612
261.904 0.61
262.53 0.626
263.21 0.68
263.955 0.745
264.702 0.747
265.451 0.749
266.185 0.734
266.896 0.711
267.586 0.69
268.249 0.663
268.901 0.652
269.544 0.643
270.188 0.644
270.836 0.648
271.483 0.647
272.129 0.646
272.777 0.648
273.417 0.64
274.047 0.63
274.664 0.617
275.323 0.659
276.013 0.69
276.722 0.709
277.354 0.632
277.987 0.633
278.547 0.56
282.125 3.578
283.678 1.553
283.932 0.254
284.187 0.255
288.984 4.797
289.559 0.575
292.301 2.742
292.914 0.613
293.679 0.765
294.443 0.764
294.882 0.439
296.414 1.532
297.028 0.614
298.703 1.675
302.162 3.459
302.914 0.752
304.078 1.164
310.996 6.918
311.825 0.829
312.683 0.858
313.554 0.871
314.385 0.831
315.215 0.83
315.697 0.482
315.997 0.3
317.356 1.359
317.995 0.639
318.616 0.621
319.236 0.62
319.883 0.647
320.552 0.669
321.199 0.647
321.87 0.671
322.563 0.693
323.289 0.726
324.018 0.729
324.7 0.682
325.348 0.648
325.975 0.627
326.599 0.624
327.239 0.64
327.958 0.719
328.716 0.758
329.556 0.84
330.411 0.855
331.296 0.885
332.123 0.827
332.895 0.772
333.687 0.792
334.423 0.736
335.154 0.731
335.909 0.755
336.641 0.732
337.438 0.797
338.196 0.758
338.976 0.78
339.682 0.706
340.388 0.706
341.071 0.683
341.822 0.751
342.603 0.781
343.334 0.731
344.031 0.697
344.744 0.713
345.459 0.715
346.145 0.686
346.846 0.701
347.562 0.716
348.297 0.735
349.064 0.767
349.862 0.798
350.684 0.822
351.452 0.768
352.19 0.738
352.884 0.694
353.556 0.672
354.185 0.629
354.849 0.664
355.562 0.713
356.359 0.797
357.137 0.778
357.948 0.811
358.785 0.837
359.637 0.852
360.447 0.81
361.233 0.786
361.998 0.765
362.772 0.774
363.502 0.73
364.266 0.764
365.034 0.768
365.758 0.724
366.54 0.782
367.333 0.793
368.155 0.822
368.941 0.786
369.741 0.8
370.55 0.809
371.069 0.519
371.333 0.264
372.042 0.709
372.773 0.731
373.491 0.718
373.967 0.476
376.408 2.441
376.781 0.373
377.065 0.284
380.567 3.502
381.385 0.818
381.677 0.292
385.137 3.46
385.853 0.716
386.644 0.791
387.14 0.496
387.486 0.346
388.37 0.884
389.34 0.97
389.645 0.305
390.22 0.575
390.521 0.301
390.934 0.413
391.979 1.045
392.359 0.38
392.687 0.328
393.526 0.839
394.109 0.583
394.869 0.76
397.205 2.336
397.69 0.485
404.687 6.997
404.994 0.307
406.882 1.888
409.822 2.94
410.592 0.77
410.955 0.363
411.448 0.493
411.916 0.468
412.299 0.383
412.604 0.305
414.08 1.476
414.557 0.477
420.08 5.523
421.104 1.024
430.994 9.89
431.72 0.726
432.501 0.781
433.269 0.768
434.063 0.794
434.865 0.802
435.645 0.78
436.417 0.772
437.19 0.773
437.938 0.748
438.649 0.711
439.307 0.658
439.819 0.512
440.08 0.261
440.485 0.405
440.758 0.273
441.416 0.658
442.059 0.643
443.049 0.99
443.359 0.31
443.664 0.305
443.971 0.307
444.711 0.74
444.995 0.284
446.878 1.883
447.446 0.568
448.543 1.097
449.503 0.96
450.698 1.195
451.268 0.57
451.675 0.407
451.957 0.282
453.058 1.101
453.94 0.882
454.339 0.399
454.643 0.304
466.325 11.682
466.994 0.669
467.687 0.693
468.426 0.739
469.201 0.775
469.973 0.772
470.64 0.667
471.059 0.419
471.429 0.37
472.092 0.663
472.712 0.62
473.32 0.608
473.942 0.622
474.613 0.671
475.351 0.738
476.124 0.773
476.919 0.795
477.736 0.817
478.556 0.82
479.343 0.787
480.11 0.767
480.869 0.759
481.631 0.762
482.355 0.724
483.105 0.75
483.838 0.733
484.585 0.747
485.327 0.742
485.97 0.643
488.209 2.239
488.901 0.692
489.599 0.698
490.316 0.717
491.03 0.714
491.737 0.707
492.475 0.738
493.241 0.766
494.016 0.775
494.808 0.792
495.587 0.779
496.323 0.736
497.002 0.679
497.677 0.675
498.318 0.641
498.949 0.631
499.568 0.619
500.197 0.629
500.876 0.679
501.585 0.709
502.307 0.722
503.045 0.738
503.783 0.738
504.449 0.666
505.102 0.653
505.743 0.641
506.386 0.643
507.022 0.636
507.67 0.648
508.425 0.755
509.314 0.889
510.176 0.862
511.06 0.884
511.968 0.908
512.824 0.856
513.634 0.81
514.452 0.818
515.242 0.79
516.0 0.758
516.761 0.761
517.464 0.703
518.166 0.702
518.839 0.673
519.486 0.647
520.098 0.612
520.717 0.619
521.305 0.588
521.932 0.627
522.606 0.674
523.368 0.762
524.11 0.742
524.845 0.735
525.584 0.739
526.295 0.711
527.006 0.711
527.701 0.695
528.449 0.748
529.202 0.753
529.942 0.74
530.698 0.756
531.431 0.733
532.15 0.719
532.85 0.7
533.509 0.659
534.146 0.637
534.772 0.626
535.381 0.609
535.995 0.614
536.626 0.631
537.259 0.633
538.003 0.744
538.871 0.868
539.687 0.816
540.499 0.812
541.276 0.777
542.04 0.764
542.848 0.808
543.576 0.728
544.25 0.674
544.884 0.634
545.555 0.671
546.217 0.662
546.93 0.713
547.663 0.733
548.405 0.742
549.136 0.731
549.815 0.679
550.489 0.674
551.139 0.65
551.772 0.633
552.389 0.617
552.988 0.599
553.601 0.613
554.212 0.611
554.837 0.625
555.463 0.626
556.15 0.687
556.889 0.739
557.654 0.765
558.383 0.729
559.062 0.679
559.723 0.661
560.344 0.621
560.937 0.593
561.563 0.626
562.174 0.611
562.851 0.677
563.593 0.742
564.392 0.799
565.151 0.759
565.872 0.721
566.552 0.68
567.221 0.669
567.888 0.667
568.571 0.683
569.274 0.703
570.013 0.739
570.79 0.777
571.574 0.784
572.402 0.828
573.235 0.833
574.056 0.821
574.863 0.807
575.655 0.792
576.398 0.743
577.134 0.736
577.872 0.738
578.626 0.754
579.436 0.81
580.213 0.777
581.042 0.829
581.882 0.84
582.66 0.778
583.455 0.795
584.24 0.785
584.995 0.755
585.713 0.718
586.435 0.722
587.142 0.707
587.829 0.687
588.514 0.685
589.186 0.672
589.845 0.659
590.502 0.657
591.168 0.666
591.828 0.66
592.353 0.525
592.697 0.344
592.992 0.295
593.483 0.491
593.861 0.378
601.772 0.78
602.564 0.792