0.000 1.075
1.075 1.075
2.025 0.95
3.012 0.987
3.999 0.987
5.177 1.178
6.114 0.937
6.85 0.736
7.62 0.77
8.717 1.097
9.717 1.0
10.57 0.853
11.725 1.155
12.645 0.92
13.377 0.732
14.04 0.663
14.77 0.73
15.757 0.987
16.896 1.139
17.868 0.972
18.687 0.819
19.572 0.885
20.356 0.784
21.281 0.925
22.454 1.173
23.632 1.178
24.74 1.108
25.835 1.095
26.796 0.961
27.596 0.8
28.753 1.157
29.942 1.189
31.0 1.058
32.125 1.125
33.343 1.218
34.502 1.159
35.358 0.856
36.178 0.82
37.453 1.275
38.726 1.273
39.736 1.01
40.938 1.202
42.194 1.256
43.414 1.22
44.481 1.067
45.673 1.192
46.844 1.171
47.85 1.006
49.086 1.236
50.251 1.165
51.191 0.94
52.237 1.046
53.353 1.116
54.246 0.893
55.291 1.045
56.386 1.095
57.227 0.841
58.002 0.775
58.853 0.851
60.104 1.251
61.212 1.108
62.34 1.128
63.495 1.155
64.419 0.924
65.29 0.871
66.271 0.981
67.118 0.847
68.236 1.118
69.088 0.852
70.044 0.956
71.23 1.186
71.747 0.517
72.15 0.403
73.048 0.898
73.404 0.356
73.715 0.311
74.151 0.436
74.43 0.279
74.83 0.4
75.082 0.252
75.349 0.267
75.617 0.268
76.231 0.614
77.34 1.109
78.169 0.829
78.421 0.252
78.78 0.359
79.385 0.605
80.497 1.112
81.687 1.19
82.848 1.161
83.771 0.923
85.09 1.319
86.059 0.969
87.123 1.064
87.763 0.64
88.16 0.397
88.555 0.395
88.888 0.333
89.156 0.268
89.63 0.474
89.911 0.281
91.316 1.405
92.541 1.225
93.644 1.103
94.695 1.051
94.966 0.271
95.537 0.571
95.879 0.342
96.539 0.66
97.217 0.678
98.65 1.433
99.796 1.146
100.086 0.29
100.426 0.34
100.767 0.341
101.359 0.592
102.18 0.821
103.067 0.887
104.061 0.994
104.972 0.911
105.241 0.269
105.767 0.526
106.58 0.813
107.675 1.095
108.719 1.044
109.548 0.829
110.326 0.778
111.207 0.881
112.25 1.043
113.27 1.02
114.319 1.049
115.133 0.814
115.955 0.822
116.969 1.014
118.095 1.126
118.616 0.521
119.141 0.525
119.393 0.252
119.742 0.349
120.017 0.275
120.341 0.324
121.117 0.776
121.524 0.407
121.782 0.258
122.037 0.255
122.294 0.257
122.649 0.355
123.007 0.358
123.271 0.264
124.138 0.867
124.874 0.736
125.128 0.254
125.439 0.311
126.015 0.576
126.381 0.366
127.265 0.884
128.355 1.09
129.531 1.176
130.143 0.612
130.664 0.521
130.978 0.314
131.51 0.532
131.858 0.348
132.67 0.812
133.761 1.091
134.706 0.945
135.546 0.84
135.84 0.294
136.124 0.284
136.419 0.295
136.887 0.468
137.965 1.078
138.973 1.008
139.912 0.939
140.881 0.969
141.766 0.885
142.052 0.286
142.636 0.584
143.48 0.844
144.414 0.934
145.365 0.951
146.341 0.976
146.731 0.39
147.146 0.415
147.417 0.271
147.674 0.257
147.968 0.294
148.312 0.344
148.944 0.632
149.73 0.786
150.276 0.546
150.745 0.469
151.161 0.416
151.697 0.536
154.497 2.8
155.428 0.931
155.964 0.536
156.315 0.351
158.178 1.863
158.996 0.818
159.771 0.775
160.757 0.986
161.88 1.123
162.939 1.059
163.786 0.847
164.633 0.847
165.473 0.84
166.293 0.82
167.065 0.772
168.011 0.946
169.066 1.055
169.911 0.845
170.88 0.969
171.994 1.114
173.109 1.115
173.998 0.889
174.927 0.929
175.819 0.892
176.872 1.053
177.726 0.854
178.664 0.938
179.651 0.987
180.526 0.875
181.529 1.003
182.404 0.875
183.253 0.849
184.045 0.792
184.842 0.797
185.742 0.9
186.813 1.071
187.935 1.122
189.036 1.101
190.019 0.983
190.93 0.911
191.939 1.009
192.984 1.045
194.125 1.141
195.039 0.914
195.904 0.865
197.116 1.212
198.321 1.205
199.385 1.064
200.268 0.883
201.357 1.089
202.519 1.162
203.659 1.14
204.81 1.151
205.934 1.124
207.059 1.125
208.09 1.031
208.912 0.822
209.766 0.854
210.589 0.823
211.776 1.187
212.869 1.093
213.732 0.863
214.829 1.097
215.954 1.125
217.147 1.193
217.998 0.851
218.824 0.826
219.722 0.898
220.031 0.309
220.375 0.344
220.809 0.434
221.55 0.741
222.759 1.209
223.034 0.275
223.89 0.856
224.938 1.048
225.763 0.825
226.692 0.929
227.618 0.926
228.115 0.497
228.511 0.396
229.711 1.2
230.67 0.959
231.404 0.734
231.678 0.274
232.042 0.364
232.569 0.527
232.836 0.267
233.361 0.525
234.054 0.693
235.248 1.194
235.777 0.529
236.212 0.435
237.191 0.979
237.894 0.703
238.152 0.258
238.479 0.327
239.152 0.673
239.582 0.43
239.915 0.333
240.464 0.549
240.787 0.323
241.109 0.322
241.486 0.377
241.986 0.5
242.407 0.421
243.315 0.908
243.712 0.397
244.687 0.975
245.248 0.561
245.523 0.275
246.118 0.595
246.527 0.409
246.974 0.447
247.248 0.274
247.571 0.323
247.943 0.372
248.293 0.35
248.605 0.312
248.922 0.317
249.224 0.302
249.49 0.266
250.861 1.371
252.049 1.188
252.701 0.652
253.073 0.372
253.476 0.403
254.044 0.568
254.31 0.266
255.006 0.696
258.294 3.288
258.581 0.287
258.832 0.251
259.151 0.319
259.49 0.339
262.828 3.338
263.382 0.554
264.018 0.636
267.003 2.985
267.798 0.795
268.589 0.791
269.306 0.717
269.893 0.587
270.182 0.289
270.795 0.613
271.123 0.328
271.542 0.419
271.933 0.391
272.378 0.445
272.854 0.476
273.741 0.887
274.512 0.771
274.783 0.271
275.238 0.455
275.897 0.659
276.179 0.282
276.533 0.354
276.832 0.299
277.297 0.465
278.171 0.874
279.152 0.981
279.494 0.342
280.56 1.066
280.818 0.258
281.126 0.308
281.442 0.316
281.741 0.299
282.623 0.882
283.571 0.948
284.732 1.161
285.475 0.743
285.778 0.303
286.659 0.881
287.818 1.159
288.751 0.933
289.024 0.273
289.406 0.382
289.742 0.336
290.015 0.273
290.292 0.277
290.823 0.531
291.078 0.255
291.342 0.264
291.819 0.477
292.076 0.257
292.333 0.257
292.691 0.358
293.079 0.388
293.381 0.302
293.775 0.394
294.343 0.568
294.698 0.355
301.995 7.297
302.96 0.965
304.05 1.09
305.235 1.185
306.204 0.969
307.278 1.074
308.42 1.142
309.519 1.099
310.621 1.102
311.587 0.966
312.61 1.023
313.774 1.164
314.972 1.198
315.915 0.943
317.014 1.099
318.216 1.202
319.361 1.145
320.29 0.929
321.148 0.858
322.127 0.979
322.439 0.312
322.723 0.284
322.987 0.264
323.247 0.26
323.531 0.284
323.81 0.279
324.13 0.32
324.691 0.561
325.862 1.171
326.145 0.283
326.836 0.691
327.168 0.332
327.425 0.257
327.82 0.395
328.922 1.102
329.186 0.264
329.79 0.604
330.797 1.007
331.282 0.485
331.549 0.267
331.881 0.332
332.266 0.385
332.594 0.328
332.882 0.288
333.142 0.26
333.44 0.298
333.715 0.275
333.984 0.269
334.266 0.282
334.623 0.357
334.873 0.25
335.17 0.297
335.43 0.26
335.732 0.302
335.983 0.251
336.288 0.305
336.563 0.275
336.875 0.312
337.531 0.656
337.822 0.291
338.091 0.269
338.348 0.257
338.643 0.295
339.136 0.493
339.392 0.256
339.671 0.279
340.077 0.406
340.362 0.285
341.593 1.231
343.554 1.961
344.234 0.68
344.553 0.319
344.934 0.381
345.602 0.668
346.085 0.483
347.905 1.82
348.24 0.335
348.622 0.382
348.969 0.347
349.543 0.574
350.425 0.882
350.792 0.367
351.359 0.567
353.129 1.77
353.602 0.473
354.734 1.132
360.217 0.803
362.288 2.071
363.459 1.171
364.672 1.213
365.791 1.119
366.848 1.057
367.697 0.849
368.501 0.804
369.261 0.76
369.775 0.514
370.03 0.255
370.312 0.282
370.585 0.273
371.414 0.829
372.61 1.196
373.644 1.034
374.212 0.568
374.518 0.306
375.116 0.598
375.381 0.265
376.322 0.941
376.602 0.28
376.955 0.353
377.211 0.256
377.486 0.275
378.469 0.983
378.851 0.382
379.578 0.727
380.126 0.548
380.779 0.653
381.079 0.3
381.336 0.257
381.594 0.258
381.889 0.295
382.188 0.299
382.477 0.289
382.973 0.496
383.626 0.653
385.893 2.267
386.27 0.377
386.527 0.257
386.945 0.418
387.318 0.373
388.638 1.32
390.144 1.506
391.149 1.005
392.212 1.063
393.297 1.085
394.352 1.055
395.291 0.939
396.232 0.941
397.093 0.861
397.972 0.879
398.823 0.851
399.783 0.96
400.727 0.944
401.57 0.843
402.447 0.877
403.43 0.983
404.251 0.821
405.107 0.856
406.048 0.941
406.895 0.847
407.672 0.777
408.362 0.69
409.107 0.745
409.894 0.787
410.718 0.824
411.58 0.862
412.477 0.897
413.404 0.927
414.268 0.864
415.107 0.839
415.924 0.817
416.717 0.793
417.456 0.739
418.286 0.83
419.216 0.93
420.299 1.083
421.388 1.089
422.29 0.902
423.171 0.881
424.144 0.973
425.153 1.009
426.081 0.928
427.027 0.946
427.971 0.944
428.925 0.954
430.02 1.095
431.065 1.045
432.026 0.961
432.842 0.816
433.599 0.757
434.353 0.754
435.548 1.195
436.742 1.194
437.832 1.09
438.888 1.056
440.067 1.179
441.059 0.992
442.045 0.986
443.282 1.237
444.449 1.167
445.364 0.915
446.46 1.096
447.7 1.24
448.633 0.933
449.467 0.834
450.612 1.145
451.857 1.245
453.027 1.17
454.081 1.054
455.324 1.243
456.495 1.171
457.441 0.946
458.567 1.126
459.539 0.972
460.418 0.879
461.45 1.032
462.581 1.131
463.59 1.009
464.551 0.961
465.743 1.192
466.912 1.169
467.778 0.866
468.707 0.929
469.797 1.09
470.818 1.021
471.635 0.817
472.41 0.775
473.474 1.064
474.692 1.218
475.755 1.063
476.771 1.016
477.825 1.054
478.844 1.019
479.729 0.885
480.778 1.049
481.974 1.196
483.044 1.07
484.001 0.957
485.115 1.114
486.249 1.134
487.308 1.059
488.132 0.824
489.029 0.897
490.232 1.203
491.397 1.165
492.302 0.905
493.328 1.026
494.494 1.166
495.529 1.035
496.374 0.845
497.477 1.103
498.684 1.207
499.726 1.042
500.583 0.857
501.504 0.921
502.702 1.198
503.845 1.143
504.972 1.127
505.911 0.939
506.728 0.817
507.622 0.894
508.723 1.101
509.759 1.036
510.818 1.059
511.963 1.145
513.057 1.094
513.96 0.903
514.944 0.984
516.021 1.077
517.058 1.037
517.965 0.907
518.996 1.031
520.112 1.116
521.115 1.003
521.938 0.823
522.743 0.805
523.631 0.888
524.687 1.056
525.707 1.02
526.592 0.885
527.527 0.935
528.505 0.978
529.441 0.936
530.269 0.828
531.231 0.962
532.363 1.132
533.399 1.036
534.217 0.818
535.111 0.894
536.207 1.096
537.208 1.001
538.012 0.804
538.983 0.971
540.09 1.107
541.009 0.919
541.772 0.763
542.619 0.847
543.701 1.082
544.694 0.993
545.708 1.014
546.762 1.054
547.753 0.991
548.71 0.957
549.828 1.118
550.817 0.989
551.727 0.91
552.622 0.895
553.493 0.871
554.249 0.756
555.095 0.846
556.04 0.945
556.99 0.95
557.826 0.836
558.616 0.79
559.602 0.986
560.63 1.028
561.418 0.788
562.167 0.749
562.919 0.752
563.662 0.743
564.468 0.806
565.387 0.919
566.313 0.926
567.082 0.769
567.869 0.787
568.675 0.806
569.445 0.77
570.165 0.72
570.949 0.784
571.722 0.773
572.525 0.803
573.305 0.78
574.035 0.73
574.851 0.816
575.881 1.03
576.896 1.015
577.711 0.815
578.506 0.795
579.369 0.863
580.272 0.903
581.08 0.808
581.825 0.745
582.631 0.806
583.618 0.987
584.657 1.039
585.57 0.913
586.455 0.885
587.437 0.982
588.319 0.882
589.088 0.769
589.903 0.815
590.869 0.966
591.919 1.05
592.777 0.858
593.683 0.906
594.664 0.981
595.494 0.83
596.363 0.869
597.328 0.965
598.28 0.952
599.104 0.824
599.871 0.767
600.669 0.798
601.478 0.809
602.258 0.78