0.000 0.765
0.765 0.765
1.532 0.767
2.563 1.031
3.439 0.876
4.379 0.94
5.124 0.745
5.964 0.84
6.754 0.79
7.453 0.699
8.064 0.611
8.785 0.721
9.445 0.66
10.091 0.646
10.731 0.64
11.349 0.618
11.97 0.621
12.573 0.603
13.162 0.589
13.743 0.581
14.311 0.568
14.876 0.565
15.449 0.573
16.043 0.594
16.649 0.606
17.268 0.619
17.903 0.635
18.542 0.639
19.194 0.652
19.832 0.638
20.47 0.638
21.082 0.612
21.686 0.604
22.222 0.536
22.809 0.587
23.452 0.643
24.029 0.577
24.605 0.576
25.177 0.572
25.753 0.576
26.337 0.584
26.943 0.606
27.571 0.628
28.204 0.633
28.869 0.665
29.583 0.714
30.269 0.686
30.905 0.636
31.637 0.732
32.451 0.814
33.268 0.817
34.123 0.855
34.871 0.748
35.533 0.662
36.279 0.746
36.968 0.689
37.673 0.705
38.348 0.675
39.028 0.68
39.668 0.64
40.45 0.782
41.536 1.086
42.565 1.029
43.513 0.948
44.39 0.877
45.185 0.795
45.854 0.669
46.482 0.628
47.117 0.635
47.907 0.79
48.91 1.003
49.834 0.924
50.735 0.901
51.536 0.801
52.448 0.912
53.277 0.829
54.152 0.875
55.002 0.85
55.764 0.762
56.459 0.695
57.194 0.735
57.866 0.672
58.538 0.672
59.129 0.591
59.77 0.641
60.419 0.649
61.149 0.73
61.803 0.654
62.454 0.651
63.119 0.665
63.779 0.66
64.598 0.819
65.389 0.791
66.175 0.786
66.919 0.744
67.631 0.712
68.322 0.691
68.981 0.659
69.61 0.629
70.2 0.59
70.946 0.746
71.993 1.047
72.921 0.928
73.849 0.928
74.7 0.851
75.614 0.914
76.521 0.907
77.46 0.939
78.312 0.852
79.169 0.857
80.038 0.869
80.813 0.775
81.524 0.711
82.327 0.803
83.113 0.786
83.899 0.786
84.672 0.773
85.416 0.744
86.158 0.742
86.871 0.713
87.587 0.716
88.235 0.648
88.939 0.704
89.678 0.739
90.549 0.871
91.347 0.798
92.111 0.764
92.857 0.746
93.574 0.717
94.268 0.694
94.933 0.665
95.573 0.64
96.19 0.617
96.799 0.609
97.409 0.61
98.044 0.635
98.762 0.718
99.595 0.833
100.464 0.869
101.294 0.83
102.045 0.751
102.698 0.653
103.393 0.695
104.113 0.72
104.912 0.799
105.635 0.723
106.523 0.888
107.348 0.825
108.123 0.775
108.903 0.78
109.605 0.702
110.27 0.665
110.936 0.666
111.588 0.652
112.238 0.65
112.883 0.645
113.544 0.661
114.242 0.698
114.915 0.673
115.535 0.62
116.224 0.689
116.974 0.75
118.108 1.134
119.103 0.995
120.077 0.974
120.911 0.834
121.747 0.836
122.589 0.842
123.459 0.87
124.452 0.993
125.453 1.001
126.425 0.972
127.337 0.912
128.165 0.828
129.05 0.885
130.021 0.971
130.936 0.915
131.827 0.891
132.832 1.005
133.885 1.053
134.872 0.987
135.836 0.964
136.718 0.882
137.468 0.75
138.191 0.723
138.945 0.754
139.802 0.857
140.907 1.105
141.862 0.955
142.844 0.982
143.786 0.942
144.683 0.897
145.503 0.82
146.202 0.699
146.889 0.687
147.51 0.621
148.299 0.789
149.415 1.116
150.313 0.898
151.322 1.009
152.284 0.962
153.221 0.937
154.069 0.848
154.908 0.839
155.716 0.808
156.411 0.695
157.118 0.707
157.887 0.769
158.653 0.766
159.417 0.764
160.142 0.725
160.873 0.731
161.582 0.709
162.27 0.688
162.952 0.682
163.614 0.662
164.217 0.603
164.871 0.654
165.548 0.677
166.341 0.793
167.057 0.716
167.765 0.708
168.51 0.745
169.218 0.708
169.926 0.708
170.588 0.662
171.421 0.833
172.286 0.865
173.305 1.019
174.278 0.973
175.178 0.9
176.026 0.848
176.846 0.82
177.708 0.862
178.653 0.945
179.666 1.013
180.669 1.003
181.549 0.88
182.488 0.939
183.354 0.866
184.207 0.853
184.993 0.786
185.716 0.723
186.434 0.718
187.191 0.757
187.935 0.744
188.649 0.714
189.309 0.66
189.986 0.677
190.658 0.672
191.35 0.692
192.192 0.842
193.272 1.08
194.277 1.005
195.219 0.942
196.042 0.823
196.877 0.835
197.718 0.841
198.622 0.904
199.64 1.018
200.606 0.966
201.546 0.94
202.461 0.915
203.379 0.918
204.292 0.913
205.088 0.796
205.939 0.851
206.818 0.879
207.796 0.978
208.744 0.948
209.704 0.96
210.586 0.882
211.467 0.881
212.369 0.902
213.303 0.934
214.179 0.876
214.981 0.802
215.75 0.769
216.445 0.695
217.134 0.689
217.831 0.697
218.566 0.735
219.308 0.742
220.092 0.784
220.933 0.841
221.84 0.907
222.648 0.808
223.351 0.703
224.115 0.764
224.877 0.762
225.508 0.631
226.172 0.664
226.832 0.66
227.547 0.715
228.628 1.081
229.667 1.039
230.516 0.849
231.312 0.796
232.198 0.886
233.003 0.805
233.933 0.93
234.886 0.953
235.863 0.977
236.855 0.992
237.862 1.007
238.785 0.923
239.699 0.914
240.691 0.992
241.659 0.968
242.47 0.811
243.33 0.86
244.22 0.89
245.169 0.949
246.0 0.831
246.735 0.735
247.474 0.739
248.192 0.718
249.067 0.875
250.129 1.062
250.996 0.867
251.974 0.978
252.887 0.913
253.815 0.928
254.725 0.91
255.622 0.897
256.437 0.815
257.262 0.825
258.113 0.851
259.038 0.925
259.957 0.919
260.843 0.886
261.689 0.846
262.445 0.756
263.147 0.702
263.844 0.697
264.58 0.736
265.646 1.066
266.619 0.973
267.667 1.048
268.596 0.929
269.531 0.935
270.492 0.961
271.463 0.971
272.377 0.914
273.196 0.819
274.12 0.924
275.032 0.912
275.94 0.908
276.839 0.899
277.674 0.835
278.552 0.878
279.453 0.901
280.389 0.936
281.316 0.927
282.204 0.888
283.085 0.881
284.051 0.966
284.993 0.942
285.932 0.939
286.801 0.869
287.689 0.888
288.597 0.908
289.531 0.934
290.347 0.816
291.196 0.849
292.167 0.971
293.088 0.921
294.035 0.947
294.943 0.908
295.762 0.819
296.504 0.742
297.237 0.733
297.977 0.74
298.775 0.798
299.724 0.949
300.644 0.92
301.423 0.779
302.26 0.837
303.045 0.785
303.856 0.811
304.613 0.757
305.36 0.747
306.077 0.717
306.79 0.713
307.491 0.701
308.197 0.706
308.903 0.706
309.651 0.748
310.395 0.744
311.114 0.719
311.823 0.709
312.544 0.721
313.332 0.788
314.182 0.85
315.156 0.974
316.128 0.972
317.026 0.898
317.931 0.905
318.839 0.908
319.713 0.874
320.532 0.819
321.464 0.932
322.386 0.922
323.321 0.935
324.261 0.94
325.149 0.888
326.002 0.853
326.799 0.797
327.642 0.843
328.55 0.908
329.458 0.908
330.375 0.917
331.3 0.925
332.25 0.95
333.197 0.947
334.084 0.887
334.959 0.875
335.893 0.934
336.841 0.948
337.806 0.965
338.713 0.907
339.666 0.953
340.635 0.969
341.572 0.937
342.449 0.877
343.337 0.888
344.175 0.838
344.997 0.822
345.881 0.884
346.783 0.902
347.612 0.829
348.493 0.881
349.422 0.929
350.426 1.004
351.374 0.948
352.289 0.915
353.159 0.87
354.028 0.869
354.925 0.897
355.809 0.884
356.689 0.88
357.531 0.842
358.35 0.819
359.211 0.861
360.096 0.885
361.001 0.905
361.881 0.88
362.823 0.942
363.756 0.933
364.645 0.889
365.58 0.935
366.528 0.948
367.496 0.968
368.38 0.884
369.166 0.786
369.949 0.783
370.736 0.787
371.482 0.746
372.278 0.796
373.009 0.731
373.949 0.94
374.801 0.852
375.676 0.875
376.533 0.857
377.37 0.837
378.217 0.847
379.027 0.81
379.824 0.797
380.508 0.684
381.155 0.647
381.738 0.583
382.369 0.631
382.987 0.618
383.601 0.614
384.256 0.655
384.861 0.605
385.469 0.608
386.078 0.609
386.628 0.55
387.218 0.59
387.807 0.589
388.395 0.588
388.992 0.597
389.645 0.653
390.562 0.917
391.503 0.941
392.419 0.916
393.352 0.933
400.892 0.898
401.765 0.873
402.757 0.992
403.825 1.068
404.824 0.999
405.825 1.001
406.756 0.931
407.79 1.034
408.703 0.913
409.656 0.953
410.641 0.985
411.67 1.029
412.656 0.986
413.576 0.92
414.545 0.969
415.587 1.042
416.661 1.074
417.508 0.847
418.381 0.873
419.383 1.002
420.181 0.798
421.013 0.832
421.858 0.845
422.775 0.917
423.766 0.991
424.803 1.037
425.747 0.944
426.632 0.885
427.517 0.885
428.422 0.905
429.398 0.976
430.39 0.992
431.388 0.998
432.306 0.918
433.122 0.816
433.998 0.876
434.939 0.941
435.998 1.059
437.019 1.021
437.943 0.924
438.909 0.966
439.812 0.903
440.725 0.913
441.701 0.976
442.683 0.982
443.644 0.961
444.539 0.895
445.445 0.906
446.318 0.873
447.146 0.828
447.929 0.783
448.608 0.679
449.255 0.647
449.911 0.656
450.675 0.764
451.713 1.038
452.706 0.993
453.599 0.893
454.444 0.845
455.38 0.936
456.342 0.962
457.279 0.937
458.158 0.879
458.994 0.836
459.825 0.831
460.709 0.884
461.644 0.935
462.617 0.973
463.558 0.941
464.501 0.943
465.506 1.005
466.526 1.02
467.516 0.99
468.436 0.92
469.324 0.888
470.233 0.909
471.135 0.902
471.992 0.857
472.838 0.846
473.78 0.942
474.778 0.998
475.747 0.969
476.687 0.94
477.659 0.972
478.637 0.978
479.517 0.88
480.399 0.882
481.31 0.911
482.234 0.924
483.108 0.874
483.995 0.887
484.931 0.936
485.946 1.015
486.924 0.978
487.882 0.958
488.785 0.903
489.685 0.9
490.631 0.946
491.609 0.978
492.596 0.987
493.508 0.912
494.46 0.952
495.437 0.977
496.361 0.924
497.322 0.961
498.278 0.956
499.184 0.906
500.061 0.877
500.93 0.869
501.824 0.894
502.769 0.945
503.725 0.956
504.655 0.93
505.527 0.872
506.391 0.864
507.288 0.897
508.232 0.944
509.218 0.986
510.205 0.987
511.174 0.969
512.089 0.915
513.006 0.917
513.907 0.901
514.806 0.899
515.681 0.875
516.506 0.825
517.233 0.727
517.919 0.686
518.616 0.697
519.313 0.697
519.989 0.676
520.692 0.703
521.538 0.846
522.637 1.099
523.583 0.946
524.505 0.922
525.435 0.93
526.315 0.88
527.107 0.792
527.844 0.737
528.679 0.835
529.783 1.104
530.757 0.974
531.668 0.911
532.529 0.861
533.368 0.839
534.17 0.802
534.963 0.793
535.821 0.858
536.579 0.758
537.305 0.726
537.986 0.681
538.644 0.658
539.295 0.651
539.945 0.65
540.59 0.645
541.25 0.66
542.021 0.771
542.763 0.742
543.492 0.729
544.207 0.715
544.982 0.775
545.831 0.849
546.854 1.023
547.804 0.95
548.686 0.882
549.557 0.871
550.329 0.772
551.123 0.794
551.876 0.753
552.665 0.789
553.538 0.873
554.576 1.038
555.48 0.904
556.363 0.883
557.239 0.876
558.146 0.907
559.077 0.931
560.017 0.94
560.939 0.922
561.868 0.929
562.851 0.983
563.83 0.979
564.792 0.962
565.707 0.915
566.6 0.893
567.398 0.798
568.194 0.796
568.899 0.705
569.569 0.67
570.236 0.667
570.952 0.716
571.991 1.039
572.892 0.901
573.714 0.822
574.591 0.877
575.504 0.913
576.443 0.939
577.409 0.966
578.343 0.934
579.281 0.938
580.173 0.892
581.004 0.831
581.682 0.678
582.338 0.656
582.983 0.645
583.655 0.672
584.573 0.918
585.624 1.051
586.594 0.97
587.572 0.978
588.562 0.99
589.544 0.982
590.449 0.905
591.358 0.909
592.245 0.887
592.997 0.752
593.678 0.681
594.359 0.681
595.109 0.75
596.174 1.065
597.07 0.896
598.008 0.938
598.942 0.934
599.852 0.91
600.699 0.847