0.000 0.756
0.756 0.756
1.477 0.721
2.216 0.739
2.932 0.716
3.659 0.727
4.385 0.726
5.165 0.78
6.016 0.851
6.907 0.891
7.685 0.778
8.487 0.802
9.329 0.842
10.214 0.885
11.03 0.816
11.827 0.797
12.605 0.778
13.34 0.735
14.054 0.714
14.768 0.714
15.538 0.77
16.607 1.069
17.669 1.062
18.685 1.016
19.664 0.979
20.76 1.096
21.861 1.101
22.801 0.94
23.779 0.978
24.812 1.033
25.805 0.993
26.796 0.991
27.756 0.96
28.591 0.835
29.4 0.809
30.317 0.917
31.329 1.012
32.236 0.907
33.194 0.958
34.308 1.114
35.317 1.009
36.341 1.024
37.4 1.059
38.411 1.011
39.413 1.002
40.35 0.937
41.291 0.941
42.161 0.87
42.975 0.814
43.874 0.899
44.825 0.951
45.846 1.021
46.874 1.028
47.789 0.915
48.735 0.946
49.704 0.969
50.65 0.946
51.578 0.928
52.466 0.888
53.336 0.87
54.157 0.821
54.994 0.837
56.026 1.032
57.036 1.01
58.031 0.995
59.061 1.03
60.169 1.108
61.25 1.081
62.286 1.036
63.299 1.013
64.254 0.955
65.196 0.942
66.135 0.939
66.989 0.854
67.797 0.808
68.759 0.962
69.926 1.167
70.927 1.001
71.927 1.0
72.921 0.994
73.988 1.067
74.922 0.934
75.827 0.905
76.779 0.952
77.749 0.97
78.686 0.937
79.557 0.871
80.343 0.786
81.142 0.799
81.953 0.811
82.826 0.873
83.671 0.845
84.504 0.833
85.4 0.896
86.314 0.914
87.138 0.824
87.922 0.784
88.718 0.796
89.491 0.773
90.265 0.774
91.064 0.799
91.893 0.829
92.792 0.899
93.713 0.921
94.579 0.866
95.394 0.815
96.206 0.812
97.121 0.915
98.068 0.947
98.931 0.863
99.742 0.811
100.623 0.881
101.647 1.024
102.687 1.04
103.62 0.933
104.722 1.102
105.822 1.1
106.797 0.975
107.795 0.998
108.889 1.094
109.946 1.057
110.909 0.963
111.845 0.936
112.827 0.982
113.852 1.025
114.873 1.021
115.91 1.037
116.923 1.013
117.916 0.993
118.876 0.96
119.843 0.967
120.73 0.887
121.603 0.873
122.634 1.031
123.961 1.327
125.025 1.064
126.098 1.073
127.167 1.069
128.181 1.014
129.12 0.939
130.023 0.903
130.869 0.846
131.674 0.805
132.452 0.778
133.262 0.81
134.056 0.794
134.914 0.858
135.894 0.98
137.129 1.235
138.211 1.082
139.253 1.042
140.29 1.037
141.252 0.962
142.194 0.942
143.094 0.9
143.907 0.813
144.674 0.767
145.457 0.783
146.213 0.756
146.954 0.741
147.833 0.879
148.68 0.847
149.735 1.055
150.837 1.102
151.825 0.988
152.726 0.901
153.622 0.896
154.649 1.027
155.789 1.14
156.875 1.086
157.912 1.037
158.932 1.02
159.892 0.96
160.755 0.863
161.684 0.929
162.781 1.097
163.935 1.154
165.082 1.147
166.138 1.056
167.054 0.916
167.994 0.94
169.128 1.134
170.349 1.221
171.536 1.187
172.616 1.08
173.706 1.09
174.843 1.137
175.99 1.147
177.096 1.106
178.121 1.025
179.098 0.977
180.172 1.074
181.35 1.178
182.513 1.163
183.594 1.081
184.578 0.984
185.615 1.037
186.7 1.085
187.766 1.066
188.823 1.057
189.838 1.015
190.856 1.018
191.933 1.077
193.055 1.122
194.106 1.051
195.129 1.023
196.037 0.908
196.862 0.825
197.629 0.767
198.393 0.764
199.194 0.801
200.233 1.039
201.379 1.146
202.474 1.095
203.456 0.982
204.493 1.037
205.569 1.076
206.616 1.047
207.572 0.956
208.475 0.903
209.312 0.837
210.093 0.781
210.833 0.74
211.6 0.767
212.43 0.83
213.359 0.929
214.377 1.018
215.406 1.029
216.381 0.975
217.232 0.851
218.098 0.866
218.959 0.861
219.866 0.907
220.767 0.901
221.595 0.828
222.4 0.805
223.186 0.786
223.957 0.771
224.73 0.773
225.621 0.891
226.732 1.111
227.807 1.075
228.731 0.924
229.656 0.925
230.627 0.971
231.626 0.999
232.613 0.987
233.494 0.881
234.419 0.925
235.478 1.059
236.562 1.084
237.568 1.006
238.467 0.899
239.389 0.922
240.364 0.975
241.377 1.013
242.397 1.02
243.381 0.984
244.297 0.916
245.314 1.017
246.402 1.088
247.497 1.095
248.508 1.011
249.531 1.023
250.583 1.052
251.639 1.056
252.69 1.051
253.623 0.933
254.51 0.887
255.449 0.939
256.531 1.082
257.682 1.151
258.717 1.035
259.8 1.083
260.966 1.166
262.176 1.21
263.227 1.051
264.172 0.945
265.122 0.95
266.116 0.994
267.158 1.042
268.258 1.1
269.351 1.093
270.362 1.011
271.35 0.988
272.393 1.043
273.45 1.057
274.45 1.0
275.335 0.885
276.236 0.901
277.246 1.01
278.357 1.111
279.418 1.061
280.392 0.974
281.42 1.028
282.468 1.048
283.51 1.042
284.505 0.995
285.481 0.976
286.384 0.903
287.2 0.816
288.058 0.858
288.989 0.931
289.986 0.997
290.978 0.992
291.936 0.958
292.951 1.015
294.023 1.072
295.128 1.105
296.172 1.044
297.198 1.026
298.164 0.966
299.05 0.886
299.881 0.831
300.749 0.868
301.694 0.945
302.769 1.075
303.872 1.103
304.808 0.936
305.708 0.9
306.692 0.984
307.73 1.038
308.802 1.072
309.827 1.025
310.879 1.052
311.968 1.089
313.06 1.092
314.15 1.09
315.193 1.043
316.238 1.045
317.211 0.973
318.19 0.979
319.223 1.033
320.31 1.087
321.389 1.079
322.363 0.974
323.237 0.874
324.153 0.916
325.19 1.037
326.337 1.147
327.49 1.153
328.601 1.111
329.661 1.06
330.673 1.012
331.586 0.913
332.444 0.858
333.245 0.801
333.997 0.752
334.737 0.74
335.489 0.752
336.41 0.921
337.52 1.11
338.591 1.071
339.588 0.997
340.509 0.921
341.474 0.965
342.479 1.005
343.505 1.026
344.492 0.987
345.457 0.965
346.342 0.885
347.158 0.816
347.982 0.824
348.879 0.897
349.887 1.008
350.912 1.025
351.857 0.945
352.817 0.96
353.818 1.001
354.842 1.024
355.751 0.909
356.657 0.906
357.64 0.983
358.624 0.984
359.523 0.899
360.446 0.923
361.446 1.0
362.497 1.051
363.526 1.029
364.515 0.989
365.492 0.977
366.445 0.953
367.379 0.934
368.257 0.878
369.192 0.935
370.225 1.033
371.3 1.075
372.321 1.021
373.246 0.925
374.222 0.976
375.228 1.006
376.279 1.051
377.322 1.043
378.267 0.945
379.208 0.941
380.197 0.989
381.228 1.031
382.263 1.035
383.211 0.948
384.134 0.923
385.103 0.969
386.134 1.031
387.15 1.016
388.075 0.925
389.114 1.039
390.219 1.105
391.306 1.087
392.361 1.055
393.348 0.987
394.194 0.846
394.989 0.795
395.79 0.801
396.642 0.852
397.579 0.937
398.503 0.924
399.375 0.872
400.343 0.968
401.314 0.971
402.256 0.942
403.123 0.867
403.986 0.863
404.876 0.89
405.82 0.944
406.821 1.001
407.723 0.902
408.657 0.934
409.65 0.993
410.685 1.035
411.728 1.043
412.677 0.949
413.606 0.929
414.564 0.958
415.575 1.011
416.606 1.031
417.593 0.987
418.486 0.893
419.376 0.89
420.329 0.953
421.358 1.029
422.388 1.03
423.327 0.939
424.294 0.967
425.274 0.98
426.256 0.982
427.215 0.959
428.108 0.893
429.098 0.99
430.108 1.01
431.135 1.027
432.072 0.937
432.989 0.917
433.87 0.881
434.7 0.83
435.569 0.869
436.449 0.88
437.464 1.015
438.57 1.106
439.642 1.072
440.633 0.991
441.58 0.947
442.569 0.989
443.603 1.034
444.63 1.027
445.667 1.037
446.677 1.01
447.597 0.92
448.456 0.859
449.333 0.877
450.325 0.992
451.438 1.113
452.516 1.078
453.505 0.989
454.497 0.992
455.487 0.99
456.473 0.986
457.411 0.938
458.312 0.901
459.237 0.925
460.111 0.874
460.935 0.824
461.721 0.786
462.558 0.837
463.458 0.9
464.368 0.91
465.303 0.935
466.208 0.905
467.042 0.834
467.86 0.818
468.733 0.873
469.733 1.0
470.792 1.059
471.765 0.973
472.688 0.923
473.674 0.986
474.744 1.07
475.809 1.065
476.787 0.978
477.779 0.992
478.735 0.956
479.62 0.885
480.438 0.818
481.262 0.824
482.134 0.872
483.147 1.013
484.163 1.016
485.137 0.974
486.054 0.917
486.957 0.903
487.927 0.97
488.956 1.029
489.953 0.997
490.902 0.949
491.874 0.972
492.897 1.023
493.881 0.984
494.764 0.883
495.703 0.939
496.724 1.021
497.779 1.055
498.747 0.968
499.703 0.956
500.705 1.002
501.704 0.999
502.687 0.983
503.67 0.983
504.577 0.907
505.41 0.833
506.251 0.841
507.153 0.902
508.146 0.993
509.124 0.978
510.046 0.922
511.026 0.98
512.068 1.042
513.123 1.055
514.108 0.985
514.989 0.881
515.813 0.824
516.652 0.839
517.57 0.918
518.605 1.035
519.662 1.057
520.669 1.007
521.656 0.987
522.672 1.016
523.696 1.024
524.712 1.016
525.68 0.968
526.585 0.905
527.475 0.89
528.366 0.891
529.283 0.917
530.174 0.891
531.069 0.895
532.004 0.935
533.082 1.078
534.225 1.143
535.314 1.089
536.324 1.01
537.239 0.915
538.163 0.924
539.072 0.909
539.952 0.88
540.798 0.846
541.609 0.811
542.511 0.902
543.567 1.056
544.697 1.13
545.751 1.054
546.705 0.954
547.668 0.963
548.632 0.964
549.573 0.941
550.42 0.847
551.224 0.804
551.994 0.77
552.739 0.745
553.48 0.741
554.253 0.773
555.13 0.877
556.118 0.988
557.118 1.0
558.023 0.905
558.986 0.963
559.961 0.975
560.92 0.959
561.791 0.871
562.656 0.865
563.539 0.883
564.452 0.913
565.412 0.96
566.317 0.905
567.183 0.866
568.041 0.858
568.904 0.863
569.731 0.827
570.549 0.818
571.434 0.885
572.414 0.98
573.502 1.088
574.587 1.085
575.614 1.027
576.613 0.999
577.573 0.96
578.506 0.933
579.366 0.86
580.176 0.81
580.999 0.823
581.886 0.887
582.782 0.896
583.719 0.937
584.642 0.923
585.523 0.881
586.425 0.902
587.39 0.965
588.471 1.081
589.547 1.076
590.449 0.902
591.3 0.851
592.198 0.898
593.112 0.914
594.001 0.889
594.785 0.784
595.555 0.77
596.285 0.73
596.984 0.699
597.726 0.742
598.605 0.879
599.518 0.913
600.368 0.85