0.000 0.904
0.904 0.904
1.732 0.828
2.604 0.872
3.476 0.872
4.455 0.979
5.389 0.934
6.268 0.879
7.13 0.862
7.944 0.814
8.865 0.921
9.789 0.924
10.635 0.846
11.521 0.886
12.506 0.985
13.446 0.94
14.383 0.937
15.366 0.983
16.389 1.023
17.32 0.931
18.303 0.983
19.258 0.955
20.134 0.876
20.944 0.81
21.802 0.858
22.617 0.815
23.471 0.854
24.295 0.824
25.243 0.948
26.263 1.02
27.29 1.027
28.298 1.008
29.213 0.915
30.15 0.937
31.078 0.928
32.078 1.0
33.048 0.97
34.015 0.967
34.954 0.939
35.877 0.923
36.972 1.095
38.04 1.068
39.095 1.055
40.051 0.956
41.006 0.955
42.045 1.039
43.099 1.054
44.062 0.963
44.959 0.897
45.876 0.917
46.806 0.93
47.694 0.888
48.699 1.005
49.686 0.987
50.605 0.919
51.41 0.805
52.193 0.783
52.951 0.758
53.93 0.979
55.013 1.083
55.969 0.956
56.967 0.998
58.006 1.039
58.989 0.983
60.013 1.024
60.983 0.97
61.897 0.914
62.802 0.905
63.723 0.921
64.704 0.981
65.631 0.927
66.535 0.904
67.455 0.92
67.716 0.261
68.325 0.609
69.254 0.929
70.196 0.942
71.134 0.938
71.999 0.865
72.835 0.836
73.684 0.849
74.494 0.81
75.308 0.814
76.084 0.776
76.793 0.709
77.526 0.733
78.275 0.749
79.02 0.745
79.818 0.798
80.687 0.869
81.568 0.881
82.387 0.819
83.328 0.941
84.245 0.917
85.131 0.886
86.001 0.87
86.929 0.928
87.91 0.981
88.874 0.964
89.773 0.899
90.737 0.964
91.758 1.021
92.704 0.946
93.635 0.931
94.551 0.916
95.524 0.973
96.618 1.094
97.651 1.033
98.65 0.999
99.65 1.0
100.683 1.033
101.711 1.028
102.685 0.974
103.649 0.964
104.564 0.915
105.512 0.948
106.563 1.051
107.615 1.052
108.575 0.96
109.502 0.927
110.433 0.931
111.485 1.052
112.501 1.016
113.492 0.991
114.415 0.923
115.418 1.003
116.524 1.106
117.556 1.032
118.518 0.962
119.508 0.99
120.542 1.034
121.567 1.025
122.501 0.934
123.472 0.971
124.574 1.102
125.672 1.098
126.699 1.027
127.642 0.943
128.632 0.99
129.651 1.019
130.698 1.047
131.687 0.989
132.029 0.342
132.676 0.647
133.72 1.044
134.768 1.048
135.787 1.019
136.761 0.974
137.76 0.999
138.826 1.066
139.92 1.094
140.966 1.046
141.951 0.985
142.976 1.025
144.019 1.043
145.072 1.053
145.798 0.726
146.135 0.337
147.09 0.955
148.103 1.013
149.168 1.065
150.174 1.006
151.131 0.957
152.138 1.007
153.166 1.028
154.242 1.076
155.225 0.983
156.18 0.955
157.183 1.003
158.209 1.026
159.254 1.045
160.247 0.993
161.231 0.984
162.2 0.969
163.196 0.996
164.194 0.998
165.185 0.991
166.087 0.902
166.996 0.909
167.949 0.953
168.973 1.024
169.983 1.01
170.96 0.977
171.905 0.945
172.863 0.958
173.843 0.98
174.825 0.982
175.782 0.957
176.606 0.824
177.396 0.79
178.141 0.745
178.96 0.819
179.74 0.78
180.488 0.748
181.215 0.727
181.929 0.714
182.646 0.717
183.397 0.751
184.149 0.752
184.983 0.834
185.875 0.892
186.754 0.879
187.607 0.853
188.461 0.854
189.32 0.859
190.227 0.907
191.182 0.955
192.157 0.975
193.092 0.935
194.023 0.931
194.988 0.965
196.051 1.063
197.151 1.1
198.172 1.021
199.092 0.92
200.025 0.933
201.033 1.008
202.062 1.029
203.048 0.986
204.001 0.953
205.025 1.024
206.089 1.064
207.131 1.042
208.08 0.949
208.98 0.9
209.921 0.941
210.889 0.968
211.885 0.996
212.831 0.946
213.84 1.009
214.907 1.067
215.941 1.034
216.9 0.959
217.836 0.936
218.791 0.955
219.736 0.945
220.649 0.913
221.542 0.893
222.488 0.946
223.574 1.086
224.615 1.041
225.588 0.973
226.528 0.94
227.492 0.964
228.545 1.053
229.589 1.044
230.61 1.021
231.57 0.96
232.542 0.972
233.625 1.083
234.715 1.09
235.742 1.027
236.714 0.972
237.706 0.992
238.756 1.05
239.777 1.021
240.73 0.953
241.669 0.939
242.662 0.993
243.794 1.132
244.871 1.077
245.85 0.979
246.87 1.02
247.933 1.063
248.979 1.046
249.98 1.001
250.92 0.94
251.901 0.981
252.942 1.041
253.94 0.998
254.927 0.987
256.004 1.077
257.091 1.087
258.155 1.064
259.188 1.033
260.248 1.06
261.275 1.027
262.246 0.971
263.197 0.951
264.152 0.955
265.189 1.037
266.238 1.049
267.193 0.955
268.179 0.986
269.248 1.069
270.294 1.046
271.271 0.977
272.249 0.978
273.258 1.009
274.3 1.042
275.325 1.025
276.25 0.925
277.18 0.93
278.186 1.006
279.267 1.081
280.307 1.04
281.265 0.958
282.218 0.953
283.207 0.989
284.265 1.058
285.339 1.074
286.318 0.979
287.3 0.982
288.35 1.05
289.401 1.051
290.351 0.95
291.304 0.953
292.329 1.025
293.411 1.082
294.385 0.974
295.375 0.99
296.454 1.079
297.507 1.053
298.503 0.996
299.47 0.967
300.499 1.029
301.56 1.061
302.526 0.966
303.466 0.94
304.516 1.05
305.582 1.066
306.602 1.02
307.552 0.95
308.509 0.957
309.508 0.999
310.453 0.945
311.353 0.9
312.3 0.947
313.345 1.045
314.313 0.968
315.328 1.015
316.294 0.966
317.165 0.871
317.994 0.829
318.858 0.864
319.728 0.87
320.579 0.851
321.479 0.9
322.419 0.94
323.28 0.861
324.12 0.84
324.974 0.854
325.9 0.926
326.897 0.997
327.875 0.978
328.861 0.986
329.785 0.924
330.706 0.921
331.621 0.915
332.507 0.886
333.393 0.886
334.325 0.932
335.298 0.973
336.216 0.918
337.116 0.9
338.073 0.957
339.065 0.992
340.02 0.955
340.966 0.946
341.87 0.904
342.777 0.907
343.745 0.968
344.754 1.009
345.769 1.015
346.732 0.963
347.682 0.95
348.614 0.932
349.55 0.936
350.562 1.012
351.592 1.03
352.607 1.015
353.519 0.912
354.406 0.887
355.31 0.904
356.423 1.113
357.588 1.165
358.737 1.149
359.811 1.074
360.872 1.061
361.864 0.992
362.784 0.92
363.666 0.882
364.646 0.98
365.661 1.015
366.717 1.056
367.757 1.04
368.712 0.955
369.665 0.953
370.68 1.015
371.64 0.96
372.545 0.905
373.428 0.883
374.4 0.972
375.46 1.06
376.458 0.998
377.433 0.975
378.448 1.015
379.475 1.027
380.477 1.002
381.376 0.899
382.273 0.897
383.4 1.127
384.512 1.112
385.555 1.043
386.516 0.961
387.42 0.904
388.304 0.884
389.295 0.991
390.365 1.07
391.425 1.06
392.375 0.95
393.397 1.022
394.439 1.042
395.433 0.994
396.32 0.887
397.164 0.844
398.1 0.936
399.158 1.058
400.253 1.095
401.275 1.022
402.269 0.994
403.311 1.042
404.309 0.998
405.284 0.975
406.153 0.869
407.014 0.861
407.828 0.814
408.751 0.923
409.681 0.93
410.58 0.899
411.428 0.848
412.315 0.887
413.227 0.912
414.164 0.937
415.073 0.909
415.914 0.841
416.76 0.846
417.616 0.856
418.635 1.019
419.686 1.051
420.693 1.007
421.639 0.946
422.602 0.963
423.546 0.944
424.46 0.914
425.325 0.865
426.202 0.877
427.094 0.892
428.024 0.93
429.009 0.985
429.939 0.93
430.777 0.838
431.587 0.81
432.375 0.788
433.253 0.878
434.167 0.914
435.087 0.92
435.931 0.844
436.73 0.799
437.505 0.775
438.285 0.78
439.146 0.861
440.043 0.897
441.005 0.962
441.956 0.951
442.874 0.918
443.824 0.95
444.844 1.02
445.878 1.034
446.88 1.002
447.825 0.945
448.759 0.934
449.729 0.97
450.785 1.056
451.829 1.044
452.855 1.026
453.809 0.954
454.776 0.967
455.79 1.014
456.831 1.041
457.855 1.024
458.835 0.98
459.809 0.974
460.797 0.988
461.832 1.035
462.854 1.022
463.828 0.974
464.852 1.024
465.918 1.066
466.964 1.046
467.989 1.025
468.965 0.976
469.911 0.946
470.897 0.986
471.922 1.025
472.957 1.035
473.92 0.963
474.919 0.999
475.983 1.064
477.076 1.093
478.136 1.06
479.13 0.994
480.14 1.01
481.202 1.062
482.282 1.08
483.31 1.028
484.305 0.995
485.312 1.007
486.281 0.969
487.19 0.909
488.119 0.929
488.982 0.863
489.906 0.924
490.976 1.07
492.051 1.075
493.104 1.053
494.09 0.986
495.059 0.969
496.022 0.963
496.978 0.956
497.905 0.927
498.791 0.886
499.699 0.908
500.707 1.008
501.721 1.014
502.76 1.039
503.758 0.998
504.715 0.957
505.686 0.971
506.677 0.991
507.7 1.023
508.689 0.989
509.636 0.947
510.539 0.903
511.46 0.921
512.395 0.935
513.382 0.987
514.341 0.959
515.247 0.906
516.159 0.912
517.075 0.916
518.128 1.053
519.132 1.004
520.105 0.973
521.017 0.912
521.921 0.904
522.957 1.036
523.987 1.03
524.998 1.011
525.948 0.95
526.884 0.936
527.885 1.001
528.901 1.016
529.855 0.954
530.756 0.901
531.65 0.894
532.599 0.949
533.629 1.03
534.608 0.979
535.533 0.925
536.462 0.929
537.322 0.86
538.152 0.83
538.991 0.839
539.791 0.8
540.552 0.761
541.334 0.782
542.184 0.85
543.065 0.881
543.99 0.925
544.967 0.977
545.971 1.004
546.938 0.967
547.91 0.972
548.884 0.974
549.846 0.962
550.79 0.944
551.774 0.984
552.791 1.017
553.856 1.065
554.857 1.001
555.856 0.999
556.855 0.999
557.798 0.943
558.697 0.899
559.611 0.914
560.601 0.99
561.66 1.059
562.739 1.079
563.782 1.043
564.758 0.976
565.708 0.95
566.655 0.947
567.568 0.913
568.445 0.877
569.264 0.819
570.109 0.845
570.96 0.851
571.94 0.98
572.995 1.055
574.052 1.057
575.08 1.028
575.978 0.898
576.871 0.893
577.762 0.891
578.705 0.943
579.625 0.92
580.522 0.897
581.412 0.89
582.357 0.945
583.358 1.001
584.31 0.952
585.171 0.861
585.928 0.757
586.669 0.741
587.406 0.737
588.146 0.74
588.882 0.736
589.654 0.772
590.476 0.822
591.315 0.839
592.114 0.799
592.884 0.77
593.617 0.733
594.328 0.711
595.055 0.727
595.803 0.748
596.557 0.754
597.359 0.802
598.169 0.81
599.018 0.849
599.882 0.864