0.000 1.002
1.002 1.002
2.014 1.012
2.99 0.976
4.001 1.011
4.977 0.976
5.806 0.829
6.704 0.898
7.587 0.883
8.436 0.849
9.281 0.845
10.32 1.039
11.347 1.027
12.346 0.999
13.252 0.906
14.297 1.045
15.357 1.06
16.282 0.925
17.164 0.882
18.071 0.907
18.993 0.922
19.821 0.828
20.572 0.751
21.328 0.756
22.437 1.109
23.363 0.926
24.213 0.85
25.19 0.977
26.067 0.877
26.925 0.858
28.053 1.128
29.105 1.052
30.025 0.92
31.076 1.051
32.133 1.057
33.172 1.039
34.16 0.988
35.158 0.998
36.137 0.979
37.008 0.871
37.85 0.842
38.923 1.073
40.106 1.183
41.161 1.055
42.228 1.067
43.316 1.088
44.334 1.018
45.414 1.08
46.495 1.081
47.521 1.026
48.44 0.919
49.467 1.027
50.494 1.027
51.553 1.059
52.625 1.072
53.625 1.0
54.635 1.01
55.599 0.964
56.621 1.022
57.618 0.997
58.607 0.989
59.491 0.884
60.403 0.912
61.257 0.854
62.087 0.83
63.087 1.0
64.11 1.023
65.062 0.952
65.985 0.923
66.964 0.979
67.933 0.969
68.906 0.973
69.861 0.955
70.873 1.012
71.835 0.962
72.728 0.893
73.686 0.958
74.735 1.049
75.691 0.956
76.603 0.912
77.681 1.078
78.789 1.108
79.763 0.974
80.757 0.994
81.908 1.151
83.025 1.117
84.072 1.047
85.112 1.04
86.237 1.125
87.198 0.961
88.221 1.023
89.33 1.109
90.327 0.997
91.329 1.002
92.294 0.965
93.263 0.969
94.252 0.989
95.135 0.883
96.169 1.034
97.084 0.915
97.983 0.899
99.141 1.158
100.224 1.083
101.236 1.012
102.088 0.852
102.993 0.905
104.002 1.009
105.013 1.011
105.92 0.907
106.966 1.046
108.123 1.157
109.257 1.134
110.296 1.039
111.253 0.957
112.386 1.133
113.504 1.118
114.552 1.048
115.682 1.13
116.785 1.103
117.844 1.059
118.958 1.114
120.121 1.163
121.239 1.118
122.301 1.062
123.41 1.109
124.477 1.067
125.455 0.978
126.389 0.934
127.27 0.881
128.172 0.902
129.163 0.991
130.098 0.935
131.053 0.955
132.06 1.007
132.979 0.919
133.944 0.965
134.912 0.968
135.846 0.934
136.764 0.918
137.679 0.915
138.568 0.889
139.415 0.847
140.242 0.827
141.063 0.821
141.823 0.76
142.593 0.77
143.325 0.732
144.352 1.027
145.317 0.965
146.19 0.873
147.021 0.831
147.921 0.9
148.774 0.853
149.59 0.816
150.444 0.854
151.444 1.0
152.316 0.872
153.271 0.955
154.158 0.887
155.093 0.935
156.093 1.0
157.086 0.993
157.992 0.906
158.855 0.863
159.736 0.881
160.709 0.973
161.632 0.923
162.559 0.927
163.537 0.978
164.659 1.122
165.701 1.042
166.692 0.991
167.643 0.951
168.792 1.149
169.944 1.152
171.006 1.062
172.042 1.036
173.098 1.056
174.162 1.064
175.18 1.018
176.196 1.016
177.358 1.162
178.497 1.139
179.555 1.058
180.63 1.075
181.678 1.048
182.687 1.009
183.648 0.961
184.582 0.934
185.657 1.075
186.811 1.154
187.899 1.088
188.882 0.983
189.914 1.032
190.958 1.044
191.911 0.953
192.803 0.892
193.86 1.057
194.985 1.125
196.037 1.052
196.98 0.943
197.86 0.88
198.91 1.05
199.998 1.088
200.992 0.994
202.059 1.067
203.122 1.063
204.092 0.97
205.162 1.07
206.301 1.139
207.358 1.057
208.352 0.994
209.444 1.092
210.624 1.18
211.775 1.151
212.85 1.075
213.929 1.079
215.048 1.119
216.085 1.037
217.075 0.99
218.055 0.98
219.167 1.112
220.158 0.991
221.082 0.924
222.03 0.948
222.939 0.909
224.024 1.085
225.256 1.232
226.389 1.133
227.428 1.039
228.352 0.924
229.304 0.952
230.152 0.848
230.915 0.763
231.963 1.048
232.865 0.902
233.899 1.034
234.945 1.046
235.932 0.987
236.939 1.007
237.883 0.944
238.858 0.975
239.769 0.911
240.751 0.982
241.71 0.959
242.621 0.911
243.524 0.903
244.541 1.017
245.566 1.025
246.488 0.922
247.502 1.014
248.474 0.972
249.396 0.922
250.356 0.96
251.305 0.949
252.233 0.928
253.151 0.918
254.067 0.916
255.026 0.959
255.996 0.97
256.931 0.935
257.814 0.883
258.687 0.873
259.637 0.95
260.5 0.863
261.362 0.862
262.29 0.928
263.138 0.848
264.131 0.993
265.052 0.921
265.973 0.921
266.821 0.848
267.688 0.867
268.731 1.043
269.842 1.111
270.925 1.083
271.926 1.001
272.888 0.962
273.936 1.048
275.004 1.068
276.081 1.077
277.061 0.98
278.113 1.052
279.214 1.101
280.326 1.112
281.366 1.04
282.359 0.993
283.38 1.021
284.377 0.997
285.334 0.957
286.268 0.934
287.308 1.04
288.47 1.162
289.508 1.038
290.447 0.939
291.412 0.965
292.353 0.941
293.297 0.944
294.143 0.846
294.979 0.836
295.756 0.777
296.914 1.158
297.999 1.085
299.024 1.025
299.875 0.851
300.617 0.742
301.296 0.679
302.042 0.746
302.864 0.822
303.763 0.899
304.684 0.921
305.704 1.02
306.721 1.017
307.714 0.993
308.677 0.963
309.581 0.904
310.537 0.956
311.566 1.029
312.697 1.131
313.728 1.031
314.845 1.117
316.007 1.162
317.075 1.068
318.162 1.087
319.231 1.069
320.181 0.95
321.153 0.972
322.122 0.969
323.003 0.881
324.057 1.054
325.142 1.085
326.211 1.069
327.216 1.005
328.215 0.999
329.209 0.994
330.208 0.999
331.157 0.949
332.076 0.919
333.114 1.038
334.217 1.103
335.348 1.131
336.415 1.067
337.412 0.997
338.466 1.054
339.538 1.072
340.6 1.062
341.619 1.019
342.659 1.04
343.745 1.086
344.841 1.096
345.858 1.017
346.837 0.979
347.917 1.08
348.978 1.061
349.983 1.005
350.92 0.937
351.898 0.978
352.95 1.052
353.989 1.039
354.962 0.973
355.861 0.899
356.862 1.001
357.981 1.119
358.999 1.018
359.909 0.91
360.864 0.955
361.854 0.99
362.732 0.878
363.56 0.828
364.388 0.828
365.302 0.914
366.227 0.925
367.102 0.875
367.992 0.89
368.911 0.919
370.027 1.116
371.104 1.077
372.049 0.945
372.902 0.853
373.764 0.862
374.671 0.907
375.577 0.906
376.426 0.849
377.295 0.869
378.151 0.856
379.025 0.874
379.839 0.814
380.698 0.859
381.499 0.801
382.269 0.77
383.011 0.742
383.748 0.737
384.438 0.69
385.375 0.937
386.284 0.909
387.139 0.855
388.018 0.879
388.851 0.833
389.733 0.882
390.664 0.931
391.524 0.86
392.376 0.852
393.24 0.864
394.153 0.913
395.087 0.934
396.045 0.958
396.957 0.912
397.813 0.856
398.681 0.868
399.681 1.0
400.743 1.062
401.757 1.014
402.671 0.914
403.632 0.961
404.669 1.037
405.718 1.049
406.695 0.977
407.575 0.88
408.57 0.995
409.545 0.975
410.539 0.994
411.412 0.873
412.256 0.844
413.215 0.959
414.259 1.044
415.307 1.048
416.226 0.919
417.105 0.879
418.118 1.013
419.111 0.993
420.104 0.993
420.99 0.886
421.941 0.951
423.182 1.241
424.341 1.159
425.349 1.008
426.285 0.936
427.367 1.082
428.483 1.116
429.524 1.041
430.524 1.0
431.529 1.005
432.564 1.035
433.557 0.993
434.503 0.946
435.474 0.971
436.697 1.223
437.867 1.17
438.9 1.033
439.843 0.943
440.885 1.042
441.929 1.044
442.981 1.052
444.011 1.03
444.934 0.923
445.955 1.021
446.952 0.997
448.0 1.048
448.94 0.94
449.876 0.936
450.937 1.061
451.985 1.048
452.926 0.941
453.862 0.936
454.904 1.042
455.94 1.036
456.898 0.958
457.844 0.946
459.004 1.16
460.119 1.115
461.145 1.026
462.137 0.992
463.22 1.083
464.25 1.03
465.209 0.959
466.224 1.015
467.413 1.189
468.533 1.12
469.533 1.0
470.54 1.007
471.624 1.084
472.683 1.059
473.662 0.979
474.591 0.929
475.64 1.049
476.703 1.063
477.791 1.088
478.76 0.969
479.774 1.014
480.853 1.079
481.902 1.049
482.821 0.919
483.747 0.926
484.72 0.973
485.674 0.954
486.57 0.896
487.436 0.866
488.378 0.942
489.468 1.09
490.465 0.997
491.308 0.843
492.141 0.833
493.048 0.907
494.046 0.998
494.986 0.94
495.916 0.93
496.912 0.996
497.961 1.049
498.962 1.001
499.858 0.896
500.732 0.874
501.746 1.014
502.82 1.074
503.92 1.1
504.934 1.014
505.886 0.952
506.883 0.997
507.882 0.999
508.877 0.995
509.763 0.886
510.675 0.912
511.727 1.052
512.954 1.227
514.087 1.133
515.114 1.027
516.054 0.94
517.024 0.97
517.935 0.911
518.767 0.832
519.564 0.797
520.365 0.801
521.486 1.121
522.794 1.308
523.986 1.192
525.073 1.087
526.033 0.96
527.02 0.987
528.021 1.001
528.975 0.954
529.854 0.879
530.733 0.879
531.767 1.034
532.856 1.089
533.91 1.054
534.864 0.954
535.808 0.944
536.849 1.041
537.853 1.004
538.862 1.009
539.808 0.946
540.717 0.909
541.697 0.98
542.806 1.109
543.856 1.05
544.792 0.936
545.728 0.936
546.718 0.99
547.733 1.015
548.667 0.934
549.549 0.882
550.442 0.893
551.47 1.028
552.504 1.034
553.4 0.896
554.333 0.933
555.287 0.954
556.301 1.014
557.194 0.893
558.122 0.928
558.977 0.855
559.866 0.889
560.71 0.844
561.629 0.919
562.58 0.951
563.473 0.893
564.296 0.823
565.085 0.789
565.856 0.771
566.832 0.976
567.709 0.877
568.561 0.852
569.361 0.8
570.208 0.847
571.078 0.87
571.977 0.899
572.813 0.836
573.623 0.81
574.431 0.808
575.305 0.874
576.234 0.929
577.156 0.922
578.009 0.853
578.837 0.828
579.689 0.852
580.594 0.905
581.495 0.901
582.368 0.873
583.2 0.832
584.039 0.839
584.889 0.85
586.015 1.126
587.125 1.11
588.192 1.067
589.128 0.936
589.983 0.855
590.845 0.862
591.739 0.894
592.667 0.928
593.639 0.972
594.494 0.855
595.38 0.886
596.305 0.925
597.339 1.034
598.412 1.073
599.383 0.971
600.249 0.866
601.103 0.854
601.968 0.865