0.000 0.719
0.719 0.719
1.512 0.793
2.345 0.833
3.165 0.82
3.927 0.762
4.747 0.82
5.509 0.762
6.281 0.772
7.12 0.839
8.009 0.889
8.894 0.885
9.741 0.847
10.505 0.764
11.212 0.707
11.876 0.664
12.52 0.644
13.168 0.648
13.856 0.688
14.669 0.813
15.621 0.952
16.588 0.967
17.513 0.925
18.392 0.879
19.286 0.894
20.187 0.901
21.087 0.9
21.945 0.858
22.721 0.776
23.493 0.772
24.302 0.809
25.154 0.852
26.059 0.905
26.953 0.894
27.778 0.825
28.647 0.869
29.55 0.903
30.468 0.918
31.322 0.854
32.178 0.856
33.042 0.864
33.906 0.864
34.721 0.815
35.513 0.792
36.303 0.79
37.102 0.799
37.861 0.759
38.576 0.715
39.299 0.723
40.053 0.754
40.946 0.893
41.874 0.928
42.744 0.87
43.642 0.898
44.587 0.945
45.54 0.953
46.429 0.889
47.29 0.861
48.164 0.874
49.048 0.884
49.936 0.888
50.77 0.834
51.621 0.851
52.52 0.899
53.463 0.943
54.365 0.902
55.271 0.906
56.19 0.919
57.132 0.942
58.049 0.917
58.951 0.902
59.884 0.933
60.824 0.94
61.73 0.906
62.631 0.901
63.568 0.937
64.535 0.967
65.5 0.965
66.419 0.919
67.362 0.943
68.283 0.921
69.173 0.89
70.012 0.839
70.821 0.809
71.664 0.843
72.582 0.918
73.56 0.978
74.494 0.934
75.43 0.936
76.379 0.949
77.308 0.929
78.217 0.909
79.075 0.858
79.918 0.843
80.786 0.868
81.703 0.917
82.601 0.898
83.432 0.831
84.305 0.873
85.207 0.902
86.13 0.923
87.009 0.879
87.819 0.81
88.606 0.787
89.324 0.718
90.022 0.698
90.753 0.731
91.506 0.753
92.238 0.732
92.989 0.751
93.828 0.839
94.727 0.899
95.656 0.929
96.552 0.896
97.373 0.821
98.231 0.858
99.093 0.862
99.964 0.871
100.834 0.87
101.66 0.826
102.513 0.853
103.389 0.876
104.313 0.924
105.249 0.936
106.172 0.923
107.119 0.947
108.057 0.938
108.973 0.916
109.826 0.853
110.703 0.877
111.6 0.897
112.527 0.927
113.457 0.93
114.317 0.86
115.194 0.877
116.107 0.913
117.048 0.941
117.991 0.943
118.894 0.903
119.76 0.866
120.632 0.872
121.512 0.88
122.391 0.879
123.239 0.848
124.088 0.849
124.96 0.872
125.855 0.895
126.755 0.9
127.613 0.858
128.439 0.826
129.293 0.854
130.175 0.882
131.096 0.921
131.994 0.898
132.881 0.887
133.786 0.905
134.689 0.903
135.546 0.857
136.382 0.836
137.216 0.834
138.091 0.875
138.983 0.892
139.868 0.885
140.79 0.922
141.718 0.928
142.601 0.883
143.436 0.835
144.256 0.82
145.077 0.821
145.895 0.818
146.7 0.805
147.565 0.865
148.493 0.928
149.393 0.9
150.296 0.903
151.222 0.926
152.15 0.928
153.014 0.864
153.877 0.863
154.738 0.861
155.585 0.847
156.376 0.791
157.174 0.798
157.979 0.805
158.77 0.791
159.559 0.789
160.296 0.737
161.055 0.759
161.882 0.827
162.794 0.912
163.616 0.822
164.374 0.758
165.16 0.786
165.989 0.829
166.829 0.84
167.649 0.82
168.417 0.768
169.151 0.734
169.901 0.75
170.674 0.773
171.499 0.825
172.353 0.854
173.195 0.842
174.033 0.838
174.913 0.88
175.813 0.9
176.701 0.888
177.574 0.873
178.358 0.784
179.142 0.784
179.962 0.82
180.845 0.883
181.759 0.914
182.64 0.881
183.479 0.839
184.236 0.757
184.987 0.751
185.77 0.783
186.585 0.815
187.426 0.841
188.254 0.828
189.018 0.764
189.727 0.709
190.416 0.689
191.09 0.674
191.762 0.672
192.484 0.722
193.349 0.865
194.296 0.947
195.235 0.939
196.14 0.905
196.985 0.845
197.842 0.857
198.703 0.861
199.567 0.864
200.434 0.867
201.277 0.843
202.04 0.763
202.787 0.747
203.559 0.772
204.414 0.855
205.354 0.94
206.273 0.919
207.119 0.846
207.948 0.829
208.826 0.878
209.729 0.903
210.644 0.915
211.515 0.871
212.309 0.794
213.098 0.789
213.894 0.796
214.722 0.828
215.592 0.87
216.473 0.881
217.31 0.837
218.174 0.864
219.055 0.881
219.944 0.889
220.817 0.873
221.617 0.8
222.394 0.777
223.187 0.793
224.024 0.837
224.919 0.895
225.746 0.827
226.523 0.777
227.317 0.794
228.192 0.875
229.115 0.923
230.054 0.939
230.973 0.919
231.821 0.848
232.596 0.775
233.368 0.772
234.135 0.767
234.947 0.812
235.851 0.904
236.802 0.951
237.783 0.981
238.706 0.923
239.613 0.907
240.536 0.923
241.46 0.924
242.372 0.912
243.243 0.871
244.056 0.813
244.807 0.751
245.575 0.768
246.401 0.826
247.312 0.911
248.266 0.954
249.204 0.938
250.026 0.822
250.783 0.757
251.519 0.736
252.267 0.748
253.04 0.773
253.874 0.834
254.737 0.863
255.558 0.821
256.382 0.824
257.258 0.876
258.166 0.908
259.062 0.896
259.95 0.888
260.792 0.842
261.548 0.756
262.292 0.744
263.044 0.752
263.831 0.787
264.614 0.783
265.409 0.795
266.165 0.756
266.895 0.73
267.602 0.707
268.303 0.701
269.037 0.734
269.949 0.912
270.949 1.0
271.952 1.003
272.948 0.996
273.924 0.976
274.875 0.951
275.792 0.917
276.641 0.849
277.44 0.799
278.267 0.827
279.163 0.896
280.125 0.962
281.102 0.977
282.036 0.934
282.938 0.902
283.721 0.783
284.482 0.761
285.257 0.775
286.067 0.81
286.902 0.835
287.757 0.855
288.634 0.877
289.503 0.869
290.363 0.86
291.157 0.794
291.947 0.79
292.744 0.797
293.585 0.841
294.409 0.824
295.184 0.775
295.995 0.811
296.841 0.846
297.7 0.859
298.519 0.819
299.34 0.821
300.167 0.827
300.987 0.82
301.761 0.774
302.506 0.745
303.256 0.75
304.03 0.774
304.866 0.836
305.748 0.882
306.615 0.867
307.434 0.819
308.269 0.835
309.133 0.864
309.995 0.862
310.84 0.845
311.639 0.799
312.409 0.77
313.189 0.78
314.006 0.817
314.872 0.866
315.763 0.891
316.622 0.859
317.463 0.841
318.321 0.858
319.181 0.86
320.021 0.84
320.842 0.821
321.622 0.78
322.421 0.799
323.236 0.815
324.077 0.841
324.908 0.831
325.7 0.792
326.509 0.809
327.321 0.812
328.128 0.807
328.89 0.762
329.645 0.755
330.417 0.772
331.22 0.803
332.1 0.88
332.946 0.846
333.817 0.871
334.707 0.89
335.591 0.884
336.395 0.804
337.21 0.815
338.038 0.828
338.883 0.845
339.723 0.84
340.524 0.801
341.368 0.844
342.225 0.857
343.055 0.83
343.829 0.774
344.641 0.812
345.464 0.823
346.304 0.84
347.092 0.788
347.888 0.796
348.701 0.813
349.534 0.833
350.33 0.796
351.115 0.785
351.929 0.814
352.774 0.845
353.621 0.847
354.433 0.812
355.279 0.846
356.125 0.846
356.975 0.85
357.778 0.803
358.59 0.812
359.426 0.836
360.291 0.865
361.104 0.813
361.94 0.836
362.794 0.854
363.671 0.877
364.511 0.84
365.37 0.859
366.254 0.884
367.141 0.887
367.973 0.832
368.806 0.833
369.638 0.832
370.476 0.838
371.293 0.817
372.14 0.847
373.006 0.866
373.897 0.891
374.731 0.834
375.502 0.771
376.274 0.772
377.041 0.767
377.791 0.75
378.501 0.71
379.221 0.72
379.958 0.737
380.733 0.775
381.515 0.782
382.28 0.765
383.1 0.82
383.98 0.88
384.851 0.871
385.63 0.779
386.338 0.708
387.009 0.671
387.694 0.685
388.406 0.712
389.172 0.766
389.987 0.815
390.773 0.786
391.547 0.774
392.354 0.807
393.203 0.849
394.064 0.861
394.884 0.82
395.736 0.852
396.601 0.865
397.472 0.871
398.295 0.823
399.073 0.778
399.885 0.812
400.735 0.85
401.614 0.879
402.444 0.83
403.274 0.83
404.126 0.852
404.933 0.807
405.68 0.747
406.403 0.723
407.114 0.711
407.868 0.754
408.705 0.837
409.607 0.902
410.523 0.916
411.424 0.901
412.282 0.858
413.115 0.833
413.934 0.819
414.729 0.795
415.495 0.766
416.225 0.73
416.974 0.749
417.764 0.79
418.598 0.834
419.377 0.779
420.183 0.806
421.038 0.855
421.943 0.905
422.865 0.922
423.784 0.919
424.667 0.883
425.466 0.799
426.244 0.778
427.035 0.791
427.847 0.812
428.711 0.864
429.605 0.894
430.498 0.893
431.371 0.873
432.263 0.892
433.16 0.897
434.066 0.906
434.948 0.882
435.776 0.828
436.558 0.782
437.358 0.8
438.194 0.836
439.087 0.893
439.998 0.911
440.903 0.905
441.784 0.881
442.63 0.846
443.48 0.85
444.325 0.845
445.159 0.834
445.95 0.791
446.701 0.751
447.436 0.735
448.18 0.744
448.977 0.797
449.854 0.877
450.7 0.846
451.584 0.884
452.504 0.92
453.448 0.944
454.374 0.926
455.271 0.897
456.092 0.821
456.912 0.82
457.725 0.813
458.527 0.802
459.289 0.762
460.069 0.78
460.91 0.841
461.805 0.895
462.756 0.951
463.684 0.928
464.513 0.829
465.347 0.834
466.171 0.824
467.01 0.839
467.871 0.861
468.698 0.827
469.563 0.865
470.453 0.89
471.358 0.905
472.231 0.873
473.106 0.875
473.978 0.872
474.837 0.859
475.651 0.814
476.481 0.83
477.327 0.846
478.171 0.844
478.974 0.803
479.795 0.821
480.639 0.844
481.5 0.861
482.351 0.851
483.2 0.849
484.039 0.839
484.845 0.806
485.58 0.735
486.28 0.7
486.988 0.708
487.74 0.752
488.571 0.831
489.428 0.857
490.257 0.829
491.042 0.785
491.836 0.794
492.679 0.843
493.586 0.907
494.499 0.913
495.38 0.881
496.192 0.812
496.954 0.762
497.72 0.766
498.492 0.772
499.272 0.78
500.037 0.765
500.772 0.735
501.49 0.718
502.242 0.752
503.094 0.852
504.035 0.941
505.008 0.973
505.939 0.931
506.817 0.878
507.695 0.878
508.561 0.866
509.395 0.834
510.177 0.782
510.918 0.741
511.676 0.758
512.473 0.797
513.349 0.876
514.27 0.921
515.16 0.89
516.056 0.896
516.949 0.893
517.841 0.892
518.694 0.853
519.471 0.777
520.245 0.774
521.014 0.769
521.797 0.783
522.576 0.779
523.355 0.779
524.192 0.837
525.121 0.929
526.059 0.938
526.911 0.852
527.754 0.843
528.585 0.831
529.401 0.816
530.158 0.757
530.889 0.731
531.641 0.752
532.454 0.813
533.328 0.874
534.224 0.896
535.078 0.854
535.93 0.852
536.796 0.866
537.656 0.86
538.497 0.841
539.295 0.798
540.138 0.843
541.009 0.871
541.894 0.885
542.751 0.857
543.603 0.852
544.464 0.861
545.324 0.86
546.134 0.81
546.927 0.793
547.745 0.818
548.611 0.866
549.499 0.888
550.298 0.799
551.086 0.788
551.912 0.826
552.769 0.857
553.57 0.801
554.352 0.782
555.169 0.817
556.01 0.841
556.865 0.855
557.725 0.86
558.56 0.835
559.421 0.861
560.287 0.866
561.054 0.767
561.777 0.723
562.533 0.756
563.317 0.784
564.078 0.761
564.858 0.78
565.66 0.802
566.498 0.838
567.329 0.831
568.087 0.758
568.818 0.731
569.544 0.726
570.266 0.722
570.964 0.698
571.639 0.675
572.301 0.662
572.957 0.656
573.619 0.662
574.308 0.689
575.039 0.731
575.81 0.771
576.568 0.758
577.332 0.764
578.129 0.797
578.931 0.802
579.739 0.808
580.545 0.806
581.318 0.773
582.08 0.762
582.845 0.765
583.651 0.806
584.527 0.876
585.436 0.909
586.338 0.902
587.183 0.845
588.023 0.84
588.867 0.844
589.711 0.844
590.554 0.843
591.359 0.805
592.102 0.743
592.851 0.749
593.656 0.805
594.529 0.873
595.462 0.933
596.357 0.895
597.187 0.83
598.036 0.849
598.868 0.832
599.698 0.83
600.475 0.777
601.262 0.787