0.000 0.814
0.814 0.814
1.645 0.831
2.475 0.83
3.253 0.778
4.025 0.772
4.755 0.73
5.482 0.727
6.163 0.681
6.854 0.691
7.539 0.685
8.223 0.684
8.929 0.706
9.684 0.755
10.484 0.8
11.263 0.779
12.088 0.825
12.891 0.803
13.75 0.859
14.568 0.818
15.377 0.809
16.16 0.783
16.967 0.807
17.867 0.9
18.768 0.901
19.657 0.889
20.558 0.901
21.464 0.906
22.272 0.808
23.145 0.873
23.982 0.837
24.898 0.916
25.724 0.826
26.522 0.798
27.279 0.757
28.061 0.782
28.929 0.868
29.857 0.928
30.79 0.933
31.703 0.913
32.56 0.857
33.415 0.855
34.238 0.823
35.079 0.841
35.99 0.911
36.878 0.888
38.083 1.205
39.254 1.171
40.226 0.972
41.13 0.904
42.081 0.951
43.042 0.961
44.055 1.013
45.124 1.069
46.242 1.118
47.217 0.975
48.216 0.999
49.118 0.902
50.199 1.081
51.333 1.134
52.475 1.142
53.487 1.012
54.438 0.951
55.352 0.914
56.217 0.865
57.171 0.954
58.198 1.027
59.135 0.937
60.09 0.955
60.972 0.882
61.9 0.928
62.789 0.889
63.622 0.833
64.495 0.873
65.348 0.853
66.179 0.831
67.038 0.859
67.915 0.877
68.763 0.848
69.665 0.902
70.616 0.951
71.548 0.932
72.614 1.066
73.594 0.98
74.627 1.033
75.702 1.075
76.732 1.03
77.786 1.054
78.694 0.908
79.585 0.891
80.435 0.85
81.312 0.877
82.417 1.105
83.314 0.897
84.307 0.993
85.155 0.848
85.996 0.841
86.828 0.832
87.661 0.833
88.531 0.87
89.35 0.819
90.184 0.834
90.946 0.762
91.716 0.77
92.484 0.768
93.227 0.743
94.013 0.786
94.762 0.749
95.596 0.834
96.474 0.878
97.358 0.884
98.28 0.922
99.116 0.836
99.986 0.87
100.858 0.872
101.684 0.826
102.506 0.822
103.296 0.79
104.073 0.777
104.841 0.768
105.609 0.768
106.408 0.799
107.167 0.759
107.888 0.721
108.65 0.762
109.595 0.945
110.541 0.946
111.583 1.042
112.494 0.911
113.354 0.86
114.198 0.844
115.034 0.836
116.11 1.076
117.182 1.072
118.252 1.07
119.37 1.118
120.259 0.889
121.151 0.892
121.957 0.806
122.883 0.926
124.065 1.182
125.073 1.008
126.041 0.968
126.882 0.841
127.791 0.909
128.769 0.978
129.739 0.97
130.814 1.075
131.785 0.971
132.749 0.964
133.681 0.932
134.65 0.969
135.689 1.039
136.648 0.959
137.656 1.008
138.614 0.958
139.534 0.92
140.505 0.971
141.414 0.909
142.446 1.032
143.507 1.061
144.531 1.024
145.555 1.024
146.584 1.029
147.832 1.248
148.84 1.008
149.756 0.916
150.63 0.874
151.479 0.849
152.315 0.836
153.153 0.838
153.987 0.834
154.837 0.85
156.096 1.259
157.234 1.138
158.247 1.013
159.183 0.936
160.08 0.897
160.94 0.86
161.84 0.9
162.78 0.94
163.683 0.903
164.8 1.117
165.856 1.056
166.955 1.099
168.114 1.159
169.194 1.08
170.288 1.094
171.281 0.993
172.28 0.999
173.231 0.951
174.147 0.916
175.014 0.867
176.011 0.997
177.107 1.096
178.24 1.133
179.368 1.128
180.32 0.952
181.23 0.91
182.044 0.814
182.868 0.824
183.749 0.881
184.766 1.017
185.993 1.227
187.091 1.098
188.233 1.142
189.183 0.95
190.039 0.856
190.937 0.898
191.898 0.961
192.821 0.923
193.832 1.011
194.899 1.067
195.926 1.027
196.957 1.031
197.88 0.923
198.882 1.002
199.817 0.935
200.867 1.05
201.856 0.989
202.818 0.962
203.76 0.942
204.676 0.916
205.691 1.015
206.532 0.841
207.318 0.786
208.205 0.887
209.201 0.996
210.082 0.881
211.02 0.938
211.917 0.897
212.825 0.908
213.804 0.979
214.709 0.905
215.671 0.962
216.733 1.062
217.773 1.04
218.873 1.1
219.854 0.981
220.874 1.02
221.953 1.079
223.062 1.109
224.181 1.119
225.214 1.033
226.228 1.014
227.158 0.93
228.197 1.039
229.328 1.131
230.53 1.202
231.625 1.095
232.678 1.053
233.676 0.998
234.624 0.948
235.569 0.945
236.421 0.852
237.328 0.907
238.238 0.91
239.147 0.909
240.173 1.026
241.344 1.171
242.494 1.15
243.605 1.111
244.562 0.957
245.497 0.935
246.407 0.91
247.278 0.871
248.216 0.938
249.222 1.006
250.148 0.926
251.144 0.996
252.086 0.942
253.07 0.984
254.027 0.957
254.914 0.887
255.82 0.906
256.689 0.869
257.546 0.857
258.431 0.885
259.315 0.884
260.226 0.911
261.181 0.955
262.07 0.889
262.952 0.882
263.846 0.894
264.687 0.841
265.597 0.91
266.464 0.867
267.338 0.874
268.266 0.928
269.121 0.855
269.991 0.87
270.787 0.796
271.57 0.783
272.326 0.756
273.06 0.734
273.828 0.768
274.704 0.876
275.598 0.894
276.499 0.901
277.387 0.888
278.198 0.811
279.045 0.847
279.916 0.871
280.75 0.834
281.774 1.024
282.928 1.154
284.004 1.076
285.018 1.014
285.959 0.941
286.997 1.038
287.92 0.923
288.899 0.979
289.854 0.955
290.787 0.933
291.88 1.093
292.915 1.035
294.045 1.13
295.074 1.029
296.047 0.973
297.004 0.957
297.906 0.902
298.936 1.03
299.937 1.001
300.962 1.025
302.198 1.236
303.329 1.131
304.438 1.109
305.39 0.952
306.29 0.9
307.132 0.842
307.94 0.808
308.802 0.862
309.771 0.969
310.732 0.961
311.691 0.959
312.594 0.903
313.537 0.943
314.406 0.869
315.302 0.896
316.216 0.914
317.06 0.844
317.909 0.849
318.758 0.849
319.569 0.811
320.428 0.859
321.342 0.914
322.239 0.897
323.182 0.943
324.072 0.89
324.958 0.886
325.887 0.929
326.786 0.899
327.694 0.908
328.78 1.086
329.774 0.994
330.806 1.032
331.794 0.988
332.707 0.913
333.601 0.894
334.429 0.828
335.227 0.798
335.992 0.765
336.866 0.874
338.004 1.138
339.126 1.122
340.131 1.005
341.127 0.996
342.063 0.936
342.969 0.906
343.822 0.853
344.702 0.88
345.553 0.851
346.461 0.908
347.47 1.009
348.455 0.985
349.523 1.068
350.452 0.929
351.388 0.936
352.314 0.926
353.176 0.862
354.161 0.985
355.14 0.979
356.168 1.028
357.142 0.974
358.031 0.889
359.092 1.061
360.027 0.935
361.12 1.093
362.276 1.156
363.33 1.054
364.371 1.041
365.308 0.937
366.262 0.954
367.231 0.969
368.174 0.943
369.267 1.093
370.273 1.006
371.267 0.994
372.274 1.007
373.218 0.944
374.177 0.959
375.225 1.048
376.243 1.018
377.3 1.057
378.293 0.993
379.302 1.009
380.222 0.92
381.125 0.903
382.123 0.998
383.265 1.142
384.449 1.184
385.539 1.09
386.618 1.079
387.629 1.011
388.589 0.96
389.541 0.952
390.409 0.868
391.361 0.952
392.287 0.926
393.258 0.971
394.348 1.09
395.408 1.06
396.449 1.041
397.351 0.902
398.215 0.864
399.047 0.832
399.844 0.797
400.674 0.83
401.886 1.212
403.023 1.137
404.118 1.095
405.041 0.923
405.94 0.899
406.787 0.847
407.639 0.852
408.509 0.87
409.348 0.839
410.19 0.842
411.002 0.812
411.783 0.781
412.565 0.782
413.332 0.767
414.104 0.772
414.913 0.809
415.766 0.853
416.627 0.861
417.437 0.81
418.248 0.811
419.048 0.8
419.796 0.748
420.528 0.732
421.238 0.71
421.934 0.696
422.734 0.8
423.84 1.106
425.007 1.167
426.075 1.068
427.19 1.115
428.297 1.107
429.25 0.953
430.182 0.932
431.039 0.857
431.941 0.902
432.891 0.95
433.873 0.982
435.09 1.217
436.231 1.141
437.272 1.041
438.172 0.9
439.119 0.947
440.101 0.982
441.09 0.989
442.06 0.97
442.994 0.934
443.914 0.92
444.815 0.901
445.655 0.84
446.561 0.906
447.721 1.16
448.75 1.029
449.733 0.983
450.66 0.927
451.485 0.825
452.353 0.868
453.23 0.877
454.098 0.868
455.119 1.021
456.043 0.924
457.025 0.982
458.002 0.977
458.894 0.892
459.825 0.931
460.685 0.86
461.578 0.893
462.554 0.976
463.425 0.871
464.325 0.9
465.212 0.887
466.083 0.871
466.989 0.906
467.85 0.861
468.721 0.871
469.621 0.9
470.485 0.864
471.408 0.923
472.31 0.902
473.134 0.824
473.987 0.853
474.812 0.825
475.613 0.801
476.462 0.849
477.43 0.968
478.323 0.893
479.259 0.936
480.151 0.892
481.094 0.943
481.941 0.847
482.767 0.826
483.601 0.834
484.437 0.836
485.284 0.847
486.227 0.943
487.152 0.925
488.18 1.028
489.206 1.026
490.15 0.944
491.125 0.975
492.028 0.903
492.915 0.887
493.833 0.918
494.76 0.927
495.899 1.139
496.9 1.001
497.928 1.028
498.846 0.918
499.724 0.878
500.623 0.899
501.517 0.894
502.569 1.052
503.533 0.964
504.458 0.925
505.418 0.96
506.301 0.883
507.204 0.903
508.024 0.82
508.813 0.789
509.564 0.751
510.307 0.743
511.095 0.788
511.967 0.872
512.895 0.928
513.779 0.884
514.687 0.908
515.611 0.924
516.467 0.856
517.375 0.908
518.349 0.974
519.308 0.959
520.305 0.997
521.33 1.025
522.235 0.905
523.166 0.931
524.129 0.963
525.02 0.891
525.937 0.917
526.893 0.956
527.86 0.967
528.844 0.984
529.812 0.968
530.663 0.851
531.474 0.811
532.292 0.818
533.222 0.93
534.316 1.094
535.384 1.068
536.403 1.019
537.378 0.975
538.299 0.921
539.17 0.871
540.007 0.837
540.813 0.806
541.608 0.795
542.387 0.779
543.166 0.779
543.915 0.749
544.627 0.712
545.349 0.722
546.123 0.774
547.374 1.251
548.4 1.026
549.463 1.063
550.362 0.899
551.281 0.919
552.203 0.922
553.037 0.834
553.888 0.851
554.701 0.813
555.465 0.764
556.241 0.776
557.262 1.021
558.268 1.006
559.233 0.965
560.168 0.935
561.068 0.9
561.897 0.829
562.722 0.825
563.615 0.893
564.52 0.905
565.623 1.103
566.641 1.018
567.754 1.113
568.694 0.94
569.642 0.948
570.53 0.888
571.407 0.877
572.328 0.921
573.242 0.914
574.343 1.101
575.492 1.149
576.585 1.093
577.594 1.009
578.51 0.916
579.369 0.859
580.215 0.846
581.086 0.871
582.002 0.916
582.964 0.962
584.061 1.097
585.112 1.051
586.107 0.995
587.045 0.938
587.877 0.832
588.647 0.77
589.444 0.797
590.393 0.949
591.261 0.868
592.027 0.766
592.757 0.73
593.465 0.708
594.463 0.998
595.663 1.2
596.677 1.014
597.552 0.875
598.407 0.855
599.308 0.901
600.162 0.854
600.963 0.801
601.76 0.797
602.516 0.756
603.288 0.772
604.036 0.748
604.748 0.712
605.436 0.688
606.164 0.728
606.952 0.788
607.847 0.895
608.687 0.84
609.517 0.83
610.304 0.787
611.076 0.772
611.855 0.779
612.635 0.78
613.479 0.844
614.432 0.953