0.000 0.85
0.85 0.85
1.758 0.908
2.669 0.911
3.719 1.05
4.691 0.972
5.664 0.973
6.684 1.02
7.7 1.016
8.67 0.97
9.723 1.053
10.771 1.048
11.87 1.099
13.135 1.265
14.283 1.148
15.407 1.124
16.511 1.104
17.487 0.976
18.535 1.048
19.814 1.279
21.012 1.198
21.981 0.969
22.988 1.007
24.24 1.252
25.391 1.151
26.442 1.051
27.651 1.209
28.773 1.122
29.859 1.086
30.869 1.01
31.8 0.931
32.748 0.948
33.656 0.908
34.612 0.956
35.763 1.151
36.944 1.181
38.071 1.127
39.176 1.105
40.361 1.185
41.469 1.108
42.532 1.063
43.709 1.177
44.97 1.261
46.111 1.141
47.405 1.294
48.647 1.242
49.736 1.089
50.955 1.219
52.215 1.26
53.334 1.119
54.522 1.188
55.775 1.253
56.923 1.148
58.029 1.106
59.23 1.201
60.425 1.195
61.507 1.082
62.656 1.149
63.867 1.211
65.011 1.144
66.116 1.105
67.314 1.198
68.463 1.149
69.472 1.009
70.582 1.11
71.737 1.155
72.92 1.183
73.971 1.051
75.052 1.081
76.154 1.102
77.19 1.036
78.213 1.023
79.29 1.077
80.38 1.09
81.379 0.999
82.451 1.072
83.538 1.087
84.588 1.05
85.603 1.015
86.698 1.095
87.802 1.104
88.819 1.017
89.914 1.095
91.014 1.1
92.047 1.033
93.124 1.077
94.255 1.131
95.384 1.129
96.439 1.055
97.555 1.116
98.617 1.062
99.61 0.993
100.576 0.966
101.515 0.939
102.411 0.896
103.294 0.883
104.393 1.099
105.321 0.928
106.381 1.06
107.545 1.164
108.673 1.128
109.743 1.07
110.894 1.151
112.035 1.141
113.103 1.068
114.252 1.149
115.301 1.049
116.275 0.974
117.406 1.131
118.658 1.252
119.768 1.11
121.022 1.254
122.217 1.195
123.286 1.069
124.546 1.26
125.777 1.231
126.863 1.086
128.057 1.194
129.301 1.244
130.448 1.147
131.707 1.259
132.994 1.287
134.156 1.162
135.395 1.239
136.696 1.301
137.87 1.174
139.071 1.201
140.351 1.28
141.497 1.146
142.687 1.19
143.97 1.283
145.175 1.205
146.5 1.325
147.801 1.301
148.949 1.148
150.092 1.143
151.273 1.181
152.355 1.082
153.57 1.215
154.762 1.192
155.855 1.093
157.02 1.165
158.23 1.21
159.334 1.104
160.5 1.166
161.639 1.139
162.689 1.05
163.877 1.188
165.104 1.227
166.227 1.123
167.443 1.216
168.649 1.206
169.726 1.077
170.859 1.133
172.005 1.146
173.069 1.064
174.254 1.185
175.475 1.221
176.563 1.088
177.719 1.156
178.886 1.167
179.916 1.03
181.029 1.113
182.206 1.177
183.293 1.087
184.459 1.166
185.69 1.231
186.799 1.109
188.032 1.233
189.263 1.231
190.341 1.078
191.504 1.163
192.689 1.185
193.753 1.064
194.996 1.243
196.227 1.231
197.342 1.115
198.57 1.228
199.758 1.188
200.882 1.124
202.071 1.189
203.218 1.147
204.32 1.102
205.497 1.177
206.647 1.15
207.669 1.022
208.833 1.164
209.989 1.156
211.107 1.118
212.416 1.309
213.681 1.265
214.875 1.194
216.087 1.212
217.219 1.132
218.312 1.093
219.532 1.22
220.698 1.166
221.752 1.054
222.93 1.178
224.127 1.197
225.233 1.106
226.45 1.217
227.646 1.196
228.788 1.142
230.065 1.277
231.314 1.249
232.459 1.145
233.683 1.224
234.833 1.15
235.891 1.058
237.118 1.227
238.371 1.253
239.476 1.105
240.687 1.211
241.899 1.212
242.971 1.072
244.137 1.166
245.311 1.174
246.362 1.051
247.579 1.217
248.727 1.148
249.782 1.055
250.939 1.157
252.125 1.186
253.178 1.053
254.28 1.102
255.52 1.24
256.627 1.107
257.762 1.135
258.943 1.181
260.022 1.079
261.071 1.049
262.247 1.176
263.378 1.131
264.466 1.088
265.641 1.175
266.755 1.114
267.783 1.028
268.849 1.066
269.972 1.123
271.017 1.045
272.047 1.03
273.069 1.022
274.225 1.156
275.474 1.249
276.64 1.166
277.68 1.04
278.743 1.063
279.901 1.158
281.05 1.149
282.112 1.062
283.112 1.0
284.168 1.056
285.287 1.119
286.426 1.139
287.487 1.061
288.489 1.002
289.529 1.04
290.69 1.161
291.892 1.202
292.962 1.07
294.089 1.127
295.303 1.214
296.436 1.133
297.454 1.018
298.548 1.094
299.761 1.213
300.946 1.185
302.026 1.08
303.2 1.174
304.425 1.225
305.537 1.112
306.563 1.026
307.651 1.088
308.898 1.247
310.187 1.289
311.361 1.174
312.475 1.114
313.605 1.13
314.751 1.146
315.758 1.007
316.821 1.063
318.049 1.228
319.265 1.216
320.348 1.083
321.539 1.191
322.809 1.27
324.006 1.197
325.153 1.147
326.295 1.142
327.487 1.192
328.639 1.152
329.659 1.02
330.652 0.993
331.561 0.909
332.5 0.939
333.404 0.904
334.305 0.901
335.253 0.948
336.135 0.882
336.996 0.861
337.973 0.977
339.093 1.12
340.316 1.223
341.49 1.174
342.56 1.07
343.622 1.062
344.656 1.034
345.664 1.008
346.677 1.013
347.672 0.995
348.648 0.976
349.694 1.046
350.909 1.215
352.172 1.263
353.412 1.24
354.638 1.226
355.744 1.106
356.741 0.997
357.733 0.992
358.897 1.164
360.14 1.243
361.38 1.24
362.487 1.107
363.577 1.09
364.774 1.197
365.967 1.193
367.135 1.168
368.161 1.026
369.109 0.948
370.043 0.934
371.068 1.025
372.307 1.239
373.574 1.267
374.722 1.148
375.735 1.013
376.787 1.052
377.908 1.121
379.104 1.196
380.208 1.104
381.351 1.143
382.494 1.143
383.645 1.151
384.699 1.054
385.763 1.064
386.919 1.156
388.072 1.153
389.192 1.12
390.397 1.205
391.572 1.175
392.657 1.085
393.782 1.125
394.949 1.167
396.094 1.145
397.207 1.113
398.363 1.156
399.537 1.174
400.645 1.108
401.795 1.15
402.956 1.161
404.101 1.145
405.199 1.098
406.355 1.156
407.545 1.19
408.66 1.115
409.849 1.189
411.091 1.242
412.301 1.21
413.405 1.104
414.467 1.062
415.576 1.109
416.725 1.149
417.776 1.051
418.838 1.062
419.935 1.097
421.107 1.172
422.252 1.145
423.315 1.063
424.423 1.108
425.577 1.154
426.735 1.158
427.804 1.069
428.819 1.015
429.886 1.067
431.034 1.148
432.192 1.158
433.193 1.001
434.157 0.964
435.008 0.851
435.836 0.828
436.645 0.809
437.533 0.888
438.465 0.932
439.353 0.888
440.184 0.831
441.003 0.819
441.89 0.887
442.884 0.994
443.972 1.088
445.043 1.071
446.056 1.013
447.01 0.954
447.998 0.988
449.074 1.076
450.177 1.103
451.188 1.011
452.263 1.075
453.388 1.125
454.51 1.122
455.499 0.989
456.495 0.996
457.537 1.042
458.694 1.157
459.785 1.091
460.807 1.022
461.893 1.086
463.076 1.183
464.224 1.148
465.267 1.043
466.289 1.022
467.413 1.124
468.645 1.232
469.8 1.155
470.855 1.055
471.894 1.039
473.036 1.142
474.267 1.231
475.483 1.216
476.648 1.165
477.792 1.144
478.839 1.047
479.878 1.039
487.184 1.19
488.383 1.199
489.53 1.147
490.638 1.108
491.769 1.131
492.911 1.142
494.042 1.131
495.164 1.122
496.2 1.036
497.147 0.947
498.067 0.92
499.109 1.042
500.388 1.279
501.63 1.242
502.764 1.134
503.839 1.075
504.976 1.137
506.161 1.185
507.328 1.167
508.427 1.099
509.529 1.102
510.658 1.129
511.782 1.124
512.869 1.087
513.976 1.107
515.14 1.164
516.309 1.169
517.426 1.117
518.487 1.061
519.587 1.1
520.746 1.159
521.885 1.139
522.948 1.063
524.091 1.143
525.255 1.164
526.394 1.139
527.46 1.066
528.564 1.104
529.609 1.045
530.589 0.98
531.458 0.869
532.262 0.804
533.181 0.919
534.16 0.979
535.102 0.942
535.999 0.897
536.932 0.933
537.884 0.952
538.853 0.969
539.758 0.905
540.63 0.872
541.549 0.919
542.496 0.947
543.417 0.921
544.441 1.024
545.507 1.066
546.533 1.026
547.444 0.911
548.44 0.996
549.508 1.068
550.622 1.114
551.67 1.048
552.844 1.174
554.051 1.207
555.186 1.135
556.255 1.069
557.444 1.189
558.623 1.179
559.695 1.072
560.83 1.135
562.089 1.259
563.292 1.203
564.324 1.032
565.36 1.036
566.55 1.19
567.764 1.214
568.871 1.107
569.955 1.084
571.165 1.21
572.388 1.223
573.557 1.169
574.658 1.101
575.769 1.111
576.911 1.142
578.044 1.133
579.143 1.099
580.301 1.158
581.437 1.136
582.457 1.02
583.512 1.055
584.615 1.103
585.699 1.084
586.771 1.072
587.907 1.136
589.03 1.123
590.081 1.051
591.117 1.036
592.052 0.935
593.051 0.999
594.256 1.205
595.474 1.218
596.581 1.107
597.71 1.129
598.869 1.159
600.017 1.148
601.112 1.095
602.154 1.042
603.27 1.116
604.329 1.059
605.293 0.964
606.334 1.041