0.000 0.588
0.588 0.588
1.174 0.586
1.762 0.588
2.363 0.601
2.982 0.619
3.582 0.6
4.202 0.62
4.835 0.633
5.481 0.646
6.12 0.639
6.76 0.64
7.395 0.635
8.034 0.639
8.671 0.637
9.308 0.637
9.942 0.634
10.574 0.632
11.199 0.625
11.835 0.636
12.477 0.642
13.12 0.643
13.761 0.641
14.408 0.647
15.054 0.646
15.7 0.646
16.34 0.64
16.973 0.633
17.607 0.634
18.238 0.631
18.865 0.627
19.483 0.618
20.102 0.619
20.712 0.61
21.317 0.605
21.91 0.593
22.505 0.595
23.097 0.592
23.687 0.59
24.281 0.594
24.882 0.601
25.49 0.608
26.108 0.618
26.733 0.625
27.376 0.643
28.035 0.659
28.685 0.65
29.338 0.653
29.989 0.651
30.623 0.634
31.25 0.627
31.882 0.632
32.515 0.633
33.142 0.627
33.773 0.631
34.397 0.624
35.015 0.618
35.629 0.614
36.24 0.611
36.858 0.618
37.479 0.621
38.106 0.627
38.74 0.634
39.373 0.633
40.003 0.63
40.612 0.609
41.214 0.602
41.805 0.591
42.393 0.588
42.973 0.58
43.548 0.575
44.128 0.58
44.702 0.574
45.279 0.577
45.865 0.586
46.462 0.597
47.071 0.609
47.68 0.609
48.292 0.612
48.891 0.599
49.479 0.588
50.06 0.581
50.635 0.575
51.209 0.574
51.786 0.577
52.363 0.577
52.947 0.584
53.54 0.593
54.134 0.594
54.739 0.605
55.354 0.615
55.991 0.637
56.638 0.647
57.297 0.659
57.963 0.666
58.611 0.648
59.231 0.62
59.836 0.605
60.436 0.6
61.031 0.595
61.623 0.592
62.224 0.601
62.837 0.613
63.466 0.629
64.092 0.626
64.704 0.612
65.303 0.599
65.889 0.586
66.476 0.587
67.065 0.589
67.656 0.591
68.262 0.606
68.865 0.603
69.474 0.609
70.083 0.609
70.69 0.607
71.292 0.602
71.88 0.588
72.461 0.581
73.038 0.577
73.617 0.579
74.195 0.578
74.773 0.578
75.335 0.562
75.89 0.555
76.443 0.553
77.016 0.573
77.608 0.592
78.212 0.604
78.838 0.626
79.48 0.642
80.13 0.65
80.777 0.647
81.423 0.646
82.07 0.647
82.714 0.644
83.349 0.635
83.968 0.619
84.578 0.61
85.167 0.589
85.752 0.585
86.345 0.593
86.952 0.607
87.584 0.632
88.213 0.629
88.842 0.629
89.456 0.614
90.077 0.621
90.697 0.62
91.321 0.624
91.937 0.616
92.553 0.616
93.174 0.621
93.808 0.634
94.453 0.645
95.097 0.644
95.738 0.641
96.377 0.639
97.015 0.638
97.66 0.645
98.321 0.661
99.007 0.686
99.694 0.687
100.359 0.665
101.006 0.647
101.658 0.652
102.322 0.664
102.997 0.675
103.67 0.673
104.337 0.667
104.999 0.662
105.652 0.653
106.302 0.65
106.956 0.654
107.619 0.663
108.289 0.67
108.968 0.679
109.647 0.679
110.328 0.681
111.001 0.673
111.669 0.668
112.342 0.673
113.008 0.666
113.673 0.665
114.335 0.662
114.998 0.663
115.644 0.646
116.274 0.63
116.893 0.619
117.499 0.606
118.101 0.602
118.696 0.595
119.292 0.596
119.901 0.609
120.525 0.624
121.172 0.647
121.843 0.671
122.522 0.679
123.205 0.683
123.882 0.677
124.548 0.666
125.191 0.643
125.816 0.625
126.424 0.608
127.019 0.595
127.597 0.578
128.173 0.576
128.755 0.582
129.339 0.584
129.921 0.582
130.497 0.576
131.071 0.574
131.642 0.571
132.213 0.571
132.785 0.572
133.36 0.575
133.938 0.578
134.524 0.586
135.117 0.593
135.721 0.604
136.324 0.603
136.934 0.61
137.541 0.607
138.149 0.608
138.754 0.605
139.366 0.612
139.978 0.612
140.591 0.613
141.211 0.62
141.832 0.621
142.455 0.623
143.08 0.625
143.697 0.617
144.295 0.598
144.879 0.584
145.452 0.573
146.023 0.571
146.601 0.578
147.196 0.595
147.811 0.615
148.45 0.639
149.088 0.638
149.713 0.625
150.323 0.61
150.925 0.602
151.526 0.601
152.123 0.597
152.717 0.594
153.309 0.592
153.895 0.586
154.477 0.582
155.059 0.582
155.64 0.581
156.229 0.589
156.823 0.594
157.419 0.596
158.02 0.601
158.627 0.607
159.242 0.615
159.858 0.616
160.477 0.619
161.104 0.627
161.738 0.634
162.369 0.631
162.997 0.628
163.621 0.624
164.231 0.61
164.836 0.605
165.439 0.603
166.031 0.592
166.618 0.587
167.194 0.576
167.769 0.575
168.352 0.583
168.946 0.594
169.552 0.606
170.15 0.598
170.74 0.59
171.327 0.587
171.906 0.579
172.483 0.577
173.067 0.584
173.653 0.586
174.248 0.595
174.842 0.594
175.45 0.608
176.063 0.613
176.683 0.62
177.305 0.622
177.926 0.621
178.547 0.621
179.168 0.621
179.789 0.621
180.411 0.622
181.031 0.62
181.641 0.61
182.232 0.591
182.807 0.575
183.376 0.569
183.95 0.574
184.534 0.584
185.125 0.591
185.72 0.595
186.32 0.6
186.918 0.598
187.515 0.597
188.106 0.591
188.695 0.589
189.281 0.586
189.868 0.587
190.464 0.596
191.06 0.596
191.656 0.596
192.248 0.592
192.834 0.586
193.423 0.589
194.009 0.586
194.596 0.587
195.188 0.592
195.783 0.595
196.39 0.607
197.0 0.61
197.61 0.61
198.213 0.603
198.808 0.595
199.39 0.582
199.961 0.571
200.525 0.564
201.093 0.568
201.664 0.571
202.244 0.58
202.825 0.581
203.409 0.584
203.994 0.585
204.578 0.584
205.16 0.582
205.74 0.58
206.324 0.584
206.911 0.587
207.499 0.588
208.084 0.585
208.666 0.582
209.247 0.581
209.821 0.574
210.393 0.572
210.958 0.565
211.523 0.565
212.085 0.562
212.647 0.562
213.206 0.559
213.762 0.556
214.316 0.554
214.869 0.553
215.421 0.552
215.973 0.552
216.525 0.552
217.078 0.553
217.629 0.551
218.184 0.555
218.736 0.552
219.287 0.551
219.836 0.549
220.393 0.557
220.954 0.561
221.517 0.563
222.081 0.564
222.653 0.572
223.227 0.574
223.801 0.574
224.383 0.582
224.964 0.581
225.548 0.584
226.116 0.568
226.677 0.561
227.221 0.544
227.765 0.544
228.309 0.544
228.852 0.543
229.394 0.542
229.948 0.554
230.518 0.57
231.093 0.575
231.673 0.58
232.248 0.575
232.816 0.568
233.38 0.564
233.933 0.553
234.481 0.548
235.036 0.555
235.583 0.547
236.119 0.536
236.647 0.528
237.17 0.523
237.692 0.522
238.233 0.541
238.781 0.548
239.321 0.54
239.859 0.538
240.393 0.534
240.917 0.524
241.431 0.514
241.941 0.51
242.452 0.511
242.977 0.525
243.533 0.556
244.118 0.585
244.74 0.622
245.386 0.646
246.042 0.656
246.695 0.653
247.339 0.644
247.966 0.627
248.582 0.616
249.185 0.603
249.782 0.597
250.372 0.59
250.956 0.584
251.535 0.579
252.112 0.577
252.694 0.582
253.279 0.585
253.865 0.586
254.455 0.59
255.041 0.586
255.622 0.581
256.202 0.58
256.792 0.59
257.388 0.596
257.995 0.607
258.6 0.605
259.199 0.599
259.791 0.592
260.376 0.585
260.959 0.583
261.542 0.583
262.122 0.58
262.701 0.579
263.272 0.571
263.84 0.568
264.403 0.563
264.964 0.561
265.525 0.561
266.087 0.562
266.653 0.566
267.224 0.571
267.796 0.572
268.369 0.573
268.944 0.575
269.521 0.577
270.107 0.586
270.698 0.591
271.292 0.594
271.891 0.599
272.49 0.599
273.096 0.606
273.696 0.6
274.29 0.594
274.879 0.589
275.467 0.588
276.06 0.593
276.649 0.589
277.237 0.588
277.825 0.588
278.41 0.585
278.996 0.586
279.583 0.587
280.176 0.593
280.772 0.596
281.375 0.603
281.981 0.606
282.578 0.597
283.168 0.59
283.749 0.581
284.322 0.573
284.891 0.569
285.459 0.568
286.031 0.572
286.61 0.579
287.195 0.585
287.787 0.592
288.374 0.587
288.966 0.592
289.566 0.6
290.171 0.605
290.775 0.604
291.373 0.598
291.965 0.592
292.547 0.582
293.123 0.576
293.69 0.567
294.253 0.563
294.814 0.561
295.374 0.56
295.935 0.561
296.494 0.559
297.045 0.551
297.59 0.545
298.128 0.538
298.664 0.536
299.199 0.535
299.734 0.535
300.268 0.534
300.81 0.542
301.357 0.547
301.92 0.563
302.488 0.568
303.062 0.574
303.645 0.583
304.227 0.582
304.802 0.575
305.37 0.568
305.927 0.557
306.481 0.554
307.037 0.556
307.597 0.56
308.163 0.566
308.734 0.571
309.307 0.573
309.883 0.576
310.466 0.583
311.049 0.583
311.634 0.585
312.227 0.593
312.822 0.595
313.421 0.599
314.018 0.597
314.614 0.596
315.207 0.593
315.798 0.591
316.388 0.59
316.973 0.585
317.562 0.589
318.157 0.595
318.762 0.605
319.376 0.614
319.993 0.617
320.603 0.61
321.206 0.603
321.808 0.602
322.409 0.601
323.014 0.605
323.617 0.603
324.215 0.598
324.812 0.597
325.403 0.591
325.996 0.593
326.583 0.587
327.167 0.584
327.75 0.583
328.331 0.581
328.919 0.588
329.51 0.591
330.105 0.595
330.705 0.6
331.301 0.596
331.894 0.593
332.488 0.594
333.082 0.594
333.671 0.589
334.258 0.587
334.842 0.584
335.432 0.59
336.024 0.592
336.618 0.594
337.209 0.591
337.796 0.587
338.378 0.582
338.956 0.578
339.53 0.574
340.102 0.572
340.674 0.572
341.246 0.572
341.822 0.576
342.404 0.582
342.988 0.584
343.574 0.586
344.159 0.585
344.74 0.581
345.319 0.579
345.896 0.577
346.473 0.577
347.046 0.573
347.614 0.568
348.185 0.571
348.763 0.578
349.349 0.586
349.933 0.584
350.516 0.583
351.091 0.575
351.663 0.572
352.225 0.562
352.78 0.555
353.324 0.544
353.867 0.543
354.417 0.55
354.973 0.556
355.536 0.563
356.102 0.566
356.674 0.572
357.248 0.574
357.825 0.577
358.4 0.575
358.98 0.58
359.564 0.584
360.153 0.589
360.749 0.596
361.352 0.603
361.957 0.605
362.557 0.6
363.149 0.592
363.732 0.583
364.306 0.574
364.874 0.568
365.438 0.564
366.006 0.568
366.576 0.57
367.15 0.574
367.726 0.576
368.295 0.569
368.861 0.566
369.439 0.578
370.046 0.607
370.685 0.639
371.315 0.63
371.926 0.611
372.52 0.594
373.097 0.577
373.662 0.565
374.22 0.558
374.776 0.556
375.334 0.558
375.903 0.569
376.49 0.587
377.108 0.618
377.756 0.648
378.423 0.667
379.079 0.656
379.724 0.645
380.348 0.624
380.951 0.603
381.539 0.588
382.115 0.576
382.677 0.562
383.221 0.544
383.758 0.537
384.28 0.522
384.794 0.514
385.307 0.513
385.821 0.514
386.341 0.52
386.87 0.529
387.405 0.535
387.952 0.547
388.509 0.557
389.071 0.562
389.64 0.569
390.217 0.577
390.799 0.582
391.386 0.587
391.978 0.592
392.569 0.591
393.165 0.596
393.761 0.596
394.352 0.591
394.955 0.603
395.566 0.611
396.172 0.606
396.766 0.594
397.353 0.587
397.933 0.58
398.51 0.577
399.088 0.578
399.661 0.573
400.232 0.571
400.798 0.566
401.361 0.563
401.931 0.57
402.517 0.586
403.135 0.618
403.765 0.63
404.389 0.624
405.005 0.616
405.61 0.605
406.209 0.599
406.805 0.596
407.398 0.593
407.994 0.596
408.604 0.61
409.228 0.624
409.862 0.634
410.495 0.633
411.125 0.63
411.756 0.631
412.382 0.626
412.995 0.613
413.603 0.608
414.199 0.596
414.788 0.589
415.37 0.582
415.945 0.575
416.514 0.569
417.083 0.569
417.651 0.568
418.227 0.576
418.812 0.585
419.4 0.588
419.983 0.583
420.561 0.578
421.136 0.575
421.705 0.569
422.275 0.57
422.849 0.574
423.42 0.571
423.996 0.576
424.579 0.583
425.169 0.59
425.754 0.585
426.332 0.578
426.9 0.568
427.461 0.561
428.022 0.561
428.588 0.566
429.155 0.567
429.728 0.573
430.302 0.574
430.879 0.577
431.458 0.579
432.042 0.584
432.629 0.587
433.22 0.591
433.814 0.594
434.416 0.602
435.008 0.592
435.594 0.586
436.174 0.58
436.751 0.577
437.324 0.573
437.896 0.572
438.469 0.573
439.046 0.577
439.62 0.574
440.188 0.568
440.764 0.576
441.347 0.583
441.929 0.582
442.505 0.576
443.069 0.564
443.636 0.567
444.2 0.564
444.763 0.563
445.333 0.57
445.907 0.574
446.479 0.572
447.05 0.571
447.62 0.57
448.185 0.565
448.745 0.56
449.3 0.555
449.854 0.554
450.408 0.554
450.963 0.555
451.523 0.56
452.087 0.564
452.657 0.57
453.229 0.572
453.801 0.572
454.372 0.571
454.944 0.572
455.515 0.571
456.086 0.571
456.66 0.574
457.237 0.577
457.816 0.579
458.394 0.578
458.977 0.583
459.559 0.582
460.15 0.591
460.737 0.587
461.317 0.58
461.89 0.573
462.457 0.567
463.02 0.563
463.58 0.56
464.142 0.562
464.708 0.566
465.285 0.577
465.882 0.597
466.492 0.61
467.107 0.615
467.716 0.609
468.318 0.602
468.914 0.596
469.504 0.59
470.09 0.586
470.678 0.588
471.265 0.587
471.842 0.577
472.416 0.574
472.983 0.567
473.553 0.57
474.126 0.573
474.7 0.574
475.275 0.575
475.851 0.576
476.423 0.572
476.991 0.568
477.56 0.569
478.132 0.572
478.71 0.578
479.293 0.583
479.885 0.592
480.484 0.599
481.085 0.601
481.682 0.597
482.272 0.59
482.854 0.582
483.428 0.574
483.993 0.565
484.552 0.559
485.108 0.556
485.673 0.565
486.25 0.577
486.837 0.587
487.423 0.586
488.004 0.581
488.586 0.582
489.161 0.575
489.734 0.573
490.316 0.582
490.912 0.596
491.515 0.603
492.112 0.597
492.705 0.593
493.3 0.595
493.894 0.594
494.486 0.592
495.08 0.594
495.669 0.589
496.257 0.588
496.842 0.585
497.421 0.579
497.996 0.575
498.572 0.576
499.149 0.577
499.726 0.577
500.306 0.58
500.893 0.587
501.486 0.593
502.074 0.588
502.658 0.584
503.242 0.584
503.824 0.582
504.41 0.586
505.005 0.595
505.607 0.602
506.209 0.602
506.821 0.612
507.432 0.611
508.05 0.618
508.664 0.614
509.277 0.613
509.882 0.605
510.488 0.606
511.083 0.595
511.671 0.588
512.248 0.577
512.817 0.569
513.38 0.563
513.938 0.558
514.489 0.551
515.034 0.545
515.579 0.545
516.138 0.559
516.714 0.576
517.31 0.596
517.941 0.631
518.567 0.626
519.195 0.628
519.824 0.629
520.448 0.624
521.061 0.613
521.661 0.6
522.253 0.592
522.837 0.584
523.42 0.583
524.005 0.585
524.59 0.585
525.171 0.581
525.754 0.583
526.332 0.578
526.909 0.577
527.492 0.583
528.079 0.587
528.678 0.599
529.287 0.609
529.912 0.625
530.546 0.634
531.185 0.639
531.826 0.641
532.458 0.632
533.077 0.619
533.693 0.616
534.295 0.602
534.887 0.592
535.474 0.587
536.054 0.58
536.634 0.58
537.219 0.585
537.804 0.585
538.39 0.586
538.969 0.579
539.546 0.577
540.118 0.572
540.692 0.574
541.278 0.586
541.872 0.594
542.48 0.608
543.092 0.612
543.708 0.616
544.312 0.604
544.919 0.607
545.511 0.592
546.1 0.589
546.68 0.58
547.255 0.575
547.822 0.567
548.387 0.565
548.952 0.565
549.508 0.556
550.064 0.556
550.623 0.559
551.19 0.567
551.771 0.581
552.359 0.588
552.95 0.591
553.538 0.588
554.124 0.586
554.695 0.571
555.262 0.567
555.827 0.565
556.382 0.555
556.921 0.539
557.449 0.528
557.97 0.521
558.486 0.516
558.999 0.513
559.515 0.516
560.033 0.518
560.553 0.52
561.074 0.521
561.597 0.523
562.123 0.526
562.652 0.529
563.192 0.54
563.754 0.562
564.336 0.582
564.93 0.594
565.53 0.6
566.136 0.606
566.756 0.62
567.374 0.618
567.991 0.617
568.598 0.607
569.2 0.602
569.794 0.594
570.386 0.592
570.975 0.589
571.565 0.59
572.155 0.59
572.747 0.592
573.349 0.602
573.96 0.611
574.587 0.627
575.224 0.637
575.854 0.63
576.474 0.62
577.073 0.599
577.657 0.584
578.233 0.576
578.812 0.579
579.398 0.586
579.994 0.596
580.604 0.61
581.218 0.614
581.838 0.62
582.457 0.619
583.064 0.607
583.67 0.606
584.266 0.596
584.85 0.584
585.428 0.578
586.003 0.575
586.586 0.583
587.189 0.603
587.811 0.622
588.45 0.639
589.101 0.651
589.756 0.655
590.406 0.65
591.045 0.639
591.668 0.623
592.272 0.604
592.862 0.59
593.444 0.582
594.027 0.583
594.622 0.595
595.223 0.601
595.837 0.614
596.455 0.618
597.079 0.624
597.699 0.62
598.318 0.619
598.928 0.61
599.529 0.601
600.118 0.589
600.705 0.587
601.292 0.587
601.878 0.586
602.476 0.598
603.087 0.611
603.714 0.627
604.341 0.627
604.971 0.63
605.591 0.62
606.203 0.612
606.803 0.6
607.386 0.583
607.962 0.576