0.000 1.081
1.081 1.081
1.91 0.829
2.739 0.829
4.019 1.28
5.281 1.262
6.225 0.944
7.251 1.026
8.431 1.18
9.531 1.1
10.688 1.157
11.595 0.907
12.698 1.103
13.881 1.183
14.936 1.055
16.026 1.09
17.156 1.13
18.182 1.026
19.415 1.233
20.567 1.152
21.792 1.225
22.949 1.157
24.102 1.153
25.328 1.226
26.434 1.106
27.58 1.146
28.784 1.204
29.879 1.095
31.135 1.256
32.421 1.286
33.656 1.235
34.839 1.183
35.954 1.115
37.175 1.221
38.309 1.134
39.478 1.169
40.57 1.092
41.5 0.93
42.658 1.158
43.558 0.9
44.853 1.295
46.076 1.223
47.282 1.206
48.289 1.007
49.288 0.999
50.096 0.808
50.852 0.756
51.589 0.737
52.363 0.774
53.189 0.826
54.05 0.861
54.918 0.868
55.749 0.831
56.862 1.113
58.003 1.141
59.053 1.05
60.111 1.058
61.189 1.078
62.217 1.028
63.102 0.885
64.245 1.143
65.355 1.11
66.432 1.077
67.636 1.204
68.873 1.237
70.011 1.138
71.158 1.147
72.425 1.267
73.665 1.24
74.599 0.934
75.83 1.231
77.057 1.227
78.356 1.299
79.675 1.319
80.8 1.125
81.968 1.168
83.068 1.1
83.951 0.883
85.113 1.162
86.046 0.933
86.917 0.871
88.257 1.34
89.459 1.202
90.635 1.176
91.756 1.121
92.745 0.989
93.595 0.85
94.386 0.791
95.282 0.896
96.425 1.143
97.391 0.966
98.495 1.104
99.662 1.167
100.721 1.059
101.814 1.093
102.902 1.088
103.836 0.934
104.875 1.039
106.064 1.189
107.215 1.151
108.147 0.932
109.211 1.064
110.455 1.244
111.701 1.246
112.775 1.074
113.96 1.185
115.226 1.266
116.371 1.145
117.381 1.01
118.421 1.04
119.527 1.106
120.448 0.921
121.608 1.16
122.688 1.08
123.635 0.947
124.734 1.099
125.661 0.927
126.533 0.872
127.563 1.03
128.512 0.949
129.503 0.991
130.592 1.089
131.598 1.006
132.618 1.02
133.634 1.016
134.539 0.905
135.46 0.921
136.567 1.107
137.461 0.894
138.484 1.023
139.541 1.057
140.58 1.039
141.583 1.003
142.53 0.947
143.393 0.863
144.218 0.825
145.082 0.864
145.968 0.886
146.825 0.857
147.662 0.837
148.568 0.906
149.515 0.947
150.465 0.95
151.365 0.9
152.157 0.792
153.018 0.861
154.049 1.031
155.062 1.013
156.042 0.98
156.971 0.929
157.852 0.881
158.697 0.845
159.476 0.779
160.396 0.92
161.568 1.172
162.677 1.109
163.696 1.019
164.848 1.152
165.935 1.087
166.894 0.959
168.037 1.143
169.194 1.157
170.293 1.099
171.217 0.924
172.46 1.243
173.733 1.273
174.913 1.18
175.901 0.988
177.125 1.224
178.401 1.276
179.618 1.217
180.606 0.988
181.71 1.104
183.017 1.307
184.302 1.285
185.54 1.238
186.641 1.101
187.54 0.899
188.733 1.193
190.034 1.301
191.235 1.201
192.248 1.013
193.118 0.87
193.987 0.869
195.32 1.333
196.24 0.92
197.035 0.795
197.809 0.774
198.597 0.788
199.348 0.751
200.078 0.73
200.801 0.723
201.616 0.815
202.697 1.081
203.697 1.0
204.666 0.969
205.598 0.932
206.539 0.941
207.424 0.885
208.357 0.933
209.334 0.977
210.374 1.04
211.489 1.115
212.494 1.005
213.516 1.022
214.565 1.049
215.618 1.053
216.648 1.03
217.683 1.035
218.756 1.073
219.775 1.019
220.686 0.911
221.528 0.842
222.45 0.922
223.617 1.167
224.721 1.104
225.684 0.963
226.729 1.045
227.735 1.006
228.662 0.927
229.668 1.006
230.699 1.031
231.649 0.95
232.68 1.031
233.641 0.961
234.523 0.882
235.465 0.942
236.393 0.928
237.277 0.884
238.2 0.923
239.332 1.132
240.329 0.997
241.242 0.913
242.187 0.945
243.111 0.924
243.985 0.874
244.846 0.861
245.719 0.873
246.594 0.875
247.581 0.987
248.646 1.065
249.624 0.978
250.667 1.043
251.68 1.013
252.581 0.901
253.493 0.912
254.447 0.954
255.427 0.98
256.354 0.927
257.412 1.058
258.526 1.114
259.557 1.031
260.533 0.976
261.453 0.92
262.285 0.832
263.306 1.021
264.444 1.138
265.456 1.012
266.501 1.045
267.616 1.115
268.692 1.076
269.814 1.122
270.908 1.094
271.975 1.067
272.94 0.965
273.863 0.923
274.878 1.015
275.914 1.036
277.048 1.134
278.174 1.126
279.156 0.982
280.066 0.91
280.857 0.791
281.608 0.751
282.352 0.744
283.112 0.76
283.964 0.852
285.011 1.047
286.167 1.156
287.254 1.087
288.316 1.062
289.361 1.045
290.277 0.916
291.126 0.849
291.88 0.754
292.603 0.723
293.303 0.7
294.002 0.699
294.768 0.766
295.614 0.846
296.354 0.74
297.103 0.749
297.832 0.729
298.527 0.695
299.218 0.691
299.888 0.67
300.583 0.695
301.299 0.716
302.073 0.774
302.947 0.874
303.857 0.91
304.743 0.886
305.589 0.846
306.387 0.798
307.225 0.838
308.103 0.878
309.084 0.981
310.107 1.023
311.083 0.976
312.059 0.976
313.021 0.962
314.125 1.104
315.265 1.14
316.221 0.956
317.244 1.023
318.401 1.157
319.501 1.1
320.68 1.179
321.857 1.177
322.876 1.019
323.937 1.061
324.826 0.889
325.776 0.95
326.762 0.986
327.802 1.04
328.855 1.053
329.901 1.046
330.865 0.964
331.794 0.929
332.865 1.071
334.023 1.158
335.078 1.055
336.227 1.149
337.374 1.147
338.42 1.046
339.542 1.122
340.704 1.162
341.747 1.043
342.834 1.087
343.936 1.102
344.995 1.059
346.209 1.214
347.287 1.078
348.364 1.077
349.616 1.252
350.845 1.229
351.957 1.112
353.058 1.101
354.029 0.971
354.883 0.854
356.084 1.201
357.364 1.28
358.555 1.191
359.622 1.067
360.769 1.147
361.855 1.086
362.843 0.988
363.827 0.984
364.828 1.001
365.72 0.892
366.68 0.96
367.79 1.11
368.84 1.05
369.807 0.967
370.83 1.023
371.831 1.001
372.716 0.885
373.817 1.101
375.08 1.263
376.289 1.209
377.281 0.992
378.315 1.034
379.342 1.027
380.317 0.975
381.275 0.958
382.158 0.883
382.945 0.787
383.835 0.89
385.012 1.177
386.05 1.038
386.98 0.93
388.035 1.055
389.226 1.191
390.265 1.039
391.344 1.079
392.493 1.149
393.501 1.008
394.474 0.973
395.447 0.973
396.458 1.011
397.41 0.952
398.364 0.954
399.343 0.979
400.289 0.946
401.154 0.865
402.128 0.974
403.141 1.013
404.073 0.932
404.906 0.833
405.712 0.806
406.464 0.752
407.189 0.725
408.05 0.861
409.072 1.022
410.073 1.001
410.96 0.887
411.861 0.901
412.774 0.913
413.643 0.869
414.595 0.952
415.597 1.002
416.63 1.033
417.513 0.883
418.432 0.919
419.55 1.118
420.701 1.151
421.705 1.004
422.732 1.027
423.645 0.913
424.572 0.927
425.745 1.173
426.866 1.121
427.898 1.032
429.091 1.193
430.246 1.155
431.254 1.008
432.185 0.931
433.163 0.978
434.227 1.064
435.238 1.011
436.27 1.032
437.326 1.056
438.431 1.105
439.433 1.002
440.428 0.995
441.487 1.059
442.547 1.06
443.458 0.911
444.372 0.914
445.348 0.976
446.425 1.077
447.341 0.916
448.452 1.111
449.604 1.152
450.657 1.053
451.581 0.924
452.637 1.056
453.726 1.089
454.698 0.972
455.644 0.946
456.668 1.024
457.675 1.007
458.598 0.923
459.663 1.065
460.761 1.098
461.755 0.994
462.7 0.945
463.591 0.891
464.529 0.938
465.353 0.824
466.421 1.068
467.764 1.343
468.899 1.135
469.972 1.073
471.058 1.086
472.072 1.014
473.017 0.945
474.058 1.041
475.054 0.996
475.919 0.865
476.858 0.939
477.851 0.993
478.942 1.091
479.997 1.055
481.116 1.119
482.216 1.1
483.243 1.027
484.257 1.014
485.242 0.985
486.123 0.881
487.063 0.94
488.013 0.95
489.099 1.086
490.086 0.987
491.242 1.156
492.348 1.106
493.242 0.894
494.143 0.901
495.13 0.987
496.089 0.959
496.923 0.834
497.843 0.92
498.852 1.009
499.886 1.034
500.773 0.887
501.811 1.038
502.885 1.074
503.867 0.982
504.693 0.826
505.584 0.891
506.641 1.057
507.741 1.1
508.742 1.001
509.794 1.052
510.909 1.115
511.887 0.978
512.867 0.98
513.884 1.017
514.904 1.02
515.866 0.962
516.95 1.084
518.049 1.099
518.994 0.945
520.021 1.027
521.11 1.089
522.194 1.084
523.345 1.151
524.542 1.197
525.591 1.049
526.739 1.148
527.916 1.177
528.979 1.063
530.14 1.161
531.29 1.15
532.415 1.125
533.48 1.065
534.563 1.083
535.631 1.068
536.6 0.969
537.697 1.097
538.84 1.143
539.925 1.085
540.79 0.865
541.658 0.868
542.861 1.203
543.975 1.114
545.04 1.065
545.995 0.955
547.092 1.097
548.221 1.129
549.235 1.014
550.165 0.93
551.15 0.985
552.108 0.958
552.983 0.875
553.917 0.934
554.922 1.005
555.974 1.052
556.931 0.957
557.895 0.964
558.857 0.962
559.76 0.903
560.628 0.868
561.642 1.014
562.746 1.104
563.808 1.062
564.746 0.938
565.753 1.007
566.823 1.07
567.782 0.959
568.841 1.059
569.901 1.06
570.918 1.017
571.806 0.888
572.777 0.971
573.754 0.977
574.686 0.932
575.614 0.928
576.627 1.013
577.7 1.073
578.624 0.924
579.465 0.841
580.316 0.851
581.157 0.841
581.997 0.84
582.936 0.939
583.938 1.002
584.906 0.968
585.768 0.862
586.669 0.901
587.553 0.884
588.404 0.851
589.213 0.809
590.067 0.854
590.853 0.786
591.645 0.792
592.737 1.092
593.725 0.988
594.773 1.048
595.779 1.006
596.752 0.973
597.691 0.939
598.581 0.89
599.403 0.822
600.22 0.817
601.174 0.954
602.22 1.046
603.262 1.042
604.139 0.877
604.998 0.859
606.005 1.007
606.964 0.959
607.85 0.886
608.722 0.872
609.795 1.073
610.905 1.11
611.887 0.982
612.903 1.016
613.891 0.988
614.788 0.897
615.649 0.861
616.57 0.921
617.569 0.999
618.447 0.878
619.468 1.021
620.434 0.966
621.402 0.968
622.346 0.944
623.291 0.945
624.1 0.809
624.936 0.836
625.825 0.889
626.728 0.903
627.565 0.837
628.485 0.92
629.422 0.937
630.261 0.839
631.15 0.889
632.063 0.913
632.885 0.822
633.723 0.838
634.598 0.875
635.475 0.877
636.312 0.837
637.177 0.865
638.11 0.933
638.918 0.808
639.735 0.817
640.525 0.79
641.264 0.739
641.994 0.73
642.67 0.676
643.335 0.665
643.988 0.653
644.621 0.633
645.244 0.623
645.862 0.618
646.479 0.617
647.097 0.618
647.722 0.625
648.339 0.617
648.945 0.606
649.547 0.602
650.144 0.597
650.747 0.603
651.385 0.638
652.073 0.688
652.808 0.735
653.514 0.706
654.19 0.676
654.873 0.683
655.559 0.686
656.271 0.712
657.062 0.791
657.818 0.756
658.561 0.743
659.356 0.795
660.201 0.845
661.092 0.891
661.955 0.863
662.868 0.913
663.842 0.974
664.84 0.998
665.808 0.968
666.901 1.093
668.006 1.105
668.948 0.942
669.923 0.975
670.885 0.962
671.742 0.857
672.755 1.013
673.966 1.211
675.03 1.064
676.138 1.108
677.276 1.138
678.282 1.006
679.368 1.086
680.443 1.075
681.473 1.03
682.658 1.185
683.899 1.241
684.874 0.975
686.011 1.137
687.094 1.083
688.089 0.995
689.194 1.105
690.174 0.98
691.05 0.876
692.053 1.003
693.05 0.997
693.833 0.783
694.592 0.759
695.41 0.818
696.588 1.178
697.715 1.127
698.763 1.048
699.757 0.994
700.667 0.91
701.59 0.923
702.592 1.002
703.586 0.994
704.518 0.932
705.465 0.947
706.466 1.001
707.375 0.909
708.342 0.967
709.35 1.008
710.311 0.961
711.366 1.055
712.44 1.074
713.502 1.062
714.531 1.029
715.604 1.073
716.587 0.983
717.532 0.945
718.489 0.957
719.484 0.995
720.497 1.013
721.532 1.035