0.000 1.141
1.141 1.141
2.283 1.142
3.24 0.957
4.301 1.061
5.538 1.237
6.716 1.178
7.69 0.974
8.655 0.965
9.668 1.013
10.635 0.967
11.489 0.854
12.385 0.896
13.672 1.287
14.874 1.202
15.912 1.038
17.046 1.134
17.977 0.931
18.862 0.885
19.835 0.973
20.787 0.952
21.725 0.938
22.941 1.216
24.173 1.232
25.186 1.013
26.4 1.214
27.622 1.222
28.643 1.021
29.617 0.974
30.554 0.937
31.456 0.902
32.418 0.962
33.653 1.235
34.788 1.135
35.692 0.904
36.555 0.863
37.34 0.785
38.173 0.833
39.045 0.872
39.892 0.847
40.841 0.949
41.855 1.014
42.852 0.997
43.758 0.906
44.562 0.804
45.405 0.843
46.505 1.1
47.6 1.095
48.817 1.217
50.098 1.281
51.28 1.182
52.566 1.286
53.716 1.15
54.728 1.012
56.072 1.344
57.422 1.35
58.635 1.213
59.93 1.295
61.22 1.29
62.486 1.266
63.63 1.144
64.578 0.948
65.929 1.351
67.213 1.284
68.272 1.059
69.566 1.294
70.821 1.255
71.869 1.048
73.178 1.309
74.362 1.184
75.34 0.978
76.659 1.319
77.768 1.109
78.82 1.052
80.078 1.258
81.287 1.209
82.401 1.114
83.302 0.901
84.127 0.825
85.488 1.361
86.753 1.265
87.795 1.042
88.937 1.142
90.077 1.14
91.15 1.073
92.191 1.041
93.061 0.87
93.98 0.919
95.096 1.116
96.239 1.143
97.427 1.188
98.405 0.978
99.661 1.256
100.951 1.29
102.058 1.107
103.379 1.321
104.638 1.259
105.716 1.078
107.06 1.344
108.401 1.341
109.569 1.168
110.827 1.258
112.065 1.238
113.15 1.085
114.418 1.268
115.504 1.086
116.694 1.19
117.869 1.175
118.924 1.055
119.907 0.983
121.086 1.179
122.282 1.196
123.397 1.115
124.725 1.328
125.974 1.249
127.15 1.176
128.446 1.296
129.678 1.232
130.837 1.159
131.86 1.023
133.121 1.261
134.438 1.317
135.702 1.264
136.823 1.121
138.13 1.307
139.359 1.229
140.372 1.013
141.729 1.357
143.046 1.317
144.071 1.025
145.407 1.336
146.643 1.236
147.689 1.046
148.948 1.259
150.106 1.158
151.063 0.957
152.244 1.181
153.513 1.269
154.664 1.151
155.816 1.152
156.939 1.123
157.986 1.047
159.298 1.312
160.531 1.233
161.678 1.147
162.995 1.317
164.175 1.18
165.112 0.937
165.941 0.829
166.815 0.874
167.713 0.898
168.548 0.835
169.462 0.914
170.468 1.006
171.474 1.006
172.397 0.923
173.386 0.989
174.356 0.97
175.249 0.893
176.267 1.018
177.414 1.147
178.49 1.076
179.747 1.257
180.872 1.125
181.91 1.038
183.185 1.275
184.442 1.257
185.527 1.085
186.81 1.283
187.934 1.124
189.043 1.109
190.322 1.279
191.309 0.987
192.375 1.066
193.517 1.142
194.505 0.988
195.799 1.294
197.06 1.261
198.204 1.144
199.111 0.907
199.384 0.273
199.903 0.519
200.73 0.827
202.065 1.335
203.401 1.336
204.721 1.32
205.879 1.158
207.328 1.449
208.402 1.074
208.745 0.343
209.442 0.697
210.097 0.655
210.36 0.263
211.221 0.861
212.245 1.024
213.496 1.251
214.704 1.208
215.533 0.829
215.846 0.313
217.01 1.164
217.95 0.94
219.031 1.081
220.044 1.013
221.443 1.399
222.632 1.189
223.768 1.136
224.895 1.127
225.207 0.312
225.853 0.646
226.817 0.964
227.877 1.06
229.038 1.161
230.28 1.242
231.371 1.091
232.507 1.136
233.478 0.971
234.496 1.018
235.647 1.151
236.658 1.011
237.868 1.21
239.064 1.196
240.173 1.109
241.342 1.169
242.331 0.989
243.615 1.284
244.914 1.299
246.135 1.221
247.456 1.321
248.704 1.248
249.884 1.18
250.755 0.871
251.709 0.954
252.61 0.901
253.895 1.285
255.111 1.216
256.091 0.98
257.128 1.037
258.326 1.198
259.564 1.238
260.653 1.089
261.915 1.262
263.136 1.221
264.297 1.161
265.492 1.195
266.826 1.334
267.831 1.005
268.874 1.043
270.165 1.291
271.436 1.271
272.594 1.158
273.6 1.006
274.751 1.151
275.969 1.218
277.117 1.148
278.185 1.068
279.175 0.99
280.126 0.951
280.453 0.327
280.969 0.516
281.826 0.857
282.751 0.925
283.896 1.145
284.832 0.936
285.698 0.866
286.748 1.05
287.805 1.057
288.985 1.18
290.247 1.262
291.424 1.177
292.445 1.021
293.594 1.149
294.933 1.339
295.994 1.061
297.226 1.232
298.358 1.132
299.625 1.267
300.875 1.25
301.999 1.124
303.301 1.302
304.336 1.035
305.53 1.194
306.6 1.07
307.793 1.193
308.954 1.161
309.965 1.011
311.27 1.305
312.468 1.198
313.525 1.057
314.861 1.336
316.148 1.287
317.412 1.264
318.614 1.202
319.723 1.109
320.848 1.125
321.789 0.941
322.708 0.919
323.736 1.028
324.999 1.263
326.149 1.15
327.14 0.991
328.177 1.037
329.276 1.099
329.981 0.705
330.261 0.28
331.293 1.032
332.501 1.208
333.67 1.169
334.733 1.063
335.832 1.099
336.804 0.972
337.933 1.129
338.27 0.337
338.983 0.713
340.166 1.183
341.282 1.116
342.392 1.11
343.617 1.225
344.765 1.148
345.834 1.069
346.15 0.316
346.412 0.262
347.103 0.691
348.329 1.226
349.509 1.18
350.492 0.983
351.58 1.088
352.671 1.091
353.841 1.17
355.043 1.202
355.881 0.838
357.011 1.13
358.13 1.119
359.118 0.988
360.091 0.973
361.109 1.018
362.301 1.192
363.338 1.037
364.487 1.149
365.785 1.298
367.006 1.221
368.254 1.248
369.429 1.175
370.393 0.964
371.501 1.108
372.787 1.286
373.873 1.086
374.916 1.043
376.234 1.318
377.527 1.293
378.606 1.079
379.761 1.155
381.051 1.29
382.235 1.184
383.51 1.275
384.803 1.293
386.0 1.197
386.996 0.996
388.254 1.258
389.529 1.275
390.214 0.685
390.592 0.378
391.763 1.171
393.054 1.291
394.172 1.118
395.052 0.88
395.303 0.251
395.816 0.513
396.592 0.776
397.877 1.285
398.287 0.41
399.03 0.743
400.293 1.263
401.418 1.125
401.697 0.279
402.084 0.387
402.429 0.345
403.686 1.257
404.488 0.802
404.851 0.363
405.118 0.267
405.371 0.253
405.725 0.354
407.073 1.348
408.324 1.251
408.775 0.451
409.309 0.534
410.539 1.23
410.855 0.316
411.842 0.987
412.934 1.092
413.187 0.253
413.478 0.291
414.166 0.688
415.44 1.274
416.701 1.261
417.246 0.545
417.89 0.644
419.163 1.273
420.413 1.25
421.003 0.59
421.278 0.275
421.566 0.288
422.649 1.083
423.586 0.937
424.57 0.984
425.274 0.704
425.551 0.277
426.353 0.802
426.856 0.503
427.211 0.355
427.693 0.482
427.979 0.286
428.835 0.856
429.742 0.907
430.608 0.866
431.499 0.891
432.35 0.851
433.225 0.875
434.121 0.896
435.09 0.969
436.132 1.042
437.109 0.977
437.985 0.876
438.907 0.922
439.734 0.827
440.556 0.822
441.74 1.184
443.135 1.395
444.47 1.335
445.776 1.306
447.049 1.273
448.229 1.18
449.51 1.281
450.777 1.267
451.971 1.194
453.211 1.24
454.542 1.331
455.773 1.231
457.035 1.262
458.339 1.304
459.533 1.194
460.624 1.091
461.875 1.251
463.043 1.168
464.158 1.115
465.376 1.218
466.4 1.024
467.671 1.271
468.86 1.189
469.973 1.113
471.209 1.236
472.302 1.093
473.485 1.183
474.736 1.251
475.907 1.171
477.199 1.292
478.468 1.269
479.59 1.122
480.724 1.134
481.886 1.162
482.91 1.024
483.833 0.923
484.917 1.084
486.166 1.249
487.317 1.151
488.52 1.203
489.737 1.217
490.793 1.056
491.878 1.085
493.045 1.167
494.022 0.977
495.111 1.089
496.329 1.218
497.453 1.124
498.615 1.162
499.779 1.164
500.831 1.052
501.959 1.128
503.05 1.091
504.058 1.008
505.221 1.163
506.346 1.125
507.423 1.077
508.597 1.174
509.769 1.172
510.828 1.059
512.03 1.202
513.212 1.182
514.159 0.947
515.112 0.953
516.129 1.017
517.071 0.942
517.976 0.905
519.015 1.039
520.064 1.049
521.149 1.085
522.124 0.975
523.061 0.937
524.026 0.965
525.1 1.074
526.119 1.019
527.212 1.093
528.324 1.112
529.311 0.987
530.304 0.993
531.547 1.243
532.738 1.191
533.844 1.106
535.039 1.195
536.051 1.012
537.259 1.208
538.547 1.288
539.627 1.08
540.736 1.109
541.974 1.238
542.957 0.983
544.088 1.131
545.359 1.271
546.483 1.124
547.705 1.222
548.908 1.203
549.937 1.029
551.051 1.114
552.071 1.02
553.011 0.94
554.161 1.15
555.206 1.045
556.19 0.984
557.354 1.164
558.425 1.071
559.504 1.079
560.654 1.15
561.739 1.085
562.922 1.183
564.154 1.232
565.227 1.073
566.374 1.147
567.486 1.112
568.481 0.995
569.519 1.038
570.563 1.044
571.521 0.958
572.464 0.943
573.614 1.15
574.74 1.126
575.677 0.937
576.666 0.989
577.761 1.095
578.753 0.992
579.706 0.953
580.766 1.06
581.908 1.142
582.903 0.995
583.983 1.08
585.121 1.138
586.146 1.025
587.081 0.935
588.055 0.974
589.027 0.972
589.981 0.954
591.129 1.148
592.237 1.108
593.366 1.129
594.519 1.153
595.598 1.079
596.776 1.178
597.974 1.198
599.081 1.107
600.214 1.133
601.34 1.126
602.38 1.04
603.535 1.155
604.653 1.118
605.631 0.978
606.669 1.038
607.672 1.003
608.617 0.945
609.753 1.136
610.924 1.171
611.989 1.065
612.922 0.933
613.952 1.03
615.095 1.143
616.107 1.012
617.242 1.135
618.325 1.083
619.418 1.093
620.0 0.582
620.272 0.272
621.317 1.045
622.414 1.097
623.556 1.142
624.519 0.963
625.521 1.002
626.455 0.934
627.425 0.97
628.448 1.023
629.37 0.922
630.318 0.948
631.253 0.935
632.094 0.841
632.942 0.848
633.824 0.882
634.739 0.915
635.646 0.907
636.895 1.249
638.195 1.3
639.377 1.182
640.577 1.2
641.777 1.2
642.763 0.986
644.021 1.258
645.235 1.214
646.156 0.921
647.219 1.063
648.283 1.064
649.553 1.27
650.895 1.342
652.1 1.205
653.302 1.202
654.285 0.983
655.223 0.938
656.184 0.961
657.262 1.078
658.232 0.97
659.358 1.126
660.43 1.072
661.51 1.08
662.724 1.214