0.000 1.095
1.095 1.095
2.192 1.097
3.108 0.916
4.096 0.988
4.835 0.739
5.207 0.372
5.664 0.457
12.846 0.847
13.709 0.863
14.657 0.948
15.63 0.973
16.521 0.891
17.369 0.848
18.241 0.872
19.083 0.842
19.986 0.903
20.94 0.954
21.907 0.967
22.852 0.945
23.906 1.054
24.963 1.057
25.869 0.906
26.796 0.927
27.852 1.056
29.006 1.154
30.088 1.082
31.163 1.075
32.362 1.199
33.363 1.001
34.547 1.184
35.472 0.925
36.497 1.025
37.563 1.066
38.702 1.139
39.968 1.266
41.042 1.074
42.248 1.206
43.476 1.228
44.554 1.078
45.8 1.246
47.018 1.218
48.032 1.014
49.242 1.21
50.479 1.237
51.602 1.123
52.882 1.28
54.094 1.212
55.19 1.096
56.44 1.25
57.659 1.219
58.855 1.196
60.126 1.271
61.32 1.194
62.473 1.153
63.686 1.213
64.815 1.129
65.951 1.136
67.184 1.233
68.367 1.183
69.651 1.284
70.867 1.216
71.98 1.113
73.039 1.059
74.266 1.227
75.441 1.175
76.525 1.084
77.758 1.233
78.924 1.166
79.985 1.061
81.078 1.093
82.092 1.014
83.142 1.05
84.302 1.16
85.364 1.062
86.456 1.092
87.504 1.048
88.487 0.983
89.477 0.99
90.412 0.935
91.423 1.011
92.515 1.092
93.507 0.992
94.562 1.055
95.69 1.128
96.787 1.097
97.953 1.166
98.957 1.004
100.051 1.094
101.168 1.117
102.268 1.1
103.5 1.232
104.585 1.085
105.707 1.122
106.769 1.062
107.735 0.966
108.868 1.133
109.915 1.047
110.984 1.069
112.157 1.173
113.194 1.037
114.267 1.073
115.374 1.107
116.359 0.985
117.459 1.1
118.551 1.092
119.577 1.026
120.755 1.178
121.798 1.043
122.91 1.112
124.077 1.167
125.132 1.055
126.313 1.181
127.492 1.179
128.535 1.043
129.635 1.1
130.781 1.146
131.877 1.096
133.137 1.26
134.29 1.153
135.415 1.125
136.63 1.215
137.66 1.03
138.722 1.062
139.714 0.992
140.717 1.003
141.924 1.207
143.122 1.198
144.193 1.071
145.385 1.192
146.568 1.183
147.668 1.1
148.762 1.094
149.731 0.969
150.759 1.028
151.967 1.208
153.058 1.091
154.085 1.027
155.186 1.101
156.27 1.084
157.322 1.052
158.511 1.189
159.572 1.061
160.621 1.049
161.879 1.258
162.941 1.062
163.957 1.016
165.121 1.164
166.293 1.172
167.362 1.069
168.527 1.165
169.54 1.013
170.427 0.887
171.447 1.02
172.722 1.275
173.866 1.144
174.987 1.121
176.105 1.118
177.165 1.06
178.416 1.251
179.523 1.107
180.611 1.088
181.631 1.02
182.713 1.082
183.881 1.168
185.048 1.167
186.021 0.973
187.014 0.993
187.922 0.908
188.858 0.936
189.848 0.99
190.886 1.038
191.899 1.013
192.892 0.993
193.806 0.914
194.758 0.952
195.805 1.047
196.879 1.074
197.902 1.023
198.829 0.927
199.865 1.036
201.015 1.15
202.211 1.196
203.342 1.131
204.375 1.033
205.331 0.956
206.26 0.929
207.167 0.907
208.085 0.918
209.094 1.009
210.39 1.296
211.466 1.076
212.616 1.15
213.743 1.127
214.915 1.172
215.991 1.076
217.025 1.034
217.94 0.915
218.844 0.904
219.799 0.955
220.915 1.116
221.986 1.071
222.927 0.941
223.836 0.909
224.666 0.83
225.512 0.846
226.417 0.905
227.305 0.888
228.37 1.065
229.579 1.209
230.755 1.176
231.854 1.099
233.013 1.159
234.078 1.065
235.166 1.088
236.377 1.211
237.345 0.968
238.356 1.011
239.284 0.928
240.558 1.274
241.667 1.109
242.938 1.271
244.073 1.135
245.088 1.015
246.385 1.297
247.699 1.314
248.958 1.259
250.301 1.343
251.547 1.246
252.809 1.262
254.163 1.354
255.399 1.236
256.508 1.109
257.799 1.291
259.123 1.324
260.364 1.241
261.45 1.086
262.502 1.052
263.522 1.02
264.532 1.01
265.459 0.927
266.724 1.265
267.914 1.19
269.143 1.229
270.31 1.167
271.27 0.96
272.192 0.922
273.127 0.935
274.076 0.949
274.934 0.858
275.788 0.854
276.928 1.14
278.138 1.21
279.326 1.188
280.239 0.913
281.185 0.946
282.263 1.078
283.346 1.083
284.326 0.98
285.395 1.069
286.535 1.14
287.482 0.947
288.472 0.99
289.559 1.087
290.539 0.98
291.632 1.093
292.773 1.141
293.794 1.021
294.903 1.109
296.065 1.162
297.023 0.958
297.976 0.953
298.997 1.021
299.965 0.968
301.07 1.105
302.143 1.073
303.229 1.086
304.391 1.162
305.385 0.994
306.512 1.127
307.614 1.102
308.674 1.06
309.998 1.324
311.095 1.097
312.304 1.209
313.623 1.319
314.749 1.126
315.825 1.076
317.044 1.219
318.154 1.11
319.396 1.242
320.646 1.25
321.717 1.071
322.654 0.937
323.66 1.006
324.997 1.337
326.266 1.269
327.599 1.333
328.834 1.235
329.863 1.029
331.055 1.192
332.307 1.252
333.308 1.001
334.389 1.081
335.541 1.152
336.663 1.122
337.689 1.026
338.66 0.971
339.643 0.983
340.677 1.034
341.562 0.885
342.489 0.927
343.552 1.063
344.64 1.088
345.643 1.003
346.575 0.932
347.577 1.002
348.617 1.04
349.472 0.855
350.288 0.816
351.186 0.898
352.535 1.349
353.854 1.319
355.165 1.311
356.432 1.267
357.682 1.25
358.917 1.235
360.085 1.168
361.12 1.035
362.169 1.049
363.286 1.117
364.44 1.154
365.431 0.991
366.469 1.038
367.48 1.011
368.613 1.133
369.845 1.232
370.997 1.152
371.968 0.971
373.065 1.097
374.333 1.268
375.445 1.112
376.641 1.196
377.958 1.317
379.246 1.288
380.307 1.061
381.582 1.275
382.865 1.283
383.803 0.938
384.953 1.15
386.309 1.356
387.448 1.139
388.758 1.31
390.014 1.256
391.142 1.128
392.406 1.264
393.671 1.265
394.909 1.238
396.172 1.263
397.273 1.101
398.43 1.157
399.777 1.347
400.99 1.213
402.291 1.301
403.585 1.294
404.637 1.052
405.743 1.106
407.058 1.315
408.309 1.251
409.492 1.183
410.81 1.318
412.017 1.207
413.176 1.159
414.494 1.318
415.763 1.269
416.891 1.128
418.176 1.285
419.45 1.274
420.668 1.218
421.926 1.258
423.061 1.135
424.105 1.044
425.36 1.255
426.484 1.124
427.594 1.11
428.805 1.211
429.914 1.109
430.972 1.058
432.251 1.279
433.37 1.119
434.501 1.131
435.733 1.232
436.91 1.177
437.947 1.037
439.123 1.176
440.364 1.241
441.408 1.044
442.547 1.139
443.652 1.105
444.668 1.016
445.901 1.233
447.115 1.214
448.243 1.128
449.417 1.174
450.489 1.072
451.618 1.129
452.869 1.251
454.045 1.176
455.156 1.111
456.386 1.23
457.442 1.056
458.675 1.233
459.826 1.151
461.001 1.175
462.331 1.33
463.521 1.19
464.609 1.088
465.884 1.275
467.106 1.222
468.343 1.237
469.614 1.271
470.712 1.098
471.88 1.168
473.191 1.311
474.282 1.091
475.479 1.197
476.739 1.26
477.768 1.029
479.005 1.237
480.302 1.297
481.427 1.125
482.701 1.274
483.948 1.247
485.111 1.163
486.395 1.284
487.545 1.15
488.549 1.004
489.58 1.031
490.66 1.08
491.695 1.035
492.77 1.075
493.831 1.061
494.801 0.97
495.789 0.988
496.787 0.998
497.717 0.93
498.711 0.994
499.818 1.107
500.847 1.029
501.969 1.122
502.981 1.012
504.094 1.113
505.318 1.224
506.324 1.006
507.44 1.116
508.686 1.246
509.808 1.122
510.852 1.044
512.11 1.258
513.334 1.224
514.392 1.058
515.633 1.241
516.896 1.263
518.004 1.108
519.272 1.268
520.429 1.157
521.617 1.188
522.951 1.334
524.119 1.168
525.279 1.16
526.546 1.267
527.714 1.168
528.849 1.135
530.042 1.193
531.186 1.144
532.384 1.198
533.71 1.326
534.893 1.183
536.11 1.217
537.342 1.232
538.414 1.072
539.557 1.143
540.801 1.244
541.875 1.074
543.17 1.295
544.404 1.234
545.42 1.016
546.615 1.195
547.867 1.252
548.93 1.063
550.151 1.221
551.393 1.242
552.384 0.991
553.568 1.184
554.817 1.249
556.06 1.243
557.298 1.238
558.43 1.132
559.512 1.082
560.439 0.927
561.439 1.0
562.685 1.246
563.876 1.191
564.914 1.038
566.133 1.219
567.341 1.208
568.457 1.116
569.421 0.964
570.445 1.024
571.506 1.061
572.403 0.897
573.338 0.935
574.5 1.162
575.568 1.068
576.594 1.026
577.632 1.038
578.608 0.976
579.481 0.873
580.304 0.823
581.095 0.791
581.858 0.763
582.6 0.742
583.339 0.739
584.113 0.774
584.883 0.77
585.735 0.852
586.754 1.019
587.919 1.165
589.128 1.209
590.144 1.016
591.24 1.096
592.345 1.105
593.402 1.057
594.29 0.888
595.134 0.844
595.919 0.785
596.705 0.786
597.47 0.765
598.353 0.883
599.694 1.341
600.962 1.268
602.133 1.171
603.263 1.13
604.315 1.052
605.36 1.045
606.32 0.96
607.273 0.953
608.153 0.88
608.993 0.84
610.057 1.064
611.117 1.06
612.106 0.989
613.17 1.064
614.215 1.045
615.0 0.785
615.867 0.867
616.691 0.824
617.69 0.999
618.976 1.286
620.258 1.282