0.000 0.717
7.716 0.717
8.464 0.748
9.213 0.749
9.979 0.766
10.731 0.752
11.485 0.754
12.253 0.768
12.737 0.484
12.994 0.257
13.682 0.688
14.416 0.734
15.178 0.762
15.979 0.801
16.743 0.764
17.498 0.755
18.224 0.726
18.973 0.749
19.762 0.789
20.534 0.772
21.318 0.784
22.116 0.798
22.917 0.801
23.683 0.766
24.456 0.773
25.233 0.777
26.019 0.786
26.817 0.798
27.627 0.81
28.422 0.795
29.194 0.772
30.018 0.824
30.9 0.882
31.748 0.848
32.598 0.85
33.458 0.86
34.301 0.843
35.16 0.859
36.05 0.89
36.905 0.855
37.743 0.838
38.586 0.843
39.405 0.819
40.181 0.776
40.956 0.775
41.752 0.796
42.593 0.841
43.437 0.844
44.317 0.88
45.224 0.907
46.104 0.88
46.969 0.865
47.815 0.846
48.633 0.818
49.458 0.825
50.282 0.824
51.123 0.841
51.934 0.811
52.76 0.826
53.587 0.827
54.428 0.841
55.277 0.849
56.118 0.841
56.926 0.808
57.724 0.798
58.519 0.795
59.288 0.769
60.048 0.76
60.807 0.759
61.556 0.749
62.294 0.738
63.074 0.78
63.835 0.761
64.597 0.762
65.34 0.743
66.047 0.707
66.755 0.708
67.504 0.749
68.283 0.779
69.102 0.819
69.921 0.819
70.748 0.827
71.578 0.83
72.405 0.827
73.222 0.817
74.068 0.846
74.931 0.863
75.849 0.918
76.819 0.97
77.795 0.976
78.766 0.971
79.755 0.989
80.73 0.975
81.596 0.866
82.461 0.865
83.359 0.898
84.247 0.888
85.139 0.892
86.016 0.877
86.851 0.835
87.685 0.834
88.528 0.843
89.402 0.874
90.247 0.845
91.103 0.856
91.975 0.872
92.843 0.868
93.632 0.789
94.354 0.722
95.084 0.73
95.877 0.793
96.879 1.002
97.921 1.042
98.951 1.03
99.936 0.985
100.843 0.907
101.714 0.871
102.581 0.867
103.452 0.871
104.322 0.87
105.153 0.831
105.997 0.844
106.856 0.859
107.724 0.868
108.583 0.859
109.493 0.91
110.483 0.99
111.489 1.006
112.405 0.916
113.293 0.888
114.174 0.881
115.014 0.84
115.83 0.816
116.66 0.83
117.51 0.85
118.368 0.858
119.216 0.848
120.073 0.857
121.013 0.94
121.955 0.942
122.853 0.898
123.767 0.914
124.702 0.935
125.61 0.908
126.5 0.89
127.399 0.899
128.329 0.93
129.273 0.944
130.266 0.993
131.307 1.041
132.273 0.966
133.22 0.947
134.147 0.927
134.99 0.843
135.82 0.83
136.638 0.818
137.46 0.822
138.273 0.813
139.124 0.851
140.015 0.891
140.898 0.883
141.799 0.901
142.701 0.902
143.53 0.829
144.334 0.804
145.122 0.788
145.901 0.779
146.673 0.772
147.437 0.764
148.185 0.748
148.955 0.77
149.742 0.787
150.528 0.786
151.342 0.814
152.17 0.828
153.011 0.841
153.836 0.825
154.644 0.808
155.44 0.796
156.243 0.803
157.079 0.836
157.889 0.81
158.726 0.837
159.597 0.871
160.516 0.919
161.436 0.92
162.316 0.88
163.183 0.867
164.045 0.862
164.914 0.869
165.749 0.835
166.601 0.852
167.47 0.869
168.395 0.925
169.297 0.902
170.209 0.912
171.14 0.931
172.061 0.921
172.93 0.869
173.798 0.868
174.691 0.893
175.52 0.829
176.367 0.847
177.247 0.88
178.193 0.946
179.121 0.928
179.984 0.863
180.851 0.867
181.738 0.887
182.604 0.866
183.473 0.869
184.374 0.901
185.336 0.962
186.328 0.992
187.261 0.933
188.126 0.865
188.937 0.811
189.767 0.83
190.663 0.896
191.671 1.008
192.696 1.025
193.675 0.979
194.58 0.905
195.469 0.889
196.336 0.867
197.164 0.828
197.973 0.809
198.783 0.81
199.608 0.825
200.431 0.823
201.21 0.779
202.001 0.791
202.818 0.817
203.626 0.808
204.399 0.773
205.176 0.777
205.957 0.781
206.754 0.797
207.581 0.827
208.443 0.862
209.309 0.866
210.164 0.855
210.972 0.808
211.75 0.778
212.547 0.797
213.376 0.829
214.282 0.906
215.246 0.964
216.21 0.964
217.138 0.928
218.057 0.919
218.999 0.942
219.977 0.978
220.92 0.943
221.879 0.959
222.848 0.969
223.81 0.962
224.744 0.934
225.755 1.011
226.791 1.036
227.783 0.992
228.767 0.984
229.726 0.959
230.645 0.919
231.561 0.916
232.506 0.945
233.449 0.943
234.366 0.917
235.295 0.929
236.252 0.957
237.221 0.969
238.124 0.903
238.99 0.866
239.855 0.865
240.759 0.904
241.676 0.917
242.544 0.868
243.383 0.839
244.235 0.852
245.115 0.88
246.021 0.906
246.917 0.896
247.779 0.862
248.656 0.877
249.571 0.915
250.52 0.949
251.391 0.871
252.239 0.848
253.095 0.856
253.954 0.859
254.73 0.776
255.502 0.772
256.265 0.763
257.01 0.745
257.712 0.702
258.431 0.719
259.147 0.716
259.863 0.716
260.566 0.703
261.283 0.717
262.038 0.755
262.871 0.833
263.78 0.909
264.633 0.853
265.431 0.798
266.206 0.775
266.973 0.767
267.736 0.763
268.48 0.744
269.217 0.737
269.97 0.753
270.759 0.789
271.6 0.841
272.448 0.848
273.329 0.881
274.247 0.918
275.168 0.921
276.056 0.888
276.894 0.838
277.73 0.836
278.563 0.833
279.371 0.808
280.148 0.777
280.907 0.759
281.672 0.765
282.488 0.816
283.367 0.879
284.3 0.933
285.204 0.904
286.05 0.846
286.883 0.833
287.718 0.835
288.57 0.852
289.44 0.87
290.301 0.861
291.12 0.819
291.925 0.805
292.733 0.808
293.573 0.84
294.401 0.828
295.245 0.844
296.126 0.881
297.04 0.914
297.915 0.875
298.749 0.834
299.579 0.83
300.407 0.828
301.22 0.813
302.0 0.78
302.756 0.756
303.509 0.753
304.3 0.791
305.154 0.854
306.013 0.859
306.865 0.852
307.737 0.872
308.621 0.884
309.471 0.85
310.315 0.844
311.167 0.852
312.033 0.866
312.872 0.839
313.743 0.871
314.632 0.889
315.52 0.888
316.4 0.88
317.291 0.891
318.218 0.927
319.189 0.971
320.138 0.949
321.119 0.981
322.126 1.007
323.117 0.991
324.033 0.916
324.893 0.86
325.76 0.867
326.676 0.916
327.635 0.959
328.537 0.902
329.467 0.93
330.431 0.964
331.384 0.953
332.394 1.01
333.454 1.06
334.455 1.001
335.392 0.937
336.309 0.917
337.22 0.911
338.111 0.891
338.929 0.818
339.755 0.826
340.584 0.829
341.396 0.812
342.195 0.799
343.022 0.827
343.884 0.862
344.744 0.86
345.581 0.837
346.399 0.818
347.21 0.811
347.988 0.778
348.747 0.759
349.5 0.753
350.249 0.749
350.994 0.745
351.741 0.747
352.515 0.774
353.326 0.811
354.19 0.864
355.045 0.855
355.93 0.885
356.841 0.911
357.832 0.991
358.767 0.935
359.712 0.945
360.63 0.918
361.491 0.861
362.291 0.8
363.073 0.782
363.872 0.799
364.743 0.871
365.697 0.954
366.648 0.951
367.531 0.883
368.407 0.876
369.249 0.842
370.079 0.83
370.871 0.792
371.598 0.727
372.329 0.731
373.103 0.774
373.969 0.866
374.899 0.93
375.94 1.041
377.038 1.098
378.06 1.022
378.978 0.918
379.856 0.878
380.709 0.853
381.573 0.864
382.397 0.824
383.298 0.901
384.314 1.016
385.314 1.0
386.238 0.924
387.231 0.993
388.224 0.993
389.133 0.909
390.038 0.905
391.065 1.027
392.061 0.996
392.969 0.908
393.837 0.868
394.793 0.956
395.851 1.058
396.798 0.947
397.676 0.878
398.623 0.947
399.709 1.086
400.73 1.021
401.775 1.045
402.85 1.075
403.819 0.969
404.798 0.979
405.924 1.126
407.029 1.105
408.006 0.977
408.988 0.982
410.107 1.119
411.129 1.022
412.109 0.98
413.241 1.132
414.291 1.05
415.217 0.926
416.225 1.008
417.425 1.2
418.483 1.058
419.44 0.957
420.523 1.083
421.667 1.144
422.641 0.974
423.648 1.007
424.608 0.96
425.521 0.913
426.384 0.863
427.244 0.86
428.156 0.912
429.155 0.999
430.088 0.933
431.004 0.916
431.951 0.947
432.971 1.02
434.009 1.038
434.955 0.946
435.878 0.923
436.815 0.937
437.755 0.94
438.636 0.881
439.433 0.797
440.214 0.781
441.081 0.867
442.099 1.018
443.208 1.109
444.274 1.066
445.312 1.038
446.311 0.999
447.23 0.919
448.076 0.846
448.895 0.819
449.744 0.849
450.625 0.881
451.554 0.929
452.46 0.906
453.397 0.937
454.354 0.957
455.318 0.964
456.222 0.904
457.112 0.89
458.065 0.953
459.19 1.125
460.298 1.108
461.266 0.968
462.108 0.842
462.902 0.794
463.697 0.795
464.563 0.866
465.554 0.991
466.509 0.955
467.453 0.944
468.343 0.89
469.179 0.836
469.978 0.799
470.753 0.775
471.508 0.755
472.24 0.732
472.934 0.694
473.617 0.683
474.315 0.698
475.044 0.729
475.854 0.81
476.745 0.891
477.661 0.916
478.525 0.864
479.317 0.792
480.086 0.769
480.864 0.778
481.677 0.813
482.541 0.864
483.398 0.857
484.244 0.846
485.07 0.826
485.886 0.816
486.698 0.812
487.461 0.763
488.212 0.751
488.945 0.733
489.662 0.717
490.38 0.718
491.105 0.725
491.924 0.819
492.758 0.834
493.609 0.851
494.466 0.857
495.328 0.862
496.149 0.821
496.932 0.783
497.719 0.787
498.538 0.819
499.429 0.891
500.381 0.952
501.275 0.894
502.181 0.906
503.082 0.901
503.947 0.865
504.843 0.896
505.762 0.919
506.673 0.911
507.514 0.841
508.36 0.846
509.222 0.862
510.123 0.901
511.001 0.878
511.81 0.809
512.651 0.841
513.532 0.881
514.443 0.911
515.319 0.876
516.184 0.865
517.048 0.864
517.921 0.873
518.787 0.866
519.613 0.826
520.408 0.795
521.188 0.78
521.977 0.789
522.778 0.801
523.544 0.766
524.303 0.759
525.076 0.773
525.851 0.775
526.622 0.771
527.39 0.768
528.192 0.802
529.09 0.898
530.091 1.001
531.08 0.989
532.005 0.925
532.888 0.883
533.729 0.841
534.523 0.794
535.304 0.781
536.077 0.773
536.853 0.776
537.656 0.803
538.471 0.815
539.249 0.778
540.053 0.804
540.871 0.818
541.71 0.839
542.592 0.882
543.414 0.822
544.241 0.827
545.068 0.827
545.923 0.855
546.756 0.833
547.584 0.828
548.413 0.829
549.27 0.857
550.099 0.829
550.91 0.811
551.714 0.804
552.53 0.816
553.351 0.821
554.187 0.836
555.03 0.843
555.848 0.818
556.617 0.769
557.399 0.782
558.217 0.818
559.079 0.862
559.949 0.87
560.781 0.832
561.658 0.877
562.57 0.912
563.514 0.944
564.47 0.956
565.396 0.926
566.273 0.877
567.097 0.824
567.886 0.789
568.682 0.796
569.507 0.825
570.291 0.784
571.099 0.808
571.981 0.882
572.977 0.996
573.97 0.993
574.889 0.919
575.779 0.89
576.616 0.837
577.387 0.771
578.117 0.73
578.847 0.73
579.607 0.76
580.422 0.815
581.269 0.847
582.104 0.835
582.921 0.817
583.74 0.819
584.554 0.814
585.335 0.781
586.086 0.751
586.841 0.755
587.601 0.76
588.397 0.796
589.196 0.799
589.971 0.775
590.779 0.808
591.619 0.84
592.49 0.871
593.383 0.893
594.242 0.859
595.092 0.85
595.944 0.852
596.777 0.833
597.574 0.797
598.353 0.779
599.158 0.805
600.021 0.863
600.958 0.937
601.846 0.888
602.669 0.823
603.491 0.822
604.334 0.843
605.192 0.858
606.026 0.834