0.000 0.457
0.457 0.457
1.331 0.874
1.984 0.653
3.333 1.349
3.998 0.665
4.461 0.463
5.325 0.864
5.983 0.658
7.321 1.338
7.966 0.645
8.62 0.654
9.293 0.673
9.988 0.695
10.706 0.718
11.464 0.758
12.206 0.742
12.965 0.759
14.473 1.508
15.163 0.69
16.57 1.407
17.236 0.666
18.627 1.391
19.287 0.66
20.667 1.38
21.321 0.654
22.701 1.38
23.3 0.599
23.976 0.676
24.613 0.637
25.257 0.644
25.908 0.651
26.546 0.638
26.982 0.436
27.909 0.927
28.561 0.652
28.967 0.406
29.879 0.912
30.496 0.617
31.742 1.246
32.341 0.599
33.598 1.257
34.19 0.592
35.428 1.238
36.008 0.58
37.232 1.224
37.808 0.576
38.211 0.403
39.001 0.79
39.544 0.543
40.135 0.591
40.71 0.575
41.306 0.596
41.898 0.592
42.48 0.582
43.06 0.58
43.641 0.581
44.226 0.585
44.814 0.588
45.41 0.596
46.023 0.613
46.685 0.662
47.3 0.615
47.897 0.597
48.492 0.595
49.082 0.59
50.262 1.18
50.831 0.569
51.28 0.449
51.965 0.685
52.523 0.558
53.608 1.085
54.147 0.539
55.204 1.057
55.728 0.524
56.772 1.044
57.297 0.525
57.826 0.529
58.37 0.544
58.922 0.552
59.485 0.563
60.052 0.567
60.628 0.576
61.203 0.575
61.781 0.578
62.35 0.569
62.911 0.561
63.477 0.566
64.057 0.58
64.644 0.587
65.237 0.593
65.831 0.594
66.426 0.595
67.02 0.594
67.619 0.599
68.221 0.602
68.831 0.61
69.448 0.617
70.065 0.617
70.685 0.62
71.331 0.646
71.967 0.636
72.62 0.653
73.27 0.65
73.933 0.663
74.59 0.657
75.247 0.657
75.908 0.661
76.558 0.65
77.216 0.658
77.884 0.668
78.561 0.677
79.221 0.66
79.897 0.676
80.584 0.687
81.285 0.701
81.976 0.691
82.676 0.7
83.387 0.711
84.105 0.718
84.805 0.7
85.514 0.709
86.231 0.717
86.939 0.708
87.651 0.712
88.376 0.725
89.106 0.73
89.82 0.714
90.545 0.725
91.279 0.734
91.993 0.714
92.716 0.723
93.447 0.731
94.168 0.721
94.88 0.712
96.285 1.405
96.954 0.669
98.266 1.312
98.916 0.65
100.246 1.33
100.889 0.643
102.23 1.341
102.866 0.636
104.208 1.342
104.87 0.662
106.209 1.339
106.885 0.676
108.237 1.352
108.926 0.689
109.644 0.718
110.344 0.7
111.068 0.724
112.552 1.484
113.253 0.701
114.67 1.417
115.357 0.687
116.68 1.323
117.318 0.638
118.612 1.294
119.248 0.636
120.562 1.314
121.183 0.621
122.501 1.318
123.152 0.651
124.523 1.371
125.196 0.673
126.581 1.385
127.223 0.642
128.539 1.316
129.175 0.636
130.541 1.366
131.202 0.661
132.598 1.396
133.275 0.677
134.683 1.408
135.339 0.656
136.741 1.402
137.43 0.689
138.891 1.461
139.605 0.714
141.066 1.461
141.753 0.687
143.181 1.428
143.866 0.685
145.323 1.457
145.981 0.658
147.37 1.389
148.037 0.667
149.442 1.405
150.134 0.692
151.536 1.402
152.247 0.711
153.676 1.429
154.342 0.666
155.661 1.319
156.295 0.634
157.641 1.346
158.303 0.662
159.716 1.413
160.419 0.703
161.817 1.398
162.456 0.639
163.773 1.317
164.414 0.641
165.727 1.313
166.347 0.62
167.606 1.259
168.211 0.605
169.477 1.266
170.091 0.614
170.559 0.468
171.412 0.853
172.046 0.634
173.36 1.314
173.988 0.628
175.268 1.28
175.882 0.614
177.194 1.312
177.82 0.626
179.163 1.343
179.826 0.663
181.228 1.402
181.898 0.67
183.28 1.382
183.925 0.645
185.288 1.363
185.924 0.636
187.225 1.301
187.837 0.612
189.12 1.283
189.737 0.617
191.051 1.314
191.687 0.636
193.01 1.323
193.65 0.64
195.008 1.358
195.656 0.648
197.003 1.347
197.654 0.651
199.065 1.411
199.709 0.644
201.118 1.409
201.79 0.672
203.221 1.431
203.909 0.688
205.361 1.452
206.028 0.667
207.332 1.304
207.948 0.616
209.257 1.309
209.901 0.644
211.328 1.427
212.003 0.675
213.422 1.419
214.086 0.664
215.473 1.387
216.144 0.671
217.524 1.38
218.202 0.678
219.609 1.407
220.296 0.687
221.729 1.433
222.389 0.66
223.828 1.439
224.521 0.693
225.975 1.454
226.716 0.741
228.17 1.454
228.889 0.719
230.318 1.429
230.979 0.661
232.421 1.442
233.138 0.717
234.603 1.465
235.338 0.735
236.807 1.469
237.479 0.672
238.943 1.464
239.657 0.714
241.098 1.441
241.821 0.723
243.26 1.439
243.968 0.708
245.377 1.409
246.052 0.675
247.473 1.421
248.149 0.676
249.588 1.439
250.29 0.702
251.713 1.423
252.41 0.697
253.821 1.411
254.523 0.702
255.928 1.405
256.615 0.687
258.016 1.401
258.677 0.661
259.398 0.721
260.205 0.807
261.014 0.809
261.864 0.85
262.722 0.858
263.539 0.817
265.156 1.617
265.911 0.755
267.431 1.52
268.166 0.735
269.586 1.42
270.287 0.701
271.688 1.401
272.36 0.672
273.057 0.697
273.793 0.736
274.515 0.722
275.308 0.793
276.098 0.79
276.879 0.781
278.402 1.523
279.152 0.75
280.58 1.428
281.285 0.705
282.682 1.397
283.369 0.687
284.086 0.717
284.784 0.698
285.48 0.696
286.237 0.757
287.002 0.765
287.698 0.696
289.142 1.444
289.846 0.704
291.291 1.445
291.983 0.692
293.385 1.402
294.035 0.65
295.37 1.335
296.006 0.636
296.66 0.654
297.354 0.694
298.087 0.733
298.851 0.764
299.566 0.715
301.077 1.511
301.771 0.694
303.18 1.409
303.841 0.661
305.186 1.345
305.838 0.652
307.172 1.334
307.802 0.63
309.131 1.329
309.768 0.637
310.45 0.682
311.14 0.69
311.863 0.723
312.593 0.73
313.357 0.764
314.079 0.722
314.823 0.744
316.276 1.453
316.96 0.684
318.334 1.374
318.992 0.658
320.343 1.351
320.992 0.649
322.349 1.357
322.993 0.644
324.351 1.358
324.988 0.637
326.337 1.349
326.997 0.66
328.409 1.412
329.081 0.672
329.769 0.688
330.478 0.709
331.257 0.779
331.996 0.739
333.491 1.495
334.203 0.712
335.614 1.411
336.287 0.673
337.663 1.376
338.322 0.659
339.697 1.375
340.371 0.674
341.779 1.408
342.448 0.669
343.871 1.423
344.534 0.663
345.937 1.403
346.602 0.665
347.96 1.358
348.608 0.648
349.956 1.348
350.59 0.634
351.205 0.615
351.848 0.643
352.52 0.672
353.268 0.748
354.001 0.733
355.404 1.403
356.038 0.634
357.304 1.266
357.901 0.597
359.135 1.234
359.728 0.593
360.917 1.189
361.49 0.573
361.899 0.409
362.666 0.767
363.241 0.575
363.654 0.413
364.461 0.807
365.047 0.586
366.269 1.222
366.848 0.579
368.026 1.178
368.605 0.579
369.817 1.212
370.404 0.587
371.614 1.21
372.2 0.586
373.434 1.234
374.03 0.596
375.294 1.264
375.9 0.606
377.199 1.299
377.813 0.614
379.177 1.364
379.804 0.627
381.129 1.325
381.762 0.633
383.139 1.377
383.787 0.648
385.159 1.372
385.79 0.631
387.162 1.372
387.787 0.625
389.136 1.349
389.758 0.622
390.188 0.43
391.147 0.959
391.818 0.671
393.26 1.442
393.938 0.678
395.401 1.463
396.062 0.661
396.485 0.423
397.51 1.025
398.126 0.616
398.947 0.821
399.704 0.757
400.547 0.843
401.376 0.829
402.143 0.767
402.583 0.44
403.73 1.147
404.509 0.779
404.898 0.389
406.1 1.202
406.87 0.77
407.329 0.459
408.411 1.082
409.137 0.726
409.592 0.455
410.627 1.035
411.322 0.695
411.71 0.388
412.785 1.075
413.453 0.668
413.826 0.373
414.83 1.004
415.482 0.652
415.902 0.42
416.863 0.961
417.519 0.656
417.94 0.421
418.917 0.977
419.601 0.684
420.023 0.422
421.0 0.977
421.64 0.64
422.061 0.421
422.929 0.868
423.555 0.626
424.84 1.285
425.461 0.621
425.886 0.425
426.7 0.814
427.295 0.595
427.663 0.368
428.505 0.842
429.107 0.602
429.526 0.419
430.403 0.877
431.004 0.601
431.368 0.364
432.258 0.89
432.882 0.624
434.242 1.36
434.871 0.629
435.293 0.422
436.214 0.921
436.865 0.651
437.504 0.639
438.141 0.637
438.804 0.663
439.502 0.698
440.976 1.474
441.686 0.71
442.436 0.75
443.168 0.732
443.892 0.724
445.346 1.454
446.046 0.7
446.754 0.708
447.481 0.727
448.2 0.719
448.93 0.73
449.695 0.765
450.482 0.787
452.012 1.53
452.76 0.748
453.218 0.458
454.211 0.993
454.888 0.677
455.319 0.431
456.268 0.949
456.909 0.641
457.336 0.427
458.262 0.926
458.923 0.661
459.365 0.442
460.315 0.95
460.995 0.68
461.45 0.455
462.401 0.951
463.061 0.66
463.463 0.402
464.412 0.949
465.057 0.645
465.472 0.415
466.421 0.949
467.086 0.665
467.531 0.445
468.481 0.95
469.162 0.681
469.609 0.447
470.581 0.972
471.251 0.67
471.691 0.44
472.653 0.962
473.303 0.65
473.738 0.435
474.684 0.946
475.347 0.663
475.801 0.454
476.739 0.938
477.428 0.689
478.154 0.726
478.862 0.708
479.615 0.753
480.38 0.765
481.136 0.756
481.876 0.74
482.335 0.459
483.363 1.028
484.052 0.689
484.491 0.439
485.415 0.924
486.067 0.652
486.501 0.434
487.387 0.886
488.024 0.637
488.441 0.417
489.323 0.882
489.95 0.627
490.36 0.41
491.235 0.875
491.844 0.609
492.263 0.419
493.157 0.894
493.782 0.625
494.205 0.423
495.125 0.92
495.78 0.655
496.215 0.435
497.145 0.93
497.805 0.66
498.223 0.418
499.188 0.965
499.834 0.646
500.256 0.422
501.205 0.949
501.854 0.649
502.292 0.438
503.234 0.942
503.886 0.652
504.321 0.435
505.242 0.921
505.903 0.661
506.338 0.435
507.267 0.929
507.918 0.651
508.333 0.415
509.235 0.902
509.846 0.611
510.263 0.417
511.087 0.824
511.695 0.608
512.121 0.426
512.925 0.804
513.523 0.598
513.946 0.423
514.722 0.776
515.294 0.572
515.713 0.419
516.443 0.73
517.006 0.563
517.417 0.411
518.142 0.725
518.702 0.56
519.122 0.42
519.801 0.679
520.35 0.549
520.747 0.397
521.468 0.721
522.017 0.549
522.411 0.394
523.138 0.727
523.688 0.55
524.108 0.42
524.839 0.731
525.401 0.562
525.833 0.432
526.576 0.743
527.15 0.574
527.579 0.429
528.403 0.824
528.996 0.593
529.413 0.417
530.218 0.805
530.804 0.586
531.252 0.448
531.997 0.745
532.581 0.584
533.178 0.597
533.813 0.635
534.498 0.685
535.205 0.707
535.904 0.699
536.589 0.685
537.27 0.681
537.925 0.655
538.362 0.437
539.21 0.848
539.828 0.618
540.432 0.604
541.032 0.6
541.632 0.6
542.258 0.626
542.906 0.648
543.579 0.673
544.251 0.672
544.929 0.678
545.38 0.451
546.293 0.913
546.926 0.633
547.55 0.624
548.166 0.616
548.795 0.629
549.452 0.657
550.124 0.672
550.804 0.68
551.509 0.705
552.217 0.708
552.937 0.72
553.686 0.749
554.429 0.743
555.153 0.724
555.889 0.736
556.609 0.72
557.362 0.753
558.118 0.756
558.874 0.756
559.597 0.723
560.355 0.758
561.102 0.747
561.835 0.733
562.535 0.7
562.952 0.417
563.926 0.974
564.598 0.672
565.029 0.431
565.913 0.884
566.544 0.631
566.991 0.447
567.812 0.821
568.419 0.607
568.855 0.436
569.684 0.829
570.299 0.615
570.744 0.445
571.588 0.844
572.196 0.608
572.624 0.428
573.418 0.794
574.02 0.602
574.469 0.449
575.402 0.933
576.049 0.647
576.499 0.45
577.491 0.992
578.179 0.688
578.649 0.47
579.658 1.009
580.361 0.703
580.823 0.462
581.811 0.988
582.487 0.676
582.921 0.434
583.907 0.986
584.551 0.644
584.969 0.418
585.942 0.973
586.592 0.65
587.014 0.422
588.035 1.021
588.73 0.695
589.159 0.429
590.191 1.032
590.875 0.684
591.304 0.429
592.296 0.992
592.956 0.66
593.377 0.421
594.364 0.987
595.04 0.676
595.466 0.426
596.457 0.991
597.139 0.682
597.583 0.444
598.578 0.995
599.266 0.688
599.723 0.457
600.748 1.025
601.43 0.682
601.868 0.438
602.888 1.02
603.582 0.694
604.024 0.442
605.031 1.007
605.73 0.699
606.166 0.436
607.174 1.008
607.87 0.696
608.324 0.454
609.293 0.969
609.965 0.672
610.408 0.443
611.374 0.966
612.047 0.673
612.5 0.453
613.472 0.972
614.141 0.669
614.58 0.439
615.569 0.989
616.26 0.691
616.716 0.456
617.758 1.042
618.481 0.723
618.948 0.467
619.983 1.035
620.659 0.676
621.093 0.434
622.069 0.976
622.741 0.672
623.183 0.442
624.149 0.966
624.814 0.665
625.25 0.436
626.187 0.937
626.834 0.647
627.262 0.428
628.185 0.923
628.779 0.594
629.188 0.409
630.201 1.013
630.864 0.663
631.302 0.438
632.255 0.953
632.907 0.652
633.345 0.438
634.209 0.864
634.909 0.7
635.583 0.674
636.03 0.447
636.979 0.949
637.641 0.662
638.07 0.429
638.958 0.888
639.588 0.63
640.221 0.633
640.848 0.627
641.483 0.635
642.127 0.644
642.884 0.757
643.6 0.716
644.333 0.733
644.807 0.474
645.811 1.004
646.488 0.677
646.914 0.426
647.857 0.943
648.533 0.676
648.972 0.439
649.856 0.884
650.502 0.646
650.932 0.43
651.799 0.867
652.43 0.631
652.839 0.409
653.676 0.837
654.277 0.601
654.695 0.418
655.499 0.804
656.105 0.606
656.519 0.414
657.372 0.853
657.972 0.6
658.383 0.411
659.252 0.869
659.843 0.591
660.258 0.415
661.12 0.862
661.732 0.612
662.163 0.431
663.062 0.899
663.695 0.633
664.131 0.436
665.032 0.901
665.662 0.63
666.084 0.422
667.003 0.919
667.638 0.635
668.054 0.416
668.963 0.909
669.601 0.638
670.007 0.406
670.973 0.966
671.619 0.646
672.023 0.404
672.979 0.956
673.611 0.632
674.287 0.676
675.048 0.761
675.809 0.761
676.623 0.814
677.469 0.846
678.271 0.802
679.116 0.845
679.986 0.87
680.789 0.803
681.215 0.426
682.367 1.152
683.077 0.71
683.487 0.41
684.476 0.989
685.116 0.64
685.72 0.604
686.322 0.602
686.945 0.623
687.603 0.658
688.313 0.71
689.029 0.716
689.721 0.692
690.158 0.437
691.108 0.95
691.795 0.687
692.219 0.424
693.121 0.902
693.761 0.64
694.162 0.401
695.073 0.911
695.696 0.623
696.103 0.407
697.018 0.915
697.669 0.651
698.068 0.399
699.079 1.011
699.768 0.689
700.179 0.411
701.202 1.023
701.905 0.703
702.315 0.41
703.373 1.058
704.039 0.666
704.446 0.407
705.517 1.071
706.224 0.707
706.646 0.422
707.698 1.052
708.448 0.75
708.873 0.425
709.94 1.067
710.667 0.727
711.071 0.404
712.169 1.098
712.857 0.688
713.265 0.408
714.28 1.015
714.975 0.695
715.392 0.417
716.385 0.993
717.087 0.702
717.507 0.42
718.518 1.011
719.205 0.687
719.606 0.401
720.645 1.039
721.33 0.685
721.744 0.414
722.758 1.014
723.413 0.655
723.826 0.413
724.824 0.998
725.509 0.685
725.926 0.417
726.931 1.005
727.634 0.703
728.052 0.418