0.000 0.99
0.99 0.99
1.406 0.416
1.967 0.561
2.527 0.56
2.855 0.328
3.743 0.888
4.749 1.006
5.746 0.997
6.621 0.875
7.546 0.925
8.534 0.988
9.466 0.932
10.29 0.824
11.182 0.892
12.201 1.019
13.094 0.893
14.035 0.941
15.012 0.977
16.035 1.023
16.939 0.904
17.936 0.997
19.087 1.151
20.194 1.107
21.241 1.047
22.348 1.107
23.444 1.096
24.498 1.054
25.433 0.935
26.345 0.912
27.652 1.307
28.91 1.258
30.058 1.148
31.095 1.037
32.149 1.054
33.318 1.169
34.452 1.134
35.498 1.046
36.438 0.94
37.601 1.163
38.894 1.293
40.073 1.179
41.116 1.043
42.185 1.069
43.388 1.203
44.513 1.125
45.488 0.975
46.549 1.061
47.805 1.256
48.981 1.176
50.079 1.098
51.27 1.191
52.455 1.185
53.473 1.018
54.603 1.13
55.831 1.228
56.942 1.111
57.867 0.925
58.829 0.962
60.049 1.22
61.225 1.176
62.283 1.058
63.42 1.137
64.535 1.115
65.537 1.002
66.549 1.012
67.733 1.184
68.836 1.103
69.805 0.969
70.92 1.115
72.194 1.274
73.373 1.179
74.504 1.131
75.624 1.12
76.686 1.062
77.756 1.07
78.958 1.202
80.091 1.133
81.116 1.025
82.136 1.02
83.179 1.043
84.22 1.041
85.164 0.944
86.234 1.07
87.361 1.127
88.467 1.106
89.575 1.108
90.622 1.047
91.539 0.917
92.51 0.971
93.468 0.958
94.289 0.821
95.197 0.908
96.204 1.007
97.127 0.923
98.039 0.912
98.947 0.908
99.819 0.872
100.682 0.863
101.641 0.959
102.6 0.959
103.39 0.79
104.149 0.759
104.886 0.737
105.678 0.792
106.508 0.83
107.325 0.817
108.195 0.87
109.109 0.914
110.047 0.938
110.925 0.878
111.808 0.883
112.731 0.923
113.631 0.9
114.507 0.876
115.335 0.828
116.26 0.925
117.315 1.055
118.33 1.015
119.333 1.003
120.379 1.046
121.441 1.062
122.397 0.956
123.331 0.934
124.288 0.957
125.243 0.955
126.143 0.9
126.971 0.828
127.853 0.882
128.928 1.075
130.008 1.08
130.968 0.96
131.92 0.952
132.93 1.01
133.939 1.009
134.899 0.96
135.955 1.056
137.08 1.125
138.12 1.04
139.097 0.977
140.157 1.06
141.287 1.13
142.317 1.03
143.217 0.9
144.153 0.936
145.14 0.987
146.218 1.078
147.181 0.963
148.278 1.097
149.409 1.131
150.453 1.044
151.41 0.957
152.37 0.96
153.345 0.975
154.257 0.912
155.143 0.886
156.064 0.921
157.063 0.999
158.051 0.988
158.966 0.915
159.954 0.988
161.072 1.118
162.092 1.02
162.965 0.873
163.844 0.879
164.66 0.816
165.464 0.804
166.458 0.994
167.445 0.987
168.363 0.918
169.393 1.03
170.511 1.118
171.541 1.03
172.459 0.918
173.335 0.876
174.347 1.012
175.386 1.039
176.436 1.05
177.38 0.944
178.36 0.98
179.437 1.077
180.462 1.025
181.426 0.964
182.468 1.042
183.556 1.088
184.532 0.976
185.527 0.995
186.567 1.04
187.599 1.032
188.511 0.912
189.351 0.84
190.256 0.905
191.417 1.161
192.585 1.168
193.663 1.078
194.761 1.098
195.812 1.051
196.78 0.968
197.763 0.983
198.821 1.058
199.839 1.018
200.783 0.944
201.758 0.975
202.802 1.044
203.8 0.998
204.876 1.076
205.995 1.119
207.031 1.036
208.081 1.05
209.177 1.096
210.212 1.035
211.222 1.01
212.314 1.092
213.39 1.076
214.33 0.94
215.29 0.96
216.422 1.132
217.506 1.084
218.516 1.01
219.684 1.168
220.81 1.126
221.885 1.075
223.033 1.148
224.122 1.089
225.082 0.96
226.081 0.999
227.181 1.1
228.234 1.053
229.168 0.934
230.125 0.957
231.333 1.208
232.434 1.101
233.501 1.067
234.67 1.169
235.787 1.117
236.774 0.987
237.704 0.93
238.72 1.016
239.849 1.129
240.93 1.081
241.942 1.012
243.03 1.088
244.099 1.069
245.118 1.019
246.123 1.005
247.147 1.024
248.173 1.026
249.136 0.963
250.091 0.955
251.088 0.997
252.123 1.035
253.032 0.909
253.956 0.924
254.98 1.024
256.043 1.063
257.07 1.027
258.132 1.062
259.188 1.056
260.144 0.956
261.129 0.985
262.178 1.049
263.133 0.955
263.977 0.844
264.952 0.975
266.141 1.189
267.28 1.139
268.322 1.042
269.392 1.07
270.449 1.057
271.41 0.961
272.375 0.965
273.344 0.969
274.33 0.986
275.27 0.94
276.282 1.012
277.382 1.1
278.396 1.014
279.358 0.962
280.406 1.048
281.476 1.07
282.442 0.966
283.445 1.003
284.619 1.174
285.723 1.104
286.782 1.059
287.929 1.147
289.019 1.09
289.989 0.97
290.992 1.003
292.006 1.014
292.96 0.954
293.818 0.858
294.68 0.862
295.666 0.986
296.65 0.984
297.546 0.896
298.467 0.921
299.435 0.968
300.405 0.97
301.357 0.952
302.232 0.875
303.031 0.799
303.823 0.792
304.686 0.863
305.587 0.901
306.541 0.954
307.529 0.988
308.436 0.907
309.392 0.956
310.422 1.03
311.444 1.022
312.4 0.956
313.287 0.887
314.168 0.881
315.13 0.962
316.208 1.078
317.215 1.007
318.242 1.027
319.381 1.139
320.47 1.089
321.475 1.005
322.556 1.081
323.611 1.055
324.584 0.973
325.595 1.011
326.664 1.069
327.673 1.009
328.665 0.992
329.713 1.048
330.713 1.0
331.758 1.045
332.919 1.161
334.026 1.107
335.065 1.039
336.16 1.095
337.237 1.077
338.223 0.986
339.277 1.054
340.327 1.05
341.282 0.955
342.327 1.045
343.43 1.103
344.423 0.993
345.454 1.031
346.58 1.126
347.647 1.067
348.583 0.936
349.549 0.966
350.533 0.984
351.485 0.952
352.399 0.914
353.487 1.088
354.566 1.079
355.565 0.999
356.507 0.942
357.56 1.053
358.641 1.081
359.628 0.987
360.648 1.02
361.703 1.055
362.718 1.015
363.628 0.91
364.609 0.981
365.702 1.093
366.744 1.042
367.772 1.028
368.833 1.061
369.822 0.989
370.853 1.031
371.933 1.08
372.978 1.045
373.944 0.966
374.964 1.02
376.011 1.047
377.008 0.997
377.941 0.933
378.9 0.959
379.747 0.847
380.54 0.793
381.399 0.859
382.277 0.878
383.104 0.827
383.927 0.823
384.782 0.855
385.669 0.887
386.551 0.882
387.4 0.849
388.292 0.892
389.209 0.917
390.107 0.898
390.992 0.885
391.919 0.927
392.865 0.946
393.778 0.913
394.753 0.975
395.772 1.019
396.723 0.951
397.716 0.993
398.748 1.032
399.747 0.999
400.751 1.004
401.805 1.054
402.863 1.058
403.832 0.969
404.846 1.014
405.879 1.033
406.824 0.945
407.797 0.973
408.781 0.984
409.787 1.006
410.739 0.952
411.748 1.009
412.736 0.988
413.692 0.956
414.745 1.053
415.806 1.061
416.799 0.993
417.803 1.004
418.802 0.999
419.762 0.96
420.794 1.032
421.914 1.12
422.933 1.019
423.934 1.001
424.914 0.98
425.855 0.941
426.661 0.806
427.438 0.777
428.28 0.842
429.319 1.039
430.358 1.039
431.353 0.995
432.453 1.1
433.479 1.026
434.479 1.0
435.457 0.978
436.393 0.936
437.301 0.908
438.225 0.924
439.159 0.934
440.079 0.92
441.06 0.981
442.031 0.971
442.98 0.949
443.929 0.949
444.91 0.981
445.867 0.957
446.844 0.977
447.854 1.01
448.822 0.968
449.769 0.947
450.742 0.973
451.715 0.973
452.645 0.93
453.632 0.987
454.69 1.058
455.72 1.03
456.661 0.941
457.607 0.946
458.583 0.976
459.582 0.999
460.487 0.905
461.326 0.839
462.143 0.817
463.07 0.927
464.31 1.24
465.468 1.158
466.556 1.088
467.535 0.979
468.402 0.867
469.21 0.808
470.007 0.797
470.946 0.939
471.98 1.034
473.034 1.054
474.051 1.017
475.017 0.966
475.941 0.924
476.811 0.87
477.614 0.803
478.356 0.742
479.115 0.759
479.971 0.856
481.044 1.073
482.146 1.102
483.25 1.104
484.269 1.019
485.249 0.98
486.182 0.933
487.029 0.847
487.825 0.796
488.59 0.765
489.337 0.747
490.083 0.746
490.812 0.729
491.542 0.73
492.34 0.798
493.277 0.937
494.266 0.989
495.274 1.008
496.284 1.01
497.189 0.905
497.994 0.805
498.79 0.796
499.687 0.897
500.664 0.977
501.601 0.937
502.494 0.893
503.43 0.936
504.403 0.973
505.374 0.971
506.268 0.894
507.113 0.845
508.015 0.902
509.106 1.091
510.148 1.042
511.093 0.945
512.073 0.98
513.132 1.059
514.163 1.031
515.033 0.87
515.818 0.785
516.612 0.794
517.628 1.016
518.711 1.083
519.663 0.952
520.727 1.064
521.849 1.122
522.892 1.043
523.899 1.007
524.942 1.043
526.014 1.072
526.982 0.968
527.952 0.97
528.943 0.991
529.915 0.972
530.878 0.963
531.876 0.998
532.858 0.982
533.806 0.948
534.797 0.991
535.794 0.997
536.757 0.963
537.723 0.966
538.712 0.989
539.697 0.985
540.614 0.917
541.55 0.936
542.495 0.945
543.398 0.903
544.318 0.92
545.294 0.976
546.282 0.988
547.242 0.96
548.237 0.995
549.254 1.017
550.262 1.008
551.307 1.045
552.347 1.04
553.306 0.959
554.184 0.878
555.157 0.973
556.123 0.966
557.054 0.931
558.019 0.965
558.984 0.965
559.875 0.891
560.78 0.905
561.691 0.911
562.567 0.876
563.466 0.899
564.424 0.958
565.389 0.965
566.319 0.93
567.266 0.947
568.245 0.979
569.148 0.903
570.004 0.856
570.82 0.816
571.629 0.809
572.456 0.827
573.429 0.973
574.437 1.008
575.537 1.1
576.529 0.992
577.561 1.032
578.569 1.008
579.435 0.866
580.3 0.865
581.141 0.841
581.968 0.827
582.773 0.805
583.539 0.766
584.28 0.741
585.024 0.744
585.778 0.754
586.55 0.772
587.324 0.774
588.16 0.836
588.992 0.832
589.8 0.808
590.641 0.841
591.474 0.833
592.256 0.782
593.011 0.755
593.759 0.748
594.498 0.739
595.254 0.756
596.105 0.851
596.885 0.78
597.69 0.805
598.565 0.875
599.384 0.819
600.179 0.795