0.000 0.675
0.675 0.675
1.356 0.681
2.021 0.665
2.678 0.657
3.312 0.634
3.969 0.657
4.604 0.635
5.294 0.69
6.12 0.826
6.867 0.747
7.52 0.653
8.158 0.638
8.784 0.626
9.403 0.619
10.013 0.61
10.627 0.614
11.251 0.624
11.894 0.643
12.541 0.647
13.198 0.657
13.893 0.695
14.68 0.787
15.439 0.759
16.159 0.72
16.849 0.69
17.492 0.643
18.139 0.647
18.801 0.662
19.495 0.694
20.199 0.704
20.929 0.73
21.667 0.738
22.404 0.737
23.089 0.685
23.778 0.689
24.471 0.693
25.19 0.719
25.945 0.755
26.679 0.734
27.413 0.734
28.09 0.677
28.748 0.658
29.414 0.666
30.09 0.676
30.818 0.728
31.527 0.709
32.204 0.677
32.863 0.659
33.507 0.644
34.219 0.712
34.948 0.729
35.642 0.694
36.341 0.699
37.024 0.683
37.716 0.692
38.402 0.686
39.06 0.658
39.678 0.618
40.297 0.619
40.93 0.633
41.639 0.709
42.427 0.788
43.208 0.781
44.035 0.827
44.857 0.822
45.663 0.806
46.413 0.75
47.092 0.679
47.772 0.68
48.465 0.693
49.206 0.741
49.945 0.739
50.743 0.798
51.537 0.794
52.281 0.744
53.037 0.756
53.79 0.753
54.493 0.703
55.186 0.693
55.905 0.719
56.708 0.803
57.527 0.819
58.332 0.805
59.145 0.813
59.893 0.748
60.592 0.699
61.262 0.67
61.899 0.637
62.534 0.635
63.17 0.636
63.852 0.682
64.738 0.886
65.62 0.882
66.434 0.814
67.148 0.714
67.842 0.694
68.498 0.656
69.135 0.637
69.757 0.622
70.389 0.632
71.089 0.7
72.026 0.937
72.942 0.916
73.774 0.832
74.556 0.782
75.283 0.727
75.969 0.686
76.628 0.659
77.255 0.627
77.899 0.644
78.56 0.661
79.236 0.676
79.907 0.671
80.61 0.703
81.293 0.683
81.971 0.678
82.658 0.687
83.326 0.668
83.981 0.655
84.627 0.646
85.28 0.653
85.93 0.65
86.605 0.675
87.321 0.716
88.053 0.732
88.813 0.76
89.536 0.723
90.23 0.694
90.875 0.645
91.507 0.632
92.12 0.613
92.736 0.616
93.356 0.62
93.986 0.63
94.649 0.663
95.319 0.67
96.032 0.713
96.715 0.683
97.379 0.664
98.029 0.65
98.672 0.643
99.312 0.64
99.942 0.63
100.587 0.645
101.247 0.66
101.925 0.678
102.594 0.669
103.242 0.648
103.881 0.639
104.532 0.651
105.193 0.661
105.839 0.646
106.504 0.665
107.227 0.723
108.005 0.778
108.788 0.783
109.52 0.732
110.206 0.686
110.847 0.641
111.483 0.636
112.111 0.628
112.776 0.665
113.516 0.74
114.366 0.85
115.175 0.809
115.885 0.71
116.589 0.704
117.264 0.675
117.964 0.7
118.657 0.693
119.354 0.697
120.07 0.716
120.811 0.741
121.603 0.792
122.443 0.84
123.267 0.824
124.012 0.745
124.759 0.747
125.504 0.745
126.208 0.704
126.959 0.751
127.72 0.761
128.476 0.756
129.225 0.749
129.969 0.744
130.725 0.756
131.492 0.767
132.2 0.708
132.89 0.69
133.577 0.687
134.239 0.662
134.926 0.687
135.649 0.723
136.404 0.755
137.17 0.766
137.889 0.719
138.624 0.735
139.355 0.731
140.087 0.732
140.811 0.724
141.513 0.702
142.238 0.725
142.985 0.747
143.754 0.769
144.51 0.756
145.265 0.755
146.011 0.746
146.704 0.693
147.399 0.695
148.103 0.704
148.804 0.701
149.537 0.733
150.321 0.784
151.06 0.739
151.809 0.749
152.548 0.739
153.264 0.716
153.921 0.657
154.571 0.65
155.226 0.655
155.928 0.702
156.704 0.776
157.472 0.768
158.217 0.745
158.966 0.749
159.694 0.728
160.391 0.697
161.05 0.659
161.694 0.644
162.344 0.65
163.008 0.664
163.69 0.682
164.377 0.687
165.033 0.656
165.677 0.644
166.31 0.633
166.944 0.634
167.62 0.676
168.365 0.745
169.104 0.739
169.78 0.676
170.442 0.662
171.103 0.661
171.763 0.66
172.423 0.66
173.134 0.711
173.917 0.783
174.701 0.784
175.476 0.775
176.24 0.764
176.966 0.726
177.638 0.672
178.293 0.655
178.946 0.653
179.619 0.673
180.339 0.72
181.054 0.715
181.783 0.729
182.449 0.666
183.099 0.65
183.732 0.633
184.368 0.636
185.014 0.646
185.649 0.635
186.278 0.629
186.915 0.637
187.553 0.638
188.168 0.615
188.761 0.593
189.359 0.598
189.951 0.592
190.528 0.577
191.109 0.581
191.701 0.592
192.311 0.61
192.924 0.613
193.526 0.602
194.132 0.606
194.746 0.614
195.388 0.642
196.056 0.668
196.777 0.721
197.515 0.738
198.206 0.691
198.861 0.655
199.505 0.644
200.156 0.651
200.848 0.692
201.551 0.703
202.28 0.729
203.094 0.814
203.929 0.835
204.671 0.742
205.397 0.726
206.11 0.713
206.797 0.687
207.462 0.665
208.111 0.649
208.756 0.645
209.405 0.649
210.076 0.671
210.82 0.744
211.559 0.739
212.337 0.778
213.153 0.816
213.97 0.817
214.691 0.721
215.371 0.68
216.026 0.655
216.657 0.631
217.275 0.618
217.89 0.615
218.523 0.633
219.142 0.619
219.775 0.633
220.434 0.659
221.064 0.63
221.692 0.628
222.309 0.617
222.918 0.609
223.498 0.58
224.075 0.577
224.658 0.583
225.261 0.603
225.855 0.594
226.473 0.618
227.103 0.63
227.752 0.649
228.416 0.664
229.062 0.646
229.709 0.647
230.383 0.674
231.096 0.713
231.779 0.683
232.429 0.65
233.061 0.632
233.701 0.64
234.366 0.665
235.021 0.655
235.701 0.68
236.372 0.671
237.01 0.638
237.633 0.623
238.263 0.63
238.887 0.624
239.514 0.627
240.141 0.627
240.756 0.615
241.365 0.609
241.99 0.625
242.636 0.646
243.33 0.694
244.097 0.767
244.829 0.732
245.529 0.7
246.234 0.705
246.937 0.703
247.613 0.676
248.307 0.694
249.053 0.746
249.782 0.729
250.515 0.733
251.265 0.75
251.996 0.731
252.708 0.712
253.431 0.723
254.143 0.712
254.824 0.681
255.503 0.679
256.214 0.711
256.988 0.774
257.734 0.746
258.478 0.744
259.221 0.743
259.918 0.697
260.616 0.698
261.304 0.688
261.978 0.674
262.666 0.688
263.345 0.679
264.011 0.666
264.708 0.697
265.435 0.727
266.253 0.818
267.08 0.827
267.815 0.735
268.531 0.716
269.198 0.667
269.859 0.661
270.515 0.656
271.175 0.66
271.875 0.7
272.602 0.727
273.414 0.812
274.348 0.934
275.236 0.888
276.016 0.78
276.777 0.761
277.513 0.736
278.224 0.711
278.94 0.716
279.682 0.742
280.478 0.796
281.308 0.83
282.049 0.741
282.782 0.733
283.512 0.73
284.223 0.711
284.931 0.708
285.656 0.725
286.424 0.768
287.204 0.78
287.935 0.731
288.645 0.71
289.377 0.732
290.144 0.767
290.913 0.769
291.633 0.72
292.345 0.712
293.073 0.728
293.808 0.735
294.527 0.719
295.254 0.727
295.977 0.723
296.689 0.712
297.359 0.67
298.005 0.646
298.637 0.632
299.255 0.618
299.897 0.642
300.639 0.742
301.409 0.77
302.211 0.802
303.068 0.857
303.899 0.831
304.638 0.739
305.363 0.725
306.071 0.708
306.751 0.68
307.451 0.7
308.182 0.731
308.911 0.729
309.67 0.759
310.419 0.749
311.171 0.752
311.901 0.73
312.589 0.688
313.256 0.667
313.918 0.662
314.583 0.665
315.246 0.663
315.894 0.648
316.559 0.665
317.303 0.744
318.074 0.771
318.895 0.821
319.719 0.824
320.473 0.754
321.173 0.7
321.869 0.696
322.584 0.715
323.351 0.767
324.098 0.747
324.843 0.745
325.635 0.792
326.487 0.852
327.342 0.855
328.102 0.76
328.851 0.749
329.594 0.743
330.315 0.721
331.076 0.761
331.934 0.858
332.828 0.894
333.662 0.834
334.523 0.861
335.389 0.866
336.155 0.766
336.845 0.69
337.517 0.672
338.192 0.675
338.93 0.738
339.688 0.758
340.437 0.749
341.235 0.798
342.057 0.822
342.892 0.835
343.642 0.75
344.366 0.724
345.093 0.727
345.828 0.735
346.53 0.702
347.219 0.689
347.91 0.691
348.623 0.713
349.331 0.708
350.055 0.724
350.834 0.779
351.654 0.82
352.441 0.787
353.181 0.74
353.888 0.707
354.57 0.682
355.219 0.649
355.863 0.644
356.518 0.655
357.214 0.696
357.977 0.763
358.692 0.715
359.38 0.688
360.048 0.668
360.722 0.674
361.446 0.724
362.174 0.728
362.899 0.725
363.631 0.732
364.375 0.744
365.094 0.719
365.8 0.706
366.521 0.721
367.289 0.768
368.11 0.821
368.872 0.762
369.636 0.764
370.421 0.785
371.227 0.806
371.964 0.737
372.686 0.722
373.426 0.74
374.237 0.811
375.027 0.79
375.795 0.768
376.566 0.771
377.344 0.778
378.088 0.744
378.809 0.721
379.537 0.728
380.291 0.754
381.019 0.728
381.739 0.72
382.494 0.755
383.296 0.802
384.084 0.788
384.862 0.778
385.636 0.774
386.417 0.781
387.153 0.736
387.892 0.739
388.644 0.752
389.401 0.757
390.116 0.715
390.845 0.729
391.593 0.748
392.391 0.798
393.142 0.751
393.881 0.739
394.625 0.744
395.393 0.768
396.138 0.745
396.855 0.717
397.587 0.732
398.343 0.756
399.1 0.757
399.807 0.707
400.494 0.687
401.182 0.688
401.885 0.703
402.587 0.702
403.287 0.7
403.998 0.711
404.708 0.71
405.386 0.678
406.057 0.671
406.738 0.681
407.459 0.721
408.231 0.772
408.959 0.728
409.659 0.7
410.358 0.699
411.087 0.729
411.859 0.772
412.666 0.807
413.419 0.753
414.14 0.721
414.851 0.711
415.596 0.745
416.408 0.812
417.233 0.825
417.983 0.75
418.701 0.718
419.423 0.722
420.147 0.724
420.888 0.741
421.596 0.708
422.289 0.693
422.993 0.704
423.726 0.733
424.508 0.782
425.257 0.749
425.991 0.734
426.683 0.692
427.366 0.683
428.014 0.648
428.651 0.637
429.28 0.629
429.906 0.626
430.548 0.642
431.291 0.743
432.056 0.765
432.82 0.764
433.58 0.76
434.317 0.737
435.003 0.686
435.664 0.661
436.318 0.654
436.978 0.66
437.672 0.694
438.385 0.713
439.117 0.732
439.9 0.783
440.68 0.78
441.42 0.74
442.168 0.748
442.916 0.748
443.64 0.724
444.348 0.708
445.067 0.719
445.803 0.736
446.525 0.722
447.254 0.729
448.018 0.764
448.807 0.789
449.529 0.722
450.221 0.692
450.916 0.695
451.634 0.718
452.396 0.762
453.155 0.759
453.936 0.781
454.742 0.806
455.529 0.787
456.258 0.729
456.981 0.723
457.712 0.731
458.453 0.741
459.186 0.733
459.951 0.765
460.755 0.804
461.572 0.817
462.329 0.757
463.101 0.772
463.898 0.797
464.713 0.815
465.475 0.762
466.242 0.767
467.01 0.768
467.781 0.771
468.504 0.723
469.234 0.73
470.008 0.774
470.819 0.811
471.576 0.757
472.296 0.72
473.027 0.731
473.764 0.737
474.517 0.753
475.227 0.71
475.943 0.716
476.68 0.737
477.454 0.774
478.2 0.746
478.968 0.768
479.719 0.751
480.42 0.701
481.102 0.682
481.792 0.69
482.51 0.718
483.253 0.743
483.986 0.733
484.722 0.736
485.495 0.773
486.306 0.811
487.049 0.743
487.77 0.721
488.477 0.707
489.179 0.702
489.858 0.679
490.535 0.677
491.236 0.701
492.02 0.784
492.873 0.853
493.638 0.765
494.388 0.75
495.128 0.74
495.861 0.733
496.578 0.717
497.275 0.697
497.996 0.721
498.802 0.806
499.691 0.889
500.476 0.785
501.221 0.745
501.942 0.721
502.658 0.716
503.342 0.684
504.023 0.681
504.724 0.701
505.482 0.758
506.271 0.789
507.017 0.746
507.762 0.745
508.496 0.734
509.206 0.71
509.884 0.678
510.549 0.665
511.191 0.642
511.851 0.66
512.589 0.738
513.317 0.728
514.051 0.734
514.793 0.742
515.574 0.781
516.313 0.739
517.033 0.72
517.757 0.724
518.494 0.737
519.239 0.745
519.934 0.695
520.623 0.689
521.327 0.704
522.099 0.772
522.892 0.793
523.684 0.792
524.504 0.82
525.327 0.823
526.069 0.742
526.785 0.716
527.496 0.711
528.222 0.726
528.973 0.751
529.7 0.727
530.438 0.738
531.207 0.769
532.029 0.822
532.825 0.796
533.62 0.795
534.424 0.804
535.229 0.805
535.974 0.745
536.686 0.712
537.358 0.672
538.018 0.66
538.649 0.631
539.272 0.623
539.903 0.631
540.574 0.671
541.481 0.907
542.338 0.857
543.206 0.868
544.08 0.874
544.93 0.85
545.703 0.773
546.404 0.701
547.07 0.666
547.733 0.663
548.421 0.688
549.204 0.783
550.005 0.801
550.813 0.808
551.675 0.862
552.546 0.871
553.321 0.775
554.057 0.736
554.8 0.743
555.535 0.735
556.227 0.692
556.912 0.685
557.608 0.696
558.342 0.734
559.08 0.738
559.805 0.725
560.549 0.744
561.338 0.789
562.136 0.798
562.883 0.747
563.595 0.712
564.31 0.715
565.067 0.757
565.841 0.774
566.604 0.763
567.391 0.787
568.199 0.808
568.968 0.769
569.663 0.695
570.333 0.67
571.001 0.668
571.718 0.717
572.523 0.805
573.294 0.771
574.059 0.765
574.869 0.81
575.667 0.798
576.383 0.716
577.082 0.699
577.773 0.691
578.482 0.709
579.178 0.696
579.861 0.683
580.553 0.692
581.259 0.706
581.969 0.71
582.642 0.673
583.303 0.661
583.972 0.669
584.659 0.687
585.378 0.719
586.069 0.691
586.763 0.694
587.46 0.697
588.166 0.706
588.841 0.675
589.502 0.661
590.167 0.665
590.885 0.718
591.654 0.769
592.406 0.752
593.158 0.752
593.916 0.758
594.645 0.729
595.333 0.688
596.008 0.675
596.679 0.671
597.363 0.684
598.044 0.681
598.725 0.681
599.432 0.707
600.184 0.752
600.932 0.748
601.63 0.698
602.296 0.666
602.946 0.65
603.579 0.633
604.2 0.621
604.828 0.628
605.489 0.661
606.208 0.719
606.975 0.767
607.731 0.756
608.46 0.729
609.144 0.684
609.812 0.668
610.453 0.641
611.076 0.623
611.689 0.613
612.306 0.617
612.936 0.63
613.646 0.71
614.516 0.87
615.267 0.751
616.01 0.743
616.744 0.734
617.49 0.746
618.188 0.698
618.852 0.664
619.475 0.623
620.095 0.62
620.696 0.601
621.285 0.589
621.887 0.602
622.505 0.618
623.128 0.623
623.741 0.613
624.344 0.603
624.938 0.594
625.527 0.589
626.11 0.583
626.683 0.573
627.247 0.564
627.81 0.563
628.381 0.571
628.996 0.615
629.888 0.892
630.583 0.695
631.253 0.67
631.948 0.695
632.68 0.732
633.373 0.693
634.067 0.694
634.752 0.685
635.414 0.662
636.127 0.713
636.874 0.747
637.535 0.661
638.175 0.64
638.802 0.627
639.433 0.631
640.091 0.658
640.783 0.692
641.467 0.684
642.16 0.693
642.891 0.731
643.674 0.783
644.419 0.745
645.109 0.69
645.791 0.682
646.479 0.688
647.164 0.685
647.826 0.662
648.498 0.672
649.184 0.686
649.896 0.712
650.579 0.683
651.228 0.649
651.86 0.632
652.481 0.621
653.089 0.608
653.727 0.638
654.403 0.676
655.071 0.668
655.756 0.685
656.452 0.696
657.168 0.716
657.874 0.706
658.56 0.686
659.255 0.695
659.97 0.715
660.727 0.757