0.000 0.855
0.855 0.855
1.695 0.84
2.582 0.887
3.468 0.886
4.302 0.834
5.167 0.865
6.107 0.94
6.97 0.863
7.811 0.841
8.717 0.906
9.633 0.916
10.535 0.902
11.499 0.964
12.489 0.99
13.331 0.842
14.171 0.84
15.103 0.932
16.002 0.899
16.84 0.838
17.764 0.924
18.733 0.969
19.655 0.922
20.503 0.848
21.378 0.875
22.232 0.854
23.005 0.773
23.775 0.77
24.567 0.792
25.36 0.793
26.155 0.795
26.992 0.837
27.778 0.786
28.609 0.831
29.514 0.905
30.499 0.985
31.403 0.904
32.251 0.848
33.1 0.849
33.901 0.801
34.726 0.825
35.794 1.068
36.739 0.945
37.632 0.893
38.606 0.974
39.611 1.005
40.506 0.895
41.43 0.924
42.41 0.98
43.319 0.909
44.173 0.854
45.105 0.932
46.006 0.901
46.821 0.815
47.615 0.794
48.434 0.819
49.298 0.864
50.142 0.844
50.898 0.756
51.652 0.754
52.467 0.815
53.559 1.092
54.514 0.955
55.386 0.872
56.274 0.888
57.182 0.908
58.131 0.949
59.038 0.907
59.977 0.939
60.919 0.942
61.88 0.961
62.806 0.926
63.69 0.884
64.677 0.987
65.737 1.06
66.721 0.984
67.697 0.976
68.685 0.988
69.637 0.952
70.575 0.938
71.475 0.9
72.305 0.83
73.222 0.917
74.19 0.968
75.167 0.977
76.064 0.897
77.096 1.032
78.124 1.028
79.119 0.995
80.048 0.929
80.959 0.911
81.871 0.912
82.762 0.891
83.659 0.897
84.599 0.94
85.519 0.92
86.436 0.917
87.423 0.987
88.434 1.011
89.4 0.966
90.405 1.005
91.406 1.001
92.273 0.867
93.147 0.874
93.978 0.831
94.782 0.804
95.684 0.902
96.69 1.006
97.64 0.95
98.599 0.959
99.595 0.996
100.552 0.957
101.393 0.841
102.23 0.837
103.051 0.821
103.885 0.834
104.746 0.861
105.702 0.956
106.614 0.912
107.481 0.867
108.448 0.967
109.459 1.011
110.394 0.935
111.275 0.881
112.19 0.915
113.134 0.944
114.039 0.905
114.987 0.948
115.914 0.927
116.795 0.881
117.683 0.888
118.629 0.946
119.596 0.967
120.543 0.947
121.471 0.928
122.421 0.95
123.38 0.959
124.312 0.932
125.213 0.901
126.088 0.875
127.011 0.923
128.012 1.001
128.944 0.932
129.908 0.964
130.918 1.01
131.907 0.989
132.775 0.868
133.627 0.852
134.462 0.835
135.285 0.823
136.09 0.805
136.897 0.807
137.987 1.09
138.972 0.985
139.851 0.879
140.731 0.88
141.593 0.862
142.406 0.813
143.189 0.783
144.052 0.863
144.986 0.934
145.921 0.935
146.766 0.845
147.602 0.836
148.469 0.867
149.364 0.895
150.237 0.873
151.179 0.942
152.215 1.036
153.203 0.988
154.118 0.915
155.132 1.014
156.139 1.007
157.027 0.888
157.918 0.891
158.849 0.931
159.832 0.983
160.738 0.906
161.738 1.0
162.753 1.015
163.74 0.987
164.709 0.969
165.704 0.995
166.666 0.962
167.596 0.93
168.578 0.982
169.518 0.94
170.41 0.892
171.283 0.873
172.247 0.964
173.283 1.036
174.236 0.953
175.204 0.968
176.213 1.009
177.174 0.961
178.064 0.89
179.001 0.937
179.961 0.96
180.859 0.898
181.772 0.913
182.748 0.976
183.682 0.934
184.533 0.851
185.389 0.856
186.331 0.942
187.305 0.974
188.22 0.915
189.076 0.856
189.853 0.777
190.619 0.766
191.416 0.797
192.381 0.965
193.341 0.96
194.299 0.958
195.269 0.97
196.167 0.898
197.039 0.872
197.896 0.857
198.812 0.916
199.719 0.907
200.602 0.883
201.467 0.865
202.438 0.971
203.483 1.045
204.397 0.914
205.267 0.87
206.302 1.035
207.247 0.945
208.141 0.894
209.096 0.955
210.068 0.972
211.021 0.953
211.902 0.881
212.835 0.933
213.888 1.053
214.923 1.035
215.857 0.934
216.898 1.041
217.927 1.029
218.885 0.958
219.75 0.865
220.737 0.987
221.851 1.114
222.85 0.999
223.787 0.937
224.79 1.003
225.851 1.061
226.803 0.952
227.667 0.864
228.571 0.904
229.524 0.953
230.415 0.891
231.326 0.911
232.356 1.03
233.408 1.052
234.323 0.915
235.327 1.004
236.283 0.956
237.14 0.857
238.054 0.914
239.009 0.955
239.921 0.912
240.803 0.882
241.779 0.976
242.818 1.039
243.798 0.98
244.736 0.938
245.728 0.992
246.701 0.973
247.57 0.869
248.448 0.878
249.399 0.951
250.364 0.965
251.243 0.879
252.196 0.953
253.221 1.025
254.214 0.993
255.132 0.918
256.029 0.897
256.906 0.877
257.726 0.82
258.493 0.767
259.289 0.796
260.343 1.054
261.317 0.974
262.232 0.915
263.135 0.903
264.049 0.914
264.985 0.936
265.903 0.918
266.843 0.94
267.768 0.925
268.624 0.856
269.479 0.855
270.413 0.934
271.435 1.022
272.367 0.932
273.363 0.996
274.369 1.006
275.289 0.92
276.14 0.851
276.988 0.848
277.84 0.852
278.886 1.046
279.922 1.036
280.887 0.965
281.848 0.961
282.785 0.937
283.692 0.907
284.545 0.853
285.41 0.865
286.345 0.935
287.222 0.877
288.175 0.953
289.168 0.993
290.085 0.917
291.024 0.939
291.988 0.964
292.874 0.886
293.742 0.868
294.634 0.892
295.433 0.799
296.25 0.817
297.149 0.899
298.025 0.876
298.891 0.866
299.846 0.955
300.832 0.986
301.704 0.872
302.618 0.914
303.513 0.895
304.337 0.824
305.138 0.801
306.065 0.927
306.926 0.861
307.762 0.836
308.663 0.901
309.66 0.997
310.651 0.991
311.632 0.981
312.626 0.994
313.614 0.988
314.641 1.027
315.709 1.068
316.749 1.04
317.734 0.985
318.741 1.007
319.781 1.04
320.751 0.97
321.735 0.984
322.74 1.005
323.695 0.955
324.689 0.994
325.694 1.005
326.689 0.995
327.616 0.927
328.576 0.96
329.583 1.007
330.553 0.97
331.574 1.021
332.585 1.011
333.565 0.98
334.464 0.899
335.421 0.957
336.411 0.99
337.333 0.922
338.2 0.867
339.123 0.923
340.165 1.042
341.154 0.989
342.031 0.877
342.984 0.953
344.055 1.071
345.092 1.037
346.022 0.93
346.882 0.86
347.768 0.886
348.653 0.885
349.482 0.829
350.306 0.824
351.158 0.852
352.058 0.9
352.951 0.893
353.78 0.829
354.579 0.799
355.368 0.789
356.137 0.769
357.31 1.173
358.338 1.028
359.294 0.956
360.28 0.986
361.323 1.043
362.306 0.983
363.275 0.969
364.313 1.038
365.381 1.068
366.415 1.034
367.467 1.052
368.508 1.041
369.507 0.999
370.545 1.038
371.596 1.051
372.558 0.962
373.43 0.872
374.399 0.969
375.428 1.029
376.325 0.897
377.109 0.784
377.833 0.724
379.063 1.23
380.199 1.136
381.257 1.058
382.222 0.965
383.102 0.88
384.106 1.004
385.15 1.044
386.095 0.945
387.025 0.93
387.957 0.932
388.83 0.873
389.693 0.863
390.62 0.927
391.661 1.041
392.755 1.094
393.838 1.083
394.877 1.039
395.896 1.019
396.965 1.069
398.018 1.053
399.027 1.009
399.971 0.944
400.984 1.013
401.978 0.994
402.988 1.01
404.033 1.045
405.08 1.047
406.029 0.949
406.934 0.905
407.942 1.008
408.995 1.053
409.941 0.946
410.793 0.852
411.697 0.904
412.641 0.944
413.568 0.927
414.418 0.85
415.35 0.932
416.286 0.936
417.15 0.864
418.024 0.874
418.955 0.931
419.853 0.898
420.683 0.83
421.532 0.849
422.377 0.845
423.257 0.88
424.063 0.806
424.924 0.861
425.894 0.97
426.811 0.917
427.741 0.93
428.679 0.938
429.574 0.895
430.493 0.919
431.489 0.996
432.438 0.949
433.362 0.924
434.316 0.954
435.273 0.957
436.173 0.9
437.106 0.933
438.032 0.926
438.902 0.87
439.783 0.881
440.697 0.914
441.614 0.917
442.527 0.913
443.498 0.971
444.443 0.945
445.299 0.856
446.155 0.856
446.958 0.803
447.692 0.734
448.496 0.804
449.375 0.879
450.228 0.853
451.253 1.025
452.227 0.974
453.107 0.88
453.997 0.89
454.924 0.927
455.811 0.887
456.609 0.798
457.371 0.762
458.099 0.728
458.937 0.838
460.156 1.219
461.226 1.07
462.185 0.959
463.154 0.969
464.135 0.981
465.134 0.999
466.093 0.959
467.133 1.04
468.171 1.038
469.141 0.97
470.139 0.998
471.18 1.041
472.186 1.006
473.108 0.922
474.1 0.992
475.136 1.036
476.097 0.961
477.087 0.99
478.17 1.083
479.177 1.007
480.077 0.9
481.094 1.017
482.103 1.009
483.061 0.958
483.911 0.85
484.741 0.83
485.576 0.835
486.421 0.845
487.231 0.81
488.04 0.809
489.138 1.098
490.115 0.977
491.007 0.892
491.898 0.891
492.751 0.853
493.522 0.771
494.307 0.785
495.306 0.999
496.201 0.895
497.139 0.938
498.119 0.98
499.079 0.96
500.069 0.99
501.097 1.028
502.118 1.021
503.111 0.993
504.137 1.026
505.13 0.993
506.04 0.91
506.984 0.944
507.879 0.895
508.712 0.833
509.539 0.827
510.621 1.082
511.766 1.145
512.733 0.967
513.672 0.939
514.668 0.996
515.633 0.965
516.5 0.867
517.41 0.91
518.366 0.956
519.307 0.941
520.19 0.883
521.142 0.952
522.166 1.024
523.14 0.974
524.179 1.039
525.258 1.079
526.234 0.976
527.109 0.875
527.963 0.854
528.87 0.907
529.806 0.936
530.679 0.873
531.605 0.926
532.668 1.063
533.626 0.958
534.501 0.875
535.433 0.932
536.337 0.904
537.157 0.82
537.939 0.782
538.651 0.712
539.38 0.729
540.204 0.824
541.066 0.862
541.928 0.862
543.002 1.074
544.018 1.016
544.977 0.959
545.995 1.018
547.033 1.038
547.993 0.96
548.964 0.971
549.973 1.009
550.966 0.993
551.931 0.965
552.953 1.022
553.904 0.951
554.798 0.894
555.637 0.839
556.484 0.847
557.4 0.916
558.422 1.022
559.566 1.144
560.716 1.15
561.746 1.03
562.696 0.95
563.689 0.993
564.682 0.993
565.58 0.898
566.551 0.971
567.591 1.04
568.537 0.946
569.559 1.022
570.591 1.032
571.478 0.887
572.422 0.944
573.384 0.962
574.31 0.926
575.247 0.937
576.29 1.043
577.272 0.982
578.202 0.93
579.193 0.991
580.2 1.007
581.078 0.878
581.939 0.861
582.804 0.865
583.675 0.871
584.519 0.844
585.381 0.862
586.348 0.967
587.373 1.025
588.349 0.976
589.347 0.998
590.31 0.963
591.201 0.891
592.086 0.885
592.958 0.872
593.838 0.88
594.689 0.851
595.54 0.851
596.331 0.791
597.103 0.772
597.834 0.731
598.54 0.706
599.263 0.723
600.065 0.802
600.987 0.922
601.926 0.939
602.86 0.934
603.779 0.919
604.721 0.942
605.616 0.895
606.43 0.814
607.226 0.796
608.048 0.822
609.052 1.004
609.912 0.86
610.675 0.763
611.409 0.734
612.219 0.81
613.444 1.225
614.554 1.11
615.678 1.124
616.72 1.042
617.713 0.993
618.688 0.975
619.53 0.842
620.328 0.798
621.119 0.791
622.301 1.182
623.388 1.087
624.453 1.065
625.495 1.042
626.518 1.023
627.51 0.992
628.428 0.918
629.319 0.891
630.279 0.96
631.194 0.915
632.123 0.929
633.061 0.938
634.047 0.986
634.94 0.893
635.791 0.851
636.584 0.793
637.447 0.863
638.566 1.119
639.595 1.029
640.55 0.955
641.509 0.959
642.477 0.968
643.344 0.867
644.16 0.816
644.936 0.776
645.702 0.766
646.423 0.721
647.139 0.716
647.848 0.709
648.537 0.689
649.214 0.677
649.883 0.669
650.585 0.702
651.745 1.16
652.761 1.016
653.794 1.033
654.814 1.02
655.789 0.975
656.653 0.864
657.624 0.971
658.585 0.961