0.000 0.672
0.672 0.672
1.371 0.699
2.097 0.726
2.824 0.727
3.531 0.707
4.259 0.728
4.972 0.713
5.687 0.715
6.409 0.722
7.132 0.723
7.853 0.721
8.552 0.699
9.242 0.69
9.921 0.679
10.601 0.68
11.313 0.712
12.077 0.764
12.868 0.791
13.673 0.805
14.471 0.798
15.277 0.806
16.084 0.807
16.874 0.79
17.647 0.773
18.398 0.751
19.165 0.767
19.945 0.78
20.712 0.767
21.471 0.759
22.202 0.731
22.923 0.721
23.632 0.709
24.339 0.707
25.038 0.699
25.727 0.689
26.394 0.667
27.064 0.67
27.731 0.667
28.383 0.652
29.028 0.645
29.668 0.64
30.315 0.647
30.974 0.659
31.653 0.679
32.349 0.696
33.06 0.711
33.777 0.717
34.531 0.754
35.3 0.769
36.08 0.78
36.848 0.768
37.581 0.733
38.289 0.708
38.974 0.685
39.666 0.692
40.397 0.731
41.182 0.785
41.998 0.816
42.81 0.812
43.594 0.784
44.327 0.733
45.047 0.72
45.772 0.725
46.498 0.726
47.243 0.745
47.988 0.745
48.719 0.731
49.456 0.737
50.207 0.751
50.966 0.759
51.714 0.748
52.466 0.752
53.207 0.741
53.933 0.726
54.642 0.709
55.338 0.696
56.017 0.679
56.695 0.678
57.387 0.692
58.098 0.711
58.821 0.723
59.542 0.721
60.261 0.719
60.985 0.724
61.724 0.739
62.471 0.747
63.219 0.748
63.95 0.731
64.676 0.726
65.41 0.734
66.147 0.737
66.876 0.729
67.606 0.73
68.342 0.736
69.08 0.738
69.799 0.719
70.509 0.71
71.214 0.705
71.918 0.704
72.65 0.732
73.395 0.745
74.118 0.723
74.842 0.724
75.554 0.712
76.257 0.703
76.945 0.688
77.621 0.676
78.298 0.677
78.963 0.665
79.613 0.65
80.241 0.628
80.87 0.629
81.505 0.635
82.149 0.644
82.81 0.661
83.511 0.701
84.272 0.761
85.095 0.823
85.937 0.842
86.753 0.816
87.529 0.776
88.247 0.718
88.939 0.692
89.613 0.674
90.265 0.652
90.905 0.64
91.496 0.591
92.146 0.65
92.778 0.632
93.421 0.643
94.068 0.647
94.722 0.654
95.389 0.667
96.068 0.679
96.75 0.682
97.431 0.681
98.114 0.683
98.809 0.695
99.509 0.7
100.21 0.701
100.908 0.698
101.612 0.704
102.313 0.701
103.035 0.722
103.78 0.745
104.515 0.735
105.249 0.734
106.004 0.755
106.76 0.756
107.528 0.768
108.287 0.759
109.037 0.75
109.767 0.73
110.465 0.698
111.15 0.685
111.819 0.669
112.472 0.653
113.122 0.65
113.771 0.649
114.407 0.636
115.038 0.631
115.687 0.649
116.36 0.673
117.059 0.699
117.783 0.724
118.513 0.73
119.246 0.733
119.978 0.732
120.703 0.725
121.415 0.712
122.117 0.702
122.819 0.702
123.527 0.708
124.245 0.718
124.968 0.723
125.696 0.728
126.44 0.744
127.199 0.759
127.944 0.745
128.674 0.73
129.42 0.746
130.184 0.764
130.96 0.776
131.73 0.77
132.475 0.745
133.21 0.735
133.952 0.742
134.696 0.744
135.447 0.751
136.194 0.747
136.927 0.733
137.675 0.748
138.432 0.757
139.192 0.76
139.941 0.749
140.682 0.741
141.437 0.755
142.206 0.769
142.959 0.753
143.692 0.733
144.415 0.723
145.12 0.705
145.824 0.704
146.522 0.698
147.206 0.684
147.89 0.684
148.577 0.687
149.273 0.696
149.973 0.7
150.669 0.696
151.345 0.676
152.024 0.679
152.702 0.678
153.39 0.688
154.082 0.692
154.773 0.691
155.467 0.694
156.182 0.715
156.914 0.732
157.665 0.751
158.401 0.736
159.121 0.72
159.838 0.717
160.541 0.703
161.248 0.707
161.948 0.7
162.648 0.7
163.351 0.703
164.049 0.698
164.74 0.691
165.425 0.685
166.108 0.683
166.794 0.686
167.463 0.669
168.127 0.664
168.803 0.676
169.488 0.685
170.201 0.713
170.909 0.708
171.612 0.703
172.314 0.702
173.016 0.702
173.711 0.695
174.401 0.69
175.086 0.685
175.767 0.681
176.447 0.68
177.123 0.676
177.793 0.67
178.466 0.673
179.147 0.681
179.833 0.686
180.516 0.683
181.202 0.686
181.893 0.691
182.593 0.7
183.304 0.711
184.023 0.719
184.741 0.718
185.445 0.704
186.147 0.702
186.866 0.719
187.612 0.746
188.388 0.776
189.17 0.782
189.943 0.773
190.708 0.765
191.488 0.78
192.279 0.791
193.071 0.792
193.852 0.781
194.634 0.782
195.435 0.801
196.243 0.808
197.053 0.81
197.828 0.775
198.58 0.752
199.321 0.741
200.068 0.747
200.834 0.766
201.612 0.778
202.373 0.761
203.124 0.751
203.857 0.733
204.599 0.742
205.346 0.747
206.109 0.763
206.849 0.74
207.569 0.72
208.275 0.706
208.984 0.709
209.686 0.702
210.385 0.699
211.072 0.687
211.744 0.672
212.408 0.664
213.056 0.648
213.69 0.634
214.334 0.644
214.987 0.653
215.649 0.662
216.299 0.65
216.945 0.646
217.598 0.653
218.253 0.655
218.916 0.663
219.586 0.67
220.251 0.665
220.908 0.657
221.56 0.652
222.204 0.644
222.851 0.647
223.496 0.645
224.143 0.647
224.799 0.656
225.454 0.655
226.128 0.674
226.825 0.697
227.511 0.686
228.184 0.673
228.857 0.673
229.526 0.669
230.19 0.664
230.831 0.641
231.476 0.645
232.143 0.667
232.834 0.691
233.545 0.711
234.262 0.717
235.003 0.741
235.776 0.773
236.55 0.774
237.321 0.771
238.097 0.776
238.871 0.774
239.67 0.799
240.44 0.77
241.19 0.75
241.965 0.775
242.711 0.746
243.404 0.693
243.741 0.337
244.08 0.339
244.778 0.698
245.448 0.67
246.119 0.671
246.771 0.652
247.412 0.641
248.065 0.653
248.721 0.656
249.397 0.676
250.096 0.699
250.823 0.727
251.564 0.741
252.313 0.749
253.05 0.737
253.786 0.736
254.528 0.742
255.261 0.733
255.988 0.727
256.712 0.724
257.448 0.736
258.203 0.755
258.973 0.77
259.764 0.791
260.537 0.773
261.291 0.754
262.041 0.75
262.786 0.745
263.532 0.746
264.29 0.758
265.037 0.747
265.776 0.739
266.495 0.719
267.233 0.738
267.998 0.765
268.807 0.809
269.609 0.802
270.372 0.763
271.135 0.763
271.898 0.763
272.66 0.762
273.403 0.743
274.111 0.708
274.829 0.718
275.537 0.708
276.247 0.71
276.944 0.697
277.626 0.682
278.32 0.694
279.005 0.685
279.673 0.668
280.332 0.659
280.991 0.659
281.659 0.668
282.332 0.673
283.011 0.679
283.674 0.663
284.341 0.667
285.014 0.673
285.682 0.668
286.342 0.66
286.991 0.649
287.655 0.664
288.331 0.676
289.02 0.689
289.706 0.686
290.404 0.698
291.121 0.717
291.851 0.73
292.579 0.728
293.302 0.723
294.04 0.738
294.76 0.72
295.466 0.706
296.159 0.693
296.865 0.706
297.58 0.715
298.311 0.731
299.011 0.7
299.674 0.663
300.337 0.663
301.008 0.671
301.696 0.688
302.388 0.692
303.067 0.679
303.747 0.68
304.439 0.692
305.15 0.711
305.888 0.738
306.64 0.752
307.372 0.732
308.13 0.758
308.91 0.78
309.691 0.781
310.433 0.742
311.178 0.745
311.927 0.749
312.672 0.745
313.402 0.73
314.142 0.74
314.893 0.751
315.651 0.758
316.401 0.75
317.121 0.72
317.855 0.734
318.605 0.75
319.377 0.772
320.147 0.77
320.907 0.76
321.688 0.781
322.468 0.78
323.266 0.798
324.048 0.782
324.818 0.77
325.592 0.774
326.357 0.765
327.123 0.766
327.855 0.732
328.59 0.735
329.332 0.742
330.086 0.754
330.839 0.753
331.609 0.77
332.394 0.785
333.185 0.791
333.937 0.752
334.693 0.756
335.457 0.764
336.224 0.767
336.961 0.737
337.698 0.737
338.44 0.742
339.184 0.744
339.906 0.722
340.621 0.715
341.355 0.734
342.1 0.745
342.843 0.743
343.573 0.73
344.325 0.752
345.077 0.752
345.811 0.734
346.521 0.71
347.244 0.723
347.969 0.725
348.7 0.731
349.431 0.731
350.151 0.72
350.887 0.736
351.618 0.731
352.368 0.75
353.095 0.727
353.858 0.763
354.628 0.77
355.406 0.778
356.186 0.78
356.972 0.786
357.777 0.805
358.556 0.779
359.305 0.749
360.046 0.741
360.8 0.754
361.57 0.77
362.332 0.762
363.07 0.738
363.828 0.758
364.586 0.758
365.323 0.737
366.029 0.706
366.727 0.698
367.44 0.713
368.165 0.725
368.916 0.751
369.672 0.756
370.405 0.733
371.145 0.74
371.876 0.731
372.605 0.729
373.314 0.709
374.019 0.705
374.761 0.742
375.543 0.782
376.336 0.793
377.121 0.785
377.922 0.801
378.726 0.804
379.506 0.78
380.251 0.745
380.998 0.747
381.737 0.739
382.474 0.737
383.204 0.73
383.97 0.766
384.765 0.795
385.583 0.818
386.38 0.797
387.173 0.793
387.983 0.81
388.803 0.82
389.606 0.803
390.377 0.771
391.153 0.776
391.924 0.771
392.7 0.776
393.44 0.74
394.21 0.77
395.003 0.793
395.817 0.814
396.595 0.778
397.345 0.75
398.103 0.758
398.854 0.751
399.599 0.745
400.334 0.735
401.056 0.722
401.749 0.693
402.438 0.689
403.135 0.697
403.855 0.72
404.595 0.74
405.337 0.742
406.095 0.758
406.886 0.791
407.695 0.809
408.494 0.799
408.87 0.376
409.246 0.376
409.992 0.746
410.727 0.735
411.458 0.731
412.177 0.719
412.903 0.726
413.668 0.765
414.462 0.794
415.283 0.821
416.08 0.797
416.864 0.784
417.676 0.812
418.498 0.822
419.322 0.824
420.097 0.775
420.871 0.774
421.638 0.767
422.377 0.739
423.101 0.724
423.842 0.741
424.598 0.756
425.386 0.788
426.139 0.753
426.915 0.776
427.703 0.788
428.504 0.801
429.289 0.785
430.091 0.802
430.88 0.789
431.652 0.772
432.395 0.743
433.149 0.754
433.921 0.772
434.703 0.782
435.446 0.743
436.172 0.726
436.898 0.726
437.633 0.735
438.378 0.745
439.127 0.749
439.851 0.724
440.583 0.732
441.333 0.75
442.096 0.763
442.856 0.76
443.593 0.737
444.332 0.739
445.077 0.745
445.814 0.737
446.521 0.707
447.222 0.701
447.937 0.715
448.674 0.737
449.43 0.756
450.198 0.768
450.94 0.742
451.676 0.736
452.426 0.75
453.174 0.748
453.908 0.734
454.621 0.713
455.318 0.697
456.018 0.7
456.729 0.711
457.435 0.706
458.126 0.691
458.813 0.687
459.506 0.693
460.197 0.691
460.877 0.68
461.539 0.662
462.194 0.655
462.847 0.653
463.49 0.643
464.118 0.628
464.746 0.628
465.379 0.633
466.021 0.642
466.661 0.64
467.308 0.647
467.969 0.661
468.636 0.667
469.317 0.681
469.984 0.667
470.637 0.653
471.3 0.663
471.974 0.674
472.678 0.704
473.449 0.771
474.308 0.859
475.192 0.884
476.078 0.886
476.93 0.852
477.761 0.831
478.552 0.791
479.294 0.742
480.017 0.723
480.731 0.714
481.442 0.711
482.172 0.73
482.92 0.748
483.685 0.765
484.479 0.794
485.282 0.803
486.072 0.79
486.858 0.786
487.624 0.766
488.36 0.736
489.066 0.706
489.762 0.696
490.447 0.685
491.143 0.696
491.861 0.718
492.62 0.759
493.413 0.793
494.228 0.815
495.052 0.824
495.855 0.803
496.642 0.787
497.405 0.763
498.155 0.75
498.886 0.731
499.162 0.276
499.476 0.314
500.368 0.892
501.125 0.757
501.887 0.762
502.68 0.793
503.488 0.808
504.283 0.795
505.074 0.791
505.853 0.779
506.598 0.745
507.333 0.735
508.065 0.732
508.773 0.708
509.48 0.707
510.19 0.71
510.9 0.71
511.598 0.698
512.303 0.705
513.004 0.701
513.713 0.709
514.397 0.684
515.102 0.705
515.816 0.714
516.562 0.746
517.339 0.777
518.082 0.743
518.829 0.747
519.568 0.739
520.303 0.735
521.043 0.74
521.764 0.721
522.514 0.75
523.271 0.757
524.054 0.783
524.851 0.797
525.612 0.761
526.378 0.766
527.146 0.768
527.904 0.758
528.636 0.732
529.37 0.734
530.107 0.737
530.857 0.75
531.607 0.75
532.36 0.753
533.132 0.772
533.908 0.776
534.665 0.757
535.41 0.745
536.146 0.736
536.869 0.723
537.579 0.71
538.256 0.677
538.933 0.677
539.608 0.675
540.302 0.694
541.027 0.725
541.757 0.73
542.494 0.737
543.231 0.737
543.956 0.725
544.704 0.748
545.45 0.746
546.191 0.741
546.913 0.722
547.654 0.741
548.403 0.749
549.145 0.742
549.866 0.721
550.603 0.737
551.334 0.731
552.059 0.725
552.772 0.713
553.497 0.725
554.228 0.731
554.555 0.327
554.949 0.394
555.694 0.745
556.458 0.764
557.239 0.781
557.995 0.756
558.754 0.759
559.519 0.765
560.265 0.746
561.008 0.743
561.739 0.731
562.467 0.728
563.168 0.701
563.882 0.714
564.586 0.704
565.285 0.699
565.971 0.686
566.673 0.702
567.393 0.72
568.138 0.745
568.891 0.753
569.628 0.737
570.395 0.767
571.167 0.772
571.935 0.768
572.686 0.751
573.449 0.763
574.226 0.777
574.976 0.75
575.739 0.763
576.494 0.755
577.245 0.751
577.703 0.458
577.974 0.271
578.674 0.7
579.289 0.615
579.551 0.262
579.864 0.313
580.176 0.312
580.645 0.469
581.319 0.674
582.032 0.713
582.667 0.635
583.481 0.814
584.282 0.801
585.153 0.871
585.987 0.834
586.319 0.332
586.769 0.45
587.509 0.74
588.357 0.848
589.131 0.774
589.888 0.757
590.7 0.812
591.404 0.704
591.664 0.26
592.151 0.487
592.884 0.733
593.631 0.747
594.412 0.781
595.203 0.791
595.998 0.795
596.528 0.53
596.802 0.274
597.608 0.806
598.383 0.775
599.154 0.771
599.921 0.767
600.7 0.779
601.418 0.718
602.247 0.829
603.058 0.811
603.891 0.833
604.752 0.861
605.125 0.373
605.578 0.453
606.177 0.599
607.2 1.023