0.000 0.738
0.738 0.738
1.473 0.735
2.15 0.677
2.852 0.702
3.545 0.693
4.259 0.714
4.996 0.737
5.716 0.72
6.394 0.678
7.127 0.733
7.832 0.705
8.554 0.722
9.274 0.72
9.973 0.699
10.69 0.717
11.401 0.711
12.111 0.71
12.768 0.657
13.447 0.679
14.106 0.659
14.766 0.66
15.427 0.661
16.114 0.687
16.815 0.701
17.539 0.724
18.282 0.743
19.039 0.757
19.809 0.77
20.544 0.735
21.321 0.777
22.086 0.765
22.863 0.777
23.661 0.798
24.437 0.776
25.175 0.738
25.869 0.694
26.646 0.777
27.478 0.832
28.446 0.968
29.523 1.077
30.583 1.06
31.569 0.986
32.532 0.963
33.471 0.939
34.364 0.893
35.163 0.799
35.935 0.772
36.685 0.75
37.409 0.724
38.113 0.704
38.85 0.737
39.683 0.833
40.512 0.829
41.387 0.875
42.282 0.895
43.151 0.869
43.943 0.792
44.746 0.803
45.555 0.809
46.381 0.826
47.183 0.802
48.012 0.829
48.829 0.817
49.596 0.767
50.341 0.745
51.114 0.773
51.908 0.794
52.721 0.813
53.509 0.788
54.252 0.743
55.036 0.784
55.826 0.79
56.646 0.82
57.477 0.831
58.297 0.82
59.07 0.773
59.857 0.787
60.643 0.786
61.38 0.737
62.085 0.705
62.761 0.676
63.417 0.656
64.085 0.668
64.721 0.636
65.394 0.673
66.062 0.668
66.768 0.706
67.512 0.744
68.295 0.783
69.154 0.859
70.085 0.931
71.038 0.953
71.99 0.952
72.874 0.884
73.703 0.829
74.507 0.804
75.288 0.781
76.037 0.749
76.788 0.751
77.555 0.767
78.319 0.764
79.082 0.763
79.832 0.75
80.602 0.77
81.36 0.758
82.125 0.765
82.902 0.777
83.639 0.737
84.38 0.741
85.167 0.787
86.014 0.847
86.949 0.935
87.93 0.981
88.903 0.973
89.844 0.941
90.756 0.912
91.589 0.833
92.385 0.796
93.123 0.738
93.874 0.751
94.644 0.77
95.443 0.799
96.287 0.844
97.212 0.925
98.163 0.951
99.075 0.912
99.989 0.914
100.897 0.908
101.77 0.873
102.641 0.871
103.527 0.886
104.43 0.903
105.302 0.872
106.172 0.87
107.08 0.908
107.99 0.91
108.804 0.814
109.606 0.802
110.412 0.806
111.212 0.8
112.011 0.799
112.819 0.808
113.559 0.74
114.324 0.765
115.07 0.746
115.817 0.747
116.567 0.75
117.322 0.755
118.067 0.745
118.855 0.788
119.674 0.819
120.551 0.877
121.458 0.907
122.315 0.857
123.176 0.861
124.038 0.862
124.899 0.861
125.768 0.869
126.61 0.842
127.473 0.863
128.4 0.927
129.354 0.954
130.351 0.997
131.359 1.008
132.234 0.875
133.074 0.84
133.837 0.763
134.65 0.813
135.494 0.844
136.377 0.883
137.192 0.815
138.021 0.829
138.901 0.88
139.82 0.919
140.766 0.946
141.745 0.979
142.685 0.94
143.644 0.959
144.612 0.968
145.56 0.948
146.512 0.952
147.446 0.934
148.352 0.906
149.246 0.894
150.12 0.874
150.999 0.879
151.9 0.901
152.802 0.902
153.721 0.919
154.643 0.922
155.564 0.921
156.452 0.888
157.361 0.909
158.251 0.89
159.147 0.896
159.962 0.815
160.814 0.852
161.653 0.839
162.512 0.859
163.347 0.835
164.174 0.827
165.037 0.863
165.91 0.873
166.785 0.875
167.599 0.814
168.379 0.78
169.138 0.759
169.93 0.792
170.716 0.786
171.52 0.804
172.342 0.822
173.177 0.835
174.002 0.825
174.778 0.776
175.598 0.82
176.436 0.838
177.284 0.848
178.079 0.795
178.932 0.853
179.81 0.878
180.702 0.892
181.525 0.823
182.369 0.844
183.206 0.837
184.042 0.836
184.832 0.79
185.698 0.866
186.584 0.886
187.424 0.84
188.318 0.894
189.24 0.922
190.178 0.938
191.035 0.857
191.872 0.837
192.723 0.851
193.564 0.841
194.306 0.742
195.076 0.77
195.831 0.755
196.599 0.768
197.44 0.841
198.374 0.934
199.313 0.939
200.236 0.923
201.106 0.87
201.903 0.797
202.696 0.793
203.486 0.79
204.294 0.808
205.09 0.796
205.873 0.783
206.699 0.826
207.579 0.88
208.502 0.923
209.384 0.882
210.312 0.928
211.23 0.918
212.15 0.92
212.986 0.836
213.852 0.866
214.722 0.87
215.605 0.883
216.415 0.81
217.275 0.86
218.172 0.897
219.1 0.928
219.914 0.814
220.741 0.827
221.561 0.82
222.389 0.828
223.208 0.819
224.025 0.817
224.78 0.755
225.545 0.765
226.311 0.766
227.112 0.801
227.963 0.851
228.79 0.827
229.671 0.881
230.607 0.936
231.567 0.96
232.475 0.908
233.329 0.854
234.184 0.855
235.019 0.835
235.852 0.833
236.628 0.776
237.463 0.835
238.303 0.84
239.17 0.867
240.006 0.836
240.917 0.911
241.844 0.927
242.732 0.888
243.572 0.84
244.44 0.868
245.299 0.859
246.105 0.806
246.951 0.846
247.805 0.854
248.695 0.89
249.541 0.846
250.422 0.881
251.321 0.899
252.25 0.929
253.128 0.878
254.017 0.889
254.925 0.908
255.836 0.911
256.704 0.868
257.59 0.886
258.49 0.9
259.364 0.874
260.17 0.806
261.019 0.849
261.896 0.877
262.754 0.858
263.504 0.75
264.185 0.681
264.98 0.795
265.745 0.765
266.59 0.845
267.572 0.982
268.595 1.023
269.594 0.999
270.56 0.966
271.522 0.962
272.48 0.958
273.431 0.951
274.315 0.884
275.231 0.916
276.173 0.942
277.155 0.982
278.152 0.997
279.063 0.911
279.969 0.906
280.862 0.893
281.73 0.868
282.681 0.951
283.699 1.018
284.768 1.069
285.775 1.007
286.8 1.025
287.802 1.002
288.742 0.94
289.642 0.9
290.541 0.899
291.45 0.909
292.283 0.833
293.169 0.886
294.064 0.895
294.915 0.851
295.716 0.801
296.57 0.854
297.424 0.854
298.229 0.805
299.115 0.886
300.04 0.925
300.939 0.899
301.894 0.955
302.858 0.964
303.765 0.907
304.548 0.783
305.337 0.789
306.137 0.8
306.929 0.792
307.658 0.729
308.389 0.731
309.09 0.701
309.778 0.688
310.485 0.707
311.22 0.735
312.019 0.799
312.861 0.842
313.811 0.95
314.82 1.009
315.833 1.013
316.791 0.958
317.739 0.948
318.67 0.931
319.56 0.89
320.39 0.83
321.261 0.871
322.176 0.915
323.164 0.988
324.092 0.928
325.062 0.97
326.041 0.979
326.972 0.931
327.83 0.858
328.714 0.884
329.613 0.899
330.476 0.863
331.375 0.899
332.328 0.953
333.312 0.984
334.218 0.906
335.118 0.9
336.033 0.915
336.93 0.897
337.775 0.845
338.596 0.821
339.427 0.831
340.264 0.837
341.061 0.797
341.919 0.858
342.797 0.878
343.693 0.896
344.551 0.858
345.461 0.91
346.386 0.925
347.297 0.911
348.136 0.839
348.954 0.818
349.792 0.838
350.647 0.855
351.457 0.81
352.308 0.851
353.174 0.866
354.035 0.861
354.923 0.888
355.859 0.936
356.813 0.954
357.704 0.891
358.615 0.911
359.513 0.898
360.383 0.87
361.222 0.839
362.098 0.876
362.97 0.872
363.785 0.815
364.641 0.856
365.512 0.871
366.354 0.842
367.204 0.85
368.094 0.89
369.023 0.929
369.915 0.892
370.841 0.926
371.753 0.912
372.634 0.881
373.44 0.806
374.275 0.835
375.115 0.84
375.942 0.827
376.731 0.789
377.552 0.821
378.404 0.852
379.279 0.875
380.103 0.824
380.958 0.855
381.864 0.906
382.778 0.914
383.651 0.873
384.499 0.848
385.349 0.85
386.192 0.843
386.981 0.789
387.713 0.732
388.419 0.706
389.138 0.719
389.881 0.743
390.688 0.807
391.496 0.808
392.37 0.874
393.238 0.868
394.09 0.852
394.89 0.8
395.708 0.818
396.52 0.812
397.345 0.825
398.12 0.775
398.943 0.823
399.763 0.82
400.609 0.846
401.454 0.845
402.238 0.784
403.041 0.803
403.859 0.818
404.715 0.856
405.532 0.817
406.407 0.875
407.298 0.891
408.215 0.917
409.105 0.89
410.035 0.93
411.01 0.975
411.997 0.987
412.904 0.907
413.816 0.912
414.729 0.913
415.621 0.892
416.464 0.843
417.357 0.893
418.289 0.932
419.235 0.946
420.109 0.874
421.012 0.903
421.932 0.92
422.814 0.882
423.707 0.893
424.6 0.893
425.49 0.89
426.323 0.833
427.181 0.858
428.071 0.89
428.978 0.907
429.831 0.853
430.721 0.89
431.626 0.905
432.538 0.912
433.345 0.807
434.121 0.776
434.9 0.779
435.685 0.785
436.47 0.785
437.227 0.757
437.983 0.756
438.782 0.799
439.645 0.863
440.564 0.919
441.476 0.912
442.354 0.878
443.203 0.849
444.035 0.832
444.813 0.778
445.641 0.828
446.487 0.846
447.37 0.883
448.226 0.856
449.088 0.862
449.959 0.871
450.829 0.87
451.654 0.825
452.499 0.845
453.356 0.857
454.234 0.878
455.053 0.819
455.84 0.787
456.638 0.798
457.448 0.81
458.259 0.811
459.027 0.768
459.833 0.806
460.648 0.815
461.485 0.837
462.316 0.831
463.127 0.811
463.952 0.825
464.768 0.816
465.562 0.794
466.325 0.763
467.134 0.809
467.954 0.82
468.798 0.844
469.605 0.807
470.418 0.813
471.232 0.814
472.043 0.811
472.824 0.781
473.574 0.75
474.369 0.795
475.211 0.842
476.072 0.861
476.884 0.812
477.723 0.839
478.6 0.877
479.496 0.896
480.331 0.835
481.171 0.84
482.015 0.844
482.848 0.833
483.618 0.77
484.41 0.792
485.191 0.781
485.979 0.788
486.721 0.742
487.492 0.771
488.25 0.758
488.998 0.748
489.73 0.732
490.512 0.782
491.33 0.818
492.215 0.885
493.154 0.939
494.097 0.943
494.975 0.878
495.769 0.794
496.556 0.787
497.327 0.771
498.084 0.757
498.839 0.755
499.612 0.773
500.339 0.727
501.019 0.68
501.732 0.713
502.465 0.733
503.205 0.74
503.974 0.769
504.783 0.809
505.608 0.825
506.428 0.82
507.228 0.8
507.989 0.761
508.768 0.779
509.527 0.759
510.283 0.756
511.063 0.78
511.857 0.794
512.648 0.791
513.437 0.789
514.227 0.79
515.004 0.777
515.82 0.816
516.649 0.829
517.513 0.864
518.375 0.862
519.215 0.84
520.083 0.868
520.98 0.897
521.865 0.885
522.7 0.835
523.547 0.847
524.43 0.883
525.33 0.9
526.289 0.959
527.263 0.974
528.149 0.886
529.034 0.885
529.915 0.881
530.75 0.835
531.57 0.82
532.393 0.823
533.234 0.841
534.048 0.814
534.879 0.831
535.729 0.85
536.565 0.836
537.363 0.798
538.188 0.825
539.026 0.838
539.852 0.826
540.687 0.835
541.571 0.884
542.475 0.904
543.325 0.85
544.184 0.859
545.013 0.829
545.799 0.786
546.524 0.725
547.254 0.73
547.962 0.708
548.665 0.703
549.326 0.661
550.01 0.684
550.72 0.71
551.515 0.795
552.444 0.929
553.398 0.954
554.336 0.938
555.27 0.934
556.204 0.934
557.089 0.885
557.937 0.848
558.795 0.858
559.673 0.878
560.572 0.899
561.454 0.882
562.346 0.892
563.226 0.88
564.072 0.846
564.859 0.787
565.652 0.793
566.441 0.789
567.272 0.831
568.111 0.839
569.001 0.89
569.908 0.907
570.862 0.954
571.799 0.937
572.705 0.906
573.578 0.873
574.431 0.853
575.196 0.765
575.958 0.762
576.715 0.757
577.481 0.766
578.309 0.828
579.137 0.828
579.994 0.857
580.886 0.892
581.813 0.927
582.703 0.89
583.604 0.901
584.482 0.878
585.289 0.807
586.041 0.752
586.76 0.719
587.476 0.716
588.213 0.737
588.983 0.77
589.805 0.822
590.643 0.838
591.429 0.786
592.177 0.748
592.929 0.752
593.671 0.742
594.388 0.717
595.109 0.721
595.815 0.706
596.506 0.691
597.182 0.676
597.866 0.684
598.548 0.682
599.232 0.684
599.923 0.691