0.000 0.991
0.991 0.991
1.982 0.991
2.93 0.948
3.877 0.947
4.812 0.935
5.767 0.955
6.676 0.909
7.604 0.928
8.56 0.956
9.554 0.994
10.529 0.975
11.558 1.029
12.563 1.005
13.54 0.977
14.551 1.011
15.611 1.06
16.649 1.038
17.769 1.12
18.918 1.149
20.028 1.11
21.067 1.039
22.107 1.04
23.232 1.125
24.335 1.103
25.48 1.145
26.631 1.151
27.703 1.072
28.735 1.032
29.763 1.028
30.771 1.008
31.816 1.045
32.936 1.12
34.048 1.112
35.141 1.093
36.239 1.098
37.317 1.078
38.409 1.092
39.56 1.151
40.599 1.039
41.627 1.028
42.686 1.059
43.737 1.051
44.747 1.01
45.726 0.979
46.695 0.969
47.645 0.95
48.614 0.969
49.818 1.204
50.964 1.146
52.036 1.072
53.12 1.084
54.095 0.975
55.029 0.934
55.981 0.952
56.976 0.995
57.972 0.996
59.038 1.066
59.997 0.959
60.998 1.001
62.086 1.088
63.161 1.075
64.212 1.051
65.172 0.96
66.103 0.931
67.083 0.98
68.138 1.055
69.173 1.035
70.24 1.067
71.26 1.02
72.262 1.002
73.291 1.029
74.301 1.01
75.273 0.972
76.26 0.987
77.313 1.053
78.372 1.059
79.411 1.039
80.443 1.032
81.433 0.99
82.364 0.931
83.279 0.915
84.178 0.899
85.138 0.96
86.149 1.011
87.174 1.025
88.281 1.107
89.477 1.196
90.587 1.11
91.665 1.078
92.618 0.953
93.533 0.915
94.438 0.905
95.345 0.907
96.228 0.883
97.15 0.922
98.091 0.941
98.938 0.847
99.813 0.875
100.874 1.061
101.965 1.091
103.067 1.102
104.124 1.057
105.143 1.019
106.146 1.003
107.161 1.015
108.191 1.03
109.274 1.083
110.363 1.089
111.487 1.124
112.647 1.16
113.713 1.066
114.788 1.075
115.878 1.09
116.99 1.112
118.063 1.073
119.064 1.001
120.1 1.036
121.183 1.083
122.302 1.119
123.432 1.13
124.534 1.102
125.634 1.1
126.674 1.04
127.729 1.055
128.822 1.093
129.859 1.037
130.908 1.049
131.959 1.051
133.016 1.057
134.067 1.051
135.178 1.111
136.305 1.127
137.388 1.083
138.434 1.046
139.471 1.037
140.545 1.074
141.58 1.035
142.652 1.072
143.775 1.123
144.86 1.085
145.902 1.042
146.939 1.037
147.929 0.99
148.917 0.988
149.932 1.015
150.959 1.027
151.946 0.987
152.927 0.981
153.944 1.017
160.999 1.001
162.008 1.009
163.061 1.053
164.117 1.056
165.165 1.048
166.163 0.998
167.113 0.95
168.05 0.937
169.015 0.965
169.979 0.964
170.932 0.953
171.844 0.912
172.748 0.904
173.701 0.953
174.725 1.024
175.748 1.023
176.784 1.036
177.846 1.062
178.905 1.059
179.894 0.989
180.911 1.017
181.946 1.035
182.939 0.993
183.924 0.985
184.861 0.937
185.741 0.88
186.609 0.868
187.449 0.84
188.293 0.844
189.171 0.878
190.113 0.942
191.156 1.043
192.147 0.991
193.103 0.956
194.072 0.969
195.059 0.987
196.054 0.995
197.07 1.016
198.131 1.061
199.209 1.078
200.256 1.047
201.34 1.084
202.484 1.144
203.612 1.128
204.668 1.056
205.734 1.066
206.81 1.076
207.925 1.115
209.097 1.172
210.182 1.085
211.222 1.04
212.283 1.061
213.405 1.122
214.516 1.111
215.552 1.036
216.527 0.975
217.527 1.0
218.522 0.995
219.533 1.011
220.605 1.072
221.659 1.054
222.737 1.078
223.835 1.098
224.947 1.112
225.985 1.038
226.966 0.981
227.925 0.959
228.911 0.986
229.887 0.976
230.913 1.026
232.003 1.09
233.109 1.106
234.177 1.068
235.246 1.069
236.292 1.046
237.315 1.023
238.333 1.018
239.27 0.937
240.24 0.97
241.297 1.057
242.392 1.095
243.433 1.041
244.49 1.057
245.559 1.069
246.556 0.997
247.59 1.034
248.655 1.065
249.746 1.091
250.803 1.057
251.842 1.039
252.861 1.019
253.8 0.939
254.747 0.947
255.721 0.974
256.729 1.008
257.66 0.931
258.517 0.857
259.356 0.839
260.336 0.98
261.394 1.058
262.396 1.002
263.405 1.009
264.397 0.992
265.334 0.937
266.259 0.925
267.193 0.934
268.162 0.969
269.108 0.946
270.04 0.932
270.994 0.954
271.98 0.986
272.976 0.996
273.995 1.019
275.081 1.086
276.199 1.118
277.298 1.099
278.369 1.071
279.413 1.044
280.461 1.048
281.497 1.036
282.54 1.043
283.631 1.091
284.716 1.085
285.727 1.011
286.697 0.97
287.629 0.932
288.54 0.911
289.462 0.922
290.319 0.857
291.169 0.85
292.053 0.884
292.982 0.929
293.892 0.91
294.869 0.977
295.921 1.052
297.013 1.092
297.995 0.982
298.947 0.952
299.92 0.973
300.883 0.963
301.802 0.919
302.73 0.928
303.697 0.967
304.696 0.999
305.629 0.933
306.563 0.934
307.46 0.897
308.369 0.909
309.362 0.993
310.403 1.041
311.427 1.024
312.455 1.028
313.503 1.048
314.522 1.019
315.492 0.97
316.388 0.896
317.248 0.86
318.094 0.846
318.932 0.838
319.82 0.888
320.784 0.964
321.771 0.987
322.748 0.977
323.671 0.923
324.577 0.906
325.503 0.926
326.435 0.932
327.375 0.94
328.307 0.932
329.223 0.916
330.131 0.908
331.035 0.904
331.967 0.932
332.97 1.003
334.043 1.073
335.141 1.098
336.235 1.094
337.264 1.029
338.228 0.964
339.214 0.986
340.148 0.934
341.117 0.969
342.155 1.038
343.268 1.113
344.355 1.087
345.372 1.017
346.382 1.01
347.427 1.045
348.428 1.001
349.424 0.996
350.39 0.966
351.361 0.971
352.301 0.94
353.282 0.981
354.374 1.092
355.519 1.145
356.599 1.08
357.691 1.092
358.767 1.076
359.776 1.009
360.716 0.94
361.671 0.955
362.669 0.998
363.699 1.03
364.693 0.994
365.675 0.982
366.631 0.956
367.589 0.958
368.61 1.021
369.612 1.002
370.636 1.024
371.678 1.042
372.647 0.969
373.606 0.959
374.557 0.951
375.497 0.94
376.403 0.906
377.33 0.927
378.34 1.01
379.336 0.996
380.317 0.981
381.367 1.05
382.496 1.129
383.639 1.143
384.672 1.033
385.633 0.961
386.558 0.925
387.474 0.916
388.383 0.909
389.327 0.944
390.357 1.03
391.444 1.087
392.421 0.977
393.341 0.92
394.259 0.918
395.15 0.891
396.001 0.851
396.834 0.833
397.71 0.876
398.722 1.012
399.714 0.992
400.708 0.994
401.697 0.989
402.662 0.965
403.6 0.938
404.536 0.936
405.488 0.952
406.437 0.949
407.336 0.899
408.217 0.881
409.083 0.866
409.918 0.835
410.741 0.823
411.573 0.832
412.426 0.853
413.299 0.873
414.191 0.892
415.091 0.9
416.005 0.914
416.937 0.932
417.901 0.964
418.88 0.979
419.825 0.945
420.725 0.9
421.601 0.876
422.501 0.9
423.465 0.964
424.488 1.023
425.515 1.027
426.482 0.967
427.441 0.959
428.41 0.969
429.348 0.938
430.269 0.921
431.207 0.938
432.207 1.0
433.29 1.083
434.271 0.981
435.224 0.953
436.155 0.931
437.091 0.936
438.049 0.958
439.027 0.978
440.028 1.001
440.953 0.925
441.873 0.92
442.808 0.935
443.843 1.035
444.9 1.057
445.965 1.065
447.058 1.093
448.161 1.103
449.198 1.037
450.166 0.968
451.108 0.942
452.054 0.946
452.948 0.894
453.867 0.919
454.857 0.99
455.933 1.076
457.006 1.073
458.023 1.017
458.977 0.954
459.899 0.922
460.818 0.919
461.74 0.922
462.679 0.939
463.721 1.042
464.852 1.131
465.974 1.122
467.108 1.134
468.19 1.082
469.169 0.979
470.109 0.94
471.045 0.936
471.939 0.894
472.898 0.959
473.948 1.05
474.995 1.047
476.068 1.073
477.186 1.118
478.259 1.073
479.259 1.0
480.219 0.96
481.212 0.993
482.152 0.94
483.126 0.974
484.139 1.013
485.178 1.039
486.189 1.011
487.174 0.985
488.085 0.911
488.987 0.902
489.916 0.929
490.884 0.968
491.938 1.054
493.08 1.142
494.219 1.139
495.313 1.094
496.377 1.064
497.295 0.918
498.141 0.846
499.001 0.86
499.862 0.861
500.793 0.931
501.758 0.965
502.745 0.987
503.692 0.947
504.592 0.9
505.43 0.838
506.238 0.808
507.025 0.787
507.792 0.767
508.55 0.758
509.337 0.787
510.178 0.841
511.072 0.894
512.068 0.996
513.097 1.029
514.135 1.038
515.193 1.058
516.255 1.062
517.295 1.04
518.332 1.037
519.363 1.031
520.392 1.029
521.466 1.074
522.572 1.106
523.669 1.097
524.783 1.114
525.851 1.068
526.914 1.063
527.971 1.057
529.033 1.062
530.093 1.06
531.125 1.032
532.086 0.961
532.938 0.852
533.771 0.833
534.741 0.97
535.827 1.086
536.894 1.067
537.931 1.037
538.936 1.005
539.884 0.948
540.782 0.898
541.668 0.886
542.588 0.92
543.547 0.959
544.549 1.002
545.608 1.059
546.682 1.074
547.811 1.129
548.89 1.079
549.932 1.042
550.889 0.957
551.805 0.916
552.693 0.888
553.583 0.89
554.557 0.974
555.679 1.122
556.839 1.16
557.936 1.097
559.007 1.071
560.035 1.028
561.017 0.982
561.985 0.968
562.936 0.951
563.873 0.937
564.806 0.933
565.756 0.95
566.779 1.023
567.861 1.082
568.962 1.101
569.996 1.034
570.992 0.996
571.981 0.989
572.999 1.018
574.035 1.036
575.064 1.029
576.05 0.986
576.989 0.939
577.969 0.98
579.03 1.061
580.01 0.98
581.048 1.038
582.13 1.082
583.226 1.096
584.306 1.08
585.307 1.001
586.288 0.981
587.26 0.972
588.241 0.981
589.24 0.999
590.255 1.015
591.338 1.083
592.446 1.108
593.534 1.088
594.574 1.04
595.58 1.006
596.599 1.019
597.648 1.049
598.739 1.091
599.853 1.114
600.933 1.08
601.991 1.058
603.037 1.046
604.045 1.008
605.081 1.036
606.125 1.044
607.184 1.059
608.231 1.047
609.304 1.073
610.366 1.062
611.4 1.034
612.369 0.969
613.316 0.947
614.258 0.942
615.196 0.938
616.089 0.893
617.054 0.965
618.125 1.071
619.279 1.154
620.357 1.078
621.376 1.019
622.313 0.937
623.227 0.914
624.131 0.904
625.007 0.876
625.865 0.858
626.67 0.805
627.485 0.815
628.31 0.825
629.156 0.846
629.981 0.825
630.808 0.827
631.646 0.838
632.498 0.852
633.412 0.914
634.365 0.953