0.000 0.719
0.719 0.719
1.372 0.653
1.988 0.616
2.615 0.627
3.259 0.644
3.904 0.645
4.614 0.71
5.301 0.687
5.955 0.654
6.63 0.675
7.36 0.73
8.036 0.676
8.705 0.669
9.442 0.737
10.232 0.79
10.935 0.703
16.999 6.064
17.707 0.708
18.419 0.712
19.109 0.69
19.872 0.763
20.777 0.905
21.571 0.794
22.384 0.813
23.249 0.865
24.024 0.775
24.728 0.704
25.376 0.648
25.983 0.607
26.592 0.609
27.208 0.616
27.792 0.584
28.405 0.613
29.039 0.634
29.663 0.624
30.329 0.666
31.093 0.764
31.906 0.813
32.62 0.714
33.347 0.727
34.102 0.755
34.825 0.723
35.494 0.669
36.186 0.692
36.907 0.721
37.602 0.695
38.291 0.689
39.007 0.716
39.733 0.726
40.412 0.679
41.051 0.639
41.729 0.678
42.488 0.759
43.185 0.697
43.915 0.73
44.656 0.741
45.365 0.709
46.02 0.655
46.697 0.677
47.404 0.707
48.08 0.676
48.741 0.661
49.455 0.714
50.141 0.686
50.837 0.696
51.565 0.728
52.359 0.794
53.078 0.719
53.764 0.686
54.422 0.658
55.058 0.636
55.662 0.604
56.284 0.622
56.909 0.625
57.537 0.628
57.814 0.277
58.136 0.322
58.745 0.609
59.352 0.607
59.981 0.629
60.592 0.611
61.211 0.619
61.845 0.634
62.517 0.672
63.173 0.656
63.813 0.64
64.479 0.666
65.19 0.711
65.713 0.523
66.009 0.296
66.54 0.531
67.229 0.689
67.943 0.714
68.638 0.695
69.334 0.696
70.098 0.764
70.881 0.783
71.598 0.717
72.316 0.718
73.042 0.726
73.721 0.679
74.421 0.7
75.154 0.733
75.856 0.702
76.505 0.649
77.155 0.65
77.811 0.656
78.487 0.676
79.142 0.655
79.841 0.699
80.62 0.779
81.425 0.805
82.154 0.729
82.873 0.719
83.599 0.726
84.373 0.774
85.115 0.742
85.804 0.689
86.496 0.692
87.242 0.746
88.058 0.816
88.817 0.759
89.499 0.682
90.127 0.628
90.729 0.602
91.32 0.591
91.936 0.616
92.746 0.81
93.711 0.965
94.57 0.859
95.533 0.963
96.493 0.96
97.372 0.879
97.745 0.373
98.334 0.589
99.085 0.751
99.912 0.827
100.697 0.785
101.547 0.85
102.102 0.555
102.368 0.266
102.654 0.286
103.021 0.367
103.315 0.294
103.566 0.251
104.05 0.484
104.398 0.348
105.514 1.116
106.505 0.991
107.172 0.667
108.045 0.873
108.562 0.517
108.847 0.285
109.368 0.521
110.251 0.883
111.208 0.957
111.659 0.451
112.195 0.536
112.685 0.49
113.007 0.322
113.3 0.293
113.782 0.482
114.627 0.845
115.311 0.684
116.248 0.937
116.849 0.601
117.139 0.29
117.575 0.436
117.955 0.38
118.582 0.627
119.442 0.86
121.087 1.645
121.407 0.32
121.695 0.288
122.242 0.547
123.02 0.778
123.855 0.835
124.115 0.26
124.552 0.437
124.867 0.315
125.227 0.36
125.508 0.281
126.001 0.493
126.467 0.466
127.429 0.962
127.819 0.39
128.247 0.428
128.791 0.544
129.307 0.516
129.897 0.59
130.237 0.34
130.545 0.308
131.037 0.492
131.362 0.325
131.781 0.419
132.151 0.37
132.499 0.348
133.025 0.526
133.3 0.275
133.587 0.287
133.843 0.256
135.238 1.395
135.968 0.73
136.341 0.373
136.925 0.584
137.231 0.306
137.503 0.272
137.895 0.392
138.725 0.83
139.06 0.335
139.418 0.358
139.876 0.458
140.399 0.523
141.202 0.803
141.608 0.406
141.949 0.341
142.354 0.405
142.816 0.462
143.579 0.763
144.446 0.867
144.76 0.314
145.02 0.26
145.39 0.37
145.643 0.253
145.896 0.253
146.175 0.279
146.456 0.281
147.034 0.578
147.3 0.266
147.557 0.257
147.836 0.279
148.232 0.396
148.65 0.418
150.307 1.657
150.858 0.551
151.296 0.438
152.464 1.168
152.751 0.287
153.005 0.254
154.095 1.09
154.346 0.251
157.351 3.005
157.641 0.29
157.994 0.353
160.356 2.362
160.61 0.254
161.104 0.494
161.819 0.715
162.665 0.846
163.292 0.627
163.584 0.292
163.91 0.326
164.198 0.288
164.575 0.377
164.868 0.293
165.171 0.303
165.457 0.286
165.817 0.36
166.089 0.272
166.345 0.256
166.702 0.357
167.003 0.301
167.294 0.291
167.621 0.327
167.912 0.291
168.339 0.427
169.169 0.83
169.57 0.401
170.294 0.724
170.653 0.359
171.19 0.537
171.482 0.292
171.974 0.492
172.374 0.4
172.916 0.542
173.967 1.051
174.973 1.006
175.228 0.255
175.521 0.293
176.008 0.487
183.393 7.385
183.651 0.258
183.996 0.345
184.413 0.417
186.384 1.971
186.69 0.306
187.002 0.312
187.448 0.446
187.86 0.412
188.448 0.588
189.065 0.617
189.534 0.469
200.996 11.462
201.622 0.626
202.245 0.623
202.855 0.61
203.462 0.607
204.07 0.608
204.68 0.61
205.615 0.935
206.469 0.854
207.029 0.56
213.457 0.725
214.192 0.735
214.443 0.251
214.755 0.312
215.06 0.305
215.336 0.276
216.203 0.867
218.663 2.46
220.047 1.384
220.319 0.272
220.611 0.292
223.708 3.097
226.514 2.806
227.275 0.761
227.574 0.299
227.902 0.328
228.556 0.654
229.242 0.686
229.985 0.743
230.697 0.712
231.372 0.675
232.078 0.706
232.838 0.76
233.606 0.768
234.295 0.689
235.0 0.705
235.79 0.79
236.718 0.928
237.602 0.884
238.409 0.807
239.235 0.826
240.062 0.827
240.856 0.794
241.756 0.9
242.702 0.946
243.578 0.876
244.39 0.812
245.226 0.836
246.109 0.883
246.932 0.823
247.85 0.918
248.775 0.925
249.61 0.835
250.452 0.842
251.304 0.852
252.046 0.742
252.721 0.675
253.387 0.666
254.197 0.81
255.073 0.876
255.953 0.88
256.712 0.759
257.382 0.67
258.039 0.657
258.682 0.643
259.344 0.662
260.0 0.656
260.726 0.726
261.557 0.831
262.389 0.832
263.197 0.808
264.017 0.82
264.824 0.807
265.569 0.745
266.346 0.777
267.165 0.819
268.025 0.86
268.839 0.814
269.626 0.787
270.445 0.819
271.385 0.94
272.272 0.887
273.049 0.777
273.868 0.819
274.782 0.914
275.564 0.782
276.419 0.855
277.371 0.952
278.217 0.846
279.097 0.88
280.048 0.951
280.909 0.861
281.714 0.805
282.594 0.88
283.478 0.884
284.275 0.797
285.191 0.916
286.205 1.014
287.151 0.946
288.0 0.849
288.888 0.888
289.71 0.822
290.457 0.747
291.215 0.758
292.031 0.816
292.782 0.751
293.595 0.813
294.534 0.939
295.416 0.882
296.229 0.813
297.046 0.817
297.88 0.834
298.628 0.748
299.393 0.765
300.185 0.792
300.987 0.802
301.77 0.783
302.631 0.861
303.521 0.89
304.312 0.791
305.06 0.748
305.818 0.758
306.579 0.761
307.322 0.743
307.758 0.436
308.118 0.36
308.895 0.777
309.581 0.686
310.25 0.669
310.923 0.673
311.599 0.676
312.291 0.692
312.983 0.692
313.62 0.637
313.94 0.32
314.329 0.389
315.02 0.691
315.769 0.749
316.561 0.792
317.33 0.769
318.119 0.789
318.922 0.803
319.644 0.722
320.364 0.72
321.123 0.759
321.961 0.838
322.768 0.807
323.732 0.964
324.715 0.983
325.718 1.003
326.717 0.999
327.579 0.862
328.398 0.819
329.295 0.897
330.238 0.943
331.067 0.829
331.893 0.826
332.752 0.859
333.57 0.818
334.37 0.8
335.333 0.963
336.305 0.972
337.204 0.899
338.124 0.92
339.017 0.893
339.823 0.806
340.635 0.812
341.509 0.874
342.331 0.822
343.093 0.762
343.903 0.81
344.846 0.943
345.756 0.91
346.56 0.804
347.354 0.794
348.201 0.847
349.068 0.867
349.83 0.762
350.568 0.738
351.301 0.733
352.053 0.752
352.774 0.721
353.593 0.819
354.547 0.954
355.451 0.904
356.342 0.891
357.207 0.865
357.991 0.784
358.724 0.733
359.476 0.752
360.278 0.802
361.038 0.76
361.798 0.76
362.63 0.832
363.411 0.781
364.255 0.844
365.079 0.824
365.879 0.8
366.678 0.799
367.455 0.777
368.181 0.726
368.91 0.729
369.621 0.711
370.327 0.706
371.051 0.724
371.802 0.751
372.089 0.287
372.487 0.398
373.198 0.711
373.938 0.74
374.759 0.821
375.553 0.794
376.323 0.77
377.006 0.683
377.684 0.678
378.386 0.702
379.083 0.697
379.859 0.776
380.849 0.99
381.73 0.881
382.06 0.33
382.522 0.462
383.415 0.893
384.283 0.868
385.084 0.801
385.85 0.766
386.602 0.752
387.356 0.754
388.107 0.751
388.806 0.699
389.511 0.705
390.206 0.695
390.909 0.703
391.602 0.693
392.275 0.673
392.929 0.654
393.587 0.658
394.25 0.663
394.914 0.664
395.579 0.665
396.228 0.649
396.869 0.641
397.515 0.646
398.18 0.665
398.818 0.638
399.529 0.711
400.401 0.872
401.29 0.889
402.206 0.916
403.01 0.804
403.773 0.763
404.592 0.819
405.428 0.836
406.195 0.767
407.002 0.807
407.905 0.903
408.796 0.891
409.697 0.901
410.692 0.995
411.648 0.956
412.454 0.806
413.232 0.778
414.09 0.858
414.979 0.889
415.775 0.796
416.711 0.936
417.762 1.051
418.696 0.934
419.624 0.928
420.63 1.006
421.596 0.966
422.44 0.844
423.274 0.834
424.186 0.912
425.017 0.831
425.893 0.876
426.893 1.0
427.752 0.859
428.624 0.872
429.538 0.914
430.389 0.851
431.194 0.805
432.062 0.868
433.011 0.949
433.869 0.858
434.704 0.835
435.539 0.835
435.921 0.382
436.284 0.363
437.038 0.754
437.842 0.804
438.629 0.787
439.503 0.874
440.221 0.718
441.07 0.849
441.906 0.836
442.782 0.876
443.618 0.836
444.361 0.743
445.119 0.758
445.914 0.795
446.66 0.746
447.339 0.679
448.021 0.682
448.741 0.72
449.534 0.793
450.273 0.739
451.043 0.77
451.901 0.858
452.752 0.851
453.529 0.777
454.367 0.838
455.252 0.885
456.046 0.794
456.781 0.735
457.576 0.795
458.459 0.883
459.335 0.876
460.106 0.771
460.89 0.784
461.705 0.815
462.509 0.804
463.232 0.723
464.026 0.794
465.096 1.07
465.989 0.893
466.814 0.825
467.702 0.888
468.462 0.76
469.154 0.692
469.874 0.72
470.696 0.822
471.57 0.874
472.343 0.773
473.153 0.81
474.063 0.91
475.005 0.942
475.865 0.86
476.627 0.762
477.42 0.793
478.246 0.826
479.061 0.815
479.777 0.716
480.498 0.721
481.203 0.705
481.889 0.686
482.523 0.634
483.146 0.623
483.79 0.644
484.505 0.715
485.201 0.696
485.923 0.722
486.638 0.715
486.969 0.331
487.304 0.335
487.942 0.638
488.564 0.622
489.176 0.612
489.769 0.593
490.353 0.584
490.928 0.575
491.515 0.587
492.119 0.604
492.744 0.625
493.367 0.623
493.974 0.607
494.6 0.626
495.266 0.666
495.946 0.68
496.603 0.657
497.234 0.631
497.884 0.65
498.556 0.672
499.286 0.73
499.97 0.684
500.666 0.696
501.417 0.751
502.205 0.788
502.913 0.708
503.628 0.715
504.388 0.76
505.126 0.738
505.805 0.679
506.482 0.677
507.242 0.76
507.968 0.726
508.669 0.701
509.398 0.729
510.118 0.72
510.842 0.724
511.574 0.732
512.258 0.684
512.945 0.687
513.699 0.754
514.595 0.896
515.395 0.8
516.117 0.722
516.848 0.731
517.612 0.764
518.359 0.747
519.228 0.869
520.227 0.999
521.087 0.86
521.806 0.719
522.495 0.689
523.182 0.687
523.891 0.709
524.56 0.669
525.294 0.734
526.29 0.996
527.252 0.962
528.119 0.867
529.041 0.922
529.968 0.927
530.773 0.805
531.542 0.769
532.373 0.831
533.101 0.728
533.771 0.67
534.439 0.668
535.144 0.705
536.042 0.898
536.869 0.827
537.713 0.844
538.522 0.809
539.25 0.728
540.008 0.758
540.803 0.795
541.568 0.765
542.312 0.744
543.11 0.798
543.974 0.864
544.742 0.768
545.503 0.761
546.26 0.757
547.024 0.764
547.788 0.764
548.757 0.969
549.686 0.929
550.538 0.852
551.421 0.883
552.275 0.854
553.025 0.75
553.769 0.744
554.512 0.743
555.231 0.719
555.988 0.757
556.837 0.849
557.601 0.764
558.314 0.713
559.003 0.689
559.674 0.671
560.299 0.625
560.917 0.618
561.531 0.614
562.168 0.637
562.861 0.693
563.602 0.741
564.492 0.89
565.4 0.908
566.167 0.767
566.884 0.717
567.636 0.752
568.5 0.864
569.347 0.847
570.109 0.762
570.9 0.791
571.753 0.853
572.604 0.851
573.375 0.771
574.196 0.821
575.083 0.887
575.964 0.881
576.817 0.853
577.727 0.91
578.574 0.847
579.298 0.724
580.037 0.739
580.871 0.834
581.69 0.819
582.458 0.768
583.277 0.819
583.761 0.484
584.053 0.292
584.794 0.741
585.576 0.782
586.351 0.775
587.104 0.753
587.811 0.707
588.577 0.766
589.414 0.837
590.19 0.776
590.942 0.752
591.714 0.772
592.535 0.821
593.295 0.76
594.156 0.861
595.092 0.936
595.984 0.892
596.781 0.797
597.599 0.818
598.515 0.916
599.339 0.824
600.058 0.719
600.777 0.719
601.491 0.714
602.195 0.704
602.907 0.712
603.702 0.795
604.58 0.878
605.366 0.786
606.077 0.711
606.797 0.72
607.558 0.761
608.325 0.767
609.014 0.689
609.656 0.642
610.289 0.633
610.89 0.601
611.48 0.59
612.084 0.604
612.677 0.593
613.289 0.612
613.922 0.633
614.537 0.615
615.14 0.603
615.73 0.59
616.316 0.586
616.906 0.59
617.493 0.587
618.08 0.587
618.666 0.586
619.262 0.596
619.871 0.609
620.478 0.607
621.102 0.624
621.725 0.623
622.406 0.681
623.17 0.764
623.977 0.807
624.757 0.78
625.488 0.731
626.208 0.72
626.917 0.709
627.59 0.673
628.264 0.674
628.98 0.716
629.748 0.768
630.491 0.743
631.233 0.742
631.991 0.758
632.696 0.705
633.394 0.698
634.091 0.697
634.757 0.666
635.465 0.708
636.217 0.752