0.000 0.868
0.868 0.868
1.666 0.798
2.542 0.876
3.419 0.877
4.311 0.892
5.216 0.905
6.279 1.063
7.182 0.903
8.048 0.866
8.867 0.819
9.633 0.766
10.442 0.809
11.288 0.846
12.118 0.83
13.095 0.977
14.138 1.043
15.066 0.928
15.913 0.847
16.736 0.823
17.524 0.788
18.334 0.81
19.21 0.876
20.071 0.861
20.903 0.832
21.785 0.882
22.606 0.821
23.411 0.805
24.255 0.844
25.133 0.878
25.977 0.844
26.91 0.933
27.993 1.083
28.921 0.928
29.814 0.893
30.701 0.887
31.502 0.801
32.375 0.873
33.434 1.059
34.485 1.051
35.509 1.024
36.393 0.884
37.315 0.922
38.28 0.965
39.146 0.866
40.09 0.944
41.159 1.069
42.115 0.956
42.947 0.832
43.739 0.792
44.606 0.867
45.476 0.87
46.321 0.845
47.147 0.826
47.915 0.768
48.635 0.72
49.386 0.751
50.247 0.861
51.351 1.104
52.299 0.948
53.206 0.907
54.178 0.972
55.176 0.998
56.075 0.899
57.019 0.944
58.095 1.076
59.201 1.106
60.256 1.055
61.397 1.141
62.435 1.038
63.364 0.929
64.364 1.0
65.527 1.163
66.682 1.155
67.654 0.972
68.674 1.02
69.712 1.038
70.683 0.971
71.683 1.0
72.584 0.901
73.591 1.007
74.497 0.906
75.445 0.948
76.377 0.932
77.233 0.856
78.066 0.833
78.947 0.881
80.005 1.058
81.114 1.109
82.237 1.123
83.277 1.04
84.173 0.896
85.076 0.903
86.041 0.965
86.957 0.916
87.891 0.934
88.907 1.016
89.817 0.91
90.77 0.953
91.683 0.913
92.576 0.893
93.558 0.982
94.443 0.885
95.324 0.881
96.264 0.94
97.144 0.88
98.034 0.89
98.985 0.951
99.976 0.991
100.894 0.918
101.883 0.989
102.857 0.974
103.719 0.862
104.62 0.901
105.546 0.926
106.414 0.868
107.363 0.949
108.337 0.974
109.278 0.941
110.271 0.993
111.212 0.941
112.069 0.857
112.97 0.901
113.857 0.887
114.741 0.884
115.712 0.971
116.694 0.982
117.663 0.969
118.628 0.965
119.493 0.865
120.389 0.896
121.289 0.9
122.129 0.84
123.013 0.884
123.914 0.901
124.749 0.835
125.662 0.913
126.575 0.913
127.432 0.857
128.341 0.909
129.299 0.958
130.18 0.881
131.0 0.82
131.869 0.869
132.755 0.886
133.588 0.833
134.502 0.914
135.476 0.974
136.372 0.896
137.334 0.962
138.344 1.01
139.292 0.948
140.298 1.006
141.286 0.988
142.219 0.933
143.235 1.016
144.17 0.935
145.111 0.941
146.113 1.002
147.046 0.933
148.063 1.017
149.024 0.961
149.951 0.927
150.903 0.952
151.803 0.9
152.686 0.883
153.614 0.928
154.505 0.891
155.355 0.85
156.244 0.889
157.173 0.929
158.082 0.909
158.929 0.847
159.784 0.855
160.648 0.864
161.438 0.79
162.217 0.779
163.0 0.783
163.747 0.747
164.533 0.786
165.449 0.916
166.305 0.856
167.104 0.799
167.994 0.89
168.877 0.883
169.707 0.83
170.611 0.904
171.521 0.91
172.42 0.899
173.424 1.004
174.425 1.001
175.356 0.931
176.292 0.936
177.144 0.852
178.018 0.874
179.042 1.024
180.026 0.984
181.057 1.031
182.199 1.142
183.236 1.037
184.359 1.123
185.43 1.071
186.457 1.027
187.574 1.117
188.576 1.002
189.724 1.148
190.903 1.179
192.003 1.1
193.171 1.168
194.205 1.034
195.224 1.019
196.29 1.066
197.218 0.928
198.219 1.001
199.247 1.028
200.136 0.889
201.05 0.914
202.274 1.224
203.3 1.026
204.299 0.999
205.326 1.027
206.304 0.978
207.414 1.11
208.393 0.979
209.355 0.962
210.235 0.88
211.07 0.835
211.975 0.905
212.935 0.96
213.842 0.907
214.821 0.979
215.738 0.917
216.576 0.838
217.488 0.912
218.411 0.923
219.261 0.85
220.169 0.908
221.135 0.966
222.016 0.881
222.915 0.899
223.865 0.95
224.768 0.903
225.712 0.944
226.753 1.041
227.69 0.937
228.68 0.99
229.673 0.993
230.546 0.873
231.398 0.852
232.315 0.917
233.166 0.851
233.967 0.801
234.762 0.795
235.58 0.818
236.537 0.957
237.467 0.93
238.521 1.054
239.516 0.995
240.427 0.911
241.371 0.944
242.243 0.872
243.094 0.851
244.055 0.961
245.132 1.077
246.16 1.028
247.217 1.057
248.185 0.968
249.227 1.042
250.195 0.968
251.127 0.932
252.106 0.979
253.082 0.976
254.087 1.005
255.213 1.126
256.229 1.016
257.273 1.044
258.317 1.044
259.284 0.967
260.346 1.062
261.307 0.961
262.292 0.985
263.343 1.051
264.277 0.934
265.336 1.059
266.282 0.946
267.157 0.875
268.113 0.956
269.044 0.931
269.931 0.887
270.923 0.992
271.858 0.935
272.748 0.89
273.679 0.931
274.575 0.896
275.42 0.845
276.32 0.9
277.228 0.908
278.075 0.847
278.996 0.921
279.931 0.935
280.789 0.858
281.725 0.936
282.65 0.925
283.499 0.849
284.368 0.869
285.331 0.963
286.235 0.904
287.207 0.972
288.139 0.932
289.057 0.918
290.003 0.946
290.881 0.878
291.728 0.847
292.644 0.916
293.556 0.912
294.483 0.927
295.493 1.01
296.415 0.922
297.393 0.978
298.372 0.979
299.318 0.946
300.297 0.979
301.19 0.893
302.074 0.884
303.028 0.954
303.96 0.932
304.848 0.888
305.852 1.004
306.394 0.542
307.723 1.329
308.665 0.942
309.47 0.805
310.267 0.797
311.181 0.914
312.105 0.924
313.287 1.182
314.198 0.911
315.076 0.878
315.942 0.866
317.026 1.084
318.001 0.975
318.981 0.98
319.949 0.968
320.802 0.853
321.655 0.853
322.562 0.907
323.448 0.886
324.306 0.858
325.284 0.978
326.321 1.037
327.25 0.929
328.221 0.971
329.173 0.952
330.067 0.894
331.072 1.005
332.011 0.939
332.892 0.881
333.836 0.944
334.733 0.897
335.652 0.919
336.718 1.066
337.66 0.942
338.625 0.965
339.489 0.864
340.331 0.842
341.224 0.893
342.19 0.966
343.117 0.927
344.188 1.071
345.162 0.974
346.202 1.04
347.142 0.94
347.979 0.837
348.838 0.859
349.727 0.889
350.562 0.835
351.547 0.985
352.523 0.976
353.374 0.851
354.255 0.881
355.174 0.919
356.041 0.867
357.038 0.997
358.063 1.025
358.969 0.906
359.932 0.963
360.841 0.909
361.698 0.857
362.679 0.981
363.643 0.964
364.541 0.898
365.525 0.984
366.482 0.957
367.513 1.031
368.608 1.095
369.65 1.042
370.753 1.103
371.746 0.993
372.753 1.007
373.778 1.025
374.747 0.969
375.897 1.15
376.948 1.051
378.002 1.054
379.016 1.014
379.946 0.93
380.92 0.974
381.806 0.886
382.665 0.859
383.81 1.145
384.831 1.021
385.802 0.971
386.744 0.942
387.586 0.842
388.478 0.892
389.413 0.935
390.296 0.883
391.247 0.951
392.198 0.951
393.094 0.896
394.052 0.958
394.898 0.846
395.695 0.797
396.52 0.825
397.584 1.064
398.52 0.936
399.36 0.84
400.118 0.758
400.821 0.703
401.486 0.665
402.144 0.658
402.792 0.648
403.437 0.645
404.085 0.648
404.732 0.647
405.375 0.643
406.045 0.67
406.762 0.717
407.485 0.723
408.253 0.768
409.041 0.788
409.802 0.761
410.58 0.778
411.374 0.794
412.156 0.782
412.987 0.831
413.862 0.875
414.676 0.814
415.464 0.788
416.23 0.766
417.031 0.801
417.805 0.774
418.613 0.808
419.49 0.877
420.343 0.853
421.215 0.872
422.089 0.874
423.008 0.919
424.12 1.112
425.178 1.058
426.275 1.097
427.339 1.064
428.324 0.985
429.29 0.966
430.184 0.894
431.072 0.888
432.241 1.169
433.268 1.027
434.201 0.933
435.254 1.053
436.326 1.072
437.357 1.031
438.239 0.882
439.022 0.783
439.802 0.78
440.597 0.795
441.511 0.914
442.621 1.11
443.716 1.095
444.773 1.057
445.916 1.143
446.9 0.984
447.923 1.023
449.042 1.119
450.008 0.966
451.044 1.036
452.064 1.02
453.01 0.946
454.264 1.254
455.44 1.176
456.579 1.139
457.707 1.128
458.746 1.039
459.837 1.091
460.878 1.041
461.85 0.972
463.103 1.253
464.099 0.996
465.076 0.977
466.157 1.081
467.105 0.948
468.093 0.988
469.056 0.963
469.966 0.91
471.05 1.084
472.113 1.063
473.119 1.006
474.144 1.025
475.103 0.959
476.083 0.98
477.159 1.076
478.129 0.97
479.054 0.925
480.037 0.983
480.99 0.953
482.028 1.038
483.123 1.095
484.166 1.043
485.161 0.995
486.205 1.044
487.16 0.955
488.113 0.953
489.092 0.979
489.984 0.892
490.912 0.928
491.911 0.999
492.813 0.902
493.778 0.965
494.738 0.96
495.593 0.855
496.486 0.893
497.361 0.875
498.182 0.821
499.057 0.875
499.935 0.878
500.804 0.869
501.808 1.004
502.727 0.919
503.598 0.871
504.529 0.931
505.416 0.887
506.256 0.84
507.224 0.968
508.231 1.007
509.248 1.017
510.322 1.074
511.297 0.975
512.199 0.902
513.049 0.85
513.892 0.843
514.693 0.801
515.547 0.854
516.533 0.986
517.431 0.898
518.428 0.997
519.514 1.086
520.54 1.026
521.72 1.18
522.671 0.951
523.493 0.822
524.362 0.869
525.424 1.062
526.578 1.154
527.776 1.198
528.863 1.087
529.976 1.113
530.926 0.95
531.856 0.93
532.873 1.017
533.782 0.909
534.61 0.828
535.424 0.814
536.251 0.827
537.09 0.839
537.961 0.871
538.745 0.784
539.52 0.775
540.324 0.804
541.196 0.872
542.067 0.871
542.875 0.808
543.712 0.837
544.526 0.814
545.288 0.762
546.059 0.771
546.816 0.757
547.677 0.861
548.782 1.105
549.792 1.01
550.744 0.952
551.674 0.93
552.495 0.821
553.279 0.784
554.067 0.788
554.863 0.796
555.6 0.737
556.305 0.705
557.035 0.73
557.765 0.73
558.538 0.773
559.335 0.797
560.063 0.728
560.752 0.689
561.444 0.692
562.143 0.699
562.874 0.731
563.645 0.771
564.409 0.764
565.163 0.754
565.95 0.787
566.755 0.805
567.577 0.822
568.415 0.838
569.257 0.842
570.074 0.817
570.894 0.82
571.714 0.82
572.49 0.776
573.276 0.786
574.109 0.833
575.125 1.016
576.045 0.92
576.846 0.801
577.592 0.746
578.346 0.754
579.177 0.831
580.192 1.015
581.201 1.009
582.019 0.818
582.846 0.827
583.687 0.841
584.532 0.845
585.323 0.791
586.08 0.757
586.871 0.791
587.72 0.849
588.692 0.972
589.736 1.044
590.859 1.123
591.869 1.01
592.777 0.908
593.658 0.881
594.54 0.882
595.341 0.801
596.216 0.875
597.145 0.929
597.999 0.854
598.929 0.93