0.000 0.798
0.798 0.798
1.659 0.861
2.86 1.201
4.003 1.143
5.134 1.131
6.073 0.939
7.08 1.007
8.313 1.233
9.409 1.096
10.602 1.193
11.593 0.991
12.414 0.821
13.167 0.753
13.922 0.755
14.706 0.784
15.98 1.274
17.172 1.192
18.164 0.992
19.285 1.121
20.347 1.062
21.446 1.099
22.64 1.194
23.71 1.07
24.86 1.15
25.788 0.928
26.664 0.876
27.806 1.142
29.23 1.424
30.459 1.229
31.77 1.311
33.015 1.245
34.038 1.023
35.232 1.194
36.361 1.129
37.538 1.177
38.706 1.168
39.837 1.131
40.932 1.095
42.031 1.099
43.266 1.235
44.42 1.154
45.763 1.343
46.943 1.18
48.197 1.254
49.383 1.186
50.624 1.241
51.792 1.168
52.981 1.189
54.182 1.201
55.436 1.254
56.594 1.158
57.888 1.294
58.99 1.102
60.261 1.271
61.356 1.095
62.507 1.151
63.743 1.236
64.864 1.121
65.876 1.012
66.842 0.966
68.061 1.219
69.327 1.266
70.522 1.195
71.815 1.293
72.918 1.103
74.135 1.217
75.226 1.091
76.305 1.079
77.438 1.133
78.421 0.983
79.493 1.072
80.49 0.997
81.393 0.903
82.371 0.978
83.622 1.251
84.934 1.312
86.018 1.084
87.175 1.157
88.221 1.046
89.213 0.992
90.379 1.166
91.41 1.031
92.67 1.26
93.828 1.158
95.012 1.184
96.144 1.132
97.234 1.09
98.401 1.167
99.596 1.195
100.79 1.194
101.92 1.13
103.111 1.191
104.144 1.033
105.331 1.187
106.386 1.055
107.491 1.105
108.544 1.053
109.495 0.951
110.414 0.919
111.583 1.169
112.842 1.259
113.969 1.127
115.154 1.185
116.141 0.987
117.237 1.096
118.261 1.024
119.35 1.089
120.47 1.12
121.609 1.139
122.875 1.266
123.952 1.077
125.126 1.174
126.16 1.034
127.249 1.089
128.241 0.992
129.326 1.085
130.416 1.09
131.503 1.087
132.71 1.207
133.799 1.089
135.036 1.237
136.023 0.987
137.071 1.048
137.998 0.927
138.885 0.887
139.765 0.88
140.768 1.003
141.679 0.911
142.998 1.319
144.241 1.243
145.462 1.221
146.473 1.011
147.384 0.911
148.297 0.913
149.252 0.955
150.189 0.937
151.398 1.209
152.537 1.139
153.73 1.193
154.856 1.126
155.903 1.047
156.979 1.076
157.941 0.962
158.897 0.956
160.094 1.197
161.186 1.092
162.203 1.017
163.375 1.172
164.459 1.084
165.596 1.137
166.829 1.233
167.899 1.07
169.053 1.154
170.098 1.045
171.235 1.137
172.303 1.068
173.502 1.199
174.625 1.123
175.745 1.12
176.908 1.163
177.938 1.03
179.169 1.231
180.288 1.119
181.508 1.22
182.664 1.156
183.774 1.11
185.026 1.252
186.085 1.059
187.228 1.143
188.488 1.26
189.68 1.192
190.95 1.27
192.126 1.176
193.377 1.251
194.515 1.138
195.715 1.2
196.793 1.078
197.937 1.144
199.02 1.083
200.004 0.984
201.253 1.249
202.368 1.115
203.515 1.147
204.659 1.144
205.83 1.171
207.012 1.182
208.026 1.014
209.275 1.249
210.523 1.248
211.802 1.279
213.018 1.216
214.067 1.049
215.403 1.336
216.659 1.256
217.854 1.195
219.067 1.213
220.236 1.169
221.479 1.243
222.519 1.04
223.705 1.186
224.823 1.118
225.801 0.978
226.973 1.172
228.161 1.188
229.363 1.202
230.448 1.085
231.575 1.127
232.643 1.068
233.79 1.147
234.92 1.13
235.984 1.064
237.076 1.092
238.008 0.932
239.074 1.066
240.127 1.053
241.283 1.156
242.476 1.193
243.68 1.204
244.82 1.14
245.865 1.045
246.969 1.104
248.092 1.123
249.101 1.009
250.131 1.03
251.15 1.019
252.137 0.987
253.049 0.912
254.028 0.979
254.947 0.919
255.808 0.861
256.607 0.799
257.398 0.791
258.194 0.796
259.019 0.825
259.954 0.935
260.988 1.034
262.029 1.041
263.041 1.012
263.9 0.859
264.789 0.889
265.743 0.954
266.644 0.901
267.611 0.967
268.727 1.116
269.82 1.093
271.056 1.236
272.292 1.236
273.461 1.169
274.665 1.204
275.728 1.063
276.934 1.206
278.062 1.128
279.25 1.188
280.574 1.324
281.844 1.27
283.035 1.191
284.247 1.212
285.457 1.21
286.647 1.19
287.929 1.282
289.151 1.222
290.521 1.37
291.721 1.2
293.03 1.309
294.15 1.12
295.455 1.305
296.633 1.178
297.926 1.293
299.236 1.31
300.538 1.302
301.878 1.34
303.149 1.271
304.446 1.297
305.636 1.19
306.865 1.229
307.915 1.05
309.237 1.322
310.501 1.264
311.835 1.334
313.118 1.283
314.355 1.237
315.626 1.271
316.71 1.084
318.004 1.294
319.249 1.245
320.492 1.243
321.711 1.219
322.838 1.127
324.057 1.219
325.16 1.103
326.377 1.217
327.476 1.099
328.797 1.321
329.971 1.174
331.191 1.22
332.415 1.224
333.457 1.042
334.681 1.224
335.816 1.135
336.987 1.171
338.229 1.242
339.277 1.048
340.394 1.117
341.344 0.95
342.168 0.824
343.002 0.834
343.913 0.911
344.774 0.861
345.8 1.026
346.981 1.181
348.285 1.304
349.334 1.049
350.421 1.087
351.449 1.028
352.317 0.868
353.214 0.897
354.168 0.954
355.059 0.891
355.936 0.877
356.939 1.003
358.182 1.243
359.245 1.063
360.348 1.103
361.488 1.14
362.693 1.205
363.73 1.037
364.619 0.889
365.509 0.89
366.836 1.327
367.982 1.146
368.949 0.967
370.029 1.08
371.343 1.314
372.515 1.172
373.67 1.155
374.897 1.227
375.99 1.093
377.179 1.189
378.294 1.115
379.468 1.174
380.666 1.198
381.719 1.053
382.701 0.982
383.672 0.971
384.627 0.955
385.61 0.983
386.811 1.201
387.848 1.037
388.955 1.107
389.878 0.923
390.735 0.857
391.619 0.884
392.929 1.31
394.115 1.186
395.244 1.129
396.389 1.145
397.37 0.981
398.474 1.104
399.5 1.026
400.513 1.013
401.666 1.153
402.718 1.052
403.813 1.095
404.938 1.125
405.915 0.977
406.815 0.9
407.821 1.006
409.103 1.282
410.318 1.215
411.367 1.049
412.56 1.193
413.684 1.124
414.781 1.097
415.907 1.126
416.829 0.922
417.713 0.884
418.816 1.103
420.007 1.191
421.151 1.144
422.355 1.204
423.423 1.068
424.602 1.179
425.705 1.103
426.855 1.15
428.069 1.214
429.129 1.06
430.352 1.223
431.564 1.212
432.83 1.266
433.955 1.125
435.079 1.124
436.233 1.154
437.242 1.009
438.497 1.255
439.618 1.121
440.878 1.26
442.058 1.18
443.253 1.195
444.458 1.205
445.622 1.164
446.827 1.205
447.815 0.988
448.776 0.961
450.05 1.274
451.181 1.131
452.431 1.25
453.657 1.226
454.702 1.045
455.671 0.969
456.845 1.174
458.105 1.26
459.169 1.064
460.383 1.214
461.598 1.215
462.793 1.195
463.944 1.151
464.912 0.968
465.95 1.038
467.076 1.126
468.037 0.961
469.129 1.092
470.091 0.962
471.214 1.123
472.358 1.144
473.393 1.035
475.333 1.94
476.26 0.927
477.162 0.902
477.995 0.833
478.839 0.844
479.843 1.004
480.925 1.082
482.087 1.162
483.072 0.985
484.173 1.101
485.185 1.012
486.108 0.923
487.108 1.0
488.067 0.959
489.053 0.986
490.217 1.164
491.327 1.11
492.623 1.296
493.868 1.245
495.122 1.254
496.384 1.262
497.585 1.201
498.838 1.253
500.011 1.173
501.111 1.1
502.38 1.269
503.546 1.166
504.806 1.26
506.036 1.23
507.263 1.227
508.396 1.133
509.519 1.123
510.677 1.158
511.755 1.078
513.023 1.268
514.097 1.074
515.256 1.159
516.515 1.259
517.707 1.192
519.034 1.327
520.163 1.129
521.397 1.234
522.602 1.205
523.708 1.106
524.873 1.165
525.894 1.021
527.012 1.118
528.215 1.203
529.251 1.036
530.342 1.091
531.298 0.956
532.306 1.008
533.592 1.286
534.934 1.342
536.282 1.348
537.366 1.084
538.438 1.072
539.434 0.996
540.337 0.903
541.369 1.032
542.385 1.016
543.406 1.021
544.63 1.224
545.67 1.04
546.74 1.07
547.74 1.0
548.717 0.977
549.941 1.224
550.993 1.052
552.004 1.011
552.972 0.968
553.938 0.966
554.841 0.903
555.869 1.028
556.878 1.009
557.912 1.034
558.935 1.023
559.815 0.88
560.624 0.809
561.41 0.786
562.173 0.763
562.95 0.777
563.799 0.849
565.26 1.461
566.616 1.356
567.856 1.24
569.031 1.175
570.131 1.1
571.108 0.977
571.968 0.86
572.811 0.843
573.593 0.782
574.346 0.753
575.07 0.724
575.772 0.702
576.464 0.692
577.155 0.691
577.845 0.69
578.608 0.763
579.494 0.886
580.563 1.069
581.584 1.021
582.524 0.94
583.485 0.961
584.472 0.987
585.431 0.959
586.427 0.996
587.465 1.038
588.473 1.008
589.631 1.158
590.646 1.015
591.508 0.862
592.298 0.79
593.094 0.796
594.361 1.267