0.000 0.299
0.299 0.299
0.923 0.624
1.619 0.696
2.304 0.685
3.01 0.706
3.758 0.748
4.507 0.749
4.866 0.359
5.241 0.375
5.983 0.742
6.746 0.763
7.56 0.814
8.418 0.858
9.25 0.832
10.046 0.796
10.843 0.797
11.635 0.792
12.388 0.753
13.128 0.74
13.884 0.756
14.64 0.756
15.404 0.764
16.154 0.75
17.371 1.217
17.674 0.303
18.402 0.728
18.963 0.561
19.741 0.778
20.385 0.644
21.032 0.647
21.431 0.399
21.726 0.295
22.11 0.384
22.363 0.253
23.061 0.698
23.814 0.753
24.586 0.772
25.347 0.761
26.106 0.759
26.853 0.747
27.564 0.711
28.267 0.703
28.945 0.678
29.648 0.703
30.342 0.694
31.05 0.708
31.812 0.762
32.617 0.805
33.374 0.757
34.121 0.747
34.852 0.731
35.572 0.72
35.964 0.392
36.266 0.302
36.953 0.687
37.638 0.685
38.343 0.705
38.745 0.402
39.023 0.278
39.731 0.708
40.423 0.692
41.14 0.717
41.94 0.8
42.856 0.916
43.686 0.83
44.511 0.825
45.282 0.771
46.028 0.746
46.712 0.684
47.36 0.648
47.998 0.638
48.633 0.635
48.935 0.302
49.253 0.318
49.877 0.624
50.516 0.639
51.168 0.652
51.802 0.634
52.43 0.628
53.078 0.648
53.762 0.684
54.471 0.709
55.212 0.741
55.954 0.742
56.666 0.712
56.94 0.274
57.347 0.407
58.012 0.665
58.657 0.645
59.308 0.651
59.99 0.682
60.675 0.685
60.937 0.262
61.363 0.426
62.059 0.696
62.793 0.734
63.585 0.792
64.448 0.863
65.24 0.792
66.023 0.783
66.804 0.781
67.6 0.796
68.385 0.785
69.129 0.744
69.849 0.72
70.552 0.703
71.262 0.71
71.978 0.716
72.686 0.708
73.385 0.699
74.099 0.714
74.869 0.77
75.71 0.841
76.555 0.845
77.334 0.779
78.112 0.778
78.882 0.77
79.653 0.771
80.417 0.764
81.138 0.721
81.83 0.692
82.501 0.671
83.169 0.668
83.857 0.688
84.578 0.721
85.315 0.737
86.034 0.719
86.773 0.739
87.458 0.685
88.16 0.702
88.885 0.725
89.591 0.706
90.292 0.701
90.992 0.7
91.742 0.75
92.49 0.748
93.189 0.699
93.893 0.704
94.571 0.678
95.253 0.682
95.926 0.673
96.589 0.663
97.249 0.66
97.923 0.674
98.664 0.741
99.47 0.806
100.263 0.793
101.028 0.765
101.797 0.769
102.589 0.792
103.396 0.807
104.161 0.765
104.883 0.722
105.581 0.698
106.268 0.687
106.971 0.703
107.662 0.691
108.343 0.681
109.015 0.672
109.686 0.671
110.39 0.704
111.177 0.787
111.968 0.791
112.758 0.79
113.561 0.803
114.376 0.815
115.193 0.817
115.96 0.767
116.713 0.753
117.438 0.725
118.131 0.693
118.778 0.647
119.4 0.622
120.027 0.627
120.66 0.633
121.399 0.739
122.288 0.889
123.158 0.87
124.032 0.874
124.865 0.833
125.636 0.771
126.392 0.756
127.105 0.713
127.839 0.734
128.57 0.731
129.245 0.675
129.923 0.678
130.583 0.66
131.25 0.667
131.919 0.669
132.623 0.704
133.355 0.732
134.16 0.805
134.94 0.78
135.713 0.773
136.467 0.754
137.183 0.716
137.893 0.71
138.576 0.683
139.247 0.671
139.908 0.661
140.579 0.671
141.269 0.69
141.948 0.679
142.64 0.692
143.352 0.712
144.129 0.777
144.93 0.801
145.723 0.793
146.513 0.79
147.312 0.799
148.079 0.767
148.824 0.745
149.537 0.713
150.233 0.696
150.899 0.666
151.528 0.629
152.156 0.628
152.826 0.67
153.675 0.849
154.736 1.061
155.633 0.897
156.465 0.832
157.291 0.826
158.098 0.807
158.877 0.779
159.635 0.758
160.376 0.741
161.135 0.759
161.875 0.74
162.597 0.722
163.327 0.73
164.096 0.769
165.003 0.907
165.875 0.872
166.694 0.819
167.541 0.847
168.384 0.843
169.198 0.814
169.999 0.801
170.778 0.779
171.532 0.754
172.273 0.741
172.994 0.721
173.716 0.722
174.457 0.741
175.244 0.787
175.992 0.748
176.705 0.713
177.431 0.726
178.238 0.807
179.034 0.796
179.817 0.783
180.615 0.798
181.42 0.805
182.213 0.793
182.965 0.752
183.685 0.72
184.388 0.703
185.093 0.705
185.855 0.762
186.643 0.788
187.411 0.768
188.14 0.729
188.88 0.74
189.553 0.673
190.339 0.786
191.274 0.935
192.163 0.889
193.02 0.857
193.83 0.81
194.578 0.748
195.251 0.673
195.901 0.65
196.538 0.637
197.2 0.662
197.943 0.743
198.758 0.815
199.604 0.846
200.418 0.814
201.167 0.749
201.877 0.71
202.553 0.676
203.225 0.672
203.928 0.703
204.73 0.802
205.679 0.949
206.643 0.964
207.499 0.856
208.289 0.79
209.005 0.716
209.672 0.667
210.319 0.647
210.966 0.647
211.695 0.729
212.626 0.931
213.487 0.861
214.367 0.88
215.191 0.824
215.948 0.757
216.648 0.7
217.323 0.675
217.989 0.666
218.657 0.668
219.337 0.68
220.007 0.67
220.658 0.651
221.295 0.637
221.923 0.628
222.548 0.625
223.169 0.621
223.796 0.627
224.462 0.666
225.234 0.772
226.1 0.866
226.964 0.864
227.812 0.848
228.586 0.774
229.303 0.717
229.969 0.666
230.621 0.652
231.267 0.646
231.946 0.679
232.69 0.744
233.461 0.771
234.178 0.717
234.893 0.715
235.611 0.718
236.371 0.76
237.16 0.789
237.955 0.795
238.741 0.786
239.489 0.748
240.187 0.698
240.864 0.677
241.527 0.663
242.206 0.679
242.907 0.701
243.648 0.741
244.427 0.779
245.21 0.783
245.948 0.738
246.66 0.712
247.371 0.711
248.115 0.744
248.894 0.779
249.706 0.812
250.503 0.797
251.285 0.782
252.023 0.738
252.739 0.716
253.449 0.71
254.2 0.751
254.972 0.772
255.732 0.76
256.466 0.734
257.198 0.732
257.941 0.743
258.736 0.795
259.535 0.799
260.317 0.782
261.047 0.73
261.733 0.686
262.395 0.662
263.038 0.643
263.692 0.654
264.356 0.664
265.065 0.709
265.784 0.719
266.497 0.713
267.215 0.718
267.923 0.708
268.65 0.727
269.411 0.761
270.184 0.773
270.948 0.764
271.704 0.756
272.454 0.75
273.195 0.741
273.92 0.725
274.632 0.712
275.314 0.682
275.976 0.662
276.627 0.651
277.267 0.64
277.933 0.666
279.045 1.112
279.86 0.815
280.629 0.769
281.46 0.831
282.301 0.841
283.156 0.855
283.942 0.786
284.692 0.75
285.405 0.713
286.099 0.694
286.787 0.688
287.455 0.668
288.114 0.659
288.762 0.648
289.415 0.653
290.124 0.709
290.951 0.827
291.802 0.851
292.605 0.803
293.363 0.758
294.115 0.752
294.872 0.757
295.641 0.769
296.401 0.76
297.133 0.732
297.827 0.694
298.501 0.674
299.168 0.667
299.844 0.676
300.53 0.686
301.209 0.679
301.872 0.663
302.508 0.636
303.144 0.636
303.796 0.652
304.452 0.656
305.12 0.668
305.799 0.679
306.542 0.743
307.392 0.85
308.262 0.87
309.061 0.799
309.793 0.732
310.506 0.713
311.19 0.684
311.867 0.677
312.541 0.674
313.2 0.659
313.86 0.66
314.519 0.659
315.21 0.691
316.02 0.81
316.875 0.855
317.72 0.845
318.554 0.834
319.331 0.777
320.071 0.74
320.784 0.713
321.481 0.697
322.171 0.69
322.874 0.703
323.572 0.698
324.268 0.696
324.97 0.702
325.689 0.719
326.478 0.789
327.252 0.774
327.97 0.718
328.685 0.715
329.383 0.698
330.075 0.692
330.749 0.674
331.429 0.68
332.121 0.692
332.81 0.689
333.502 0.692
334.186 0.684
334.846 0.66
335.498 0.652
336.143 0.645
336.82 0.677
337.528 0.708
338.264 0.736
338.985 0.721
339.718 0.733
340.467 0.749
341.179 0.712
341.898 0.719
342.605 0.707
343.308 0.703
344.035 0.727
344.79 0.755
345.59 0.8
346.4 0.81
347.188 0.788
347.946 0.758
348.648 0.702
349.332 0.684
350.0 0.668
350.67 0.67
351.356 0.686
352.043 0.687
352.747 0.704
353.454 0.707
354.135 0.681
354.803 0.668
355.45 0.647
356.093 0.643
356.736 0.643
357.385 0.649
358.055 0.67
358.737 0.682
359.451 0.714
360.453 1.002
361.369 0.916
362.258 0.889
363.102 0.844
363.888 0.786
364.617 0.729
365.308 0.691
365.972 0.664
366.632 0.66
367.286 0.654
367.961 0.675
368.661 0.7
369.36 0.699
370.07 0.71
370.805 0.735
371.588 0.783
372.377 0.789
373.09 0.713
373.83 0.74
374.574 0.744
375.316 0.742
376.028 0.712
376.738 0.71
377.428 0.69
378.102 0.674
378.782 0.68
379.467 0.685
380.158 0.691
380.862 0.704
381.573 0.711
382.305 0.732
383.044 0.739
383.795 0.751
384.554 0.759
385.31 0.756
386.049 0.739
386.768 0.719
387.474 0.706
388.164 0.69
388.83 0.666
389.486 0.656
390.138 0.652
390.798 0.66
391.503 0.705
392.185 0.682
392.86 0.675
393.585 0.725
394.366 0.781
395.144 0.778
395.936 0.792
396.703 0.767
397.474 0.771
398.214 0.74
398.919 0.705
399.599 0.68
400.253 0.654
400.904 0.651
401.55 0.646
402.191 0.641
402.838 0.647
403.488 0.65
404.161 0.673
404.853 0.692
405.575 0.722
406.325 0.75
407.08 0.755
407.798 0.718
408.506 0.708
409.197 0.691
409.88 0.683
410.57 0.69
411.258 0.688
411.635 0.377
411.944 0.309
412.629 0.685
413.324 0.695
414.046 0.722
414.771 0.725
415.515 0.744
416.264 0.749
417.046 0.782
417.81 0.764
418.561 0.751
419.291 0.73
419.996 0.705
420.661 0.665
421.322 0.661
421.966 0.644
422.606 0.64
422.897 0.291
423.244 0.347
423.537 0.293
423.883 0.346
424.531 0.648
425.249 0.718
426.193 0.944
427.131 0.938
427.998 0.867
428.789 0.791
429.515 0.726
430.222 0.707
430.892 0.67
431.537 0.645
432.174 0.637
432.794 0.62
433.422 0.628
434.06 0.638
434.689 0.629
435.307 0.618
435.921 0.614
436.549 0.628
437.217 0.668
437.895 0.678
438.587 0.692
439.299 0.712
440.059 0.76
440.827 0.768
441.589 0.762
442.345 0.756
443.057 0.712
443.733 0.676
444.39 0.657
445.034 0.644
445.698 0.664
446.491 0.793
447.31 0.819
448.123 0.813
448.945 0.822
449.773 0.828
450.56 0.787
451.297 0.737
451.978 0.681
452.649 0.671
453.304 0.655
453.968 0.664
454.679 0.711
455.435 0.756
455.751 0.316
456.214 0.463
457.039 0.825
457.904 0.865
458.765 0.861
459.233 0.468
459.493 0.26
460.353 0.86
461.128 0.775
461.884 0.756
462.621 0.737
463.344 0.723
464.038 0.694
464.709 0.671
465.369 0.66
466.038 0.669
466.777 0.739
467.627 0.85
468.467 0.84
469.265 0.798
470.069 0.804
470.883 0.814
471.683 0.8
472.422 0.739
473.137 0.715
473.83 0.693
474.518 0.688
475.218 0.7
475.93 0.712
476.65 0.72
477.358 0.708
478.067 0.709
478.772 0.705
479.451 0.679
480.118 0.667
480.824 0.706
481.629 0.805
482.426 0.797
483.206 0.78
483.934 0.728
484.655 0.721
485.364 0.709
486.076 0.712
486.777 0.701
487.475 0.698
488.156 0.681
488.83 0.674
489.483 0.653
490.137 0.654
490.786 0.649
491.467 0.681
492.187 0.72
492.943 0.756
493.694 0.751
494.465 0.771
495.242 0.777
496.005 0.763
496.734 0.729
497.425 0.691
498.083 0.658
498.723 0.64
499.351 0.628
499.972 0.621
500.589 0.617
501.208 0.619
501.879 0.671
502.62 0.741
503.401 0.781
504.192 0.791
504.989 0.797
505.747 0.758
506.474 0.727
507.182 0.708
507.873 0.691
508.542 0.669
509.201 0.659
509.86 0.659
510.547 0.687
511.526 0.979
512.401 0.875
513.26 0.859
514.119 0.859
514.971 0.852
515.803 0.832
516.578 0.775
517.292 0.714
517.979 0.687
518.647 0.668
519.31 0.663
519.965 0.655
520.633 0.668
521.368 0.735
522.191 0.823
523.003 0.812
523.753 0.75
524.283 0.53
525.16 0.877
525.849 0.689
526.569 0.72
527.342 0.773
528.134 0.792
528.92 0.786
529.667 0.747
530.374 0.707
531.04 0.666
531.678 0.638
532.301 0.623
532.915 0.614
533.539 0.624
534.258 0.719
535.071 0.813
535.904 0.833
536.743 0.839
537.532 0.789
538.285 0.753
539.033 0.748
539.777 0.744
540.512 0.735
541.247 0.735
541.954 0.707
542.642 0.688
543.311 0.669
543.996 0.685
544.816 0.82
545.785 0.969
546.703 0.918
547.563 0.86
548.358 0.795
549.106 0.748
549.836 0.73
550.557 0.721
551.28 0.723
552.013 0.733
552.743 0.73
553.449 0.706
554.121 0.672
554.808 0.687
555.512 0.704
556.223 0.711
556.983 0.76
557.851 0.868
558.753 0.902
559.609 0.856
560.394 0.785
561.147 0.753
561.885 0.738
562.624 0.739
563.357 0.733
564.062 0.705
564.764 0.702
565.464 0.7
566.211 0.747
567.035 0.824
567.85 0.815
568.634 0.784
569.409 0.775
570.172 0.763
570.927 0.755
571.671 0.744
572.373 0.702
573.08 0.707
573.779 0.699
574.467 0.688
575.13 0.663
575.78 0.65
576.445 0.665
577.116 0.671
577.802 0.686
578.537 0.735
579.36 0.823
580.147 0.787
580.935 0.788
581.707 0.772
582.46 0.753
583.159 0.699
583.847 0.688
584.508 0.661
585.156 0.648
585.807 0.651
586.463 0.656
587.118 0.655
587.752 0.634
588.412 0.66
589.384 0.972
590.24 0.856
591.062 0.822
591.895 0.833
592.722 0.827
593.501 0.779
594.233 0.732
594.936 0.703
595.624 0.688
596.305 0.681
596.967 0.662
597.628 0.661
598.292 0.664
599.007 0.715
599.781 0.774
600.584 0.803
601.468 0.884
602.371 0.903
603.208 0.837