0.000 0.956
0.956 0.956
1.897 0.941
2.705 0.808
3.646 0.941
4.454 0.808
5.273 0.819
6.12 0.847
6.892 0.772
7.766 0.874
8.937 1.171
9.862 0.925
10.828 0.966
11.826 0.998
12.739 0.913
13.905 1.166
14.861 0.956
15.844 0.983
16.693 0.849
17.563 0.87
18.66 1.097
19.822 1.162
20.899 1.077
21.767 0.868
22.776 1.009
23.783 1.007
24.611 0.828
25.472 0.861
26.727 1.255
27.677 0.95
28.481 0.804
29.283 0.802
30.589 1.306
31.534 0.945
32.68 1.146
33.938 1.258
35.066 1.128
36.092 1.026
37.201 1.109
38.192 0.991
39.023 0.831
40.316 1.293
41.247 0.931
42.214 0.967
43.217 1.003
44.106 0.889
45.201 1.095
46.207 1.006
47.148 0.941
48.102 0.954
48.94 0.838
49.823 0.883
50.708 0.885
51.531 0.823
52.414 0.883
53.323 0.909
54.132 0.809
54.97 0.838
55.835 0.865
56.623 0.788
57.498 0.875
58.394 0.896
59.288 0.894
60.366 1.078
61.336 0.97
62.212 0.876
63.104 0.892
64.037 0.933
65.004 0.967
66.071 1.067
67.03 0.959
68.089 1.059
69.272 1.183
70.238 0.966
71.34 1.102
72.436 1.096
73.358 0.922
74.568 1.21
75.604 1.036
76.553 0.949
77.816 1.263
78.879 1.063
79.828 0.949
81.058 1.23
82.175 1.117
83.08 0.905
84.191 1.111
85.305 1.114
86.394 1.089
87.53 1.136
88.487 0.957
89.456 0.969
90.514 1.058
91.418 0.904
92.458 1.04
93.427 0.969
94.342 0.915
95.33 0.988
96.305 0.975
97.125 0.82
97.904 0.779
98.71 0.806
99.562 0.852
100.583 1.021
101.594 1.011
102.573 0.979
103.474 0.901
104.361 0.887
105.275 0.914
106.084 0.809
106.936 0.852
107.762 0.826
108.687 0.925
109.724 1.037
110.607 0.883
111.542 0.935
112.373 0.831
113.263 0.89
114.196 0.933
115.158 0.962
116.21 1.052
117.174 0.964
118.026 0.852
118.985 0.959
120.009 1.024
120.956 0.947
122.057 1.101
123.122 1.065
124.056 0.934
125.067 1.011
126.109 1.042
127.042 0.933
127.88 0.838
128.792 0.912
129.703 0.911
130.668 0.965
131.702 1.034
132.645 0.943
133.442 0.797
134.272 0.83
135.117 0.845
135.924 0.807
136.832 0.908
137.786 0.954
138.639 0.853
139.58 0.941
140.588 1.008
141.554 0.966
142.367 0.813
143.253 0.886
144.176 0.923
145.07 0.894
146.064 0.994
147.144 1.08
148.167 1.023
149.048 0.881
149.925 0.877
150.902 0.977
151.85 0.948
152.713 0.863
153.85 1.137
154.912 1.062
155.828 0.916
156.823 0.995
157.801 0.978
158.694 0.893
159.68 0.986
160.665 0.985
161.518 0.853
162.43 0.912
163.325 0.895
164.134 0.809
165.03 0.896
165.988 0.958
166.9 0.912
167.921 1.021
168.994 1.073
169.937 0.943
170.945 1.008
171.994 1.049
172.905 0.911
173.832 0.927
174.798 0.966
175.696 0.898
176.551 0.855
177.569 1.018
178.558 0.989
179.694 1.136
180.711 1.017
181.63 0.919
182.633 1.003
183.61 0.977
184.513 0.903
185.581 1.068
186.638 1.057
187.576 0.938
188.614 1.038
189.616 1.002
190.55 0.934
191.477 0.927
192.346 0.869
193.149 0.803
194.086 0.937
195.243 1.157
196.273 1.03
197.266 0.993
198.401 1.135
199.453 1.052
200.344 0.891
201.292 0.948
202.23 0.938
203.076 0.846
204.075 0.999
205.224 1.149
206.108 0.884
206.997 0.889
207.983 0.986
208.897 0.914
209.781 0.884
210.932 1.151
211.948 1.016
212.847 0.899
213.828 0.981
214.762 0.934
215.62 0.858
216.623 1.003
217.615 0.992
218.486 0.871
219.435 0.949
220.415 0.98
221.266 0.851
222.232 0.966
223.22 0.988
224.097 0.877
225.094 0.997
226.039 0.945
226.89 0.851
227.798 0.908
228.687 0.889
229.513 0.826
230.407 0.894
231.277 0.87
232.159 0.882
233.016 0.857
233.833 0.817
234.606 0.773
235.341 0.735
236.048 0.707
236.816 0.768
237.727 0.911
238.557 0.83
239.328 0.771
240.244 0.916
241.075 0.831
241.96 0.885
242.948 0.988
243.886 0.938
244.705 0.819
245.527 0.822
246.37 0.843
247.143 0.773
247.949 0.806
248.805 0.856
249.682 0.877
250.567 0.885
251.497 0.93
252.357 0.86
253.227 0.87
254.042 0.815
254.862 0.82
255.662 0.8
256.423 0.761
257.218 0.795
258.083 0.865
259.093 1.01
260.112 1.019
261.059 0.947
261.898 0.839
262.789 0.891
263.668 0.879
264.496 0.828
265.373 0.877
266.484 1.111
267.429 0.945
268.318 0.889
269.246 0.928
270.202 0.956
271.043 0.841
271.903 0.86
272.758 0.855
273.543 0.785
274.348 0.805
275.132 0.784
275.873 0.741
276.632 0.759
277.376 0.744
278.153 0.777
278.908 0.755
279.671 0.763
280.429 0.758
281.162 0.733
281.877 0.715
282.577 0.7
283.283 0.706
283.99 0.707
284.698 0.708
285.423 0.725
286.192 0.769
286.936 0.744
287.685 0.749
288.522 0.837
289.42 0.898
290.264 0.844
291.035 0.771
291.832 0.797
292.692 0.86
293.603 0.911
294.434 0.831
295.37 0.936
296.392 1.022
297.308 0.916
298.28 0.972
299.225 0.945
300.078 0.853
301.024 0.946
302.035 1.011
302.916 0.881
303.8 0.884
304.807 1.007
305.755 0.948
306.586 0.831
307.479 0.893
308.388 0.909
309.246 0.858
310.212 0.966
311.196 0.984
312.116 0.92
313.114 0.998
313.998 0.884
314.894 0.896
315.931 1.037
316.875 0.944
317.798 0.923
318.786 0.988
319.788 1.002
320.686 0.898
321.621 0.935
322.672 1.051
323.636 0.964
324.518 0.882
325.466 0.948
326.418 0.952
327.213 0.795
327.971 0.758
328.74 0.769
329.534 0.794
330.337 0.803
331.303 0.966
332.223 0.92
333.12 0.897
334.044 0.924
334.962 0.918
335.773 0.811
336.638 0.865
337.508 0.87
338.352 0.844
339.147 0.795
340.013 0.866
340.939 0.926
341.774 0.835
342.664 0.89
343.631 0.967
344.482 0.851
345.432 0.95
346.418 0.986
347.301 0.883
348.144 0.843
349.083 0.939
350.04 0.957
350.886 0.846
351.762 0.876
352.713 0.951
353.605 0.892
354.5 0.895
355.31 0.81
356.135 0.825
357.051 0.916
357.854 0.803
358.604 0.75
359.346 0.742
360.164 0.818
361.137 0.973
362.039 0.902
362.906 0.867
363.868 0.962
364.844 0.976
365.707 0.863
366.662 0.955
367.674 1.012
368.535 0.861
369.38 0.845
370.313 0.933
371.337 1.024
372.281 0.944
373.123 0.842
374.055 0.932
375.054 0.999
375.981 0.927
376.915 0.934
377.962 1.047
378.868 0.906
379.695 0.827
380.548 0.853
381.423 0.875
382.265 0.842
383.309 1.044
384.331 1.022
385.244 0.913
386.375 1.131
387.444 1.069
388.313 0.869
389.157 0.844
390.062 0.905
390.986 0.924
391.802 0.816
392.736 0.934
393.871 1.135
394.806 0.935
395.65 0.844
396.559 0.909
397.439 0.88
398.237 0.798
399.119 0.882
400.239 1.12
401.149 0.91
402.017 0.868
402.895 0.878
403.728 0.833
404.559 0.831
405.315 0.756
406.108 0.793
406.882 0.774
407.588 0.706
408.283 0.695
408.963 0.68
409.674 0.711
410.431 0.757
411.192 0.761
411.995 0.803
412.858 0.863
413.71 0.852
414.508 0.798
415.263 0.755
416.02 0.757
416.749 0.729
417.522 0.773
418.347 0.825
419.192 0.845
419.947 0.755
420.72 0.773
421.502 0.782
422.268 0.766
423.074 0.806
423.915 0.841
424.71 0.795
425.537 0.827
426.396 0.859
427.268 0.872
428.116 0.848
428.885 0.769
429.663 0.778
430.494 0.831
431.37 0.876
432.213 0.843
433.12 0.907
434.143 1.023
435.096 0.953
435.948 0.852
436.892 0.944
437.848 0.956
438.683 0.835
439.59 0.907
440.608 1.018
441.483 0.875
442.386 0.903
443.34 0.954
444.249 0.909
445.141 0.892
446.099 0.958
447.015 0.916
447.854 0.839
448.744 0.89
449.66 0.916
450.516 0.856
451.488 0.972
452.536 1.048
453.458 0.922
454.323 0.865
455.164 0.841
455.982 0.818
456.768 0.786
457.522 0.754
458.276 0.754
459.064 0.788
460.146 1.082
461.167 1.021
462.136 0.969
462.984 0.848
463.836 0.852
464.777 0.941
465.725 0.948
466.587 0.862
467.507 0.92
468.479 0.972
469.396 0.917
470.231 0.835
471.099 0.868
472.007 0.908
472.905 0.898
473.788 0.883
474.77 0.982
475.769 0.999
476.641 0.872
477.579 0.938
478.56 0.981
479.518 0.958
480.382 0.864
481.335 0.953
482.35 1.015
483.293 0.943
484.192 0.899
485.183 0.991
486.131 0.948
486.953 0.822
487.771 0.818
488.655 0.884
489.529 0.874
490.408 0.879
491.397 0.989
492.342 0.945
493.228 0.886
494.228 1.0
495.233 1.005
496.142 0.909
497.118 0.976
498.11 0.992
499.016 0.906
499.922 0.906
500.901 0.979
501.87 0.969
502.757 0.887
503.71 0.953
504.716 1.006
505.628 0.912
506.514 0.886
507.417 0.903
508.241 0.824
509.033 0.792
509.836 0.803
510.67 0.834
511.488 0.818
512.375 0.887
513.349 0.974
514.245 0.896
515.135 0.89
516.084 0.949
516.978 0.894
517.842 0.864
518.693 0.851
519.491 0.798
520.295 0.804
521.137 0.842
521.965 0.828
522.812 0.847
523.665 0.853
524.484 0.819
525.259 0.775
526.048 0.789
526.898 0.85
527.734 0.836
528.546 0.812
529.344 0.798
530.124 0.78
530.906 0.782
531.702 0.796
532.467 0.765
533.245 0.778
534.051 0.806
534.851 0.8
535.659 0.808
536.438 0.779
537.159 0.721
537.868 0.709
538.581 0.713
539.323 0.742
540.075 0.752
540.884 0.809
541.716 0.832
542.538 0.822
543.378 0.84
544.203 0.825
545.03 0.827
545.871 0.841
546.748 0.877
547.607 0.859
548.402 0.795
549.247 0.845
550.082 0.835
550.869 0.787
551.778 0.909
552.899 1.121
553.83 0.931
554.811 0.981
555.675 0.864
556.516 0.841
557.409 0.893
558.339 0.93
559.19 0.851
560.033 0.843
560.902 0.869
561.847 0.945
562.73 0.883
563.636 0.906
564.528 0.892
565.353 0.825
566.17 0.817
566.996 0.826
567.801 0.805
568.573 0.772
569.387 0.814
570.224 0.837
571.029 0.805
571.838 0.809
572.694 0.856
573.557 0.863
574.419 0.862
575.34 0.921
576.221 0.881
577.034 0.813
577.894 0.86
578.768 0.874
579.606 0.838
580.416 0.81
581.298 0.882
582.255 0.957
583.17 0.915
583.992 0.822
584.876 0.884
585.807 0.931
586.719 0.912
587.565 0.846
588.401 0.836
589.226 0.825
590.006 0.78
590.801 0.795
591.558 0.757
592.322 0.764
593.072 0.75
593.778 0.706
594.492 0.714
595.225 0.733
595.991 0.766
596.8 0.809
597.597 0.797
598.361 0.764
599.154 0.793
599.962 0.808
600.791 0.829
601.575 0.784
602.352 0.777