0.000 0.764
0.764 0.764
1.514 0.75
2.268 0.754
3.022 0.754
3.767 0.745
4.563 0.796
5.399 0.836
6.202 0.803
7.07 0.868
7.87 0.8
8.626 0.756
9.323 0.697
9.962 0.639
10.596 0.634
11.23 0.634
11.901 0.671
12.596 0.695
13.409 0.813
14.282 0.873
15.088 0.806
15.978 0.89
16.83 0.852
17.611 0.781
18.43 0.819
19.313 0.883
20.137 0.824
20.96 0.823
21.787 0.827
22.601 0.814
23.462 0.861
24.28 0.818
25.056 0.776
25.804 0.748
26.524 0.72
27.241 0.717
27.958 0.717
28.666 0.708
29.371 0.705
30.105 0.734
30.854 0.749
31.561 0.707
32.267 0.706
32.979 0.712
33.69 0.711
34.384 0.694
35.084 0.7
35.803 0.719
36.519 0.716
37.277 0.758
38.088 0.811
38.902 0.814
39.753 0.851
40.53 0.777
41.294 0.764
42.039 0.745
42.765 0.726
43.507 0.742
44.271 0.764
45.012 0.741
45.833 0.821
46.681 0.848
47.467 0.786
48.247 0.78
49.015 0.768
49.758 0.743
50.467 0.709
51.171 0.704
51.916 0.745
52.679 0.763
53.458 0.779
54.261 0.803
55.021 0.76
55.787 0.766
56.593 0.806
57.377 0.784
58.137 0.76
58.918 0.781
59.73 0.812
60.629 0.899
61.438 0.809
62.193 0.755
62.945 0.752
63.71 0.765
64.444 0.734
65.151 0.707
65.857 0.706
66.557 0.7
67.256 0.699
68.003 0.747
68.801 0.798
69.576 0.775
70.335 0.759
71.13 0.795
71.937 0.807
72.702 0.765
73.485 0.783
74.334 0.849
75.238 0.904
76.093 0.855
76.872 0.779
77.588 0.716
78.325 0.737
79.06 0.735
79.752 0.692
80.428 0.676
81.106 0.678
81.85 0.744
82.625 0.775
83.4 0.775
84.132 0.732
84.876 0.744
85.585 0.709
86.267 0.682
86.941 0.674
87.641 0.7
88.356 0.715
89.081 0.725
89.822 0.741
90.569 0.747
91.318 0.749
92.087 0.769
92.853 0.766
93.609 0.756
94.376 0.767
95.128 0.752
95.891 0.763
96.688 0.797
97.471 0.783
98.264 0.793
99.071 0.807
99.879 0.808
100.654 0.775
101.389 0.735
102.099 0.71
102.821 0.722
103.583 0.762
104.341 0.758
105.174 0.833
105.993 0.819
106.771 0.778
107.542 0.771
108.295 0.753
109.009 0.714
109.726 0.717
115.998 6.272
116.715 0.717
117.494 0.779
118.24 0.746
118.989 0.749
119.752 0.763
120.468 0.716
121.168 0.7
121.871 0.703
122.613 0.742
123.335 0.722
124.055 0.72
124.797 0.742
125.525 0.728
126.269 0.744
134.821 0.823
135.649 0.828
136.361 0.712
137.113 0.752
137.908 0.795
138.673 0.765
139.468 0.795
140.208 0.74
140.907 0.699
141.612 0.705
142.338 0.726
143.048 0.71
143.721 0.673
144.375 0.654
145.013 0.638
145.698 0.685
146.362 0.664
147.015 0.653
147.665 0.65
148.307 0.642
148.957 0.65
149.586 0.629
150.242 0.656
150.925 0.683
151.625 0.7
152.346 0.721
153.045 0.699
153.742 0.697
154.435 0.693
155.134 0.699
155.822 0.688
156.574 0.752
157.515 0.941
158.374 0.859
159.203 0.829
159.998 0.795
160.761 0.763
161.516 0.755
162.26 0.744
162.994 0.734
163.758 0.764
164.522 0.764
165.322 0.8
166.14 0.818
166.919 0.779
167.677 0.758
168.397 0.72
169.11 0.713
169.83 0.72
170.581 0.751
171.302 0.721
171.989 0.687
172.665 0.676
173.327 0.662
173.991 0.664
174.682 0.691
175.411 0.729
176.126 0.715
176.828 0.702
177.597 0.769
178.353 0.756
179.062 0.709
179.72 0.658
180.357 0.637
180.982 0.625
181.624 0.642
182.311 0.687
182.992 0.681
183.697 0.705
184.385 0.688
185.072 0.687
185.75 0.678
186.412 0.662
187.059 0.647
187.691 0.632
188.314 0.623
188.968 0.654
189.69 0.722
190.411 0.721
191.123 0.712
191.834 0.711
192.548 0.714
193.259 0.711
194.006 0.747
194.781 0.775
195.554 0.773
196.325 0.771
197.121 0.796
197.875 0.754
198.615 0.74
199.361 0.746
200.133 0.772
200.887 0.754
201.657 0.77
202.499 0.842
203.346 0.847
204.252 0.906
205.132 0.88
205.937 0.805
206.706 0.769
207.42 0.714
208.092 0.672
208.752 0.66
209.397 0.645
210.041 0.644
210.69 0.649
211.345 0.655
211.99 0.645
212.624 0.634
213.238 0.614
213.848 0.61
214.446 0.598
215.049 0.603
215.694 0.645
216.363 0.669
217.086 0.723
217.832 0.746
218.698 0.866
219.621 0.923
220.5 0.879
221.315 0.815
222.079 0.764
222.852 0.773
223.623 0.771
224.392 0.769
225.097 0.705
225.782 0.685
226.452 0.67
227.18 0.728
227.942 0.762
228.772 0.83
229.663 0.891
230.48 0.817
231.248 0.768
232.014 0.766
232.732 0.718
233.422 0.69
234.092 0.67
234.842 0.75
235.692 0.85
236.544 0.852
237.442 0.898
238.401 0.959
239.261 0.86
240.109 0.848
240.898 0.789
241.646 0.748
242.377 0.731
243.126 0.749
243.944 0.818
244.771 0.827
245.58 0.809
246.352 0.772
247.18 0.828
247.961 0.781
248.713 0.752
249.472 0.759
250.235 0.763
251.003 0.768
251.831 0.828
252.728 0.897
253.572 0.844
254.361 0.789
255.144 0.783
255.917 0.773
256.703 0.786
257.461 0.758
258.212 0.751
258.952 0.74
259.686 0.734
260.396 0.71
261.135 0.739
261.892 0.757
262.634 0.742
263.404 0.77
264.187 0.783
264.949 0.762
265.657 0.708
266.358 0.701
267.038 0.68
267.683 0.645
268.332 0.649
269.005 0.673
269.681 0.676
270.392 0.711
271.144 0.752
271.904 0.76
272.704 0.8
273.49 0.786
274.275 0.785
275.042 0.767
275.8 0.758
276.545 0.745
277.335 0.79
278.123 0.788
278.874 0.751
279.66 0.786
280.451 0.791
281.198 0.747
281.943 0.745
282.68 0.737
283.394 0.714
284.125 0.731
284.904 0.779
285.675 0.771
286.443 0.768
287.224 0.781
287.991 0.767
288.733 0.742
289.47 0.737
290.2 0.73
290.91 0.71
291.615 0.705
292.343 0.728
293.057 0.714
293.776 0.719
294.571 0.795
295.382 0.811
296.161 0.779
297.005 0.844
297.845 0.84
298.635 0.79
299.442 0.807
300.267 0.825
301.046 0.779
301.834 0.788
302.631 0.797
303.408 0.777
304.16 0.752
304.96 0.8
305.774 0.814
306.56 0.786
307.368 0.808
308.192 0.824
308.966 0.774
309.738 0.772
310.566 0.828
311.398 0.832
312.177 0.779
312.976 0.799
313.775 0.799
314.534 0.759
315.315 0.781
316.097 0.782
316.852 0.755
317.624 0.772
318.367 0.743
319.086 0.719
319.826 0.74
320.58 0.754
321.318 0.738
322.068 0.75
322.893 0.825
323.734 0.841
324.521 0.787
325.305 0.784
326.071 0.766
326.796 0.725
327.525 0.729
328.261 0.736
329.005 0.744
329.784 0.779
330.587 0.803
331.366 0.779
332.166 0.8
332.964 0.798
333.717 0.753
334.465 0.748
335.205 0.74
335.931 0.726
336.68 0.749
337.462 0.782
338.231 0.769
339.013 0.782
339.791 0.778
340.543 0.752
341.303 0.76
342.077 0.774
342.827 0.75
343.57 0.743
344.323 0.753
345.061 0.738
345.82 0.759
346.6 0.78
347.357 0.757
348.131 0.774
348.924 0.793
349.662 0.738
350.355 0.693
351.033 0.678
351.752 0.719
352.505 0.753
353.23 0.725
353.945 0.715
354.71 0.765
355.506 0.796
356.286 0.78
357.014 0.728
357.758 0.744
358.54 0.782
359.33 0.79
360.067 0.737
360.811 0.744
361.54 0.729
362.25 0.71
362.974 0.724
363.692 0.718
364.381 0.689
365.062 0.681
365.778 0.716
366.58 0.802
367.36 0.78
368.174 0.814
368.983 0.809
369.766 0.783
370.545 0.779
371.319 0.774
372.112 0.793
372.887 0.775
373.601 0.714
374.276 0.675
374.938 0.662
375.594 0.656
376.24 0.646
376.875 0.635
377.542 0.667
378.255 0.713
378.975 0.72
379.714 0.739
380.481 0.767
381.23 0.749
381.983 0.753
382.752 0.769
383.512 0.76
384.303 0.791
385.101 0.798
385.861 0.76
386.651 0.79
387.456 0.805
388.256 0.8
389.079 0.823
389.871 0.792
390.66 0.789
391.455 0.795
392.221 0.766
392.985 0.764
393.757 0.772
394.525 0.768
395.306 0.781
396.066 0.76
396.865 0.799
397.661 0.796
398.406 0.745
399.096 0.69
399.762 0.666
400.462 0.7
401.21 0.748
402.011 0.801
402.785 0.774
403.611 0.826
404.517 0.906
405.393 0.876
406.247 0.854
407.073 0.826
407.817 0.744
408.528 0.711
409.19 0.662
409.823 0.633
410.485 0.662
411.202 0.717
411.957 0.755
412.776 0.819
413.59 0.814
414.354 0.764
415.109 0.755
415.868 0.759
416.613 0.745
417.385 0.772
418.192 0.807
418.963 0.771
419.781 0.818
420.587 0.806
421.344 0.757
422.067 0.723
422.765 0.698
423.494 0.729
424.272 0.778
425.01 0.738
425.734 0.724
426.453 0.719
427.17 0.717
427.931 0.761
428.807 0.876
429.633 0.826
430.492 0.859
431.369 0.877
432.211 0.842
433.067 0.856
433.861 0.794
434.64 0.779
435.409 0.769
436.169 0.76
436.977 0.808
437.787 0.81
438.597 0.81
439.467 0.87
440.302 0.835
441.09 0.788
441.919 0.829
442.773 0.854
443.559 0.786
444.348 0.789
445.103 0.755
445.848 0.745
446.653 0.805
447.422 0.769
448.294 0.872
449.206 0.912
450.034 0.828
450.852 0.818
451.691 0.839
452.483 0.792
453.21 0.727
453.905 0.695
454.624 0.719
455.364 0.74
456.129 0.765
456.877 0.748
457.634 0.757
458.427 0.793
459.2 0.773
459.966 0.766
460.779 0.813
461.599 0.82
462.379 0.78
463.199 0.82
463.988 0.789
464.752 0.764
465.575 0.823
466.458 0.883
467.317 0.859
468.195 0.878
469.048 0.853
469.826 0.778
470.584 0.758
471.358 0.774
472.111 0.753
472.834 0.723
473.586 0.752
474.393 0.807
475.18 0.787
475.983 0.803
476.826 0.843
477.652 0.826
478.515 0.863
479.335 0.82
480.16 0.825
480.998 0.838
481.84 0.842
482.628 0.788
483.422 0.794
484.207 0.785
484.985 0.778
485.768 0.783
486.546 0.778
487.299 0.753
488.029 0.73
488.758 0.729
489.479 0.721
490.231 0.752
491.047 0.816
491.804 0.757
492.588 0.784
493.373 0.785
494.109 0.736
494.829 0.72
495.525 0.696
496.223 0.698
496.923 0.7
497.631 0.708
498.392 0.761
499.199 0.807
500.043 0.844
500.86 0.817
501.652 0.792
502.389 0.737
503.076 0.687
503.761 0.685
504.521 0.76
505.337 0.816
506.097 0.76
506.892 0.795
507.68 0.788
508.426 0.746
509.215 0.789
509.988 0.773
510.733 0.745
511.52 0.787
512.33 0.81
513.105 0.775
513.897 0.792
514.689 0.792
515.468 0.779
516.262 0.794
517.028 0.766
517.808 0.78
518.63 0.822
519.437 0.807
520.261 0.824
521.078 0.817
521.856 0.778
522.639 0.783
523.448 0.809
524.242 0.794
525.07 0.828
525.891 0.821
526.682 0.791
527.53 0.848
528.359 0.829
529.152 0.793
529.975 0.823
530.787 0.812
531.548 0.761
532.36 0.812
533.16 0.8
533.971 0.811
534.745 0.774
535.49 0.745
536.2 0.71
536.878 0.678
537.54 0.662
538.2 0.66
538.831 0.631
539.462 0.631
540.11 0.648
540.774 0.664
541.462 0.688
542.225 0.763
543.019 0.794
543.855 0.836
544.636 0.781
545.371 0.735
546.093 0.722
546.791 0.698
547.473 0.682
548.158 0.685
548.862 0.704
549.579 0.717
550.269 0.69
550.981 0.712
551.682 0.701
552.368 0.686
553.043 0.675
553.735 0.692
554.43 0.695
555.122 0.692
555.777 0.655
556.44 0.663
557.226 0.786
557.993 0.767
558.728 0.735
559.479 0.751
560.189 0.71
560.948 0.759
561.721 0.773
562.456 0.735
563.155 0.699
563.831 0.676
564.557 0.726
565.412 0.855
566.329 0.917
567.23 0.901
568.082 0.852
568.895 0.813
569.694 0.799
570.464 0.77
571.213 0.749
572.033 0.82
572.905 0.872
573.779 0.874
574.732 0.953
575.637 0.905
576.521 0.884
577.36 0.839
578.147 0.787
578.896 0.749
579.642 0.746
580.414 0.772
581.182 0.768
581.966 0.784
582.825 0.859
583.727 0.902
584.566 0.839
585.379 0.813
586.192 0.813
586.969 0.777
587.702 0.733
588.412 0.71
589.13 0.718
589.941 0.811
590.821 0.88
591.684 0.863
592.55 0.866
593.384 0.834
594.144 0.76
594.857 0.713
595.594 0.737
596.318 0.724
597.013 0.695
597.872 0.859
598.63 0.758
599.434 0.804
600.314 0.88
601.13 0.816
601.917 0.787
602.7 0.783
603.476 0.776
604.208 0.732
604.949 0.741
605.788 0.839
606.569 0.781
607.31 0.741
608.062 0.752
608.842 0.78
609.599 0.757
610.394 0.795
611.216 0.822