0.000 1.027
1.027 1.027
1.898 0.871
2.655 0.757
3.411 0.756
4.214 0.803
5.01 0.796
5.899 0.889
6.705 0.806
7.579 0.874
8.511 0.932
9.431 0.92
10.336 0.905
11.294 0.958
12.139 0.845
12.876 0.737
13.692 0.816
14.697 1.005
15.572 0.875
16.601 1.029
17.507 0.906
18.39 0.883
19.239 0.849
19.992 0.753
20.758 0.766
21.614 0.856
22.513 0.899
23.412 0.899
24.367 0.955
25.273 0.906
26.154 0.881
26.985 0.831
27.782 0.797
28.67 0.888
29.639 0.969
30.614 0.975
31.566 0.952
32.524 0.958
33.432 0.908
34.355 0.923
35.337 0.982
36.32 0.983
37.254 0.934
38.149 0.895
39.061 0.912
40.01 0.949
40.963 0.953
41.856 0.893
42.835 0.979
43.841 1.006
44.838 0.997
45.815 0.977
46.74 0.925
47.64 0.9
48.551 0.911
49.44 0.889
50.308 0.868
51.188 0.88
52.167 0.979
53.192 1.025
54.205 1.013
55.083 0.878
55.965 0.882
56.838 0.873
57.757 0.919
58.557 0.8
59.453 0.896
60.415 0.962
61.263 0.848
62.163 0.9
63.049 0.886
63.856 0.807
64.85 0.994
65.67 0.82
66.426 0.756
67.521 1.095
68.51 0.989
69.398 0.888
70.297 0.899
71.226 0.929
72.158 0.932
73.087 0.929
74.079 0.992
75.016 0.937
75.917 0.901
76.837 0.92
77.787 0.95
78.691 0.904
79.643 0.952
80.651 1.008
81.648 0.997
82.565 0.917
83.528 0.963
84.531 1.003
85.503 0.972
86.45 0.947
87.345 0.895
88.263 0.918
89.153 0.89
90.01 0.857
90.84 0.83
91.684 0.844
92.618 0.934
93.572 0.954
94.519 0.947
95.501 0.982
96.478 0.977
97.496 1.018
98.496 1.0
99.462 0.966
100.368 0.906
101.259 0.891
102.126 0.867
103.009 0.883
103.893 0.884
104.751 0.858
105.671 0.92
106.602 0.931
107.582 0.98
108.565 0.983
109.518 0.953
110.419 0.901
111.329 0.91
112.219 0.89
113.125 0.906
114.064 0.939
114.969 0.905
115.93 0.961
116.893 0.963
117.801 0.908
118.688 0.887
119.525 0.837
120.252 0.727
121.0 0.748
121.801 0.801
122.586 0.785
123.38 0.794
124.327 0.947
125.183 0.856
126.149 0.966
127.068 0.919
127.974 0.906
128.887 0.913
129.735 0.848
130.581 0.846
131.411 0.83
132.174 0.763
133.035 0.861
133.83 0.795
134.751 0.921
135.623 0.872
136.579 0.956
137.587 1.008
138.625 1.038
139.617 0.992
140.615 0.998
141.599 0.984
142.553 0.954
143.475 0.922
144.37 0.895
145.246 0.876
146.088 0.842
146.883 0.795
147.802 0.919
148.669 0.867
149.437 0.768
150.591 1.154
151.616 1.025
152.64 1.024
153.616 0.976
154.604 0.988
155.6 0.996
156.549 0.949
157.35 0.801
158.233 0.883
159.179 0.946
160.123 0.944
161.057 0.934
162.027 0.97
162.977 0.95
163.966 0.989
164.952 0.986
165.886 0.934
166.714 0.828
167.662 0.948
168.746 1.084
169.892 1.146
170.909 1.017
171.973 1.064
173.026 1.053
173.981 0.955
174.874 0.893
175.758 0.884
176.616 0.858
177.408 0.792
178.387 0.979
179.395 1.008
180.406 1.011
181.455 1.049
182.492 1.037
183.492 1.0
184.467 0.975
185.345 0.878
186.149 0.804
187.023 0.874
187.932 0.909
188.856 0.924
189.768 0.912
190.701 0.933
191.656 0.955
192.622 0.966
193.569 0.947
194.563 0.994
195.562 0.999
196.544 0.982
197.519 0.975
198.422 0.903
199.336 0.914
200.259 0.923
201.117 0.858
201.97 0.853
202.852 0.882
203.775 0.923
204.669 0.894
205.618 0.949
206.62 1.002
207.561 0.941
208.539 0.978
209.4 0.861
210.248 0.848
211.122 0.874
212.001 0.879
212.822 0.821
213.739 0.917
214.663 0.924
215.549 0.886
216.448 0.899
217.372 0.924
218.309 0.937
219.209 0.9
220.146 0.937
221.025 0.879
221.916 0.891
222.803 0.887
223.663 0.86
224.526 0.863
225.348 0.822
226.235 0.887
227.147 0.912
228.091 0.944
229.067 0.976
229.974 0.907
230.914 0.94
231.832 0.918
232.714 0.882
233.575 0.861
234.403 0.828
235.174 0.771
236.065 0.891
236.954 0.889
237.863 0.909
238.778 0.915
239.687 0.909
240.558 0.871
241.458 0.9
242.357 0.899
243.204 0.847
244.074 0.87
244.968 0.894
245.85 0.882
246.705 0.855
247.571 0.866
248.456 0.885
249.357 0.901
250.257 0.9
251.12 0.863
251.997 0.877
252.863 0.866
253.706 0.843
254.563 0.857
255.44 0.877
256.341 0.901
257.159 0.818
258.051 0.892
258.939 0.888
259.827 0.888
260.707 0.88
261.473 0.766
262.256 0.783
263.19 0.934
264.111 0.921
265.06 0.949
266.001 0.941
266.896 0.895
267.792 0.896
268.67 0.878
269.478 0.808
270.366 0.888
271.252 0.886
272.068 0.816
272.769 0.701
273.464 0.695
274.198 0.734
274.983 0.785
275.822 0.839
276.65 0.828
277.39 0.74
278.145 0.755
278.881 0.736
279.586 0.705
280.295 0.709
281.03 0.735
281.798 0.768
282.605 0.807
283.404 0.799
284.176 0.772
284.976 0.8
285.766 0.79
286.597 0.831
287.431 0.834
288.238 0.807
289.018 0.78
289.823 0.805
290.651 0.828
291.528 0.877
292.444 0.916
293.376 0.932
294.29 0.914
295.106 0.816
295.932 0.826
296.783 0.851
297.69 0.907
298.547 0.857
299.425 0.878
300.326 0.901
301.191 0.865
301.993 0.802
302.822 0.829
303.609 0.787
304.346 0.737
305.126 0.78
305.945 0.819
306.835 0.89
307.685 0.85
308.481 0.796
309.292 0.811
310.106 0.814
310.94 0.834
311.773 0.833
312.606 0.833
313.433 0.827
314.332 0.899
315.243 0.911
316.206 0.963
317.103 0.897
318.065 0.962
319.021 0.956
319.889 0.868
320.778 0.889
321.708 0.93
322.601 0.893
323.537 0.936
324.463 0.926
325.319 0.856
326.192 0.873
327.067 0.875
327.877 0.81
328.738 0.861
329.62 0.882
330.493 0.873
331.306 0.813
332.113 0.807
333.013 0.9
333.915 0.902
334.795 0.88
335.629 0.834
336.487 0.858
337.337 0.85
338.111 0.774
338.923 0.812
339.807 0.884
340.694 0.887
341.471 0.777
342.262 0.791
343.092 0.83
343.97 0.878
344.771 0.801
345.605 0.834
346.493 0.888
347.424 0.931
348.317 0.893
349.127 0.81
349.977 0.85
350.858 0.881
351.723 0.865
352.578 0.855
353.365 0.787
354.16 0.795
354.981 0.821
355.746 0.765
356.452 0.706
357.162 0.71
357.938 0.776
358.812 0.874
359.71 0.898
360.53 0.82
361.383 0.853
362.272 0.889
363.136 0.864
363.913 0.777
364.726 0.813
365.559 0.833
366.443 0.884
367.292 0.849
368.098 0.806
368.954 0.856
369.855 0.901
370.739 0.884
371.579 0.84
372.435 0.856
373.26 0.825
374.024 0.764
374.758 0.734
375.552 0.794
376.419 0.867
377.279 0.86
378.041 0.762
378.833 0.792
379.658 0.825
380.54 0.882
381.353 0.813
382.224 0.871
383.09 0.866
383.943 0.853
384.737 0.794
385.577 0.84
386.421 0.844
387.264 0.843
388.026 0.762
388.849 0.823
389.741 0.892
390.67 0.929
391.606 0.936
392.487 0.881
393.381 0.894
394.265 0.884
395.139 0.874
395.97 0.831
396.787 0.817
397.62 0.833
398.471 0.851
399.335 0.864
400.208 0.873
401.139 0.931
402.072 0.933
403.0 0.928
403.91 0.91
404.748 0.838
405.572 0.824
406.403 0.831
407.242 0.839
408.073 0.831
408.964 0.891
409.848 0.884
410.739 0.891
411.639 0.9
412.484 0.845
413.361 0.877
414.247 0.886
415.245 0.998
416.199 0.954
417.136 0.937
418.056 0.92
418.906 0.85
419.753 0.847
420.588 0.835
421.385 0.797
422.243 0.858
423.11 0.867
423.892 0.782
424.751 0.859
425.606 0.855
426.38 0.774
427.22 0.84
428.108 0.888
428.92 0.812
429.775 0.855
430.599 0.824
431.38 0.781
432.235 0.855
433.127 0.892
434.004 0.877
434.784 0.78
435.618 0.834
436.441 0.823
437.265 0.824
438.026 0.761
438.818 0.792
439.624 0.806
440.484 0.86
441.269 0.785
442.151 0.882
443.053 0.902
443.983 0.93
444.857 0.874
445.755 0.898
446.669 0.914
447.585 0.916
448.402 0.817
449.241 0.839
450.127 0.886
451.069 0.942
451.991 0.922
452.91 0.919
453.827 0.917
454.72 0.893
455.561 0.841
456.412 0.851
457.356 0.944
458.326 0.97
459.343 1.017
460.241 0.898
461.143 0.902
462.037 0.894
462.964 0.927
463.869 0.905
464.726 0.857
465.654 0.928
466.599 0.945
467.485 0.886
468.431 0.946
469.371 0.94
470.288 0.917
471.138 0.85
471.989 0.851
472.804 0.815
473.544 0.74
474.256 0.712
475.109 0.853
476.055 0.946
476.986 0.931
477.883 0.897
478.691 0.808
479.547 0.856
480.418 0.871
481.309 0.891
482.14 0.831
482.98 0.84
483.817 0.837
484.721 0.904
485.583 0.862
486.357 0.774
487.174 0.817
488.069 0.895
489.038 0.969
489.929 0.891
490.751 0.822
491.615 0.864
492.525 0.91
493.446 0.921
494.251 0.805
495.032 0.781
495.937 0.905
496.944 1.007
497.86 0.916
498.735 0.875
499.624 0.889
500.501 0.877
501.297 0.796
502.159 0.862
503.04 0.881
503.846 0.806
504.685 0.839
505.537 0.852
506.398 0.861
507.168 0.77
508.003 0.835
508.903 0.9
509.816 0.913
510.735 0.919
511.578 0.843
512.449 0.871
513.267 0.818
514.081 0.814
514.854 0.773
515.651 0.797
516.509 0.858
517.418 0.909
518.26 0.842
519.176 0.916
520.121 0.945
521.057 0.936
521.931 0.874
522.834 0.903
523.744 0.91
524.603 0.859
525.371 0.768
526.202 0.831
527.057 0.855
527.924 0.867
528.787 0.863
529.58 0.793
530.408 0.828
531.231 0.823
532.009 0.778
532.789 0.78
533.579 0.79
534.373 0.794
535.116 0.743
535.957 0.841
536.832 0.875
537.733 0.901
538.542 0.809
539.381 0.839
540.218 0.837
541.066 0.848
541.861 0.795
542.657 0.796
543.449 0.792
544.257 0.808
544.996 0.739
545.774 0.778
546.628 0.854
547.535 0.907
548.365 0.83
549.237 0.872
550.124 0.887
550.983 0.859
551.809 0.826
552.63 0.821
553.441 0.811
554.22 0.779
555.021 0.801
555.894 0.873
556.828 0.934
557.701 0.873
558.625 0.924
559.496 0.871
560.379 0.883
561.252 0.873
562.07 0.818
562.912 0.842
563.719 0.807
564.461 0.742
565.263 0.802
566.074 0.811
567.009 0.935
567.891 0.882
568.796 0.905
569.734 0.938
570.577 0.843
571.492 0.915
572.416 0.924
573.265 0.849
574.151 0.886
575.023 0.872
575.801 0.778
576.605 0.804
577.382 0.777
578.188 0.806
579.056 0.868
579.914 0.858
580.807 0.893
581.741 0.934
582.626 0.885
583.518 0.892
584.37 0.852
585.221 0.851
586.03 0.809
586.784 0.754
587.564 0.78
588.278 0.714
589.054 0.776
589.895 0.841
590.788 0.893
591.635 0.847
592.511 0.876
593.384 0.873
594.207 0.823
595.111 0.904
595.967 0.856
596.761 0.794
597.605 0.844
598.442 0.837
599.276 0.834
600.012 0.736
600.98 0.968