0.000 0.778
0.778 0.778
1.538 0.76
2.298 0.76
3.059 0.761
3.827 0.768
4.564 0.737
5.305 0.741
6.093 0.788
6.911 0.818
7.701 0.79
8.502 0.801
9.323 0.821
10.12 0.797
10.869 0.749
11.621 0.752
12.356 0.735
13.061 0.705
13.723 0.662
14.373 0.65
15.013 0.64
15.663 0.65
16.291 0.628
16.906 0.615
17.513 0.607
18.131 0.618
18.799 0.668
19.544 0.745
20.403 0.859
21.248 0.845
22.051 0.803
22.789 0.738
23.507 0.718
24.242 0.735
25.06 0.818
25.927 0.867
26.771 0.844
27.636 0.865
28.556 0.92
29.449 0.893
30.26 0.811
31.016 0.756
31.765 0.749
32.522 0.757
33.295 0.773
34.059 0.764
34.854 0.795
35.716 0.862
36.586 0.87
37.402 0.816
38.231 0.829
39.075 0.844
39.922 0.847
40.756 0.834
41.607 0.851
42.479 0.872
43.324 0.845
44.116 0.792
44.922 0.806
45.766 0.844
46.599 0.833
47.475 0.876
48.395 0.92
49.3 0.905
50.151 0.851
50.991 0.84
51.81 0.819
52.618 0.808
53.397 0.779
54.148 0.751
54.87 0.722
55.607 0.737
56.403 0.796
57.249 0.846
58.118 0.869
58.986 0.868
59.816 0.83
60.563 0.747
61.252 0.689
61.908 0.656
62.578 0.67
63.289 0.711
64.142 0.853
64.989 0.847
65.81 0.821
66.677 0.867
67.545 0.868
68.33 0.785
69.084 0.754
69.804 0.72
70.492 0.688
71.17 0.678
71.861 0.691
72.516 0.655
73.204 0.688
73.917 0.713
74.69 0.773
75.453 0.763
76.18 0.727
76.872 0.692
77.537 0.665
78.175 0.638
78.775 0.6
79.366 0.591
79.97 0.604
80.592 0.622
81.334 0.742
82.251 0.917
83.308 1.057
84.362 1.054
85.314 0.952
86.284 0.97
87.18 0.896
88.039 0.859
88.918 0.879
89.815 0.897
90.707 0.892
91.601 0.894
92.453 0.852
93.278 0.825
94.062 0.784
94.802 0.74
95.514 0.712
96.227 0.713
96.919 0.692
97.62 0.701
98.393 0.773
99.253 0.86
100.193 0.94
101.121 0.928
102.008 0.887
102.88 0.872
103.684 0.804
104.427 0.743
105.157 0.73
105.907 0.75
106.792 0.885
107.76 0.968
108.719 0.959
109.627 0.908
110.472 0.845
111.293 0.821
112.134 0.841
113.036 0.902
113.933 0.897
114.796 0.863
115.611 0.815
116.434 0.823
117.278 0.844
118.129 0.851
119.005 0.876
119.84 0.835
120.634 0.794
121.432 0.798
122.242 0.81
123.082 0.84
123.904 0.822
124.709 0.805
125.538 0.829
126.373 0.835
127.253 0.88
128.124 0.871
128.919 0.795
129.694 0.775
130.492 0.798
131.33 0.838
132.197 0.867
133.061 0.864
133.885 0.824
134.729 0.844
135.547 0.818
136.317 0.77
137.075 0.758
137.839 0.764
138.622 0.783
139.363 0.741
140.084 0.721
140.786 0.702
141.478 0.692
142.203 0.725
142.942 0.739
143.658 0.716
144.377 0.719
145.099 0.722
145.826 0.727
146.543 0.717
147.222 0.679
147.896 0.674
148.569 0.673
149.256 0.687
149.99 0.734
150.766 0.776
151.495 0.729
152.227 0.732
153.003 0.776
153.83 0.827
154.631 0.801
155.392 0.761
156.095 0.703
156.76 0.665
157.391 0.631
158.023 0.632
158.645 0.622
159.26 0.615
159.882 0.622
160.509 0.627
161.111 0.602
161.723 0.612
162.047 0.324
162.938 0.891
163.211 0.273
163.727 0.516
164.023 0.296
164.547 0.524
177.764 0.767
178.625 0.861
179.509 0.884
180.298 0.789
181.014 0.716
181.665 0.651
182.278 0.613
182.87 0.592
183.457 0.587
184.094 0.637
184.734 0.64
185.383 0.649
186.069 0.686
187.049 0.98
188.035 0.986
188.969 0.934
189.824 0.855
190.597 0.773
191.31 0.713
192.003 0.693
192.75 0.747
193.665 0.915
194.575 0.91
195.457 0.882
196.275 0.818
197.041 0.766
197.751 0.71
198.441 0.69
199.147 0.706
199.873 0.726
200.609 0.736
201.421 0.812
202.291 0.87
203.174 0.883
204.017 0.843
204.87 0.853
205.685 0.815
206.471 0.786
207.182 0.711
207.853 0.671
208.488 0.635
209.104 0.616
209.72 0.616
210.351 0.631
211.005 0.654
211.691 0.686
212.383 0.692
213.116 0.733
213.925 0.809
214.817 0.892
215.651 0.834
216.394 0.743
217.096 0.702
217.755 0.659
218.417 0.662
219.092 0.675
219.788 0.696
220.484 0.696
221.193 0.709
221.893 0.7
222.574 0.681
223.236 0.662
223.894 0.658
224.593 0.699
225.257 0.664
225.947 0.69
226.602 0.655
227.276 0.674
227.921 0.645
228.536 0.615
229.15 0.614
229.765 0.615
230.364 0.599
230.973 0.609
231.611 0.638
232.345 0.734
233.1 0.755
233.868 0.768
234.615 0.747
235.308 0.693
236.009 0.701
236.66 0.651
237.288 0.628
237.903 0.615
238.506 0.603
239.122 0.616
239.78 0.658
240.529 0.749
241.312 0.783
242.097 0.785
242.832 0.735
243.548 0.716
244.261 0.713
244.927 0.666
245.578 0.651
246.437 0.859
247.236 0.799
248.046 0.81
248.846 0.8
249.581 0.735
250.29 0.709
250.99 0.7
251.71 0.72
252.477 0.767
253.242 0.765
254.072 0.83
254.917 0.845
255.678 0.761
256.458 0.78
257.21 0.752
257.922 0.712
258.65 0.728
259.352 0.702
260.043 0.691
260.721 0.678
261.382 0.661
262.025 0.643
262.657 0.632
263.298 0.641
263.942 0.644
264.619 0.677
265.321 0.702
266.038 0.717
266.767 0.729
267.484 0.717
268.208 0.724
268.909 0.701
269.612 0.703
270.344 0.732
271.079 0.735
271.821 0.742
272.575 0.754
273.299 0.724
274.015 0.716
274.737 0.722
275.441 0.704
276.152 0.711
276.901 0.749
277.621 0.72
278.323 0.702
279.04 0.717
279.821 0.781
280.706 0.885
281.636 0.93
282.536 0.9
283.377 0.841
284.16 0.783
284.892 0.732
285.599 0.707
286.321 0.722
287.065 0.744
287.93 0.865
288.802 0.872
289.717 0.915
290.626 0.909
291.473 0.847
292.334 0.861
293.215 0.881
294.095 0.88
294.951 0.856
295.779 0.828
296.564 0.785
297.305 0.741
298.074 0.769
298.91 0.836
299.829 0.919
300.744 0.915
301.637 0.893
302.48 0.843
303.284 0.804
304.106 0.822
304.959 0.853
305.807 0.848
306.622 0.815
307.408 0.786
308.2 0.792
309.062 0.862
309.954 0.892
310.787 0.833
311.614 0.827
312.436 0.822
313.28 0.844
314.091 0.811
314.858 0.767
315.624 0.766
316.398 0.774
317.202 0.804
318.022 0.82
318.855 0.833
319.734 0.879
320.62 0.886
321.481 0.861
322.302 0.821
323.106 0.804
323.927 0.821
324.745 0.818
325.555 0.81
326.325 0.77
327.083 0.758
327.87 0.787
328.711 0.841
329.571 0.86
330.433 0.862
331.251 0.818
332.02 0.769
332.783 0.763
333.562 0.779
334.352 0.79
335.143 0.791
335.914 0.771
336.686 0.772
337.461 0.775
338.224 0.763
339.017 0.793
339.821 0.804
340.557 0.736
341.281 0.724
341.969 0.688
342.636 0.667
343.276 0.64
343.9 0.624
344.541 0.641
345.196 0.655
345.85 0.654
346.517 0.667
347.19 0.673
347.85 0.66
348.514 0.664
349.203 0.689
349.898 0.695
350.595 0.697
351.276 0.681
351.929 0.653
352.558 0.629
353.2 0.642
353.855 0.655
354.632 0.777
355.47 0.838
356.324 0.854
357.183 0.859
357.997 0.814
358.816 0.819
359.642 0.826
360.48 0.838
361.28 0.8
362.004 0.724
362.698 0.694
363.359 0.661
364.01 0.651
364.671 0.661
365.365 0.694
366.126 0.761
366.889 0.763
367.662 0.773
368.428 0.766
369.152 0.724
369.862 0.71
370.554 0.692
371.24 0.686
371.935 0.695
372.668 0.733
373.448 0.78
374.254 0.806
375.084 0.83
375.927 0.843
376.757 0.83
377.592 0.835
378.433 0.841
379.22 0.787
379.974 0.754
380.739 0.765
381.477 0.738
382.233 0.756
383.058 0.825
383.881 0.823
384.664 0.783
385.444 0.78
386.182 0.738
386.757 0.575
387.022 0.265
387.595 0.573
388.261 0.666
388.909 0.648
389.548 0.639
390.187 0.639
390.844 0.657
391.532 0.688
392.266 0.734
393.104 0.838
394.01 0.906
394.907 0.897
395.808 0.901
396.679 0.871
397.519 0.84
398.368 0.849
399.227 0.859
400.111 0.884
400.984 0.873
401.848 0.864
402.697 0.849
403.539 0.842
404.375 0.836
405.171 0.796
405.94 0.769
406.718 0.778
407.507 0.789
408.321 0.814
409.16 0.839
410.032 0.872
410.912 0.88
411.782 0.87
412.612 0.83
413.447 0.835
414.282 0.835
415.09 0.808
415.923 0.833
416.811 0.888
417.683 0.872
418.592 0.909
419.511 0.919
420.433 0.922
421.308 0.875
422.161 0.853
423.014 0.853
423.889 0.875
424.752 0.863
425.588 0.836
426.437 0.849
427.291 0.854
428.145 0.854
428.982 0.837
429.824 0.842
430.668 0.844
431.486 0.818
432.283 0.797
433.08 0.797
433.878 0.798
434.72 0.842
435.573 0.853
436.42 0.847
437.238 0.818
438.06 0.822
438.854 0.794
439.624 0.77
440.382 0.758
441.132 0.75
441.924 0.792
442.73 0.806
443.541 0.811
444.33 0.789
445.12 0.79
445.907 0.787
446.679 0.772
447.427 0.748
448.132 0.705
448.812 0.68
449.469 0.657
450.113 0.644
450.772 0.659
451.426 0.654
452.067 0.641
452.726 0.659
453.443 0.717
454.261 0.818
455.082 0.821
455.89 0.808
456.68 0.79
457.445 0.765
458.203 0.758
458.958 0.755
459.728 0.77
460.499 0.771
461.25 0.751
461.66 0.41
462.006 0.346
462.715 0.709
463.382 0.667
464.029 0.647
464.675 0.646
465.314 0.639
465.674 0.36
465.943 0.269
466.572 0.629
466.823 0.251
467.217 0.394
467.84 0.623
468.457 0.617
469.073 0.616
469.704 0.631
470.347 0.643
470.996 0.649
471.637 0.641
472.277 0.64
472.93 0.653
473.316 0.386
473.62 0.304
474.361 0.741
475.127 0.766
475.656 0.529
476.527 0.871
477.202 0.675
477.856 0.654
478.511 0.655
479.198 0.687
479.869 0.671
480.519 0.65
481.146 0.627
481.788 0.642
482.477 0.689
483.203 0.726
483.978 0.775
484.71 0.732
485.433 0.723
486.128 0.695
486.817 0.689
487.507 0.69
488.199 0.692
488.899 0.7
489.592 0.693
490.28 0.688
490.996 0.716
491.73 0.734
492.497 0.767
493.305 0.808
494.121 0.816
494.942 0.821
495.75 0.808
496.537 0.787
497.305 0.768
498.086 0.781
498.887 0.801
499.67 0.783
500.412 0.742
501.148 0.736
501.896 0.748
502.657 0.761
503.416 0.759
504.132 0.716
504.827 0.695
505.511 0.684
506.194 0.683
506.886 0.692
507.567 0.681
508.246 0.679
508.905 0.659
509.562 0.657
510.224 0.662
510.877 0.653
511.542 0.665
512.215 0.673
512.933 0.718
513.672 0.739
514.49 0.818
515.325 0.835
516.131 0.806
516.923 0.792
517.68 0.757
518.434 0.754
519.207 0.773
519.97 0.763
520.737 0.767
521.498 0.761
522.288 0.79
523.113 0.825
523.941 0.828
524.747 0.806
525.579 0.832
526.356 0.777
527.101 0.745
527.817 0.716
528.506 0.689
529.231 0.725
530.001 0.77
530.798 0.797
531.533 0.735
532.307 0.774
533.042 0.735
533.754 0.712
534.415 0.661
535.067 0.652
535.695 0.628
536.34 0.645
537.062 0.722
537.903 0.841
538.771 0.868
539.597 0.826
540.363 0.766
541.134 0.771
541.87 0.736
542.557 0.687
543.243 0.686
543.963 0.72
544.744 0.781
545.549 0.805
546.371 0.822
547.152 0.781
547.924 0.772
548.69 0.766
549.417 0.727
550.135 0.718
550.83 0.695
551.545 0.715
552.251 0.706
552.995 0.744
553.775 0.78
554.56 0.785
555.303 0.743
556.011 0.708
556.698 0.687
557.398 0.7
558.112 0.714
558.877 0.765
559.683 0.806
560.449 0.766
561.23 0.781
561.976 0.746
562.687 0.711
563.37 0.683
564.013 0.643
564.657 0.644
565.336 0.679
566.026 0.69
566.769 0.743
567.527 0.758
568.253 0.726
568.947 0.694
569.626 0.679
570.302 0.676
570.999 0.697
571.8 0.801
572.66 0.86
573.505 0.845
574.404 0.899
575.333 0.929
576.245 0.912
577.113 0.868
577.946 0.833
578.729 0.783
579.426 0.697
580.091 0.665
580.757 0.666
581.487 0.73
582.381 0.894
583.281 0.9
584.206 0.925
585.13 0.924
585.989 0.859
586.784 0.795
587.503 0.719
588.171 0.668
588.835 0.664
589.557 0.722
590.333 0.776
591.157 0.824
591.93 0.773
592.671 0.741
593.393 0.722
594.083 0.69
594.74 0.657
595.379 0.639
596.009 0.63
596.643 0.634
597.301 0.658
597.991 0.69
598.723 0.732
599.458 0.735
600.182 0.724
600.9 0.718
601.605 0.705
602.297 0.692
602.953 0.656
603.612 0.659
604.266 0.654
604.916 0.65
605.624 0.708
606.324 0.7
607.037 0.713
607.742 0.705
608.42 0.678
609.096 0.676
609.791 0.695
610.518 0.727
611.291 0.773