0.000 0.944
0.944 0.944
1.852 0.908
2.777 0.925
3.71 0.933
4.627 0.917
5.504 0.877
6.421 0.917
7.355 0.934
8.232 0.877
9.139 0.907
10.066 0.927
10.947 0.881
11.886 0.939
12.779 0.893
13.682 0.903
14.495 0.813
15.35 0.855
16.141 0.791
16.911 0.77
17.664 0.753
18.424 0.76
19.163 0.739
19.896 0.733
29.842 0.843
30.692 0.85
31.525 0.833
32.302 0.777
33.035 0.733
33.784 0.749
34.584 0.8
35.435 0.851
36.296 0.861
37.196 0.9
38.077 0.881
39.031 0.954
40.028 0.997
41.025 0.997
41.922 0.897
42.866 0.944
43.852 0.986
44.773 0.921
45.651 0.878
46.606 0.955
47.57 0.964
48.417 0.847
49.286 0.869
50.222 0.936
51.103 0.881
51.981 0.878
52.975 0.994
54.009 1.034
54.956 0.947
55.883 0.927
56.863 0.98
57.84 0.977
58.739 0.899
59.63 0.891
60.586 0.956
61.594 1.008
62.533 0.939
63.411 0.878
64.379 0.968
65.37 0.991
66.386 1.016
67.324 0.938
68.207 0.883
69.15 0.943
70.097 0.947
71.051 0.954
71.923 0.872
72.753 0.83
73.663 0.91
74.597 0.934
75.422 0.825
76.166 0.744
76.962 0.796
77.971 1.009
79.013 1.042
80.006 0.993
80.93 0.924
81.886 0.956
82.852 0.966
83.759 0.907
84.642 0.883
85.585 0.943
86.549 0.964
87.469 0.92
88.373 0.904
89.273 0.9
90.158 0.885
90.97 0.812
91.76 0.79
92.614 0.854
93.5 0.886
94.384 0.884
95.197 0.813
95.987 0.79
96.776 0.789
97.64 0.864
98.592 0.952
99.556 0.964
100.45 0.894
101.327 0.877
102.198 0.871
103.024 0.826
103.8 0.776
104.58 0.78
105.487 0.907
106.482 0.995
107.45 0.968
108.361 0.911
109.274 0.913
110.244 0.97
111.227 0.983
112.194 0.967
113.097 0.903
113.939 0.842
114.784 0.845
115.623 0.839
116.455 0.832
117.294 0.839
118.125 0.831
119.034 0.909
119.999 0.965
120.963 0.964
121.873 0.91
122.753 0.88
123.668 0.915
124.626 0.958
125.587 0.961
126.535 0.948
127.399 0.864
128.214 0.815
129.05 0.836
129.906 0.856
130.766 0.86
131.601 0.835
132.537 0.936
133.538 1.001
134.501 0.963
135.422 0.921
136.386 0.964
137.36 0.974
138.335 0.975
139.254 0.919
140.188 0.934
141.185 0.997
142.2 1.015
143.138 0.938
144.109 0.971
145.133 1.024
146.167 1.034
147.114 0.947
148.092 0.978
149.135 1.043
150.135 1.0
151.143 1.008
152.163 1.02
153.202 1.039
154.204 1.002
155.13 0.926
156.115 0.985
157.128 1.013
158.139 1.011
159.105 0.966
160.128 1.023
161.136 1.008
162.068 0.932
162.956 0.888
163.88 0.924
164.956 1.076
165.926 0.97
166.809 0.883
167.731 0.922
168.703 0.972
169.688 0.985
170.591 0.903
171.493 0.902
172.39 0.897
173.269 0.879
174.069 0.8
174.894 0.825
175.766 0.872
176.698 0.932
177.581 0.883
178.499 0.918
179.487 0.988
180.506 1.019
181.553 1.047
182.569 1.016
183.513 0.944
184.437 0.924
185.396 0.959
186.396 1.0
187.397 1.001
188.379 0.982
189.273 0.894
190.163 0.89
190.987 0.824
191.831 0.844
192.752 0.921
193.623 0.871
194.585 0.962
195.632 1.047
196.684 1.052
197.703 1.019
198.708 1.005
199.743 1.035
200.795 1.052
201.826 1.031
202.791 0.965
203.771 0.98
204.862 1.091
205.907 1.045
206.869 0.962
207.88 1.011
208.886 1.006
209.918 1.032
210.856 0.938
211.778 0.922
212.71 0.932
213.623 0.913
214.507 0.884
215.473 0.966
216.431 0.958
217.435 1.004
218.424 0.989
219.334 0.91
220.231 0.897
221.185 0.954
222.173 0.988
223.039 0.866
223.924 0.885
224.848 0.924
225.806 0.958
226.713 0.907
227.614 0.901
228.546 0.932
229.462 0.916
230.255 0.793
231.021 0.766
231.755 0.734
232.484 0.729
233.326 0.842
234.144 0.818
234.958 0.814
235.862 0.904
236.782 0.92
237.674 0.892
238.487 0.813
239.305 0.818
240.131 0.826
240.912 0.781
241.666 0.754
242.48 0.814
243.367 0.887
244.313 0.946
245.222 0.909
246.149 0.927
247.132 0.983
248.129 0.997
249.058 0.929
249.974 0.916
250.934 0.96
251.905 0.971
252.826 0.921
253.719 0.893
254.654 0.935
255.581 0.927
256.436 0.855
257.295 0.859
258.224 0.929
259.171 0.947
260.038 0.867
260.935 0.897
261.889 0.954
262.849 0.96
263.763 0.914
264.665 0.902
265.608 0.943
266.546 0.938
267.417 0.871
268.271 0.854
269.185 0.914
270.117 0.932
271.007 0.89
271.925 0.918
272.858 0.933
273.775 0.917
274.657 0.882
275.576 0.919
276.498 0.922
277.367 0.869
278.281 0.914
279.257 0.976
280.204 0.947
281.078 0.874
281.97 0.892
282.899 0.929
283.822 0.923
284.676 0.854
285.568 0.892
286.464 0.896
287.337 0.873
288.149 0.812
288.991 0.842
289.907 0.916
290.808 0.901
291.671 0.863
292.566 0.895
293.492 0.926
294.38 0.888
295.212 0.832
296.032 0.82
296.802 0.77
297.546 0.744
298.419 0.873
299.232 0.813
299.972 0.74
300.707 0.735
301.449 0.742
302.187 0.738
302.895 0.708
303.565 0.67
304.232 0.667
304.926 0.694
305.644 0.718
306.401 0.757
307.145 0.744
307.894 0.749
308.664 0.77
309.431 0.767
310.212 0.781
310.963 0.751
311.707 0.744
312.467 0.76
313.226 0.759
313.972 0.746
314.707 0.735
315.461 0.754
316.238 0.777
317.055 0.817
317.861 0.806
318.691 0.83
319.571 0.88
320.479 0.908
321.377 0.898
322.262 0.885
323.102 0.84
323.934 0.832
324.765 0.831
325.639 0.874
326.543 0.904
327.42 0.877
328.321 0.901
329.274 0.953
330.212 0.938
331.089 0.877
332.055 0.966
333.059 1.004
334.027 0.968
334.957 0.93
335.837 0.88
336.773 0.936
337.719 0.946
338.699 0.98
339.614 0.915
340.565 0.951
341.557 0.992
342.561 1.004
343.52 0.959
344.451 0.931
345.349 0.898
346.217 0.868
347.022 0.805
347.854 0.832
348.715 0.861
349.577 0.862
350.413 0.836
351.325 0.912
352.245 0.92
353.155 0.91
354.053 0.898
354.933 0.88
355.849 0.916
356.795 0.946
357.731 0.936
358.615 0.884
359.485 0.87
360.418 0.933
361.367 0.949
362.288 0.921
363.169 0.881
364.088 0.919
365.04 0.952
366.0 0.96
366.912 0.912
367.877 0.965
368.886 1.009
369.859 0.973
370.745 0.886
371.625 0.88
372.524 0.899
373.468 0.944
374.343 0.875
375.24 0.897
376.262 1.022
377.28 1.018
378.221 0.941
379.139 0.918
380.092 0.953
381.031 0.939
381.96 0.929
382.883 0.923
383.829 0.946
384.789 0.96
385.702 0.913
386.698 0.996
387.725 1.027
388.704 0.979
389.625 0.921
390.516 0.891
391.408 0.892
392.289 0.881
393.128 0.839
393.999 0.871
394.933 0.934
395.925 0.992
396.862 0.937
397.767 0.905
398.682 0.915
399.579 0.897
400.428 0.849
401.236 0.808
402.125 0.889
403.052 0.927
403.905 0.853
404.694 0.789
405.431 0.737
406.138 0.707
406.866 0.728
407.701 0.835
408.621 0.92
409.506 0.885
410.402 0.896
411.291 0.889
412.132 0.841
412.929 0.797
413.763 0.834
414.616 0.853
415.437 0.821
416.227 0.79
417.038 0.811
417.848 0.81
418.648 0.8
419.453 0.805
420.291 0.838
421.172 0.881
422.022 0.85
422.835 0.813
423.664 0.829
424.505 0.841
425.343 0.838
426.124 0.781
426.885 0.761
427.665 0.78
428.478 0.813
429.327 0.849
430.125 0.798
430.905 0.78
431.718 0.813
432.575 0.857
433.428 0.853
434.242 0.814
435.078 0.836
435.94 0.862
436.787 0.847
437.611 0.824
438.489 0.878
439.357 0.868
440.23 0.873
441.048 0.818
441.823 0.775
442.613 0.79
443.529 0.916
444.427 0.898
445.291 0.864
446.117 0.826
446.975 0.858
447.844 0.869
448.705 0.861
449.518 0.813
450.369 0.851
451.255 0.886
452.166 0.911
453.034 0.868
453.895 0.861
454.817 0.922
455.749 0.932
456.674 0.925
457.578 0.904
458.47 0.892
459.386 0.916
460.287 0.901
461.186 0.899
462.049 0.863
462.924 0.875
463.818 0.894
464.732 0.914
465.607 0.875
466.504 0.897
467.436 0.932
468.384 0.948
469.3 0.916
470.167 0.867
471.09 0.923
472.023 0.933
472.913 0.89
473.79 0.877
474.723 0.933
475.681 0.958
476.571 0.89
477.452 0.881
478.375 0.923
479.345 0.97
480.271 0.926
481.205 0.934
482.148 0.943
483.045 0.897
483.858 0.813
484.673 0.815
485.476 0.803
486.247 0.771
486.978 0.731
487.78 0.802
488.649 0.869
489.511 0.862
490.348 0.837
491.223 0.875
492.129 0.906
493.028 0.899
493.855 0.827
494.687 0.832
495.554 0.867
496.472 0.918
497.351 0.879
498.173 0.822
499.03 0.857
499.925 0.895
500.832 0.907
501.692 0.86
502.592 0.9
503.534 0.942
504.492 0.958
505.402 0.91
506.285 0.883
507.213 0.928
508.145 0.932
509.077 0.932
509.949 0.872
510.812 0.863
511.736 0.924
512.665 0.929
513.54 0.875
514.392 0.852
515.309 0.917
516.23 0.921
517.128 0.898
517.997 0.869
518.885 0.888
519.801 0.916
520.732 0.931
521.624 0.892
522.487 0.863
523.394 0.907
524.328 0.934
525.247 0.919
526.109 0.862
527.021 0.912
528.022 1.001
529.028 1.006
530.034 1.006
530.981 0.947
531.973 0.992
532.969 0.996
533.982 1.013
534.943 0.961
535.892 0.949
536.881 0.989
537.845 0.964
538.819 0.974
539.888 1.069
540.954 1.066
541.931 0.977
542.866 0.935
543.86 0.994
544.894 1.034
545.895 1.001
546.834 0.939
547.814 0.98
548.803 0.989
549.779 0.976
550.69 0.911
551.512 0.822
552.278 0.766
553.013 0.735
553.756 0.743
554.727 0.971
555.719 0.992
556.698 0.979
557.627 0.929
558.465 0.838
559.306 0.841
560.133 0.827
560.899 0.766
561.694 0.795
562.563 0.869
563.444 0.881
564.265 0.821
565.088 0.823
565.959 0.871
566.863 0.904
567.758 0.895
568.581 0.823
569.425 0.844
570.269 0.844
571.131 0.862
571.992 0.861
572.799 0.807
573.596 0.797
574.411 0.815
575.269 0.858
576.129 0.86
576.994 0.865
577.847 0.853
578.744 0.897
579.662 0.918
580.543 0.881
581.375 0.832
582.203 0.828
583.075 0.872
583.973 0.898
584.858 0.885
585.693 0.835
586.511 0.818
587.381 0.87
588.288 0.907
589.178 0.89
590.049 0.871
590.943 0.894
591.844 0.901
592.745 0.901
593.598 0.853
594.461 0.863
595.339 0.878
596.232 0.893
597.12 0.888
597.994 0.874
598.902 0.908
599.802 0.9
600.691 0.889
601.549 0.858
602.331 0.782
603.101 0.77
603.906 0.805
604.77 0.864