0.000 0.837
0.837 0.837
1.661 0.824
2.557 0.896
3.454 0.897
4.569 1.115
5.707 1.138
6.808 1.101
7.864 1.056
8.883 1.019
9.879 0.996
10.86 0.981
11.828 0.968
12.77 0.942
13.703 0.933
14.619 0.916
15.544 0.925
16.489 0.945
17.41 0.921
18.329 0.919
19.224 0.895
20.102 0.878
21.034 0.932
22.142 1.108
23.227 1.085
24.346 1.119
25.486 1.14
26.633 1.147
27.776 1.143
28.901 1.125
30.017 1.116
31.126 1.109
32.215 1.089
33.236 1.021
34.147 0.911
35.028 0.881
35.907 0.879
36.935 1.028
38.16 1.225
39.47 1.31
40.701 1.231
41.922 1.221
43.136 1.214
44.321 1.185
45.509 1.188
46.695 1.186
47.891 1.196
49.027 1.136
50.128 1.101
51.272 1.144
52.397 1.125
53.511 1.114
54.64 1.129
55.814 1.174
57.009 1.195
58.149 1.14
59.112 0.963
60.018 0.906
60.939 0.921
61.962 1.023
63.048 1.086
64.242 1.194
65.411 1.169
66.518 1.107
67.573 1.055
68.512 0.939
69.408 0.896
70.322 0.914
71.214 0.892
72.156 0.942
73.255 1.099
74.448 1.193
75.662 1.214
76.908 1.246
78.142 1.234
79.377 1.235
80.495 1.118
81.542 1.047
82.413 0.871
83.151 0.738
83.857 0.706
84.535 0.678
85.2 0.665
85.876 0.676
86.572 0.696
87.393 0.821
88.542 1.149
89.59 1.048
90.649 1.059
91.721 1.072
92.789 1.068
93.873 1.084
94.891 1.018
95.791 0.9
96.614 0.823
97.394 0.78
98.145 0.751
99.039 0.894
100.333 1.294
101.502 1.169
102.648 1.146
103.868 1.22
105.092 1.224
106.263 1.171
107.416 1.153
108.552 1.136
109.705 1.153
110.826 1.121
111.875 1.049
112.937 1.062
114.088 1.151
115.099 1.011
116.008 0.909
116.931 0.923
117.864 0.933
118.922 1.058
120.204 1.282
121.4 1.196
122.632 1.232
123.922 1.29
125.139 1.217
126.296 1.157
127.364 1.068
128.257 0.893
129.102 0.845
129.914 0.812
130.844 0.93
132.111 1.267
133.31 1.199
134.44 1.13
135.531 1.091
136.487 0.956
137.467 0.98
138.493 1.026
139.507 1.014
140.527 1.02
141.572 1.045
142.626 1.054
143.655 1.029
144.648 0.993
145.582 0.934
146.513 0.931
147.29 0.777
148.016 0.726
148.715 0.699
149.399 0.684
150.102 0.703
151.185 1.083
152.2 1.015
153.338 1.138
154.478 1.14
155.625 1.147
156.752 1.127
157.798 1.046
158.73 0.932
159.565 0.835
160.333 0.768
161.103 0.77
161.966 0.863
163.212 1.246
164.386 1.174
165.529 1.143
166.722 1.193
167.883 1.161
169.004 1.121
169.938 0.934
170.791 0.853
171.558 0.767
172.317 0.759
173.119 0.802
174.38 1.261
175.515 1.135
176.828 1.313
178.148 1.32
179.431 1.283
180.659 1.228
181.873 1.214
183.041 1.168
184.168 1.127
185.161 0.993
185.973 0.812
186.739 0.766
187.523 0.784
188.535 1.012
189.787 1.252
190.955 1.168
192.123 1.168
193.27 1.147
194.44 1.17
195.607 1.167
196.781 1.174
197.931 1.15
199.072 1.141
200.204 1.132
201.337 1.133
202.476 1.139
203.646 1.17
204.833 1.187
205.997 1.164
207.137 1.14
208.262 1.125
209.376 1.114
210.523 1.147
211.73 1.207
212.92 1.19
214.081 1.161
215.095 1.014
216.024 0.929
216.957 0.933
217.919 0.962
218.96 1.041
220.022 1.062
221.12 1.098
222.352 1.232
223.593 1.241
224.825 1.232
226.091 1.266
227.311 1.22
228.544 1.233
229.736 1.192
230.902 1.166
232.029 1.127
233.112 1.083
234.177 1.065
235.227 1.05
236.225 0.998
237.076 0.851
237.916 0.84
238.722 0.806
239.818 1.096
241.051 1.233
242.286 1.235
243.522 1.236
244.763 1.241
246.007 1.244
247.221 1.214
248.375 1.154
249.497 1.122
250.593 1.096
251.656 1.063
252.737 1.081
253.805 1.068
254.711 0.906
255.504 0.793
256.27 0.766
257.054 0.784
257.92 0.866
258.893 0.973
260.005 1.112
261.001 0.996
262.011 1.01
263.102 1.091
264.271 1.169
265.44 1.169
266.594 1.154
267.709 1.115
268.809 1.1
269.824 1.015
270.694 0.87
271.493 0.799
272.263 0.77
273.035 0.772
273.902 0.867
275.161 1.259
276.433 1.272
277.707 1.274
278.978 1.271
280.234 1.256
281.446 1.212
282.632 1.186
283.754 1.122
284.81 1.056
285.677 0.867
286.463 0.786
287.233 0.77
288.008 0.775
288.841 0.833
290.008 1.167
291.179 1.171
292.355 1.176
293.522 1.167
294.69 1.168
295.829 1.139
296.96 1.131
298.054 1.094
299.147 1.093
300.193 1.046
301.156 0.963
302.074 0.918
302.884 0.81
303.658 0.774
304.397 0.739
305.134 0.737
305.894 0.76
306.796 0.902
308.019 1.223
309.253 1.234
310.479 1.226
311.7 1.221
312.896 1.196
314.032 1.136
315.127 1.095
316.163 1.036
317.122 0.959
318.023 0.901
318.85 0.827
319.64 0.79
320.422 0.782
321.263 0.841
322.445 1.182
323.594 1.149
324.726 1.132
325.924 1.198
327.175 1.251
328.397 1.222
329.601 1.204
330.769 1.168
331.911 1.142
333.042 1.131
334.171 1.129
335.278 1.107
336.395 1.117
337.457 1.062
338.498 1.041
339.535 1.037
340.387 0.852
341.183 0.796
341.971 0.788
342.792 0.821
343.976 1.184
345.077 1.101
346.162 1.085
347.163 1.001
348.29 1.127
349.511 1.221
350.737 1.226
351.945 1.208
353.151 1.206
354.335 1.184
355.481 1.146
356.597 1.116
357.667 1.07
358.681 1.014
359.595 0.914
360.486 0.891
361.385 0.899
362.278 0.893
363.197 0.919
364.154 0.957
365.191 1.037
366.241 1.05
367.322 1.081
368.479 1.157
369.755 1.276
371.02 1.265
372.224 1.204
373.393 1.169
374.577 1.184
375.711 1.134
376.793 1.082
377.848 1.055
378.841 0.993
379.772 0.931
380.596 0.824
381.389 0.793
382.137 0.748
382.927 0.79
383.957 1.03
385.01 1.053
386.167 1.157
387.483 1.316
388.787 1.304
390.018 1.231
391.246 1.228
392.443 1.197
393.561 1.118
394.604 1.043
395.51 0.906
396.364 0.854
397.215 0.851
398.069 0.854
399.035 0.966
400.092 1.057
401.305 1.213
402.454 1.149
403.627 1.173
404.871 1.244
406.106 1.235
407.274 1.168
408.368 1.094
409.301 0.933
410.196 0.895
411.064 0.868
411.935 0.871
412.856 0.921
413.939 1.083
415.029 1.09
416.235 1.206
417.523 1.288
418.807 1.284
420.013 1.206
421.187 1.174
422.331 1.144
423.415 1.084
424.447 1.032
425.351 0.904
426.199 0.848
426.994 0.795
427.763 0.769
428.492 0.729
429.182 0.69
429.851 0.669
430.51 0.659
431.162 0.652
431.816 0.654
432.509 0.693
433.589 1.08
434.617 1.028
435.729 1.112
436.909 1.18
438.067 1.158
439.262 1.195
440.426 1.164
441.572 1.146
442.722 1.15
443.858 1.136
444.969 1.111
446.041 1.072
447.131 1.09
448.239 1.108
449.36 1.121
450.52 1.16
451.619 1.099
452.613 0.994
453.552 0.939
454.492 0.94
455.476 0.984
456.504 1.028
457.63 1.126
459.0 1.37
460.334 1.334
461.613 1.279
462.85 1.237
464.056 1.206
465.259 1.203
466.369 1.11
467.285 0.916
468.147 0.862
468.99 0.843
469.848 0.858
470.792 0.944
471.887 1.095
473.108 1.221
474.373 1.265
475.634 1.261
476.837 1.203
477.999 1.162
479.109 1.11
480.208 1.099
481.275 1.067
482.297 1.022
483.315 1.018
484.329 1.014
485.364 1.035
486.317 0.953
487.213 0.896
488.091 0.878
488.955 0.864
489.788 0.833
490.572 0.784
491.344 0.772
492.155 0.811
493.013 0.858
493.883 0.87
494.827 0.944
495.978 1.151
497.034 1.056
498.165 1.131
499.28 1.115
500.398 1.118
501.488 1.09
502.554 1.066
503.609 1.055
504.677 1.068
505.73 1.053
506.766 1.036
507.79 1.024
508.78 0.99
509.723 0.943
510.52 0.797
511.284 0.764
512.071 0.787
513.381 1.31
514.67 1.289
515.944 1.274
517.266 1.322
518.599 1.333
519.901 1.302
521.189 1.288
522.432 1.243
523.607 1.175
524.683 1.076
525.603 0.92
526.426 0.823
527.187 0.761
527.953 0.766
528.877 0.924
530.236 1.359
531.533 1.297
532.8 1.267
534.063 1.263
535.338 1.275
536.571 1.233
537.79 1.219
538.965 1.175
540.118 1.153
541.236 1.118
542.326 1.09
543.367 1.041
544.388 1.021
545.244 0.856
546.03 0.786
546.813 0.783
547.703 0.89
549.103 1.4
550.485 1.382
551.894 1.409
553.274 1.38
554.637 1.363
555.955 1.318
557.204 1.249
558.446 1.242
559.657 1.211
560.821 1.164
561.934 1.113
562.823 0.889
563.634 0.811
564.426 0.792
565.2 0.774
565.978 0.778
566.814 0.836
568.085 1.271
569.386 1.301
570.614 1.228
571.798 1.184
572.937 1.139
574.095 1.158
575.273 1.178
576.383 1.11
577.456 1.073
578.417 0.961
579.283 0.866
580.065 0.782
580.811 0.746
581.567 0.756
582.379 0.812
583.343 0.964
584.445 1.102
585.526 1.081
586.589 1.063
587.606 1.017
588.403 0.797
589.158 0.755
589.908 0.75
590.663 0.755
591.504 0.841
592.43 0.926
593.409 0.979
594.385 0.976
595.234 0.849
596.035 0.801
596.89 0.855
597.784 0.894
598.735 0.951