0.000 0.337
0.337 0.337
1.453 1.116
2.502 1.049
3.342 0.84
4.166 0.824
5.003 0.837
5.873 0.87
6.657 0.784
7.366 0.709
8.075 0.709
8.788 0.713
9.466 0.678
10.146 0.68
10.745 0.599
11.604 0.859
12.341 0.737
13.147 0.806
14.04 0.893
15.078 1.038
16.073 0.995
17.079 1.006
18.056 0.977
19.069 1.013
20.082 1.013
21.111 1.029
22.151 1.04
23.173 1.022
24.174 1.001
25.151 0.977
26.125 0.974
27.108 0.983
28.072 0.964
28.391 0.319
29.027 0.636
30.009 0.982
31.019 1.01
31.972 0.953
33.042 1.07
34.024 0.982
35.007 0.983
35.944 0.937
36.897 0.953
37.812 0.915
38.684 0.872
39.573 0.889
40.527 0.954
41.583 1.056
42.587 1.004
43.653 1.066
44.728 1.075
45.859 1.131
46.966 1.107
48.066 1.1
49.126 1.06
50.191 1.065
51.227 1.036
52.261 1.034
53.307 1.046
53.963 0.656
54.351 0.388
55.379 1.028
56.348 0.969
57.236 0.888
58.096 0.86
58.938 0.842
59.787 0.849
60.7 0.913
61.714 1.014
62.753 1.039
63.819 1.066
64.831 1.012
65.674 0.843
66.154 0.48
66.481 0.327
66.92 0.439
67.284 0.364
68.043 0.759
68.782 0.739
69.535 0.753
69.857 0.322
70.315 0.458
71.135 0.82
72.043 0.908
72.977 0.934
73.899 0.922
74.775 0.876
75.612 0.837
76.39 0.778
77.12 0.73
77.839 0.719
78.537 0.698
79.204 0.667
79.876 0.672
80.576 0.7
81.381 0.805
82.202 0.821
83.068 0.866
83.897 0.829
84.654 0.757
85.403 0.749
86.152 0.749
86.944 0.792
87.758 0.814
88.587 0.829
89.406 0.819
90.197 0.791
90.992 0.795
91.706 0.714
92.421 0.715
93.123 0.702
93.84 0.717
94.687 0.847
95.773 1.086
96.437 0.664
96.733 0.296
96.992 0.259
97.307 0.315
97.571 0.264
97.95 0.379
98.237 0.287
99.031 0.794
99.295 0.264
100.301 1.006
101.422 1.121
101.895 0.473
102.418 0.523
103.383 0.965
104.31 0.927
105.25 0.94
106.218 0.968
107.064 0.846
107.85 0.786
108.649 0.799
109.491 0.842
110.302 0.811
111.088 0.786
111.924 0.836
112.712 0.788
113.473 0.761
114.257 0.784
115.069 0.812
115.867 0.798
116.158 0.291
116.457 0.299
117.444 0.987
118.257 0.813
118.939 0.682
119.469 0.53
119.942 0.473
120.763 0.821
121.611 0.848
122.185 0.574
122.493 0.308
122.752 0.259
123.372 0.62
124.167 0.795
124.947 0.78
125.733 0.786
126.576 0.843
127.493 0.917
128.444 0.951
129.064 0.62
129.524 0.46
129.777 0.253
130.046 0.269
130.783 0.737
131.479 0.696
132.169 0.69
132.852 0.683
133.353 0.501
134.214 0.861
134.925 0.711
135.669 0.744
136.457 0.788
137.354 0.897
138.39 1.036
138.662 0.272
138.913 0.251
139.175 0.262
139.507 0.332
139.76 0.253
140.092 0.332
140.376 0.284
141.549 1.173
142.608 1.059
143.829 1.221
144.953 1.124
146.089 1.136
147.228 1.139
148.369 1.141
149.499 1.13
150.58 1.081
151.57 0.99
152.504 0.934
153.387 0.883
154.294 0.907
155.194 0.9
155.991 0.797
156.672 0.681
157.589 0.917
158.34 0.751
159.113 0.773
159.99 0.877
161.221 1.231
162.252 1.031
163.338 1.086
164.444 1.106
165.581 1.137
166.697 1.116
167.777 1.08
168.791 1.014
169.715 0.924
170.564 0.849
171.401 0.837
172.219 0.818
172.512 0.293
172.816 0.304
173.793 0.977
174.534 0.741
175.268 0.734
176.035 0.767
176.838 0.803
177.665 0.827
178.488 0.823
179.321 0.833
180.202 0.881
181.167 0.965
182.221 1.054
183.305 1.084
184.362 1.057
185.396 1.034
186.431 1.035
187.434 1.003
188.416 0.982
189.386 0.97
190.174 0.788
190.542 0.368
191.305 0.763
192.26 0.955
192.971 0.711
193.797 0.826
194.089 0.292
194.773 0.684
195.176 0.403
195.621 0.445
196.339 0.718
197.034 0.695
197.732 0.698
198.487 0.755
199.367 0.88
200.193 0.826
200.962 0.769
201.659 0.697
201.971 0.312
202.416 0.445
203.196 0.78
203.981 0.785
204.611 0.63
204.917 0.306
205.406 0.489
205.697 0.291
206.134 0.437
206.847 0.713
207.573 0.726
208.291 0.718
208.988 0.697
209.667 0.679
210.355 0.688
211.037 0.682
211.736 0.699
212.471 0.735
213.239 0.768
213.984 0.745
214.734 0.75
215.488 0.754
216.253 0.765
217.039 0.786
217.86 0.821
218.154 0.294
218.417 0.263
218.739 0.322
219.028 0.289
219.295 0.267
221.728 2.433
222.282 0.554
222.638 0.356
223.236 0.598
223.578 0.342
223.873 0.295
224.278 0.405
224.666 0.388
225.485 0.819
226.189 0.704
226.505 0.316
227.356 0.851
227.665 0.309
228.519 0.854
229.381 0.862
230.278 0.897
230.895 0.617
232.174 1.279
233.045 0.871
233.583 0.538
233.935 0.352
234.709 0.774
235.372 0.663
235.636 0.264
235.98 0.344
236.438 0.458
237.272 0.834
238.136 0.864
238.892 0.756
239.208 0.316
239.615 0.407
240.334 0.719
241.077 0.743
241.955 0.878
242.583 0.628
242.874 0.291
243.748 0.874
244.276 0.528
244.563 0.287
244.887 0.324
245.231 0.344
245.526 0.295
245.901 0.375
246.437 0.536
248.374 1.937
249.443 1.069
250.51 1.067
251.605 1.095
252.685 1.08
253.746 1.061
254.342 0.596
254.634 0.292
255.531 0.897
255.806 0.275
256.128 0.322
256.493 0.365
256.759 0.266
257.024 0.265
257.492 0.468
257.749 0.257
258.076 0.327
258.8 0.724
259.861 1.061
260.251 0.39
260.681 0.43
266.557 5.876
266.995 0.438
267.458 0.463
267.769 0.311
268.288 0.519
268.667 0.379
269.409 0.742
269.798 0.389
270.068 0.27
270.591 0.523
271.206 0.615
271.582 0.376
271.908 0.326
274.951 3.043
276.778 1.827
279.255 2.477
279.901 0.646
280.417 0.516
283.707 3.29
284.828 1.121
285.085 0.257
285.971 0.886
286.23 0.259
286.732 0.502
287.021 0.289
288.015 0.994
289.518 1.503
289.786 0.268
290.263 0.477
290.804 0.541
291.119 0.315
291.371 0.252
291.883 0.512
292.149 0.266
292.785 0.636
293.113 0.328
293.632 0.519
293.888 0.256
294.19 0.302
294.523 0.333
294.855 0.332
295.147 0.292
295.411 0.264
296.076 0.665
296.389 0.313
296.869 0.48
297.544 0.675
298.239 0.695
301.981 3.742
302.92 0.939
303.378 0.458
303.995 0.617
304.28 0.285
304.602 0.322
304.982 0.38
305.392 0.41
305.778 0.386
306.03 0.252
306.352 0.322
306.659 0.307
307.707 1.048
308.028 0.321
310.088 2.06
310.347 0.259
310.814 0.467
311.44 0.626
312.261 0.821
312.828 0.567
314.233 1.405
314.931 0.698
315.238 0.307
315.91 0.672
316.515 0.605
316.801 0.286
317.077 0.276
317.398 0.321
317.678 0.28
317.975 0.297
318.251 0.276
318.55 0.299
318.81 0.26
322.308 3.498
325.339 3.031
325.869 0.53
326.819 0.95
327.685 0.866
328.553 0.868
329.17 0.617
329.454 0.284
330.35 0.896
331.321 0.971
332.258 0.937
333.109 0.851
333.964 0.855
334.744 0.78
335.501 0.757
336.26 0.759
336.976 0.716
337.66 0.684
338.338 0.678
339.008 0.67
339.673 0.665
340.358 0.685
341.095 0.737
341.929 0.834
342.859 0.93
343.83 0.971
344.808 0.978
345.759 0.951
346.68 0.921
347.6 0.92
348.542 0.942
349.46 0.918
350.374 0.914
351.262 0.888
352.086 0.824
352.848 0.762
353.578 0.73
354.291 0.713
355.011 0.72
355.817 0.806
356.874 1.057
357.919 1.045
359.009 1.09
360.199 1.19
361.37 1.171
362.509 1.139
363.641 1.132
364.793 1.152
365.919 1.126
367.01 1.091
368.104 1.094
369.19 1.086
370.283 1.093
371.337 1.054
372.395 1.058
373.45 1.055
374.536 1.086
375.633 1.097
376.722 1.089
377.808 1.086
378.882 1.074
379.962 1.08
381.047 1.085
382.114 1.067
383.165 1.051
384.191 1.026
385.277 1.086
386.37 1.093
387.495 1.125
388.595 1.1
389.511 0.916
390.342 0.831
391.191 0.849
392.394 1.203
393.524 1.13
394.635 1.111
395.759 1.124
396.846 1.087
397.962 1.116
399.046 1.084
400.131 1.085
401.198 1.067
402.212 1.014
403.146 0.934
404.044 0.898
404.971 0.927
406.146 1.175
407.313 1.167
408.434 1.121
409.519 1.085
410.594 1.075
411.634 1.04
412.625 0.991
413.638 1.013
414.647 1.009
415.559 0.912
416.442 0.883
417.341 0.899
418.425 1.084
419.606 1.181
420.731 1.125
421.797 1.066
422.84 1.043
423.838 0.998
424.801 0.963
425.749 0.948
426.726 0.977
427.755 1.029
428.793 1.038
429.853 1.06
430.903 1.05
431.911 1.008
432.782 0.871
433.573 0.791
434.366 0.793
435.249 0.883
436.412 1.163
437.521 1.109
438.58 1.059
439.562 0.982
440.582 1.02
441.636 1.054
442.702 1.066
443.779 1.077
444.817 1.038
445.787 0.97
446.709 0.922
447.613 0.904
448.472 0.859
449.255 0.783
450.01 0.755
450.74 0.73
451.457 0.717
452.186 0.729
452.982 0.796
453.992 1.01
455.057 1.065
456.099 1.042
457.138 1.039
458.115 0.977
459.13 1.015
460.159 1.029
461.131 0.972
462.085 0.954
463.036 0.951
463.958 0.922
464.8 0.842
465.537 0.737
466.251 0.714
466.957 0.706
467.665 0.708
468.443 0.778
469.413 0.97
470.513 1.1
471.553 1.04
472.606 1.053
473.656 1.05
474.699 1.043
475.74 1.041
476.783 1.043
477.833 1.05
478.877 1.044
479.88 1.003
480.708 0.828
481.482 0.774
482.216 0.734
482.953 0.737
483.801 0.848
484.967 1.166
486.027 1.06
487.143 1.116
488.264 1.121
489.42 1.156
490.564 1.144
491.676 1.112
492.769 1.093
493.846 1.077
494.824 0.978
495.635 0.811
496.394 0.759
497.131 0.737
497.891 0.76
498.875 0.984
500.06 1.185
501.17 1.11
502.262 1.092
503.329 1.067
504.361 1.032
505.392 1.031
506.373 0.981
507.324 0.951
508.216 0.892
509.052 0.836
509.848 0.796
510.635 0.787
511.459 0.824
512.581 1.122
513.403 0.822
513.658 0.255
514.022 0.364
514.414 0.392
514.752 0.338
515.085 0.333
515.37 0.285
515.641 0.271
515.9 0.259
523.655 7.755
523.992 0.337
524.359 0.367
530.083 0.267
530.384 0.301
530.751 0.367
531.072 0.321
531.34 0.268
531.954 0.614
532.208 0.254
532.476 0.268
532.804 0.328
533.134 0.33
533.386 0.252
533.817 0.431
534.113 0.296
534.4 0.287
535.245 0.845
535.505 0.26
535.795 0.29
536.092 0.297
536.345 0.253
537.315 0.97
539.17 1.855
540.287 1.117
540.76 0.473
541.49 0.73
541.85 0.36
542.495 0.645
542.887 0.392
543.242 0.355
543.675 0.433
544.314 0.639
544.847 0.533
546.007 1.16
546.455 0.448
546.909 0.454
547.431 0.522
547.684 0.253
547.951 0.267
548.216 0.265
548.545 0.329
548.941 0.396
549.197 0.256
549.956 0.759
550.836 0.88
551.103 0.267
551.655 0.552
552.54 0.885
553.333 0.793
554.169 0.836
554.959 0.79
555.36 0.401
555.879 0.519
556.187 0.308
556.697 0.51
557.206 0.509
557.561 0.355
558.22 0.659
558.533 0.313
558.967 0.434
559.558 0.591
559.872 0.314
560.298 0.426
560.635 0.337
561.606 0.971
562.129 0.523
563.297 1.168
563.631 0.334
563.945 0.314
564.258 0.313
564.656 0.398
564.958 0.302
565.502 0.544
565.761 0.259
566.184 0.423
566.481 0.297
567.04 0.559
567.303 0.263
567.637 0.334
567.987 0.35
568.365 0.378
569.303 0.938
569.73 0.427
570.077 0.347
570.885 0.808
571.158 0.273
571.768 0.61
572.019 0.251
572.327 0.308
572.591 0.264
572.976 0.385
573.233 0.257
573.613 0.38
573.87 0.257
574.175 0.305
574.54 0.365
574.886 0.346
575.158 0.272
575.934 0.776
576.376 0.442
576.797 0.421
577.706 0.909
578.748 1.042
579.117 0.369
579.471 0.354
579.79 0.319
580.384 0.594
580.796 0.412
581.259 0.463
581.544 0.285
582.156 0.612
582.507 0.351
582.796 0.289
583.062 0.266
583.35 0.288
583.657 0.307
583.99 0.333
584.262 0.272
584.651 0.389
584.969 0.318
585.288 0.319
585.603 0.315
586.319 0.716
587.06 0.741
587.814 0.754
588.594 0.78
589.405 0.811
590.258 0.853
591.044 0.786
591.727 0.683
592.556 0.829
593.347 0.791
594.215 0.868
595.191 0.976
595.726 0.535
595.983 0.257
596.296 0.313
597.064 0.768
597.994 0.93
598.253 0.259
599.037 0.784
599.447 0.41
599.782 0.335
600.113 0.331
600.672 0.559
601.577 0.905