0.000 0.684
0.684 0.684
1.381 0.697
2.115 0.734
2.835 0.72
3.535 0.7
4.287 0.752
5.077 0.79
5.899 0.822
6.725 0.826
7.467 0.742
8.242 0.775
9.036 0.794
9.82 0.784
10.545 0.725
11.311 0.766
12.097 0.786
12.906 0.809
13.669 0.763
14.469 0.8
15.291 0.822
16.121 0.83
16.914 0.793
17.65 0.736
18.424 0.774
19.205 0.781
19.993 0.788
20.708 0.715
21.466 0.758
22.256 0.79
23.077 0.821
23.833 0.756
24.622 0.789
25.423 0.801
26.235 0.812
26.975 0.74
27.749 0.774
28.561 0.812
29.389 0.828
30.132 0.743
30.904 0.772
31.68 0.776
32.449 0.769
33.18 0.731
33.948 0.768
34.746 0.798
35.577 0.831
36.365 0.788
37.163 0.798
37.99 0.827
38.834 0.844
39.65 0.816
40.432 0.782
41.259 0.827
42.109 0.85
42.951 0.842
43.713 0.762
44.507 0.794
45.331 0.824
46.176 0.845
46.96 0.784
47.739 0.779
48.557 0.818
49.4 0.843
50.174 0.774
50.944 0.77
51.733 0.789
52.542 0.809
53.281 0.739
54.051 0.77
54.858 0.807
55.701 0.843
56.531 0.83
57.306 0.775
58.102 0.796
58.927 0.825
59.789 0.862
60.588 0.799
61.38 0.792
62.191 0.811
63.005 0.814
63.833 0.828
64.607 0.774
65.366 0.759
66.173 0.807
66.998 0.825
67.754 0.756
68.552 0.798
69.342 0.79
70.131 0.789
70.898 0.767
71.648 0.75
72.367 0.719
73.052 0.685
73.727 0.675
74.395 0.668
75.062 0.667
75.75 0.688
76.438 0.688
77.157 0.719
77.898 0.741
78.699 0.801
79.523 0.824
80.365 0.842
81.196 0.831
81.933 0.737
82.691 0.758
83.426 0.735
84.159 0.733
84.844 0.685
85.554 0.71
86.264 0.71
87.024 0.76
87.753 0.729
88.53 0.777
89.3 0.77
90.065 0.765
90.82 0.755
91.542 0.722
92.272 0.73
92.984 0.712
93.688 0.704
94.351 0.663
95.028 0.677
95.69 0.662
96.329 0.639
96.981 0.652
97.645 0.664
98.338 0.693
99.054 0.716
99.754 0.7
100.422 0.668
101.108 0.686
101.807 0.699
102.518 0.711
103.26 0.742
104.01 0.75
104.778 0.768
105.541 0.763
106.291 0.75
107.02 0.729
107.739 0.719
108.449 0.71
109.121 0.672
109.822 0.701
110.539 0.717
111.267 0.728
111.937 0.67
112.636 0.699
113.35 0.714
114.094 0.744
114.867 0.773
115.645 0.778
116.417 0.772
117.175 0.758
117.928 0.753
118.6 0.672
119.298 0.698
119.98 0.682
120.666 0.686
121.353 0.687
122.041 0.688
122.743 0.702
123.478 0.735
124.222 0.744
124.988 0.766
125.761 0.773
126.513 0.752
127.262 0.749
127.944 0.682
128.628 0.684
129.318 0.69
130.02 0.702
130.773 0.753
131.489 0.716
132.27 0.781
133.062 0.792
133.867 0.805
134.672 0.805
135.467 0.795
136.234 0.767
136.972 0.738
137.686 0.714
138.373 0.687
139.036 0.663
139.698 0.662
140.371 0.673
141.045 0.674
141.741 0.696
142.463 0.722
143.159 0.696
143.882 0.723
144.609 0.727
145.287 0.678
145.986 0.699
146.693 0.707
147.41 0.717
148.123 0.713
148.825 0.702
149.502 0.677
150.199 0.697
150.891 0.692
151.577 0.686
151.981 0.404
152.244 0.263
152.53 0.286
152.811 0.281
153.108 0.297
153.709 0.601
154.132 0.423
154.388 0.256
154.85 0.462
155.572 0.722
155.866 0.294
156.231 0.365
156.587 0.356
156.866 0.279
157.328 0.462
157.617 0.289
158.558 0.941
159.234 0.676
159.52 0.286
160.065 0.545
160.679 0.614
161.272 0.593
161.555 0.283
161.814 0.259
162.141 0.327
162.503 0.362
162.983 0.48
163.431 0.448
164.051 0.62
164.361 0.31
165.07 0.709
165.645 0.575
165.963 0.318
166.506 0.543
167.917 1.411
168.314 0.397
168.636 0.322
168.991 0.355
169.305 0.314
169.875 0.57
170.22 0.345
170.788 0.568
171.494 0.706
171.775 0.281
172.041 0.266
172.414 0.373
173.394 0.98
173.672 0.278
174.505 0.833
175.54 1.035
175.816 0.276
176.172 0.356
176.556 0.384
176.828 0.272
177.197 0.369
177.495 0.298
177.852 0.357
178.274 0.422
178.649 0.375
178.972 0.323
179.272 0.3
179.798 0.526
181.816 2.018
182.126 0.31
182.845 0.719
183.1 0.255
183.493 0.393
183.772 0.279
184.048 0.276
184.315 0.267
184.868 0.553
185.179 0.311
185.477 0.298
185.828 0.351
186.842 1.014
187.101 0.259
187.767 0.666
198.996 11.229
199.679 0.683
200.367 0.688
201.054 0.687
201.766 0.712
202.498 0.732
203.266 0.768
204.045 0.779
204.846 0.801
205.649 0.803
206.44 0.791
207.185 0.745
207.925 0.74
208.593 0.668
209.269 0.676
209.937 0.668
210.628 0.691
211.337 0.709
212.078 0.741
212.845 0.767
213.6 0.755
214.375 0.775
215.155 0.78
215.924 0.769
216.625 0.701
217.308 0.683
217.984 0.676
218.663 0.679
219.37 0.707
220.102 0.732
220.84 0.738
221.587 0.747
222.332 0.745
223.061 0.729
223.753 0.692
224.414 0.661
225.064 0.65
225.724 0.66
226.4 0.676
227.121 0.721
227.908 0.787
228.672 0.764
229.504 0.832
230.357 0.853
231.147 0.79
231.897 0.75
232.739 0.842
233.622 0.883
234.395 0.773
235.183 0.788
235.944 0.761
236.693 0.749
237.424 0.731
238.103 0.679
238.801 0.698
239.518 0.717
240.248 0.73
240.984 0.736
241.716 0.732
242.471 0.755
243.208 0.737
243.944 0.736
244.668 0.724
245.337 0.669
246.027 0.69
246.726 0.699
247.445 0.719
248.171 0.726
248.886 0.715
249.611 0.725
250.33 0.719
251.045 0.715
251.715 0.67
252.381 0.666
253.058 0.677
253.742 0.684
254.451 0.709
255.139 0.688
255.832 0.693
256.538 0.706
257.236 0.698
257.91 0.674
258.561 0.651
259.226 0.665
259.941 0.715
260.634 0.693
261.394 0.76
262.194 0.8
263.037 0.843
263.883 0.846
264.711 0.828
265.516 0.805
266.275 0.759
267.006 0.731
267.722 0.716
268.412 0.69
269.126 0.714
269.798 0.672
270.516 0.718
271.321 0.805
272.186 0.865
272.945 0.759
273.8 0.855
274.713 0.913
275.623 0.91
276.436 0.813
277.291 0.855
278.129 0.838
278.873 0.744
279.627 0.754
280.446 0.819
281.304 0.858
282.184 0.88
282.967 0.783
283.828 0.861
284.75 0.922
285.555 0.805
286.351 0.796
287.181 0.83
288.039 0.858
288.902 0.863
289.772 0.87
290.525 0.753
291.284 0.759
292.053 0.769
292.859 0.806
293.686 0.827
294.52 0.834
295.281 0.761
296.102 0.821
296.987 0.885
297.862 0.875
298.699 0.837
299.455 0.756
300.167 0.712
300.91 0.743
301.205 0.295
301.679 0.474
302.252 0.573
302.938 0.686
303.208 0.27
303.483 0.275
303.783 0.3
304.052 0.269
304.394 0.342
304.71 0.316
305.026 0.316
305.282 0.256
305.532 0.25
305.891 0.359
306.18 0.289
306.563 0.383
307.304 0.741
307.591 0.287
307.938 0.347
308.201 0.263
308.512 0.311
308.773 0.261
309.451 0.678
310.28 0.829
310.9 0.62
311.239 0.339
311.507 0.268
312.085 0.578
322.569 5.596
323.357 0.788
324.169 0.812
324.976 0.807
325.773 0.797
326.503 0.73
327.22 0.717
327.975 0.755
328.731 0.756
329.07 0.339
329.459 0.389
330.176 0.717
330.899 0.723
331.631 0.732
332.009 0.378
332.301 0.292
332.707 0.406
332.958 0.251
333.251 0.293
333.518 0.267
333.805 0.287
334.078 0.273
334.349 0.271
334.678 0.329
334.933 0.255
335.281 0.348
335.534 0.253
335.856 0.322
336.177 0.321
336.761 0.584
337.036 0.275
337.426 0.39
337.956 0.53
338.568 0.612
339.057 0.489
339.327 0.27
339.698 0.371
340.026 0.328
340.294 0.268
340.557 0.263
340.839 0.282
341.244 0.405
341.512 0.268
341.98 0.468
342.263 0.283
342.671 0.408
343.072 0.401
343.44 0.368
343.755 0.315
344.067 0.312
344.35 0.283
344.872 0.522
345.275 0.403
345.676 0.401
346.26 0.584
346.542 0.282
346.793 0.251
347.118 0.325
347.421 0.303
347.734 0.313
348.417 0.683
350.0 1.583
350.301 0.301
350.65 0.349
351.152 0.502
351.536 0.384
351.801 0.265
352.306 0.505
360.222 7.916
360.994 0.772
361.764 0.77
362.533 0.769
363.301 0.768
364.076 0.775
364.786 0.71
365.513 0.727
366.261 0.748
366.996 0.735
367.762 0.766
368.531 0.769
369.253 0.722
370.008 0.755
370.761 0.753
371.517 0.756
372.267 0.75
373.03 0.763
373.772 0.742
374.512 0.74
375.219 0.707
375.931 0.712
376.577 0.646
377.229 0.652
377.875 0.646
378.535 0.66
379.22 0.685
379.947 0.727
380.695 0.748
381.445 0.75
382.195 0.75
382.911 0.716
383.644 0.733
384.315 0.671
385.009 0.694
385.709 0.7
386.393 0.684
387.064 0.671
387.727 0.663
388.383 0.656
389.063 0.68
389.787 0.724
390.485 0.698
391.242 0.757
392.039 0.797
392.875 0.836
393.72 0.845
394.538 0.818
395.245 0.707
395.982 0.737
396.717 0.735
397.422 0.705
398.132 0.71
398.864 0.732
399.652 0.788
400.447 0.795
401.229 0.782
402.07 0.841
402.949 0.879
403.8 0.851
404.599 0.799
405.34 0.741
406.081 0.741
406.769 0.688
407.361 0.592
408.094 0.733
408.756 0.662
409.417 0.661
410.092 0.675
410.793 0.701
411.499 0.706
412.185 0.686
412.877 0.692
413.574 0.697
414.215 0.641
414.865 0.65
415.493 0.628
416.127 0.634
416.721 0.594
417.385 0.664
418.035 0.65
418.714 0.679
419.448 0.734
420.112 0.664
420.901 0.789
421.648 0.747
422.426 0.778
423.199 0.773
423.964 0.765
424.698 0.734
425.417 0.719
426.084 0.667
426.79 0.706
427.477 0.687
428.167 0.69
428.937 0.77
429.761 0.824
430.635 0.874
431.105 0.47
431.376 0.271
431.668 0.292
431.927 0.259
432.263 0.336
432.617 0.354
432.934 0.317
433.485 0.551
435.032 1.547
435.865 0.833
437.147 1.282
438.432 1.285
439.26 0.828
440.007 0.747
440.786 0.779
441.562 0.776
441.936 0.374
442.337 0.401
443.084 0.747
443.839 0.755
444.588 0.749
445.365 0.777
446.123 0.758
446.698 0.575
447.301 0.603
447.593 0.292
448.306 0.713
448.98 0.674
449.305 0.325
449.599 0.294
450.385 0.786
451.109 0.724
451.823 0.714
452.57 0.747
453.311 0.741
454.039 0.728
454.439 0.4
454.754 0.315
455.221 0.467
455.474 0.253
456.098 0.624
456.495 0.397
456.77 0.275
457.19 0.42
457.535 0.345
457.877 0.342
458.745 0.868
459.597 0.852
459.945 0.348
460.361 0.416
461.172 0.811
461.888 0.716
462.19 0.302
462.485 0.295
462.786 0.301
463.493 0.707
464.295 0.802
464.624 0.329
464.885 0.261
465.275 0.39
465.666 0.391
466.259 0.593
466.526 0.267
467.074 0.548
467.402 0.328
467.931 0.529
468.194 0.263
468.618 0.424
469.041 0.423
469.496 0.455
469.792 0.296
470.044 0.252
470.365 0.321
470.785 0.42
471.904 1.119
472.263 0.359
472.519 0.256
472.802 0.283
473.059 0.257
473.388 0.329
473.678 0.29
473.971 0.293
474.232 0.261
474.768 0.536
475.277 0.509
475.551 0.274
476.174 0.623
481.02 4.846
481.448 0.428
481.79 0.342
482.168 0.378
482.475 0.307
482.778 0.303
483.072 0.294
483.434 0.362
483.689 0.255
484.109 0.42
485.619 1.51
485.895 0.276
486.224 0.329
486.49 0.266
486.994 0.504
487.291 0.297
487.583 0.292
488.435 0.852
489.214 0.779
489.479 0.265
489.784 0.305
490.427 0.643
490.777 0.35
491.824 1.047
492.223 0.399
495.074 2.851
495.558 0.484
504.755 0.764
505.489 0.734
506.206 0.717
506.912 0.706
507.587 0.675
508.27 0.683
508.963 0.693
509.658 0.695
510.343 0.685
511.03 0.687
511.767 0.737
512.582 0.815
513.478 0.896
514.257 0.779
515.02 0.763
515.82 0.8
516.641 0.821
517.455 0.814
518.258 0.803
519.026 0.768
519.813 0.787
520.59 0.777
521.34 0.75
522.039 0.699
522.742 0.703
523.458 0.716
524.213 0.755
525.025 0.812
525.816 0.791
526.674 0.858
527.59 0.916
528.501 0.911
529.395 0.894
530.224 0.829
530.952 0.728
531.671 0.719
532.4 0.729
533.153 0.753
533.848 0.695
534.566 0.718
535.28 0.714
536.004 0.724
536.709 0.705
537.466 0.757
538.287 0.821
539.139 0.852
539.988 0.849
540.818 0.83
541.599 0.781
542.302 0.703
543.017 0.715
543.712 0.695
544.402 0.69
545.077 0.675
545.788 0.711
546.526 0.738
547.268 0.742
547.957 0.689
548.677 0.72
549.414 0.737
550.221 0.807
551.077 0.856
551.984 0.907
552.813 0.829
553.64 0.827
554.542 0.902
555.429 0.887
556.271 0.842
557.092 0.821
557.947 0.855
558.828 0.881
559.656 0.828
560.425 0.769
561.25 0.825
562.184 0.934
563.146 0.962
563.992 0.846
564.844 0.852
565.747 0.903
566.638 0.891
567.535 0.897
568.343 0.808
569.147 0.804
570.003 0.856
570.899 0.896
571.765 0.866
572.554 0.789
573.385 0.831
574.239 0.854
575.107 0.868
575.881 0.774
576.62 0.739
577.33 0.71
578.078 0.748
578.86 0.782
579.692 0.832
580.511 0.819
581.334 0.823
582.156 0.822
582.976 0.82
583.777 0.801
584.568 0.791
585.328 0.76
586.08 0.752
586.816 0.736
587.55 0.734
588.275 0.725
589.007 0.732
589.702 0.695
590.407 0.705
591.124 0.717
591.829 0.705
592.57 0.741
593.338 0.768
594.088 0.75
594.842 0.754
595.573 0.731
596.307 0.734
597.012 0.705
597.717 0.705
598.43 0.713
599.149 0.719
599.863 0.714
600.588 0.725
601.294 0.706
601.975 0.681
602.649 0.674
603.304 0.655
603.946 0.642
604.575 0.629
605.225 0.65
605.895 0.67
606.599 0.704
607.32 0.721
608.062 0.742
608.804 0.742
609.553 0.749
610.266 0.713
610.987 0.721
611.703 0.716
612.43 0.727
613.11 0.68
613.805 0.695
614.516 0.711
615.252 0.736
615.974 0.722
616.69 0.716
617.414 0.724
618.108 0.694
618.829 0.721
619.569 0.74
620.33 0.761
621.081 0.751
621.882 0.801
622.668 0.786
623.446 0.778
624.186 0.74
624.881 0.695
625.588 0.707
626.325 0.737
627.102 0.777
627.836 0.734
628.594 0.758
629.367 0.773
630.118 0.751
630.89 0.772
631.611 0.721
632.354 0.743
633.141 0.787
633.955 0.814
634.701 0.746
635.445 0.744
636.235 0.79
637.079 0.844
637.907 0.828
638.681 0.774
639.524 0.843
640.429 0.905
641.337 0.908
642.119 0.782
642.913 0.794
643.762 0.849
644.653 0.891
645.467 0.814
646.241 0.774
647.063 0.822
647.95 0.887
648.873 0.923
649.659 0.786
650.491 0.832
651.347 0.856
652.217 0.87
653.111 0.894
653.997 0.886
654.841 0.844
655.639 0.798
656.459 0.82
657.302 0.843
658.139 0.837
658.961 0.822
659.75 0.789
660.55 0.8
661.34 0.79
662.126 0.786
662.921 0.795
663.661 0.74
664.425 0.764
665.168 0.743
665.912 0.744
666.641 0.729
667.351 0.71
668.07 0.719
668.772 0.702
669.43 0.658
670.076 0.646
670.721 0.645
671.374 0.653
672.048 0.674
672.75 0.702
673.508 0.758
674.308 0.8
675.163 0.855
675.923 0.76
676.687 0.764
677.481 0.794
678.24 0.759
678.979 0.739
679.705 0.726
680.438 0.733
681.167 0.729
681.901 0.734
682.63 0.729
683.328 0.698
684.04 0.712
684.77 0.73
685.534 0.764
686.33 0.796
687.098 0.768
687.875 0.777
688.72 0.845
689.604 0.884
690.517 0.913
691.308 0.791
692.023 0.715
692.728 0.705
693.47 0.742
694.252 0.782
695.119 0.867
696.049 0.93
696.994 0.945
697.89 0.896
698.732 0.842
699.532 0.8
700.319 0.787
701.076 0.757
701.844 0.768
702.659 0.815
703.499 0.84
704.357 0.858
705.175 0.818
705.967 0.792
706.825 0.858
707.7 0.875
708.553 0.853
709.365 0.812
710.152 0.787
710.864 0.712
711.623 0.759
712.38 0.757
713.168 0.788
713.979 0.811
714.759 0.78
715.522 0.763
716.34 0.818
717.11 0.77
717.888 0.778
718.649 0.761
719.455 0.806
720.283 0.828
721.123 0.84
721.937 0.814
722.754 0.817
723.533 0.779
724.249 0.716
724.958 0.709
725.695 0.737
726.47 0.775
727.316 0.846
728.184 0.868
728.935 0.751
729.754 0.819