0.000 0.687
0.687 0.687
1.366 0.679
2.045 0.679
2.748 0.703
3.491 0.743
4.296 0.805
5.179 0.883
6.01 0.831
6.844 0.834
7.678 0.834
8.504 0.826
9.319 0.815
10.102 0.783
10.793 0.691
11.497 0.704
12.187 0.69
12.898 0.711
13.643 0.745
14.35 0.707
15.12 0.77
15.917 0.797
16.725 0.808
17.522 0.797
18.269 0.747
19.043 0.774
19.759 0.716
20.482 0.723
21.221 0.739
21.979 0.758
22.744 0.765
23.535 0.791
24.349 0.814
25.166 0.817
25.967 0.801
26.691 0.724
27.452 0.761
28.251 0.799
29.093 0.842
29.877 0.784
30.715 0.838
31.586 0.871
32.41 0.824
33.219 0.809
34.054 0.835
34.955 0.901
35.772 0.817
36.636 0.864
37.459 0.823
38.302 0.843
39.135 0.833
39.962 0.827
40.798 0.836
41.629 0.831
42.388 0.759
43.188 0.8
44.015 0.827
44.883 0.868
45.682 0.799
46.561 0.879
47.474 0.913
48.424 0.95
49.24 0.816
50.084 0.844
50.87 0.786
51.691 0.821
52.528 0.837
53.362 0.834
54.168 0.806
54.946 0.778
55.695 0.749
56.448 0.753
57.172 0.724
57.889 0.717
58.657 0.768
59.448 0.791
60.257 0.809
61.078 0.821
61.835 0.757
62.633 0.798
63.438 0.805
64.243 0.805
65.048 0.805
65.841 0.793
66.605 0.764
67.355 0.75
68.026 0.671
68.719 0.693
69.42 0.701
70.101 0.681
70.776 0.675
71.481 0.705
72.204 0.723
73.039 0.835
73.958 0.919
74.926 0.968
75.879 0.953
76.685 0.806
77.535 0.85
78.405 0.87
79.239 0.834
80.07 0.831
80.922 0.852
81.668 0.746
82.479 0.811
83.338 0.859
84.23 0.892
85.128 0.898
85.971 0.843
86.72 0.749
87.522 0.802
88.359 0.837
89.235 0.876
90.081 0.846
90.9 0.819
91.79 0.89
92.62 0.83
93.509 0.889
94.43 0.921
95.29 0.86
96.18 0.89
97.052 0.872
97.967 0.915
98.924 0.957
99.866 0.942
100.796 0.93
101.582 0.786
102.376 0.794
103.187 0.811
104.01 0.823
104.865 0.855
105.707 0.842
106.558 0.851
107.419 0.861
108.288 0.869
109.124 0.836
109.887 0.763
110.668 0.781
111.47 0.802
112.275 0.805
113.128 0.853
114.014 0.886
114.914 0.9
115.754 0.84
116.592 0.838
117.437 0.845
118.194 0.757
118.984 0.79
119.8 0.816
120.625 0.825
121.423 0.798
122.282 0.859
123.205 0.923
124.14 0.935
124.954 0.814
125.794 0.84
126.665 0.871
127.576 0.911
128.468 0.892
129.305 0.837
130.221 0.916
131.127 0.906
132.006 0.879
132.869 0.863
133.722 0.853
134.588 0.866
135.449 0.861
136.224 0.775
137.034 0.81
137.869 0.835
138.73 0.861
139.552 0.822
140.363 0.811
141.219 0.856
142.109 0.89
142.911 0.802
143.762 0.851
144.625 0.863
145.487 0.862
146.303 0.816
147.172 0.869
148.062 0.89
148.903 0.841
149.722 0.819
150.557 0.835
151.407 0.85
152.2 0.793
153.022 0.822
153.86 0.838
154.714 0.854
155.489 0.775
156.313 0.824
157.158 0.845
158.013 0.855
158.798 0.785
159.598 0.8
160.413 0.815
161.238 0.825
161.992 0.754
162.793 0.801
163.593 0.8
164.409 0.816
165.2 0.791
166.047 0.847
166.909 0.862
167.782 0.873
168.6 0.818
169.404 0.804
170.254 0.85
171.141 0.887
172.036 0.895
172.83 0.794
173.566 0.736
174.316 0.75
175.034 0.718
175.744 0.71
176.501 0.757
177.311 0.81
178.213 0.902
179.176 0.963
180.152 0.976
181.036 0.884
181.78 0.744
182.494 0.714
183.262 0.768
184.089 0.827
185.059 0.97
186.08 1.021
187.117 1.037
188.149 1.032
189.182 1.033
190.213 1.031
191.208 0.995
192.112 0.904
193.028 0.916
193.92 0.892
194.779 0.859
195.572 0.793
196.438 0.866
197.366 0.928
198.351 0.985
199.365 1.014
200.349 0.984
201.313 0.964
202.256 0.943
203.061 0.805
203.842 0.781
204.657 0.815
205.521 0.864
206.418 0.897
207.318 0.9
208.217 0.899
209.049 0.832
209.805 0.756
210.521 0.716
211.306 0.785
212.108 0.802
212.943 0.835
213.827 0.884
214.734 0.907
215.645 0.911
216.574 0.929
217.482 0.908
218.372 0.89
219.224 0.852
219.99 0.766
220.743 0.753
221.488 0.745
222.21 0.722
222.903 0.693
223.642 0.739
224.444 0.802
225.28 0.836
226.087 0.807
226.965 0.878
227.889 0.924
228.836 0.947
229.783 0.947
230.72 0.937
231.553 0.833
232.387 0.834
233.231 0.844
234.089 0.858
234.999 0.91
235.872 0.873
236.77 0.898
237.727 0.957
238.702 0.975
239.654 0.952
240.486 0.832
241.357 0.871
242.241 0.884
243.159 0.918
244.034 0.875
244.883 0.849
245.806 0.923
246.795 0.989
247.787 0.992
248.666 0.879
249.604 0.938
250.559 0.955
251.525 0.966
252.488 0.963
253.365 0.877
254.26 0.895
255.168 0.908
256.091 0.923
256.935 0.844
257.788 0.853
258.683 0.895
264.048 5.365
264.996 0.948
265.836 0.84
266.729 0.893
267.645 0.916
268.596 0.951
269.484 0.888
270.397 0.913
271.34 0.943
272.291 0.951
273.181 0.89
274.072 0.891
274.992 0.92
275.942 0.95
276.865 0.923
277.757 0.892
278.702 0.945
279.65 0.948
280.572 0.922
281.412 0.84
282.298 0.886
283.216 0.918
284.129 0.913
284.939 0.81
285.821 0.882
286.737 0.916
287.674 0.937
288.54 0.866
289.422 0.882
290.32 0.898
291.252 0.932
292.197 0.945
293.066 0.869
293.91 0.844
294.725 0.815
295.583 0.858
296.517 0.934
297.483 0.966
298.35 0.867
299.257 0.907
300.177 0.92
301.081 0.904
301.913 0.832
302.765 0.852
303.652 0.887
304.56 0.908
305.397 0.837
306.287 0.89
307.223 0.936
308.172 0.949
309.023 0.851
309.875 0.852
310.761 0.886
311.677 0.916
312.574 0.897
313.405 0.831
314.301 0.896
315.217 0.916
316.121 0.904
316.96 0.839
317.837 0.877
318.752 0.915
319.686 0.934
320.52 0.834
321.393 0.873
322.306 0.913
323.221 0.915
324.083 0.862
324.979 0.896
325.927 0.948
326.889 0.962
327.778 0.889
328.695 0.917
329.62 0.925
330.544 0.924
331.397 0.853
332.288 0.891
333.19 0.902
334.12 0.93
334.973 0.853
335.856 0.883
336.766 0.91
337.698 0.932
338.532 0.834
339.411 0.879
340.323 0.912
341.245 0.922
342.099 0.854
342.989 0.89
343.912 0.923
344.854 0.942
345.707 0.853
346.624 0.917
347.543 0.919
348.427 0.884
349.217 0.79
350.052 0.835
350.943 0.891
351.878 0.935
352.817 0.939
353.69 0.873
354.571 0.881
355.441 0.87
356.279 0.838
357.072 0.793
357.929 0.857
358.808 0.879
359.691 0.883
360.511 0.82
361.354 0.843
362.229 0.875
363.152 0.923
364.055 0.903
364.852 0.797
365.682 0.83
366.533 0.851
367.41 0.877
368.311 0.901
369.192 0.881
370.114 0.922
371.046 0.932
371.984 0.938
372.896 0.912
373.739 0.843
374.587 0.848
375.464 0.877
376.343 0.879
377.179 0.836
378.006 0.827
378.858 0.852
379.739 0.881
380.545 0.806
381.245 0.7
381.934 0.689
382.675 0.741
383.452 0.777
384.25 0.798
385.017 0.767
385.756 0.739
386.576 0.82
387.463 0.887
388.345 0.882
389.18 0.835
390.044 0.864
390.926 0.882
391.802 0.876
392.684 0.882
393.568 0.884
394.372 0.804
395.192 0.82
396.073 0.881
396.983 0.91
397.906 0.923
398.739 0.833
399.648 0.909
400.59 0.942
401.53 0.94
402.371 0.841
403.27 0.899
404.179 0.909
405.084 0.905
405.914 0.83
406.73 0.816
407.593 0.863
408.495 0.902
409.387 0.892
410.226 0.839
411.109 0.883
411.997 0.888
412.887 0.89
413.676 0.789
414.528 0.852
415.435 0.907
416.37 0.935
417.203 0.833
418.069 0.866
418.938 0.869
419.767 0.829
420.116 0.349
420.476 0.36
421.325 0.849
422.186 0.861
423.102 0.916
423.998 0.896
424.87 0.872
425.788 0.918
426.702 0.914
427.536 0.834
428.368 0.832
429.18 0.812
430.0 0.82
430.812 0.812
431.547 0.735
431.94 0.393
432.375 0.435
432.959 0.584
433.687 0.728
434.451 0.764
435.307 0.856
436.224 0.917
437.196 0.972
438.159 0.963
439.03 0.871
439.89 0.86
440.734 0.844
441.594 0.86
442.467 0.873
443.276 0.809
443.542 0.266
443.808 0.266
444.118 0.31
444.383 0.265
446.752 2.369
447.055 0.303
448.044 0.989
448.382 0.338
449.601 1.219
450.372 0.771
450.746 0.374
451.155 0.409
451.465 0.31
451.78 0.315
454.406 2.626
455.068 0.662
457.357 2.289
457.716 0.359
458.279 0.563
458.557 0.278
473.993 15.436
474.432 0.439
474.698 0.266
475.009 0.311
475.447 0.438
475.759 0.312
476.04 0.281
476.429 0.389
476.98 0.551
477.455 0.475
495.993 9.0
498.406 2.413
499.988 1.582
500.498 0.51
506.151 0.479
507.943 1.792
509.142 1.199
509.641 0.499
511.092 1.451
511.531 0.439
511.834 0.303
512.115 0.281
512.377 0.262
512.895 0.518
514.634 1.739
515.153 0.519
515.633 0.48
516.002 0.369
516.563 0.561
516.835 0.272
517.141 0.306
517.594 0.453
518.281 0.687
519.139 0.858
519.571 0.432
519.941 0.37
520.228 0.287
520.485 0.257
520.855 0.37
521.291 0.436
521.605 0.314
522.001 0.396
522.439 0.438
522.759 0.32
523.057 0.298
523.393 0.336
523.818 0.425
524.439 0.621
524.876 0.437
525.138 0.262
525.503 0.365
525.801 0.298
526.104 0.303
526.702 0.598
527.065 0.363
527.533 0.468
528.012 0.479
528.334 0.322
528.617 0.283
529.123 0.506
529.577 0.454
530.011 0.434
530.288 0.277
530.84 0.552
531.239 0.399
531.545 0.306
531.893 0.348
532.196 0.303
532.51 0.314
532.843 0.333
533.152 0.309
533.425 0.273
533.852 0.427
534.354 0.502
534.644 0.29
534.926 0.282
535.314 0.388
535.736 0.422
536.023 0.287
536.33 0.307
536.783 0.453
537.175 0.392
537.437 0.262
537.762 0.325
538.183 0.421
538.439 0.256
538.819 0.38
539.394 0.575
539.662 0.268
539.944 0.282
540.23 0.286
540.657 0.427
540.923 0.266
541.263 0.34
541.93 0.667
542.192 0.262
542.932 0.74
543.306 0.374
543.58 0.274
544.419 0.839
545.366 0.947
545.671 0.305
546.198 0.527
546.513 0.315
549.066 2.553
549.972 0.906
550.566 0.594
550.826 0.26
551.151 0.325
551.544 0.393
551.865 0.321
552.122 0.257
552.485 0.363
553.22 0.735
553.476 0.256
553.787 0.311
555.075 1.288
555.497 0.422
555.797 0.3
556.096 0.299
556.395 0.299
556.676 0.281