0.000 1.773
1.773 1.773
2.786 1.013
3.777 0.991
4.781 1.004
5.84 1.059
6.798 0.958
7.806 1.008
8.876 1.07
9.881 1.005
10.811 0.93
11.852 1.041
12.812 0.96
13.855 1.043
14.849 0.994
15.728 0.879
16.665 0.937
17.517 0.852
18.361 0.844
19.29 0.929
20.271 0.981
21.158 0.887
22.037 0.879
23.015 0.978
23.969 0.954
24.963 0.994
25.991 1.028
27.01 1.019
28.011 1.001
28.872 0.861
29.781 0.909
30.84 1.059
31.819 0.979
32.798 0.979
33.808 1.01
34.766 0.958
35.828 1.062
36.909 1.081
37.899 0.99
38.944 1.045
39.94 0.996
40.909 0.969
41.908 0.999
42.921 1.013
43.805 0.884
44.569 0.764
45.418 0.849
46.458 1.04
47.457 0.999
48.414 0.957
49.27 0.856
50.008 0.738
50.707 0.699
51.363 0.656
52.065 0.702
53.088 1.023
54.129 1.041
55.094 0.965
56.063 0.969
57.057 0.994
57.924 0.867
58.878 0.954
59.878 1.0
60.812 0.934
61.83 1.018
62.866 1.036
63.825 0.959
64.795 0.97
65.78 0.985
66.785 1.005
67.798 1.013
68.69 0.892
69.706 1.016
70.777 1.071
71.707 0.93
72.656 0.949
73.677 1.021
74.608 0.931
75.577 0.969
76.607 1.03
77.628 1.021
78.52 0.892
79.445 0.925
80.373 0.928
81.221 0.848
82.0 0.779
82.911 0.911
83.714 0.803
84.576 0.862
85.498 0.922
86.455 0.957
87.427 0.972
88.385 0.958
89.217 0.832
89.969 0.752
90.797 0.828
91.81 1.013
92.696 0.886
93.605 0.909
94.57 0.965
95.553 0.983
96.52 0.967
97.355 0.835
98.134 0.779
98.97 0.836
100.008 1.038
101.012 1.004
102.014 1.002
102.961 0.947
103.852 0.891
104.773 0.921
105.709 0.936
106.548 0.839
107.516 0.968
108.399 0.883
109.347 0.948
110.318 0.971
111.222 0.904
112.236 1.014
113.26 1.024
114.164 0.904
115.166 1.002
116.12 0.954
117.019 0.899
117.973 0.954
119.001 1.028
120.035 1.034
121.104 1.069
122.133 1.029
123.059 0.926
124.023 0.964
124.998 0.975
125.907 0.909
126.844 0.937
127.797 0.953
128.743 0.946
129.616 0.873
130.465 0.849
131.37 0.905
132.245 0.875
133.144 0.899
134.123 0.979
135.035 0.912
135.994 0.959
137.003 1.009
137.935 0.932
138.847 0.912
139.869 1.022
140.809 0.94
141.77 0.961
142.796 1.026
143.735 0.939
144.719 0.984
145.7 0.981
146.709 1.009
147.729 1.02
148.648 0.919
149.562 0.914
150.52 0.958
151.538 1.018
152.548 1.01
153.529 0.981
154.491 0.962
155.384 0.893
156.151 0.767
156.947 0.796
158.04 1.093
158.935 0.895
159.94 1.005
160.908 0.968
161.884 0.976
162.949 1.065
163.945 0.996
164.923 0.978
165.959 1.036
166.973 1.014
168.002 1.029
168.979 0.977
169.929 0.95
170.825 0.896
171.867 1.042
172.887 1.02
173.928 1.041
174.998 1.07
175.955 0.957
177.03 1.075
178.01 0.98
179.096 1.086
180.157 1.061
181.162 1.005
182.297 1.135
183.38 1.083
184.392 1.012
185.452 1.06
186.52 1.068
187.519 0.999
188.658 1.139
189.76 1.102
190.805 1.045
191.921 1.116
192.995 1.074
194.031 1.036
194.994 0.963
195.963 0.969
196.903 0.94
197.797 0.894
198.832 1.035
199.902 1.07
200.895 0.993
201.961 1.066
203.029 1.068
204.097 1.068
205.228 1.131
206.354 1.126
207.405 1.051
208.516 1.111
209.597 1.081
210.618 1.021
211.74 1.122
212.801 1.061
213.819 1.018
214.895 1.076
215.848 0.953
216.861 1.013
217.762 0.901
218.666 0.904
219.605 0.939
220.621 1.016
221.613 0.992
222.597 0.984
223.548 0.951
224.47 0.922
225.19 0.72
225.892 0.702
226.634 0.742
227.508 0.874
228.182 0.674
228.99 0.808
230.041 1.051
231.021 0.98
231.923 0.902
232.848 0.925
233.781 0.933
234.696 0.915
235.612 0.916
236.552 0.94
237.461 0.909
238.396 0.935
239.314 0.918
240.253 0.939
241.164 0.911
242.046 0.882
242.753 0.707
243.502 0.749
244.251 0.749
245.153 0.902
245.807 0.654
246.501 0.694
247.213 0.712
247.963 0.75
248.889 0.926
249.676 0.787
250.356 0.68
251.081 0.725
251.816 0.735
252.786 0.97
253.578 0.792
254.329 0.751
254.976 0.647
255.653 0.677
256.661 1.008
257.535 0.874
258.46 0.925
259.363 0.903
260.343 0.98
261.315 0.972
262.285 0.97
263.283 0.998
264.173 0.89
265.098 0.925
266.061 0.963
266.94 0.879
267.873 0.933
268.716 0.843
269.692 0.976
270.629 0.937
271.551 0.922
272.487 0.936
273.435 0.948
274.355 0.92
275.296 0.941
276.245 0.949
277.165 0.92
278.085 0.92
278.856 0.771
279.653 0.797
280.707 1.054
281.618 0.911
282.502 0.884
283.426 0.924
284.365 0.939
285.302 0.937
286.187 0.885
287.115 0.928
288.052 0.937
288.981 0.929
289.805 0.824
290.675 0.87
291.473 0.798
292.455 0.982
293.389 0.934
294.275 0.886
295.168 0.893
296.088 0.92
296.97 0.882
297.865 0.895
298.757 0.892
299.779 1.022
300.736 0.957
301.637 0.901
302.548 0.911
303.461 0.913
304.381 0.92
305.206 0.825
306.03 0.824
306.891 0.861
307.698 0.807
308.445 0.747
309.532 1.087
310.481 0.949
311.381 0.9
312.251 0.87
313.064 0.813
313.997 0.933
314.872 0.875
315.845 0.973
316.786 0.941
317.705 0.919
318.658 0.953
319.505 0.847
320.378 0.873
321.3 0.922
322.25 0.95
323.27 1.02
324.281 1.011
325.253 0.972
326.12 0.867
327.024 0.904
327.968 0.944
328.957 0.989
329.92 0.963
330.769 0.849
331.621 0.852
332.58 0.959
333.565 0.985
334.528 0.963
335.523 0.995
336.452 0.929
337.28 0.828
338.177 0.897
339.084 0.907
339.961 0.877
340.881 0.92
341.714 0.833
342.714 1.0
343.667 0.953
344.592 0.925
345.461 0.869
346.354 0.893
347.283 0.929
348.203 0.92
349.051 0.848
350.015 0.964
350.94 0.925
351.859 0.919
352.872 1.013
353.871 0.999
354.756 0.885
355.665 0.909
356.677 1.012
357.638 0.961
358.493 0.855
359.448 0.955
360.465 1.017
361.346 0.881
362.198 0.852
363.084 0.886
363.947 0.863
364.919 0.972
365.882 0.963
366.841 0.959
367.709 0.868
368.592 0.883
369.54 0.948
370.527 0.987
371.446 0.919
372.3 0.854
373.212 0.912
374.193 0.981
375.166 0.973
376.008 0.842
377.187 1.179
378.227 1.04
379.212 0.985
380.276 1.064
381.254 0.978
382.285 1.031
383.282 0.997
384.254 0.972
385.28 1.026
386.343 1.063
387.402 1.059
388.405 1.003
389.345 0.94
390.324 0.979
391.056 0.732
392.116 1.06
393.162 1.046
394.22 1.058
395.188 0.968
396.259 1.071
397.312 1.053
398.34 1.028
399.433 1.093
400.452 1.019
401.494 1.042
402.563 1.069
403.548 0.985
404.428 0.88
405.415 0.987
406.406 0.991
407.365 0.959
408.299 0.934
409.192 0.893
410.176 0.984
411.192 1.016
412.167 0.975
413.209 1.042
414.192 0.983
415.177 0.985
416.222 1.045
417.193 0.971
418.223 1.03
419.228 1.005
420.201 0.973
421.238 1.037
422.24 1.002
423.24 1.0
424.283 1.043
425.337 1.054
426.286 0.949
427.31 1.024
428.327 1.017
429.317 0.99
430.164 0.847
430.863 0.699
431.567 0.704
432.284 0.717
432.953 0.669
433.611 0.658
434.27 0.659
434.937 0.667
435.611 0.674
436.325 0.714
437.296 0.971
438.305 1.009
439.307 1.002
440.249 0.942
441.229 0.98
442.177 0.948
443.035 0.858
443.884 0.849
444.881 0.997
445.883 1.002
446.865 0.982
447.838 0.973
448.858 1.02
449.857 0.999
450.836 0.979
451.874 1.038
452.888 1.014
453.766 0.878
454.711 0.945
455.706 0.995
456.639 0.933
457.58 0.941
458.406 0.826
459.211 0.805
460.129 0.918
460.996 0.867
461.973 0.977
462.947 0.974
463.897 0.95
464.93 1.033
465.866 0.936
466.773 0.907
467.723 0.95
468.652 0.929
469.559 0.907
470.539 0.98
471.47 0.931
472.417 0.947
473.398 0.981
474.37 0.972
475.305 0.935
476.327 1.022
477.303 0.976
478.272 0.969
479.242 0.97
480.072 0.83
480.967 0.895
481.854 0.887
482.602 0.748
483.643 1.041
484.674 1.031
485.648 0.974
486.671 1.023
487.699 1.028
488.698 0.999
489.735 1.037
490.716 0.981
491.644 0.928
492.489 0.845
493.394 0.905
494.449 1.055
495.425 0.976
496.355 0.93
497.333 0.978
498.355 1.022
499.365 1.01
500.256 0.891
501.069 0.813
501.904 0.835
502.904 1.0
503.75 0.846
504.653 0.903
505.599 0.946
506.551 0.952
507.43 0.879
508.318 0.888
509.248 0.93
510.149 0.901
511.147 0.998
512.111 0.964
513.123 1.012
514.099 0.976
515.095 0.996
516.087 0.992
517.027 0.94
518.048 1.021
519.059 1.011
520.074 1.015
521.142 1.068
522.154 1.012
523.153 0.999
524.215 1.062
525.237 1.022
526.235 0.998
527.319 1.084
528.383 1.064
529.364 0.981
530.437 1.073
531.506 1.069
532.521 1.015
533.57 1.049
534.552 0.982
535.571 1.019
536.531 0.96
537.464 0.933
538.458 0.994
539.484 1.026
540.499 1.015
541.452 0.953
542.361 0.909
543.339 0.978
544.326 0.987
545.391 1.065
546.355 0.964
547.312 0.957
548.335 1.023
549.334 0.999
550.253 0.919
551.267 1.014
552.348 1.081
553.39 1.042
554.455 1.065
555.447 0.992
556.388 0.941
557.188 0.8
557.925 0.737
559.034 1.109
560.068 1.034
561.189 1.121
562.328 1.139
563.385 1.057
564.485 1.1
565.574 1.089
566.59 1.016
567.665 1.075
568.641 0.976
569.617 0.976
570.65 1.033
571.618 0.968
572.592 0.974
573.558 0.966
574.5 0.942
575.195 0.695
575.892 0.697
576.609 0.717
577.704 1.095
578.775 1.071
579.762 0.987
580.844 1.082
581.923 1.079
582.967 1.044
584.11 1.143
585.198 1.088
586.275 1.077
587.391 1.116
588.454 1.063
589.485 1.031
590.551 1.066
591.58 1.029
592.602 1.022
593.693 1.091
594.737 1.044
595.709 0.972
596.795 1.086
597.901 1.106
598.955 1.054
599.932 0.977