0.000 1.003
1.003 1.003
1.758 0.755
2.395 0.637
3.032 0.637
3.66 0.628
4.297 0.637
5.266 0.969
6.109 0.843
6.938 0.829
7.805 0.867
8.615 0.81
9.484 0.869
10.355 0.871
11.163 0.808
12.048 0.885
12.809 0.761
13.472 0.663
14.232 0.76
14.997 0.765
15.678 0.681
16.55 0.872
17.299 0.749
18.007 0.708
18.719 0.712
19.496 0.777
20.17 0.674
20.846 0.676
21.589 0.743
22.307 0.718
22.971 0.664
23.651 0.68
24.363 0.712
25.006 0.643
25.649 0.643
26.627 0.978
27.489 0.862
28.306 0.817
29.12 0.814
30.1 0.98
30.895 0.795
31.61 0.715
32.646 1.036
33.559 0.913
34.335 0.776
35.156 0.821
35.988 0.832
36.638 0.65
37.338 0.7
38.356 1.018
39.21 0.854
39.982 0.772
40.799 0.817
41.837 1.038
42.706 0.869
43.475 0.769
44.504 1.029
45.447 0.943
46.201 0.754
46.872 0.671
47.618 0.746
48.618 1.0
49.461 0.843
50.358 0.897
51.272 0.914
52.106 0.834
52.967 0.861
53.921 0.954
54.691 0.77
55.422 0.731
56.127 0.705
56.811 0.684
57.803 0.992
58.663 0.86
59.555 0.892
60.368 0.813
61.315 0.947
62.217 0.902
62.971 0.754
63.642 0.671
64.405 0.763
65.195 0.79
65.865 0.67
66.572 0.707
67.554 0.982
68.434 0.88
69.208 0.774
70.184 0.976
71.119 0.935
71.958 0.839
72.743 0.785
73.541 0.798
74.206 0.665
75.194 0.988
76.176 0.982
77.059 0.883
77.936 0.877
78.888 0.952
79.828 0.94
80.678 0.85
81.431 0.753
82.216 0.785
82.944 0.728
83.671 0.727
84.716 1.045
85.609 0.893
86.354 0.745
87.135 0.781
88.145 1.01
88.97 0.825
89.738 0.768
90.747 1.009
91.641 0.894
92.423 0.782
93.281 0.858
94.258 0.977
95.047 0.789
95.971 0.924
96.927 0.956
97.8 0.873
98.733 0.933
99.663 0.93
100.505 0.842
101.33 0.825
102.009 0.679
102.658 0.649
103.394 0.736
104.451 1.057
105.316 0.865
106.27 0.954
107.19 0.92
108.012 0.822
109.035 1.023
109.851 0.816
110.559 0.708
111.513 0.954
112.358 0.845
113.052 0.694
114.078 1.026
115.014 0.936
115.791 0.777
116.48 0.689
117.129 0.649
117.797 0.668
118.491 0.694
119.107 0.616
119.742 0.635
120.378 0.636
121.073 0.695
121.757 0.684
122.386 0.629
123.008 0.622
123.623 0.615
124.248 0.625
124.914 0.666
125.845 0.931
126.614 0.769
127.462 0.848
128.306 0.844
129.181 0.875
129.881 0.7
130.705 0.824
131.38 0.675
132.042 0.662
132.747 0.705
133.555 0.808
134.211 0.656
134.881 0.67
135.543 0.662
136.294 0.751
137.075 0.781
137.842 0.767
138.576 0.734
139.262 0.686
139.911 0.649
140.533 0.622
141.149 0.616
141.792 0.643
142.465 0.673
143.126 0.661
143.748 0.622
144.386 0.638
145.02 0.634
145.76 0.74
146.778 1.018
147.628 0.85
148.395 0.767
149.043 0.648
149.667 0.624
150.254 0.587
150.845 0.591
151.421 0.576
152.022 0.601
152.628 0.606
153.252 0.624
153.898 0.646
154.59 0.692
155.293 0.703
155.941 0.648
156.662 0.721
157.363 0.701
158.066 0.703
158.805 0.739
159.691 0.886
160.352 0.661
161.076 0.724
161.771 0.695
162.457 0.686
163.16 0.703
163.822 0.662
164.619 0.797
165.307 0.688
166.11 0.803
166.939 0.829
167.628 0.689
168.643 1.015
169.534 0.891
170.415 0.881
171.158 0.743
171.828 0.67
172.848 1.02
173.779 0.931
174.592 0.813
175.557 0.965
176.449 0.892
177.3 0.851
178.249 0.949
179.175 0.926
180.053 0.878
180.787 0.734
181.505 0.718
182.398 0.893
183.541 1.143
184.535 0.994
185.519 0.984
186.497 0.978
187.281 0.784
188.146 0.865
189.208 1.062
190.09 0.882
190.94 0.85
191.981 1.041
192.696 0.715
193.475 0.779
194.542 1.067
195.43 0.888
196.269 0.839
197.357 1.088
198.249 0.892
199.074 0.825
199.805 0.731
200.503 0.698
201.199 0.696
202.244 1.045
203.165 0.921
204.112 0.947
205.063 0.951
206.011 0.948
206.873 0.862
207.839 0.966
208.757 0.918
209.572 0.815
210.326 0.754
211.233 0.907
212.267 1.034
213.195 0.928
214.19 0.995
215.127 0.937
216.074 0.947
216.948 0.874
217.631 0.683
218.331 0.7
219.068 0.737
220.14 1.072
221.088 0.948
221.957 0.869
223.028 1.071
223.986 0.958
224.7 0.714
225.658 0.958
226.578 0.92
227.316 0.738
228.356 1.04
229.341 0.985
230.261 0.92
231.025 0.764
231.853 0.828
232.555 0.702
233.6 1.045
234.645 1.045
235.602 0.957
236.562 0.96
237.553 0.991
238.448 0.895
239.337 0.889
240.309 0.972
241.255 0.946
242.139 0.884
243.068 0.929
243.916 0.848
244.728 0.812
245.586 0.858
246.271 0.685
246.954 0.683
247.969 1.015
248.885 0.916
249.745 0.86
250.733 0.988
251.72 0.987
252.616 0.896
253.58 0.964
254.461 0.881
255.101 0.64
255.752 0.651
256.559 0.807
257.209 0.65
257.877 0.668
258.735 0.858
259.901 1.166
260.891 0.99
261.796 0.905
262.702 0.906
263.525 0.823
264.549 1.024
265.534 0.985
266.476 0.942
267.244 0.768
268.067 0.823
268.78 0.713
269.511 0.731
270.566 1.055
271.525 0.959
272.43 0.905
273.304 0.874
273.971 0.667
274.603 0.632
275.215 0.612
275.854 0.639
276.951 1.097
277.922 0.971
278.928 1.006
279.893 0.965
280.795 0.902
281.847 1.052
282.834 0.987
283.794 0.96
284.533 0.739
285.391 0.858
286.46 1.069
287.355 0.895
288.156 0.801
288.826 0.67
289.524 0.698
290.182 0.658
290.814 0.632
291.453 0.639
292.074 0.621
292.673 0.599
293.254 0.581
293.822 0.568
294.39 0.568
294.961 0.571
295.535 0.574
296.103 0.568
296.679 0.576
297.265 0.586
297.833 0.568
298.397 0.564
298.962 0.565
299.542 0.58
300.116 0.574
300.691 0.575
301.276 0.585
301.886 0.61
302.499 0.613
303.151 0.652
303.797 0.646
304.445 0.648
305.084 0.639
305.729 0.645
306.446 0.717
307.438 0.992
308.304 0.866
308.983 0.679
309.667 0.684
310.498 0.831
311.163 0.665
311.852 0.689
312.688 0.836
313.725 1.037
314.642 0.917
315.583 0.941
316.42 0.837
317.073 0.653
317.761 0.688
318.772 1.011
319.674 0.902
320.567 0.893
321.463 0.896
322.258 0.795
322.952 0.694
323.842 0.89
324.614 0.772
325.416 0.802
326.435 1.019
327.222 0.787
327.945 0.723
328.654 0.709
329.321 0.667
330.055 0.734
331.184 1.129
332.108 0.924
332.939 0.831
333.948 1.009
334.641 0.693
335.404 0.763
336.061 0.657
336.765 0.704
337.825 1.06
338.718 0.893
339.726 1.008
340.697 0.971
341.579 0.882
342.327 0.748
342.972 0.645
343.608 0.636
344.242 0.634
344.934 0.692
345.78 0.846
346.838 1.058
347.877 1.039
348.842 0.965
349.655 0.813
350.395 0.74
351.209 0.814
351.917 0.708
352.992 1.075
353.765 0.773
354.437 0.672
355.184 0.747
356.29 1.106
357.24 0.95
358.103 0.863
358.778 0.675
359.445 0.667
360.29 0.845
361.115 0.825
361.957 0.842
363.03 1.073
363.982 0.952
365.036 1.054
365.947 0.911
366.608 0.661
367.298 0.69
368.383 1.085
369.295 0.912
370.205 0.91
371.118 0.913
371.847 0.729
372.542 0.695
373.27 0.728
373.991 0.721
375.006 1.015
375.965 0.959
376.916 0.951
377.867 0.951
378.751 0.884
379.59 0.839
380.273 0.683
380.986 0.713
381.815 0.829
382.51 0.695
383.322 0.812
384.005 0.683
384.696 0.691
385.381 0.685
386.04 0.659
386.669 0.629
387.29 0.621
387.909 0.619
388.558 0.649
389.346 0.788
389.971 0.625
390.818 0.847
391.505 0.687
392.227 0.722
392.899 0.672
393.667 0.768
394.376 0.709
395.029 0.653
395.677 0.648
396.339 0.662
397.044 0.705
397.768 0.724
398.543 0.775
399.198 0.655
400.056 0.858
400.781 0.725
401.813 1.032
402.741 0.928
403.719 0.978
404.521 0.802
405.209 0.688
405.94 0.731
407.018 1.078
407.997 0.979
408.91 0.913
409.845 0.935
410.637 0.792
411.377 0.74
412.05 0.673
412.73 0.68
413.417 0.687
414.251 0.834
414.905 0.654
416.076 1.171
416.996 0.92
417.791 0.795
418.627 0.836
419.737 1.11
420.775 1.038
421.722 0.947
422.706 0.984
423.626 0.92
424.463 0.837
425.375 0.912
426.245 0.87
427.061 0.816
428.01 0.949
428.99 0.98
429.851 0.861
430.765 0.914
431.748 0.983
432.586 0.838
433.495 0.909
434.461 0.966
435.284 0.823
435.982 0.698
436.847 0.865
437.597 0.75
438.297 0.7
439.029 0.732
440.192 1.163
441.149 0.957
441.914 0.765
442.591 0.677
443.223 0.632
443.83 0.607
444.449 0.619
445.105 0.656
445.811 0.706
446.478 0.667
447.11 0.632
447.75 0.64
448.456 0.706
449.164 0.708
450.035 0.871
450.794 0.759
451.512 0.718
452.191 0.679
452.971 0.78
454.058 1.087
454.995 0.937
455.854 0.859
456.713 0.859
457.568 0.855
458.54 0.972
459.37 0.83
460.116 0.746
460.818 0.702
461.696 0.878
462.798 1.102
463.657 0.859
464.535 0.878
465.447 0.912
466.261 0.814
467.075 0.814
467.742 0.667
468.384 0.642
469.033 0.649
469.649 0.616
470.271 0.622
470.897 0.626
471.54 0.643
471.998 0.458
472.821 0.823
473.417 0.596
474.0 0.583
474.567 0.567
475.129 0.562
475.685 0.556
476.236 0.551
476.78 0.544
477.321 0.541
477.855 0.534
478.387 0.532
478.932 0.545
479.483 0.551
480.05 0.567
480.638 0.588
481.277 0.639
481.919 0.642
482.529 0.61
483.121 0.592
483.72 0.599
484.324 0.604
484.922 0.598
485.503 0.581
486.08 0.577
486.647 0.567
487.208 0.561
487.769 0.561
488.344 0.575
488.949 0.605
489.551 0.602
490.212 0.661
490.847 0.635
491.469 0.622
492.141 0.672
492.816 0.675
493.504 0.688
494.127 0.623
494.738 0.611
495.356 0.618
495.994 0.638
496.652 0.658
497.355 0.703
498.043 0.688
498.764 0.721
499.47 0.706
500.169 0.699
501.129 0.96
502.198 1.069
502.979 0.781
503.759 0.78
504.469 0.71
505.371 0.902
506.445 1.074
507.339 0.894
508.333 0.994
509.273 0.94
510.082 0.809
511.011 0.929
511.9 0.889
512.744 0.844
513.667 0.923
514.483 0.816
515.417 0.934
516.329 0.912
517.183 0.854
517.939 0.756
518.565 0.626
519.216 0.651
519.885 0.669
520.689 0.804
521.425 0.736
522.317 0.892
523.059 0.742
524.112 1.053
524.91 0.798
525.778 0.868
526.722 0.944
527.731 1.009
528.697 0.966
529.399 0.702
530.062 0.663
530.76 0.698
531.835 1.075
532.729 0.894
533.803 1.074
534.749 0.946
535.628 0.879
536.595 0.967
537.423 0.828
538.286 0.863
539.182 0.896
540.015 0.833
540.899 0.884
541.855 0.956
542.706 0.851
543.522 0.816
544.412 0.89
545.404 0.992
546.251 0.847
547.208 0.957
548.204 0.996
549.098 0.894
550.086 0.988
551.009 0.923
551.879 0.87
552.76 0.881
553.572 0.812
554.238 0.666
554.926 0.688
555.614 0.688
556.666 1.052
557.731 1.065
558.639 0.908
559.429 0.79
560.177 0.748
560.966 0.789
562.071 1.105
562.974 0.903
563.861 0.887
564.739 0.878
565.562 0.823
566.379 0.817
567.169 0.79
567.826 0.657
568.433 0.607
569.042 0.609
569.659 0.617
570.277 0.618
570.922 0.645
571.614 0.692
572.328 0.714
573.483 1.155
574.466 0.983
575.571 1.105
576.603 1.032
577.38 0.777
578.161 0.781
579.285 1.124
580.279 0.994
581.317 1.038
582.281 0.964
583.183 0.902
584.187 1.004
585.113 0.926
585.995 0.882
586.974 0.979
587.856 0.882
588.706 0.85
589.67 0.964
590.598 0.928
591.425 0.827
592.415 0.99
593.323 0.908
594.137 0.814
595.014 0.877
595.723 0.709
596.407 0.684
597.473 1.066
598.439 0.966
599.316 0.877
600.226 0.91
601.006 0.78
601.644 0.638
602.308 0.664
602.989 0.681
603.825 0.836
604.931 1.106
605.863 0.932
606.834 0.971
607.617 0.783
608.246 0.629
608.874 0.628
609.531 0.657
610.327 0.796
611.46 1.133
612.467 1.007
613.448 0.981
614.462 1.014
615.354 0.892
616.317 0.963
617.293 0.976
618.136 0.843
618.881 0.745
619.956 1.075
620.768 0.812
621.646 0.878
622.563 0.917
623.365 0.802
624.186 0.821
625.278 1.092
626.237 0.959
627.067 0.83
627.716 0.649
628.394 0.678
629.47 1.076
630.354 0.884
631.148 0.794
631.907 0.759
632.884 0.977
633.875 0.991
634.792 0.917
635.683 0.891
636.598 0.915
637.362 0.764
638.077 0.715
638.825 0.748
639.515 0.69
640.231 0.716
641.386 1.155
642.339 0.953
643.152 0.813
643.84 0.688
644.517 0.677
645.342 0.825
646.016 0.674
646.722 0.706
647.556 0.834
648.677 1.121
649.537 0.86
650.254 0.717
651.005 0.751
651.685 0.68
652.366 0.681
653.453 1.087
654.382 0.929
655.189 0.807
655.91 0.721
656.935 1.025
657.757 0.822
658.49 0.733
659.234 0.744
659.928 0.694
660.682 0.754
661.775 1.093
662.687 0.912
663.547 0.86
664.608 1.061
665.345 0.737
666.093 0.748
666.875 0.782
667.57 0.695
668.273 0.703
669.347 1.074
670.204 0.857
671.107 0.903
672.124 1.017
672.984 0.86
673.882 0.898
674.748 0.866
675.54 0.792
676.242 0.702
676.966 0.724
677.616 0.65
678.29 0.674
678.956 0.666
679.622 0.666
680.33 0.708
681.193 0.863
682.433 1.24
683.442 1.009
684.199 0.757
684.92 0.721
685.657 0.737
686.327 0.67
686.993 0.666
687.745 0.752
688.678 0.933
689.348 0.67
690.048 0.7
690.904 0.856
691.663 0.759
692.438 0.775
693.14 0.702
694.216 1.076
695.18 0.964
696.014 0.834
696.702 0.688
697.361 0.659
698.034 0.673
699.066 1.032
699.965 0.899
700.767 0.802
701.455 0.688
702.134 0.679
703.196 1.062
704.08 0.884
704.923 0.843
705.822 0.899
706.649 0.827
707.354 0.705
708.0 0.646
708.62 0.62
709.232 0.612
709.885 0.653
710.578 0.693
711.463 0.885
712.168 0.705
713.197 1.029
714.0 0.803
714.72 0.72
715.785 1.065
716.657 0.872
717.35 0.693
718.021 0.671
719.057 1.036
719.864 0.807
720.705 0.841
721.488 0.783
722.126 0.638
722.824 0.698
723.791 0.967
724.537 0.746
725.618 1.081
726.473 0.855
727.361 0.888
728.103 0.742
729.053 0.95
729.957 0.904
731.057 1.1
732.035 0.978
732.882 0.847
733.62 0.738
734.284 0.664
734.937 0.653
735.648 0.711
736.65 1.002
737.494 0.844
738.218 0.724
738.92 0.702
739.754 0.834
740.417 0.663
741.113 0.696
741.84 0.727
742.894 1.054
743.818 0.924
744.499 0.681
745.127 0.628
745.744 0.617
746.362 0.618
746.994 0.632
747.643 0.649
748.298 0.655
749.191 0.893
750.0 0.809
750.687 0.687
751.738 1.051
752.721 0.983
753.532 0.811
754.239 0.707
755.079 0.84
755.752 0.673
756.852 1.1
757.829 0.977
758.838 1.009
759.84 1.002
760.763 0.923
761.428 0.665
762.109 0.681
763.238 1.129
764.175 0.937