0.000 1.028
1.028 1.028
1.94 0.912
2.852 0.912
3.831 0.979
4.757 0.926
5.645 0.888
6.659 1.014
7.589 0.93
8.504 0.915
9.502 0.998
10.387 0.885
11.352 0.965
12.256 0.904
13.16 0.904
14.09 0.93
14.895 0.805
15.554 0.659
16.23 0.676
17.191 0.961
18.027 0.836
19.029 1.002
19.954 0.925
20.864 0.91
21.822 0.958
22.654 0.832
23.609 0.955
24.701 1.092
25.57 0.869
26.537 0.967
27.283 0.746
28.047 0.764
29.184 1.137
30.125 0.941
31.267 1.142
32.292 1.025
33.273 0.981
34.286 1.013
35.193 0.907
36.236 1.043
37.232 0.996
38.225 0.993
39.36 1.135
40.371 1.011
41.336 0.965
42.398 1.062
43.406 1.008
44.35 0.944
45.325 0.975
46.231 0.906
47.243 1.012
48.208 0.965
49.026 0.818
49.694 0.668
50.403 0.709
51.145 0.742
51.827 0.682
52.93 1.103
54.012 1.082
54.966 0.954
55.998 1.032
56.942 0.944
57.781 0.839
58.658 0.877
59.36 0.702
60.178 0.818
61.271 1.093
62.313 1.042
63.431 1.118
64.426 0.995
65.401 0.975
66.304 0.903
67.301 0.997
68.167 0.866
68.964 0.797
69.603 0.639
70.245 0.642
70.834 0.589
71.399 0.565
71.984 0.585
72.585 0.601
73.176 0.591
73.803 0.627
74.442 0.639
75.154 0.712
76.187 1.033
77.114 0.927
78.069 0.955
79.007 0.938
79.792 0.785
80.448 0.656
81.136 0.688
81.793 0.657
82.476 0.683
83.228 0.752
84.224 0.996
84.928 0.704
85.946 1.018
86.895 0.949
87.788 0.893
88.818 1.03
89.723 0.905
90.622 0.899
91.601 0.979
92.558 0.957
93.372 0.814
94.071 0.699
94.809 0.738
95.876 1.067
96.692 0.816
97.644 0.952
98.726 1.082
99.69 0.964
100.656 0.966
101.599 0.943
102.289 0.69
103.083 0.794
104.187 1.104
105.044 0.857
106.086 1.042
107.053 0.967
108.056 1.003
109.073 1.017
110.046 0.973
110.973 0.927
111.672 0.699
112.302 0.63
112.903 0.601
113.515 0.612
114.139 0.624
114.764 0.625
115.395 0.631
116.032 0.637
116.702 0.67
117.367 0.665
118.02 0.653
118.647 0.627
119.337 0.69
120.449 1.112
121.505 1.056
122.393 0.888
123.43 1.037
124.245 0.815
125.251 1.006
126.183 0.932
127.102 0.919
127.959 0.857
128.693 0.734
129.329 0.636
129.979 0.65
130.809 0.83
131.856 1.047
132.809 0.953
133.875 1.066
134.764 0.889
135.542 0.778
136.303 0.761
137.391 1.088
138.256 0.865
139.121 0.865
140.153 1.032
141.071 0.918
141.982 0.911
142.959 0.977
143.971 1.012
144.908 0.937
145.935 1.027
146.971 1.036
147.909 0.938
148.951 1.042
149.95 0.999
150.741 0.791
151.683 0.942
152.53 0.847
153.363 0.833
154.471 1.108
155.39 0.919
156.351 0.961
157.386 1.035
158.346 0.96
159.407 1.061
160.408 1.001
161.403 0.995
162.38 0.977
163.347 0.967
164.254 0.907
165.116 0.862
165.885 0.769
166.709 0.824
167.441 0.732
168.116 0.675
168.924 0.808
170.011 1.087
170.895 0.884
171.854 0.959
172.801 0.947
173.744 0.943
174.604 0.86
175.352 0.748
176.033 0.681
176.714 0.681
177.339 0.625
178.049 0.71
178.729 0.68
179.41 0.681
180.463 1.053
181.439 0.976
182.397 0.958
183.351 0.954
184.113 0.762
184.834 0.721
185.583 0.749
186.377 0.794
187.432 1.055
188.429 0.997
189.287 0.858
190.03 0.743
191.053 1.023
191.921 0.868
192.76 0.839
193.468 0.708
194.129 0.661
195.107 0.978
196.022 0.915
197.024 1.002
197.988 0.964
198.868 0.88
199.835 0.967
200.833 0.998
201.769 0.936
202.802 1.033
203.781 0.979
204.671 0.89
205.617 0.946
206.468 0.851
207.331 0.863
208.328 0.997
209.262 0.934
210.093 0.831
211.016 0.923
211.984 0.968
212.838 0.854
213.786 0.948
214.65 0.864
215.506 0.856
216.473 0.967
217.286 0.813
218.19 0.904
219.214 1.024
220.18 0.966
221.155 0.975
222.164 1.009
222.997 0.833
223.887 0.89
224.837 0.95
225.633 0.796
226.339 0.706
227.471 1.132
228.545 1.074
229.514 0.969
230.549 1.035
231.543 0.994
232.549 1.006
233.589 1.04
234.461 0.872
235.459 0.998
236.472 1.013
237.393 0.921
238.415 1.022
239.467 1.052
240.478 1.011
241.467 0.989
242.261 0.794
243.112 0.851
244.214 1.102
245.073 0.859
246.048 0.975
246.955 0.907
247.842 0.887
248.737 0.895
249.761 1.024
250.562 0.801
251.224 0.662
251.94 0.716
252.63 0.69
253.688 1.058
254.683 0.995
255.574 0.891
256.51 0.936
257.28 0.77
258.221 0.941
259.067 0.846
259.81 0.743
260.479 0.669
261.531 1.052
262.541 1.01
263.442 0.901
264.404 0.962
265.394 0.99
266.214 0.82
267.144 0.93
268.149 1.005
269.068 0.919
269.887 0.819
270.643 0.756
271.689 1.046
272.514 0.825
273.362 0.848
274.211 0.849
274.883 0.672
275.609 0.726
276.661 1.052
277.629 0.968
278.576 0.947
279.543 0.967
280.436 0.893
281.228 0.792
282.044 0.816
282.709 0.665
283.378 0.669
284.336 0.958
285.204 0.868
286.032 0.828
286.925 0.893
287.784 0.859
288.532 0.748
289.199 0.667
289.837 0.638
290.542 0.705
291.428 0.886
292.063 0.635
292.795 0.732
293.467 0.672
294.433 0.966
295.133 0.7
295.814 0.681
296.548 0.734
297.476 0.928
298.142 0.666
298.829 0.687
299.531 0.702
300.5 0.969
301.541 1.041
302.399 0.858
303.258 0.859
304.256 0.998
305.166 0.91
306.067 0.901
307.07 1.003
307.983 0.913
308.712 0.729
309.35 0.638
310.031 0.681
311.138 1.107
312.222 1.084
313.091 0.869
314.007 0.916
315.028 1.021
315.926 0.898
316.866 0.94
317.715 0.849
318.373 0.658
319.045 0.672
319.753 0.708
320.781 1.028
321.716 0.935
322.691 0.975
323.523 0.832
324.371 0.848
325.271 0.9
326.168 0.897
326.971 0.803
327.685 0.714
328.51 0.825
329.517 1.007
330.349 0.832
331.313 0.964
332.267 0.954
333.066 0.799
333.922 0.856
334.942 1.02
335.902 0.96
336.74 0.838
337.68 0.94
338.394 0.714
339.055 0.661
339.909 0.854
341.033 1.124
341.871 0.838
342.592 0.721
343.278 0.686
344.017 0.739
345.099 1.082
345.991 0.892
346.832 0.841
347.491 0.659
348.123 0.632
348.759 0.636
349.44 0.681
350.118 0.678
350.961 0.843
351.948 0.987
352.918 0.97
353.65 0.732
354.42 0.77
355.282 0.862
356.006 0.724
356.68 0.674
357.68 1.0
358.496 0.816
359.212 0.716
360.031 0.819
360.693 0.662
361.522 0.829
362.232 0.71
363.033 0.801
363.703 0.67
364.699 0.996
365.539 0.84
366.456 0.917
367.407 0.951
368.284 0.877
369.266 0.982
370.24 0.974
371.094 0.854
371.989 0.895
372.931 0.942
373.747 0.816
374.415 0.668
375.029 0.614
375.635 0.606
376.793 1.158
377.919 1.126
378.99 1.071
380.018 1.028
381.02 1.002
382.011 0.991
382.927 0.916
383.864 0.937
384.574 0.71
385.253 0.679
386.21 0.957
387.197 0.987
388.089 0.892
389.015 0.926
389.887 0.872
390.591 0.704
391.34 0.749
392.356 1.016
393.12 0.764
393.989 0.869
394.797 0.808
395.502 0.705
396.3 0.798
396.942 0.642
397.74 0.798
398.526 0.786
399.365 0.839
400.068 0.703
400.736 0.668
401.422 0.686
402.088 0.666
402.704 0.616
403.306 0.602
403.917 0.611
404.531 0.614
405.137 0.606
405.829 0.692
406.497 0.668
407.383 0.886
408.22 0.837
408.947 0.727
409.655 0.708
410.413 0.758
411.426 1.013
412.291 0.865
413.023 0.732
413.853 0.83
414.731 0.878
415.435 0.704
416.316 0.881
417.231 0.915
418.022 0.791
418.677 0.655
419.283 0.606
419.901 0.618
420.542 0.641
421.211 0.669
421.893 0.682
422.701 0.808
423.635 0.934
424.561 0.926
425.342 0.781
425.989 0.647
426.668 0.679
427.658 0.99
428.438 0.78
429.275 0.837
430.188 0.913
431.009 0.821
431.857 0.848
432.756 0.899
433.653 0.897
434.465 0.812
435.354 0.889
436.24 0.886
437.127 0.887
438.103 0.976
439.0 0.897
439.885 0.885
440.808 0.923
441.692 0.884
442.511 0.819
443.403 0.892
444.276 0.873
445.018 0.742
445.702 0.684
446.512 0.81
447.526 1.014
448.48 0.954
449.349 0.869
450.123 0.774
450.764 0.641
451.378 0.614
451.983 0.605
452.595 0.612
453.294 0.699
454.418 1.124
455.46 1.042
456.367 0.907
457.387 1.02
458.347 0.96
459.301 0.954
460.089 0.788
460.829 0.74
461.732 0.903
462.415 0.683
463.44 1.025
464.429 0.989
465.19 0.761
465.927 0.737
466.762 0.835
467.454 0.692
468.553 1.099
469.645 1.092
470.589 0.944
471.649 1.06
472.623 0.974
473.565 0.942
474.501 0.936
475.254 0.753
476.084 0.83
476.732 0.648
477.35 0.618
477.971 0.621
478.62 0.649
479.268 0.648
479.871 0.603
480.441 0.57
481.027 0.586
481.606 0.579
482.167 0.561
482.738 0.571
483.314 0.576
483.887 0.573
484.479 0.592
485.1 0.621
485.765 0.665
486.569 0.804
487.27 0.701
487.984 0.714
488.676 0.692
489.328 0.652
489.962 0.634
490.655 0.693
491.51 0.855
492.443 0.933
493.262 0.819
493.975 0.713
494.632 0.657
495.462 0.83
496.302 0.84
497.078 0.776
497.75 0.672
498.82 1.07
499.846 1.026
500.74 0.894
501.546 0.806
502.319 0.773
503.343 1.024
504.189 0.846
505.019 0.83
505.803 0.784
506.474 0.671
507.113 0.639
508.107 0.994
508.956 0.849
509.771 0.815
510.744 0.973
511.549 0.805
512.403 0.854
513.334 0.931
514.292 0.958
515.093 0.801
515.869 0.776
516.578 0.709
517.567 0.989
518.41 0.843
519.374 0.964
520.283 0.909
521.247 0.964
522.247 1.0
523.189 0.942
524.106 0.917
525.077 0.971
525.901 0.824
526.577 0.676
527.314 0.737
528.018 0.704
528.692 0.674
529.779 1.087
530.796 1.017
531.656 0.86
532.622 0.966
533.525 0.903
534.417 0.892
535.341 0.924
536.163 0.822
537.044 0.881
537.99 0.946
538.884 0.894
539.809 0.925
540.757 0.948
541.647 0.89
542.585 0.938
543.552 0.967
544.376 0.824
545.263 0.887
546.065 0.802
546.718 0.653
547.385 0.667
548.048 0.663
549.116 1.068
550.04 0.924
550.963 0.923
551.953 0.99
552.867 0.914
553.583 0.716
554.24 0.657
554.94 0.7
555.853 0.913
556.535 0.682
557.368 0.833
558.014 0.646
558.627 0.613
559.273 0.646
559.894 0.621
560.501 0.607
561.131 0.63
561.719 0.588
562.306 0.587
562.898 0.592
563.484 0.586
564.053 0.569
564.63 0.577
565.217 0.587
565.821 0.604
566.453 0.632
567.118 0.665
567.771 0.653
568.42 0.649
569.047 0.627
569.654 0.607
570.252 0.598
570.874 0.622
571.614 0.74
572.276 0.662
572.951 0.675
573.596 0.645
574.25 0.654
574.946 0.696
575.942 0.996
576.837 0.895
577.669 0.832
578.408 0.739
579.096 0.688
579.886 0.79
580.666 0.78
581.312 0.646
582.019 0.707
582.869 0.85
583.865 0.996
584.702 0.837
585.587 0.885
586.473 0.886
587.195 0.722
587.856 0.661
588.582 0.726
589.627 1.045
590.503 0.876
591.325 0.822
592.058 0.733
592.964 0.906
593.627 0.663
594.303 0.676
594.948 0.645
595.627 0.679
596.713 1.086
597.608 0.895
598.363 0.755
599.205 0.842
600.142 0.937
600.817 0.675
601.538 0.721
602.597 1.059
603.562 0.965
604.426 0.864
605.278 0.852
606.113 0.835
606.963 0.85
607.683 0.72
608.35 0.667
609.178 0.828
610.244 1.066
611.103 0.859
611.951 0.848
613.044 1.093
614.017 0.973
614.768 0.751
615.739 0.971
616.679 0.94
617.362 0.683
618.029 0.667
618.702 0.673
619.837 1.135
620.938 1.101
621.894 0.956
622.892 0.998