0.000 0.605
0.605 0.605
1.197 0.592
1.809 0.612
2.422 0.613
3.104 0.682
3.787 0.683
4.629 0.842
5.368 0.739
6.13 0.762
6.974 0.844
7.862 0.888
8.641 0.779
9.352 0.711
10.021 0.669
10.678 0.657
11.367 0.689
12.116 0.749
12.855 0.739
13.522 0.667
14.183 0.661
14.918 0.735
15.586 0.668
16.239 0.653
16.949 0.71
17.69 0.741
18.419 0.729
19.113 0.694
19.917 0.804
20.752 0.835
21.621 0.869
22.452 0.831
23.157 0.705
23.932 0.775
24.651 0.719
25.457 0.806
26.298 0.841
27.02 0.722
27.723 0.703
28.489 0.766
29.189 0.7
29.859 0.67
30.512 0.653
31.134 0.622
31.886 0.752
32.596 0.71
32.985 0.389
33.265 0.28
33.919 0.654
34.644 0.725
35.322 0.678
36.061 0.739
36.784 0.723
37.442 0.658
38.12 0.678
38.884 0.764
39.672 0.788
40.421 0.749
41.148 0.727
41.805 0.657
42.453 0.648
43.141 0.688
43.927 0.786
44.656 0.729
45.411 0.755
46.21 0.799
46.956 0.746
47.619 0.663
48.26 0.641
48.883 0.623
49.475 0.592
50.044 0.569
50.609 0.565
51.167 0.558
51.719 0.552
52.292 0.573
52.958 0.666
53.706 0.748
54.475 0.769
55.205 0.73
55.944 0.739
56.705 0.761
57.421 0.716
58.069 0.648
58.676 0.607
59.259 0.583
59.836 0.577
60.425 0.589
61.069 0.644
61.777 0.708
62.508 0.731
63.253 0.745
63.964 0.711
64.647 0.683
65.475 0.828
66.239 0.764
66.988 0.749
67.78 0.792
68.608 0.828
69.329 0.721
70.048 0.719
70.81 0.762
71.624 0.814
72.424 0.8
73.137 0.713
73.834 0.697
74.578 0.744
75.326 0.748
76.063 0.737
76.808 0.745
77.539 0.731
78.195 0.656
78.84 0.645
79.491 0.651
80.132 0.641
80.747 0.615
81.339 0.592
81.923 0.584
82.505 0.582
83.192 0.687
83.957 0.765
84.694 0.737
85.493 0.799
86.342 0.849
87.17 0.828
87.964 0.794
88.681 0.717
89.341 0.66
89.993 0.652
90.719 0.726
91.504 0.785
92.199 0.695
92.901 0.702
93.632 0.731
94.411 0.779
95.131 0.72
95.803 0.672
96.476 0.673
97.21 0.734
98.059 0.849
98.887 0.828
99.618 0.731
100.347 0.729
101.14 0.793
101.862 0.722
102.566 0.704
103.234 0.668
103.905 0.671
104.555 0.65
105.181 0.626
105.782 0.601
106.378 0.596
106.967 0.589
107.573 0.606
108.19 0.617
108.793 0.603
109.384 0.591
110.003 0.619
110.689 0.686
111.416 0.727
112.192 0.776
112.941 0.749
113.712 0.771
114.507 0.795
115.264 0.757
115.953 0.689
116.613 0.66
117.275 0.662
118.001 0.726
118.738 0.737
119.501 0.763
120.205 0.704
120.864 0.659
121.52 0.656
122.19 0.67
122.865 0.675
123.579 0.714
124.328 0.749
125.045 0.717
125.804 0.759
126.642 0.838
127.409 0.767
128.097 0.688
128.811 0.714
129.568 0.757
130.258 0.69
130.933 0.675
131.631 0.698
132.368 0.737
133.172 0.804
134.057 0.885
134.919 0.862
135.753 0.834
136.517 0.764
137.214 0.697
137.869 0.655
138.518 0.649
139.128 0.61
139.736 0.608
140.338 0.602
140.997 0.659
141.714 0.717
142.42 0.706
143.166 0.746
143.894 0.728
144.577 0.683
145.214 0.637
145.827 0.613
146.423 0.596
147.001 0.578
147.592 0.591
148.311 0.719
149.148 0.837
149.99 0.842
150.858 0.868
151.736 0.878
152.527 0.791
153.276 0.749
154.094 0.818
154.885 0.791
155.688 0.803
156.523 0.835
157.319 0.796
158.149 0.83
158.942 0.793
159.753 0.811
160.48 0.727
161.25 0.77
162.054 0.804
162.819 0.765
163.673 0.854
164.538 0.865
165.285 0.747
166.078 0.793
166.933 0.855
167.727 0.794
168.532 0.805
169.436 0.904
170.303 0.867
171.02 0.717
171.76 0.74
172.556 0.796
173.358 0.802
174.127 0.769
174.971 0.844
175.868 0.897
176.746 0.878
177.576 0.83
178.386 0.81
179.089 0.703
179.724 0.635
180.34 0.616
180.995 0.655
181.782 0.787
182.445 0.663
183.145 0.7
183.99 0.845
184.833 0.843
185.606 0.773
186.458 0.852
187.335 0.877
188.196 0.861
188.998 0.802
189.864 0.866
190.724 0.86
191.531 0.807
192.358 0.827
193.192 0.834
193.972 0.78
194.671 0.699
195.418 0.747
196.208 0.79
196.968 0.76
197.721 0.753
198.556 0.835
199.371 0.815
200.092 0.721
200.805 0.713
201.576 0.771
202.332 0.756
203.077 0.745
203.912 0.835
204.789 0.877
205.575 0.786
206.304 0.729
207.062 0.758
207.85 0.788
208.569 0.719
209.326 0.757
210.09 0.764
210.81 0.72
211.5 0.69
212.289 0.789
213.117 0.828
213.881 0.764
214.661 0.78
215.474 0.813
216.259 0.785
216.967 0.708
217.761 0.794
218.523 0.762
219.308 0.785
220.113 0.805
220.921 0.808
221.644 0.723
222.325 0.681
223.053 0.728
223.83 0.777
224.565 0.735
225.268 0.703
225.99 0.722
226.697 0.707
227.355 0.658
228.042 0.687
228.791 0.749
229.515 0.724
230.216 0.701
230.938 0.722
231.612 0.674
232.259 0.647
232.896 0.637
233.517 0.621
234.128 0.611
234.772 0.644
235.596 0.824
236.431 0.835
237.225 0.794
237.985 0.76
238.805 0.82
239.611 0.806
240.394 0.783
241.14 0.746
241.876 0.736
242.637 0.761
243.408 0.771
244.13 0.722
244.884 0.754
245.701 0.817
246.446 0.745
247.153 0.707
247.916 0.763
248.75 0.834
249.557 0.807
250.301 0.744
251.129 0.828
251.985 0.856
252.816 0.831
253.586 0.77
254.406 0.82
255.279 0.873
256.12 0.841
256.868 0.748
257.602 0.734
258.377 0.775
259.194 0.817
260.018 0.824
260.785 0.767
261.516 0.731
262.293 0.777
263.039 0.746
263.728 0.689
264.393 0.665
265.102 0.709
265.912 0.81
266.716 0.804
267.545 0.829
268.287 0.742
269.036 0.749
269.809 0.773
270.535 0.726
271.212 0.677
271.857 0.645
272.479 0.622
273.087 0.608
273.686 0.599
274.313 0.627
275.022 0.709
275.767 0.745
276.452 0.685
277.136 0.684
277.797 0.661
278.435 0.638
279.058 0.623
279.66 0.602
280.262 0.602
280.858 0.596
281.467 0.609
282.099 0.632
282.804 0.705
283.563 0.759
284.321 0.758
285.092 0.771
285.879 0.787
286.638 0.759
287.43 0.792
288.246 0.816
289.016 0.77
289.759 0.743
290.564 0.805
291.359 0.795
292.127 0.768
292.908 0.781
293.719 0.811
294.461 0.742
295.12 0.659
295.759 0.639
296.388 0.629
297.268 0.88
298.127 0.859
299.015 0.888
299.946 0.931
300.89 0.944
301.805 0.915
302.694 0.889
303.485 0.791
304.229 0.744
304.997 0.768
305.772 0.775
306.537 0.765
307.305 0.768
308.035 0.73
308.761 0.726
309.547 0.786
310.382 0.835
311.224 0.842
312.032 0.808
312.914 0.882
313.681 0.767
314.421 0.74
315.158 0.737
315.989 0.831
316.777 0.788
317.495 0.718
318.18 0.685
318.825 0.645
319.442 0.617
320.035 0.593
320.611 0.576
321.184 0.573
321.756 0.572
322.353 0.597
322.988 0.635
323.614 0.626
324.219 0.605
324.814 0.595
325.411 0.597
326.079 0.668
326.939 0.86
327.781 0.842
328.598 0.817
329.383 0.785
330.119 0.736
330.861 0.742
331.561 0.7
332.214 0.653
332.845 0.631
333.455 0.61
334.049 0.594
334.633 0.584
335.223 0.59
335.814 0.591
336.409 0.595
336.993 0.584
337.577 0.584
338.182 0.605
338.84 0.658
339.534 0.694
340.214 0.68
340.894 0.68
341.552 0.658
342.217 0.665
342.842 0.625
343.488 0.646
344.147 0.659
344.803 0.656
345.452 0.649
346.099 0.647
346.753 0.654
347.392 0.639
348.041 0.649
348.668 0.627
349.285 0.617
349.884 0.599
350.489 0.605
351.135 0.646
351.79 0.655
352.406 0.616
353.016 0.61
353.604 0.588
354.193 0.589
354.776 0.583
355.347 0.571
355.955 0.608
356.696 0.741
357.389 0.693
358.056 0.667
358.792 0.736
359.601 0.809
360.383 0.782
361.109 0.726
361.787 0.678
362.457 0.67
363.092 0.635
363.717 0.625
364.336 0.619
364.948 0.612
365.542 0.594
366.15 0.608
366.797 0.647
367.468 0.671
368.096 0.628
368.721 0.625
369.367 0.646
370.018 0.651
370.68 0.662
371.312 0.632
371.911 0.599
372.483 0.572
373.045 0.562
373.604 0.559
374.154 0.55
374.695 0.541
375.248 0.553
375.843 0.595
376.423 0.58
376.993 0.57
377.547 0.554
378.101 0.554
378.65 0.549
379.2 0.55
379.756 0.556
380.339 0.583
380.941 0.602
381.571 0.63
382.22 0.649
382.848 0.628
383.519 0.671
384.188 0.669
384.837 0.649
385.491 0.654
386.14 0.649
386.757 0.617
387.366 0.609
388.016 0.65
388.808 0.792
389.578 0.77
390.361 0.783
391.119 0.758
391.912 0.793
392.696 0.784
393.501 0.805
394.244 0.743
394.927 0.683
395.609 0.682
396.374 0.765
397.171 0.797
397.92 0.749
398.617 0.697
399.279 0.662
399.923 0.644
400.587 0.664
401.257 0.67
401.919 0.662
402.682 0.763
403.429 0.747
404.153 0.724
404.945 0.792
405.788 0.843
406.541 0.753
407.251 0.71
408.004 0.753
408.857 0.853
409.674 0.817
410.503 0.829
411.24 0.737
411.982 0.742
412.798 0.816
413.503 0.705
414.188 0.685
414.98 0.792
415.765 0.785
416.558 0.793
417.323 0.765
418.013 0.69
418.684 0.671
419.407 0.723
420.07 0.663
420.722 0.652
421.342 0.62
421.947 0.605
422.539 0.592
423.134 0.595
423.84 0.706
424.604 0.764
425.387 0.783
426.188 0.801
426.98 0.792
427.763 0.783
428.564 0.801
429.305 0.741
430.1 0.795
430.919 0.819
431.719 0.8
432.52 0.801
433.357 0.837
434.251 0.894
435.055 0.804
435.894 0.839
436.779 0.885
437.583 0.804
438.382 0.799
439.185 0.803
440.014 0.829
440.745 0.731
441.543 0.798
442.332 0.789
443.081 0.749
443.857 0.776
444.728 0.871
445.588 0.86
446.371 0.783
447.174 0.803
447.942 0.768
448.63 0.688
449.3 0.67
450.003 0.703
450.7 0.697
451.361 0.661
452.033 0.672
452.669 0.636
453.284 0.615
453.883 0.599
454.661 0.778
455.467 0.806
456.256 0.789
457.064 0.808
457.917 0.853
458.757 0.84
459.592 0.835
460.402 0.81
461.154 0.752
461.842 0.688
462.501 0.659
463.145 0.644
463.763 0.618
464.383 0.62
465.087 0.704
465.833 0.746
466.515 0.682
467.246 0.731
468.029 0.783
468.841 0.812
469.604 0.763
470.372 0.768
471.225 0.853
472.082 0.857
472.862 0.78
473.657 0.795
474.504 0.847
475.367 0.863
476.201 0.834
477.072 0.871
477.979 0.907
478.76 0.781
479.521 0.761
480.276 0.755
481.042 0.766
481.753 0.711
482.428 0.675
483.086 0.658
483.713 0.627
484.329 0.616
484.953 0.624
485.581 0.628
486.244 0.663
486.877 0.633
487.533 0.656
488.253 0.72
488.988 0.735
489.7 0.712
490.397 0.697
491.08 0.683
491.728 0.648
492.361 0.633
493.0 0.639
493.686 0.686
494.362 0.676
495.024 0.662
495.763 0.739
496.574 0.811
497.375 0.801
498.123 0.748
498.929 0.806
499.652 0.723
500.321 0.669
500.963 0.642
501.611 0.648
502.274 0.663
502.966 0.692
503.625 0.659
504.282 0.657
505.07 0.788
505.928 0.858
506.697 0.769
507.49 0.793
508.359 0.869
509.235 0.876
510.018 0.783
510.732 0.714
511.399 0.667
512.054 0.655
512.69 0.636
513.405 0.715
514.243 0.838
515.016 0.773
515.909 0.893
516.832 0.923
517.772 0.94
518.621 0.849
519.53 0.909
520.471 0.941
521.312 0.841
522.115 0.803
522.954 0.839
523.836 0.882
524.637 0.801
525.492 0.855
526.391 0.899
527.275 0.884
528.102 0.827
528.964 0.862
529.765 0.801
530.507 0.742
531.21 0.703
531.881 0.671
532.525 0.644
533.149 0.624
533.764 0.615
534.423 0.659
535.264 0.841
536.111 0.847
536.964 0.853
537.805 0.841
538.677 0.872
539.558 0.881
540.392 0.834
541.236 0.844
542.111 0.875
542.994 0.883
543.823 0.829
544.626 0.803
545.463 0.837
546.343 0.88
547.243 0.9
548.175 0.932
549.091 0.916
549.946 0.855
550.688 0.742
551.421 0.733
552.157 0.736
552.939 0.782
553.721 0.782
554.564 0.843
555.341 0.777
556.059 0.718
556.735 0.676
557.406 0.671
558.049 0.643
558.732 0.683
559.479 0.747
560.274 0.795
561.013 0.739
561.687 0.674
562.359 0.672
563.049 0.69
563.717 0.668
564.363 0.646
565.021 0.658
565.717 0.696
566.392 0.675
567.089 0.697
567.768 0.679
568.441 0.673
569.08 0.639
569.711 0.631
570.384 0.673
571.073 0.689
571.76 0.687
572.457 0.697
573.136 0.679
573.798 0.662
574.448 0.65
575.059 0.611
575.664 0.605
576.246 0.582
576.832 0.586
577.417 0.585
577.985 0.568
578.552 0.567
579.133 0.581
579.746 0.613
580.351 0.605
580.944 0.593
581.552 0.608
582.22 0.668
582.929 0.709
583.579 0.65
584.223 0.644
584.909 0.686
585.608 0.699
586.293 0.685
586.979 0.686
587.714 0.735
588.457 0.743
589.167 0.71
589.865 0.698
590.606 0.741
591.335 0.729
592.039 0.704
592.778 0.739
593.532 0.754
594.245 0.713
594.98 0.735
595.728 0.748
596.443 0.715
597.093 0.65
597.748 0.655
598.429 0.681
599.117 0.688
599.751 0.634