0.000 1.803
1.803 1.803
2.411 0.608
3.005 0.594
3.614 0.609
4.211 0.597
4.803 0.592
5.428 0.625
6.109 0.681
6.754 0.645
7.383 0.629
8.042 0.659
8.722 0.68
9.366 0.644
9.985 0.619
10.636 0.651
11.366 0.73
12.039 0.673
12.694 0.655
13.425 0.731
14.202 0.777
14.917 0.715
15.642 0.725
16.34 0.698
16.988 0.648
17.628 0.64
18.299 0.671
18.955 0.656
19.594 0.639
20.284 0.69
21.024 0.74
21.718 0.694
22.407 0.689
23.173 0.766
23.926 0.753
24.61 0.684
25.344 0.734
26.112 0.768
26.831 0.719
27.502 0.671
28.237 0.735
28.962 0.725
29.623 0.661
30.354 0.731
31.153 0.799
31.911 0.758
32.712 0.801
33.495 0.783
34.242 0.747
34.915 0.673
35.589 0.674
36.323 0.734
37.07 0.747
37.765 0.695
38.516 0.751
39.229 0.713
39.913 0.684
40.588 0.675
41.328 0.74
42.083 0.755
42.773 0.69
43.501 0.728
44.234 0.733
44.925 0.691
45.602 0.677
46.304 0.702
47.005 0.701
47.693 0.688
48.426 0.733
49.173 0.747
49.887 0.714
50.563 0.676
51.266 0.703
52.008 0.742
52.783 0.775
53.488 0.705
54.205 0.717
54.931 0.726
55.676 0.745
56.386 0.71
57.104 0.718
57.84 0.736
58.576 0.736
59.267 0.691
59.966 0.699
60.673 0.707
61.358 0.685
62.023 0.665
62.725 0.702
63.451 0.726
64.137 0.686
64.807 0.67
65.495 0.688
66.164 0.669
66.807 0.643
67.451 0.644
68.114 0.663
68.757 0.643
69.424 0.667
70.11 0.686
70.785 0.675
71.455 0.67
72.151 0.696
72.833 0.682
73.476 0.643
74.128 0.652
74.783 0.655
75.444 0.661
76.09 0.646
76.766 0.676
77.473 0.707
78.142 0.669
78.814 0.672
79.467 0.653
80.108 0.641
80.743 0.635
81.352 0.609
81.955 0.603
82.556 0.601
83.153 0.597
83.738 0.585
84.316 0.578
84.903 0.587
85.527 0.624
86.209 0.682
86.886 0.677
87.551 0.665
88.241 0.69
88.957 0.716
89.646 0.689
90.329 0.683
91.022 0.693
91.689 0.667
92.334 0.645
92.947 0.613
93.54 0.593
94.114 0.574
94.677 0.563
95.24 0.563
95.83 0.59
96.437 0.607
97.05 0.613
97.701 0.651
98.368 0.667
99.083 0.715
99.767 0.684
100.43 0.663
101.083 0.653
101.712 0.629
102.346 0.634
102.957 0.611
103.561 0.604
104.161 0.6
104.749 0.588
105.334 0.585
105.906 0.572
106.473 0.567
107.033 0.56
107.585 0.552
108.129 0.544
108.666 0.537
109.2 0.534
109.746 0.546
110.308 0.562
110.873 0.565
111.437 0.564
111.992 0.555
112.538 0.546
113.091 0.553
113.636 0.545
114.183 0.547
114.746 0.563
115.338 0.592
115.917 0.579
116.508 0.591
117.135 0.627
117.758 0.623
118.373 0.615
118.98 0.607
119.643 0.663
120.318 0.675
120.974 0.656
121.626 0.652
122.253 0.627
122.863 0.61
123.487 0.624
124.109 0.622
124.718 0.609
125.316 0.598
125.896 0.58
126.477 0.581
127.066 0.589
127.677 0.611
128.275 0.598
128.862 0.587
129.487 0.625
130.109 0.622
130.706 0.597
131.303 0.597
131.888 0.585
132.467 0.579
133.044 0.577
133.614 0.57
134.183 0.569
134.747 0.564
135.301 0.554
135.849 0.548
136.393 0.544
136.935 0.542
137.476 0.541
138.01 0.534
138.549 0.539
139.093 0.544
139.631 0.538
140.176 0.545
140.742 0.566
141.323 0.581
141.893 0.57
142.489 0.596
143.125 0.636
143.736 0.611
144.347 0.611
144.993 0.646
145.664 0.671
146.305 0.641
146.927 0.622
147.573 0.646
148.28 0.707
148.98 0.7
149.641 0.661
150.275 0.634
150.896 0.621
151.497 0.601
152.096 0.599
152.703 0.607
153.3 0.597
153.904 0.604
154.581 0.677
155.301 0.72
156.0 0.699
156.719 0.719
157.461 0.742
158.223 0.762
158.916 0.693
159.634 0.718
160.379 0.745
161.097 0.718
161.785 0.688
162.529 0.744
163.232 0.703
163.923 0.691
164.587 0.664
165.283 0.696
166.022 0.739
166.707 0.685
167.448 0.741
168.181 0.733
168.864 0.683
169.544 0.68
170.247 0.703
170.99 0.743
171.664 0.674
172.375 0.711
173.089 0.714
173.802 0.713
174.507 0.705
175.227 0.72
176.023 0.796
176.786 0.763
177.481 0.695
178.118 0.637
178.737 0.619
179.335 0.598
179.907 0.572
180.469 0.562
181.033 0.564
181.611 0.578
182.229 0.618
182.874 0.645
183.502 0.628
184.16 0.658
184.845 0.685
185.507 0.662
186.145 0.638
186.778 0.633
187.405 0.627
188.026 0.621
188.631 0.605
189.221 0.59
189.805 0.584
190.38 0.575
190.952 0.572
191.542 0.59
192.174 0.632
192.832 0.658
193.542 0.71
194.242 0.7
194.939 0.697
195.615 0.676
196.251 0.636
196.881 0.63
197.538 0.657
198.195 0.657
198.845 0.65
199.478 0.633
200.115 0.637
200.818 0.703
201.506 0.688
202.168 0.662
202.855 0.687
203.553 0.698
204.201 0.648
204.836 0.635
205.462 0.626
206.063 0.601
206.648 0.585
207.221 0.573
207.795 0.574
208.382 0.587
208.954 0.572
209.537 0.583
210.149 0.612
210.784 0.635
211.428 0.644
212.077 0.649
212.759 0.682
213.461 0.702
214.207 0.746
214.909 0.702
215.562 0.653
216.204 0.642
216.863 0.659
217.621 0.758
218.391 0.77
219.127 0.736
219.875 0.748
220.616 0.741
221.342 0.726
222.104 0.762
222.851 0.747
223.59 0.739
224.342 0.752
225.108 0.766
225.8 0.692
226.453 0.653
227.129 0.676
227.829 0.7
228.494 0.665
229.17 0.676
229.9 0.73
230.598 0.698
231.342 0.744
232.116 0.774
232.854 0.738
233.587 0.733
234.315 0.728
235.001 0.686
235.69 0.689
236.409 0.719
237.104 0.695
237.807 0.703
238.532 0.725
239.248 0.716
239.941 0.693
240.69 0.749
241.434 0.744
242.142 0.708
242.836 0.694
243.574 0.738
244.292 0.718
244.957 0.665
245.612 0.655
246.254 0.642
246.895 0.641
247.539 0.644
248.192 0.653
248.835 0.643
249.493 0.658
250.176 0.683
250.832 0.656
251.497 0.665
252.16 0.663
252.807 0.647
253.443 0.636
254.047 0.604
254.629 0.582
255.204 0.575
255.769 0.565
256.338 0.569
256.904 0.566
257.46 0.556
258.019 0.559
258.594 0.575
259.192 0.598
259.797 0.605
260.411 0.614
261.057 0.646
261.727 0.67
262.411 0.684
263.115 0.704
263.844 0.729
264.556 0.712
265.252 0.696
265.966 0.714
266.693 0.727
267.408 0.715
268.077 0.669
268.72 0.643
269.336 0.616
270.045 0.709
270.919 0.874
271.726 0.807
272.521 0.795
273.295 0.774
274.034 0.739
274.725 0.691
275.401 0.676
276.067 0.666
276.746 0.679
277.452 0.706
278.204 0.752
278.97 0.766
279.725 0.755
280.442 0.717
281.113 0.671
281.756 0.643
282.412 0.656
283.118 0.706
283.802 0.684
284.463 0.661
285.145 0.682
285.825 0.68
286.489 0.664
287.151 0.662
287.862 0.711
288.605 0.743
289.312 0.707
290.001 0.689
290.66 0.659
291.358 0.698
292.133 0.775
292.92 0.787
293.679 0.759
294.405 0.726
295.149 0.744
295.855 0.706
296.548 0.693
297.261 0.713
297.977 0.716
298.696 0.719
299.446 0.75
300.179 0.733
300.875 0.696
301.553 0.678
302.208 0.655
302.832 0.624
303.461 0.629
304.088 0.627
304.725 0.637
305.339 0.614
305.942 0.603
306.562 0.62
307.218 0.656
307.869 0.651
308.507 0.638
309.151 0.644
309.86 0.709
310.609 0.749
311.306 0.697
312.001 0.695
312.714 0.713
313.42 0.706
314.13 0.71
314.8 0.67
315.446 0.646
316.064 0.618
316.672 0.608
317.27 0.598
317.884 0.614
318.503 0.619
319.131 0.628
319.761 0.63
320.367 0.606
320.963 0.596
321.573 0.61
322.229 0.656
322.867 0.638
323.494 0.627
324.164 0.67
324.87 0.706
325.625 0.755
326.319 0.694
326.988 0.669
327.641 0.653
328.301 0.66
329.0 0.699
329.704 0.704
330.407 0.703
331.122 0.715
331.806 0.684
332.459 0.653
333.104 0.645
333.754 0.65
334.409 0.655
335.09 0.681
335.791 0.701
336.507 0.716
337.198 0.691
337.888 0.69
338.606 0.718
339.289 0.683
339.957 0.668
340.626 0.669
341.286 0.66
341.939 0.653
342.636 0.697
343.319 0.683
343.978 0.659
344.675 0.697
345.377 0.702
346.071 0.694
346.754 0.683
347.445 0.691
348.095 0.65
348.735 0.64
349.373 0.638
350.042 0.669
350.724 0.682
351.407 0.683
352.084 0.677
352.747 0.663
353.403 0.656
354.057 0.654
354.721 0.664
355.381 0.66
356.012 0.631
356.633 0.621
357.251 0.618
357.886 0.635
358.51 0.624
359.127 0.617
359.773 0.646
360.414 0.641
361.059 0.645
361.768 0.709
362.495 0.727
363.195 0.7
363.887 0.692
364.612 0.725
365.352 0.74
366.083 0.731
366.789 0.706
367.517 0.728
368.248 0.731
368.942 0.694
369.662 0.72
370.406 0.744
371.139 0.733
371.836 0.697
372.532 0.696
373.26 0.728
373.984 0.724
374.672 0.688
375.315 0.643
375.947 0.632
376.581 0.634
377.237 0.656
377.887 0.65
378.527 0.64
379.199 0.672
379.94 0.741
380.704 0.764
381.441 0.737
382.209 0.768
383.004 0.795
383.729 0.725
384.414 0.685
385.087 0.673
385.769 0.682
386.43 0.661
387.072 0.642
387.755 0.683
388.482 0.727
389.208 0.726
389.895 0.687
390.609 0.714
391.337 0.728
392.066 0.729
392.776 0.71
393.492 0.716
394.208 0.716
394.898 0.69
395.583 0.685
396.326 0.743
397.081 0.755
397.838 0.757
398.57 0.732
399.32 0.75
400.042 0.722
400.754 0.712
401.484 0.73
402.211 0.727
402.922 0.711
403.604 0.682
404.301 0.697
405.012 0.711
405.742 0.73
406.438 0.696
407.149 0.711
407.886 0.737
408.648 0.762
409.371 0.723
410.121 0.75
410.887 0.766
411.642 0.755
412.34 0.698
413.073 0.733
413.815 0.742
414.564 0.749
415.27 0.706
416.0 0.73
416.724 0.724
417.416 0.692
418.11 0.694
418.859 0.749
419.591 0.732
420.318 0.727
421.032 0.714
421.741 0.709
422.418 0.677
423.084 0.666
423.716 0.632
424.324 0.608
424.917 0.593
425.499 0.582
426.071 0.572
426.654 0.583
427.251 0.597
427.89 0.639
428.571 0.681
429.247 0.676
429.908 0.661
430.601 0.693
431.285 0.684
431.947 0.662
432.583 0.636
433.189 0.606
433.78 0.591
434.36 0.58
434.923 0.563
435.472 0.549
436.022 0.55
436.593 0.571
437.177 0.584
437.754 0.577
438.359 0.605
438.961 0.602
439.57 0.609
440.217 0.647
440.868 0.651
441.522 0.654
442.232 0.71
442.953 0.721
443.678 0.725
444.369 0.691
445.044 0.675
445.687 0.643
446.308 0.621
446.903 0.595
447.477 0.574
448.037 0.56
448.578 0.541
449.114 0.536
449.647 0.533
450.189 0.542
450.761 0.572
451.353 0.592
451.928 0.575
452.499 0.571
453.062 0.563
453.628 0.566
454.216 0.588
454.807 0.591
455.38 0.573
455.945 0.565
456.508 0.563
457.068 0.56
457.642 0.574
458.245 0.603
458.864 0.619
459.482 0.618
460.113 0.631
460.747 0.634
461.433 0.686
462.12 0.687
462.795 0.675
463.473 0.678
464.14 0.667
464.822 0.682
465.479 0.657
466.134 0.655
466.823 0.689
467.518 0.695
468.213 0.695
468.899 0.686
469.586 0.687
470.301 0.715
471.011 0.71
471.702 0.691
472.406 0.704
473.11 0.704
473.789 0.679
474.44 0.651
475.104 0.664
475.769 0.665
476.417 0.648
477.043 0.626
477.683 0.64
478.424 0.741
479.149 0.725
479.851 0.702
480.577 0.726
481.342 0.765
482.083 0.741
482.77 0.687
483.458 0.688
484.153 0.695
484.852 0.699
485.555 0.703
486.313 0.758
487.052 0.739
487.756 0.704
488.488 0.732
489.279 0.791
490.055 0.776
490.783 0.728
491.52 0.737
492.216 0.696
492.871 0.655
493.5 0.629
494.118 0.618
494.785 0.667
495.558 0.773
496.246 0.688
496.91 0.664
497.541 0.631
498.163 0.622
498.795 0.632
499.448 0.653
500.142 0.694
500.818 0.676
501.528 0.71
502.268 0.74
503.034 0.766
503.77 0.736
504.496 0.726
505.254 0.758
506.02 0.766
506.802 0.782
507.524 0.722
508.254 0.73
508.966 0.712
509.658 0.692
510.354 0.696
511.089 0.735
511.807 0.718
512.512 0.705
513.252 0.74
514.005 0.753
514.725 0.72
515.479 0.754
516.239 0.76
516.959 0.72
517.663 0.704
518.387 0.724
519.121 0.734
519.812 0.691
520.506 0.694
521.237 0.731
521.967 0.73
522.673 0.706
523.4 0.727
524.142 0.742
524.861 0.719
525.534 0.673
526.209 0.675
526.895 0.686
527.581 0.686
528.261 0.68
528.936 0.675
529.577 0.641
530.202 0.625
530.82 0.618
531.42 0.6
532.012 0.592
532.592 0.58
533.162 0.57
533.728 0.566
534.294 0.566
534.909 0.615
535.586 0.677
536.286 0.7
536.989 0.703
537.709 0.72
538.459 0.75
539.255 0.796
539.996 0.741
540.779 0.783
541.55 0.771
542.3 0.75
542.979 0.679
543.636 0.657
544.305 0.669
544.969 0.664
545.623 0.654
546.258 0.635
546.924 0.666
547.678 0.754
548.448 0.77
549.192 0.744
549.977 0.785
550.773 0.796
551.567 0.794
552.334 0.767
553.086 0.752
553.809 0.723
554.488 0.679
555.171 0.683
555.857 0.686
556.577 0.72
557.27 0.693
557.966 0.696
558.693 0.727
559.442 0.749
560.148 0.706
560.853 0.705
561.618 0.765
562.35 0.732
563.034 0.684
563.705 0.671
564.372 0.667
565.052 0.68
565.716 0.664
566.389 0.673
567.089 0.7
567.777 0.688
568.461 0.684
569.173 0.712
569.882 0.709
570.577 0.695
571.28 0.703
571.993 0.713
572.703 0.71
573.387 0.684
574.085 0.698
574.823 0.738
575.563 0.74
576.262 0.699
576.967 0.705
577.673 0.706
578.368 0.695
579.05 0.682
579.723 0.673
580.404 0.681
581.082 0.678
581.743 0.661
582.43 0.687
583.128 0.698
583.806 0.678
584.48 0.674
585.206 0.726
585.93 0.724
586.615 0.685
587.305 0.69
588.01 0.705
588.702 0.692
589.376 0.674
590.05 0.674
590.734 0.684
591.432 0.698
592.12 0.688
592.831 0.711
593.55 0.719
594.242 0.692
594.94 0.698
595.675 0.735
596.376 0.701
597.05 0.674
597.748 0.698
598.487 0.739
599.207 0.72
599.904 0.697
600.623 0.719
601.306 0.683
601.95 0.644
602.575 0.625
603.207 0.632
603.855 0.648
604.496 0.641
605.15 0.654
605.86 0.71
606.582 0.722
607.283 0.701
607.979 0.696
608.675 0.696
609.34 0.665
609.98 0.64
610.605 0.625
611.22 0.615
611.871 0.651
612.556 0.685
613.223 0.667
613.863 0.64
614.522 0.659
615.2 0.678
615.87 0.67
616.529 0.659
617.208 0.679
617.908 0.7
618.6 0.692
619.3 0.7
620.004 0.704
620.726 0.722
621.433 0.707
622.127 0.694
622.828 0.701
623.56 0.732
624.244 0.684
624.916 0.672
625.6 0.684
626.308 0.708
626.994 0.686
627.683 0.689
628.397 0.714
629.114 0.717
629.799 0.685
630.454 0.655
631.09 0.636
631.721 0.631
632.379 0.658
633.072 0.693
633.798 0.726
634.496 0.698
635.198 0.702
635.897 0.699
636.575 0.678
637.256 0.681
637.958 0.702
638.671 0.713
639.387 0.716
640.12 0.733
640.866 0.746
641.607 0.741
642.316 0.709
643.027 0.711
643.76 0.733
644.463 0.703
645.143 0.68
645.839 0.696
646.568 0.729
647.294 0.726
647.998 0.704
648.722 0.724
649.458 0.736
650.176 0.718
650.873 0.697
651.599 0.726
652.332 0.733
653.032 0.7
653.699 0.667
654.335 0.636
654.943 0.608
655.539 0.596
656.155 0.616
656.837 0.682
657.499 0.662
658.147 0.648
658.864 0.717
659.606 0.742
660.361 0.755
661.072 0.711
661.783 0.711
662.502 0.719
663.215 0.713
663.894 0.679
664.585 0.691
665.302 0.717
666.039 0.737
666.74 0.701
667.452 0.712
668.177 0.725
668.929 0.752
669.632 0.703
670.352 0.72
671.093 0.741
671.837 0.744
672.547 0.71
673.261 0.714
673.984 0.723
674.685 0.701
675.376 0.691
676.108 0.732
676.835 0.727
677.507 0.672
678.151 0.644
678.818 0.667
679.528 0.71
680.181 0.653
680.821 0.64
681.457 0.636
682.076 0.619
682.678 0.602
683.272 0.594
683.871 0.599
684.484 0.613
685.093 0.609
685.689 0.596
686.299 0.61
686.936 0.637
687.578 0.642
688.209 0.631
688.835 0.626
689.489 0.654
690.169 0.68
690.82 0.651
691.468 0.648
692.124 0.656
692.773 0.649
693.412 0.639
694.071 0.659
694.735 0.664
695.368 0.633
696.018 0.65
696.686 0.668
697.383 0.697
698.042 0.659
698.719 0.677
699.401 0.682
700.072 0.671
700.733 0.661
701.416 0.683
702.115 0.699
702.803 0.688
703.466 0.663
704.147 0.681
704.831 0.684
705.514 0.683
706.162 0.648
706.812 0.65
707.445 0.633
708.055 0.61
708.694 0.639
709.327 0.633
709.965 0.638
710.621 0.656
711.28 0.659
711.916 0.636
712.536 0.62
713.148 0.612
713.778 0.63
714.406 0.628
715.011 0.605
715.611 0.6
716.219 0.608
716.829 0.61
717.428 0.599
718.039 0.611
718.656 0.617