0.000 0.857
0.857 0.857
1.802 0.945
2.801 0.999
3.799 0.998
4.751 0.952
5.747 0.996
6.777 1.03
7.785 1.008
8.723 0.938
9.717 0.994
10.674 0.957
11.617 0.943
12.473 0.856
13.492 1.019
14.969 1.477
16.1 1.131
17.177 1.077
18.43 1.253
19.568 1.138
20.463 0.895
21.281 0.818
22.158 0.877
23.274 1.116
24.366 1.092
25.388 1.022
26.256 0.868
27.168 0.912
28.365 1.197
29.557 1.192
30.625 1.068
31.783 1.158
33.021 1.238
34.048 1.027
35.11 1.062
36.124 1.014
37.268 1.144
38.292 1.024
39.296 1.004
40.395 1.099
41.32 0.925
42.191 0.871
43.2 1.009
44.399 1.199
45.504 1.105
46.771 1.267
47.858 1.087
48.936 1.078
49.998 1.062
51.016 1.018
52.089 1.073
53.154 1.065
54.044 0.89
54.787 0.743
55.527 0.74
56.799 1.272
58.123 1.324
59.352 1.229
60.519 1.167
61.543 1.024
62.605 1.062
63.623 1.018
64.475 0.852
65.32 0.845
66.282 0.962
67.469 1.187
68.565 1.096
69.467 0.902
70.306 0.839
71.129 0.823
72.025 0.896
73.026 1.001
74.179 1.153
75.306 1.127
76.304 0.998
77.392 1.088
78.539 1.147
79.672 1.133
80.814 1.142
81.897 1.083
82.952 1.055
84.174 1.222
85.314 1.14
86.336 1.022
87.363 1.027
88.568 1.205
89.806 1.238
90.778 0.972
91.767 0.989
92.863 1.096
93.848 0.985
94.818 0.97
95.896 1.078
96.84 0.944
97.738 0.898
98.91 1.172
99.972 1.062
101.205 1.233
102.509 1.304
103.767 1.258
104.932 1.165
106.081 1.149
107.112 1.031
108.006 0.894
108.875 0.869
110.278 1.403
111.294 1.016
112.455 1.161
113.727 1.272
114.793 1.066
115.878 1.085
117.178 1.3
118.43 1.252
119.487 1.057
120.471 0.984
121.397 0.926
122.255 0.858
123.286 1.031
124.382 1.096
125.387 1.005
126.548 1.161
127.797 1.249
128.961 1.164
130.08 1.119
131.061 0.981
131.931 0.87
132.887 0.956
134.326 1.439
135.445 1.119
136.457 1.012
137.299 0.842
138.147 0.848
139.092 0.945
140.032 0.94
140.931 0.899
141.733 0.802
142.477 0.744
143.26 0.783
144.089 0.829
145.041 0.952
145.934 0.893
146.745 0.811
147.575 0.83
148.457 0.882
149.41 0.953
150.402 0.992
151.344 0.942
152.154 0.81
152.99 0.836
153.926 0.936
154.887 0.961
155.809 0.922
156.567 0.758
157.38 0.813
158.339 0.959
159.408 1.069
160.388 0.98
161.387 0.999
162.372 0.985
163.182 0.81
163.968 0.786
164.741 0.773
165.684 0.943
166.528 0.844
167.538 1.01
168.841 1.303
170.068 1.227
171.113 1.045
172.242 1.129
173.381 1.139
174.502 1.121
175.539 1.037
176.589 1.05
177.728 1.139
178.889 1.161
180.0 1.111
181.038 1.038
182.216 1.178
183.233 1.017
184.319 1.086
185.254 0.935
186.206 0.952
187.377 1.171
188.472 1.095
189.49 1.018
190.596 1.106
191.53 0.934
192.531 1.001
193.814 1.283
194.809 0.995
195.847 1.038
196.956 1.109
198.044 1.088
199.036 0.992
199.87 0.834
200.735 0.865
201.697 0.962
202.565 0.868
203.457 0.892
204.459 1.002
205.675 1.216
206.732 1.057
207.67 0.938
208.563 0.893
209.505 0.942
210.614 1.109
211.733 1.119
212.854 1.121
214.083 1.229
215.275 1.192
216.415 1.14
217.375 0.96
218.454 1.079
219.673 1.219
220.843 1.17
221.842 0.999
222.797 0.955
223.836 1.039
225.016 1.18
226.099 1.083
227.109 1.01
228.007 0.898
228.867 0.86
229.803 0.936
230.709 0.906
231.673 0.964
232.85 1.177
234.031 1.181
235.092 1.061
236.013 0.921
236.997 0.984
238.168 1.171
239.248 1.08
240.172 0.924
241.114 0.942
242.329 1.215
243.373 1.044
244.573 1.2
245.749 1.176
246.725 0.976
247.78 1.055
249.07 1.29
250.261 1.191
251.276 1.015
252.394 1.118
253.547 1.153
254.582 1.035
255.755 1.173
257.059 1.304
258.193 1.134
259.161 0.968
260.254 1.093
261.63 1.376
262.821 1.191
263.844 1.023
264.993 1.149
266.176 1.183
267.178 1.002
268.233 1.055
269.648 1.415
270.83 1.182
271.765 0.935
272.73 0.965
273.622 0.892
274.445 0.823
275.358 0.913
276.352 0.994
277.592 1.24
278.659 1.067
279.492 0.833
280.342 0.85
281.241 0.899
282.19 0.949
283.117 0.927
283.936 0.819
284.739 0.803
285.567 0.828
286.405 0.838
287.213 0.808
288.019 0.806
288.853 0.834
289.748 0.895
290.718 0.97
291.704 0.986
292.555 0.851
293.419 0.864
294.395 0.976
295.535 1.14
296.589 1.054
297.537 0.948
298.584 1.047
299.744 1.16
300.868 1.124
301.91 1.042
303.021 1.111
303.993 0.972
304.844 0.851
305.668 0.824
306.472 0.804
307.29 0.818
308.134 0.844
309.04 0.906
309.915 0.875
310.891 0.976
311.938 1.047
312.946 1.008
313.836 0.89
314.767 0.931
315.791 1.024
316.855 1.064
317.825 0.97
318.82 0.995
320.124 1.304
321.312 1.188
322.367 1.055
323.369 1.002
324.283 0.914
325.179 0.896
326.229 1.05
327.169 0.94
328.152 0.983
329.288 1.136
330.397 1.109
331.338 0.941
332.302 0.964
333.236 0.934
334.146 0.91
335.121 0.975
336.13 1.009
337.135 1.005
338.009 0.874
338.792 0.783
339.627 0.835
340.731 1.104
341.874 1.143
342.814 0.94
343.811 0.997
345.021 1.21
346.157 1.136
347.118 0.961
347.957 0.839
348.755 0.798
349.669 0.914
351.05 1.381
352.237 1.187
353.276 1.039
354.32 1.044
355.663 1.343
356.882 1.219
357.903 1.021
359.008 1.105
360.382 1.374
361.601 1.219
362.906 1.305
364.189 1.283
365.34 1.151
366.429 1.089
367.696 1.267
368.773 1.077
369.75 0.977
370.683 0.933
372.073 1.39
373.259 1.186
374.365 1.106
375.548 1.183
376.702 1.154
377.75 1.048
378.679 0.929
379.827 1.148
381.057 1.23
382.017 0.96
383.019 1.002
384.141 1.122
385.197 1.056
386.097 0.9
387.07 0.973
388.196 1.126
389.429 1.233
390.509 1.08
391.677 1.168
392.774 1.097
393.789 1.015
394.666 0.877
395.558 0.892
396.474 0.916
397.267 0.793
398.08 0.813
398.969 0.889
399.903 0.934
400.831 0.928
401.718 0.887
402.604 0.886
403.385 0.781
404.211 0.826
405.027 0.816
406.022 0.995
407.243 1.221
408.211 0.968
409.086 0.875
409.985 0.899
410.957 0.972
411.943 0.986
412.888 0.945
413.84 0.952
414.726 0.886
415.609 0.883
416.482 0.873
417.319 0.837
418.134 0.815
418.927 0.793
419.807 0.88
420.839 1.032
421.819 0.98
422.766 0.947
423.641 0.875
424.474 0.833
425.303 0.829
426.17 0.867
427.087 0.917
428.049 0.962
428.975 0.926
429.778 0.803
430.597 0.819
431.502 0.905
432.446 0.944
433.288 0.842
434.137 0.849
435.003 0.866
435.834 0.831
436.692 0.858
437.54 0.848
438.346 0.806
439.157 0.811
439.931 0.774
440.732 0.801
441.582 0.85
442.419 0.837
443.284 0.865
444.212 0.928
445.134 0.922
446.019 0.885
446.9 0.881
447.759 0.859
448.575 0.816
449.399 0.824
450.278 0.879
451.267 0.989
452.337 1.07
453.445 1.108
454.425 0.98
455.418 0.993
456.426 1.008
457.452 1.026
458.432 0.98
459.3 0.868
460.177 0.877
461.235 1.058
462.514 1.279
463.759 1.245
464.81 1.051
465.646 0.836
466.503 0.857
467.441 0.938
468.423 0.982
469.287 0.864
470.095 0.808
470.973 0.878
472.065 1.092
473.174 1.109
474.126 0.952
475.111 0.985
476.094 0.983
477.077 0.983
478.059 0.982
479.011 0.952
479.984 0.973
480.948 0.964
481.983 1.035
483.065 1.082
484.182 1.117
485.261 1.079
486.214 0.953
487.162 0.948
488.019 0.857
488.849 0.83
489.669 0.82
490.514 0.845
491.416 0.902
492.243 0.827
493.075 0.832
493.993 0.918
495.061 1.068
495.959 0.898
496.855 0.896
497.756 0.901
498.781 1.025
499.893 1.112
500.947 1.054
501.921 0.974
502.832 0.911
503.695 0.863
504.587 0.892
505.602 1.015
506.583 0.981
507.529 0.946
508.467 0.938
509.656 1.189
510.855 1.199
511.836 0.981
512.676 0.84
513.561 0.885
514.553 0.992
515.741 1.188
516.978 1.237
518.011 1.033
518.943 0.932
520.026 1.083
521.246 1.22
522.387 1.141
523.49 1.103
524.618 1.128
525.781 1.163
526.871 1.09
527.943 1.072
528.9 0.957
529.886 0.986
531.086 1.2
532.312 1.226
533.471 1.159
534.504 1.033
535.45 0.946
536.287 0.837
537.2 0.913
538.715 1.515
539.988 1.273
540.951 0.963
541.843 0.892
542.741 0.898
543.8 1.059
544.911 1.111
546.002 1.091
547.032 1.03
548.029 0.997
549.169 1.14
550.302 1.133
551.353 1.051
552.299 0.946
553.289 0.99
554.35 1.061
555.438 1.088
556.491 1.053
557.476 0.985
558.305 0.829
559.12 0.815
559.976 0.856
560.982 1.006
562.061 1.079
563.138 1.077
564.044 0.906
564.886 0.842
565.775 0.889
566.746 0.971
568.04 1.294
569.157 1.117
570.098 0.941
571.135 1.037
572.224 1.089
573.25 1.026
574.329 1.079
575.547 1.218
576.492 0.945
577.454 0.962
578.297 0.843
579.133 0.836
580.1 0.967
581.618 1.518
582.914 1.296
583.959 1.045
584.866 0.907
585.915 1.049
587.154 1.239
588.258 1.104
589.355 1.097
590.391 1.036
591.421 1.03
592.309 0.888
593.099 0.79
593.896 0.797
594.718 0.822
596.036 1.318
597.095 1.059
598.284 1.189
599.34 1.056
600.49 1.15
601.77 1.28