0.000 1.079
1.079 1.079
2.038 0.959
3.04 1.002
4.108 1.068
5.338 1.23
6.34 1.002
7.294 0.954
8.345 1.051
9.538 1.193
10.575 1.037
11.604 1.029
12.826 1.222
14.002 1.176
15.041 1.039
16.244 1.203
17.315 1.071
18.293 0.978
19.315 1.022
20.621 1.306
21.839 1.218
29.176 1.177
30.16 0.984
31.08 0.92
31.985 0.905
32.965 0.98
34.38 1.415
35.357 0.977
36.396 1.039
37.49 1.094
38.541 1.051
39.799 1.258
41.173 1.374
42.348 1.175
43.449 1.101
44.87 1.421
46.231 1.361
47.383 1.152
48.486 1.103
49.895 1.409
51.148 1.253
52.217 1.069
53.464 1.247
54.69 1.226
55.749 1.059
56.991 1.242
58.31 1.319
59.34 1.03
60.418 1.078
61.458 1.04
62.492 1.034
63.564 1.072
65.012 1.448
66.275 1.263
67.381 1.106
68.523 1.142
69.925 1.402
71.071 1.146
72.014 0.943
72.897 0.883
74.356 1.459
75.702 1.346
76.8 1.098
78.017 1.217
79.455 1.438
80.876 1.421
82.061 1.185
83.212 1.151
84.642 1.43
86.081 1.439
87.345 1.264
88.539 1.194
89.979 1.44
91.433 1.454
92.591 1.158
93.668 1.077
95.158 1.49
96.65 1.492
97.87 1.22
98.817 0.947
99.672 0.855
100.605 0.933
102.104 1.499
103.41 1.306
104.52 1.11
105.801 1.281
107.118 1.317
108.393 1.275
109.495 1.102
110.672 1.177
111.861 1.189
112.923 1.062
113.937 1.014
115.186 1.249
116.503 1.317
117.682 1.179
119.134 1.452
120.533 1.399
121.752 1.219
123.078 1.326
124.502 1.424
125.803 1.301
127.001 1.198
128.446 1.445
129.759 1.313
130.92 1.161
132.189 1.269
133.548 1.359
134.712 1.164
136.025 1.313
137.4 1.375
138.579 1.179
139.61 1.031
140.809 1.199
141.828 1.019
142.707 0.879
143.634 0.927
144.8 1.166
145.992 1.192
146.979 0.987
147.973 0.994
149.004 1.031
149.986 0.982
151.105 1.119
152.21 1.105
153.301 1.091
154.513 1.212
155.75 1.237
156.849 1.099
157.861 1.012
158.913 1.052
160.21 1.297
161.223 1.013
162.143 0.92
163.135 0.992
164.513 1.378
165.731 1.218
166.827 1.096
168.194 1.367
169.633 1.439
170.878 1.245
171.927 1.049
173.164 1.237
174.241 1.077
175.193 0.952
176.214 1.021
177.715 1.501
178.826 1.111
179.764 0.938
180.731 0.967
181.747 1.016
182.722 0.975
184.143 1.421
185.359 1.216
186.606 1.247
187.99 1.384
189.265 1.275
190.553 1.288
191.932 1.379
193.265 1.333
194.434 1.169
195.529 1.095
196.714 1.185
197.741 1.027
198.749 1.008
200.036 1.287
201.306 1.27
202.396 1.09
203.558 1.162
204.673 1.115
205.641 0.968
206.601 0.96
207.648 1.047
208.649 1.001
209.844 1.195
211.236 1.392
212.478 1.242
213.565 1.087
214.561 0.996
215.501 0.94
216.439 0.938
217.468 1.029
218.446 0.978
219.47 1.024
220.775 1.305
221.957 1.182
223.035 1.078
224.239 1.204
225.553 1.314
226.743 1.19
227.845 1.102
229.193 1.348
230.57 1.377
232.0 1.43
233.221 1.221
234.241 1.02
235.37 1.129
236.868 1.498
238.173 1.305
239.228 1.055
240.107 0.879
241.05 0.943
242.145 1.095
243.443 1.298
244.732 1.289
245.92 1.188
247.105 1.185
248.265 1.16
249.253 0.988
250.112 0.859
250.963 0.851
251.802 0.839
253.172 1.37
254.484 1.312
255.528 1.044
256.692 1.164
258.09 1.398
259.511 1.421
260.713 1.202
261.842 1.129
263.171 1.329
264.517 1.346
265.671 1.154
266.995 1.324
268.432 1.437
269.7 1.268
270.823 1.123
272.137 1.314
273.421 1.284
274.609 1.188
275.561 0.952
276.514 0.953
277.512 0.998
279.027 1.515
280.522 1.495
281.697 1.175
282.928 1.231
284.355 1.427
285.433 1.078
286.441 1.008
287.617 1.176
288.65 1.033
289.633 0.983
290.985 1.352
292.291 1.306
293.383 1.092
294.379 0.996
295.507 1.128
296.537 1.03
297.588 1.051
299.003 1.415
300.407 1.404
301.765 1.358
303.028 1.263
304.26 1.232
305.61 1.35
306.918 1.308
308.092 1.174
309.318 1.226
310.63 1.312
311.818 1.188
312.942 1.124
314.37 1.428
315.528 1.158
316.493 0.965
317.553 1.06
318.563 1.01
319.99 1.427
321.335 1.345
322.531 1.196
323.837 1.306
325.174 1.337
326.283 1.109
327.297 1.014
328.362 1.065
329.467 1.105
330.473 1.006
331.443 0.97
332.426 0.983
333.342 0.916
334.51 1.168
335.765 1.255
336.822 1.057
337.863 1.041
338.837 0.974
339.806 0.969
340.812 1.006
341.734 0.922
342.811 1.077
344.016 1.205
345.143 1.127
346.271 1.128
347.254 0.983
348.174 0.92
349.157 0.983
350.272 1.115
351.422 1.15
352.415 0.993
353.531 1.116
354.855 1.324
356.073 1.218
357.083 1.01
357.941 0.858
358.984 1.043
360.269 1.285
361.563 1.294
362.708 1.145
363.657 0.949
364.587 0.93
365.727 1.14
366.988 1.261
368.34 1.352
369.555 1.215
370.715 1.16
371.887 1.172
373.206 1.319
374.405 1.199
375.464 1.059
376.501 1.037
377.511 1.01
378.704 1.193
379.824 1.12
380.89 1.066
382.239 1.349
383.494 1.255
384.525 1.031
385.713 1.188
386.983 1.27
388.11 1.127
389.262 1.152
390.326 1.064
391.316 0.99
392.777 1.461
394.113 1.336
395.231 1.118
396.362 1.131
397.554 1.192
398.661 1.107
399.706 1.045
400.922 1.216
402.225 1.303
403.343 1.118
404.362 1.019
405.527 1.165
406.787 1.26
407.795 1.008
408.729 0.934
409.608 0.879
410.667 1.059
411.821 1.154
412.886 1.065
413.96 1.074
415.094 1.134
416.257 1.163
417.295 1.038
418.307 1.012
419.419 1.112
420.548 1.129
421.536 0.988
422.597 1.061
423.984 1.387
425.124 1.14
426.129 1.005
427.271 1.142
428.496 1.225
429.669 1.173
431.1 1.431
432.523 1.423
433.786 1.263
434.885 1.099
436.086 1.201
437.453 1.367
438.607 1.154
439.676 1.069
440.922 1.246
442.086 1.164
443.241 1.155
444.581 1.34
445.677 1.096
446.627 0.95
447.652 1.025
448.921 1.269
450.158 1.237
451.325 1.167
452.507 1.182
453.579 1.072
454.673 1.094
455.923 1.25
457.073 1.15
458.013 0.94
459.005 0.992
460.261 1.256
461.557 1.296
462.842 1.285
463.969 1.127
465.059 1.09
466.231 1.172
467.518 1.287
468.728 1.21
469.798 1.07
470.877 1.079
472.169 1.292
473.549 1.38
474.71 1.161
475.712 1.002
476.844 1.132
478.042 1.198
479.214 1.172
480.212 0.998
481.234 1.022
482.656 1.422
483.969 1.313
485.089 1.12
486.246 1.157
487.505 1.259
488.641 1.136
489.638 0.997
490.715 1.077
492.004 1.289
493.26 1.256
494.253 0.993
495.126 0.873
495.949 0.823
496.85 0.901
498.026 1.176
499.236 1.21
500.268 1.032
501.348 1.08
502.463 1.115
503.464 1.001
504.385 0.921
505.266 0.881
506.173 0.907
507.227 1.054
508.562 1.335
509.777 1.215
510.867 1.09
512.022 1.155
513.247 1.225
514.374 1.127
515.375 1.001
516.46 1.085
517.754 1.294
519.062 1.308
520.203 1.141
521.281 1.078
522.58 1.299
523.879 1.299
524.931 1.052
526.012 1.081
527.501 1.489
528.775 1.274
529.841 1.066
531.091 1.25
532.493 1.402
533.627 1.134
534.83 1.203
536.285 1.455
537.542 1.257
538.621 1.079
539.808 1.187
541.254 1.446
542.477 1.223
543.533 1.056
544.702 1.169
546.106 1.404
547.506 1.4
548.687 1.181
549.675 0.988
550.644 0.969
551.76 1.116
553.186 1.426
554.334 1.148
555.292 0.958
556.152 0.86
556.988 0.836
557.88 0.892
559.035 1.155
560.157 1.122
561.193 1.036
562.347 1.154
563.558 1.211
564.756 1.198
565.817 1.061
566.819 1.002
567.965 1.146
569.316 1.351
570.496 1.18
571.518 1.022
572.457 0.939
573.343 0.886
574.248 0.905
575.144 0.896
576.057 0.913
577.085 1.028
578.096 1.011
579.008 0.912
579.913 0.905
580.885 0.972
581.927 1.042
582.914 0.987
583.944 1.03
585.014 1.07
585.991 0.977
586.938 0.947
587.999 1.061
589.242 1.243
590.319 1.077
591.429 1.11
592.686 1.257
593.867 1.181
594.944 1.077
596.107 1.163
597.373 1.266
598.65 1.277
599.847 1.197
600.854 1.007
601.776 0.922
602.723 0.947
603.612 0.889
604.408 0.796
605.196 0.788
606.109 0.913
606.901 0.792
607.659 0.758
608.435 0.776
609.336 0.901
610.639 1.303
611.831 1.192
613.019 1.188
614.165 1.146
615.275 1.11
616.388 1.113
617.441 1.053
618.547 1.106
619.704 1.157
620.824 1.12
621.901 1.077
623.065 1.164
624.184 1.119
625.173 0.989
626.192 1.019
627.211 1.019
628.714 1.503