0.000 0.912
0.912 0.912
1.846 0.934
2.668 0.822
3.491 0.823
4.334 0.843
5.211 0.877
6.113 0.902
6.937 0.824
7.83 0.893
8.744 0.914
9.66 0.916
10.509 0.849
11.412 0.903
12.325 0.913
13.232 0.907
14.015 0.783
14.855 0.84
15.719 0.864
16.609 0.89
17.454 0.845
18.359 0.905
19.275 0.916
20.108 0.833
20.971 0.863
21.869 0.898
22.779 0.91
23.611 0.832
24.494 0.883
25.342 0.848
26.18 0.838
27.097 0.917
27.952 0.855
28.786 0.834
29.667 0.881
30.584 0.917
31.523 0.939
32.433 0.91
33.267 0.834
34.174 0.907
35.097 0.923
35.958 0.861
36.889 0.931
37.836 0.947
38.723 0.887
39.658 0.935
40.533 0.875
41.4 0.867
42.292 0.892
43.07 0.778
43.905 0.835
44.815 0.91
45.761 0.946
46.617 0.856
47.552 0.935
48.392 0.84
49.276 0.884
50.194 0.918
51.029 0.835
51.869 0.84
52.74 0.871
53.604 0.864
54.485 0.881
55.314 0.829
56.104 0.79
56.927 0.823
57.768 0.841
58.604 0.836
59.463 0.859
60.34 0.877
61.244 0.904
62.169 0.925
63.075 0.906
63.982 0.907
64.871 0.889
65.775 0.904
66.683 0.908
67.575 0.892
68.459 0.884
69.327 0.868
70.128 0.801
70.971 0.843
71.81 0.839
72.613 0.803
73.466 0.853
74.252 0.786
75.098 0.846
75.941 0.843
76.848 0.907
77.762 0.914
78.638 0.876
79.537 0.899
80.426 0.889
81.295 0.869
82.183 0.888
83.017 0.834
83.861 0.844
84.687 0.826
85.468 0.781
86.233 0.765
87.051 0.818
87.811 0.76
88.503 0.692
89.285 0.782
90.195 0.91
90.984 0.789
91.808 0.824
92.588 0.78
93.436 0.848
94.247 0.811
94.989 0.742
95.73 0.741
96.502 0.772
97.366 0.864
98.267 0.901
99.11 0.843
99.853 0.743
100.587 0.734
101.312 0.725
102.167 0.855
103.023 0.856
103.87 0.847
104.682 0.812
105.524 0.842
106.357 0.833
107.224 0.867
108.103 0.879
108.911 0.808
109.76 0.849
110.605 0.845
111.445 0.84
112.289 0.844
113.131 0.842
113.973 0.842
114.837 0.864
115.722 0.885
116.581 0.859
117.465 0.884
118.369 0.904
119.199 0.83
119.951 0.752
120.77 0.819
121.729 0.959
122.642 0.913
123.574 0.932
124.47 0.896
125.394 0.924
126.301 0.907
127.221 0.92
128.136 0.915
129.052 0.916
129.971 0.919
130.873 0.902
131.771 0.898
132.674 0.903
133.571 0.897
134.478 0.907
135.395 0.917
136.303 0.908
137.225 0.922
138.121 0.896
139.015 0.894
139.84 0.825
140.715 0.875
141.596 0.881
142.423 0.827
143.244 0.821
144.084 0.84
144.881 0.797
145.678 0.797
146.511 0.833
147.299 0.788
148.113 0.814
148.931 0.818
149.784 0.853
150.651 0.867
151.463 0.812
152.31 0.847
153.157 0.847
154.012 0.855
154.873 0.861
155.722 0.849
156.628 0.906
157.533 0.905
158.345 0.812
159.173 0.828
160.021 0.848
160.884 0.863
161.675 0.791
162.448 0.773
163.286 0.838
164.222 0.936
165.174 0.952
166.07 0.896
167.005 0.935
167.973 0.968
168.927 0.954
169.865 0.938
170.797 0.932
171.641 0.844
172.385 0.744
173.219 0.834
173.902 0.683
174.547 0.645
175.484 0.937
176.398 0.914
177.207 0.809
178.097 0.89
179.142 1.045
180.121 0.979
181.098 0.977
182.077 0.979
183.048 0.971
184.0 0.952
184.918 0.918
185.704 0.786
186.519 0.815
187.486 0.967
188.433 0.947
189.371 0.938
190.252 0.881
191.125 0.873
192.057 0.932
193.021 0.964
193.982 0.961
194.969 0.987
195.895 0.926
196.834 0.939
197.712 0.878
198.53 0.818
199.364 0.834
200.23 0.866
201.134 0.904
202.089 0.955
203.109 1.02
204.104 0.995
205.09 0.986
206.065 0.975
207.009 0.944
207.95 0.941
208.897 0.947
209.841 0.944
210.793 0.952
211.735 0.942
212.657 0.922
213.584 0.927
214.455 0.871
215.311 0.856
216.209 0.898
217.112 0.903
217.915 0.803
218.685 0.77
219.523 0.838
220.401 0.878
221.351 0.95
222.279 0.928
223.221 0.942
224.15 0.929
225.082 0.932
226.0 0.918
226.929 0.929
227.869 0.94
228.773 0.904
229.704 0.931
230.644 0.94
231.536 0.892
232.473 0.937
233.431 0.958
234.352 0.921
235.246 0.894
236.172 0.926
237.119 0.947
238.066 0.947
238.987 0.921
239.854 0.867
240.775 0.921
241.715 0.94
242.659 0.944
243.596 0.937
244.499 0.903
245.395 0.896
246.279 0.884
247.153 0.874
248.003 0.85
248.875 0.872
249.788 0.913
250.719 0.931
251.664 0.945
252.581 0.917
253.525 0.944
254.46 0.935
255.403 0.943
256.343 0.94
257.274 0.931
258.232 0.958
259.183 0.951
260.082 0.899
261.026 0.944
262.002 0.976
262.968 0.966
263.951 0.983
264.891 0.94
265.864 0.973
266.823 0.959
267.719 0.896
268.58 0.861
269.45 0.87
270.355 0.905
271.294 0.939
272.233 0.939
273.117 0.884
274.035 0.918
275.011 0.976
275.949 0.938
276.8 0.851
277.617 0.817
278.472 0.855
279.346 0.874
280.155 0.809
280.938 0.783
281.709 0.771
282.46 0.751
283.289 0.829
284.2 0.911
285.165 0.965
286.148 0.983
287.122 0.974
288.11 0.988
289.059 0.949
290.002 0.943
290.958 0.956
291.909 0.951
292.82 0.911
293.759 0.939
294.694 0.935
295.61 0.916
296.464 0.854
297.375 0.911
298.329 0.954
299.189 0.86
300.047 0.858
300.955 0.908
301.871 0.916
302.742 0.871
303.646 0.904
304.56 0.914
305.427 0.867
306.229 0.802
307.104 0.875
307.949 0.845
308.863 0.914
309.781 0.918
310.627 0.846
311.542 0.915
312.482 0.94
313.335 0.853
314.137 0.802
314.995 0.858
315.844 0.849
316.658 0.814
317.472 0.814
318.327 0.855
319.149 0.822
319.951 0.802
320.767 0.816
321.596 0.829
322.471 0.875
323.39 0.919
324.265 0.875
325.12 0.855
325.901 0.781
326.708 0.807
327.571 0.863
328.467 0.896
329.41 0.943
330.285 0.875
331.222 0.937
332.204 0.982
333.165 0.961
334.034 0.869
334.959 0.925
335.906 0.947
336.878 0.972
337.854 0.976
338.755 0.901
339.688 0.933
340.662 0.974
341.64 0.978
342.514 0.874
343.395 0.881
344.247 0.852
345.057 0.81
345.936 0.879
346.873 0.937
347.773 0.9
348.735 0.962
349.696 0.961
350.572 0.876
351.514 0.942
352.484 0.97
353.465 0.981
354.418 0.953
355.322 0.904
356.182 0.86
357.04 0.858
357.879 0.839
358.719 0.84
359.538 0.819
360.425 0.887
361.314 0.889
362.184 0.87
362.962 0.778
363.734 0.772
364.559 0.825
365.448 0.889
366.415 0.967
367.384 0.969
368.344 0.96
369.319 0.975
370.304 0.985
371.261 0.957
372.18 0.919
373.006 0.826
373.829 0.823
374.714 0.885
375.667 0.953
376.659 0.992
377.67 1.011
378.704 1.034
379.733 1.029
380.726 0.993
381.72 0.994
382.609 0.889
383.554 0.945
384.51 0.956
385.456 0.946
386.311 0.855
387.213 0.902
388.123 0.91
389.058 0.935
389.944 0.886
390.911 0.967
391.883 0.972
392.797 0.914
393.66 0.863
394.587 0.927
395.523 0.936
396.426 0.903
397.342 0.916
398.271 0.929
399.202 0.931
400.107 0.905
401.006 0.899
401.966 0.96
402.933 0.967
403.903 0.97
404.845 0.942
405.753 0.908
406.718 0.965
407.676 0.958
408.604 0.928
409.546 0.942
410.496 0.95
411.463 0.967
412.376 0.913
413.304 0.928
414.232 0.928
415.112 0.88
415.997 0.885
416.947 0.95
417.908 0.961
418.794 0.886
419.716 0.922
420.626 0.91
421.571 0.945
422.457 0.886
423.321 0.864
424.252 0.931
425.188 0.936
426.161 0.973
427.1 0.939
428.113 1.013
429.13 1.017
430.092 0.962
431.053 0.961
432.019 0.966
432.929 0.91
433.771 0.842
434.552 0.781
435.565 1.013
436.529 0.964
437.46 0.931
438.383 0.923
439.361 0.978
440.332 0.971
441.294 0.962
442.262 0.968
443.239 0.977
444.211 0.972
445.158 0.947
446.069 0.911
447.0 0.931
447.937 0.937
448.85 0.913
449.705 0.855
450.578 0.873
451.507 0.929
452.516 1.009
453.522 1.006
454.435 0.913
455.3 0.865
456.021 0.721
457.058 1.037
457.996 0.938
458.895 0.899
459.83 0.935
460.767 0.937
461.703 0.936
462.64 0.937
463.539 0.899
464.463 0.924
465.421 0.958
466.402 0.981
467.4 0.998
468.369 0.969
469.384 1.015
470.406 1.022
471.411 1.005
472.369 0.958
473.307 0.938
474.157 0.85
475.03 0.873
475.936 0.906
476.836 0.9
477.743 0.907
478.679 0.936
479.622 0.943
480.53 0.908
481.496 0.966
482.456 0.96
483.381 0.925
484.34 0.959
485.304 0.964
486.2 0.896
487.133 0.933
488.051 0.918
488.948 0.897
489.902 0.954
490.871 0.969
491.783 0.912
492.735 0.952
493.695 0.96
494.626 0.931
495.512 0.886
496.46 0.948
497.401 0.941
498.339 0.938
499.279 0.94
500.244 0.965
501.202 0.958
502.126 0.924
502.948 0.822
503.703 0.755
504.609 0.906
505.529 0.92
506.52 0.991
507.566 1.046
508.587 1.021
509.566 0.979
510.587 1.021
511.603 1.016
512.615 1.012
513.56 0.945
514.548 0.988
515.513 0.965
516.431 0.918
517.319 0.888
518.185 0.866
519.079 0.894
520.013 0.934
520.965 0.952
521.894 0.929
522.861 0.967
523.84 0.979
524.794 0.954
525.72 0.926
526.686 0.966
527.66 0.974
528.57 0.91
529.442 0.872
530.327 0.885
531.285 0.958
532.278 0.993
533.283 1.005
534.246 0.963
535.195 0.949
536.192 0.997
537.144 0.952
538.062 0.918
538.991 0.929
539.927 0.936
540.839 0.912
541.777 0.938
542.695 0.918
543.653 0.958
544.624 0.971
545.56 0.936
546.439 0.879
547.364 0.925
548.346 0.982
549.348 1.002
550.302 0.954
551.259 0.957
552.217 0.958
553.152 0.935
554.02 0.868
554.92 0.9
555.849 0.929
556.802 0.953
557.745 0.943
558.73 0.985
559.745 1.015
560.765 1.02
561.717 0.952
562.699 0.982
563.671 0.972
564.599 0.928
565.52 0.921
566.481 0.961
567.452 0.971
568.44 0.988
569.373 0.933
570.369 0.996
571.339 0.97
572.236 0.897
573.17 0.934
574.048 0.878
574.858 0.81
575.651 0.793
576.54 0.889
577.419 0.879
578.385 0.966
579.407 1.022
580.45 1.043
581.411 0.961
582.422 1.011
583.408 0.986
584.369 0.961
585.249 0.88
586.177 0.928
587.1 0.923
588.035 0.935
588.89 0.855
589.669 0.779
590.509 0.84
591.436 0.927
592.321 0.885
593.123 0.802
594.048 0.925
595.01 0.962
595.955 0.945
596.808 0.853
597.75 0.942
598.727 0.977
599.681 0.954