0.000 0.651
0.651 0.651
1.301 0.65
1.961 0.66
2.612 0.651
3.263 0.651
3.892 0.629
4.548 0.656
5.266 0.718
6.044 0.778
6.812 0.768
7.568 0.756
8.285 0.717
8.933 0.648
9.58 0.647
10.217 0.637
10.888 0.671
11.591 0.703
12.319 0.728
13.063 0.744
13.78 0.717
14.459 0.679
15.125 0.666
15.789 0.664
16.42 0.631
17.071 0.651
17.775 0.704
18.512 0.737
19.216 0.704
19.906 0.69
20.568 0.662
21.192 0.624
21.796 0.604
22.403 0.607
22.983 0.58
23.551 0.568
24.119 0.568
24.708 0.589
25.334 0.626
26.003 0.669
26.702 0.699
27.441 0.739
28.221 0.78
29.004 0.783
29.718 0.714
30.392 0.674
31.073 0.681
31.789 0.716
32.557 0.768
33.282 0.725
34.031 0.749
34.81 0.779
35.526 0.716
36.184 0.658
36.827 0.643
37.473 0.646
38.159 0.686
38.864 0.705
39.597 0.733
40.356 0.759
41.121 0.765
41.887 0.766
42.657 0.77
43.441 0.784
44.221 0.78
45.012 0.791
45.819 0.807
46.632 0.813
47.423 0.791
48.216 0.793
48.908 0.692
49.556 0.648
50.21 0.654
50.862 0.652
51.555 0.693
52.255 0.7
52.931 0.676
53.61 0.679
54.312 0.702
55.048 0.736
55.804 0.756
56.525 0.721
57.179 0.654
57.848 0.669
58.548 0.7
59.3 0.752
60.031 0.731
60.746 0.715
61.478 0.732
62.229 0.751
62.93 0.701
63.608 0.678
64.293 0.685
64.974 0.681
65.666 0.692
66.34 0.674
67.039 0.699
67.751 0.712
68.46 0.709
69.183 0.723
69.895 0.712
70.606 0.711
71.292 0.686
71.983 0.691
72.703 0.72
73.43 0.727
74.106 0.676
74.741 0.635
75.367 0.626
75.986 0.619
76.641 0.655
77.326 0.685
78.06 0.734
78.816 0.756
79.568 0.752
80.317 0.749
81.018 0.701
81.662 0.644
82.296 0.634
82.91 0.614
83.535 0.625
84.216 0.681
84.933 0.717
85.644 0.711
86.349 0.705
87.098 0.749
87.89 0.792
88.699 0.809
89.454 0.755
90.212 0.758
90.833 0.621
91.286 0.453
91.809 0.523
92.612 0.803
93.391 0.779
94.176 0.785
94.952 0.776
95.666 0.714
96.372 0.706
97.088 0.716
97.778 0.69
98.496 0.718
99.237 0.741
100.024 0.787
100.835 0.811
101.594 0.759
102.302 0.708
102.96 0.658
103.614 0.654
104.28 0.666
104.953 0.673
105.649 0.696
106.365 0.716
107.104 0.739
107.867 0.763
108.591 0.724
109.289 0.698
110.027 0.738
110.779 0.752
111.536 0.757
112.264 0.728
112.919 0.655
113.562 0.643
114.198 0.636
114.831 0.633
115.493 0.662
116.19 0.697
116.914 0.724
117.62 0.706
118.307 0.687
118.989 0.682
119.67 0.681
120.357 0.687
121.07 0.713
121.787 0.717
122.469 0.682
123.125 0.656
123.768 0.643
124.389 0.621
125.033 0.644
125.791 0.758
126.601 0.81
127.41 0.809
128.216 0.806
128.999 0.783
129.747 0.748
130.479 0.732
131.195 0.716
131.828 0.633
132.444 0.616
133.078 0.634
133.75 0.672
134.429 0.679
135.165 0.736
135.941 0.776
136.722 0.781
137.481 0.759
138.255 0.774
139.025 0.77
139.781 0.756
140.536 0.755
141.274 0.738
141.985 0.711
142.666 0.681
143.337 0.671
143.993 0.656
144.665 0.672
145.375 0.71
146.141 0.766
146.948 0.807
147.769 0.821
148.6 0.831
149.421 0.821
150.163 0.742
150.924 0.761
151.674 0.75
152.429 0.755
153.102 0.673
153.758 0.656
154.403 0.645
155.06 0.657
155.742 0.682
156.437 0.695
157.14 0.703
157.843 0.703
158.539 0.696
159.211 0.672
159.868 0.657
160.526 0.658
161.185 0.659
161.828 0.643
162.439 0.611
163.058 0.619
163.668 0.61
164.272 0.604
164.954 0.682
165.693 0.739
166.439 0.746
167.203 0.764
167.957 0.754
168.696 0.739
169.437 0.741
170.137 0.7
170.784 0.647
171.427 0.643
172.081 0.654
172.769 0.688
173.495 0.726
174.237 0.742
174.978 0.741
175.712 0.734
176.475 0.763
177.249 0.774
178.003 0.754
178.735 0.732
179.46 0.725
180.219 0.759
180.987 0.768
181.731 0.744
182.43 0.699
183.11 0.68
183.791 0.681
184.491 0.7
185.193 0.702
185.89 0.697
186.564 0.674
187.246 0.682
187.912 0.666
188.567 0.655
189.23 0.663
189.902 0.672
190.587 0.685
191.254 0.667
191.884 0.63
192.531 0.647
193.205 0.674
193.922 0.717
194.641 0.719
195.34 0.699
196.055 0.715
196.757 0.702
197.461 0.704
198.157 0.696
198.813 0.656
199.498 0.685
200.202 0.704
200.938 0.736
201.676 0.738
202.384 0.708
203.113 0.729
203.842 0.729
204.558 0.716
205.226 0.668
205.908 0.682
206.597 0.689
207.299 0.702
207.979 0.68
208.687 0.708
209.399 0.712
210.129 0.73
210.835 0.706
211.542 0.707
212.26 0.718
212.988 0.728
213.686 0.698
214.342 0.656
215.011 0.669
215.691 0.68
216.37 0.679
217.012 0.642
217.66 0.648
218.306 0.646
218.958 0.652
219.597 0.639
220.249 0.652
220.918 0.669
221.621 0.703
222.329 0.708
222.997 0.668
223.656 0.659
224.316 0.66
224.98 0.664
225.62 0.64
226.24 0.62
226.847 0.607
227.443 0.596
228.024 0.581
228.602 0.578
229.201 0.599
229.821 0.62
230.445 0.624
231.071 0.626
231.716 0.645
232.376 0.66
233.075 0.699
233.775 0.7
234.452 0.677
235.154 0.702
235.851 0.697
236.556 0.705
237.295 0.739
238.016 0.721
238.666 0.65
239.299 0.633
239.94 0.641
240.614 0.674
241.256 0.642
241.938 0.682
242.66 0.722
243.43 0.77
244.23 0.8
244.994 0.764
245.766 0.772
246.536 0.77
247.307 0.771
248.075 0.768
248.827 0.752
249.595 0.768
250.367 0.772
251.158 0.791
251.919 0.761
252.638 0.719
253.396 0.758
254.193 0.797
254.997 0.804
255.761 0.764
256.489 0.728
257.189 0.7
257.882 0.693
258.547 0.665
259.231 0.684
259.959 0.728
260.73 0.771
261.511 0.781
262.243 0.732
263.006 0.763
263.779 0.773
264.527 0.748
265.25 0.723
265.989 0.739
266.731 0.742
267.427 0.696
268.131 0.704
268.842 0.711
269.593 0.751
270.299 0.706
271.007 0.708
271.726 0.719
272.48 0.754
273.26 0.78
274.013 0.753
274.809 0.796
275.606 0.797
276.421 0.815
277.18 0.759
277.95 0.77
278.737 0.787
279.516 0.779
280.246 0.73
280.997 0.751
281.774 0.777
282.565 0.791
283.361 0.796
284.103 0.742
284.862 0.759
285.609 0.747
286.317 0.708
286.985 0.668
287.667 0.682
288.373 0.706
289.1 0.727
289.847 0.747
290.58 0.733
291.333 0.753
292.107 0.774
292.918 0.811
293.727 0.809
294.499 0.772
295.277 0.778
296.073 0.796
296.847 0.774
297.577 0.73
298.287 0.71
299.004 0.717
299.691 0.687
300.371 0.68
301.072 0.701
301.785 0.713
302.52 0.735
303.203 0.683
303.932 0.729
304.698 0.766
305.446 0.748
306.143 0.697
306.855 0.712
307.583 0.728
308.307 0.724
309.002 0.695
309.688 0.686
310.379 0.691
311.094 0.715
311.82 0.726
312.511 0.691
313.24 0.729
313.959 0.719
314.65 0.691
315.297 0.647
315.944 0.647
316.582 0.638
317.238 0.656
317.889 0.651
318.569 0.68
319.299 0.73
320.063 0.764
320.846 0.783
321.565 0.719
322.297 0.732
323.038 0.741
323.787 0.749
324.498 0.711
325.225 0.727
325.958 0.733
326.689 0.731
327.399 0.71
328.089 0.69
328.813 0.724
329.555 0.742
330.295 0.74
331.007 0.712
331.733 0.726
332.449 0.716
333.173 0.724
333.867 0.694
334.584 0.717
335.323 0.739
336.077 0.754
336.858 0.781
337.594 0.736
338.327 0.733
339.07 0.743
339.813 0.743
340.525 0.712
341.236 0.711
341.968 0.732
342.712 0.744
343.411 0.699
344.105 0.694
344.803 0.698
345.532 0.729
346.258 0.726
346.961 0.703
347.693 0.732
348.398 0.705
349.063 0.665
349.693 0.63
350.303 0.61
350.913 0.61
351.548 0.635
352.273 0.725
352.992 0.719
353.742 0.75
354.544 0.802
355.373 0.829
356.239 0.866
357.057 0.818
357.903 0.846
358.749 0.846
359.558 0.809
360.292 0.734
360.986 0.694
361.677 0.691
362.375 0.698
363.098 0.723
363.775 0.677
364.485 0.71
365.257 0.772
366.007 0.75
366.688 0.681
367.351 0.663
368.024 0.673
368.671 0.647
369.324 0.653
370.076 0.752
370.867 0.791
371.628 0.761
372.419 0.791
373.176 0.757
373.95 0.774
374.672 0.722
375.366 0.694
376.088 0.722
376.832 0.744
377.611 0.779
378.383 0.772
379.184 0.801
380.02 0.836
380.851 0.831
381.619 0.768
382.367 0.748
383.096 0.729
383.797 0.701
384.444 0.647
385.099 0.655
385.788 0.689
386.523 0.735
387.243 0.72
387.963 0.72
388.679 0.716
389.423 0.744
390.115 0.692
390.75 0.635
391.242 0.492
391.998 0.756
392.801 0.803
393.626 0.825
394.484 0.858
395.347 0.863
396.181 0.834
397.001 0.82
397.798 0.797
398.515 0.717
399.176 0.661
399.764 0.588
400.357 0.593
400.973 0.616
401.552 0.579
402.134 0.582
402.707 0.573
403.32 0.613
404.017 0.697
404.867 0.85
405.705 0.838
406.522 0.817
407.356 0.834
408.173 0.817
408.941 0.768
409.689 0.748
410.458 0.769
411.248 0.79
412.022 0.774
412.712 0.69
413.361 0.649
413.998 0.637
414.64 0.642
415.306 0.666
415.933 0.627
416.556 0.623
417.223 0.667
417.94 0.717
418.659 0.719
419.335 0.676
420.043 0.708
420.793 0.75
421.57 0.777
422.28 0.71
422.911 0.631
423.519 0.608
424.158 0.639
424.967 0.809
425.875 0.908
426.677 0.802
427.435 0.758
428.219 0.784
429.038 0.819
429.758 0.72
430.425 0.667
431.09 0.665
431.822 0.732
432.615 0.793
433.499 0.884
434.275 0.776
434.983 0.708
435.24 0.257
435.547 0.307
435.805 0.258
436.091 0.286
436.384 0.293
436.684 0.3
437.172 0.488
438.665 1.493
439.117 0.452
439.433 0.316
439.942 0.509
440.469 0.527
440.758 0.289
441.154 0.396
441.423 0.269
442.145 0.722
442.411 0.266
442.853 0.442
443.133 0.28
443.407 0.274
443.722 0.315
444.715 0.993
445.321 0.606
446.381 1.06
446.915 0.534
447.182 0.267
447.783 0.601
448.254 0.471
448.785 0.531
449.354 0.569
449.659 0.305
449.933 0.274
450.239 0.306
450.528 0.289
450.983 0.455
451.293 0.31
451.686 0.393
452.091 0.405
452.496 0.405
453.142 0.646
453.412 0.27
453.916 0.504
454.887 0.971
455.67 0.783
456.082 0.412
456.339 0.257
456.967 0.628
457.253 0.286
457.763 0.51
458.19 0.427
458.497 0.307
458.765 0.268
459.264 0.499
459.755 0.491
460.055 0.3
460.81 0.755
461.06 0.25
461.368 0.308
461.683 0.315
462.571 0.888
463.18 0.609
464.084 0.904
464.567 0.483
464.84 0.273
465.655 0.815
465.91 0.255
466.5 0.59
466.878 0.378
467.228 0.35
467.602 0.374
467.857 0.255
468.217 0.36
468.48 0.263
468.813 0.333
469.108 0.295
469.418 0.31
469.738 0.32
470.109 0.371
470.48 0.371
472.184 1.704
472.584 0.4
472.893 0.309
473.191 0.298
474.254 1.063
475.157 0.903
475.695 0.538
476.005 0.31
476.314 0.309
476.631 0.317
478.331 1.7
479.148 0.817
479.427 0.279
479.685 0.258
479.956 0.271
480.27 0.314
481.267 0.997
483.037 1.77
483.637 0.6
484.04 0.403
484.344 0.304
484.638 0.294
484.889 0.251
485.173 0.284
485.433 0.26
485.742 0.309
486.015 0.273
486.317 0.302
486.569 0.252
487.004 0.435
487.649 0.645
487.994 0.345
488.505 0.511
489.263 0.758
490.012 0.749
490.441 0.429
490.834 0.393
491.811 0.977
492.584 0.773
492.958 0.374
493.503 0.545
494.218 0.715
495.161 0.943
495.921 0.76
496.631 0.71
496.932 0.301
497.278 0.346
497.653 0.375
499.321 1.668
500.523 1.202
501.011 0.488
501.338 0.327
501.628 0.29
502.051 0.423
502.377 0.326
502.694 0.317
502.965 0.271
503.303 0.338
503.605 0.302
503.959 0.354
504.713 0.754
505.003 0.29
505.374 0.371
505.65 0.276
505.942 0.292
506.209 0.267
506.469 0.26
507.046 0.577
507.804 0.758
508.11 0.306
508.4 0.29
508.701 0.301
508.982 0.281
509.299 0.317
509.603 0.304
509.908 0.305
510.221 0.313
510.943 0.722
511.476 0.533
512.031 0.555
512.372 0.341
512.69 0.318
513.309 0.619
515.144 1.835
515.402 0.258
515.877 0.475
516.147 0.27
516.475 0.328
517.012 0.537
517.29 0.278
517.969 0.679
520.452 2.483
520.968 0.516
521.234 0.266
521.507 0.273
521.963 0.456
523.141 1.178
523.648 0.507
524.074 0.426
524.366 0.292
524.822 0.456
525.342 0.52
525.65 0.308
526.276 0.626
526.561 0.285
526.975 0.414
527.364 0.389
527.7 0.336
527.951 0.251
528.694 0.743
528.992 0.298
529.321 0.329
529.687 0.366
530.181 0.494
531.305 1.124
531.582 0.277
537.99 0.392
541.176 3.186
541.656 0.48
542.488 0.832
542.841 0.353
543.274 0.433
543.544 0.27
544.194 0.65
544.516 0.322
545.593 1.077
545.885 0.292
546.414 0.529
547.387 0.973
547.731 0.344
548.05 0.319
548.515 0.465
548.848 0.333
549.678 0.83
550.089 0.411
550.486 0.397
550.74 0.254
551.049 0.309
551.397 0.348
551.915 0.518
553.037 1.122
553.642 0.605
553.909 0.267
554.278 0.369
554.579 0.301
555.048 0.469
556.007 0.959
556.516 0.509
556.989 0.473
557.367 0.378
557.62 0.253
558.004 0.384
558.375 0.371
558.737 0.362
559.215 0.478
559.634 0.419
560.088 0.454
560.495 0.407
560.943 0.448
563.881 2.938
564.502 0.621
564.877 0.375
565.207 0.33
565.458 0.251
565.71 0.252
565.976 0.266
566.298 0.322
566.714 0.416
567.071 0.357
568.623 1.552
568.96 0.337
569.354 0.394
569.637 0.283
569.897 0.26
573.457 3.56
574.416 0.959
574.751 0.335
575.025 0.274
575.299 0.274
575.75 0.451
576.007 0.257
576.371 0.364
576.729 0.358
578.9 2.171
579.152 0.252
579.911 0.759
580.251 0.34
580.532 0.281
580.844 0.312
581.148 0.304
581.702 0.554
582.002 0.3
582.403 0.401
582.729 0.326
583.06 0.331
583.763 0.703
584.059 0.296
584.668 0.609
584.925 0.257
585.225 0.3
585.787 0.562
586.184 0.397
586.669 0.485
587.136 0.467
587.438 0.302
587.937 0.499
588.229 0.292
589.387 1.158
589.95 0.563
590.215 0.265
590.584 0.369
591.138 0.554
591.472 0.334
591.808 0.336
592.603 0.795
592.918 0.315
593.23 0.312
593.701 0.471
594.056 0.355
594.598 0.542
594.88 0.282
595.164 0.284
597.88 2.716
598.132 0.252
598.711 0.579
599.007 0.296
599.525 0.518
600.466 0.941
600.774 0.308
601.814 1.04
602.32 0.506
603.182 0.862
604.933 1.751
605.257 0.324
605.529 0.272
605.939 0.41
606.346 0.407
606.618 0.272
606.874 0.256
607.269 0.395
607.657 0.388
607.93 0.273
608.755 0.825
609.137 0.382
610.75 1.613
611.328 0.578
611.752 0.424
612.299 0.547
612.954 0.655