0.000 0.821
0.821 0.821
1.64 0.819
2.432 0.792
3.26 0.828
4.001 0.741
4.722 0.721
5.462 0.74
6.162 0.7
6.9 0.738
7.676 0.776
8.46 0.784
9.201 0.741
10.002 0.801
10.832 0.83
11.621 0.789
12.473 0.852
13.322 0.849
14.165 0.843
14.956 0.791
15.724 0.768
16.535 0.811
17.403 0.868
18.215 0.812
19.019 0.804
20.047 1.028
20.967 0.92
21.903 0.936
22.711 0.808
23.466 0.755
24.279 0.813
25.223 0.944
26.075 0.852
26.881 0.806
27.928 1.047
28.931 1.003
29.771 0.84
30.801 1.03
31.79 0.989
32.656 0.866
33.514 0.858
34.497 0.983
35.373 0.876
36.197 0.824
37.099 0.902
37.981 0.882
38.788 0.807
39.648 0.86
40.506 0.858
41.266 0.76
42.094 0.828
42.833 0.739
43.59 0.757
44.415 0.825
45.234 0.819
46.225 0.991
47.178 0.953
48.05 0.872
48.925 0.875
49.768 0.843
50.605 0.837
51.324 0.719
52.113 0.789
52.875 0.762
53.533 0.658
54.266 0.733
55.074 0.808
55.922 0.848
56.758 0.836
57.641 0.883
58.565 0.924
59.417 0.852
60.26 0.843
61.085 0.825
61.794 0.709
62.548 0.754
63.352 0.804
64.13 0.778
64.952 0.822
65.714 0.762
66.57 0.856
67.4 0.83
68.29 0.89
69.147 0.857
69.965 0.818
70.831 0.866
71.706 0.875
72.575 0.869
73.4 0.825
74.439 1.039
75.436 0.997
76.295 0.859
77.155 0.86
78.184 1.029
79.079 0.895
79.907 0.828
80.935 1.028
81.913 0.978
82.781 0.868
83.81 1.029
84.794 0.984
85.649 0.855
86.67 1.021
87.617 0.947
88.472 0.855
89.266 0.794
90.018 0.752
90.804 0.786
91.694 0.89
92.603 0.909
93.379 0.776
94.156 0.777
94.967 0.811
95.783 0.816
96.57 0.787
97.44 0.87
98.327 0.887
99.143 0.816
100.176 1.033
101.162 0.986
102.008 0.846
102.888 0.88
103.777 0.889
104.614 0.837
105.46 0.846
106.478 1.018
107.369 0.891
108.252 0.883
109.268 1.016
110.174 0.906
111.196 1.022
112.11 0.914
112.943 0.833
113.767 0.824
114.605 0.838
115.413 0.808
116.257 0.844
117.115 0.858
117.948 0.833
118.8 0.852
119.805 1.005
120.71 0.905
121.723 1.013
122.677 0.954
123.579 0.902
124.575 0.996
125.493 0.918
126.314 0.821
127.196 0.882
128.019 0.823
128.864 0.845
129.718 0.854
130.569 0.851
131.432 0.863
132.292 0.86
133.107 0.815
133.981 0.874
134.824 0.843
135.647 0.823
136.625 0.978
137.498 0.873
138.414 0.916
139.257 0.843
140.135 0.878
141.013 0.878
141.842 0.829
142.646 0.804
143.434 0.788
144.263 0.829
145.145 0.882
146.058 0.913
146.892 0.834
147.823 0.931
148.821 0.998
149.772 0.951
150.633 0.861
151.635 1.002
152.588 0.953
153.431 0.843
154.424 0.993
155.27 0.846
156.138 0.868
156.957 0.819
157.804 0.847
158.67 0.866
159.457 0.787
160.211 0.754
160.941 0.73
161.741 0.8
162.641 0.9
163.489 0.848
164.488 0.999
165.441 0.953
166.393 0.952
167.266 0.873
168.202 0.936
169.121 0.919
170.096 0.975
170.975 0.879
171.96 0.985
172.895 0.935
173.834 0.939
174.723 0.889
175.707 0.984
176.644 0.937
177.584 0.94
178.521 0.937
179.413 0.892
180.324 0.911
181.225 0.901
182.123 0.898
182.971 0.848
183.858 0.887
184.76 0.902
185.68 0.92
186.534 0.854
187.526 0.992
188.465 0.939
189.381 0.916
190.231 0.85
191.176 0.945
192.106 0.93
193.003 0.897
193.838 0.835
194.737 0.899
195.611 0.874
196.475 0.864
197.295 0.82
198.105 0.81
198.942 0.837
199.781 0.839
200.625 0.844
201.427 0.802
202.281 0.854
203.146 0.865
204.022 0.876
204.829 0.807
205.684 0.855
206.67 0.986
207.589 0.919
208.509 0.92
209.424 0.915
210.276 0.852
211.177 0.901
212.062 0.885
212.928 0.866
213.811 0.883
214.694 0.883
215.571 0.877
216.429 0.858
217.343 0.914
218.142 0.799
219.062 0.92
219.926 0.864
220.787 0.861
221.759 0.972
222.69 0.931
223.566 0.876
224.544 0.978
225.472 0.928
226.329 0.857
227.307 0.978
228.238 0.931
229.095 0.857
230.075 0.98
231.006 0.931
231.872 0.866
232.85 0.978
233.779 0.929
234.627 0.848
235.459 0.832
236.312 0.853
237.161 0.849
237.976 0.815
238.814 0.838
239.685 0.871
240.564 0.879
241.389 0.825
242.318 0.929
243.201 0.883
244.036 0.835
244.921 0.885
245.797 0.876
246.617 0.82
247.498 0.881
248.352 0.854
249.164 0.812
249.959 0.795
250.775 0.816
251.595 0.82
252.417 0.822
253.213 0.796
254.037 0.824
254.898 0.861
255.776 0.878
256.676 0.9
257.492 0.816
258.308 0.816
259.138 0.83
260.037 0.899
260.963 0.926
261.908 0.945
262.828 0.92
263.754 0.926
264.667 0.913
265.489 0.822
266.34 0.851
267.168 0.828
267.988 0.82
268.778 0.79
269.6 0.822
270.427 0.827
271.258 0.831
272.055 0.797
272.891 0.836
273.72 0.829
274.508 0.788
275.354 0.846
276.146 0.792
276.98 0.834
277.821 0.841
278.653 0.832
279.482 0.829
280.273 0.791
281.101 0.828
281.939 0.838
282.785 0.846
283.613 0.828
284.425 0.812
285.403 0.978
286.323 0.92
287.154 0.831
287.989 0.835
288.823 0.834
289.646 0.823
290.431 0.785
291.26 0.829
292.082 0.822
292.909 0.827
293.699 0.79
294.554 0.855
295.426 0.872
296.405 0.979
297.26 0.855
298.255 0.995
299.192 0.937
300.131 0.939
301.009 0.878
301.998 0.989
302.937 0.939
303.834 0.897
304.818 0.984
305.759 0.941
306.7 0.941
307.559 0.859
308.542 0.983
309.46 0.918
310.282 0.822
311.154 0.872
312.012 0.858
312.844 0.832
313.709 0.865
314.52 0.811
315.498 0.978
316.417 0.919
317.331 0.914
318.241 0.91
319.088 0.847
319.92 0.832
320.668 0.748
321.428 0.76
322.189 0.761
323.038 0.849
323.921 0.883
324.803 0.882
325.732 0.929
326.605 0.873
327.438 0.833
328.159 0.721
328.845 0.686
329.509 0.664
330.162 0.653
330.841 0.679
331.57 0.729
332.413 0.843
333.366 0.953
334.316 0.95
335.23 0.914
336.186 0.956
337.124 0.938
338.06 0.936
338.949 0.889
339.917 0.968
340.694 0.777
341.402 0.708
342.135 0.733
342.989 0.854
343.803 0.814
344.624 0.821
345.505 0.881
346.468 0.963
347.392 0.924
348.279 0.887
349.253 0.974
350.185 0.932
351.114 0.929
351.978 0.864
352.954 0.976
353.865 0.911
354.752 0.887
355.587 0.835
356.407 0.82
357.227 0.82
358.084 0.857
359.055 0.971
359.971 0.916
360.89 0.919
361.813 0.923
362.744 0.931
363.681 0.937
364.62 0.939
365.56 0.94
366.498 0.938
367.436 0.938
368.37 0.934
369.299 0.929
370.226 0.927
371.139 0.913
371.97 0.831
372.877 0.907
373.791 0.914
374.674 0.883
375.516 0.842
376.482 0.966
377.383 0.901
378.244 0.861
379.071 0.827
379.931 0.86
380.799 0.868
381.622 0.823
382.493 0.871
383.37 0.877
384.253 0.883
385.078 0.825
386.004 0.926
386.93 0.926
387.78 0.85
388.613 0.833
389.487 0.874
390.362 0.875
391.212 0.85
392.072 0.86
393.04 0.968
393.968 0.928
394.875 0.907
395.695 0.82
396.548 0.853
397.38 0.832
398.198 0.818
399.003 0.805
399.712 0.709
400.52 0.808
401.297 0.777
402.11 0.813
402.949 0.839
403.808 0.859
404.625 0.817
405.495 0.87
406.412 0.917
407.373 0.961
408.223 0.85
409.072 0.849
409.94 0.868
410.803 0.863
411.662 0.859
412.526 0.864
413.439 0.913
414.411 0.972
415.291 0.88
416.13 0.839
417.004 0.874
417.844 0.84
418.666 0.822
419.449 0.783
420.261 0.812
421.078 0.817
421.902 0.824
422.738 0.836
423.536 0.798
424.384 0.848
425.231 0.847
426.075 0.844
426.909 0.834
427.705 0.796
428.529 0.824
429.351 0.822
430.175 0.824
431.008 0.833
431.804 0.796
432.618 0.814
433.465 0.847
434.319 0.854
435.18 0.861
435.999 0.819
436.818 0.819
437.803 0.985
438.733 0.93
439.664 0.931
440.599 0.935
441.535 0.936
442.377 0.842
443.277 0.9
444.213 0.936
445.122 0.909
445.958 0.836
446.804 0.846
447.573 0.769
448.267 0.694
448.986 0.719
449.809 0.823
450.592 0.783
451.425 0.833
452.269 0.844
453.086 0.817
453.912 0.826
454.818 0.906
455.797 0.979
456.68 0.883
457.522 0.842
458.388 0.866
459.264 0.876
460.172 0.908
461.003 0.831
461.993 0.99
462.925 0.932
463.856 0.931
464.736 0.88
465.709 0.973
466.642 0.933
467.527 0.885
468.352 0.825
469.199 0.847
470.035 0.836
470.855 0.82
471.671 0.816
472.525 0.854
473.423 0.898
474.253 0.83
475.155 0.902
476.133 0.978
477.069 0.936
477.927 0.858
478.865 0.938
479.766 0.901
480.612 0.846
481.455 0.843
482.328 0.873
483.205 0.877
484.014 0.809
484.879 0.865
485.738 0.859
486.595 0.857
487.401 0.806
488.243 0.842
489.088 0.845
489.887 0.799
490.732 0.845
491.575 0.843
492.418 0.843
493.223 0.805
494.055 0.832
494.891 0.836
495.733 0.842
496.547 0.814
497.367 0.82
498.22 0.853
499.098 0.878
499.95 0.852
500.774 0.824
501.65 0.876
502.516 0.866
503.375 0.859
504.194 0.819
505.047 0.853
505.895 0.848
506.711 0.816
507.565 0.854
508.402 0.837
509.226 0.824
510.031 0.805
510.871 0.84
511.732 0.861
512.598 0.866
513.421 0.823
514.332 0.911
515.218 0.886
516.061 0.843
516.876 0.815
517.722 0.846
518.566 0.844
519.408 0.842
520.215 0.807
521.052 0.837
521.923 0.871
522.824 0.901
523.649 0.825
524.505 0.856
525.27 0.765
525.945 0.675
526.616 0.671
527.366 0.75
528.089 0.723
528.885 0.796
529.677 0.792
530.483 0.806
531.27 0.787
532.098 0.828
532.953 0.855
533.825 0.872
534.643 0.818
535.525 0.882
536.398 0.873
537.253 0.855
538.065 0.812
538.921 0.856
539.769 0.848
540.594 0.825
541.404 0.81
542.246 0.842
543.081 0.835
543.895 0.814
544.69 0.795
545.518 0.828
546.346 0.828
547.168 0.822
547.964 0.796
548.806 0.842
549.643 0.837
550.472 0.829
551.262 0.79
552.081 0.819
552.888 0.807
553.674 0.786
554.451 0.777
555.248 0.797
556.042 0.794
556.808 0.766
557.536 0.728
558.326 0.79
559.122 0.796
559.887 0.765
560.687 0.8
561.403 0.716
562.084 0.681
562.772 0.688
563.418 0.646
564.091 0.673
564.756 0.665
565.443 0.687
566.094 0.651
566.732 0.638
567.381 0.649
568.169 0.788
569.007 0.838
569.987 0.98
570.921 0.934
571.862 0.941
572.727 0.865
573.52 0.793
574.296 0.776
575.056 0.76
575.832 0.776
576.532 0.7
577.306 0.774
578.096 0.79
578.907 0.811
579.724 0.817
580.503 0.779
581.217 0.714
581.897 0.68
582.551 0.654
583.247 0.696
583.976 0.729
584.732 0.756
585.515 0.783
586.295 0.78
587.078 0.783
587.854 0.776
588.614 0.76
589.395 0.781
590.189 0.794
591.008 0.819
591.837 0.829
592.597 0.76
593.374 0.777
594.248 0.874
595.1 0.852
596.046 0.946
596.988 0.942
597.851 0.863
598.808 0.957