0.000 0.825
0.825 0.825
1.642 0.817
2.452 0.81
3.278 0.826
4.087 0.809
4.914 0.827
5.735 0.821
6.542 0.807
7.354 0.812
8.175 0.821
8.888 0.713
9.604 0.716
10.427 0.823
11.232 0.805
12.058 0.826
12.867 0.809
13.679 0.812
14.428 0.749
15.122 0.694
15.782 0.66
16.539 0.757
17.275 0.736
18.038 0.763
18.773 0.735
19.469 0.696
20.247 0.778
20.967 0.72
21.767 0.8
22.602 0.835
23.428 0.826
24.243 0.815
25.046 0.803
25.317 0.271
25.631 0.314
25.916 0.285
26.329 0.413
27.085 0.756
27.43 0.345
28.651 1.221
29.908 1.257
30.302 0.394
30.672 0.37
31.062 0.39
31.658 0.596
32.138 0.48
32.584 0.446
33.339 0.755
33.75 0.411
34.118 0.368
34.453 0.335
34.733 0.28
35.016 0.283
35.343 0.327
35.639 0.296
35.997 0.358
36.267 0.27
36.553 0.286
36.9 0.347
37.236 0.336
38.046 0.81
38.373 0.327
38.744 0.371
39.199 0.455
39.577 0.378
39.849 0.272
40.109 0.26
41.313 1.204
41.966 0.653
42.235 0.269
42.617 0.382
42.953 0.336
43.235 0.282
43.519 0.284
43.77 0.251
44.109 0.339
44.529 0.42
44.979 0.45
45.29 0.311
45.711 0.421
46.012 0.301
46.265 0.253
46.524 0.259
46.961 0.437
57.998 11.037
58.838 0.84
59.693 0.855
60.571 0.878
61.447 0.876
62.329 0.882
63.219 0.89
64.084 0.865
64.347 0.263
64.815 0.468
65.106 0.291
65.804 0.698
66.062 0.258
66.323 0.261
66.599 0.276
66.944 0.345
67.304 0.36
67.588 0.284
67.865 0.277
68.167 0.302
68.432 0.265
68.773 0.341
69.718 0.945
70.185 0.467
70.446 0.261
70.742 0.296
71.342 0.6
71.681 0.339
74.439 2.758
74.704 0.265
74.983 0.279
75.281 0.298
75.782 0.501
76.205 0.423
76.744 0.539
77.077 0.333
77.491 0.414
77.85 0.359
78.112 0.262
78.404 0.292
79.112 0.708
81.287 2.175
81.635 0.348
81.94 0.305
82.197 0.257
82.461 0.264
83.281 0.82
83.605 0.324
85.752 2.147
86.141 0.389
86.492 0.351
86.834 0.342
89.531 2.697
89.863 0.332
90.143 0.28
90.456 0.313
91.649 1.193
92.004 0.355
92.263 0.259
92.81 0.547
95.346 2.536
95.737 0.391
96.042 0.305
96.348 0.306
96.861 0.513
98.686 1.825
100.699 2.013
100.986 0.287
101.261 0.275
101.925 0.664
102.194 0.269
102.683 0.489
104.558 1.875
109.346 4.788
110.642 1.296
110.924 0.282
111.744 0.82
112.462 0.718
112.751 0.289
113.01 0.259
113.553 0.543
114.462 0.909
114.916 0.454
115.342 0.426
115.639 0.297
116.096 0.457
116.417 0.321
116.74 0.323
117.026 0.286
117.599 0.573
118.301 0.702
118.812 0.511
119.141 0.329
119.532 0.391
119.817 0.285
120.202 0.385
120.585 0.383
120.905 0.32
121.168 0.263
121.443 0.275
121.7 0.257
122.13 0.43
122.62 0.49
122.927 0.307
123.212 0.285
123.469 0.257
124.053 0.584
124.479 0.426
124.755 0.276
125.043 0.288
125.294 0.251
125.604 0.31
125.893 0.289
126.227 0.334
126.552 0.325
127.023 0.471
127.315 0.292
127.654 0.339
128.993 1.339
129.363 0.37
129.646 0.283
130.382 0.736
130.64 0.258
130.974 0.334
131.348 0.374
131.776 0.428
132.081 0.305
132.417 0.336
132.723 0.306
133.039 0.316
133.702 0.663
134.186 0.484
134.458 0.272
134.717 0.259
135.09 0.373
135.76 0.67
137.145 1.385
137.468 0.323
137.759 0.291
138.038 0.279
139.88 1.842
140.243 0.363
140.775 0.532
141.049 0.274
141.346 0.297
141.684 0.338
142.127 0.443
144.781 2.654
145.106 0.325
145.897 0.791
146.209 0.312
146.512 0.303
146.882 0.37
147.252 0.37
147.511 0.259
148.057 0.546
148.331 0.274
149.118 0.787
149.397 0.279
151.357 1.96
151.795 0.438
152.302 0.507
152.552 0.25
152.971 0.419
153.427 0.456
153.761 0.334
154.563 0.802
155.054 0.491
156.861 1.807
157.272 0.411
157.555 0.283
157.811 0.256
158.099 0.288
158.38 0.281
158.707 0.327
158.979 0.272
159.261 0.282
159.913 0.652
160.319 0.406
160.6 0.281
160.86 0.26
161.139 0.279
161.537 0.398
161.839 0.302
162.121 0.282
162.42 0.299
173.996 11.576
174.905 0.909
175.813 0.908
176.729 0.916
177.644 0.915
178.562 0.918
179.499 0.937
180.423 0.924
181.334 0.911
182.271 0.937
183.215 0.944
184.161 0.946
185.089 0.928
186.042 0.953
186.981 0.939
187.896 0.915
188.848 0.952
189.767 0.919
190.682 0.915
191.584 0.902
192.478 0.894
193.368 0.89
194.229 0.861
195.023 0.794
195.887 0.864
196.76 0.873
197.631 0.871
198.252 0.621
199.388 1.136
200.278 0.89
201.177 0.899
202.066 0.889
202.992 0.926
203.901 0.909
204.795 0.894
205.68 0.885
206.591 0.911
207.474 0.883
208.377 0.903
209.263 0.886
210.136 0.873
210.62 0.484
210.96 0.34
211.225 0.265
211.482 0.257
211.744 0.262
212.031 0.287
212.295 0.264
212.587 0.292
212.873 0.286
213.176 0.303
213.557 0.381
213.993 0.436
214.303 0.31
214.666 0.363
215.742 1.076
216.088 0.346
216.882 0.794
217.269 0.387
217.622 0.353
218.228 0.606
218.544 0.316
218.835 0.291
219.092 0.257
219.356 0.264
219.693 0.337
220.013 0.32
220.305 0.292
221.854 1.549
222.649 0.795
222.992 0.343
223.278 0.286
223.751 0.473
224.019 0.268
224.283 0.264
224.549 0.266
227.175 2.626
231.064 3.889
231.988 0.924
233.8 1.812
234.689 0.889
234.948 0.259
235.609 0.661
236.505 0.896
236.803 0.298
237.054 0.251
240.12 3.066
241.013 0.893
242.871 1.858
243.363 0.492
243.725 0.362
243.988 0.263
244.316 0.328
244.579 0.263
244.961 0.382
250.242 5.281
250.598 0.356
250.85 0.252
251.129 0.279
251.394 0.265
251.654 0.26
252.16 0.506
252.46 0.3
255.632 3.172
259.896 4.264
261.871 1.975
262.272 0.401
263.585 1.313
264.645 1.06
271.995 7.35
272.393 0.398
281.995 9.602
282.871 0.876
283.743 0.872
284.637 0.894
285.571 0.934
286.494 0.923
287.416 0.922
288.323 0.907
289.223 0.9
290.127 0.904
291.03 0.903
291.929 0.899
292.853 0.924
293.224 0.371
293.692 0.468
294.125 0.433
294.48 0.355
294.807 0.327
295.076 0.269
295.339 0.263
295.634 0.295
295.95 0.316
296.243 0.293
296.573 0.33
297.389 0.816
298.281 0.892
299.21 0.929
300.121 0.911
301.021 0.9
301.925 0.904
302.817 0.892
303.7 0.883
304.598 0.898
305.437 0.839
306.214 0.777
307.098 0.884
307.978 0.88
308.87 0.892
309.778 0.908
310.686 0.908
311.605 0.919
312.522 0.917
312.919 0.397
313.208 0.289
313.464 0.256
313.935 0.471
314.204 0.269
314.464 0.26
314.829 0.365
315.175 0.346
315.442 0.267
315.789 0.347
316.075 0.286
316.37 0.295
316.654 0.284
317.127 0.473
317.38 0.253
317.661 0.281
317.959 0.298
318.904 0.945
320.564 1.66
325.496 4.932
326.436 0.94
327.36 0.924
328.272 0.912
329.191 0.919
330.116 0.925
331.023 0.907
331.521 0.498
331.821 0.3
332.072 0.251
332.33 0.258
332.585 0.255
332.851 0.266
333.155 0.304
333.42 0.265
333.676 0.256
334.004 0.328
334.556 0.552
334.957 0.401
336.772 1.815
348.911 0.917
349.838 0.927
350.753 0.915
351.665 0.912
352.576 0.911
353.493 0.917
354.391 0.898
355.275 0.884
356.157 0.882
357.037 0.88
357.926 0.889
358.806 0.88
359.692 0.886
360.574 0.882
361.472 0.898
362.37 0.898
363.263 0.893
364.157 0.894
365.05 0.893
365.956 0.906
366.847 0.891
367.739 0.892
368.621 0.882
369.522 0.901
370.411 0.889
371.304 0.893
372.195 0.891
373.099 0.904
374.01 0.911
374.905 0.895
375.795 0.89
376.713 0.918
377.63 0.917
378.528 0.898
379.433 0.905
380.346 0.913
381.241 0.895
382.104 0.863
382.919 0.815
383.786 0.867
384.695 0.909
385.592 0.897
386.501 0.909
387.415 0.914
388.34 0.925
389.281 0.941
390.207 0.926
391.131 0.924
392.105 0.974
393.046 0.941
393.959 0.913
394.902 0.943
395.835 0.933
396.767 0.932
397.699 0.932
398.653 0.954
399.591 0.938
400.552 0.961
401.507 0.955
402.451 0.944
403.418 0.967
404.358 0.94
405.314 0.956
406.258 0.944
407.189 0.931
408.149 0.96
409.08 0.931
410.004 0.924
410.938 0.934
411.857 0.919
412.776 0.919
413.688 0.912
414.621 0.933
415.539 0.918
416.444 0.905
417.34 0.896
418.239 0.899
419.118 0.879
419.901 0.783
420.778 0.877
421.651 0.873
422.526 0.875
423.42 0.894
424.302 0.882
425.182 0.88
426.078 0.896
426.971 0.893
427.866 0.895
428.767 0.901
429.681 0.914
430.588 0.907
431.484 0.896
432.39 0.906
433.297 0.907
434.197 0.9
435.089 0.892
436.001 0.912
436.925 0.924
437.839 0.914
438.744 0.905
439.672 0.928
440.582 0.91
441.487 0.905
442.387 0.9
443.299 0.912
444.198 0.899
445.096 0.898
445.989 0.893
446.927 0.938
447.835 0.908
448.739 0.904
449.642 0.903
450.559 0.917
451.487 0.928
452.401 0.914
453.302 0.901
454.193 0.891
455.084 0.891
455.965 0.881
456.858 0.893
457.752 0.894
458.646 0.894
459.538 0.892
460.449 0.911
461.375 0.926
462.289 0.914
463.202 0.913
464.121 0.919
465.053 0.932
465.97 0.917
466.883 0.913
467.804 0.921
468.737 0.933
469.656 0.919
470.57 0.914
471.487 0.917
472.412 0.925
473.318 0.906
474.218 0.9
475.117 0.899
476.032 0.915
476.938 0.906
477.848 0.91
478.759 0.911
479.697 0.938
480.619 0.922
481.544 0.925
482.467 0.923
483.41 0.943
484.336 0.926
485.248 0.912
486.186 0.938
487.107 0.921
488.011 0.904
488.923 0.912
489.799 0.876
490.581 0.782
491.462 0.881
492.337 0.875
493.227 0.89
494.112 0.885
494.995 0.883
495.898 0.903
496.8 0.902
497.702 0.902
498.601 0.899
499.53 0.929
500.458 0.928
501.387 0.929
502.328 0.941
503.291 0.963
504.242 0.951
505.187 0.945
506.161 0.974
507.113 0.952
508.068 0.955
509.024 0.956
509.971 0.947
510.936 0.965
511.898 0.962
512.847 0.949
513.798 0.951
514.746 0.948
515.697 0.951
516.645 0.948
517.594 0.949
518.533 0.939
519.463 0.93
520.408 0.945
521.354 0.946
522.281 0.927
523.213 0.932
524.151 0.938
525.075 0.924
525.997 0.922
526.939 0.942
527.865 0.926
528.786 0.921
529.731 0.945
530.662 0.931
531.586 0.924
532.52 0.934
533.451 0.931
534.373 0.922
535.29 0.917
536.211 0.921
537.119 0.908
537.989 0.87
538.89 0.901
539.78 0.89
540.661 0.881
541.553 0.892
542.468 0.915
543.388 0.92
544.297 0.909
545.211 0.914
546.125 0.914
547.036 0.911
547.943 0.907
548.855 0.912
549.759 0.904
550.662 0.903
551.567 0.905
552.477 0.91
553.39 0.913
554.306 0.916
555.229 0.923
556.146 0.917
557.064 0.918
557.982 0.918
558.907 0.925
559.815 0.908
560.706 0.891
561.593 0.887
562.489 0.896
563.392 0.903
564.285 0.893
565.186 0.901
566.088 0.902
567.006 0.918
567.918 0.912
568.82 0.902
569.716 0.896
570.619 0.903
571.523 0.904
572.409 0.886
573.232 0.823
574.036 0.804
574.904 0.868
575.37 0.466
575.631 0.261
578.399 2.768
579.286 0.887
579.59 0.304
580.745 1.155
581.0 0.255
583.241 2.241
583.569 0.328
584.021 0.452
585.22 1.199
585.481 0.261
585.939 0.458
586.411 0.472
586.7 0.289
587.076 0.376
587.371 0.295
587.752 0.381
588.019 0.267
588.284 0.265
588.8 0.516
589.173 0.373
590.069 0.896
590.661 0.592
590.952 0.291
591.318 0.366
592.746 1.428
593.625 0.879
594.172 0.547
594.509 0.337
594.885 0.376
595.289 0.404
596.296 1.007
596.586 0.29
597.067 0.481
597.787 0.72
598.192 0.405
598.48 0.288
598.733 0.253
599.023 0.29
599.356 0.333
599.635 0.279
599.942 0.307
600.451 0.509
600.841 0.39
601.2 0.359
601.65 0.45
601.93 0.28
602.223 0.293
602.553 0.33
603.459 0.906
604.364 0.905
605.276 0.912
606.203 0.927
607.107 0.904
608.02 0.913
608.795 0.775
609.091 0.296
609.37 0.279
609.649 0.279
609.944 0.295
610.43 0.486
610.763 0.333
611.017 0.254
611.319 0.302
611.576 0.257
612.272 0.696
612.622 0.35
612.961 0.339
613.248 0.287
613.53 0.282
613.783 0.253