0.000 0.848
0.848 0.848
1.195 0.347
1.49 0.295
1.866 0.376
2.443 0.577
2.819 0.376
3.396 0.577
4.271 0.875
5.129 0.858
5.984 0.855
6.828 0.844
7.665 0.837
8.481 0.816
9.272 0.791
10.051 0.779
10.816 0.765
11.541 0.725
12.26 0.719
13.007 0.747
13.766 0.759
14.049 0.283
14.327 0.278
14.638 0.311
14.93 0.292
15.452 0.522
16.318 0.866
17.164 0.846
17.976 0.812
18.539 0.563
18.794 0.255
19.044 0.25
19.34 0.296
19.624 0.284
19.877 0.253
20.178 0.301
20.561 0.383
20.835 0.274
22.125 1.29
22.778 0.653
23.484 0.706
23.813 0.329
24.076 0.263
24.442 0.366
24.915 0.473
25.704 0.789
26.61 0.906
27.163 0.553
27.49 0.327
27.931 0.441
28.265 0.334
28.521 0.256
28.997 0.476
29.489 0.492
29.952 0.463
30.218 0.266
30.532 0.314
30.865 0.333
31.14 0.275
31.446 0.306
31.726 0.28
32.176 0.45
32.508 0.332
32.797 0.289
33.215 0.418
33.495 0.28
33.835 0.34
34.397 0.562
34.957 0.56
35.396 0.439
36.623 1.227
37.469 0.846
37.752 0.283
38.54 0.788
38.876 0.336
39.275 0.399
39.645 0.37
40.372 0.727
40.625 0.253
40.947 0.322
41.36 0.413
41.813 0.453
42.302 0.489
42.586 0.284
42.905 0.319
43.741 0.836
44.531 0.79
45.312 0.781
46.096 0.784
46.909 0.813
47.707 0.798
48.535 0.828
49.414 0.879
50.333 0.919
51.27 0.937
51.596 0.326
52.157 0.561
52.594 0.437
52.989 0.395
53.314 0.325
53.604 0.29
53.862 0.258
54.159 0.297
54.565 0.406
54.93 0.365
55.293 0.363
56.4 1.107
57.236 0.836
57.685 0.449
58.004 0.319
58.394 0.39
58.756 0.362
59.259 0.503
59.928 0.669
60.306 0.378
60.771 0.465
61.06 0.289
61.322 0.262
61.656 0.334
61.916 0.26
62.367 0.451
62.681 0.314
63.0 0.319
63.427 0.427
63.698 0.271
64.868 1.17
65.215 0.347
76.998 11.783
77.857 0.859
78.738 0.881
79.687 0.949
80.647 0.96
81.535 0.888
82.426 0.891
83.311 0.885
84.204 0.893
85.061 0.857
85.86 0.799
86.705 0.845
87.627 0.922
88.562 0.935
89.465 0.903
90.4 0.935
91.357 0.957
92.29 0.933
93.132 0.842
94.002 0.87
94.911 0.909
95.884 0.973
96.794 0.91
97.69 0.896
98.645 0.955
99.595 0.95
100.469 0.874
101.329 0.86
102.176 0.847
103.024 0.848
103.846 0.822
104.664 0.818
105.521 0.857
106.424 0.903
107.333 0.909
108.178 0.845
109.068 0.89
109.974 0.906
110.864 0.89
111.696 0.832
112.526 0.83
113.408 0.882
114.294 0.886
115.154 0.86
116.012 0.858
116.859 0.847
117.286 0.427
117.577 0.291
117.854 0.277
118.12 0.266
118.375 0.255
118.764 0.389
119.083 0.319
119.371 0.288
119.866 0.495
120.207 0.341
120.498 0.291
120.767 0.269
121.038 0.271
122.359 1.321
122.641 0.282
123.137 0.496
123.772 0.635
124.084 0.312
124.334 0.25
125.004 0.67
126.069 1.065
126.325 0.256
126.67 0.345
126.971 0.301
127.46 0.489
127.739 0.279
127.998 0.259
128.322 0.324
128.71 0.388
128.967 0.257
129.229 0.262
129.672 0.443
130.012 0.34
130.306 0.294
130.576 0.27
130.837 0.261
131.247 0.41
131.75 0.503
132.032 0.282
132.575 0.543
132.937 0.362
133.264 0.327
133.549 0.285
134.281 0.732
134.67 0.389
136.019 1.349
136.447 0.428
136.748 0.301
137.076 0.328
137.353 0.277
137.656 0.303
138.006 0.35
138.279 0.273
138.55 0.271
138.99 0.44
139.25 0.26
139.633 0.383
141.999 2.366
142.375 0.376
142.84 0.465
143.733 0.893
144.039 0.306
144.413 0.374
144.67 0.257
145.442 0.772
148.092 2.65
148.348 0.256
148.668 0.32
148.929 0.261
149.193 0.264
149.5 0.307
149.903 0.403
150.156 0.253
150.466 0.31
150.788 0.322
151.07 0.282
151.498 0.428
156.49 4.992
156.758 0.268
157.149 0.391
161.417 4.268
161.739 0.322
162.039 0.3
162.325 0.286
162.593 0.268
162.92 0.327
163.261 0.341
163.521 0.26
163.821 0.3
164.15 0.329
166.624 2.474
177.996 11.372
178.925 0.929
179.821 0.896
180.711 0.89
181.637 0.926
182.569 0.932
183.104 0.535
183.373 0.269
183.65 0.277
183.934 0.284
184.295 0.361
184.569 0.274
184.916 0.347
185.241 0.325
185.493 0.252
185.761 0.268
186.053 0.292
186.375 0.322
186.671 0.296
190.513 3.842
190.801 0.288
191.788 0.987
192.366 0.578
192.66 0.294
193.49 0.83
194.11 0.62
194.392 0.282
194.698 0.306
194.98 0.282
195.335 0.355
195.682 0.347
196.123 0.441
196.46 0.337
196.934 0.474
197.494 0.56
197.799 0.305
198.054 0.255
198.343 0.289
199.729 1.386
200.823 1.094
201.13 0.307
201.385 0.255
201.756 0.371
202.02 0.264
202.814 0.794
203.122 0.308
203.39 0.268
203.711 0.321
204.423 0.712
215.996 11.573
216.87 0.874
217.728 0.858
218.588 0.86
219.452 0.864
220.271 0.819
221.082 0.811
221.9 0.818
222.387 0.487
222.66 0.273
222.937 0.277
223.24 0.303
223.551 0.311
223.935 0.384
224.355 0.42
224.834 0.479
225.15 0.316
225.416 0.266
236.996 11.58
237.938 0.942
238.851 0.913
239.761 0.91
240.697 0.936
241.676 0.979
242.202 0.526
242.593 0.391
243.515 0.922
244.461 0.946
245.437 0.976
245.913 0.476
246.169 0.256
247.185 1.016
248.094 0.909
249.058 0.964
250.017 0.959
250.874 0.857
251.765 0.891
252.69 0.925
253.634 0.944
254.522 0.888
255.362 0.84
256.257 0.895
257.211 0.954
258.165 0.954
259.063 0.898
260.0 0.937
260.947 0.947
261.875 0.928
262.718 0.843
263.611 0.893
264.536 0.925
265.445 0.909
266.346 0.901
267.279 0.933
268.227 0.948
269.106 0.879
269.981 0.875
270.879 0.898
271.794 0.915
272.712 0.918
273.243 0.531
273.577 0.334
274.005 0.428
274.258 0.253
275.746 1.488
276.341 0.595
276.606 0.265
276.907 0.301
277.229 0.322
277.652 0.423
278.101 0.449
279.002 0.901
279.609 0.607
279.953 0.344
280.21 0.257
280.48 0.27
280.772 0.292
281.211 0.439
281.544 0.333
282.672 1.128
283.021 0.349
283.309 0.288
283.773 0.464
284.117 0.344
284.375 0.258
284.828 0.453
285.533 0.705
286.458 0.925
286.715 0.257
286.969 0.254
287.367 0.398
288.683 1.316
289.741 1.058
290.042 0.301
290.297 0.255
292.826 2.529
293.171 0.345
295.42 2.249
296.685 1.265
296.939 0.254
297.291 0.352
297.671 0.38
298.712 1.041
299.566 0.854
300.037 0.471
300.292 0.255
300.554 0.262
300.829 0.275
301.094 0.265
311.994 10.9
312.915 0.921
313.86 0.945
314.774 0.914
315.632 0.858
316.541 0.909
317.508 0.967
318.492 0.984
318.984 0.492
319.236 0.252
319.505 0.269
319.771 0.266
320.032 0.261
320.841 0.809
321.133 0.292
321.461 0.328
321.919 0.458
322.229 0.31
322.505 0.276
322.881 0.376
323.206 0.325
323.537 0.331
324.03 0.493
324.485 0.455
325.788 1.303
326.087 0.299
326.347 0.26
326.628 0.281
327.32 0.692
327.637 0.317
328.997 1.36
329.275 0.278
329.577 0.302
329.959 0.382
333.108 3.149
333.377 0.269
334.227 0.85
334.878 0.651
335.419 0.541
336.883 1.464
337.138 0.255
337.4 0.262
337.741 0.341
338.179 0.438
338.856 0.677
339.302 0.446
340.457 1.155
340.743 0.286
341.07 0.327
341.375 0.305
342.486 1.111
343.205 0.719
344.673 1.468
345.075 0.402
345.371 0.296
346.384 1.013
347.048 0.664
347.521 0.473
347.969 0.448
348.266 0.297
348.565 0.299
348.916 0.351
349.352 0.436
350.398 1.046
351.52 1.122
357.931 0.796
358.773 0.842
359.635 0.862
360.432 0.797
361.277 0.845
362.152 0.875
363.036 0.884
363.87 0.834
364.752 0.882
365.673 0.921
366.583 0.91
367.429 0.846
368.316 0.887
369.23 0.914
370.097 0.867
370.961 0.864
371.866 0.905
372.787 0.921
373.641 0.854
374.513 0.872
375.418 0.905
376.314 0.896
377.175 0.861
378.073 0.898
379.022 0.949
379.905 0.883
380.833 0.928
381.788 0.955
382.695 0.907
383.573 0.878
384.485 0.912
385.408 0.923
386.274 0.866
387.117 0.843
388.0 0.883
388.926 0.926
389.829 0.903
390.678 0.849
391.599 0.921
392.547 0.948
393.453 0.906
394.296 0.843
395.153 0.857
396.063 0.91
396.914 0.851
397.76 0.846
398.691 0.931
399.647 0.956
400.552 0.905
401.466 0.914
402.393 0.927
403.296 0.903
404.14 0.844
404.998 0.858
405.858 0.86
406.691 0.833
407.479 0.788
408.329 0.85
409.222 0.893
410.08 0.858
410.882 0.802
411.739 0.857
412.621 0.882
413.454 0.833
414.254 0.8
415.092 0.838
415.947 0.855
416.773 0.826
417.599 0.826
418.49 0.891
419.403 0.913
420.253 0.85
421.087 0.834
421.983 0.896
422.909 0.926
423.778 0.869
424.637 0.859
425.539 0.902
426.465 0.926
427.344 0.879
428.211 0.867
429.129 0.918
430.075 0.946
430.952 0.877
431.793 0.841
432.661 0.868
433.553 0.892
434.467 0.914
435.333 0.866
436.264 0.931
437.213 0.949
438.125 0.912
439.052 0.927
439.984 0.932
440.886 0.902
441.694 0.808
442.542 0.848
443.419 0.877
444.32 0.901
445.165 0.845
446.029 0.864
446.912 0.883
447.828 0.916
448.697 0.869
449.585 0.888
450.486 0.901
451.403 0.917
452.268 0.865
453.124 0.856
454.018 0.894
454.924 0.906
455.791 0.867
456.68 0.889
457.617 0.937
458.58 0.963
459.496 0.916
460.408 0.912
461.364 0.956
462.338 0.974
463.257 0.919
464.148 0.891
465.061 0.913
466.011 0.95
466.907 0.896
467.82 0.913
468.738 0.918
469.67 0.932
470.544 0.874
471.496 0.952
472.465 0.969
473.357 0.892
474.285 0.928
475.221 0.936
476.135 0.914
477.002 0.867
477.891 0.889
478.787 0.896
479.667 0.88
480.517 0.85
481.44 0.923
482.401 0.961
483.305 0.904
484.158 0.853
485.037 0.879
485.968 0.931
486.811 0.843
487.635 0.824
488.511 0.876
489.391 0.88
490.209 0.818
491.071 0.862
491.957 0.886
492.844 0.887
493.659 0.815
494.498 0.839
495.369 0.871
496.277 0.908
497.128 0.851
497.957 0.829
498.848 0.891
499.808 0.96
500.767 0.959
501.639 0.872
502.498 0.859
503.407 0.909
504.341 0.934
505.247 0.906
506.096 0.849
506.973 0.877
507.852 0.879
508.658 0.806
509.404 0.746
510.117 0.713
510.883 0.766
511.661 0.778
512.52 0.859
513.483 0.963
514.432 0.949
515.339 0.907
516.121 0.782
516.994 0.873
517.894 0.9
518.773 0.879
519.644 0.871
520.504 0.86
521.28 0.776
522.042 0.762
522.786 0.744
523.504 0.718
524.201 0.697
524.956 0.755
525.771 0.815
526.674 0.903
527.646 0.972
528.622 0.976
529.578 0.956
530.475 0.897
531.375 0.9
532.285 0.91
533.218 0.933
534.148 0.93
534.986 0.838
535.834 0.848
536.716 0.882
537.641 0.925
538.526 0.885
539.385 0.859
540.288 0.903
541.232 0.944
542.163 0.931
543.017 0.854
543.897 0.88
544.79 0.893
545.591 0.801
546.427 0.836
547.325 0.898
548.257 0.932
549.154 0.897
550.059 0.905
550.979 0.92
551.912 0.933
552.809 0.897
553.677 0.868
554.552 0.875
555.457 0.905
556.359 0.902
557.231 0.872
558.105 0.874
559.02 0.915
559.971 0.951
560.924 0.953
561.807 0.883
562.734 0.927
563.687 0.953
564.645 0.958
565.511 0.866
566.418 0.907
567.357 0.939
568.316 0.959
569.218 0.902
570.134 0.916
571.095 0.961
572.054 0.959
572.929 0.875
573.836 0.907
574.777 0.941
575.728 0.951
576.591 0.863
577.471 0.88
578.396 0.925
579.331 0.935
580.217 0.886
581.144 0.927
582.086 0.942
583.014 0.928
583.89 0.876
584.805 0.915
585.743 0.938
586.593 0.85
587.467 0.874
588.386 0.919
589.32 0.934
590.225 0.905
591.163 0.938
592.126 0.963
593.029 0.903
593.929 0.9
594.854 0.925
595.786 0.932
596.701 0.915
597.683 0.982
598.662 0.979
599.576 0.914
600.528 0.952
601.503 0.975
602.413 0.91
603.345 0.932
604.296 0.951
605.22 0.924
606.084 0.864
606.997 0.913
607.968 0.971
608.895 0.927
609.817 0.922
610.734 0.917
611.56 0.826
612.431 0.871
613.36 0.929
614.219 0.859