0.000 0.932
0.932 0.932
1.885 0.953
2.792 0.907
3.7 0.908
4.536 0.836
5.27 0.734
5.942 0.672
6.634 0.692
7.403 0.769
8.149 0.746
8.821 0.672
9.481 0.66
10.183 0.702
10.993 0.81
11.707 0.714
12.39 0.683
13.124 0.734
13.924 0.8
14.764 0.84
15.603 0.839
16.421 0.818
17.226 0.805
17.98 0.754
18.72 0.74
19.616 0.896
20.598 0.982
21.545 0.947
22.346 0.801
23.104 0.758
23.967 0.863
24.835 0.868
25.615 0.78
26.382 0.767
27.256 0.874
28.148 0.892
28.968 0.82
29.809 0.841
30.777 0.968
31.654 0.877
32.575 0.921
33.548 0.973
34.389 0.841
35.117 0.728
35.811 0.694
36.508 0.697
37.267 0.759
38.134 0.867
39.043 0.909
39.938 0.895
40.759 0.821
41.626 0.867
42.575 0.949
43.55 0.975
44.503 0.953
45.335 0.832
46.221 0.886
47.118 0.897
48.05 0.932
48.993 0.943
49.94 0.947
50.92 0.98
51.882 0.962
52.806 0.924
53.659 0.853
54.561 0.902
55.51 0.949
56.415 0.905
57.243 0.828
58.127 0.884
59.028 0.901
59.806 0.778
60.55 0.744
61.328 0.778
62.158 0.83
62.925 0.767
63.976 1.051
64.909 0.933
65.737 0.828
66.631 0.894
67.589 0.958
68.58 0.991
69.546 0.966
70.484 0.938
71.314 0.83
72.206 0.892
73.148 0.942
74.02 0.872
74.929 0.909
75.917 0.988
76.879 0.962
77.801 0.922
78.701 0.9
79.506 0.805
80.254 0.748
81.153 0.899
82.203 1.05
83.1 0.897
84.115 1.015
85.048 0.933
85.875 0.827
86.744 0.869
87.687 0.943
88.634 0.947
89.634 1.0
90.61 0.976
91.584 0.974
92.491 0.907
93.384 0.893
94.414 1.03
95.462 1.048
96.425 0.963
97.354 0.929
98.29 0.936
99.256 0.966
100.187 0.931
101.064 0.877
101.861 0.797
102.596 0.735
103.391 0.795
104.459 1.068
105.454 0.995
106.317 0.863
107.192 0.875
108.125 0.933
108.993 0.868
109.804 0.811
110.78 0.976
111.744 0.964
112.662 0.918
113.588 0.926
114.486 0.898
115.277 0.791
116.178 0.901
117.173 0.995
118.097 0.924
118.921 0.824
119.671 0.75
120.547 0.876
121.477 0.93
122.385 0.908
123.187 0.802
124.071 0.884
124.989 0.918
125.881 0.892
126.74 0.859
127.63 0.89
128.496 0.866
129.295 0.799
130.143 0.848
131.01 0.867
131.864 0.854
132.665 0.801
133.525 0.86
134.468 0.943
135.408 0.94
136.35 0.942
137.267 0.917
138.182 0.915
139.096 0.914
139.998 0.902
140.846 0.848
141.559 0.713
142.224 0.665
142.919 0.695
143.605 0.686
144.347 0.742
145.368 1.021
146.206 0.838
146.962 0.756
147.742 0.78
148.559 0.817
149.306 0.747
150.022 0.716
150.804 0.782
151.662 0.858
152.463 0.801
153.204 0.741
153.976 0.772
154.865 0.889
155.79 0.925
156.705 0.915
157.63 0.925
158.503 0.873
159.311 0.808
160.155 0.844
161.119 0.964
162.07 0.951
162.959 0.889
163.897 0.938
164.827 0.93
165.673 0.846
166.53 0.857
167.46 0.93
168.388 0.928
169.279 0.891
170.237 0.958
171.18 0.943
172.1 0.92
172.995 0.895
173.842 0.847
174.649 0.807
175.483 0.834
176.444 0.961
177.468 1.024
178.439 0.971
179.357 0.918
180.181 0.824
180.928 0.747
181.721 0.793
182.586 0.865
183.354 0.768
184.103 0.749
184.981 0.878
185.896 0.915
186.781 0.885
187.651 0.87
188.493 0.842
189.284 0.791
190.04 0.756
191.012 0.972
191.943 0.931
192.751 0.808
193.512 0.761
194.293 0.781
195.069 0.776
195.826 0.757
196.661 0.835
197.53 0.869
198.414 0.884
199.306 0.892
200.201 0.895
201.1 0.899
202.014 0.914
202.898 0.884
203.714 0.816
204.526 0.812
205.415 0.889
206.28 0.865
207.087 0.807
207.805 0.718
208.535 0.73
209.361 0.826
210.172 0.811
210.957 0.785
211.777 0.82
212.653 0.876
213.519 0.866
214.267 0.748
214.996 0.729
215.744 0.748
216.545 0.801
217.308 0.763
218.071 0.763
218.862 0.791
219.646 0.784
220.352 0.706
221.06 0.708
221.787 0.727
222.472 0.685
223.192 0.72
223.947 0.755
224.696 0.749
225.465 0.769
226.237 0.772
226.986 0.749
227.707 0.721
228.088 0.381
228.369 0.281
229.024 0.655
229.656 0.632
230.268 0.612
230.86 0.592
231.456 0.596
232.077 0.621
232.702 0.625
233.322 0.62
233.943 0.621
234.541 0.598
235.131 0.59
235.718 0.587
236.322 0.604
236.953 0.631
237.573 0.62
238.176 0.603
238.814 0.638
239.488 0.674
240.173 0.685
240.872 0.699
241.572 0.7
242.243 0.671
242.892 0.649
243.542 0.65
244.267 0.725
245.037 0.77
245.834 0.797
246.634 0.8
247.417 0.783
248.165 0.748
248.85 0.685
249.574 0.724
250.349 0.775
251.128 0.779
251.894 0.766
252.66 0.766
253.474 0.814
254.294 0.82
255.091 0.797
255.884 0.793
256.725 0.841
257.602 0.877
258.397 0.795
259.223 0.826
260.083 0.86
260.925 0.842
261.679 0.754
262.436 0.757
263.217 0.781
263.998 0.781
264.748 0.75
265.539 0.791
266.355 0.816
267.166 0.811
268.069 0.903
268.984 0.915
269.879 0.895
270.753 0.874
271.576 0.823
272.373 0.797
273.171 0.798
274.009 0.838
274.847 0.838
275.679 0.832
276.57 0.891
277.477 0.907
278.325 0.848
279.084 0.759
279.759 0.675
280.393 0.634
281.044 0.651
281.81 0.766
282.553 0.743
283.502 0.949
284.392 0.89
285.213 0.821
285.947 0.734
286.664 0.717
287.437 0.773
288.234 0.797
289.027 0.793
289.793 0.766
290.486 0.693
291.184 0.698
291.974 0.79
292.823 0.849
293.629 0.806
294.368 0.739
295.168 0.8
296.041 0.873
296.89 0.849
297.677 0.787
298.517 0.84
299.389 0.872
300.235 0.846
301.068 0.833
301.9 0.832
302.702 0.802
303.568 0.866
304.469 0.901
305.388 0.919
306.301 0.913
307.187 0.886
308.037 0.85
308.87 0.833
309.713 0.843
310.571 0.858
311.428 0.857
312.28 0.852
313.078 0.798
313.903 0.825
314.772 0.869
315.604 0.832
316.41 0.806
317.173 0.763
317.961 0.788
318.774 0.813
319.612 0.838
320.383 0.771
321.176 0.793
321.988 0.812
322.831 0.843
323.682 0.851
324.51 0.828
325.343 0.833
326.193 0.85
327.046 0.853
327.894 0.848
328.739 0.845
329.587 0.848
330.401 0.814
331.188 0.787
331.987 0.799
332.849 0.862
333.733 0.884
334.613 0.88
335.473 0.86
336.304 0.831
337.068 0.764
337.8 0.732
338.621 0.821
339.485 0.864
340.374 0.889
341.234 0.86
342.062 0.828
342.871 0.809
343.68 0.809
344.471 0.791
345.206 0.735
345.915 0.709
346.646 0.731
347.425 0.779
348.224 0.799
349.006 0.782
349.795 0.789
350.595 0.8
351.363 0.768
352.09 0.727
352.815 0.725
353.546 0.731
354.276 0.73
355.02 0.744
355.806 0.786
356.644 0.838
357.484 0.84
358.357 0.873
359.232 0.875
360.073 0.841
360.873 0.8
361.632 0.759
362.334 0.702
363.015 0.681
363.713 0.698
364.459 0.746
365.194 0.735
365.936 0.742
366.651 0.715
367.35 0.699
368.047 0.697
368.759 0.712
369.492 0.733
370.255 0.763
371.027 0.772
371.786 0.759
372.535 0.749
373.297 0.762
374.069 0.772
374.848 0.779
375.601 0.753
376.397 0.796
377.187 0.79
377.962 0.775
378.688 0.726
379.367 0.679
380.044 0.677
380.758 0.714
381.506 0.748
382.229 0.723
382.957 0.728
383.725 0.768
384.488 0.763
385.227 0.739
385.961 0.734
386.668 0.707
387.338 0.67
388.021 0.683
388.71 0.689
389.416 0.706
390.127 0.711
390.895 0.768
391.688 0.793
392.493 0.805
393.249 0.756
393.948 0.699
394.64 0.692
395.362 0.722
396.082 0.72
396.775 0.693
397.416 0.641
398.045 0.629
398.702 0.657
399.385 0.683
400.077 0.692
400.753 0.676
401.459 0.706
402.17 0.711
402.89 0.72
403.605 0.715
404.308 0.703
404.972 0.664
405.643 0.671
406.328 0.685
407.044 0.716
407.738 0.694
408.419 0.681
409.071 0.652
409.718 0.647
410.383 0.665
411.09 0.707
411.846 0.756
412.586 0.74
413.347 0.761
414.084 0.737
414.753 0.669
415.393 0.64
416.027 0.634
416.665 0.638
417.277 0.612
417.87 0.593
418.461 0.591
419.082 0.621
419.752 0.67
420.416 0.664
421.055 0.639
421.708 0.653
422.309 0.601
422.909 0.6
423.503 0.594
424.145 0.642
424.785 0.64
425.413 0.628
426.059 0.646
426.725 0.666
427.387 0.662
428.05 0.663
428.706 0.656
429.349 0.643
429.991 0.642
430.642 0.651
431.316 0.674
432.002 0.686
432.697 0.695
433.373 0.676
434.04 0.667
434.713 0.673
435.388 0.675
436.082 0.694
436.817 0.735
437.599 0.782
438.379 0.78
439.119 0.74
439.819 0.7
440.536 0.717
441.285 0.749
442.006 0.721
442.71 0.704
443.44 0.73
444.173 0.733
444.954 0.781
445.739 0.785
446.486 0.747
447.22 0.734
447.974 0.754
448.733 0.759
449.555 0.822
450.345 0.79
451.064 0.719
451.779 0.715
452.545 0.766
453.397 0.852
454.208 0.811
454.975 0.767
455.816 0.841
456.739 0.923
457.637 0.898
458.46 0.823
459.351 0.891
460.297 0.946
461.191 0.894
461.967 0.776
462.652 0.685
463.298 0.646
463.995 0.697
465.119 1.124
466.134 1.015
467.031 0.897
468.013 0.982
469.029 1.016
469.884 0.855
470.657 0.773
471.452 0.795
472.494 1.042
473.567 1.073
474.652 1.085
475.641 0.989
476.47 0.829
477.293 0.823
478.186 0.893
479.219 1.033
480.246 1.027
481.259 1.013
482.248 0.989
483.204 0.956
484.169 0.965
485.017 0.848
485.778 0.761
486.511 0.733
487.452 0.941
488.698 1.246
489.753 1.055
490.634 0.881
491.41 0.776
492.147 0.737
492.909 0.762
493.893 0.984
494.9 1.007
495.858 0.958
496.722 0.864
497.497 0.775
498.274 0.777
499.13 0.856
500.104 0.974
501.004 0.9
501.771 0.767
502.535 0.764
503.394 0.859
504.228 0.834
504.981 0.753
505.729 0.748
506.605 0.876
507.576 0.971
508.416 0.84
509.218 0.802
510.081 0.863
510.944 0.863
511.766 0.822
512.527 0.761
513.313 0.786
514.204 0.891
515.125 0.921
515.967 0.842
516.742 0.775
517.489 0.747
518.288 0.799
519.237 0.949
520.274 1.037
521.329 1.055
522.357 1.028
523.362 1.005
524.357 0.995
525.267 0.91
526.136 0.869
526.875 0.739
527.602 0.727
528.302 0.7
528.981 0.679
529.825 0.844
531.105 1.28
532.038 0.933
532.853 0.815
533.698 0.845
534.54 0.842
535.498 0.958
536.484 0.986
537.328 0.844
538.112 0.784
539.009 0.897
540.074 1.065
541.008 0.934
541.793 0.785
542.599 0.806
543.479 0.88
544.262 0.783
545.032 0.77
545.945 0.913
546.903 0.958
547.742 0.839
548.655 0.913
549.609 0.954
550.581 0.972
551.434 0.853
552.248 0.814
553.161 0.913
554.098 0.937
555.074 0.976
556.064 0.99
557.037 0.973
558.002 0.965
558.973 0.971
559.963 0.99
560.978 1.015
561.968 0.99
562.943 0.975
563.807 0.864
564.568 0.761
565.375 0.807
566.247 0.872
567.138 0.891
568.02 0.882
568.798 0.778
569.597 0.799
570.591 0.994
571.612 1.021
572.416 0.804
573.156 0.74
574.006 0.85
575.033 1.027
575.905 0.872
576.747 0.842
577.779 1.032
578.84 1.061
579.801 0.961
580.644 0.843
581.472 0.828
582.461 0.989
583.521 1.06
584.586 1.065
585.574 0.988
586.439 0.865
587.278 0.839
588.277 0.999
589.334 1.057
590.289 0.955
591.14 0.851
591.966 0.826
592.793 0.827
593.497 0.704
594.192 0.695
595.206 1.014
596.241 1.035
597.269 1.028
598.241 0.972
599.058 0.817
599.778 0.72
600.636 0.858
601.406 0.77
602.284 0.878
603.241 0.957
604.111 0.87
605.039 0.928
605.845 0.806
606.689 0.844
607.621 0.932
608.539 0.918
609.419 0.88
610.261 0.842
611.27 1.009
612.307 1.037
613.235 0.928
614.214 0.979