0.000 0.795
0.795 0.795
1.592 0.797
2.39 0.798
3.153 0.763
3.92 0.767
4.647 0.727
5.357 0.71
6.055 0.698
6.756 0.701
7.403 0.647
8.042 0.639
8.697 0.655
9.373 0.676
10.071 0.698
10.861 0.79
11.732 0.871
12.522 0.79
13.234 0.712
13.946 0.712
14.623 0.677
15.287 0.664
15.958 0.671
16.601 0.643
17.261 0.66
18.097 0.836
18.85 0.753
19.722 0.872
20.667 0.945
21.608 0.941
22.503 0.895
23.348 0.845
24.165 0.817
25.004 0.839
25.761 0.757
26.517 0.756
27.471 0.954
28.728 1.257
29.681 0.953
30.486 0.805
31.269 0.783
32.029 0.76
32.732 0.703
33.448 0.716
34.205 0.757
35.061 0.856
35.928 0.867
36.695 0.767
37.391 0.696
38.047 0.656
38.715 0.668
39.447 0.732
40.228 0.781
41.196 0.968
42.139 0.943
43.1 0.961
44.057 0.957
44.853 0.796
45.602 0.749
46.358 0.756
47.091 0.733
47.916 0.825
48.727 0.811
49.492 0.765
50.234 0.742
51.015 0.781
51.853 0.838
52.625 0.772
53.416 0.791
54.193 0.777
54.941 0.748
55.68 0.739
56.558 0.878
57.546 0.988
58.402 0.856
59.2 0.798
60.03 0.83
60.837 0.807
61.672 0.835
62.549 0.877
63.422 0.873
64.314 0.892
65.154 0.84
65.948 0.794
66.714 0.766
67.502 0.788
68.384 0.882
69.33 0.946
70.164 0.834
71.028 0.864
71.875 0.847
72.625 0.75
73.355 0.73
74.019 0.664
74.668 0.649
75.362 0.694
76.092 0.73
76.947 0.855
77.932 0.985
78.907 0.975
79.796 0.889
80.668 0.872
81.428 0.76
82.219 0.791
83.043 0.824
83.881 0.838
84.694 0.813
85.616 0.922
86.568 0.952
87.359 0.791
88.149 0.79
88.928 0.779
89.725 0.797
90.511 0.786
91.48 0.969
92.513 1.033
93.509 0.996
94.382 0.873
95.269 0.887
96.176 0.907
96.945 0.769
97.719 0.774
98.499 0.78
99.311 0.812
100.073 0.762
100.903 0.83
101.768 0.865
102.603 0.835
103.404 0.801
104.259 0.855
105.112 0.853
105.858 0.746
106.617 0.759
107.369 0.752
108.194 0.825
108.989 0.795
109.907 0.918
110.927 1.02
111.924 0.997
112.836 0.912
113.729 0.893
114.56 0.831
115.319 0.759
116.042 0.723
116.796 0.754
117.759 0.963
118.961 1.202
119.96 0.999
120.898 0.938
121.841 0.943
122.735 0.894
123.514 0.779
124.274 0.76
125.073 0.799
125.98 0.907
126.862 0.882
127.746 0.884
128.703 0.957
129.683 0.98
130.612 0.929
131.425 0.813
132.173 0.748
132.934 0.761
133.723 0.789
134.604 0.881
135.368 0.764
136.138 0.77
136.902 0.764
137.676 0.774
138.415 0.739
139.22 0.805
140.059 0.839
140.917 0.858
141.689 0.772
142.486 0.797
143.282 0.796
144.073 0.791
144.842 0.769
145.646 0.804
146.483 0.837
147.348 0.865
148.17 0.822
148.956 0.786
149.766 0.81
150.581 0.815
151.32 0.739
152.07 0.75
152.766 0.696
153.534 0.768
154.398 0.864
155.341 0.943
156.11 0.769
156.939 0.829
157.856 0.917
158.801 0.945
159.664 0.863
160.479 0.815
161.326 0.847
162.165 0.839
162.912 0.747
163.624 0.712
164.37 0.746
165.189 0.819
165.977 0.788
167.003 1.026
168.032 1.029
168.904 0.872
169.856 0.952
170.795 0.939
171.614 0.819
172.449 0.835
173.309 0.86
174.174 0.865
174.95 0.776
175.81 0.86
176.735 0.925
177.728 0.993
178.693 0.965
179.645 0.952
180.562 0.917
181.34 0.778
182.084 0.744
182.882 0.798
184.159 1.277
185.1 0.941
185.988 0.888
186.935 0.947
187.866 0.931
188.675 0.809
189.536 0.861
190.373 0.837
191.132 0.759
191.908 0.776
192.668 0.76
193.469 0.801
194.254 0.785
195.046 0.792
195.877 0.831
196.707 0.83
197.45 0.743
198.213 0.763
198.991 0.778
199.822 0.831
200.601 0.779
201.476 0.875
202.386 0.91
203.261 0.875
204.041 0.78
204.856 0.815
205.652 0.796
206.456 0.804
207.212 0.756
207.934 0.722
208.709 0.775
209.64 0.931
210.599 0.959
211.449 0.85
212.339 0.89
213.233 0.894
214.092 0.859
214.961 0.869
215.785 0.824
216.561 0.776
217.289 0.728
218.034 0.745
218.921 0.887
219.864 0.943
220.688 0.824
221.642 0.954
222.594 0.952
223.467 0.873
224.234 0.767
225.018 0.784
225.796 0.778
226.561 0.765
227.31 0.749
228.13 0.82
229.0 0.87
229.792 0.792
230.578 0.786
231.433 0.855
232.311 0.878
233.073 0.762
233.827 0.754
234.609 0.782
235.403 0.794
236.17 0.767
236.959 0.789
237.81 0.851
238.697 0.887
239.485 0.788
240.239 0.754
241.006 0.767
241.796 0.79
242.624 0.828
243.427 0.803
244.345 0.918
245.251 0.906
246.068 0.817
246.935 0.867
247.821 0.886
248.601 0.78
249.359 0.758
250.116 0.757
250.879 0.763
251.679 0.8
252.438 0.759
253.213 0.775
254.118 0.905
255.027 0.909
255.896 0.869
256.67 0.774
257.483 0.813
258.272 0.789
259.061 0.789
259.821 0.76
260.624 0.803
261.442 0.818
262.269 0.827
263.033 0.764
263.83 0.797
264.602 0.772
265.44 0.838
266.245 0.805
266.964 0.719
267.672 0.708
268.362 0.69
269.062 0.7
269.799 0.737
270.574 0.775
271.327 0.753
272.083 0.756
272.853 0.77
273.627 0.774
274.39 0.763
275.148 0.758
275.902 0.754
276.658 0.756
277.419 0.761
278.147 0.728
278.93 0.783
279.737 0.807
280.627 0.89
281.511 0.884
282.325 0.814
283.094 0.769
283.864 0.77
284.625 0.761
285.402 0.777
286.124 0.722
286.848 0.724
287.613 0.765
288.455 0.842
289.243 0.788
290.053 0.81
290.876 0.823
291.674 0.798
292.401 0.727
293.141 0.74
293.875 0.734
294.629 0.754
295.395 0.766
296.152 0.757
296.987 0.835
297.863 0.876
298.775 0.912
299.65 0.875
300.409 0.759
301.155 0.746
301.848 0.693
302.501 0.653
303.135 0.634
303.797 0.662
304.554 0.757
305.3 0.746
306.125 0.825
306.972 0.847
307.807 0.835
308.558 0.751
309.303 0.745
310.065 0.762
310.832 0.767
311.602 0.77
312.362 0.76
313.168 0.806
314.0 0.832
314.789 0.789
315.555 0.766
316.316 0.761
317.069 0.753
317.822 0.753
318.548 0.726
319.297 0.749
320.094 0.797
320.949 0.855
321.791 0.842
322.643 0.852
323.413 0.77
324.197 0.784
324.971 0.774
325.755 0.784
326.513 0.758
327.4 0.887
328.309 0.909
329.119 0.81
329.931 0.812
330.735 0.804
331.464 0.729
332.182 0.718
332.93 0.748
333.703 0.773
334.564 0.861
335.39 0.826
336.277 0.887
337.166 0.889
338.018 0.852
338.786 0.768
339.537 0.751
340.312 0.775
341.174 0.862
342.063 0.889
342.869 0.806
343.627 0.758
344.427 0.8
345.227 0.8
346.033 0.806
346.783 0.75
347.525 0.742
348.322 0.797
349.163 0.841
349.954 0.791
350.764 0.81
351.566 0.802
352.354 0.788
353.089 0.735
353.84 0.751
354.592 0.752
355.331 0.739
356.08 0.749
356.883 0.803
357.704 0.821
358.514 0.81
359.261 0.747
359.993 0.732
360.732 0.739
361.526 0.794
362.287 0.761
363.112 0.825
363.979 0.867
364.79 0.811
365.544 0.754
366.298 0.754
367.039 0.741
367.781 0.742
368.499 0.718
369.252 0.753
370.079 0.827
370.99 0.911
371.833 0.843
372.659 0.826
373.509 0.85
374.317 0.808
375.061 0.744
375.757 0.696
376.464 0.707
377.187 0.723
377.96 0.773
378.694 0.734
379.475 0.781
380.336 0.861
381.271 0.935
382.091 0.82
382.889 0.798
383.682 0.793
384.487 0.805
385.277 0.79
386.006 0.729
386.731 0.725
387.486 0.755
388.291 0.805
389.156 0.865
389.959 0.803
390.825 0.866
391.74 0.915
392.63 0.89
393.431 0.801
394.191 0.76
394.976 0.785
395.807 0.831
396.691 0.884
397.525 0.834
398.323 0.798
399.124 0.801
399.936 0.812
400.679 0.743
401.488 0.809
402.307 0.819
403.102 0.795
403.847 0.745
404.618 0.771
405.386 0.768
406.19 0.804
406.919 0.729
407.658 0.739
408.395 0.737
409.156 0.761
409.929 0.773
410.749 0.82
411.615 0.866
412.47 0.855
413.234 0.764
414.004 0.77
414.765 0.761
415.511 0.746
416.228 0.717
416.973 0.745
417.713 0.74
418.461 0.748
419.198 0.737
419.953 0.755
420.739 0.786
421.536 0.797
422.32 0.784
423.066 0.746
423.835 0.769
424.594 0.759
425.351 0.757
426.077 0.726
426.831 0.754
427.611 0.78
428.432 0.821
429.192 0.76
429.992 0.8
430.819 0.827
431.662 0.843
432.44 0.778
433.203 0.763
433.97 0.767
434.719 0.749
435.458 0.739
436.298 0.84
437.183 0.885
437.995 0.812
438.803 0.808
439.636 0.833
440.493 0.857
441.277 0.784
442.018 0.741
442.798 0.78
443.593 0.795
444.434 0.841
445.228 0.794
446.057 0.829
446.893 0.836
447.709 0.816
448.458 0.749
449.233 0.775
450.028 0.795
450.784 0.756
451.551 0.767
452.353 0.802
453.169 0.816
453.984 0.815
454.748 0.764
455.555 0.807
456.379 0.824
457.185 0.806
457.933 0.748
458.746 0.813
459.601 0.855
460.491 0.89
461.292 0.801
462.079 0.787
462.917 0.838
463.793 0.876
464.674 0.881
465.473 0.799
466.24 0.767
467.042 0.802
467.863 0.821
468.694 0.831
469.46 0.766
470.316 0.856
471.246 0.93
472.196 0.95
473.051 0.855
473.938 0.887
474.804 0.866
475.579 0.775
476.318 0.739
477.106 0.788
478.077 0.971
479.037 0.96
479.875 0.838
480.771 0.896
481.67 0.899
482.505 0.835
483.265 0.76
484.026 0.761
484.773 0.747
485.504 0.731
486.201 0.697
486.935 0.734
487.735 0.8
488.597 0.862
489.458 0.861
490.257 0.799
491.093 0.836
491.828 0.735
492.505 0.677
493.16 0.655
493.848 0.688
494.573 0.725
495.378 0.805
496.202 0.824
496.982 0.78
497.712 0.73
498.465 0.753
499.257 0.792
500.079 0.822
500.828 0.749
501.631 0.803
502.435 0.804
503.21 0.775
503.935 0.725
504.651 0.716
505.392 0.741
506.154 0.762
506.962 0.808
507.73 0.768
508.594 0.864
509.477 0.883
510.276 0.799
511.035 0.759
511.831 0.796
512.635 0.804
513.452 0.817
514.202 0.75
514.964 0.762
515.761 0.797
516.628 0.867
517.537 0.909
518.345 0.808
519.18 0.835
519.978 0.798
520.71 0.732
521.441 0.731
522.261 0.82
523.194 0.933
524.054 0.86
524.877 0.823
525.732 0.855
526.563 0.831
527.314 0.751
528.087 0.773
528.868 0.781
529.658 0.79
530.412 0.754
531.229 0.817
532.119 0.89
533.048 0.929
533.899 0.851
534.665 0.766
535.444 0.779
536.305 0.861
537.226 0.921
538.202 0.976
539.066 0.864
539.911 0.845
540.764 0.853
541.587 0.823
542.345 0.758
543.193 0.848
544.112 0.919
545.044 0.932
545.863 0.819
546.747 0.884
547.648 0.901
548.556 0.908
549.366 0.81
550.165 0.799
550.996 0.831
551.851 0.855
552.754 0.903
553.631 0.877
554.421 0.79
555.225 0.804
556.072 0.847
556.941 0.869
557.783 0.842
558.553 0.77
559.339 0.786
560.17 0.831
561.007 0.837
561.793 0.786
562.63 0.837
563.457 0.827
564.226 0.769
564.967 0.741
565.743 0.776
566.658 0.915
567.487 0.829
568.343 0.856
569.281 0.938
570.27 0.989
571.178 0.908
572.015 0.837
572.866 0.851
573.711 0.845
574.501 0.79
575.32 0.819
576.227 0.907
577.135 0.908
578.082 0.947
578.975 0.893
579.799 0.824
580.649 0.85
581.501 0.852
582.337 0.836
583.147 0.81
583.92 0.773
584.779 0.859
585.696 0.917
586.619 0.923
587.436 0.817
588.306 0.87
589.184 0.878
590.024 0.84
590.9 0.876
591.834 0.934
592.779 0.945
593.634 0.855
594.53 0.896
595.436 0.906
596.332 0.896
597.136 0.804
597.974 0.838
598.863 0.889
599.79 0.927
600.59 0.8
601.432 0.842
602.245 0.813
603.057 0.812
603.823 0.766
604.612 0.789
605.405 0.793
606.171 0.766
606.9 0.729
607.667 0.767
608.453 0.786
609.22 0.767
609.987 0.767
610.77 0.783
611.518 0.748