0.000 0.801
0.801 0.801
1.592 0.791
2.415 0.823
3.237 0.822
4.097 0.86
4.914 0.817
5.756 0.842
6.572 0.816
7.325 0.753
8.061 0.736
8.804 0.743
9.577 0.773
10.349 0.772
11.096 0.747
11.835 0.739
12.58 0.745
13.325 0.745
14.049 0.724
14.748 0.699
15.43 0.682
16.155 0.725
16.411 0.256
16.707 0.296
17.42 0.713
18.135 0.715
18.86 0.725
19.163 0.303
20.063 0.9
20.985 0.922
21.868 0.883
22.74 0.872
23.579 0.839
24.393 0.814
25.227 0.834
26.12 0.893
27.063 0.943
28.012 0.949
28.954 0.942
29.851 0.897
30.749 0.898
31.677 0.928
32.653 0.976
33.606 0.953
34.539 0.933
35.47 0.931
36.365 0.895
37.2 0.835
38.037 0.837
38.886 0.849
39.71 0.824
40.53 0.82
41.32 0.79
42.067 0.747
42.387 0.32
43.004 0.617
43.915 0.911
44.806 0.891
45.644 0.838
46.476 0.832
47.369 0.893
48.325 0.956
49.256 0.931
50.175 0.919
51.103 0.928
52.066 0.963
53.112 1.046
54.161 1.049
55.097 0.936
55.955 0.858
56.73 0.775
57.475 0.745
58.237 0.762
58.808 0.571
59.793 0.985
60.579 0.786
61.417 0.838
62.251 0.834
63.118 0.867
63.982 0.864
64.857 0.875
65.728 0.871
66.563 0.835
67.372 0.809
68.242 0.87
69.272 1.03
70.318 1.046
71.176 0.858
72.009 0.833
72.797 0.788
73.584 0.787
74.407 0.823
75.23 0.823
76.033 0.803
76.831 0.798
77.665 0.834
78.578 0.913
79.527 0.949
80.388 0.861
81.214 0.826
82.033 0.819
82.847 0.814
83.71 0.863
84.849 1.139
85.989 1.14
87.02 1.031
87.931 0.911
88.824 0.893
89.732 0.908
90.62 0.888
91.482 0.862
92.349 0.867
93.246 0.897
94.177 0.931
95.068 0.891
95.964 0.896
96.885 0.921
97.777 0.892
98.611 0.834
99.434 0.823
100.243 0.809
101.085 0.842
102.024 0.939
103.051 1.027
104.014 0.963
104.899 0.885
105.771 0.872
106.662 0.891
107.556 0.894
108.44 0.884
109.337 0.897
110.211 0.874
111.094 0.883
111.995 0.901
112.881 0.886
113.725 0.844
114.551 0.826
115.312 0.761
116.045 0.733
116.761 0.716
117.483 0.722
118.257 0.774
119.013 0.756
119.724 0.711
120.415 0.691
121.123 0.708
121.853 0.73
122.601 0.748
123.384 0.783
124.132 0.748
124.867 0.735
125.58 0.713
126.283 0.703
126.965 0.682
127.683 0.718
128.481 0.798
129.394 0.913
130.317 0.923
131.25 0.933
132.266 1.016
133.263 0.997
134.22 0.957
135.191 0.971
136.092 0.901
137.083 0.991
138.208 1.125
139.266 1.058
140.349 1.083
141.431 1.082
142.463 1.032
143.562 1.099
144.607 1.045
145.622 1.015
146.621 0.999
147.691 1.07
148.742 1.051
149.86 1.118
150.968 1.108
152.04 1.072
153.122 1.082
154.18 1.058
155.205 1.025
156.265 1.06
157.267 1.002
158.268 1.001
159.292 1.024
160.334 1.042
161.394 1.06
162.43 1.036
163.419 0.989
164.415 0.996
165.411 0.996
166.353 0.942
167.328 0.975
168.316 0.988
169.296 0.98
170.345 1.049
171.397 1.052
172.405 1.008
173.429 1.024
174.408 0.979
175.431 1.023
176.493 1.062
177.54 1.047
178.571 1.031
179.586 1.015
180.65 1.064
181.711 1.061
182.699 0.988
183.729 1.03
184.779 1.05
185.818 1.039
186.862 1.044
187.869 1.007
188.917 1.048
189.967 1.05
190.998 1.031
191.964 0.966
192.916 0.952
193.939 1.023
195.002 1.063
196.041 1.039
197.129 1.088
198.193 1.064
199.192 0.999
200.2 1.008
201.249 1.049
202.272 1.023
203.282 1.01
204.326 1.044
205.33 1.004
206.381 1.051
207.424 1.043
208.418 0.994
209.388 0.97
210.388 1.0
211.381 0.993
212.421 1.04
213.458 1.037
214.448 0.99
215.459 1.011
216.491 1.032
217.476 0.985
218.327 0.851
219.143 0.816
219.99 0.847
221.164 1.174
222.265 1.101
223.355 1.09
224.416 1.061
225.455 1.039
226.495 1.04
227.576 1.081
228.637 1.061
229.629 0.992
230.083 0.454
230.348 0.265
230.6 0.252
231.713 1.113
232.891 1.178
234.034 1.143
235.14 1.106
236.241 1.101
237.274 1.033
238.266 0.992
239.348 1.082
240.497 1.149
241.642 1.145
242.762 1.12
243.868 1.106
244.996 1.128
246.101 1.105
247.179 1.078
248.266 1.087
249.318 1.052
250.366 1.048
251.444 1.078
252.572 1.128
253.69 1.118
254.767 1.077
255.849 1.082
256.918 1.069
257.918 1.0
258.913 0.995
259.969 1.056
261.086 1.117
262.187 1.101
263.249 1.062
264.254 1.005
265.291 1.037
266.358 1.067
267.409 1.051
268.356 0.947
269.244 0.888
270.144 0.9
271.108 0.964
272.167 1.059
273.238 1.071
274.311 1.073
275.32 1.009
276.276 0.956
277.215 0.939
278.214 0.999
279.281 1.067
280.375 1.094
281.432 1.057
282.432 1.0
283.472 1.04
284.528 1.056
285.562 1.034
286.569 1.007
287.46 0.891
288.292 0.832
289.437 1.145
290.514 1.077
291.479 0.965
292.495 1.016
293.568 1.073
294.648 1.08
295.692 1.044
296.777 1.085
297.851 1.074
298.935 1.084
299.943 1.008
300.999 1.056
302.079 1.08
303.137 1.058
304.2 1.063
305.274 1.074
306.35 1.076
307.184 0.834
307.453 0.269
307.723 0.27
308.051 0.328
308.303 0.252
309.039 0.736
309.354 0.315
309.613 0.259
309.943 0.33
310.202 0.259
310.504 0.302
311.024 0.52
311.287 0.263
311.562 0.275
312.021 0.459
312.301 0.28
312.757 0.456
313.055 0.298
313.318 0.263
313.72 0.402
314.065 0.345
314.327 0.262
314.584 0.257
314.953 0.369
315.264 0.311
315.53 0.266
316.313 0.783
317.759 1.446
318.038 0.279
318.296 0.258
318.655 0.359
319.048 0.393
319.467 0.419
319.758 0.291
320.043 0.285
320.358 0.315
320.742 0.384
321.174 0.432
321.508 0.334
321.776 0.268
322.046 0.27
322.304 0.258
323.954 1.65
324.546 0.592
326.165 1.619
328.131 1.966
328.865 0.734
329.843 0.978
330.22 0.377
330.515 0.295
330.783 0.268
331.034 0.251
332.01 0.976
332.367 0.357
333.865 1.498
334.346 0.481
343.656 0.562
343.995 0.339
344.302 0.307
344.555 0.253
345.037 0.482
345.678 0.641
345.991 0.313
346.898 0.907
347.993 1.095
348.989 0.996
349.629 0.64
350.157 0.528
351.196 1.039
352.166 0.97
353.091 0.925
353.995 0.904
354.856 0.861
355.783 0.927
356.884 1.101
357.935 1.051
358.951 1.016
359.974 1.023
361.062 1.088
361.376 0.314
362.089 0.713
363.148 1.059
364.229 1.081
365.237 1.008
366.295 1.058
367.374 1.079
368.44 1.066
369.516 1.076
370.532 1.016
371.57 1.038
372.568 0.998
373.564 0.996
374.446 0.882
375.26 0.814
376.031 0.771
376.77 0.739
377.628 0.858
378.647 1.019
379.74 1.093
380.798 1.058
381.817 1.019
382.786 0.969
383.741 0.955
384.714 0.973
385.699 0.985
386.688 0.989
387.755 1.067
388.821 1.066
389.812 0.991
390.841 1.029
391.922 1.081
392.992 1.07
394.023 1.031
395.098 1.075
396.093 0.995
397.051 0.958
397.992 0.941
398.861 0.869
399.8 0.939
400.711 0.911
401.453 0.742
402.57 1.117
403.545 0.975
404.509 0.964
405.446 0.937
406.437 0.991
407.448 1.011
408.447 0.999
409.41 0.963
410.417 1.007
411.468 1.051
412.452 0.984
413.473 1.021
414.568 1.095
415.684 1.116
416.718 1.034
417.778 1.06
418.55 0.772
419.779 1.229
420.821 1.042
421.467 0.646
421.872 0.405
423.047 1.175
424.126 1.079
425.21 1.084
426.14 0.93
427.317 1.177
428.358 1.041
429.384 1.026
430.432 1.048
431.436 1.004
432.466 1.03
433.502 1.036
434.556 1.054
435.569 1.013
436.639 1.07
437.735 1.096
438.744 1.009
439.703 0.959
440.571 0.868
441.641 1.07
442.762 1.121
443.844 1.082
444.954 1.11
446.022 1.068
447.06 1.038
448.11 1.05
449.174 1.064
450.223 1.049
451.336 1.113
452.402 1.066
453.549 1.147
454.699 1.15
455.816 1.117
456.974 1.158
458.104 1.13
459.199 1.095
460.277 1.078
461.386 1.109
462.458 1.072
463.564 1.106
464.665 1.101
465.702 1.037
466.783 1.081
467.869 1.086
468.27 0.401
468.962 0.692
470.003 1.041
471.084 1.081
472.205 1.121
473.316 1.111
474.359 1.043
475.416 1.057
476.44 1.024
477.492 1.052
478.513 1.021
479.636 1.123
480.805 1.169
481.94 1.135
483.092 1.152
484.207 1.115
485.262 1.055
486.249 0.987
487.269 1.02
488.358 1.089
489.448 1.09
490.514 1.066
491.577 1.063
492.633 1.056
493.691 1.058
494.694 1.003
495.609 0.915
496.452 0.843
497.255 0.803
498.402 1.147
499.543 1.141
500.629 1.086
501.675 1.046
502.748 1.073
503.81 1.062
504.828 1.018
505.858 1.03
506.965 1.107
508.072 1.107
509.154 1.082
510.257 1.103
511.287 1.03
512.344 1.057
513.423 1.079
514.518 1.095
515.622 1.104
516.784 1.162
517.893 1.109
519.008 1.115
520.132 1.124
521.255 1.123
522.311 1.056
523.383 1.072
524.543 1.16
525.634 1.091
526.776 1.142
527.917 1.141
529.006 1.089
530.14 1.134
531.249 1.109
532.401 1.152
533.189 0.788
533.506 0.317
534.643 1.137
534.924 0.281
535.654 0.73
536.679 1.025
537.726 1.047
538.804 1.078
539.815 1.011
540.873 1.058
541.523 0.65
541.899 0.376
542.995 1.096
543.599 0.604
544.037 0.438
544.315 0.278
544.596 0.281
545.085 0.489
546.158 1.073
546.445 0.287
547.255 0.81
548.291 1.036
549.23 0.939
550.12 0.89
551.184 1.064
552.252 1.068
553.27 1.018
554.241 0.971
555.222 0.981
556.182 0.96
557.112 0.93
557.947 0.835
558.857 0.91
560.013 1.156
561.137 1.124
562.252 1.115
563.346 1.094
564.389 1.043
565.403 1.014
566.476 1.073
567.555 1.079
568.608 1.053
569.609 1.001
570.614 1.005
571.585 0.971
572.458 0.873
573.355 0.897
574.467 1.112
575.556 1.089
576.63 1.074
577.689 1.059
578.729 1.04
579.661 0.932
580.484 0.823
581.256 0.772
582.067 0.811
583.037 0.97
583.982 0.945
584.874 0.892
585.803 0.929
586.85 1.047
587.841 0.991
588.866 1.025
589.888 1.022
590.849 0.961
591.657 0.808
592.45 0.793
593.282 0.832
594.249 0.967
595.301 1.052
596.37 1.069
597.372 1.002
598.409 1.037
599.419 1.01
600.403 0.984
601.386 0.983
602.363 0.977
603.357 0.994
604.388 1.031
605.418 1.03
606.447 1.029
607.453 1.006
608.472 1.019
609.418 0.946
610.379 0.961
611.394 1.015
612.42 1.026
613.439 1.019
614.461 1.022
615.465 1.004
616.4 0.935
617.364 0.964
618.409 1.045
619.448 1.039
620.538 1.09
621.616 1.078