0.000 0.718
0.718 0.718
1.791 1.073
2.51 0.719
3.256 0.746
4.002 0.746
4.739 0.737
5.521 0.782
6.298 0.777
7.075 0.777
7.862 0.787
8.61 0.748
9.295 0.685
10.054 0.759
10.9 0.846
11.842 0.942
12.789 0.947
13.627 0.838
14.489 0.862
15.424 0.935
16.373 0.949
17.296 0.923
18.163 0.867
18.904 0.741
19.688 0.784
20.483 0.795
21.232 0.749
21.819 0.587
22.352 0.533
23.325 0.973
24.18 0.855
25.099 0.919
25.969 0.87
26.862 0.893
27.755 0.893
28.653 0.898
29.512 0.859
30.336 0.824
31.085 0.749
31.834 0.749
32.756 0.922
33.752 0.996
34.765 1.013
35.718 0.953
36.572 0.854
37.339 0.767
38.085 0.746
38.81 0.725
39.527 0.717
40.253 0.726
40.973 0.72
41.769 0.796
42.647 0.878
43.5 0.853
44.425 0.925
45.416 0.991
46.316 0.9
47.062 0.746
47.776 0.714
48.492 0.716
49.186 0.694
49.855 0.669
50.548 0.693
51.206 0.658
51.873 0.667
52.571 0.698
53.45 0.879
54.538 1.088
55.619 1.081
56.678 1.059
57.715 1.037
58.679 0.964
59.522 0.843
60.275 0.753
60.994 0.719
61.64 0.646
62.284 0.644
62.906 0.622
63.533 0.627
64.16 0.627
64.783 0.623
65.385 0.602
65.995 0.61
66.614 0.619
67.239 0.625
67.846 0.607
68.445 0.599
69.036 0.591
69.625 0.589
70.219 0.594
70.826 0.607
71.418 0.592
72.016 0.598
72.611 0.595
73.219 0.608
73.846 0.627
74.489 0.643
75.123 0.634
75.777 0.654
76.446 0.669
77.117 0.671
77.786 0.669
78.51 0.724
79.256 0.746
80.033 0.777
80.818 0.785
81.588 0.77
82.346 0.758
83.12 0.774
83.885 0.765
84.586 0.701
85.292 0.706
86.004 0.712
86.696 0.692
87.396 0.7
88.162 0.766
89.099 0.937
90.016 0.917
90.856 0.84
91.537 0.681
92.2 0.663
92.869 0.669
93.613 0.744
94.412 0.799
95.204 0.792
95.997 0.793
96.75 0.753
97.421 0.671
98.073 0.652
98.736 0.663
99.394 0.658
100.052 0.658
100.758 0.706
101.536 0.778
102.247 0.711
102.944 0.697
103.684 0.74
104.428 0.744
105.183 0.755
105.857 0.674
106.53 0.673
107.196 0.666
107.898 0.702
108.6 0.702
109.306 0.706
109.976 0.67
110.673 0.697
111.355 0.682
112.017 0.662
112.657 0.64
113.275 0.618
113.894 0.619
114.553 0.659
115.276 0.723
116.073 0.797
116.858 0.785
117.774 0.916
118.703 0.929
119.567 0.864
120.386 0.819
121.264 0.878
122.167 0.903
122.971 0.804
123.667 0.696
124.334 0.667
125.001 0.667
125.735 0.734
126.632 0.897
127.576 0.944
128.531 0.955
129.448 0.917
130.282 0.834
131.131 0.849
131.984 0.853
132.773 0.789
133.506 0.733
134.282 0.776
135.171 0.889
136.054 0.883
136.961 0.907
137.786 0.825
138.506 0.72
139.264 0.758
140.056 0.792
140.8 0.744
141.499 0.699
142.159 0.66
142.825 0.666
143.599 0.774
144.552 0.953
145.428 0.876
146.374 0.946
147.298 0.924
148.086 0.788
148.773 0.687
149.44 0.667
150.106 0.666
150.802 0.696
151.568 0.766
152.351 0.783
153.094 0.743
153.865 0.771
154.605 0.74
155.356 0.751
156.102 0.746
156.819 0.717
157.48 0.661
158.128 0.648
158.788 0.66
159.527 0.739
160.5 0.973
161.435 0.935
162.292 0.857
163.026 0.734
163.72 0.694
164.454 0.734
165.262 0.808
166.005 0.743
166.777 0.772
167.656 0.879
168.638 0.982
169.617 0.979
170.519 0.902
171.422 0.903
172.258 0.836
173.043 0.785
173.847 0.804
174.661 0.814
175.478 0.817
176.262 0.784
177.018 0.756
177.848 0.83
178.776 0.928
179.717 0.941
180.579 0.862
181.491 0.912
182.396 0.905
183.252 0.856
184.048 0.796
184.845 0.797
185.643 0.798
186.433 0.79
186.757 0.324
187.305 0.548
187.576 0.271
190.719 3.143
191.509 0.79
192.279 0.77
192.981 0.702
193.654 0.673
194.319 0.665
194.962 0.643
195.594 0.632
196.22 0.626
196.922 0.702
197.759 0.837
198.621 0.862
199.411 0.79
200.176 0.765
200.894 0.718
201.583 0.689
202.237 0.654
202.93 0.693
203.966 1.036
205.022 1.056
205.994 0.972
206.898 0.904
207.91 1.012
208.977 1.067
210.039 1.062
210.967 0.928
211.874 0.907
212.846 0.972
213.765 0.919
214.595 0.83
215.363 0.768
216.187 0.824
216.971 0.784
217.796 0.825
218.699 0.903
219.617 0.918
220.431 0.814
221.305 0.874
222.25 0.945
223.22 0.97
224.148 0.928
225.005 0.857
225.772 0.767
226.583 0.811
227.422 0.839
228.28 0.858
229.06 0.78
229.877 0.817
230.686 0.809
231.577 0.891
232.437 0.86
233.286 0.849
234.126 0.84
234.925 0.799
235.668 0.743
236.43 0.762
237.179 0.749
237.999 0.82
238.87 0.871
239.757 0.887
240.572 0.815
241.43 0.858
242.441 1.011
243.421 0.98
244.338 0.917
245.17 0.832
246.002 0.832
246.812 0.81
247.591 0.779
248.327 0.736
249.035 0.708
249.817 0.782
250.951 1.134
251.949 0.998
252.954 1.005
253.879 0.925
254.757 0.878
255.687 0.93
256.632 0.945
257.564 0.932
258.437 0.873
259.25 0.813
260.096 0.846
260.996 0.9
261.903 0.907
262.772 0.869
263.602 0.83
264.526 0.924
265.519 0.993
266.529 1.01
267.464 0.935
268.304 0.84
269.191 0.887
270.129 0.938
271.116 0.987
272.054 0.938
272.87 0.816
273.729 0.859
274.686 0.957
275.72 1.034
276.729 1.009
277.652 0.923
278.541 0.889
279.512 0.971
280.504 0.992
281.475 0.971
282.386 0.911
283.212 0.826
284.088 0.876
285.027 0.939
286.01 0.983
286.964 0.954
287.841 0.877
288.721 0.88
289.639 0.918
290.576 0.937
291.49 0.914
292.342 0.852
293.217 0.875
294.158 0.941
295.19 1.032
296.158 0.968
297.11 0.952
297.99 0.88
298.781 0.791
299.598 0.817
300.385 0.787
301.207 0.822
302.031 0.824
302.838 0.807
303.666 0.828
304.578 0.912
305.593 1.015
306.58 0.987
307.443 0.863
308.294 0.851
309.159 0.865
310.029 0.87
310.895 0.866
311.699 0.804
312.535 0.836
313.427 0.892
314.382 0.955
315.314 0.932
316.18 0.866
316.96 0.78
317.732 0.772
318.612 0.88
319.585 0.973
320.573 0.988
321.537 0.964
322.396 0.859
323.193 0.797
323.958 0.765
324.717 0.759
325.433 0.716
326.147 0.714
326.896 0.749
327.711 0.815
328.63 0.919
329.613 0.983
330.562 0.949
331.435 0.873
332.328 0.893
333.251 0.923
334.183 0.932
334.993 0.81
335.719 0.726
336.444 0.725
337.226 0.782
338.184 0.958
339.117 0.933
339.98 0.863
340.86 0.88
341.828 0.968
342.818 0.99
343.736 0.918
344.573 0.837
345.446 0.873
346.375 0.929
347.304 0.929
348.208 0.904
349.051 0.843
349.944 0.893
350.891 0.947
351.852 0.961
352.736 0.884
353.566 0.83
354.476 0.91
355.406 0.93
356.291 0.885
357.101 0.81
357.914 0.813
358.789 0.875
359.731 0.942
360.682 0.951
361.626 0.944
362.507 0.881
363.352 0.845
364.13 0.778
364.854 0.724
365.53 0.676
366.237 0.707
367.276 1.039
368.236 0.96
369.18 0.944
370.132 0.952
371.063 0.931
371.979 0.916
372.838 0.859
373.647 0.809
374.486 0.839
375.394 0.908
376.331 0.937
377.212 0.881
378.034 0.822
378.93 0.896
379.898 0.968
380.861 0.963
381.757 0.896
382.576 0.819
383.417 0.841
384.313 0.896
385.243 0.93
386.142 0.899
386.994 0.852
387.817 0.823
388.707 0.89
389.644 0.937
390.596 0.952
391.488 0.892
392.339 0.851
393.219 0.88
394.111 0.892
394.955 0.844
395.696 0.741
396.398 0.702
397.104 0.706
397.904 0.8
398.614 0.71
399.294 0.68
400.001 0.707
400.773 0.772
401.505 0.732
402.213 0.708
402.99 0.777
403.827 0.837
404.628 0.801
405.342 0.714
406.011 0.669
406.689 0.678
407.409 0.72
408.229 0.82
409.157 0.928
410.101 0.944
411.059 0.958
412.024 0.965
412.923 0.899
413.754 0.831
414.616 0.862
415.586 0.97
416.576 0.99
417.591 1.015
418.583 0.992
419.546 0.963
420.526 0.98
421.518 0.992
422.454 0.936
423.297 0.843
424.107 0.81
425.0 0.893
425.974 0.974
426.936 0.962
427.831 0.895
428.777 0.946
429.759 0.982
430.715 0.956
431.53 0.815
432.32 0.79
433.155 0.835
434.14 0.985
435.149 1.009
436.083 0.934
436.914 0.831
437.713 0.799
438.591 0.878
439.523 0.932
440.457 0.934
441.355 0.898
442.144 0.789
442.978 0.834
443.893 0.915
444.822 0.929
445.701 0.879
446.515 0.814
447.316 0.801
448.146 0.83
449.04 0.894
449.949 0.909
450.829 0.88
451.645 0.816
452.48 0.835
453.349 0.869
454.235 0.886
455.08 0.845
455.858 0.778
456.709 0.851
457.616 0.907
458.545 0.929
459.384 0.839
460.125 0.741
460.807 0.682
461.506 0.699
462.248 0.742
463.031 0.783
463.864 0.833
464.604 0.74
465.379 0.775
466.222 0.843
467.176 0.954
468.13 0.954
469.017 0.887
469.855 0.838
470.708 0.853
471.589 0.881
472.499 0.91
473.385 0.886
474.243 0.858
475.157 0.914
476.138 0.981
477.153 1.015
478.087 0.934
478.959 0.872
479.858 0.899
480.758 0.9
481.603 0.845
482.375 0.772
483.146 0.771
484.022 0.876
485.001 0.979
485.961 0.96
486.829 0.868
487.644 0.815
488.496 0.852
489.389 0.893
490.328 0.939
491.16 0.832
491.909 0.749
492.694 0.785
493.517 0.823
494.397 0.88
495.231 0.834
496.034 0.803
496.96 0.926
497.937 0.977
498.9 0.963
499.766 0.866
500.633 0.867
501.544 0.911
502.428 0.884
503.22 0.792
503.942 0.722
504.716 0.774
505.659 0.943
506.652 0.993
507.517 0.865
508.274 0.757
509.07 0.796
509.936 0.866
510.68 0.744
511.391 0.711
512.068 0.677
512.749 0.681
513.466 0.717
514.149 0.683
514.8 0.651
515.444 0.644
516.121 0.677
516.85 0.729
517.674 0.824
518.516 0.842
519.397 0.881
520.284 0.887
521.17 0.886
522.009 0.839
522.818 0.809
523.592 0.774
524.298 0.706
525.014 0.716
525.789 0.775
526.751 0.962
527.739 0.988
528.674 0.935
529.492 0.818
530.286 0.794
531.082 0.796
531.819 0.737
532.518 0.699
533.319 0.801
534.264 0.945
535.134 0.87
535.869 0.735
536.562 0.693
537.305 0.743
538.054 0.749
538.765 0.711
539.553 0.788
540.366 0.813
541.129 0.763
541.911 0.782
542.689 0.778
543.465 0.776
544.301 0.836
545.195 0.894
546.022 0.827
546.852 0.83
547.606 0.754
548.328 0.722
549.108 0.78
550.002 0.894
550.884 0.882
551.763 0.879
552.579 0.816
553.295 0.716
554.048 0.753
554.822 0.774
555.649 0.827
556.551 0.902
557.393 0.842
558.17 0.777
558.95 0.78
559.765 0.815
560.682 0.917
561.603 0.921
562.402 0.799
563.103 0.701
563.816 0.713
564.626 0.81
565.659 1.033
566.697 1.038
567.69 0.993
568.656 0.966
569.614 0.958
570.477 0.863
571.382 0.905
572.279 0.897
573.164 0.885
574.014 0.85
574.907 0.893
575.79 0.883
576.72 0.93
577.658 0.938
578.546 0.888
579.395 0.849
580.339 0.944
581.306 0.967
582.237 0.931
583.165 0.928
584.085 0.92
584.919 0.834
585.777 0.858
586.664 0.887
587.574 0.91
588.48 0.906
589.371 0.891
590.205 0.834
590.963 0.758
591.722 0.759
592.602 0.88
593.615 1.013
594.646 1.031
595.62 0.974
596.474 0.854
597.273 0.799
598.07 0.797
598.87 0.8
599.66 0.79
600.411 0.751
601.182 0.771
602.006 0.824
602.957 0.951
603.919 0.962
604.851 0.932
605.718 0.867
606.653 0.935
607.622 0.969
608.587 0.965
609.456 0.869
610.232 0.776
611.053 0.821
611.934 0.881
612.897 0.963
613.876 0.979
614.773 0.897
615.653 0.88
616.569 0.916
617.544 0.975
618.337 0.793
619.105 0.768
619.904 0.799
620.835 0.931
621.781 0.946
622.718 0.937
623.673 0.955
624.578 0.905
625.45 0.872
626.357 0.907
627.213 0.856
628.027 0.814
628.786 0.759
629.603 0.817
630.475 0.872
631.418 0.943
632.291 0.873
633.095 0.804
633.814 0.719
634.537 0.723
635.286 0.749
636.14 0.854
637.054 0.914
637.949 0.895
638.758 0.809
639.652 0.894
640.553 0.901
641.465 0.912
642.383 0.918
643.213 0.83
643.934 0.721
644.617 0.683
645.324 0.707
646.168 0.844
647.172 1.004
648.242 1.07
649.305 1.063
650.254 0.949
651.162 0.908
652.028 0.866
652.845 0.817
653.57 0.725
654.273 0.703
654.997 0.724
655.761 0.764
656.616 0.855
657.508 0.892
658.44 0.932
659.336 0.896
660.103 0.767
660.827 0.724
661.554 0.727
662.274 0.72
662.936 0.662
663.61 0.674
664.252 0.642
664.877 0.625
665.498 0.621
666.114 0.616
666.718 0.604
667.329 0.611
667.932 0.603
668.537 0.605
669.135 0.598
669.731 0.596
670.321 0.59
670.911 0.59
671.493 0.582
672.102 0.609
672.79 0.688
673.518 0.728
674.29 0.772
675.067 0.777
675.854 0.787
676.64 0.786
677.422 0.782
678.168 0.746
678.867 0.699
679.564 0.697
680.403 0.839