0.000 0.959
0.959 0.959
1.968 1.009
2.965 0.997
3.962 0.997
4.886 0.924
5.748 0.862
6.712 0.964
7.768 1.056
8.841 1.073
9.825 0.984
10.689 0.864
11.599 0.91
12.617 1.018
13.673 1.056
14.654 0.981
15.613 0.959
16.695 1.082
17.675 0.98
18.576 0.901
19.572 0.996
20.636 1.064
21.621 0.985
22.505 0.884
23.48 0.975
24.489 1.009
25.422 0.933
26.356 0.934
27.27 0.914
28.156 0.886
29.103 0.947
30.184 1.081
31.318 1.134
32.455 1.137
33.553 1.098
34.555 1.002
35.544 0.989
36.354 0.81
37.095 0.741
37.859 0.764
39.152 1.293
40.275 1.123
41.323 1.048
42.234 0.911
43.392 1.158
44.676 1.284
45.857 1.181
46.886 1.029
47.89 1.004
49.068 1.178
50.175 1.107
51.103 0.928
51.932 0.829
52.825 0.893
53.704 0.879
54.459 0.755
55.784 1.325
56.857 1.073
57.754 0.897
58.734 0.98
59.737 1.003
60.729 0.992
61.678 0.949
62.575 0.897
63.537 0.962
64.522 0.985
65.469 0.947
66.417 0.948
67.291 0.874
68.077 0.786
68.854 0.777
69.628 0.774
70.381 0.753
71.099 0.718
71.804 0.705
72.52 0.716
73.214 0.694
73.94 0.726
74.736 0.796
75.53 0.794
76.435 0.905
77.339 0.904
78.187 0.848
79.097 0.91
80.089 0.992
81.126 1.037
82.097 0.971
82.938 0.841
83.724 0.786
84.657 0.933
85.748 1.091
86.874 1.126
87.898 1.024
88.802 0.904
89.829 1.027
91.019 1.19
92.138 1.119
93.099 0.961
93.995 0.896
94.988 0.993
96.088 1.1
97.13 1.042
98.133 1.003
99.022 0.889
99.941 0.919
100.956 1.015
101.93 0.974
102.875 0.945
103.657 0.782
104.413 0.756
105.206 0.793
106.064 0.858
106.847 0.783
107.617 0.77
108.399 0.782
109.388 0.989
110.359 0.971
111.289 0.93
112.108 0.819
112.96 0.852
113.786 0.826
114.685 0.899
115.626 0.941
116.691 1.065
117.626 0.935
118.539 0.913
119.593 1.054
120.694 1.101
121.765 1.071
122.715 0.95
123.601 0.886
124.481 0.88
125.448 0.967
126.432 0.984
127.353 0.921
128.19 0.837
129.117 0.927
130.166 1.049
131.213 1.047
132.167 0.954
133.149 0.982
134.216 1.067
135.254 1.038
136.205 0.951
137.182 0.977
138.303 1.121
139.352 1.049
140.266 0.914
141.231 0.965
142.245 1.014
143.262 1.017
144.23 0.968
145.095 0.865
145.958 0.863
146.947 0.989
148.008 1.061
149.065 1.057
150.037 0.972
151.018 0.981
152.048 1.03
153.106 1.058
154.077 0.971
154.982 0.905
155.963 0.981
156.966 1.003
157.861 0.895
158.693 0.832
159.491 0.798
160.363 0.872
161.369 1.006
162.471 1.102
163.618 1.147
164.7 1.082
165.725 1.025
166.636 0.911
167.47 0.834
168.246 0.776
169.561 1.315
170.68 1.119
171.739 1.059
172.751 1.012
173.646 0.895
174.645 0.999
175.767 1.122
176.89 1.123
177.872 0.982
178.895 1.023
180.027 1.132
181.134 1.107
182.142 1.008
183.065 0.923
184.126 1.061
185.203 1.077
186.204 1.001
187.132 0.928
187.991 0.859
188.907 0.916
189.782 0.875
190.835 1.053
191.86 1.025
192.771 0.911
193.649 0.878
194.648 0.999
195.687 1.039
196.632 0.945
197.517 0.885
198.493 0.976
199.523 1.03
200.486 0.963
201.392 0.906
202.35 0.958
203.36 1.01
204.347 0.987
205.253 0.906
206.204 0.951
207.251 1.047
208.31 1.059
209.286 0.976
210.267 0.981
211.319 1.052
212.38 1.061
213.374 0.994
214.309 0.935
215.333 1.024
216.413 1.08
217.488 1.075
218.523 1.035
219.579 1.056
220.69 1.111
221.788 1.098
222.796 1.008
223.761 0.965
224.73 0.969
225.616 0.886
226.449 0.833
227.379 0.93
228.476 1.097
229.528 1.052
230.492 0.964
231.491 0.999
232.574 1.083
233.681 1.107
234.703 1.022
235.681 0.978
236.721 1.04
237.724 1.003
238.66 0.936
239.635 0.975
240.719 1.084
241.73 1.011
242.651 0.921
243.669 1.018
244.702 1.033
245.643 0.941
246.488 0.845
247.286 0.798
248.437 1.151
249.498 1.061
250.525 1.027
251.535 1.01
252.443 0.908
253.365 0.922
254.409 1.044
255.441 1.032
256.327 0.886
257.177 0.85
258.128 0.951
259.193 1.065
260.23 1.037
261.23 1.0
262.21 0.98
263.165 0.955
264.032 0.867
264.974 0.942
266.032 1.058
267.107 1.075
268.012 0.905
268.952 0.94
269.939 0.987
270.83 0.891
271.644 0.814
272.417 0.773
273.6 1.183
274.669 1.069
275.689 1.02
276.638 0.949
277.499 0.861
278.387 0.888
279.347 0.96
280.332 0.985
281.241 0.909
282.177 0.936
283.206 1.029
284.203 0.997
285.117 0.914
285.944 0.827
286.841 0.897
287.827 0.986
288.857 1.03
289.875 1.018
290.826 0.951
291.754 0.928
292.76 1.006
293.794 1.034
294.808 1.014
295.761 0.953
296.62 0.859
297.413 0.793
298.476 1.063
299.612 1.136
300.528 0.916
301.448 0.92
302.482 1.034
303.552 1.07
304.605 1.053
305.594 0.989
306.573 0.979
307.654 1.081
308.677 1.023
309.629 0.952
310.661 1.032
311.74 1.079
312.771 1.031
313.743 0.972
314.654 0.911
315.5 0.846
316.404 0.904
317.235 0.831
318.073 0.838
319.175 1.102
320.209 1.034
321.143 0.934
322.076 0.933
323.112 1.036
324.209 1.097
325.268 1.059
326.279 1.011
327.203 0.924
328.209 1.006
329.282 1.073
330.349 1.067
331.417 1.068
332.383 0.966
333.455 1.072
334.599 1.144
335.626 1.027
336.567 0.941
337.443 0.876
338.384 0.941
339.365 0.981
340.364 0.999
341.326 0.962
342.212 0.886
343.123 0.911
344.113 0.99
345.119 1.006
345.95 0.831
346.749 0.799
347.648 0.899
348.749 1.101
349.842 1.093
350.885 1.043
351.957 1.072
353.05 1.093
354.2 1.15
355.357 1.157
356.467 1.11
357.566 1.099
358.65 1.084
359.707 1.057
360.748 1.041
361.668 0.92
362.472 0.804
363.232 0.76
363.976 0.744
364.704 0.728
365.604 0.9
366.709 1.105
367.784 1.075
368.743 0.959
369.783 1.04
370.907 1.124
371.982 1.075
373.07 1.088
374.125 1.055
375.059 0.934
375.911 0.852
376.747 0.836
377.626 0.879
378.583 0.957
379.679 1.096
380.647 0.968
381.512 0.865
382.306 0.794
383.212 0.906
384.353 1.141
385.448 1.095
386.489 1.041
387.51 1.021
388.457 0.947
389.428 0.971
390.403 0.975
391.38 0.977
392.341 0.961
393.238 0.897
394.169 0.931
395.057 0.888
395.951 0.894
396.793 0.842
397.569 0.776
398.338 0.769
399.189 0.851
399.921 0.732
400.659 0.738
401.49 0.831
402.363 0.873
403.156 0.793
403.918 0.762
404.824 0.906
405.855 1.031
406.849 0.994
407.837 0.988
408.808 0.971
409.688 0.88
410.475 0.787
411.23 0.755
411.927 0.697
412.621 0.694
413.331 0.71
414.306 0.975
415.288 0.982
416.293 1.005
417.206 0.913
417.953 0.747
418.723 0.77
419.513 0.79
420.282 0.769
421.041 0.759
421.876 0.835
422.726 0.85
423.618 0.892
424.48 0.862
425.304 0.824
426.169 0.865
426.983 0.814
427.795 0.812
428.635 0.84
429.513 0.878
430.294 0.781
431.166 0.872
432.191 1.025
433.222 1.031
434.263 1.041
435.283 1.02
436.256 0.973
437.241 0.985
438.212 0.971
439.137 0.925
440.111 0.974
441.094 0.983
441.955 0.861
442.903 0.948
444.015 1.112
445.094 1.079
446.037 0.943
447.044 1.007
448.131 1.087
449.016 0.885
449.96 0.944
450.921 0.961
451.926 1.005
452.815 0.889
453.701 0.886
454.664 0.963
455.606 0.942
456.475 0.869
457.322 0.847
458.258 0.936
459.211 0.953
460.153 0.942
461.013 0.86
461.945 0.932
462.929 0.984
463.852 0.923
464.758 0.906
465.735 0.977
466.721 0.986
467.704 0.983
468.669 0.965
469.634 0.965
470.586 0.952
471.5 0.914
472.541 1.041
473.578 1.037
474.552 0.974
475.448 0.896
476.419 0.971
477.344 0.925
478.308 0.964
479.25 0.942
480.154 0.904
481.094 0.94
482.136 1.042
483.121 0.985
484.067 0.946
485.098 1.031
486.114 1.016
487.126 1.012
488.091 0.965
489.079 0.988
490.09 1.011
491.099 1.009
492.09 0.991
493.07 0.98
494.085 1.015
495.103 1.018
496.047 0.944
497.052 1.005
498.116 1.064
499.112 0.996
500.04 0.928
501.052 1.012
502.066 1.014
503.014 0.948
503.998 0.984
504.996 0.998
505.899 0.903
506.785 0.886
507.739 0.954
508.752 1.013
509.748 0.996
510.636 0.888
511.475 0.839
512.366 0.891
513.342 0.976
514.36 1.018
515.441 1.081
516.456 1.015
517.523 1.067
518.613 1.09
519.68 1.067
520.675 0.995
521.706 1.031
522.817 1.111
523.952 1.135
525.013 1.061
526.048 1.035
527.01 0.962
527.995 0.985
529.087 1.092
530.223 1.136
531.337 1.114
532.4 1.063
533.376 0.976
534.252 0.876
535.172 0.92
536.148 0.976
537.191 1.043
538.226 1.035
539.159 0.933
540.023 0.864
540.984 0.961
541.985 1.001
542.943 0.958
543.844 0.901
544.851 1.007
545.93 1.079
546.949 1.019
547.929 0.98
548.949 1.02
550.002 1.053
550.954 0.952
551.878 0.924
552.893 1.015
553.931 1.038
554.827 0.896
555.711 0.884
556.696 0.985
557.682 0.986
558.592 0.91
559.583 0.991
560.638 1.055
561.698 1.06
562.687 0.989
563.671 0.984
564.731 1.06
565.792 1.061
566.782 0.99
567.66 0.878
568.633 0.973
569.729 1.096
570.744 1.015
571.652 0.908
572.623 0.971
573.716 1.093
574.782 1.066
575.773 0.991
576.721 0.948
577.698 0.977
578.611 0.913
579.6 0.989
580.558 0.958
581.422 0.864
582.301 0.879
583.302 1.001
584.381 1.079
585.46 1.079
586.488 1.028
587.504 1.016
588.463 0.959
589.477 1.014
590.528 1.051
591.504 0.976
592.396 0.892
593.336 0.94
593.69 0.354
594.278 0.588
594.721 0.443
595.119 0.398
595.594 0.475
595.951 0.357
596.727 0.776
597.475 0.748
598.217 0.742
598.926 0.709
599.635 0.709
600.364 0.729
601.189 0.825