0.000 0.592
0.592 0.592
1.544 0.952
2.257 0.713
3.658 1.401
4.527 0.869
5.382 0.855
6.185 0.803
6.96 0.775
7.76 0.8
8.526 0.766
9.256 0.73
9.964 0.708
10.663 0.699
11.346 0.683
12.011 0.665
12.685 0.674
13.405 0.72
14.173 0.768
14.99 0.817
15.872 0.882
16.79 0.918
17.667 0.877
18.457 0.79
19.214 0.757
19.956 0.742
20.665 0.709
21.357 0.692
22.035 0.678
22.742 0.707
23.504 0.762
24.289 0.785
25.127 0.838
25.991 0.864
26.858 0.867
27.663 0.805
28.491 0.828
29.294 0.803
30.081 0.787
30.843 0.762
31.639 0.796
31.967 0.328
32.365 0.398
32.951 0.586
33.516 0.565
33.851 0.335
34.655 0.804
35.482 0.827
36.316 0.834
37.156 0.84
37.97 0.814
38.741 0.771
39.534 0.793
40.311 0.777
41.075 0.764
41.81 0.735
42.542 0.732
43.263 0.721
43.983 0.72
44.778 0.795
45.603 0.825
46.375 0.772
47.152 0.777
47.942 0.79
48.71 0.768
49.442 0.732
50.189 0.747
50.948 0.759
51.697 0.749
52.408 0.711
53.129 0.721
53.867 0.738
54.594 0.727
55.282 0.688
55.944 0.662
56.625 0.681
57.375 0.75
58.113 0.738
58.591 0.478
59.611 1.02
60.311 0.7
60.986 0.675
61.646 0.66
62.297 0.651
62.966 0.669
63.665 0.699
64.339 0.674
64.975 0.636
65.625 0.65
66.328 0.703
67.103 0.775
67.931 0.828
68.802 0.871
69.61 0.808
70.374 0.764
71.124 0.75
71.87 0.746
72.613 0.743
73.351 0.738
74.112 0.761
74.894 0.782
75.7 0.806
76.524 0.824
77.372 0.848
78.218 0.846
79.025 0.807
79.786 0.761
80.534 0.748
81.255 0.721
81.829 0.574
82.182 0.353
82.721 0.539
83.338 0.617
84.261 0.923
84.967 0.706
85.644 0.677
86.313 0.669
87.007 0.694
87.76 0.753
88.567 0.807
89.048 0.481
90.115 1.067
90.841 0.726
91.52 0.679
92.036 0.516
92.789 0.753
93.464 0.675
94.2 0.736
95.026 0.826
95.916 0.89
96.827 0.911
97.335 0.508
98.501 1.166
99.29 0.789
100.064 0.774
100.788 0.724
101.479 0.691
102.206 0.727
102.971 0.765
103.761 0.79
104.498 0.737
105.271 0.773
106.114 0.843
107.023 0.909
107.881 0.858
108.767 0.886
109.612 0.845
110.396 0.784
111.131 0.735
111.658 0.527
112.682 1.024
113.394 0.712
114.089 0.695
114.818 0.729
115.344 0.526
116.363 1.019
117.044 0.681
117.751 0.707
118.447 0.696
119.024 0.577
119.874 0.85
120.657 0.783
121.484 0.827
122.287 0.803
123.153 0.866
124.082 0.929
124.954 0.872
125.749 0.795
126.569 0.82
127.321 0.752
128.019 0.698
128.699 0.68
129.383 0.684
129.706 0.323
129.989 0.283
130.315 0.326
130.772 0.457
131.15 0.378
131.471 0.321
132.192 0.721
132.883 0.691
133.547 0.664
134.19 0.643
134.836 0.646
135.498 0.662
136.177 0.679
136.904 0.727
137.651 0.747
138.159 0.508
139.116 0.957
139.808 0.692
140.503 0.695
141.182 0.679
141.868 0.686
142.598 0.73
143.346 0.748
144.124 0.778
144.911 0.787
145.721 0.81
146.53 0.809
147.292 0.762
148.01 0.718
148.74 0.73
149.471 0.731
150.075 0.604
151.058 0.983
151.798 0.74
152.555 0.757
153.29 0.735
154.023 0.733
154.777 0.754
155.567 0.79
156.337 0.77
157.06 0.723
157.784 0.724
158.492 0.708
159.192 0.7
159.885 0.693
160.592 0.707
161.339 0.747
162.101 0.762
162.858 0.757
163.617 0.759
164.376 0.759
165.122 0.746
165.831 0.709
166.53 0.699
167.214 0.684
167.895 0.681
168.571 0.676
169.251 0.68
169.947 0.696
170.501 0.554
171.455 0.954
172.133 0.678
172.83 0.697
173.511 0.681
174.206 0.695
174.897 0.691
175.613 0.716
176.362 0.749
177.129 0.767
177.862 0.733
178.628 0.766
179.428 0.8
180.215 0.787
180.943 0.728
181.669 0.726
182.156 0.487
183.138 0.982
183.797 0.659
184.456 0.659
185.116 0.66
185.798 0.682
186.5 0.702
187.269 0.769
187.747 0.478
188.841 1.094
189.521 0.68
190.204 0.683
190.887 0.683
191.595 0.708
192.318 0.723
193.084 0.766
193.935 0.851
194.812 0.877
195.622 0.81
196.419 0.797
197.202 0.783
197.933 0.731
198.639 0.706
199.338 0.699
200.028 0.69
200.733 0.705
201.431 0.698
202.113 0.682
202.795 0.682
203.493 0.698
204.173 0.68
204.775 0.602
205.523 0.748
206.179 0.656
206.851 0.672
207.528 0.677
208.195 0.667
208.847 0.652
209.514 0.667
210.195 0.681
210.868 0.673
211.362 0.494
212.35 0.988
213.089 0.739
213.876 0.787
214.65 0.774
215.411 0.761
216.2 0.789
216.948 0.748
217.7 0.752
218.451 0.751
219.193 0.742
219.946 0.753
220.68 0.734
221.181 0.501
222.182 1.001
222.879 0.697
223.569 0.69
224.234 0.665
224.924 0.69
225.655 0.731
226.49 0.835
227.405 0.915
228.227 0.822
229.044 0.817
229.851 0.807
230.643 0.792
231.415 0.772
232.24 0.825
233.046 0.806
233.843 0.797
234.579 0.736
235.341 0.762
236.105 0.764
236.878 0.773
237.633 0.755
238.386 0.753
239.147 0.761
239.894 0.747
240.602 0.708
241.143 0.541
242.088 0.945
242.783 0.695
243.386 0.603
244.16 0.774
244.825 0.665
245.562 0.737
246.317 0.755
246.798 0.481
247.814 1.016
248.495 0.681
249.172 0.677
249.832 0.66
250.186 0.354
250.471 0.285
250.856 0.385
251.42 0.564
251.705 0.285
252.382 0.677
253.156 0.774
254.043 0.887
254.888 0.845
255.758 0.87
256.315 0.557
257.435 1.12
258.146 0.711
258.842 0.696
259.518 0.676
260.181 0.663
260.855 0.674
261.547 0.692
262.257 0.71
262.988 0.731
263.739 0.751
264.546 0.807
265.379 0.833
265.873 0.494
266.846 0.973
267.506 0.66
268.16 0.654
268.813 0.653
269.493 0.68
270.222 0.729
271.048 0.826
271.897 0.849
272.766 0.869
273.662 0.896
274.414 0.752
274.752 0.338
275.118 0.366
275.625 0.507
276.545 0.92
276.827 0.282
277.098 0.271
277.414 0.316
279.06 1.646
279.664 0.604
280.264 0.6
281.234 0.97
281.861 0.627
282.63 0.769
283.252 0.622
283.859 0.607
284.456 0.597
285.009 0.553
285.531 0.522
286.264 0.733
286.858 0.594
287.467 0.609
288.091 0.624
288.741 0.65
289.429 0.688
290.156 0.727
290.748 0.592
291.406 0.658
292.379 0.973
293.097 0.718
293.872 0.775
294.614 0.742
295.402 0.788
296.245 0.843
297.107 0.862
297.931 0.824
298.802 0.871
299.701 0.899
300.531 0.83
301.344 0.813
302.167 0.823
302.971 0.804
303.58 0.609
304.447 0.867
305.13 0.683
305.832 0.702
306.526 0.694
307.249 0.723
307.992 0.743
308.805 0.813
309.617 0.812
310.421 0.804
311.174 0.753
311.91 0.736
312.653 0.743
313.409 0.756
314.195 0.786
314.676 0.481
315.708 1.032
316.404 0.696
317.102 0.698
317.782 0.68
318.511 0.729
319.33 0.819
320.159 0.829
320.956 0.797
321.834 0.878
322.761 0.927
323.66 0.899
324.509 0.849
325.343 0.834
326.115 0.772
326.874 0.759
327.609 0.735
328.335 0.726
329.003 0.668
329.663 0.66
330.305 0.642
330.927 0.622
331.548 0.621
332.191 0.643
332.851 0.66
333.546 0.695
334.232 0.686
334.924 0.692
335.613 0.689
336.332 0.719
337.05 0.718
337.636 0.586
338.573 0.937
339.274 0.701
339.984 0.71
340.68 0.696
341.384 0.704
342.062 0.678
342.776 0.714
343.568 0.792
344.386 0.818
345.185 0.799
345.947 0.762
346.674 0.727
347.401 0.727
348.149 0.748
348.969 0.82
349.775 0.806
350.566 0.791
351.383 0.817
352.167 0.784
352.953 0.786
353.679 0.726
354.303 0.624
355.291 0.988
356.054 0.763
356.589 0.535
357.448 0.859
358.092 0.644
358.751 0.659
359.452 0.701
359.931 0.479
360.929 0.998
361.597 0.668
362.261 0.664
362.899 0.638
363.526 0.627
364.032 0.506
365.107 1.075
365.829 0.722
366.298 0.469
367.404 1.106
368.1 0.696
368.889 0.789
369.75 0.861
370.656 0.906
371.484 0.828
371.985 0.501
373.122 1.137
373.911 0.789
374.654 0.743
375.444 0.79
376.218 0.774
377.049 0.831
377.852 0.803
378.715 0.863
379.577 0.862
380.414 0.837
381.206 0.792
381.701 0.495
382.727 1.026
383.399 0.672
384.102 0.703
384.81 0.708
385.301 0.491
386.327 1.026
386.999 0.672
387.727 0.728
388.467 0.74
389.303 0.836
390.17 0.867
391.104 0.934
392.058 0.954
392.996 0.938
393.896 0.9
394.724 0.828
395.526 0.802
396.267 0.741
397.003 0.736
397.276 0.273
397.739 0.463
398.477 0.738
399.218 0.741
399.941 0.723
400.548 0.607
401.449 0.901
402.185 0.736
402.912 0.727
403.644 0.732
404.181 0.537
405.198 1.017
405.906 0.708
406.614 0.708
407.34 0.726
408.067 0.727
408.808 0.741
409.538 0.73
410.314 0.776
411.129 0.815
411.919 0.79
412.7 0.781
413.489 0.789
414.282 0.793
415.029 0.747
415.786 0.757
416.567 0.781
417.116 0.549
418.13 1.014
418.817 0.687
419.508 0.691
420.209 0.701
420.816 0.607
421.734 0.918
422.451 0.717
423.269 0.818
424.156 0.887
424.998 0.842
425.845 0.847
426.719 0.874
427.589 0.87
428.373 0.784
429.185 0.812
430.026 0.841
430.841 0.815
431.621 0.78
432.441 0.82
433.268 0.827
434.069 0.801
434.846 0.777
435.669 0.823
436.509 0.84
437.332 0.823
438.113 0.781
438.703 0.59
439.695 0.992
440.398 0.703
441.101 0.703
441.79 0.689
442.35 0.56
443.32 0.97
444.02 0.7
444.569 0.549
445.566 0.997
446.292 0.726
446.767 0.475
447.83 1.063
448.55 0.72
449.331 0.781
450.167 0.836
451.006 0.839
451.942 0.936
452.461 0.519
453.706 1.245
454.557 0.851
455.413 0.856
456.239 0.826
457.082 0.843
457.863 0.781
458.673 0.81
459.543 0.87
460.316 0.773
461.055 0.739
461.784 0.729
462.066 0.282
462.345 0.279
462.643 0.298
462.915 0.272
463.835 0.92
464.565 0.73
465.163 0.598
465.52 0.357
465.945 0.425
467.232 1.287
467.51 0.278
467.761 0.251
468.105 0.344
469.488 1.383
470.546 1.058
470.87 0.324
471.171 0.301
471.586 0.415
478.992 0.259
482.08 3.088
482.802 0.722
483.483 0.681
484.15 0.667
484.579 0.429
485.465 0.886
486.181 0.716
486.887 0.706
487.721 0.834
488.608 0.887
489.473 0.865
490.386 0.913
491.29 0.904
492.16 0.87
493.058 0.898
493.954 0.896
494.814 0.86
495.633 0.819
496.493 0.86
497.361 0.868
498.159 0.798
498.948 0.789
499.759 0.811
500.622 0.863
501.18 0.558
502.36 1.18
503.195 0.835
503.675 0.48
504.732 1.057
505.42 0.688
506.091 0.671
506.767 0.676
507.49 0.723
508.382 0.892
509.314 0.932
510.223 0.909
511.13 0.907
512.019 0.889
512.875 0.856
513.598 0.723
513.967 0.369
514.517 0.55
514.937 0.42
515.699 0.762
516.043 0.344
516.301 0.258
517.105 0.804
517.771 0.666
518.324 0.553
519.067 0.743
519.689 0.622
520.3 0.611
520.914 0.614
521.538 0.624
522.198 0.66
522.891 0.693
523.638 0.747
524.389 0.751
525.106 0.717
525.818 0.712
526.589 0.771
527.387 0.798
528.198 0.811
529.012 0.814
529.799 0.787
530.64 0.841
531.533 0.893
532.405 0.872
533.198 0.793
534.011 0.813
534.858 0.847
535.787 0.929
536.701 0.914
537.598 0.897
538.546 0.948
539.486 0.94
540.395 0.909
541.238 0.843
542.075 0.837
542.936 0.861
543.865 0.929
544.713 0.848
545.569 0.856
546.41 0.841
547.227 0.817
548.001 0.774
548.806 0.805
549.638 0.832
550.475 0.837
551.277 0.802
551.82 0.543
552.976 1.156
553.764 0.788
554.555 0.791
555.39 0.835
556.316 0.926
557.217 0.901
558.013 0.796
558.776 0.763
559.569 0.793
560.417 0.848
561.239 0.822
562.1 0.861
563.08 0.98
564.053 0.973
564.896 0.843
565.677 0.781
566.438 0.761
567.192 0.754
567.912 0.72
568.645 0.733
569.415 0.77
570.255 0.84
570.784 0.529
571.852 1.068
572.586 0.734
573.367 0.781
574.11 0.743
574.851 0.741
575.635 0.784
576.41 0.775
577.137 0.727
577.888 0.751
578.667 0.779
579.406 0.739
580.107 0.701
580.678 0.571
581.462 0.784
582.136 0.674
582.862 0.726
583.6 0.738
584.396 0.796
585.181 0.785
585.873 0.692
586.149 0.276
586.541 0.392
587.07 0.529
587.815 0.745
588.424 0.609
589.037 0.613
589.654 0.617
590.308 0.654
591.005 0.697
591.71 0.705
592.36 0.65
592.676 0.316
592.932 0.256
593.214 0.282
593.468 0.254
594.51 1.042
595.937 1.427
596.243 0.306
596.877 0.634
597.151 0.274
597.963 0.812
598.292 0.329
598.566 0.274
599.129 0.563
599.393 0.264
600.025 0.632