0.000 0.59
0.59 0.59
1.23 0.64
1.51 0.28
1.899 0.389
2.288 0.389
4.374 2.086
5.079 0.705
5.743 0.664
6.44 0.697
7.101 0.661
7.735 0.634
8.41 0.675
9.088 0.678
9.773 0.685
10.439 0.666
11.039 0.6
11.308 0.269
11.561 0.253
11.866 0.305
12.139 0.273
12.396 0.257
12.852 0.456
13.55 0.698
13.912 0.362
14.196 0.284
14.512 0.316
14.896 0.384
15.387 0.491
15.68 0.293
16.304 0.624
17.395 1.091
17.684 0.289
18.068 0.384
18.37 0.302
18.95 0.58
19.432 0.482
19.811 0.379
20.121 0.31
20.426 0.305
22.342 1.916
23.911 1.569
24.599 0.688
24.857 0.258
25.192 0.335
25.771 0.579
26.357 0.586
42.799 0.8
43.626 0.827
44.451 0.825
45.294 0.843
46.057 0.763
46.535 0.478
46.809 0.274
47.574 0.765
48.323 0.749
49.031 0.708
49.75 0.719
50.45 0.7
51.128 0.678
51.804 0.676
52.439 0.635
53.09 0.651
53.778 0.688
54.502 0.724
54.855 0.353
55.21 0.355
55.876 0.666
56.553 0.677
57.229 0.676
57.902 0.673
58.572 0.67
59.188 0.616
59.796 0.608
60.421 0.625
61.113 0.692
61.878 0.765
62.569 0.691
63.277 0.708
64.034 0.757
64.776 0.742
65.461 0.685
66.137 0.676
66.84 0.703
67.546 0.706
68.241 0.695
68.896 0.655
69.565 0.669
70.249 0.684
70.952 0.703
71.641 0.689
72.324 0.683
72.956 0.632
73.58 0.624
74.245 0.665
74.924 0.679
75.606 0.682
76.184 0.578
76.872 0.688
77.487 0.615
78.102 0.615
78.73 0.628
79.353 0.623
79.961 0.608
80.591 0.63
81.248 0.657
81.976 0.728
82.727 0.751
83.447 0.72
84.179 0.732
84.868 0.689
85.544 0.676
86.258 0.714
87.035 0.777
87.855 0.82
88.702 0.847
89.513 0.811
90.334 0.821
91.185 0.851
91.944 0.759
92.677 0.733
93.489 0.812
94.362 0.873
95.258 0.896
96.077 0.819
96.834 0.757
97.551 0.717
98.281 0.73
99.158 0.877
100.03 0.872
100.853 0.823
101.605 0.752
102.425 0.82
103.255 0.83
104.093 0.838
104.937 0.844
105.771 0.834
106.555 0.784
107.319 0.764
108.16 0.841
109.118 0.958
110.007 0.889
110.828 0.821
111.698 0.87
112.615 0.917
113.567 0.952
114.523 0.956
115.428 0.905
116.266 0.838
117.065 0.799
117.881 0.816
118.76 0.879
119.681 0.921
120.582 0.901
121.494 0.912
122.349 0.855
123.178 0.829
124.026 0.848
124.925 0.899
125.844 0.919
126.78 0.936
127.711 0.931
128.568 0.857
129.417 0.849
130.326 0.909
131.271 0.945
132.192 0.921
133.051 0.859
133.916 0.865
134.84 0.924
135.774 0.934
136.625 0.851
137.476 0.851
138.335 0.859
139.214 0.879
139.997 0.783
140.796 0.799
141.628 0.832
142.479 0.851
143.285 0.806
144.121 0.836
144.939 0.818
145.779 0.84
146.633 0.854
147.492 0.859
148.312 0.82
149.175 0.863
150.091 0.916
151.007 0.916
151.876 0.869
152.654 0.778
153.452 0.798
154.263 0.811
155.005 0.742
155.747 0.742
156.516 0.769
157.277 0.761
158.026 0.749
158.875 0.849
159.793 0.918
160.719 0.926
161.682 0.963
162.583 0.901
163.451 0.868
164.364 0.913
165.25 0.886
166.147 0.897
166.968 0.821
167.736 0.768
168.568 0.832
169.426 0.858
170.269 0.843
171.078 0.809
171.891 0.813
172.795 0.904
173.693 0.898
174.519 0.826
175.334 0.815
176.188 0.854
177.023 0.835
177.805 0.782
178.576 0.771
179.34 0.764
180.071 0.731
180.839 0.768
181.624 0.785
182.338 0.714
183.011 0.673
183.732 0.721
184.562 0.83
185.347 0.785
186.132 0.785
186.963 0.831
187.818 0.855
188.67 0.852
189.54 0.87
190.399 0.859
191.22 0.821
192.021 0.801
192.862 0.841
193.739 0.877
194.633 0.894
195.464 0.831
196.285 0.821
197.145 0.86
198.002 0.857
198.814 0.812
199.628 0.814
200.494 0.866
201.412 0.918
202.37 0.958
203.303 0.933
204.206 0.903
205.053 0.847
205.91 0.857
206.786 0.876
207.691 0.905
208.57 0.879
209.425 0.855
210.296 0.871
211.133 0.837
211.943 0.81
212.738 0.795
213.55 0.812
214.421 0.871
215.347 0.926
216.282 0.935
217.218 0.936
218.14 0.922
219.047 0.907
219.941 0.894
220.784 0.843
221.603 0.819
222.436 0.833
223.338 0.902
224.268 0.93
225.189 0.921
226.107 0.918
227.006 0.899
227.862 0.856
228.676 0.814
229.501 0.825
230.426 0.925
231.374 0.948
232.249 0.875
233.12 0.871
234.039 0.919
234.985 0.946
235.885 0.9
236.757 0.872
237.584 0.827
238.406 0.822
239.302 0.896
240.219 0.917
241.085 0.866
241.935 0.85
242.827 0.892
243.761 0.934
244.637 0.876
245.478 0.841
246.32 0.842
247.21 0.89
248.137 0.927
249.02 0.883
249.848 0.828
250.712 0.864
251.622 0.91
252.548 0.926
253.458 0.91
254.283 0.825
255.053 0.77
255.84 0.787
256.745 0.905
257.66 0.915
258.512 0.852
259.356 0.844
260.24 0.884
261.176 0.936
262.135 0.959
263.076 0.941
263.993 0.917
264.902 0.909
265.787 0.885
266.632 0.845
267.471 0.839
268.314 0.843
269.212 0.898
270.127 0.915
271.043 0.916
271.963 0.92
272.854 0.891
273.715 0.861
274.522 0.807
275.295 0.773
276.075 0.78
276.881 0.806
277.715 0.834
278.572 0.857
279.412 0.84
280.165 0.753
280.895 0.73
281.58 0.685
282.303 0.723
283.06 0.757
283.834 0.774
284.626 0.792
285.434 0.808
286.285 0.851
287.106 0.821
287.885 0.779
288.711 0.826
289.572 0.861
290.432 0.86
291.3 0.868
292.178 0.878
293.003 0.825
293.83 0.827
294.667 0.837
295.5 0.833
296.315 0.815
297.136 0.821
297.982 0.846
298.785 0.803
299.545 0.76
300.301 0.756
301.121 0.82
301.944 0.823
302.765 0.821
303.555 0.79
304.35 0.795
305.184 0.834
306.002 0.818
306.778 0.776
307.572 0.794
308.389 0.817
309.197 0.808
309.962 0.765
310.773 0.811
311.654 0.881
312.574 0.92
313.427 0.853
314.301 0.874
315.202 0.901
316.042 0.84
316.843 0.801
317.58 0.737
318.271 0.691
318.994 0.723
319.841 0.847
320.611 0.77
321.418 0.807
322.305 0.887
323.161 0.856
324.008 0.847
324.829 0.821
325.697 0.868
326.557 0.86
327.387 0.83
328.195 0.808
329.048 0.853
329.891 0.843
330.682 0.791
331.498 0.816
332.359 0.861
333.287 0.928
334.21 0.923
335.086 0.876
335.927 0.841
336.803 0.876
337.683 0.88
338.593 0.91
339.438 0.845
340.263 0.825
341.122 0.859
342.035 0.913
342.934 0.899
343.811 0.877
344.638 0.827
345.486 0.848
346.4 0.914
347.338 0.938
348.256 0.918
349.146 0.89
349.977 0.831
350.812 0.835
351.687 0.875
352.594 0.907
353.425 0.831
354.251 0.826
355.126 0.875
356.038 0.912
356.909 0.871
357.737 0.828
358.583 0.846
359.455 0.872
360.379 0.924
361.335 0.956
362.268 0.933
363.18 0.912
364.052 0.872
364.878 0.826
365.654 0.776
366.438 0.784
367.272 0.834
368.186 0.914
369.101 0.915
370.058 0.957
371.029 0.971
371.98 0.951
372.927 0.947
373.863 0.936
374.786 0.923
375.713 0.927
376.617 0.904
377.51 0.893
378.379 0.869
379.204 0.825
379.982 0.778
380.834 0.852
381.76 0.926
382.715 0.955
383.646 0.931
384.55 0.904
385.402 0.852
386.208 0.806
387.0 0.792
387.885 0.885
388.763 0.878
389.683 0.92
390.605 0.922
391.471 0.866
392.335 0.864
393.223 0.888
394.091 0.868
394.856 0.765
395.629 0.773
396.503 0.874
397.391 0.888
398.292 0.901
399.094 0.802
399.866 0.772
400.684 0.818
401.575 0.891
402.427 0.852
403.265 0.838
404.134 0.869
404.996 0.862
405.847 0.851
406.645 0.798
407.434 0.789
408.251 0.817
409.101 0.85
409.927 0.826
410.74 0.813
411.61 0.87
412.5 0.89
413.354 0.854
414.183 0.829
415.044 0.861
415.913 0.869
416.772 0.859
417.616 0.844
418.451 0.835
419.285 0.834
420.12 0.835
420.949 0.829
421.756 0.807
422.535 0.779
423.332 0.797
424.205 0.873
425.071 0.866
425.958 0.887
426.875 0.917
427.774 0.899
428.62 0.846
429.487 0.867
430.348 0.861
431.201 0.853
432.043 0.842
432.872 0.829
433.697 0.825
434.491 0.794
435.272 0.781
436.074 0.802
436.913 0.839
437.802 0.889
438.705 0.903
439.609 0.904
440.488 0.879
441.306 0.818
442.124 0.818
442.941 0.817
443.76 0.819
444.57 0.81
445.385 0.815
446.199 0.814
446.971 0.772
447.734 0.763
448.523 0.789
449.326 0.803
450.1 0.774
450.86 0.76
451.649 0.789
452.377 0.728
453.07 0.693
453.77 0.7
454.508 0.738
455.217 0.709
455.895 0.678
456.598 0.703
457.374 0.776
458.137 0.763
459.004 0.867
459.855 0.851
460.677 0.822
461.458 0.781
462.252 0.794
463.042 0.79
463.805 0.763
464.608 0.803
465.43 0.822
466.283 0.853
467.109 0.826
467.908 0.799
468.744 0.836
469.623 0.879
470.53 0.907
471.426 0.896
472.321 0.895
472.675 0.354
473.126 0.451
473.848 0.722
474.545 0.697
475.223 0.678
475.899 0.676
476.587 0.688
477.294 0.707
477.985 0.691
478.683 0.698
479.375 0.692
480.065 0.69
480.746 0.681
481.398 0.652
482.065 0.667
482.736 0.671
483.394 0.658
484.05 0.656
484.719 0.669
485.387 0.668
486.048 0.661
486.427 0.379
486.706 0.279
486.963 0.257
487.327 0.364
487.943 0.616
488.562 0.619
489.201 0.639
489.852 0.651
490.463 0.611
491.068 0.605
491.699 0.631
492.398 0.699
493.151 0.753
493.903 0.752
494.628 0.725
495.349 0.721
496.116 0.767
496.943 0.827
497.819 0.876
498.687 0.868
499.531 0.844
500.358 0.827
501.126 0.768
501.833 0.707
502.558 0.725
503.294 0.736
504.031 0.737
504.769 0.738
505.516 0.747
506.248 0.732
506.929 0.681
507.595 0.666
508.257 0.662
508.922 0.665
509.639 0.717
510.423 0.784
511.227 0.804
512.047 0.82
512.888 0.841
513.654 0.766
514.416 0.762
515.189 0.773
515.962 0.773
516.721 0.759
517.454 0.733
518.191 0.737
518.917 0.726
519.618 0.701
520.289 0.671
520.949 0.66
521.608 0.659
522.275 0.667
522.94 0.665
523.65 0.71
524.358 0.708
525.025 0.667
525.713 0.688
526.448 0.735
527.214 0.766
528.042 0.828
528.88 0.838
529.702 0.822
530.526 0.824
531.377 0.851
532.232 0.855
533.081 0.849
533.926 0.845
534.751 0.825
535.565 0.814
536.325 0.76
537.082 0.757
537.856 0.774
538.632 0.776
539.419 0.787
540.198 0.779
540.986 0.788
541.763 0.777
542.531 0.768
543.235 0.704
543.902 0.667
544.545 0.643
545.203 0.658
545.917 0.714
546.688 0.771
547.437 0.749
548.157 0.72
548.928 0.771
549.793 0.865
550.695 0.902
551.595 0.9
552.486 0.891
553.249 0.763
554.019 0.77
554.806 0.787
555.565 0.759
556.272 0.707
556.942 0.67
557.63 0.688
558.331 0.701
558.972 0.641
559.654 0.682
560.347 0.693
561.056 0.709
561.785 0.729
562.512 0.727
563.193 0.681
563.859 0.666
564.528 0.669
565.257 0.729
566.007 0.75
566.778 0.771
567.583 0.805
568.391 0.808
569.206 0.815
570.024 0.818
570.784 0.76
571.61 0.826
572.481 0.871
573.365 0.884
574.259 0.894
575.14 0.881
576.018 0.878
576.846 0.828
577.697 0.851
578.538 0.841
579.305 0.767
580.074 0.769
580.919 0.845
581.798 0.879
582.572 0.774
583.339 0.767
584.202 0.863
585.104 0.902
586.009 0.905
586.827 0.818
587.584 0.757
588.409 0.825
589.313 0.904
590.196 0.883
591.004 0.808
591.852 0.848
592.736 0.884
593.566 0.83
594.434 0.868
595.34 0.906
596.23 0.89
597.029 0.799
597.847 0.818
598.717 0.87
599.618 0.901
600.514 0.896
601.367 0.853
602.151 0.784
602.985 0.834
603.828 0.843
604.649 0.821
605.398 0.749
606.133 0.735
606.922 0.789
607.762 0.84
608.642 0.88
609.489 0.847
610.261 0.772
611.093 0.832
611.946 0.853
612.786 0.84
613.608 0.822
614.35 0.742
615.073 0.723
615.815 0.742
616.579 0.764
617.367 0.788
618.13 0.763
618.904 0.774
619.714 0.81
620.539 0.825
621.344 0.805
622.102 0.758
622.82 0.718
623.596 0.776