0.000 0.918
0.918 0.918
1.833 0.915
2.784 0.951
3.734 0.95
4.683 0.949
5.654 0.971
6.577 0.923
7.519 0.942
8.463 0.944
9.355 0.892
10.214 0.859
11.053 0.839
11.805 0.752
12.536 0.731
13.272 0.736
14.066 0.794
14.793 0.727
15.525 0.732
16.317 0.792
17.236 0.919
18.159 0.923
18.949 0.79
19.733 0.784
20.535 0.802
21.369 0.834
22.234 0.865
23.082 0.848
23.851 0.769
24.565 0.714
25.238 0.673
25.9 0.662
26.559 0.659
27.274 0.715
28.134 0.86
29.106 0.972
30.109 1.003
31.109 1.0
32.006 0.897
32.876 0.87
33.784 0.908
34.752 0.968
35.688 0.936
36.522 0.834
37.316 0.794
38.063 0.747
38.822 0.759
39.562 0.74
40.275 0.713
40.984 0.709
41.729 0.745
42.463 0.734
43.186 0.723
43.894 0.708
44.647 0.753
45.479 0.832
46.367 0.888
47.309 0.942
48.265 0.956
49.189 0.924
50.1 0.911
51.047 0.947
51.982 0.935
52.951 0.969
53.938 0.987
54.868 0.93
55.789 0.921
56.735 0.946
57.669 0.934
58.582 0.913
59.526 0.944
60.473 0.947
61.372 0.899
62.259 0.887
63.191 0.932
64.133 0.942
65.045 0.912
65.93 0.885
66.865 0.935
67.85 0.985
68.715 0.865
69.599 0.884
70.418 0.819
71.233 0.815
72.054 0.821
72.835 0.781
73.584 0.749
74.346 0.762
75.085 0.739
75.848 0.763
76.61 0.762
77.439 0.829
78.239 0.8
79.097 0.858
79.989 0.892
80.876 0.887
81.658 0.782
82.426 0.768
83.161 0.735
83.904 0.743
84.66 0.756
85.371 0.711
86.053 0.682
86.757 0.704
87.488 0.731
88.338 0.85
89.231 0.893
90.162 0.931
91.115 0.953
92.064 0.949
92.932 0.868
93.765 0.833
94.689 0.924
95.648 0.959
96.485 0.837
97.233 0.748
97.967 0.734
98.783 0.816
99.615 0.832
100.394 0.779
101.105 0.711
101.786 0.681
102.489 0.703
103.268 0.779
104.131 0.863
104.991 0.86
105.855 0.864
106.734 0.879
107.593 0.859
108.461 0.868
109.269 0.808
110.042 0.773
110.825 0.783
111.671 0.846
112.525 0.854
113.384 0.859
114.27 0.886
115.193 0.923
116.085 0.892
116.995 0.91
117.883 0.888
118.796 0.913
119.747 0.951
120.729 0.982
121.713 0.984
122.68 0.967
123.627 0.947
124.532 0.905
125.391 0.859
126.252 0.861
127.139 0.887
128.064 0.925
128.959 0.895
129.812 0.853
130.714 0.902
131.629 0.915
132.563 0.934
133.506 0.943
134.445 0.939
135.375 0.93
136.238 0.863
137.069 0.831
137.84 0.771
138.599 0.759
139.403 0.804
140.229 0.826
141.1 0.871
141.985 0.885
142.787 0.802
143.594 0.807
144.412 0.818
145.243 0.831
146.058 0.815
146.905 0.847
147.776 0.871
148.557 0.781
149.287 0.73
149.992 0.705
150.68 0.688
151.424 0.744
152.252 0.828
153.157 0.905
154.073 0.916
155.004 0.931
155.942 0.938
156.821 0.879
157.676 0.855
158.567 0.891
159.413 0.846
160.233 0.82
161.046 0.813
161.86 0.814
162.725 0.865
163.631 0.906
164.563 0.932
165.475 0.912
166.313 0.838
167.112 0.799
167.923 0.811
168.754 0.831
169.648 0.894
170.563 0.915
171.464 0.901
172.376 0.912
173.3 0.924
174.227 0.927
175.149 0.922
176.055 0.906
176.905 0.85
177.727 0.822
178.562 0.835
179.397 0.835
180.23 0.833
181.044 0.814
181.946 0.902
182.922 0.976
183.906 0.984
184.813 0.907
185.744 0.931
186.691 0.947
187.591 0.9
188.462 0.871
189.388 0.926
190.354 0.966
191.279 0.925
192.186 0.907
193.11 0.924
193.968 0.858
194.818 0.85
195.718 0.9
196.692 0.974
197.615 0.923
198.528 0.913
199.477 0.949
200.448 0.971
201.376 0.928
202.351 0.975
203.301 0.95
204.257 0.956
205.158 0.901
206.103 0.945
207.075 0.972
207.999 0.924
208.943 0.944
209.876 0.933
210.728 0.852
211.57 0.842
212.447 0.877
213.361 0.914
214.206 0.845
215.08 0.874
216.054 0.974
217.072 1.018
218.012 0.94
218.972 0.96
219.937 0.965
220.831 0.894
221.671 0.84
222.513 0.842
223.389 0.876
224.28 0.891
225.134 0.854
226.029 0.895
226.987 0.958
227.96 0.973
228.892 0.932
229.844 0.952
230.811 0.967
231.743 0.932
232.696 0.953
233.662 0.966
234.558 0.896
235.397 0.839
236.188 0.791
236.932 0.744
237.642 0.71
238.327 0.685
239.106 0.779
240.016 0.91
240.91 0.894
241.81 0.9
242.755 0.945
243.715 0.96
244.634 0.919
245.449 0.815
246.313 0.864
247.221 0.908
248.138 0.917
248.981 0.843
249.776 0.795
250.523 0.747
251.24 0.717
251.942 0.702
252.632 0.69
253.435 0.803
254.309 0.874
255.205 0.896
256.146 0.941
257.063 0.917
257.945 0.882
258.781 0.836
259.646 0.865
260.514 0.868
261.378 0.864
262.241 0.863
263.157 0.916
264.114 0.957
265.038 0.924
266.021 0.983
266.975 0.954
267.855 0.88
268.656 0.801
269.427 0.771
270.297 0.87
271.285 0.988
272.216 0.931
273.136 0.92
274.133 0.997
275.155 1.022
276.121 0.966
277.108 0.987
278.09 0.982
279.094 1.004
280.005 0.911
280.912 0.907
281.879 0.967
282.824 0.945
283.746 0.922
284.679 0.933
285.654 0.975
286.624 0.97
287.529 0.905
288.478 0.949
289.481 1.003
290.458 0.977
291.42 0.962
292.372 0.952
293.289 0.917
294.134 0.845
294.927 0.793
295.723 0.796
296.541 0.818
297.336 0.795
298.076 0.74
298.777 0.701
299.461 0.684
300.194 0.733
300.997 0.803
301.864 0.867
302.664 0.8
303.494 0.83
304.359 0.865
305.243 0.884
306.118 0.875
306.916 0.798
307.719 0.803
308.547 0.828
309.391 0.844
310.22 0.829
311.002 0.782
311.785 0.783
312.583 0.798
313.413 0.83
314.244 0.831
315.098 0.854
315.921 0.823
316.686 0.765
317.427 0.741
318.165 0.738
318.95 0.785
319.784 0.834
320.603 0.819
321.395 0.792
322.154 0.759
322.889 0.735
323.583 0.694
324.274 0.691
324.995 0.721
325.732 0.737
326.511 0.779
327.39 0.879
328.322 0.932
329.254 0.932
330.182 0.928
331.121 0.939
332.076 0.955
333.005 0.929
333.96 0.955
334.921 0.961
335.861 0.94
336.799 0.938
337.711 0.912
338.569 0.858
339.368 0.799
340.088 0.72
340.807 0.719
341.541 0.734
342.3 0.759
343.065 0.765
343.809 0.744
344.551 0.742
345.295 0.744
346.008 0.713
346.718 0.71
347.445 0.727
348.219 0.774
349.069 0.85
349.94 0.871
350.841 0.901
351.752 0.911
352.662 0.91
353.583 0.921
354.484 0.901
355.432 0.948
356.356 0.924
357.266 0.91
358.156 0.89
358.976 0.82
359.756 0.78
360.513 0.757
361.285 0.772
362.132 0.847
362.993 0.861
363.999 1.006
365.032 1.033
365.99 0.958
366.929 0.939
367.886 0.957
368.787 0.901
369.631 0.844
370.521 0.89
371.415 0.894
372.29 0.875
373.116 0.826
373.914 0.798
374.739 0.825
375.559 0.82
376.325 0.766
377.061 0.736
377.772 0.711
378.478 0.706
379.247 0.769
379.983 0.736
380.702 0.719
381.391 0.689
382.067 0.676
382.744 0.677
383.429 0.685
384.154 0.725
384.969 0.815
385.827 0.858
386.685 0.858
387.554 0.869
388.451 0.897
389.316 0.865
390.124 0.808
390.965 0.841
391.84 0.875
392.704 0.864
393.557 0.853
394.452 0.895
395.39 0.938
396.31 0.92
397.243 0.933
398.205 0.962
399.21 1.005
400.249 1.039
401.23 0.981
402.212 0.982
403.197 0.985
404.169 0.972
405.162 0.993
406.174 1.012
407.167 0.993
408.101 0.934
409.022 0.921
409.954 0.932
410.799 0.845
411.576 0.777
412.355 0.779
413.199 0.844
414.126 0.927
415.067 0.941
416.007 0.94
417.009 1.002
418.027 1.018
419.014 0.987
419.904 0.89
420.781 0.877
421.703 0.922
422.669 0.966
423.647 0.978
424.608 0.961
425.581 0.973
426.507 0.926
427.44 0.933
428.42 0.98
429.342 0.922
430.222 0.88
431.133 0.911
432.127 0.994
433.098 0.971
434.012 0.914
434.906 0.894
435.842 0.936
436.823 0.981
437.848 1.025
438.842 0.994
439.852 1.01
440.874 1.022
441.882 1.008
442.879 0.997
443.885 1.006
444.869 0.984
445.81 0.941
446.698 0.888
447.628 0.93
448.626 0.998
449.641 1.015
450.602 0.961
451.55 0.948
452.5 0.95
453.439 0.939
454.323 0.884
455.224 0.901
456.201 0.977
457.134 0.933
458.019 0.885
458.831 0.812
459.625 0.794
460.379 0.754
461.102 0.723
461.826 0.724
462.603 0.777
463.392 0.789
464.183 0.791
464.992 0.809
465.825 0.833
466.642 0.817
467.377 0.735
468.061 0.684
468.711 0.65
469.352 0.641
469.987 0.635
470.675 0.688
471.554 0.879
472.478 0.924
473.393 0.915
474.284 0.891
475.1 0.816
475.853 0.753
476.574 0.721
477.272 0.698
477.991 0.719
478.726 0.735
479.48 0.754
480.29 0.81
481.159 0.869
482.069 0.91
483.035 0.966
484.012 0.977
484.991 0.979
485.935 0.944
486.856 0.921
487.776 0.92
488.694 0.918
489.616 0.922
490.561 0.945
491.503 0.942
492.467 0.964
493.405 0.938
494.262 0.857
495.037 0.775
495.82 0.783
496.706 0.886
497.613 0.907
498.48 0.867
499.468 0.988
500.455 0.987
501.4 0.945
502.368 0.968
503.379 1.011
504.26 0.881
505.103 0.843
505.936 0.833
506.729 0.793
507.466 0.737
508.238 0.772
509.067 0.829
509.935 0.868
510.791 0.856
511.677 0.886
512.619 0.942
513.456 0.837
514.277 0.821
515.148 0.871
516.07 0.922
516.962 0.892
517.879 0.917
518.888 1.009
519.869 0.981
520.801 0.932
521.715 0.914
522.584 0.869
523.393 0.809
524.199 0.806
525.143 0.944
526.183 1.04
527.086 0.903
527.982 0.896
528.955 0.973
529.964 1.009
530.942 0.978
531.863 0.921
532.802 0.939
533.722 0.92
534.605 0.883
535.535 0.93
536.482 0.947
537.45 0.968
538.386 0.936
539.351 0.965
540.37 1.019
541.401 1.031
542.37 0.969
543.329 0.959
544.287 0.958
545.196 0.909
546.125 0.929
547.029 0.904
547.921 0.892
548.761 0.84
549.623 0.862
550.511 0.888
551.385 0.874
552.287 0.902
553.134 0.847
553.925 0.791
554.722 0.797
555.567 0.845
556.492 0.925
557.42 0.928
558.291 0.871
559.129 0.838
559.999 0.87
560.825 0.826
561.636 0.811
562.431 0.795
563.277 0.846
564.234 0.957
565.198 0.964
566.138 0.94
567.088 0.95
568.031 0.943
568.835 0.804
569.616 0.781
570.351 0.735
571.037 0.686
571.733 0.696
572.451 0.718
573.158 0.707
573.88 0.722
574.637 0.757
575.444 0.807
576.206 0.762
576.934 0.728
577.708 0.774
578.54 0.832
579.462 0.922
580.383 0.921
581.299 0.916
582.209 0.91
583.113 0.904
583.982 0.869
584.811 0.829
585.677 0.866
586.548 0.871
587.382 0.834
588.248 0.866
589.193 0.945
590.104 0.911
590.999 0.895
591.872 0.873
592.657 0.785
593.453 0.796
594.492 1.039
595.591 1.099
596.659 1.068
597.695 1.036
598.673 0.978
599.6 0.927