0.000 0.675
0.675 0.675
1.334 0.659
2.002 0.668
2.705 0.703
3.641 0.936
4.608 0.967
5.544 0.936
6.469 0.925
7.369 0.9
8.199 0.83
8.914 0.715
9.585 0.671
10.249 0.664
10.921 0.672
11.612 0.691
12.303 0.691
12.948 0.645
13.611 0.663
14.305 0.694
15.051 0.746
15.864 0.813
16.613 0.749
17.338 0.725
18.056 0.718
18.775 0.719
19.47 0.695
20.172 0.702
20.863 0.691
21.543 0.68
22.189 0.646
22.821 0.632
23.439 0.618
24.046 0.607
24.641 0.595
25.235 0.594
25.821 0.586
26.411 0.59
27.01 0.599
27.695 0.685
28.476 0.781
29.298 0.822
30.135 0.837
30.956 0.821
31.712 0.756
32.448 0.736
33.202 0.754
33.943 0.741
34.648 0.705
35.355 0.707
36.038 0.683
36.697 0.659
37.382 0.685
38.056 0.674
38.777 0.721
39.081 0.304
39.585 0.504
40.418 0.833
41.134 0.716
41.842 0.708
42.567 0.725
43.333 0.766
44.167 0.834
44.676 0.509
44.959 0.283
45.787 0.828
46.642 0.855
47.498 0.856
48.097 0.599
49.16 1.063
49.938 0.778
50.617 0.679
51.272 0.655
51.908 0.636
52.557 0.649
53.182 0.625
53.81 0.628
54.427 0.617
55.042 0.615
55.711 0.669
56.462 0.751
57.244 0.782
57.994 0.75
58.689 0.695
59.399 0.71
60.14 0.741
60.853 0.713
61.541 0.688
62.244 0.703
62.956 0.712
63.677 0.721
64.376 0.699
65.102 0.726
65.827 0.725
66.529 0.702
67.26 0.731
68.042 0.782
68.876 0.834
69.743 0.867
70.605 0.862
71.378 0.773
72.129 0.751
72.87 0.741
73.607 0.737
74.344 0.737
75.1 0.756
75.838 0.738
76.557 0.719
77.298 0.741
78.053 0.755
78.887 0.834
79.798 0.911
80.695 0.897
81.595 0.9
82.412 0.817
83.138 0.726
83.849 0.711
84.545 0.696
85.245 0.7
85.93 0.685
86.628 0.698
87.365 0.737
88.152 0.787
88.883 0.731
89.595 0.712
90.279 0.684
90.982 0.703
91.741 0.759
92.53 0.789
93.335 0.805
94.154 0.819
94.951 0.797
95.701 0.75
96.421 0.72
97.142 0.721
97.88 0.738
98.64 0.76
99.463 0.823
100.292 0.829
101.125 0.833
101.948 0.823
102.78 0.832
103.568 0.788
104.338 0.77
105.123 0.785
105.911 0.788
106.657 0.746
107.409 0.752
108.133 0.724
108.854 0.721
109.639 0.785
110.504 0.865
111.366 0.862
112.189 0.823
113.001 0.812
113.755 0.754
114.518 0.763
115.3 0.782
116.132 0.832
116.967 0.835
117.797 0.83
118.622 0.825
119.401 0.779
120.201 0.8
120.994 0.793
121.739 0.745
122.508 0.769
123.231 0.723
123.972 0.741
124.683 0.711
125.36 0.677
126.037 0.677
126.726 0.689
127.463 0.737
128.268 0.805
129.168 0.9
130.08 0.912
130.97 0.89
131.826 0.856
132.658 0.832
133.44 0.782
134.196 0.756
134.92 0.724
135.646 0.726
136.395 0.749
137.116 0.721
137.861 0.745
138.618 0.757
139.425 0.807
140.184 0.759
140.944 0.76
141.723 0.779
142.52 0.797
143.348 0.828
144.15 0.802
144.929 0.779
145.683 0.754
146.417 0.734
147.135 0.718
147.854 0.719
148.573 0.719
149.285 0.712
149.994 0.709
150.722 0.728
151.448 0.726
152.188 0.74
152.952 0.764
153.707 0.755
154.418 0.711
155.107 0.689
155.785 0.678
156.452 0.667
157.14 0.688
158.021 0.881
158.95 0.929
159.83 0.88
160.694 0.864
161.498 0.804
162.297 0.799
163.069 0.772
163.816 0.747
164.514 0.698
165.193 0.679
165.88 0.687
166.58 0.7
167.324 0.744
168.188 0.864
169.012 0.824
169.902 0.89
170.833 0.931
171.727 0.894
172.592 0.865
173.435 0.843
174.235 0.8
174.974 0.739
175.714 0.74
176.456 0.742
177.219 0.763
177.949 0.73
178.664 0.715
179.39 0.726
180.084 0.694
180.791 0.707
181.509 0.718
182.261 0.752
183.019 0.758
183.78 0.761
184.561 0.781
185.337 0.776
186.11 0.773
186.899 0.789
187.654 0.755
188.438 0.784
189.245 0.807
190.068 0.823
190.893 0.825
191.762 0.869
192.635 0.873
193.45 0.815
194.27 0.82
195.102 0.832
195.94 0.838
196.748 0.808
197.611 0.863
198.485 0.874
199.331 0.846
200.167 0.836
200.989 0.822
201.785 0.796
202.545 0.76
203.296 0.751
204.021 0.725
204.778 0.757
205.535 0.757
206.28 0.745
207.025 0.745
207.741 0.716
208.443 0.702
209.121 0.678
209.787 0.666
210.427 0.64
211.103 0.676
211.768 0.665
212.413 0.645
213.051 0.638
213.703 0.652
214.35 0.647
214.99 0.64
215.638 0.648
216.252 0.614
216.888 0.636
217.519 0.631
218.131 0.612
218.737 0.606
219.354 0.617
219.957 0.603
220.566 0.609
221.177 0.611
221.8 0.623
222.43 0.63
223.083 0.653
223.784 0.701
224.549 0.765
225.362 0.813
226.118 0.756
226.853 0.735
227.528 0.675
228.192 0.664
228.866 0.674
229.58 0.714
230.38 0.8
231.268 0.888
232.147 0.879
232.995 0.848
233.816 0.821
234.603 0.787
235.335 0.732
236.056 0.721
236.824 0.768
237.723 0.899
238.715 0.992
239.689 0.974
240.535 0.846
241.361 0.826
242.155 0.794
242.911 0.756
243.67 0.759
244.46 0.79
245.243 0.783
246.002 0.759
246.777 0.775
247.575 0.798
248.444 0.869
249.298 0.854
250.093 0.795
250.874 0.781
251.641 0.767
252.411 0.77
253.137 0.726
253.892 0.755
254.638 0.746
255.441 0.803
256.318 0.877
257.24 0.922
258.148 0.908
258.994 0.846
259.824 0.83
260.6 0.776
261.349 0.749
262.071 0.722
262.792 0.721
263.537 0.745
264.314 0.777
265.194 0.88
266.127 0.933
266.967 0.84
267.749 0.782
268.503 0.754
269.271 0.768
270.038 0.767
270.798 0.76
271.522 0.724
272.216 0.694
272.913 0.697
273.612 0.699
274.3 0.688
275.046 0.746
275.792 0.746
276.517 0.725
277.224 0.707
277.897 0.673
278.579 0.682
279.266 0.687
279.943 0.677
280.621 0.678
281.305 0.684
282.001 0.696
282.693 0.692
283.404 0.711
284.084 0.68
284.76 0.676
285.43 0.67
286.088 0.658
286.739 0.651
287.375 0.636
287.996 0.621
288.623 0.627
289.261 0.638
289.955 0.694
290.854 0.899
291.703 0.849
292.564 0.861
293.485 0.921
294.405 0.92
295.25 0.845
296.082 0.832
296.901 0.819
297.666 0.765
298.441 0.775
299.176 0.735
299.903 0.727
300.601 0.698
301.318 0.717
302.026 0.708
302.789 0.763
303.641 0.852
304.554 0.913
305.406 0.852
306.214 0.808
306.926 0.712
307.629 0.703
308.316 0.687
309.002 0.686
309.693 0.691
310.369 0.676
311.029 0.66
311.692 0.663
312.34 0.648
313.006 0.666
313.676 0.67
314.322 0.646
314.973 0.651
315.668 0.695
316.435 0.767
317.23 0.795
318.048 0.818
318.823 0.775
319.63 0.807
320.412 0.782
321.154 0.742
321.864 0.71
322.569 0.705
323.241 0.672
323.925 0.684
324.638 0.713
325.403 0.765
326.154 0.751
326.952 0.798
327.755 0.803
328.473 0.718
329.2 0.727
330.012 0.812
330.936 0.924
331.894 0.958
332.811 0.917
333.658 0.847
334.483 0.825
335.308 0.825
336.144 0.836
337.006 0.862
337.806 0.8
338.627 0.821
339.493 0.866
340.458 0.965
341.412 0.954
342.362 0.95
343.284 0.922
344.124 0.84
344.903 0.779
345.679 0.776
346.468 0.789
347.285 0.817
348.134 0.849
348.945 0.811
349.798 0.853
350.665 0.867
351.509 0.844
352.304 0.795
353.042 0.738
353.726 0.684
354.39 0.664
355.03 0.64
355.681 0.651
356.311 0.63
356.942 0.631
357.573 0.631
358.2 0.627
358.83 0.63
359.485 0.655
360.142 0.657
360.804 0.662
361.455 0.651
362.104 0.649
362.765 0.661
363.426 0.661
364.069 0.643
364.757 0.688
365.411 0.654
366.055 0.644
366.69 0.635
367.334 0.644
367.986 0.652
368.648 0.662
369.366 0.718
370.163 0.797
371.053 0.89
371.962 0.909
372.875 0.913
373.641 0.766
374.357 0.716
375.051 0.694
375.726 0.675
376.395 0.669
377.051 0.656
377.703 0.652
378.346 0.643
379.008 0.662
379.706 0.698
380.554 0.848
381.449 0.895
382.32 0.871
383.247 0.927
384.176 0.929
385.068 0.892
385.846 0.778
386.587 0.741
387.323 0.736
388.068 0.745
388.838 0.77
389.624 0.786
390.48 0.856
391.417 0.937
392.365 0.948
393.232 0.867
394.053 0.821
394.885 0.832
395.723 0.838
396.604 0.881
397.456 0.852
398.26 0.804
399.056 0.796
399.867 0.811
400.72 0.853
401.609 0.889
402.505 0.896
403.368 0.863
404.193 0.825
405.002 0.809
405.814 0.812
406.633 0.819
407.434 0.801
408.243 0.809
409.026 0.783
409.775 0.749
410.519 0.744
411.237 0.718
411.956 0.719
412.684 0.728
413.419 0.735
414.15 0.731
414.856 0.706
415.545 0.689
416.265 0.72
416.998 0.733
417.707 0.709
418.448 0.741
419.25 0.802
420.106 0.856
420.947 0.841
421.714 0.767
422.479 0.765
423.24 0.761
424.008 0.768
424.762 0.754
425.48 0.718
426.179 0.699
426.891 0.712
427.673 0.782
428.579 0.906
429.525 0.946
430.485 0.96
431.405 0.92
432.213 0.808
432.942 0.729
433.658 0.716
434.401 0.743
435.291 0.89
436.268 0.977
437.205 0.937
438.051 0.846
438.888 0.837
439.769 0.881
440.658 0.889
441.557 0.899
442.418 0.861
443.187 0.769
443.926 0.739
444.671 0.745
445.466 0.795
446.363 0.897
447.258 0.895
448.086 0.828
448.862 0.776
449.634 0.772
450.4 0.766
451.156 0.756
451.926 0.77
452.671 0.745
453.374 0.703
454.082 0.708
454.809 0.727
455.53 0.721
456.293 0.763
457.123 0.83
458.038 0.915
458.978 0.94
459.922 0.944
460.833 0.911
461.716 0.883
462.552 0.836
463.353 0.801
464.089 0.736
464.824 0.735
465.57 0.746
466.305 0.735
467.038 0.733
467.728 0.69
468.397 0.669
469.055 0.658
469.708 0.653
470.355 0.647
471.01 0.655
471.677 0.667
472.341 0.664
473.007 0.666
473.666 0.659
474.328 0.662
474.992 0.664
475.661 0.669
476.342 0.681
477.028 0.686
477.708 0.68
478.425 0.717
479.151 0.726
479.888 0.737
480.615 0.727
481.293 0.678
481.971 0.678
482.631 0.66
483.286 0.655
483.983 0.697
484.728 0.745
485.515 0.787
486.347 0.832
487.084 0.737
487.771 0.687
488.446 0.675
489.125 0.679
489.815 0.69
490.545 0.73
491.298 0.753
492.09 0.792
492.886 0.796
493.663 0.777
494.404 0.741
495.122 0.718
495.821 0.699
496.477 0.656
497.128 0.651
497.765 0.637
498.414 0.649
499.071 0.657
499.748 0.677
500.415 0.667
501.126 0.711
501.948 0.822
502.831 0.883
503.665 0.834
504.468 0.803
505.258 0.79
505.984 0.726
506.725 0.741
507.483 0.758
508.265 0.782
509.051 0.786
509.826 0.775
510.642 0.816
511.522 0.88
512.449 0.927
513.293 0.844
514.084 0.791
514.869 0.785
515.715 0.846
516.657 0.942
517.625 0.968
518.566 0.941
519.396 0.83
520.215 0.819
521.064 0.849
521.928 0.864
522.81 0.882
523.661 0.851
524.454 0.793
525.239 0.785
526.049 0.81
526.876 0.827
527.716 0.84
528.582 0.866
529.487 0.905
530.3 0.813
531.016 0.716
531.719 0.703
532.484 0.765
533.342 0.858
534.153 0.811
534.979 0.826
535.898 0.919
536.815 0.917
537.684 0.869
538.564 0.88
539.335 0.771
540.037 0.702
540.717 0.68
541.413 0.696
542.117 0.704
542.865 0.748
543.75 0.885
544.682 0.932
545.662 0.98
546.602 0.94
547.521 0.919
548.436 0.915
549.315 0.879
550.114 0.799
550.863 0.749
551.634 0.771
552.513 0.879
553.479 0.966
554.398 0.919
555.214 0.816
556.016 0.802
556.809 0.793
557.626 0.817
558.502 0.876
559.42 0.918
560.26 0.84
561.068 0.808
561.863 0.795
562.705 0.842
563.579 0.874
564.388 0.809
565.172 0.784
565.978 0.806
566.841 0.863
567.767 0.926
568.717 0.95
569.609 0.892
570.512 0.903
571.376 0.864
572.226 0.85
573.1 0.874
573.925 0.825
574.697 0.772
575.452 0.755
576.205 0.753
577.042 0.837
577.975 0.933
578.902 0.927
579.828 0.926
580.698 0.87
581.47 0.772
582.185 0.715
582.894 0.709
583.625 0.731
584.47 0.845
585.278 0.808
586.09 0.812
586.981 0.891
587.945 0.964
588.897 0.952
589.823 0.926
590.732 0.909
591.564 0.832
592.366 0.802
593.118 0.752
593.866 0.748
594.594 0.728
595.302 0.708
596.049 0.747
596.916 0.867
597.804 0.888
598.627 0.823
599.462 0.835