0.000 0.738
0.738 0.738
1.455 0.717
2.157 0.702
2.706 0.549
3.246 0.54
3.794 0.548
4.334 0.54
4.655 0.321
5.408 0.753
6.168 0.76
6.87 0.702
7.535 0.665
8.194 0.659
8.871 0.677
9.577 0.706
10.04 0.463
10.892 0.852
11.535 0.643
12.178 0.643
12.827 0.649
13.474 0.647
14.099 0.625
14.716 0.617
15.321 0.605
15.915 0.594
16.516 0.601
17.121 0.605
17.75 0.629
18.442 0.692
19.2 0.758
19.941 0.741
20.699 0.758
21.436 0.737
22.186 0.75
22.945 0.759
23.679 0.734
24.389 0.71
25.085 0.696
25.753 0.668
26.408 0.655
27.045 0.637
27.675 0.63
28.311 0.636
28.981 0.67
29.624 0.643
30.247 0.623
30.835 0.588
31.442 0.607
31.795 0.353
32.051 0.256
32.624 0.573
33.247 0.623
33.962 0.715
34.706 0.744
35.426 0.72
36.096 0.67
36.767 0.671
37.421 0.654
38.054 0.633
38.683 0.629
39.304 0.621
39.919 0.615
40.532 0.613
41.174 0.642
41.868 0.694
42.687 0.819
43.576 0.889
44.447 0.871
45.251 0.804
46.042 0.791
46.814 0.772
47.555 0.741
48.225 0.67
48.88 0.655
49.508 0.628
50.111 0.603
50.7 0.589
51.286 0.586
51.873 0.587
52.469 0.596
53.097 0.628
53.767 0.67
54.606 0.839
55.541 0.935
56.387 0.846
57.226 0.839
58.024 0.798
58.777 0.753
59.47 0.693
60.128 0.658
60.75 0.622
61.385 0.635
62.001 0.616
62.646 0.645
63.302 0.656
64.007 0.705
64.775 0.768
65.546 0.771
66.244 0.698
66.921 0.677
67.596 0.675
68.281 0.685
68.998 0.717
69.688 0.69
70.397 0.709
71.138 0.741
71.993 0.855
72.876 0.883
73.737 0.861
74.517 0.78
75.275 0.758
76.019 0.744
76.786 0.767
77.558 0.772
78.298 0.74
79.045 0.747
79.796 0.751
80.512 0.716
81.23 0.718
81.946 0.716
82.651 0.705
83.34 0.689
83.917 0.577
84.612 0.695
85.232 0.62
85.856 0.624
86.504 0.648
87.277 0.773
88.189 0.912
89.13 0.941
90.06 0.93
90.861 0.801
91.498 0.637
91.772 0.274
92.143 0.371
92.423 0.28
92.873 0.45
93.398 0.525
95.442 2.044
96.079 0.637
96.715 0.636
97.331 0.616
97.961 0.63
98.587 0.626
99.269 0.682
100.091 0.822
100.918 0.827
101.682 0.764
102.413 0.731
103.213 0.8
104.025 0.812
104.742 0.717
105.448 0.706
106.132 0.684
106.801 0.669
107.472 0.671
108.143 0.671
108.81 0.667
109.471 0.661
110.047 0.576
110.373 0.326
110.755 0.382
111.411 0.656
112.1 0.689
112.893 0.793
113.652 0.759
114.646 0.994
115.337 0.691
115.616 0.279
116.19 0.574
116.924 0.734
117.656 0.732
118.42 0.764
119.179 0.759
119.898 0.719
120.601 0.703
121.292 0.691
121.972 0.68
122.662 0.69
123.373 0.711
124.095 0.722
124.778 0.683
125.352 0.574
125.847 0.495
126.711 0.864
127.374 0.663
128.055 0.681
128.751 0.696
129.449 0.698
130.099 0.65
130.759 0.66
131.406 0.647
132.054 0.648
132.703 0.649
133.357 0.654
133.848 0.491
134.643 0.795
135.079 0.436
135.486 0.407
135.874 0.388
136.484 0.61
136.782 0.298
137.232 0.45
138.798 1.566
139.628 0.83
139.961 0.333
140.406 0.445
141.006 0.6
141.279 0.273
142.219 0.94
142.496 0.277
143.12 0.624
143.443 0.323
143.754 0.311
144.38 0.626
144.829 0.449
145.098 0.269
145.463 0.365
145.755 0.292
146.43 0.675
147.419 0.989
148.215 0.796
148.662 0.447
148.914 0.252
149.686 0.772
150.108 0.422
150.531 0.423
151.006 0.475
151.281 0.275
151.775 0.494
152.187 0.412
152.575 0.388
153.278 0.703
153.623 0.345
153.878 0.255
154.295 0.417
154.685 0.39
155.134 0.449
155.948 0.814
156.417 0.469
156.946 0.529
157.21 0.264
157.517 0.307
158.002 0.485
158.549 0.547
159.211 0.662
159.502 0.291
159.842 0.34
160.187 0.345
160.853 0.666
161.375 0.522
161.708 0.333
162.426 0.718
163.147 0.721
164.23 1.083
164.556 0.326
164.912 0.356
165.168 0.256
165.579 0.411
165.936 0.357
166.56 0.624
167.095 0.535
167.619 0.524
167.883 0.264
168.555 0.672
168.864 0.309
169.228 0.364
169.915 0.687
170.635 0.72
171.403 0.768
172.167 0.764
172.906 0.739
173.321 0.415
173.637 0.316
174.274 0.637
174.603 0.329
174.927 0.324
176.183 1.256
176.836 0.653
177.582 0.746
178.39 0.808
178.862 0.472
179.193 0.331
179.528 0.335
179.989 0.461
180.557 0.568
181.05 0.493
181.58 0.53
182.278 0.698
182.693 0.415
182.954 0.261
183.231 0.277
183.571 0.34
183.959 0.388
184.388 0.429
184.669 0.281
184.925 0.256
186.165 1.24
186.995 0.83
187.878 0.883
188.73 0.852
188.99 0.26
189.252 0.262
189.511 0.259
190.207 0.696
190.899 0.692
191.597 0.698
192.323 0.726
193.073 0.75
193.816 0.743
194.518 0.702
195.211 0.693
195.909 0.698
196.613 0.704
197.341 0.728
198.07 0.729
198.749 0.679
199.39 0.641
200.038 0.648
200.684 0.646
201.339 0.655
202.011 0.672
202.688 0.677
203.346 0.658
203.991 0.645
204.628 0.637
205.283 0.655
205.993 0.71
206.799 0.806
207.616 0.817
208.427 0.811
209.155 0.728
209.841 0.686
210.508 0.667
211.17 0.662
211.825 0.655
212.508 0.683
213.198 0.69
213.904 0.706
214.584 0.68
215.269 0.685
215.937 0.668
216.631 0.694
217.367 0.736
218.152 0.785
218.965 0.813
219.769 0.804
220.541 0.772
221.281 0.74
221.987 0.706
222.67 0.683
223.319 0.649
223.94 0.621
224.576 0.636
225.205 0.629
225.863 0.658
226.716 0.853
227.637 0.921
228.552 0.915
229.4 0.848
230.161 0.761
230.869 0.708
231.552 0.683
232.227 0.675
232.902 0.675
233.58 0.678
234.257 0.677
234.934 0.677
235.608 0.674
236.285 0.677
236.96 0.675
237.635 0.675
238.293 0.658
238.986 0.693
239.668 0.682
240.329 0.661
240.998 0.669
241.746 0.748
242.57 0.824
243.469 0.899
244.399 0.93
245.307 0.908
246.16 0.853
246.944 0.784
247.686 0.742
248.41 0.724
249.129 0.719
249.87 0.741
250.653 0.783
251.467 0.814
252.262 0.795
252.986 0.724
253.691 0.705
254.382 0.691
255.077 0.695
255.806 0.729
256.576 0.77
257.339 0.763
258.108 0.769
258.879 0.771
259.661 0.782
260.465 0.804
261.283 0.818
262.015 0.732
262.689 0.674
263.34 0.651
264.004 0.664
264.662 0.658
265.359 0.697
266.16 0.801
266.886 0.726
267.613 0.727
268.325 0.712
269.001 0.676
269.677 0.676
270.371 0.694
271.067 0.696
271.771 0.704
272.476 0.705
273.162 0.686
273.85 0.688
274.542 0.692
275.245 0.703
275.981 0.736
276.748 0.767
277.529 0.781
278.324 0.795
279.105 0.781
279.81 0.705
280.512 0.702
281.187 0.675
281.866 0.679
282.549 0.683
283.26 0.711
284.029 0.769
284.797 0.768
285.546 0.749
286.255 0.709
286.922 0.667
287.552 0.63
288.172 0.62
288.778 0.606
289.391 0.613
290.044 0.653
290.758 0.714
291.484 0.726
292.251 0.767
293.127 0.876
294.053 0.926
294.985 0.932
295.862 0.877
296.608 0.746
297.316 0.708
297.993 0.677
298.65 0.657
299.304 0.654
299.96 0.656
300.609 0.649
301.263 0.654
301.917 0.654
302.553 0.636
303.188 0.635
303.815 0.627
304.462 0.647
305.144 0.682
305.874 0.73
306.651 0.777
307.453 0.802
308.237 0.784
309.033 0.796
309.751 0.718
310.443 0.692
311.173 0.73
311.925 0.752
312.71 0.785
313.494 0.784
314.242 0.748
314.971 0.729
315.704 0.733
316.458 0.754
317.274 0.816
318.167 0.893
319.045 0.878
319.855 0.81
320.65 0.795
321.472 0.822
322.367 0.895
323.309 0.942
324.245 0.936
325.165 0.92
326.052 0.887
326.885 0.833
327.612 0.727
328.313 0.701
329.009 0.696
329.741 0.732
330.553 0.812
331.444 0.891
332.289 0.845
333.149 0.86
334.028 0.879
334.919 0.891
335.782 0.863
336.561 0.779
337.301 0.74
338.032 0.731
338.786 0.754
339.589 0.803
340.398 0.809
341.209 0.811
342.037 0.828
342.826 0.789
343.607 0.781
344.391 0.784
345.191 0.8
346.012 0.821
346.828 0.816
347.606 0.778
348.321 0.715
349.008 0.687
349.682 0.674
350.342 0.66
351.063 0.721
351.888 0.825
352.865 0.977
353.836 0.971
354.69 0.854
355.523 0.833
356.331 0.808
357.103 0.772
357.815 0.712
358.513 0.698
359.211 0.698
359.92 0.709
360.627 0.707
361.376 0.749
362.151 0.775
362.934 0.783
363.714 0.78
364.448 0.734
365.152 0.704
365.821 0.669
366.475 0.654
367.137 0.662
367.832 0.695
368.527 0.695
369.193 0.666
369.861 0.668
370.54 0.679
371.261 0.721
372.021 0.76
372.812 0.791
373.607 0.795
374.453 0.846
375.328 0.875
376.127 0.799
376.913 0.786
377.679 0.766
378.421 0.742
379.135 0.714
379.802 0.667
380.473 0.671
381.125 0.652
381.779 0.654
382.451 0.672
383.157 0.706
383.919 0.762
384.648 0.729
385.35 0.702
386.022 0.672
386.706 0.684
387.415 0.709
388.137 0.722
388.86 0.723
389.577 0.717
390.275 0.698
390.96 0.685
391.639 0.679
392.321 0.682
392.991 0.67
393.67 0.679
394.338 0.668
395.039 0.701
395.761 0.722
396.507 0.746
397.28 0.773
398.149 0.869
399.097 0.948
399.991 0.894
400.853 0.862
401.61 0.757
402.325 0.715
402.998 0.673
403.649 0.651
404.287 0.638
404.939 0.652
405.632 0.693
406.307 0.675
407.004 0.697
407.715 0.711
408.415 0.7
409.159 0.744
409.929 0.77
410.819 0.89
411.735 0.916
412.62 0.885
413.497 0.877
414.282 0.785
415.028 0.746
415.71 0.682
416.381 0.671
417.052 0.671
417.75 0.698
418.523 0.773
419.393 0.87
420.296 0.903
421.157 0.861
421.989 0.832
422.818 0.829
423.641 0.823
424.446 0.805
425.242 0.796
426.032 0.79
426.871 0.839
427.745 0.874
428.618 0.873
429.449 0.831
430.224 0.775
430.992 0.768
431.809 0.817
432.748 0.939
433.71 0.962
434.72 1.01
435.668 0.948
436.488 0.82
437.299 0.811
438.153 0.854
439.082 0.929
440.042 0.96
440.983 0.941
441.839 0.856
442.635 0.796
443.403 0.768
444.14 0.737
444.886 0.746
445.664 0.778
446.482 0.818
447.317 0.835
448.222 0.905
449.156 0.934
450.132 0.976
451.078 0.946
451.966 0.888
452.801 0.835
453.612 0.811
454.451 0.839
455.254 0.803
456.055 0.801
456.843 0.788
457.627 0.784
458.432 0.805
459.219 0.787
459.934 0.715
460.631 0.697
461.393 0.762
462.243 0.85
463.155 0.912
464.035 0.88
464.877 0.842
465.744 0.867
466.605 0.861
467.413 0.808
468.196 0.783
469.045 0.849
469.958 0.913
470.871 0.913
471.718 0.847
472.531 0.813
473.291 0.76
474.03 0.739
474.728 0.698
475.446 0.718
476.183 0.737
476.978 0.795
477.848 0.87
478.738 0.89
479.526 0.788
480.274 0.748
480.998 0.724
481.689 0.691
482.352 0.663
483.035 0.683
483.724 0.689
484.445 0.721
485.223 0.778
486.008 0.785
486.768 0.76
487.518 0.75
488.258 0.74
488.945 0.687
489.662 0.717
490.388 0.726
491.173 0.785
491.997 0.824
492.794 0.797
493.612 0.818
494.449 0.837
495.299 0.85
496.184 0.885
497.043 0.859
497.842 0.799
498.628 0.786
499.441 0.813
500.288 0.847
501.159 0.871
502.013 0.854
502.789 0.776
503.544 0.755
504.303 0.759
505.11 0.807
505.996 0.886
506.776 0.78
507.49 0.714
508.233 0.743
509.052 0.819
509.97 0.918
510.942 0.972
511.895 0.953
512.788 0.893
513.593 0.805
514.377 0.784
515.154 0.777
515.968 0.814
516.817 0.849
517.625 0.808
518.466 0.841
519.317 0.851
520.152 0.835
520.995 0.843
521.871 0.876
522.748 0.877
523.591 0.843
524.451 0.86
525.335 0.884
526.225 0.89
527.052 0.827
527.881 0.829
528.702 0.821
529.517 0.815
530.346 0.829
531.218 0.872
532.146 0.928
533.08 0.934
533.999 0.919
534.894 0.895
535.72 0.826
536.505 0.785
537.28 0.775
538.046 0.766
538.8 0.754
539.53 0.73
540.263 0.733
541.006 0.743
541.768 0.762
542.499 0.731
543.239 0.74
543.931 0.692
544.639 0.708
545.342 0.703
546.022 0.68
546.727 0.705
547.439 0.712
548.184 0.745
548.959 0.775
549.724 0.765
550.458 0.734
551.183 0.725
551.894 0.711
552.6 0.706
553.302 0.702
553.997 0.695
554.719 0.722
555.445 0.726
556.178 0.733
556.873 0.695
557.552 0.679
558.225 0.673
558.93 0.705
559.686 0.756
560.462 0.776
561.264 0.802
562.115 0.851
562.979 0.864
563.85 0.871
564.722 0.872
565.567 0.845
566.365 0.798
567.132 0.767
567.872 0.74
568.567 0.695
569.269 0.702
569.984 0.715
570.752 0.768
571.554 0.802
571.867 0.313
572.118 0.251
572.965 0.847
573.712 0.747
574.452 0.74
575.16 0.708
575.846 0.686
576.537 0.691
577.222 0.685
577.899 0.677
578.545 0.646
579.208 0.663
579.852 0.644
580.472 0.62
581.132 0.66
581.792 0.66
582.488 0.696
583.238 0.75
583.996 0.758
584.767 0.771
585.5 0.733
586.214 0.714
586.933 0.719
587.663 0.73
588.389 0.726
589.093 0.704
589.776 0.683
590.473 0.697
591.195 0.722
591.926 0.731
592.794 0.868
593.722 0.928
594.75 1.028
595.808 1.058
596.884 1.076
597.851 0.967
598.72 0.869
599.518 0.798
600.337 0.819
601.18 0.843
601.994 0.814
602.783 0.789
603.564 0.781
604.271 0.707
604.962 0.691
605.619 0.657
606.294 0.675
606.951 0.657
607.654 0.703
608.432 0.778
609.271 0.839
610.178 0.907
611.173 0.995