0.000 0.717
0.717 0.717
1.427 0.71
2.176 0.749
2.926 0.75
3.779 0.853
4.718 0.939
5.55 0.832
6.311 0.761
7.006 0.695
7.667 0.661
8.317 0.65
8.991 0.674
9.647 0.656
10.334 0.687
11.025 0.691
11.673 0.648
12.306 0.633
12.926 0.62
13.544 0.618
14.126 0.582
14.749 0.623
15.356 0.607
15.967 0.611
16.575 0.608
17.186 0.611
17.793 0.607
18.402 0.609
19.012 0.61
19.619 0.607
20.231 0.612
20.848 0.617
21.476 0.628
22.09 0.614
22.671 0.581
23.278 0.607
23.905 0.627
24.919 1.014
25.796 0.877
26.557 0.761
27.291 0.734
27.996 0.705
28.699 0.703
29.412 0.713
30.151 0.739
30.878 0.727
31.618 0.74
32.372 0.754
33.223 0.851
34.059 0.836
34.84 0.781
35.585 0.745
36.271 0.686
36.951 0.68
37.626 0.675
38.374 0.748
39.361 0.987
40.19 0.829
41.039 0.849
41.96 0.921
42.865 0.905
43.753 0.888
44.532 0.779
45.298 0.766
46.206 0.908
47.127 0.921
48.09 0.963
49.03 0.94
49.921 0.891
50.733 0.812
51.466 0.733
52.176 0.71
52.892 0.716
53.73 0.838
54.719 0.989
55.569 0.85
56.347 0.778
57.058 0.711
57.742 0.684
58.415 0.673
59.1 0.685
59.788 0.688
60.496 0.708
61.239 0.743
61.972 0.733
62.755 0.783
63.536 0.781
64.249 0.713
64.938 0.689
65.641 0.703
66.365 0.724
67.096 0.731
67.836 0.74
68.537 0.701
69.208 0.671
69.867 0.659
70.546 0.679
71.29 0.744
72.056 0.766
72.805 0.749
73.524 0.719
74.258 0.734
74.975 0.717
75.68 0.705
76.389 0.709
77.101 0.712
77.806 0.705
78.487 0.681
79.151 0.664
79.821 0.67
80.487 0.666
81.128 0.641
81.768 0.64
82.409 0.641
83.043 0.634
83.679 0.636
84.337 0.658
85.093 0.756
86.131 1.038
86.978 0.847
87.728 0.75
88.439 0.711
89.138 0.699
89.888 0.75
90.624 0.736
91.326 0.702
92.027 0.701
92.776 0.749
93.546 0.77
94.306 0.76
95.063 0.757
95.856 0.793
96.743 0.887
97.668 0.925
98.509 0.841
99.282 0.773
100.058 0.776
100.805 0.747
101.547 0.742
102.308 0.761
103.191 0.883
104.046 0.855
104.901 0.855
105.716 0.815
106.522 0.806
107.3 0.778
108.059 0.759
108.757 0.698
109.428 0.671
110.104 0.676
110.806 0.702
111.535 0.729
112.661 1.126
113.615 0.954
114.471 0.856
115.301 0.83
116.134 0.833
117.03 0.896
117.905 0.875
118.754 0.849
119.582 0.828
120.36 0.778
121.136 0.776
122.038 0.902
122.969 0.931
123.845 0.876
124.667 0.822
125.415 0.748
126.155 0.74
127.029 0.874
128.048 1.019
128.924 0.876
129.65 0.726
130.307 0.657
131.004 0.697
132.118 1.114
133.144 1.026
134.1 0.956
134.996 0.896
135.811 0.815
136.588 0.777
137.367 0.779
138.148 0.781
138.959 0.811
139.759 0.8
140.524 0.765
141.231 0.707
141.918 0.687
142.64 0.722
143.386 0.746
144.12 0.734
144.82 0.7
145.515 0.695
146.238 0.723
146.967 0.729
147.682 0.715
148.37 0.688
149.071 0.701
149.775 0.704
150.51 0.735
151.235 0.725
151.99 0.755
152.731 0.741
153.458 0.727
154.151 0.693
154.842 0.691
155.531 0.689
156.207 0.676
156.892 0.685
157.59 0.698
158.323 0.733
159.06 0.737
159.766 0.706
160.458 0.692
161.125 0.667
161.824 0.699
162.557 0.733
163.318 0.761
164.062 0.744
164.815 0.753
165.536 0.721
166.227 0.691
166.922 0.695
167.594 0.672
168.257 0.663
168.926 0.669
169.656 0.73
170.762 1.106
171.775 1.013
172.746 0.971
173.612 0.866
174.408 0.796
175.151 0.743
175.851 0.7
176.522 0.671
177.243 0.721
178.068 0.825
178.863 0.795
179.612 0.749
180.359 0.747
181.047 0.688
181.728 0.681
182.422 0.694
183.233 0.811
184.064 0.831
184.797 0.733
185.486 0.689
186.162 0.676
186.87 0.708
187.643 0.773
188.533 0.89
189.524 0.991
190.477 0.953
191.386 0.909
192.234 0.848
193.065 0.831
193.845 0.78
194.571 0.726
195.282 0.711
196.171 0.889
197.275 1.104
198.296 1.021
199.246 0.95
200.068 0.822
200.794 0.726
201.504 0.71
202.288 0.784
203.336 1.048
204.268 0.932
205.082 0.814
205.803 0.721
206.508 0.705
207.223 0.715
208.383 1.16
209.452 1.069
210.444 0.992
211.341 0.897
212.227 0.886
213.029 0.802
213.777 0.748
214.484 0.707
215.206 0.722
216.394 1.188
217.513 1.119
218.553 1.04
219.523 0.97
220.429 0.906
221.308 0.879
222.154 0.846
222.953 0.799
223.756 0.803
224.518 0.762
225.247 0.729
225.938 0.691
226.63 0.692
227.355 0.725
228.481 1.126
229.46 0.979
230.375 0.915
231.205 0.83
231.98 0.775
232.704 0.724
233.415 0.711
234.164 0.749
235.004 0.84
235.989 0.985
236.947 0.958
237.817 0.87
238.626 0.809
239.393 0.767
240.134 0.741
240.886 0.752
241.681 0.795
242.629 0.948
243.615 0.986
244.485 0.87
245.289 0.804
245.999 0.71
246.659 0.66
247.312 0.653
247.983 0.671
249.15 1.167
250.151 1.001
251.104 0.953
251.977 0.873
252.812 0.835
253.602 0.79
254.386 0.784
255.162 0.776
255.937 0.775
256.667 0.73
257.355 0.688
258.053 0.698
259.212 1.159
260.241 1.029
261.242 1.001
262.186 0.944
263.083 0.897
263.906 0.823
264.664 0.758
265.371 0.707
266.051 0.68
266.755 0.704
267.908 1.153
268.939 1.031
269.989 1.05
271.026 1.037
271.995 0.969
272.904 0.909
273.79 0.886
274.621 0.831
275.436 0.815
276.22 0.784
276.997 0.777
277.773 0.776
278.572 0.799
279.351 0.779
280.114 0.763
280.901 0.787
281.651 0.75
282.383 0.732
283.11 0.727
283.861 0.751
284.622 0.761
285.375 0.753
286.108 0.733
286.802 0.694
287.491 0.689
288.171 0.68
288.887 0.716
289.637 0.75
290.422 0.785
291.187 0.765
291.915 0.728
292.628 0.713
293.318 0.69
293.98 0.662
294.652 0.672
295.342 0.69
296.067 0.725
296.868 0.801
297.665 0.797
298.486 0.821
299.298 0.812
300.052 0.754
300.749 0.697
301.416 0.667
302.052 0.636
302.679 0.627
303.278 0.599
303.904 0.626
304.52 0.616
305.17 0.65
305.87 0.7
306.609 0.739
307.425 0.816
308.347 0.922
309.201 0.854
309.976 0.775
310.678 0.702
311.312 0.634
311.93 0.618
312.549 0.619
313.186 0.637
313.829 0.643
314.523 0.694
315.291 0.768
316.115 0.824
316.886 0.771
317.589 0.703
318.264 0.675
318.923 0.659
319.58 0.657
320.231 0.651
320.879 0.648
321.512 0.633
322.146 0.634
322.783 0.637
323.426 0.643
324.085 0.659
324.745 0.66
325.376 0.631
326.009 0.633
326.673 0.664
327.367 0.694
328.08 0.713
328.784 0.704
329.497 0.713
330.22 0.723
330.963 0.743
331.709 0.746
332.459 0.75
333.29 0.831
334.161 0.871
334.933 0.772
335.668 0.735
336.38 0.712
337.114 0.734
337.818 0.704
338.528 0.71
339.201 0.673
339.867 0.666
340.563 0.696
341.331 0.768
342.144 0.813
342.894 0.75
343.63 0.736
344.343 0.713
345.056 0.713
345.748 0.692
346.423 0.675
347.144 0.721
347.998 0.854
348.954 0.956
349.819 0.865
350.687 0.868
351.492 0.805
352.254 0.762
352.959 0.705
353.622 0.663
354.263 0.641
354.946 0.683
356.113 1.167
357.133 1.02
358.16 1.027
359.157 0.997
360.069 0.912
360.813 0.744
361.551 0.738
362.297 0.746
363.407 1.11
364.325 0.918
365.26 0.935
366.17 0.91
367.028 0.858
367.846 0.818
368.662 0.816
369.476 0.814
370.293 0.817
371.113 0.82
371.949 0.836
372.866 0.917
373.785 0.919
374.632 0.847
375.409 0.777
376.141 0.732
376.855 0.714
377.533 0.678
378.17 0.637
378.809 0.639
379.515 0.706
380.627 1.112
381.617 0.99
382.505 0.888
383.326 0.821
384.127 0.801
384.91 0.783
385.663 0.753
386.397 0.734
387.104 0.707
387.825 0.721
388.552 0.727
389.3 0.748
390.079 0.779
390.862 0.783
391.621 0.759
392.316 0.695
392.977 0.661
393.653 0.676
394.443 0.79
395.522 1.079
396.465 0.943
397.233 0.768
397.928 0.695
398.618 0.69
399.315 0.697
400.015 0.7
400.703 0.688
401.378 0.675
402.026 0.648
402.656 0.63
403.33 0.674
404.266 0.936
405.057 0.791
405.854 0.797
406.607 0.753
407.301 0.694
407.974 0.673
408.659 0.685
409.42 0.761
410.477 1.057
411.406 0.929
412.295 0.889
413.113 0.818
413.892 0.779
414.654 0.762
415.39 0.736
416.126 0.736
416.867 0.741
417.634 0.767
418.397 0.763
419.192 0.795
420.015 0.823
420.797 0.782
421.567 0.77
422.335 0.768
423.153 0.818
424.046 0.893
424.939 0.893
425.81 0.871
426.643 0.833
427.44 0.797
428.216 0.776
428.965 0.749
429.69 0.725
430.401 0.711
431.122 0.721
431.833 0.711
432.541 0.708
433.231 0.69
433.905 0.674
434.558 0.653
435.212 0.654
435.897 0.685
436.721 0.824
437.701 0.98
438.613 0.912
439.433 0.82
440.188 0.755
440.903 0.715
441.603 0.7
442.293 0.69
442.97 0.677
443.642 0.672
444.29 0.648
444.942 0.652
445.598 0.656
446.279 0.681
446.992 0.713
447.743 0.751
448.524 0.781
449.292 0.768
450.019 0.727
450.701 0.682
451.362 0.661
452.048 0.686
452.766 0.718
453.49 0.724
454.232 0.742
454.968 0.736
455.692 0.724
456.41 0.718
457.109 0.699
457.801 0.692
458.503 0.702
459.209 0.706
459.933 0.724
460.659 0.726
461.39 0.731
462.093 0.703
462.749 0.656
463.376 0.627
464.015 0.639
464.646 0.631
465.318 0.672
466.084 0.766
466.955 0.871
467.764 0.809
468.486 0.722
469.163 0.677
469.819 0.656
470.457 0.638
471.081 0.624
471.691 0.61
472.293 0.602
472.897 0.604
473.5 0.603
474.147 0.647
474.83 0.683
475.545 0.715
476.27 0.725
476.994 0.724
477.691 0.697
478.375 0.684
479.042 0.667
479.693 0.651
480.338 0.645
481.01 0.672
481.759 0.749
482.561 0.802
483.341 0.78
484.059 0.718
484.717 0.658
485.341 0.624
485.986 0.645
486.619 0.633
487.251 0.632
487.878 0.627
488.493 0.615
489.098 0.605
489.693 0.595
490.29 0.597
490.93 0.64
491.698 0.768
492.558 0.86
493.389 0.831
494.169 0.78
494.869 0.7
495.53 0.661
496.176 0.646
496.83 0.654
497.501 0.671
498.191 0.69
498.849 0.658
499.513 0.664
500.225 0.712
500.978 0.753
501.682 0.704
502.41 0.728
503.153 0.743
503.896 0.743
504.65 0.754
505.438 0.788
506.419 0.981
507.369 0.95
508.295 0.926
509.239 0.944
510.182 0.943
511.063 0.881
511.904 0.841
512.708 0.804
513.456 0.748
514.149 0.693
514.822 0.673
515.534 0.712
516.709 1.175
517.746 1.037
518.668 0.922
519.529 0.861
520.336 0.807
521.119 0.783
521.899 0.78
522.69 0.791
523.456 0.766
524.209 0.753
524.973 0.764
525.809 0.836
526.78 0.971
527.74 0.96
528.606 0.866
529.375 0.769
530.076 0.701
530.742 0.666
531.395 0.653
532.093 0.698
533.255 1.162
534.326 1.071
535.321 0.995
536.271 0.95
537.226 0.955
538.093 0.867
538.888 0.795
539.623 0.735
540.339 0.716
541.077 0.738
541.868 0.791
542.777 0.909
543.698 0.921
544.561 0.863
545.425 0.864
546.25 0.825
546.999 0.749
547.691 0.692
548.379 0.688
549.147 0.768
550.323 1.176
551.322 0.999
552.199 0.877
552.967 0.768
553.664 0.697
554.344 0.68
555.04 0.696
555.822 0.782
556.896 1.074
557.903 1.007
558.764 0.861
559.529 0.765
560.239 0.71
560.939 0.7
561.639 0.7
562.359 0.72
563.101 0.742
563.848 0.747
564.597 0.749
565.359 0.762
566.086 0.727
566.771 0.685
567.455 0.684
568.166 0.711
568.985 0.819
569.842 0.857
570.659 0.817
571.403 0.744
572.102 0.699
572.774 0.672
573.442 0.668
574.112 0.67
574.801 0.689
575.487 0.686
576.155 0.668
576.801 0.646
577.447 0.646
578.101 0.654
578.781 0.68
579.489 0.708
580.197 0.708
580.899 0.702
581.584 0.685
582.247 0.663
582.898 0.651
583.541 0.643
584.185 0.644
584.825 0.64
585.46 0.635
586.087 0.627
586.707 0.62
587.327 0.62
587.95 0.623
588.592 0.642
589.249 0.657
589.912 0.663
590.594 0.682
591.321 0.727
592.277 0.956
593.136 0.859
593.923 0.787
594.641 0.718
595.315 0.674
595.977 0.662
596.648 0.671
597.338 0.69
598.055 0.717
598.781 0.726
599.532 0.751
600.426 0.894