0.000 1.153
1.153 1.153
2.306 1.153
3.459 1.153
4.572 1.113
5.597 1.025
6.468 0.871
7.306 0.838
8.341 1.035
9.476 1.135
10.467 0.991
11.364 0.897
12.372 1.008
13.383 1.011
14.288 0.905
15.155 0.867
16.152 0.997
17.288 1.136
18.386 1.098
19.375 0.989
20.3 0.925
21.23 0.93
22.184 0.954
23.05 0.866
23.934 0.884
25.138 1.204
26.353 1.215
27.524 1.171
28.562 1.038
29.621 1.059
30.869 1.248
32.065 1.196
33.17 1.105
34.329 1.159
35.499 1.17
36.522 1.023
37.606 1.084
38.811 1.205
40.029 1.218
41.135 1.106
42.159 1.024
43.354 1.195
44.388 1.034
45.391 1.003
46.395 1.004
47.477 1.082
48.572 1.095
49.582 1.01
50.616 1.034
51.697 1.081
52.731 1.034
53.713 0.982
54.627 0.914
55.592 0.965
56.674 1.082
57.769 1.095
58.731 0.962
59.734 1.003
60.893 1.159
62.02 1.127
63.092 1.072
64.214 1.122
65.247 1.033
66.281 1.034
67.377 1.096
68.506 1.129
69.537 1.031
70.51 0.973
71.558 1.048
72.619 1.061
73.657 1.038
74.615 0.958
75.627 1.012
76.596 0.969
77.555 0.959
78.513 0.958
79.542 1.029
80.61 1.068
81.598 0.988
82.626 1.028
83.739 1.113
84.855 1.116
85.888 1.033
86.978 1.09
88.094 1.116
89.145 1.051
90.111 0.966
91.115 1.004
92.107 0.992
93.029 0.922
94.01 0.981
95.036 1.026
95.955 0.919
96.873 0.918
97.915 1.042
98.957 1.042
99.988 1.031
100.889 0.901
101.815 0.926
102.766 0.951
103.745 0.979
104.751 1.006
105.763 1.012
106.727 0.964
107.705 0.978
108.657 0.952
109.571 0.914
110.513 0.942
111.474 0.961
112.295 0.821
113.086 0.791
113.929 0.843
115.118 1.189
116.106 0.988
117.087 0.981
118.111 1.024
119.207 1.096
120.27 1.063
121.218 0.948
122.179 0.961
123.189 1.01
124.064 0.875
124.949 0.885
125.845 0.896
126.82 0.975
127.75 0.93
128.674 0.924
129.607 0.933
130.595 0.988
131.691 1.096
132.787 1.096
133.892 1.105
135.051 1.159
136.162 1.111
137.243 1.081
138.212 0.969
139.07 0.858
139.89 0.82
140.675 0.785
141.494 0.819
142.401 0.907
143.478 1.077
144.461 0.983
145.523 1.062
146.695 1.172
147.748 1.053
148.764 1.016
149.823 1.059
150.889 1.066
151.878 0.989
152.928 1.05
154.048 1.12
155.17 1.122
156.296 1.126
157.466 1.17
158.6 1.134
159.719 1.119
160.75 1.031
161.796 1.046
162.87 1.074
163.891 1.021
164.899 1.008
165.959 1.06
166.913 0.954
167.88 0.967
168.928 1.048
169.989 1.061
170.988 0.999
172.158 1.17
173.315 1.157
174.393 1.078
175.384 0.991
176.47 1.086
177.551 1.081
178.607 1.056
179.715 1.108
180.838 1.123
181.946 1.108
183.15 1.204
184.305 1.155
185.359 1.054
186.402 1.043
187.456 1.054
188.554 1.098
189.666 1.112
190.779 1.113
191.868 1.089
193.013 1.145
194.089 1.076
195.096 1.007
196.104 1.008
197.097 0.993
198.049 0.952
198.978 0.929
199.876 0.898
200.788 0.912
201.683 0.895
202.645 0.962
203.796 1.151
204.813 1.017
205.847 1.034
206.779 0.932
207.858 1.079
208.845 0.987
209.895 1.05
210.959 1.064
211.919 0.96
212.891 0.972
213.944 1.053
214.935 0.991
216.036 1.101
217.028 0.992
218.035 1.007
219.047 1.012
220.01 0.963
220.95 0.94
221.843 0.893
222.75 0.907
223.654 0.904
224.574 0.92
225.49 0.916
226.351 0.861
227.215 0.864
228.074 0.859
228.943 0.869
229.825 0.882
230.652 0.827
231.404 0.752
232.186 0.782
232.974 0.788
233.825 0.851
234.763 0.938
235.748 0.985
236.686 0.938
237.538 0.852
238.322 0.784
239.056 0.734
239.804 0.748
240.663 0.859
241.868 1.205
243.186 1.318
244.36 1.174
245.533 1.173
246.613 1.08
247.552 0.939
248.417 0.865
249.212 0.795
249.963 0.751
250.691 0.728
251.409 0.718
252.129 0.72
252.876 0.747
253.715 0.839
254.637 0.922
255.563 0.926
256.372 0.809
257.252 0.88
258.213 0.961
259.273 1.06
260.299 1.026
261.269 0.97
262.328 1.059
263.507 1.179
264.645 1.138
265.69 1.045
266.629 0.939
267.516 0.887
268.397 0.881
269.331 0.934
270.304 0.973
271.232 0.928
272.243 1.011
273.281 1.038
274.338 1.057
275.377 1.039
276.376 0.999
277.404 1.028
278.475 1.071
279.575 1.1
280.666 1.091
281.725 1.059
282.733 1.008
283.731 0.998
284.737 1.006
285.739 1.002
286.765 1.026
287.781 1.016
288.747 0.966
289.755 1.008
290.851 1.096
291.859 1.008
292.873 1.014
293.741 0.868
294.635 0.894
295.615 0.98
296.547 0.932
297.571 1.024
298.563 0.992
299.56 0.997
300.641 1.081
301.717 1.076
302.707 0.99
303.706 0.999
304.707 1.001
305.656 0.949
306.642 0.986
307.662 1.02
308.681 1.019
309.765 1.084
310.867 1.102
311.934 1.067
313.025 1.091
314.11 1.085
315.094 0.984
316.09 0.996
317.109 1.019
318.031 0.922
318.965 0.934
320.021 1.056
321.065 1.044
322.263 1.198
323.36 1.097
324.452 1.092
325.557 1.105
326.61 1.053
327.644 1.034
328.719 1.075
329.819 1.1
330.885 1.066
331.977 1.092
333.026 1.049
334.013 0.987
335.075 1.062
336.178 1.103
337.172 0.994
338.191 1.019
339.253 1.062
340.274 1.021
341.37 1.096
342.425 1.055
343.485 1.06
344.542 1.057
345.486 0.944
346.435 0.949
347.44 1.005
348.387 0.947
349.394 1.007
350.49 1.096
351.47 0.98
352.51 1.04
353.582 1.072
354.586 1.004
355.561 0.975
356.521 0.96
357.409 0.888
358.352 0.943
359.416 1.064
360.445 1.029
361.565 1.12
362.674 1.109
363.667 0.993
364.672 1.005
365.667 0.995
366.637 0.97
367.624 0.987
368.624 1.0
369.568 0.944
370.577 1.009
371.634 1.057
372.638 1.004
373.677 1.039
374.704 1.027
375.629 0.925
376.621 0.992
377.575 0.954
378.682 1.107
379.794 1.112
380.856 1.062
382.019 1.163
383.113 1.094
384.165 1.052
385.22 1.055
386.221 1.001
387.204 0.983
388.256 1.052
389.301 1.045
390.282 0.981
391.294 1.012
392.339 1.045
393.343 1.004
394.417 1.074
395.458 1.041
396.532 1.074
397.598 1.066
398.556 0.958
399.49 0.934
400.398 0.908
401.294 0.896
402.125 0.831
402.955 0.83
403.759 0.804
404.555 0.796
405.429 0.874
406.424 0.995
407.528 1.104
408.67 1.142
409.682 1.012
410.741 1.059
411.827 1.086
412.877 1.05
413.912 1.035
414.936 1.024
415.927 0.991
416.884 0.957
417.877 0.993
418.912 1.035
419.882 0.97
420.91 1.028
422.005 1.095
423.018 1.013
424.046 1.028
425.126 1.08
426.206 1.08
427.247 1.041
428.336 1.089
429.437 1.101
430.388 0.951
431.364 0.976
432.403 1.039
433.401 0.998
434.446 1.045
435.52 1.074
436.509 0.989
437.519 1.01
438.45 0.931
439.336 0.886
440.187 0.851
440.979 0.792
441.763 0.784
442.557 0.794
443.336 0.779
444.075 0.739
444.822 0.747
445.545 0.723
446.274 0.729
447.011 0.737
447.779 0.768
448.547 0.768
449.371 0.824
450.273 0.902
451.201 0.928
452.087 0.886
453.031 0.944
454.04 1.009
455.223 1.183
456.307 1.084
457.472 1.165
458.699 1.227
459.747 1.048
460.848 1.101
462.025 1.177
463.008 0.983
464.134 1.126
465.31 1.176
466.354 1.044
467.45 1.096
468.599 1.149
469.635 1.036
470.811 1.176
472.014 1.203
473.185 1.171
474.217 1.032
475.369 1.152
476.596 1.227
477.736 1.14
478.942 1.206
480.16 1.218
481.301 1.141
482.523 1.222
483.685 1.162
484.78 1.095
485.982 1.202
487.124 1.142
488.135 1.011
489.145 1.01
490.27 1.125
491.287 1.017
492.235 0.948
493.134 0.899
494.125 0.991
495.122 0.997
496.049 0.927
496.98 0.931
498.009 1.029
499.182 1.173
500.325 1.143
501.451 1.126
502.637 1.186
503.736 1.099
504.895 1.159
506.121 1.226
507.275 1.154
508.407 1.132
509.665 1.258
510.807 1.142
511.847 1.04
513.007 1.16
514.203 1.196
515.26 1.057
516.385 1.125
517.489 1.104
518.514 1.025
519.555 1.041
520.642 1.087
521.69 1.048
522.748 1.058
523.846 1.098
524.952 1.106
525.972 1.02
527.045 1.073
528.175 1.13
529.218 1.043
530.318 1.1
531.478 1.16
532.608 1.13
533.64 1.032
534.652 1.012
535.696 1.044
536.719 1.023
537.757 1.038
538.961 1.204
540.066 1.105
541.155 1.089
542.31 1.155
543.438 1.128
544.526 1.088
545.598 1.072
546.579 0.981
547.537 0.958
548.546 1.009
549.544 0.998
550.608 1.064
551.695 1.087
552.689 0.994
553.683 0.994
554.71 1.027
555.776 1.066
556.758 0.982
557.689 0.931
558.589 0.9
559.504 0.915
560.532 1.028
561.606 1.074
562.697 1.091
563.705 1.008
564.832 1.127
565.932 1.1
566.938 1.006
568.025 1.087
569.151 1.126
570.166 1.015
571.221 1.055
572.347 1.126
573.436 1.089
574.472 1.036
575.538 1.066
576.597 1.059
577.659 1.062
578.775 1.116
579.846 1.071
580.817 0.971
581.878 1.061
582.954 1.076
583.914 0.96
584.988 1.074
586.23 1.242
587.352 1.122
588.448 1.096
589.468 1.02
590.403 0.935
591.258 0.855
592.047 0.789
592.83 0.783
593.7 0.87
594.635 0.935
595.659 1.024
596.727 1.068
597.66 0.933
598.642 0.982
599.697 1.055