0.000 0.797
0.797 0.797
1.567 0.77
2.327 0.76
3.053 0.726
3.841 0.788
4.638 0.797
5.431 0.793
6.195 0.764
6.959 0.764
7.717 0.758
8.45 0.733
9.229 0.779
10.002 0.773
10.728 0.726
11.427 0.699
12.14 0.713
12.883 0.743
13.628 0.745
14.4 0.772
15.179 0.779
15.937 0.758
16.715 0.778
17.501 0.786
18.299 0.798
19.057 0.758
19.862 0.805
20.682 0.82
21.519 0.837
22.3 0.781
23.13 0.83
23.957 0.827
24.719 0.762
25.506 0.787
26.294 0.788
27.068 0.774
27.819 0.751
28.619 0.8
29.496 0.877
30.391 0.895
31.341 0.95
32.284 0.943
33.179 0.895
34.09 0.911
34.986 0.896
35.869 0.883
36.691 0.822
37.557 0.866
38.417 0.86
39.269 0.852
40.048 0.779
40.897 0.849
41.686 0.789
42.481 0.795
43.323 0.842
44.11 0.787
45.002 0.892
45.955 0.953
46.887 0.932
47.759 0.872
48.636 0.877
49.507 0.871
50.358 0.851
51.155 0.797
52.002 0.847
52.87 0.868
53.732 0.862
54.636 0.904
55.544 0.908
56.38 0.836
57.299 0.919
58.19 0.891
59.012 0.822
59.87 0.858
60.75 0.88
61.557 0.807
62.414 0.857
63.267 0.853
64.106 0.839
64.857 0.751
65.601 0.744
66.336 0.735
67.099 0.763
67.883 0.784
68.656 0.773
69.406 0.75
70.178 0.772
70.968 0.79
71.708 0.74
72.519 0.811
73.357 0.838
74.18 0.823
74.937 0.757
75.705 0.768
76.442 0.737
77.149 0.707
77.919 0.77
78.714 0.795
79.784 1.07
80.773 0.989
81.665 0.892
82.568 0.903
83.472 0.904
84.358 0.886
85.208 0.85
86.039 0.831
86.876 0.837
87.701 0.825
88.476 0.775
89.225 0.749
89.997 0.772
90.784 0.787
91.591 0.807
92.411 0.82
93.182 0.771
93.998 0.816
94.806 0.808
95.602 0.796
96.329 0.727
97.083 0.754
97.827 0.744
98.568 0.741
99.305 0.737
100.023 0.718
100.762 0.739
101.547 0.785
102.388 0.841
103.264 0.876
104.116 0.852
104.909 0.793
105.675 0.766
106.428 0.753
107.155 0.727
107.885 0.73
108.604 0.719
109.312 0.708
110.036 0.724
110.805 0.769
111.555 0.75
112.417 0.862
113.309 0.892
114.203 0.894
115.054 0.851
115.882 0.828
116.684 0.802
117.472 0.788
118.247 0.775
119.01 0.763
119.813 0.803
120.6 0.787
121.396 0.796
122.19 0.794
122.994 0.804
123.78 0.786
124.559 0.779
125.314 0.755
126.044 0.73
126.782 0.738
127.527 0.745
128.291 0.764
129.078 0.787
129.838 0.76
130.584 0.746
131.306 0.722
132.045 0.739
132.768 0.723
133.519 0.751
134.25 0.731
134.996 0.746
135.743 0.747
136.469 0.726
137.166 0.697
137.847 0.681
138.518 0.671
139.184 0.666
139.86 0.676
140.54 0.68
141.272 0.732
142.052 0.78
142.858 0.806
143.688 0.83
144.531 0.843
145.365 0.834
146.19 0.825
146.968 0.778
147.727 0.759
148.496 0.769
149.254 0.758
150.012 0.758
150.787 0.775
151.558 0.771
152.294 0.736
153.052 0.758
153.812 0.76
154.616 0.804
155.4 0.784
156.185 0.785
156.996 0.811
157.842 0.846
158.717 0.875
159.566 0.849
160.386 0.82
161.155 0.769
161.95 0.795
162.754 0.804
163.574 0.82
164.387 0.813
165.227 0.84
166.072 0.845
166.849 0.777
167.638 0.789
168.422 0.784
169.182 0.76
169.934 0.752
170.712 0.778
171.506 0.794
172.341 0.835
173.161 0.82
173.997 0.836
174.847 0.85
175.717 0.87
176.559 0.842
177.374 0.815
178.142 0.768
178.87 0.728
179.604 0.734
180.369 0.765
181.192 0.823
182.033 0.841
182.874 0.841
183.726 0.852
184.546 0.82
185.326 0.78
186.132 0.806
186.909 0.777
187.636 0.727
188.37 0.734
189.095 0.725
189.868 0.773
190.7 0.832
191.505 0.805
192.358 0.853
193.164 0.806
193.933 0.769
194.709 0.776
195.487 0.778
196.24 0.753
197.035 0.795
197.847 0.812
198.656 0.809
199.508 0.852
200.327 0.819
201.124 0.797
201.899 0.775
202.674 0.775
203.453 0.779
204.23 0.777
204.972 0.742
205.768 0.796
206.562 0.794
207.326 0.764
208.117 0.791
208.93 0.813
209.751 0.821
210.532 0.781
211.317 0.785
212.085 0.768
212.838 0.753
213.623 0.785
214.407 0.784
215.186 0.779
215.972 0.786
216.804 0.832
217.693 0.889
218.594 0.901
219.465 0.871
220.247 0.782
221.034 0.787
221.784 0.75
222.544 0.76
223.295 0.751
224.081 0.786
224.901 0.82
225.761 0.86
226.62 0.859
227.432 0.812
228.244 0.812
229.065 0.821
229.869 0.804
230.622 0.753
231.382 0.76
232.126 0.744
232.837 0.711
233.586 0.749
234.369 0.783
235.184 0.815
236.005 0.821
236.799 0.794
237.555 0.756
238.281 0.726
238.983 0.702
239.671 0.688
240.352 0.681
241.054 0.702
241.786 0.732
242.552 0.766
243.353 0.801
244.157 0.804
244.944 0.787
245.727 0.783
246.455 0.728
247.201 0.746
247.957 0.756
248.738 0.781
249.527 0.789
250.297 0.77
251.106 0.809
251.949 0.843
252.784 0.835
253.553 0.769
254.355 0.802
255.166 0.811
255.986 0.82
256.81 0.824
257.627 0.817
258.411 0.784
259.21 0.799
260.026 0.816
260.807 0.781
261.626 0.819
262.433 0.807
263.233 0.8
264.018 0.785
264.783 0.765
265.554 0.771
266.328 0.774
267.117 0.789
267.891 0.774
268.666 0.775
269.465 0.799
270.28 0.815
271.123 0.843
271.914 0.791
272.789 0.875
273.655 0.866
274.499 0.844
275.297 0.798
276.072 0.775
276.829 0.757
277.586 0.757
278.353 0.767
279.102 0.749
279.859 0.757
280.62 0.761
281.353 0.733
282.169 0.816
283.07 0.901
283.946 0.876
284.764 0.818
285.551 0.787
286.344 0.793
287.133 0.789
287.907 0.774
288.675 0.768
289.43 0.755
290.172 0.742
290.963 0.791
291.79 0.827
292.623 0.833
293.471 0.848
294.316 0.845
295.137 0.821
295.973 0.836
296.762 0.789
297.515 0.753
298.279 0.764
299.095 0.816
299.956 0.861
300.732 0.776
301.58 0.848
302.445 0.865
303.325 0.88
304.196 0.871
305.004 0.808
305.827 0.823
306.645 0.818
307.468 0.823
308.287 0.819
309.086 0.799
309.886 0.8
310.709 0.823
311.553 0.844
312.351 0.798
313.196 0.845
314.059 0.863
314.923 0.864
315.762 0.839
316.541 0.779
317.33 0.789
318.131 0.801
318.962 0.831
319.795 0.833
320.553 0.758
321.349 0.796
322.113 0.764
322.861 0.748
323.571 0.71
324.292 0.721
325.011 0.719
325.757 0.746
326.522 0.765
327.33 0.808
328.122 0.792
328.933 0.811
329.766 0.833
330.631 0.865
331.45 0.819
332.308 0.858
333.153 0.845
333.95 0.797
334.787 0.837
335.602 0.815
336.397 0.795
337.221 0.824
338.047 0.826
338.827 0.78
339.644 0.817
340.519 0.875
341.37 0.851
342.149 0.779
342.949 0.8
343.748 0.799
344.549 0.801
345.329 0.78
346.096 0.767
346.875 0.779
347.675 0.8
348.446 0.771
349.271 0.825
350.08 0.809
350.842 0.762
351.643 0.801
352.4 0.757
353.174 0.774
353.924 0.75
354.661 0.737
355.397 0.736
356.162 0.765
356.945 0.783
357.75 0.805
358.524 0.774
359.254 0.73
359.979 0.725
360.706 0.727
361.449 0.743
362.213 0.764
362.963 0.75
363.725 0.762
364.493 0.768
365.243 0.75
366.013 0.77
366.802 0.789
367.574 0.772
368.334 0.76
369.062 0.728
369.805 0.743
370.559 0.754
371.358 0.799
372.144 0.786
372.972 0.828
373.808 0.836
374.644 0.836
375.43 0.786
376.227 0.797
377.015 0.788
377.799 0.784
378.553 0.754
379.319 0.766
380.077 0.758
380.833 0.756
381.584 0.751
382.344 0.76
383.104 0.76
383.882 0.778
384.653 0.771
385.459 0.806
386.264 0.805
387.069 0.805
387.854 0.785
388.642 0.788
389.415 0.773
390.179 0.764
390.916 0.737
391.672 0.756
392.442 0.77
393.221 0.779
394.001 0.78
394.782 0.781
395.596 0.814
396.449 0.853
397.31 0.861
398.125 0.815
398.965 0.84
399.765 0.8
400.529 0.764
401.308 0.779
402.096 0.788
402.855 0.759
403.648 0.793
404.416 0.768
405.203 0.787
405.981 0.778
406.789 0.808
407.628 0.839
408.472 0.844
409.299 0.827
410.111 0.812
410.919 0.808
411.717 0.798
412.53 0.813
413.37 0.84
414.196 0.826
415.071 0.875
415.941 0.87
416.816 0.875
417.669 0.853
418.527 0.858
419.371 0.844
420.156 0.785
420.969 0.813
421.776 0.807
422.606 0.83
423.397 0.791
424.277 0.88
425.194 0.917
426.075 0.881
426.924 0.849
427.741 0.817
428.591 0.85
429.459 0.868
430.341 0.882
431.177 0.836
432.07 0.893
432.953 0.883
433.852 0.899
434.74 0.888
435.566 0.826
436.413 0.847
437.225 0.812
438.074 0.849
438.906 0.832
439.687 0.781
440.512 0.825
441.333 0.821
442.101 0.768
442.889 0.788
443.673 0.784
444.442 0.769
445.253 0.811
446.092 0.839
446.945 0.853
447.755 0.81
448.56 0.805
449.37 0.81
450.174 0.804
450.979 0.805
451.754 0.775
452.594 0.84
453.489 0.895
454.389 0.9
455.3 0.911
456.167 0.867
456.997 0.83
457.786 0.789
458.578 0.792
459.37 0.792
460.196 0.826
461.083 0.887
461.996 0.913
462.851 0.855
463.78 0.929
464.689 0.909
465.53 0.841
466.327 0.797
467.126 0.799
467.901 0.775
468.706 0.805
469.512 0.806
470.323 0.811
471.134 0.811
471.961 0.827
472.771 0.81
473.584 0.813
474.39 0.806
475.177 0.787
475.954 0.777
476.733 0.779
477.527 0.794
478.334 0.807
479.11 0.776
479.894 0.784
480.724 0.83
481.575 0.851
482.42 0.845
483.214 0.794
484.023 0.809
484.817 0.794
485.644 0.827
486.407 0.763
487.274 0.867
488.148 0.874
489.008 0.86
489.794 0.786
490.518 0.724
491.248 0.73
491.976 0.728
492.731 0.755
493.496 0.765
494.258 0.762
495.006 0.748
495.726 0.72
496.433 0.707
497.125 0.692
497.812 0.687
498.501 0.689
499.2 0.699
499.917 0.717
500.644 0.727
501.38 0.736
502.136 0.756
502.885 0.749
503.625 0.74
504.375 0.75
505.121 0.746
505.843 0.722
506.562 0.719
507.281 0.719
508.006 0.725
508.726 0.72
509.486 0.76
510.269 0.783
511.066 0.797
511.887 0.821
512.759 0.872
513.64 0.881
514.49 0.85
515.311 0.821
516.11 0.799
516.891 0.781
517.646 0.755
518.405 0.759
519.174 0.769
519.948 0.774
520.758 0.81
521.585 0.827
522.457 0.872
523.319 0.862
524.153 0.834
524.948 0.795
525.766 0.818
526.583 0.817
527.421 0.838
528.222 0.801
529.057 0.835
529.917 0.86
530.755 0.838
531.587 0.832
532.43 0.843
533.275 0.845
534.054 0.779
534.855 0.801
535.678 0.823
536.524 0.846
537.362 0.838
538.193 0.831
539.011 0.818
539.759 0.748
540.522 0.763
541.294 0.772
542.056 0.762
542.793 0.737
543.574 0.781
544.354 0.78
545.168 0.814
545.989 0.821
546.799 0.81
547.628 0.829
548.443 0.815
549.237 0.794
550.003 0.766
550.778 0.775
551.582 0.804
552.409 0.827
553.236 0.827
554.03 0.794
554.837 0.807
555.649 0.812
556.471 0.822
557.262 0.791
558.114 0.852
558.959 0.845
559.804 0.845
560.629 0.825
561.465 0.836
562.287 0.822
563.083 0.796
563.847 0.764
564.607 0.76
565.393 0.786
566.231 0.838
567.087 0.856
567.889 0.802
568.699 0.81
569.52 0.821
570.328 0.808
571.093 0.765
571.907 0.814
572.691 0.784
573.511 0.82
574.317 0.806
575.134 0.817
575.93 0.796
576.692 0.762
577.422 0.73
578.194 0.772
579.022 0.828
579.899 0.877
580.734 0.835
581.624 0.89
582.483 0.859
583.333 0.85
584.113 0.78
584.913 0.8
585.7 0.787
586.497 0.797
587.281 0.784
588.125 0.844
588.991 0.866
589.871 0.88
590.707 0.836
591.518 0.811
592.357 0.839
593.224 0.867
594.089 0.865
594.918 0.829
595.777 0.859
596.662 0.885
597.561 0.899
598.409 0.848
599.288 0.879
600.16 0.872
601.022 0.862
601.822 0.8