0.000 0.674
0.674 0.674
1.328 0.654
1.938 0.61
2.591 0.653
3.202 0.611
3.82 0.618
4.423 0.603
5.003 0.58
5.581 0.578
6.162 0.581
6.752 0.59
7.345 0.593
7.923 0.578
8.494 0.571
9.081 0.587
9.687 0.606
10.309 0.622
10.938 0.629
11.551 0.613
12.141 0.59
12.75 0.609
13.365 0.615
13.977 0.612
14.551 0.574
15.14 0.589
15.74 0.6
16.348 0.608
16.952 0.604
17.526 0.574
18.109 0.583
18.694 0.585
19.295 0.601
19.91 0.615
20.522 0.612
21.116 0.594
21.742 0.626
22.419 0.677
23.065 0.646
23.695 0.63
24.37 0.675
25.056 0.686
25.728 0.672
26.331 0.603
26.954 0.623
27.561 0.607
28.16 0.599
28.746 0.586
29.352 0.606
29.979 0.627
30.659 0.68
31.291 0.632
31.948 0.657
32.597 0.649
33.236 0.639
33.871 0.635
34.482 0.611
35.11 0.628
35.743 0.633
36.357 0.614
36.962 0.605
37.564 0.602
38.183 0.619
38.823 0.64
39.5 0.677
40.115 0.615
40.713 0.598
41.309 0.596
41.916 0.607
42.537 0.621
43.191 0.654
43.802 0.611
44.422 0.62
45.04 0.618
45.679 0.639
46.279 0.6
46.916 0.637
47.549 0.633
48.232 0.683
48.912 0.68
49.523 0.611
50.153 0.63
50.778 0.625
51.4 0.622
52.015 0.615
52.613 0.598
53.244 0.631
53.884 0.64
54.53 0.646
55.157 0.627
55.821 0.664
56.488 0.667
57.151 0.663
57.792 0.641
58.413 0.621
59.017 0.604
59.603 0.586
60.197 0.594
60.794 0.597
61.399 0.605
62.005 0.606
62.604 0.599
63.222 0.618
63.86 0.638
64.504 0.644
65.118 0.614
65.737 0.619
66.343 0.606
66.965 0.622
67.598 0.633
68.223 0.625
68.83 0.607
69.441 0.611
70.048 0.607
70.635 0.587
71.215 0.58
71.809 0.594
72.432 0.623
73.078 0.646
73.771 0.693
74.412 0.641
75.028 0.616
75.644 0.616
76.257 0.613
76.881 0.624
77.486 0.605
78.104 0.618
78.743 0.639
79.532 0.789
80.279 0.747
80.939 0.66
81.573 0.634
82.169 0.596
82.766 0.597
83.368 0.602
83.985 0.617
84.628 0.643
85.281 0.653
85.896 0.615
86.491 0.595
87.09 0.599
87.683 0.593
88.268 0.585
88.833 0.565
89.411 0.578
90.011 0.6
90.762 0.751
91.493 0.731
92.177 0.684
92.827 0.65
93.47 0.643
94.073 0.603
94.694 0.621
95.301 0.607
95.929 0.628
96.539 0.61
97.154 0.615
97.763 0.609
98.373 0.61
98.991 0.618
99.612 0.621
100.222 0.61
100.826 0.604
101.434 0.608
102.047 0.613
102.655 0.608
103.262 0.607
103.85 0.588
104.442 0.592
105.041 0.599
105.642 0.601
106.245 0.603
106.855 0.61
107.456 0.601
108.077 0.621
108.726 0.649
109.405 0.679
110.07 0.665
110.763 0.693
111.464 0.701
112.221 0.757
112.899 0.678
113.604 0.705
114.281 0.677
114.958 0.677
115.613 0.655
116.255 0.642
116.885 0.63
117.489 0.604
118.093 0.604
118.7 0.607
119.324 0.624
120.001 0.677
120.669 0.668
121.299 0.63
121.929 0.63
122.575 0.646
123.221 0.646
123.866 0.645
124.476 0.61
125.09 0.614
125.707 0.617
126.338 0.631
126.998 0.66
127.679 0.681
128.38 0.701
129.049 0.669
129.676 0.627
130.294 0.618
130.895 0.601
131.493 0.598
132.081 0.588
132.686 0.605
133.306 0.62
133.932 0.626
134.699 0.767
135.449 0.75
136.191 0.742
136.885 0.694
137.525 0.64
138.146 0.621
138.762 0.616
139.361 0.599
139.956 0.595
140.549 0.593
141.145 0.596
141.753 0.608
142.381 0.628
143.025 0.644
143.688 0.663
144.382 0.694
145.097 0.715
145.815 0.718
146.484 0.669
147.144 0.66
147.787 0.643
148.46 0.673
149.079 0.619
149.748 0.669
150.38 0.632
150.99 0.61
151.604 0.614
152.22 0.616
152.847 0.627
153.471 0.624
154.084 0.613
154.687 0.603
155.292 0.605
155.901 0.609
156.503 0.602
157.104 0.601
157.699 0.595
158.284 0.585
158.869 0.585
159.472 0.603
160.114 0.642
160.865 0.751
161.569 0.704
162.274 0.705
162.961 0.687
163.638 0.677
164.29 0.652
164.917 0.627
165.563 0.646
166.213 0.65
166.851 0.638
167.505 0.654
168.194 0.689
168.951 0.757
169.665 0.714
170.326 0.661
170.99 0.664
171.649 0.659
172.298 0.649
172.937 0.639
173.552 0.615
174.173 0.621
174.807 0.634
175.455 0.648
176.127 0.672
176.794 0.667
177.45 0.656
178.108 0.658
178.751 0.643
179.42 0.669
180.073 0.653
180.725 0.652
181.351 0.626
181.978 0.627
182.595 0.617
183.194 0.599
183.78 0.586
184.388 0.608
185.031 0.643
185.792 0.761
186.541 0.749
187.275 0.734
187.994 0.719
188.683 0.689
189.377 0.694
190.049 0.672
190.722 0.673
191.365 0.643
191.985 0.62
192.598 0.613
193.218 0.62
193.858 0.64
194.523 0.665
195.205 0.682
195.844 0.639
196.484 0.64
197.081 0.597
197.682 0.601
198.29 0.608
198.916 0.626
199.545 0.629
200.168 0.623
200.781 0.613
201.395 0.614
201.999 0.604
202.59 0.591
203.196 0.606
203.806 0.61
204.415 0.609
205.011 0.596
205.6 0.589
206.188 0.588
206.777 0.589
207.36 0.583
207.936 0.576
208.515 0.579
209.116 0.601
209.771 0.655
210.513 0.742
211.299 0.786
212.064 0.765
212.784 0.72
213.449 0.665
214.107 0.658
214.745 0.638
215.363 0.618
215.959 0.596
216.571 0.612
217.188 0.617
217.804 0.616
218.421 0.617
219.042 0.621
219.698 0.656
220.412 0.714
221.112 0.7
221.759 0.647
222.402 0.643
223.041 0.639
223.681 0.64
224.311 0.63
224.922 0.611
225.529 0.607
226.143 0.614
226.765 0.622
227.397 0.632
228.041 0.644
228.676 0.635
229.306 0.63
229.949 0.643
230.617 0.668
231.318 0.701
232.049 0.731
232.713 0.664
233.338 0.625
233.969 0.631
234.598 0.629
235.226 0.628
235.855 0.629
236.47 0.615
237.083 0.613
237.71 0.627
238.34 0.63
238.995 0.655
239.631 0.636
240.254 0.623
240.881 0.627
241.52 0.639
242.185 0.665
242.85 0.665
243.479 0.629
244.111 0.632
244.739 0.628
245.373 0.634
246.005 0.632
246.611 0.606
247.215 0.604
247.823 0.608
248.439 0.616
249.062 0.623
249.687 0.625
250.301 0.614
250.925 0.624
251.554 0.629
252.188 0.634
252.814 0.626
253.418 0.604
254.024 0.606
254.628 0.604
255.231 0.603
255.83 0.599
256.417 0.587
256.984 0.567
257.57 0.586
258.168 0.598
258.792 0.624
259.473 0.681
260.128 0.655
260.794 0.666
261.446 0.652
262.101 0.655
262.718 0.617
263.331 0.613
263.935 0.604
264.554 0.619
265.184 0.63
265.803 0.619
266.419 0.616
267.04 0.621
267.664 0.624
268.287 0.623
268.893 0.606
269.51 0.617
270.126 0.616
270.763 0.637
271.404 0.641
272.024 0.62
272.643 0.619
273.258 0.615
273.888 0.63
274.522 0.634
275.139 0.617
275.742 0.603
276.347 0.605
276.956 0.609
277.569 0.613
278.175 0.606
278.774 0.599
279.375 0.601
279.988 0.613
280.601 0.613
281.215 0.614
281.834 0.619
282.448 0.614
283.072 0.624
283.699 0.627
284.341 0.642
284.989 0.648
285.63 0.641
286.251 0.621
286.858 0.607
287.462 0.604
288.066 0.604
288.677 0.611
289.302 0.625
289.924 0.622
290.544 0.62
291.179 0.635
291.824 0.645
292.491 0.667
293.176 0.685
293.822 0.646
294.447 0.625
295.071 0.624
295.692 0.621
296.311 0.619
296.915 0.604
297.489 0.574
298.066 0.577
298.645 0.579
299.246 0.601
299.87 0.624
300.504 0.634
301.13 0.626
301.761 0.631
302.396 0.635
303.009 0.613
303.622 0.613
304.239 0.617
304.873 0.634
305.533 0.66
306.185 0.652
306.827 0.642
307.443 0.616
308.057 0.614
308.677 0.62
309.293 0.616
309.911 0.618
310.55 0.639
311.207 0.657
311.867 0.66
312.502 0.635
313.127 0.625
313.748 0.621
314.373 0.625
314.994 0.621
315.606 0.612
316.204 0.598
316.81 0.606
317.413 0.603
318.015 0.602
318.613 0.598
319.224 0.611
319.853 0.629
320.504 0.651
321.209 0.705
321.878 0.669
322.543 0.665
323.214 0.671
323.881 0.667
324.526 0.645
325.149 0.623
325.752 0.603
326.361 0.609
326.963 0.602
327.558 0.595
328.156 0.598
328.763 0.607
329.394 0.631
330.058 0.664
330.724 0.666
331.354 0.63
331.997 0.643
332.623 0.626
333.232 0.609
333.833 0.601
334.432 0.599
335.033 0.601
335.65 0.617
336.258 0.608
336.861 0.603
337.478 0.617
338.11 0.632
338.747 0.637
339.389 0.642
340.005 0.616
340.625 0.62
341.238 0.613
341.843 0.605
342.43 0.587
343.011 0.581
343.591 0.58
344.172 0.581
344.769 0.597
345.383 0.614
346.063 0.68
346.758 0.695
347.416 0.658
348.109 0.693
348.783 0.674
349.461 0.678
350.12 0.659
350.744 0.624
351.36 0.616
351.992 0.632
352.621 0.629
353.251 0.63
353.878 0.627
354.492 0.614
355.088 0.596
355.678 0.59
356.269 0.591
356.868 0.599
357.48 0.612
358.088 0.608
358.704 0.616
359.321 0.617
359.93 0.609
360.549 0.619
361.151 0.602
361.746 0.595
362.334 0.588
362.926 0.592
363.524 0.598
364.125 0.601
364.736 0.611
365.355 0.619
365.983 0.628
366.604 0.621
367.222 0.618
367.828 0.606
368.438 0.61
369.042 0.604
369.653 0.611
370.268 0.615
370.911 0.643
371.561 0.65
372.258 0.697
372.958 0.7
373.639 0.681
374.344 0.705
375.036 0.692
375.691 0.655
376.333 0.642
376.981 0.648
377.612 0.631
378.246 0.634
378.902 0.656
379.696 0.794
380.421 0.725
381.083 0.662
381.726 0.643
382.363 0.637
382.989 0.626
383.617 0.628
384.246 0.629
384.869 0.623
385.49 0.621
386.111 0.621
386.708 0.597
387.316 0.608
387.929 0.613
388.555 0.626
389.205 0.65
389.846 0.641
390.514 0.668
391.206 0.692
392.0 0.794
392.718 0.718
393.408 0.69
394.048 0.64
394.679 0.631
395.305 0.626
395.939 0.634
396.577 0.638
397.216 0.639
397.847 0.631
398.458 0.611
399.061 0.603
399.663 0.602
400.268 0.605
400.87 0.602
401.482 0.612
402.1 0.618
402.726 0.626
403.352 0.626
403.996 0.644
404.636 0.64
405.269 0.633
405.893 0.624
406.518 0.625
407.135 0.617
407.748 0.613
408.36 0.612
408.979 0.619
409.605 0.626
410.263 0.658
410.934 0.671
411.593 0.659
412.246 0.653
412.885 0.639
413.512 0.627
414.143 0.631
414.774 0.631
415.411 0.637
416.027 0.616
416.641 0.614
417.26 0.619
417.874 0.614
418.477 0.603
419.098 0.621
419.707 0.609
420.309 0.602
420.908 0.599
421.502 0.594
422.09 0.588
422.702 0.612
423.309 0.607
423.929 0.62
424.576 0.647
425.22 0.644
425.849 0.629
426.48 0.631
427.102 0.622
427.735 0.633
428.373 0.638
428.996 0.623
429.623 0.627
430.253 0.63
430.883 0.63
431.508 0.625
432.13 0.622
432.757 0.627
433.393 0.636
434.018 0.625
434.624 0.606
435.238 0.614
435.847 0.609
436.448 0.601
437.044 0.596
437.651 0.607
438.267 0.616
438.917 0.65
439.563 0.646
440.207 0.644
440.857 0.65
441.511 0.654
442.147 0.636
442.791 0.644
443.433 0.642
444.077 0.644
444.719 0.642
445.34 0.621
445.969 0.629
446.584 0.615
447.198 0.614
447.805 0.607
448.411 0.606
449.025 0.614
449.648 0.623
450.328 0.68
451.0 0.672
451.671 0.671
452.365 0.694
453.038 0.673
453.695 0.657
454.304 0.609
454.918 0.614
455.525 0.607
456.145 0.62
456.771 0.626
457.403 0.632
458.026 0.623
458.644 0.618
459.259 0.615
459.879 0.62
460.501 0.622
461.117 0.616
461.732 0.615
462.334 0.602
462.938 0.604
463.548 0.61
464.169 0.621
464.787 0.618
465.423 0.636
466.093 0.67
466.813 0.72
467.499 0.686
468.173 0.674
468.82 0.647
469.447 0.627
470.069 0.622
470.677 0.608
471.279 0.602
471.872 0.593
472.463 0.591
473.046 0.583
473.621 0.575
474.209 0.588
474.808 0.599
475.445 0.637
476.205 0.76
476.892 0.687
477.564 0.672
478.227 0.663
478.869 0.642
479.49 0.621
480.125 0.635
480.759 0.634
481.384 0.625
481.993 0.609
482.595 0.602
483.193 0.598
483.788 0.595
484.383 0.595
484.969 0.586
485.54 0.571
486.113 0.573
486.679 0.566
487.251 0.572
487.826 0.575
488.405 0.579
488.994 0.589
489.587 0.593
490.181 0.594
490.775 0.594
491.364 0.589
491.96 0.596
492.555 0.595
493.163 0.608
493.783 0.62
494.424 0.641
495.056 0.632
495.686 0.63
496.303 0.617
496.914 0.611
497.525 0.611
498.146 0.621
498.779 0.633
499.42 0.641
500.088 0.668
500.776 0.688
501.592 0.816
502.346 0.754
503.044 0.698
503.752 0.708
504.407 0.655
505.044 0.637
505.676 0.632
506.29 0.614
506.896 0.606
507.504 0.608
508.124 0.62
508.746 0.622
509.394 0.648
510.054 0.66
510.7 0.646
511.33 0.63
511.958 0.628
512.58 0.622
513.198 0.618
513.816 0.618
514.434 0.618
515.049 0.615
515.659 0.61
516.268 0.609
516.884 0.616
517.5 0.616
518.112 0.612
518.73 0.618
519.351 0.621
519.981 0.63
520.615 0.634
521.237 0.622
521.87 0.633
522.49 0.62
523.113 0.623
523.721 0.608
524.334 0.613
524.944 0.61
525.552 0.608
526.157 0.605
526.754 0.597
527.351 0.597
527.942 0.591
528.533 0.591
529.123 0.59
529.712 0.589
530.299 0.587
530.893 0.594
531.49 0.597
532.098 0.608
532.705 0.607
533.317 0.612
533.929 0.612
534.55 0.621
535.166 0.616
535.771 0.605
536.374 0.603
536.979 0.605
537.579 0.6
538.176 0.597
538.759 0.583
539.359 0.6
539.956 0.597
540.548 0.592
541.134 0.586
541.709 0.575
542.289 0.58
542.87 0.581
543.453 0.583
544.027 0.574
544.605 0.578
545.19 0.585
545.785 0.595
546.397 0.612
547.02 0.623
547.63 0.61
548.229 0.599
548.843 0.614
549.46 0.617
550.088 0.628
550.72 0.632
551.357 0.637
551.986 0.629
552.619 0.633
553.253 0.634
553.896 0.643
554.552 0.656
555.213 0.661
555.846 0.633
556.474 0.628
557.117 0.643
557.767 0.65
558.438 0.671
559.067 0.629
559.708 0.641
560.353 0.645
561.004 0.651
561.663 0.659
562.308 0.645
562.935 0.627
563.563 0.628
564.179 0.616
564.773 0.594
565.402 0.629
566.037 0.635
566.81 0.773
567.5 0.69
568.243 0.743
568.972 0.729
569.721 0.749
570.408 0.687
571.085 0.677
571.752 0.667
572.41 0.658
573.069 0.659
573.687 0.618
574.313 0.626
574.94 0.627
575.576 0.636
576.21 0.634
576.83 0.62
577.457 0.627
578.096 0.639
578.784 0.688
579.524 0.74
580.213 0.689
580.898 0.685
581.577 0.679
582.265 0.688
582.942 0.677
583.576 0.634
584.216 0.64
584.854 0.638
585.488 0.634
586.127 0.639
586.742 0.615
587.34 0.598
587.946 0.606
588.565 0.619
589.2 0.635
589.84 0.64
590.465 0.625
591.055 0.59
591.637 0.582
592.221 0.584
592.815 0.594
593.428 0.613
594.083 0.655
594.797 0.714
595.508 0.711
596.165 0.657
596.827 0.662
597.478 0.651
598.106 0.628
598.707 0.601
599.319 0.612
599.92 0.601
600.509 0.589
601.113 0.604
601.741 0.628
602.491 0.75
603.28 0.789
604.035 0.755
604.81 0.775
605.562 0.752
606.253 0.691
606.892 0.639
607.506 0.614
608.098 0.592
608.686 0.588
609.265 0.579
609.846 0.581
610.369 0.523
610.636 0.267
610.95 0.314
611.322 0.372