0.000 0.702
0.702 0.702
1.401 0.699
2.104 0.703
3.542 1.438
4.27 0.728
4.981 0.711
5.679 0.698
6.392 0.713
7.137 0.745
7.907 0.77
8.67 0.763
9.394 0.724
10.119 0.725
10.858 0.739
11.619 0.761
12.353 0.734
13.044 0.691
13.729 0.685
14.415 0.686
15.112 0.697
15.793 0.681
16.464 0.671
17.125 0.661
17.798 0.673
18.469 0.671
19.126 0.657
19.768 0.642
20.402 0.634
21.015 0.613
21.625 0.61
22.267 0.642
22.907 0.64
23.565 0.658
24.266 0.701
25.056 0.79
25.873 0.817
26.669 0.796
27.491 0.822
28.326 0.835
29.152 0.826
29.948 0.796
30.634 0.686
31.306 0.672
31.964 0.658
32.644 0.68
33.337 0.693
34.007 0.67
34.703 0.696
35.408 0.705
36.15 0.742
36.921 0.771
37.652 0.731
38.432 0.78
39.231 0.799
40.046 0.815
40.844 0.798
41.638 0.794
42.455 0.817
43.267 0.812
44.064 0.797
44.828 0.764
45.607 0.779
46.412 0.805
47.237 0.825
48.021 0.784
48.791 0.77
49.558 0.767
50.344 0.786
51.104 0.76
51.879 0.775
52.715 0.836
53.596 0.881
54.423 0.827
55.283 0.86
56.144 0.861
56.962 0.818
57.751 0.789
58.545 0.794
59.335 0.79
60.108 0.773
60.811 0.703
61.536 0.725
62.286 0.75
63.074 0.788
63.815 0.741
64.601 0.786
65.416 0.815
66.288 0.872
67.095 0.807
67.938 0.843
68.81 0.872
69.701 0.891
70.593 0.892
71.41 0.817
72.229 0.819
73.074 0.845
73.953 0.879
74.839 0.886
75.656 0.817
76.511 0.855
77.418 0.907
78.343 0.925
79.235 0.892
80.112 0.877
81.008 0.896
81.907 0.899
82.781 0.874
83.575 0.794
84.402 0.827
85.285 0.883
86.206 0.921
87.093 0.887
87.985 0.892
88.919 0.934
89.835 0.916
90.737 0.902
91.555 0.818
92.388 0.833
93.231 0.843
94.088 0.857
94.895 0.807
95.733 0.838
96.624 0.891
97.537 0.913
98.4 0.863
99.225 0.825
100.085 0.86
100.983 0.898
101.891 0.908
102.725 0.834
103.538 0.813
104.366 0.828
105.217 0.851
106.102 0.885
106.9 0.798
107.747 0.847
108.632 0.885
109.532 0.9
110.38 0.848
111.202 0.822
112.043 0.841
112.908 0.865
113.774 0.866
114.581 0.807
115.401 0.82
116.257 0.856
117.128 0.871
118.005 0.877
118.798 0.793
119.627 0.829
120.507 0.88
121.408 0.901
122.297 0.889
123.138 0.841
124.011 0.873
124.913 0.902
125.81 0.897
126.675 0.865
127.453 0.778
128.253 0.8
129.087 0.834
129.967 0.88
130.853 0.886
131.687 0.834
132.535 0.848
133.403 0.868
134.276 0.873
135.135 0.859
136.018 0.883
136.901 0.883
137.759 0.858
138.551 0.792
139.401 0.85
140.267 0.866
141.147 0.88
141.996 0.849
142.82 0.824
143.716 0.896
144.627 0.911
145.532 0.905
146.37 0.838
147.232 0.862
148.101 0.869
148.995 0.894
149.856 0.861
150.65 0.794
151.495 0.845
152.391 0.896
153.338 0.947
154.247 0.909
155.081 0.834
155.974 0.893
156.887 0.913
157.801 0.914
158.631 0.83
159.476 0.845
160.338 0.862
161.202 0.864
161.999 0.797
162.852 0.853
163.739 0.887
164.634 0.895
165.469 0.835
166.357 0.888
167.271 0.914
168.189 0.918
169.028 0.839
169.883 0.855
170.751 0.868
171.629 0.878
172.465 0.836
173.328 0.863
174.224 0.896
175.125 0.901
175.966 0.841
176.843 0.877
177.745 0.902
178.65 0.905
179.527 0.877
180.327 0.8
181.148 0.821
181.991 0.843
182.872 0.881
183.76 0.888
184.595 0.835
185.468 0.873
186.371 0.903
187.266 0.895
188.103 0.837
188.972 0.869
189.872 0.9
190.762 0.89
191.62 0.858
192.484 0.864
193.376 0.892
194.278 0.902
195.175 0.897
196.004 0.829
196.846 0.842
197.692 0.846
198.544 0.852
199.389 0.845
200.252 0.863
201.112 0.86
201.965 0.853
202.801 0.836
203.596 0.795
204.379 0.783
205.185 0.806
206.049 0.864
206.941 0.892
207.788 0.847
208.652 0.864
209.534 0.882
210.415 0.881
211.238 0.823
212.08 0.842
212.943 0.863
213.844 0.901
214.704 0.86
215.572 0.868
216.391 0.819
217.228 0.837
218.075 0.847
218.89 0.815
219.673 0.783
220.509 0.836
221.388 0.879
222.3 0.912
223.184 0.884
224.066 0.882
224.875 0.809
225.715 0.84
226.563 0.848
227.451 0.888
228.38 0.929
229.315 0.935
230.219 0.904
231.111 0.892
232.002 0.891
232.913 0.911
233.835 0.922
234.759 0.924
235.708 0.949
236.648 0.94
237.564 0.916
238.513 0.949
239.424 0.911
240.281 0.857
241.155 0.874
242.041 0.886
242.954 0.913
243.835 0.881
244.734 0.899
245.663 0.929
246.594 0.931
247.473 0.879
248.392 0.919
249.322 0.93
250.257 0.935
251.238 0.981
252.214 0.976
253.173 0.959
254.105 0.932
255.057 0.952
255.982 0.925
256.923 0.941
257.822 0.899
258.7 0.878
259.629 0.929
260.576 0.947
261.5 0.924
262.44 0.94
263.354 0.914
264.236 0.882
265.14 0.904
266.071 0.931
266.957 0.886
267.835 0.878
268.765 0.93
269.703 0.938
270.614 0.911
271.53 0.916
272.464 0.934
273.417 0.953
274.305 0.888
275.193 0.888
276.132 0.939
277.098 0.966
277.974 0.876
278.925 0.951
279.927 1.002
280.879 0.952
281.803 0.924
282.742 0.939
283.641 0.899
284.471 0.83
285.337 0.866
286.215 0.878
287.083 0.868
287.961 0.878
288.875 0.914
289.803 0.928
290.7 0.897
291.592 0.892
292.487 0.895
293.31 0.823
294.112 0.802
294.888 0.776
295.637 0.749
296.366 0.729
297.075 0.709
297.801 0.726
298.479 0.678
299.161 0.682
299.839 0.678
300.515 0.676
301.19 0.675
301.904 0.714
302.725 0.821
303.61 0.885
304.537 0.927
305.413 0.876
306.317 0.904
307.273 0.956
308.251 0.978
309.215 0.964
310.102 0.887
311.021 0.919
311.972 0.951
312.952 0.98
313.858 0.906
314.821 0.963
315.813 0.992
316.726 0.913
317.591 0.865
318.487 0.896
319.411 0.924
320.305 0.894
321.171 0.866
322.076 0.905
322.998 0.922
323.906 0.908
324.768 0.862
325.724 0.956
326.718 0.994
327.691 0.973
328.593 0.902
329.497 0.904
330.466 0.969
331.416 0.95
332.35 0.934
333.241 0.891
334.154 0.913
335.118 0.964
336.069 0.951
337.014 0.945
337.876 0.862
338.78 0.904
339.704 0.924
340.675 0.971
341.623 0.948
342.533 0.91
343.474 0.941
344.425 0.951
345.389 0.964
346.29 0.901
347.216 0.926
348.175 0.959
349.151 0.976
350.104 0.953
350.986 0.882
351.892 0.906
352.792 0.9
353.707 0.915
354.561 0.854
355.445 0.884
356.342 0.897
357.229 0.887
358.072 0.843
358.954 0.882
359.917 0.963
360.951 1.034
361.936 0.985
362.867 0.931
363.839 0.972
364.816 0.977
365.756 0.94
366.625 0.869
367.538 0.913
368.488 0.95
369.434 0.946
370.331 0.897
371.229 0.898
372.167 0.938
373.138 0.971
374.064 0.926
374.962 0.898
375.913 0.951
376.834 0.921
377.75 0.916
378.61 0.86
379.547 0.937
380.518 0.971
381.466 0.948
382.367 0.901
383.222 0.855
384.103 0.881
384.994 0.891
385.868 0.874
386.699 0.831
387.605 0.906
388.572 0.967
389.555 0.983
390.484 0.929
391.411 0.927
392.368 0.957
393.335 0.967
394.253 0.918
395.121 0.868
396.025 0.904
396.951 0.926
397.889 0.938
398.744 0.855
399.681 0.937
400.648 0.967
401.611 0.963
402.491 0.88
403.418 0.927
404.373 0.955
405.325 0.952
406.221 0.896
407.103 0.882
408.05 0.947
409.034 0.984
410.037 1.003
410.97 0.933
411.906 0.936
412.867 0.961
413.834 0.967
414.789 0.955
415.663 0.874
416.572 0.909
417.494 0.922
418.392 0.898
419.233 0.841
420.135 0.902
421.093 0.958
422.09 0.997
423.082 0.992
423.987 0.905
424.917 0.93
425.851 0.934
426.775 0.924
427.67 0.895
428.515 0.845
429.415 0.9
430.34 0.925
431.268 0.928
432.142 0.874
433.04 0.898
434.012 0.972
434.991 0.979
435.927 0.936
436.862 0.935
437.847 0.985
438.83 0.983
439.76 0.93
440.664 0.904
441.624 0.96
442.586 0.962
443.488 0.902
444.412 0.924
445.352 0.94
446.293 0.941
447.256 0.963
448.137 0.881
449.012 0.875
449.904 0.892
450.798 0.894
451.677 0.879
452.489 0.812
453.325 0.836
454.179 0.854
455.047 0.868
455.876 0.829
456.741 0.865
457.67 0.929
458.646 0.976
459.618 0.972
460.48 0.862
461.371 0.891
462.303 0.932
463.287 0.984
464.17 0.883
465.07 0.9
465.986 0.916
466.894 0.908
467.818 0.924
468.704 0.886
469.64 0.936
470.615 0.975
471.604 0.989
472.514 0.91
473.418 0.904
474.362 0.944
475.321 0.959
476.262 0.941
477.172 0.91
478.109 0.937
479.056 0.947
479.999 0.943
480.91 0.911
481.819 0.909
482.776 0.957
483.731 0.955
484.632 0.901
485.538 0.906
486.508 0.97
487.482 0.974
488.392 0.91
489.235 0.843
490.134 0.899
491.056 0.922
491.983 0.927
492.899 0.916
493.778 0.879
494.704 0.926
495.623 0.919
496.502 0.879
497.317 0.815
498.175 0.858
499.037 0.862
499.91 0.873
500.725 0.815
501.521 0.796
502.384 0.863
503.252 0.868
504.119 0.867
505.002 0.883
505.855 0.853
506.762 0.907
507.705 0.943
508.612 0.907
509.412 0.8
510.215 0.803
511.008 0.793
511.793 0.785
512.539 0.746
513.253 0.714
513.98 0.727
514.679 0.699
515.377 0.698
516.047 0.67
516.737 0.69
517.44 0.703
518.177 0.737
518.922 0.745
519.619 0.697
520.357 0.738
521.124 0.767
521.931 0.807
522.684 0.753
523.447 0.763
524.248 0.801
525.082 0.834
525.881 0.799
526.633 0.752
527.418 0.785
528.254 0.836
529.08 0.826
529.858 0.778
530.642 0.784
531.454 0.812
532.312 0.858
533.125 0.813
533.894 0.769
534.658 0.764
535.431 0.773
536.138 0.707
536.849 0.711
537.57 0.721
538.304 0.734
539.06 0.756
539.761 0.701
540.495 0.734
541.25 0.755
542.006 0.756
542.712 0.706
543.406 0.694
544.114 0.708
544.829 0.715
545.539 0.71
546.241 0.702
546.98 0.739
547.743 0.763
548.494 0.751
549.223 0.729
549.926 0.703
550.651 0.725
551.374 0.723
552.113 0.739
552.863 0.75
553.617 0.754
554.407 0.79
555.205 0.798
555.997 0.792
556.744 0.747
557.509 0.765
558.257 0.748
559.024 0.767
559.769 0.745
560.497 0.728
561.235 0.738
561.984 0.749
562.762 0.778
563.516 0.754
564.242 0.726
565.027 0.785
565.909 0.882
566.82 0.911
567.651 0.831
568.449 0.798
569.261 0.812
570.076 0.815
570.859 0.783
571.619 0.76
572.424 0.805
573.266 0.842
574.09 0.824
574.905 0.815
575.765 0.86
576.589 0.824
577.345 0.756
578.136 0.791
578.929 0.793
579.762 0.833
580.522 0.76
581.325 0.803
582.138 0.813
582.944 0.806
583.691 0.747
584.467 0.776
585.302 0.835
586.108 0.806
586.852 0.744
587.626 0.774
588.421 0.795
589.22 0.799
589.947 0.727
590.641 0.694
591.301 0.66
591.962 0.661
592.637 0.675
593.355 0.718
594.059 0.704
594.746 0.687
595.443 0.697
596.143 0.7
596.826 0.683
597.517 0.691
598.204 0.687
598.876 0.672
599.52 0.644
600.166 0.646
600.816 0.65