0.000 0.82
0.82 0.82
1.648 0.828
2.527 0.879
3.407 0.88
4.29 0.883
5.13 0.84
5.992 0.862
6.857 0.865
7.638 0.781
8.442 0.804
9.237 0.795
10.035 0.798
10.805 0.77
11.527 0.722
12.217 0.69
12.932 0.715
13.696 0.764
14.533 0.837
15.31 0.777
16.161 0.851
17.017 0.856
17.853 0.836
18.707 0.854
19.552 0.845
20.385 0.833
21.224 0.839
22.049 0.825
22.779 0.73
23.534 0.755
24.324 0.79
25.186 0.862
26.001 0.815
26.887 0.886
27.798 0.911
28.661 0.863
29.587 0.926
30.511 0.924
31.36 0.849
32.261 0.901
33.142 0.881
33.975 0.833
34.841 0.866
35.748 0.907
36.647 0.899
37.49 0.843
38.39 0.9
39.316 0.926
40.212 0.896
41.033 0.821
41.83 0.797
42.695 0.865
43.604 0.909
44.547 0.943
45.473 0.926
46.319 0.846
47.092 0.773
47.879 0.787
48.654 0.775
49.442 0.788
50.241 0.799
51.052 0.811
51.98 0.928
52.929 0.949
53.817 0.888
54.625 0.808
55.506 0.881
56.414 0.908
57.231 0.817
58.052 0.821
58.926 0.874
59.801 0.875
60.603 0.802
61.452 0.849
62.301 0.849
63.092 0.791
63.852 0.76
64.615 0.763
65.348 0.733
66.113 0.765
66.937 0.824
67.697 0.76
68.516 0.819
69.344 0.828
70.171 0.827
70.943 0.772
71.757 0.814
72.597 0.84
73.446 0.849
74.242 0.796
75.043 0.801
75.899 0.856
76.819 0.92
77.699 0.88
78.54 0.841
79.448 0.908
80.338 0.89
81.163 0.825
82.04 0.877
82.945 0.905
83.781 0.836
84.66 0.879
85.558 0.898
86.453 0.895
87.257 0.804
88.11 0.853
88.982 0.872
89.855 0.873
90.654 0.799
91.503 0.849
92.405 0.902
93.299 0.894
94.089 0.79
94.875 0.786
95.699 0.824
96.532 0.833
97.394 0.862
98.244 0.85
99.069 0.825
99.798 0.729
100.515 0.717
101.235 0.72
101.938 0.703
102.608 0.67
103.268 0.66
103.929 0.661
104.669 0.74
105.563 0.894
106.533 0.97
107.506 0.973
108.445 0.939
109.329 0.884
110.195 0.866
111.019 0.824
111.846 0.827
112.657 0.811
113.469 0.812
114.289 0.82
115.098 0.809
115.852 0.754
116.647 0.795
117.468 0.821
118.28 0.812
119.055 0.775
119.789 0.734
120.497 0.708
121.297 0.8
122.168 0.871
123.072 0.904
123.907 0.835
124.716 0.809
125.59 0.874
126.5 0.91
127.362 0.862
128.135 0.773
128.907 0.772
129.675 0.768
130.555 0.88
131.499 0.944
132.432 0.933
133.245 0.813
134.053 0.808
134.888 0.835
135.675 0.787
136.457 0.782
137.311 0.854
138.215 0.904
139.161 0.946
140.09 0.929
140.913 0.823
141.755 0.842
142.634 0.879
143.56 0.926
144.469 0.909
145.345 0.876
146.137 0.792
146.973 0.836
147.838 0.865
148.651 0.813
149.466 0.815
150.327 0.861
151.24 0.913
152.122 0.882
152.941 0.819
153.721 0.78
154.521 0.8
155.348 0.827
156.216 0.868
157.093 0.877
157.844 0.751
158.575 0.731
159.321 0.746
160.098 0.777
160.961 0.863
161.757 0.796
162.62 0.863
163.537 0.917
164.459 0.922
165.266 0.807
166.027 0.761
166.773 0.746
167.529 0.756
168.347 0.818
169.138 0.791
169.853 0.715
170.531 0.678
171.225 0.694
172.028 0.803
172.979 0.951
173.947 0.968
174.865 0.918
175.729 0.864
176.524 0.795
177.329 0.805
178.094 0.765
178.906 0.812
179.714 0.808
180.516 0.802
181.301 0.785
182.087 0.786
182.833 0.746
183.608 0.775
184.474 0.866
185.404 0.93
186.323 0.919
187.145 0.822
188.007 0.862
188.848 0.841
189.633 0.785
190.42 0.787
191.244 0.824
192.03 0.786
192.889 0.859
193.762 0.873
194.555 0.793
195.411 0.856
196.308 0.897
197.226 0.918
198.034 0.808
198.797 0.763
199.618 0.821
200.471 0.853
201.37 0.899
202.212 0.842
203.005 0.793
203.875 0.87
204.767 0.892
205.622 0.855
206.434 0.812
207.272 0.838
208.092 0.82
208.868 0.776
209.562 0.694
210.231 0.669
210.898 0.667
211.552 0.654
212.259 0.707
213.437 1.178
214.439 1.002
215.243 0.804
216.163 0.92
217.103 0.94
218.049 0.946
218.891 0.842
219.734 0.843
220.617 0.883
221.557 0.94
222.425 0.868
223.268 0.843
224.178 0.91
225.117 0.939
226.04 0.923
226.913 0.873
227.854 0.941
228.822 0.968
229.759 0.937
230.601 0.842
231.488 0.887
232.421 0.933
233.39 0.969
234.249 0.859
235.119 0.87
236.049 0.93
236.993 0.944
237.905 0.912
238.73 0.825
239.593 0.863
240.51 0.917
241.456 0.946
242.315 0.859
243.232 0.917
244.16 0.928
245.053 0.893
245.882 0.829
246.785 0.903
247.709 0.924
248.628 0.919
249.437 0.809
250.246 0.809
251.137 0.891
252.062 0.925
253.016 0.954
253.839 0.823
254.71 0.871
255.581 0.871
256.412 0.831
257.173 0.761
257.991 0.818
258.837 0.846
259.674 0.837
260.43 0.756
261.259 0.829
262.14 0.881
263.056 0.916
263.887 0.831
264.771 0.884
265.685 0.914
266.557 0.872
267.335 0.778
268.124 0.789
268.939 0.815
269.748 0.809
270.534 0.786
271.315 0.781
272.148 0.833
273.002 0.854
273.846 0.844
274.609 0.763
275.44 0.831
276.314 0.874
277.204 0.89
278.024 0.82
278.909 0.885
279.82 0.911
280.744 0.924
281.574 0.83
282.311 0.737
283.064 0.753
283.82 0.756
284.591 0.771
285.366 0.775
286.073 0.707
286.771 0.698
287.483 0.712
288.208 0.725
288.924 0.716
289.599 0.675
290.292 0.693
290.993 0.701
291.705 0.712
292.407 0.702
293.097 0.69
293.753 0.656
294.452 0.699
295.212 0.76
296.041 0.829
296.811 0.77
297.597 0.786
298.417 0.82
299.279 0.862
300.082 0.803
300.849 0.767
301.68 0.831
302.532 0.852
303.336 0.804
304.11 0.774
304.956 0.846
305.877 0.921
306.817 0.94
307.725 0.908
308.515 0.79
309.348 0.833
310.205 0.857
311.063 0.858
311.849 0.786
312.736 0.887
313.689 0.953
314.629 0.94
315.471 0.842
316.378 0.907
317.309 0.931
318.168 0.859
319.008 0.84
319.92 0.912
320.873 0.953
321.728 0.855
322.566 0.838
323.503 0.937
324.493 0.99
325.461 0.968
326.331 0.87
327.272 0.941
328.23 0.958
329.135 0.905
329.965 0.83
330.891 0.926
331.84 0.949
332.727 0.887
333.561 0.834
334.484 0.923
335.436 0.952
336.304 0.868
337.195 0.891
338.138 0.943
339.036 0.898
339.853 0.817
340.719 0.866
341.606 0.887
342.435 0.829
343.233 0.798
344.109 0.876
345.013 0.904
345.836 0.823
346.707 0.871
347.652 0.945
348.561 0.909
349.39 0.829
350.282 0.892
351.201 0.919
352.04 0.839
352.853 0.813
353.721 0.868
354.6 0.879
355.382 0.782
356.206 0.824
357.063 0.857
357.96 0.897
358.79 0.83
359.523 0.733
360.298 0.775
361.079 0.781
361.872 0.793
362.593 0.721
363.377 0.784
364.138 0.761
364.902 0.764
365.632 0.73
366.36 0.728
367.086 0.726
367.733 0.647
368.374 0.641
369.018 0.644
369.682 0.664
370.419 0.737
371.358 0.939
372.252 0.894
373.207 0.955
374.166 0.959
375.122 0.956
376.061 0.939
376.97 0.909
377.864 0.894
378.688 0.824
379.553 0.865
380.438 0.885
381.355 0.917
382.284 0.929
383.164 0.88
384.045 0.881
384.952 0.907
385.88 0.928
386.78 0.9
387.586 0.806
388.452 0.866
389.376 0.924
390.319 0.943
391.191 0.872
392.044 0.853
392.946 0.902
393.868 0.922
394.735 0.867
395.499 0.764
396.262 0.763
397.056 0.794
397.891 0.835
398.704 0.813
399.546 0.842
400.379 0.833
401.23 0.851
402.023 0.793
402.786 0.763
403.583 0.797
404.391 0.808
405.215 0.824
405.978 0.763
406.736 0.758
407.516 0.78
408.289 0.773
409.059 0.77
409.791 0.732
410.495 0.704
411.305 0.81
412.186 0.881
413.078 0.892
413.897 0.819
414.756 0.859
415.628 0.872
416.492 0.864
417.267 0.775
418.028 0.761
418.823 0.795
419.636 0.813
420.44 0.804
421.195 0.755
421.99 0.795
422.82 0.83
423.677 0.857
424.453 0.776
425.31 0.857
426.183 0.873
427.027 0.844
427.796 0.769
428.62 0.824
429.432 0.812
430.198 0.766
430.91 0.712
431.685 0.775
432.496 0.811
433.328 0.832
434.097 0.769
434.931 0.834
435.809 0.878
436.689 0.88
437.494 0.805
438.287 0.793
439.108 0.821
439.928 0.82
440.754 0.826
441.558 0.804
442.321 0.763
443.119 0.798
443.979 0.86
444.884 0.905
445.778 0.894
446.598 0.82
447.411 0.813
448.255 0.844
449.134 0.879
450.007 0.873
450.825 0.818
451.575 0.75
452.376 0.801
453.212 0.836
454.05 0.838
454.805 0.755
455.616 0.811
456.46 0.844
457.283 0.823
458.059 0.776
458.904 0.845
459.754 0.85
460.572 0.818
461.326 0.754
462.13 0.804
462.995 0.865
463.892 0.897
464.811 0.919
465.657 0.846
466.516 0.859
467.425 0.909
468.33 0.905
469.175 0.845
470.02 0.845
470.931 0.911
471.861 0.93
472.716 0.855
473.599 0.883
474.511 0.912
475.439 0.928
476.25 0.811
477.104 0.854
477.985 0.881
478.885 0.9
479.712 0.827
480.605 0.893
481.536 0.931
482.419 0.883
483.298 0.879
484.277 0.979
485.259 0.982
486.102 0.843
486.993 0.891
487.897 0.904
488.743 0.846
489.509 0.766
490.342 0.833
491.218 0.876
492.187 0.969
493.05 0.863
493.997 0.947
494.95 0.953
495.88 0.93
496.706 0.826
497.591 0.885
498.496 0.905
499.365 0.869
500.189 0.824
501.066 0.877
501.956 0.89
502.808 0.852
503.611 0.803
504.472 0.861
505.365 0.893
506.267 0.902
507.085 0.818
507.873 0.788
508.717 0.844
509.584 0.867
510.408 0.824
511.194 0.786
512.065 0.871
512.981 0.916
513.897 0.916
514.727 0.83
515.569 0.842
516.433 0.864
517.284 0.851
518.059 0.775
518.854 0.795
519.722 0.868
520.625 0.903
521.46 0.835
522.315 0.855
523.198 0.883
524.079 0.881
524.927 0.848
525.697 0.77
526.425 0.728
527.209 0.784
528.031 0.822
528.913 0.882
529.784 0.871
530.57 0.786
531.354 0.784
532.173 0.819
533.019 0.846
533.875 0.856
534.649 0.774
535.488 0.839
536.358 0.87
537.238 0.88
538.039 0.801
538.881 0.842
539.752 0.871
540.62 0.868
541.437 0.817
542.255 0.818
543.101 0.846
543.929 0.828
544.673 0.744
545.453 0.78
546.314 0.861
547.992 1.678
548.79 0.798
549.557 0.767
550.4 0.843
551.265 0.865
552.144 0.879
552.947 0.803
553.798 0.851
554.715 0.917
555.657 0.942
556.588 0.931
557.417 0.829
558.281 0.864
559.159 0.878
560.017 0.858
560.804 0.787
561.649 0.845
562.481 0.832
563.33 0.849
564.109 0.779
564.874 0.765
565.716 0.842
566.59 0.874
567.466 0.876
568.257 0.791
569.089 0.832
569.95 0.861
570.792 0.842
571.559 0.767
572.262 0.703
572.953 0.691
573.636 0.683
574.3 0.664
574.956 0.656
575.606 0.65
576.311 0.705
576.981 0.67
577.698 0.717
578.449 0.751
579.237 0.788
579.974 0.737
580.714 0.74
581.505 0.791
582.298 0.793
583.066 0.768
583.784 0.718
584.557 0.773
585.359 0.802
586.207 0.848
586.973 0.766
587.817 0.844
588.685 0.868
589.561 0.876
590.348 0.787
591.19 0.842
592.052 0.862
592.9 0.848
593.66 0.76
594.474 0.814
595.356 0.882
596.274 0.918
597.036 0.762
597.827 0.791
598.638 0.811
599.424 0.786
600.197 0.773
601.027 0.83
601.841 0.814
602.59 0.749
603.382 0.792
604.201 0.819
605.043 0.842
605.879 0.836
606.615 0.736