0.000 0.577
0.577 0.577
1.201 0.624
1.87 0.669
2.615 0.745
3.356 0.741
4.07 0.714
4.747 0.677
5.363 0.616
5.981 0.618
6.587 0.606
7.179 0.592
7.737 0.558
8.38 0.643
9.001 0.621
9.683 0.682
10.419 0.736
11.132 0.713
11.809 0.677
12.469 0.66
13.104 0.635
13.718 0.614
14.334 0.616
14.959 0.625
15.596 0.637
16.245 0.649
16.85 0.605
17.465 0.615
18.09 0.625
18.767 0.677
19.478 0.711
20.161 0.683
20.874 0.713
21.636 0.762
22.379 0.743
23.075 0.696
23.781 0.706
24.504 0.723
25.223 0.719
25.895 0.672
26.592 0.697
27.33 0.738
28.105 0.775
28.816 0.711
29.563 0.747
30.308 0.745
31.124 0.816
31.966 0.842
32.75 0.784
33.552 0.802
34.35 0.798
35.126 0.776
35.834 0.708
36.555 0.721
37.279 0.724
38.089 0.81
38.854 0.765
39.709 0.855
40.594 0.885
41.399 0.805
42.224 0.825
43.077 0.853
43.887 0.81
44.636 0.749
45.369 0.733
46.083 0.714
46.852 0.769
47.598 0.746
48.355 0.757
49.131 0.776
49.875 0.744
50.584 0.709
51.225 0.641
51.878 0.653
52.563 0.685
53.302 0.739
54.017 0.715
54.809 0.792
55.65 0.841
56.459 0.809
57.217 0.758
58.017 0.8
58.837 0.82
59.621 0.784
60.364 0.743
61.148 0.784
61.973 0.825
62.742 0.769
63.577 0.835
64.428 0.851
65.193 0.765
65.938 0.745
66.671 0.733
67.398 0.727
68.143 0.745
68.881 0.738
69.616 0.735
70.352 0.736
71.073 0.721
71.742 0.669
72.411 0.669
73.109 0.698
73.922 0.813
74.75 0.828
75.515 0.765
76.318 0.803
77.152 0.834
77.96 0.808
78.744 0.784
79.561 0.817
80.38 0.819
81.133 0.753
81.933 0.8
82.768 0.835
83.628 0.86
84.485 0.857
85.261 0.776
86.081 0.82
86.898 0.817
87.679 0.781
88.43 0.751
89.205 0.775
90.072 0.867
90.86 0.788
91.65 0.79
92.483 0.833
93.29 0.807
94.044 0.754
94.846 0.802
95.663 0.817
96.481 0.818
97.248 0.767
98.029 0.781
98.86 0.831
99.678 0.818
100.493 0.815
101.342 0.849
102.204 0.862
103.005 0.801
103.796 0.791
104.583 0.787
105.382 0.799
106.216 0.834
106.763 0.547
107.645 0.882
108.681 1.036
109.012 0.331
109.263 0.251
109.523 0.26
109.841 0.318
110.131 0.29
113.514 3.383
113.783 0.269
116.09 2.307
116.382 0.292
116.779 0.397
118.594 1.815
119.185 0.591
119.47 0.285
119.775 0.305
120.04 0.265
122.438 2.398
122.722 0.284
125.813 3.091
126.071 0.258
129.073 3.002
133.37 4.297
133.726 0.356
134.589 0.863
135.506 0.917
136.253 0.747
136.598 0.345
136.88 0.282
139.19 2.31
139.621 0.431
139.876 0.255
140.127 0.251
140.396 0.269
142.624 2.228
142.877 0.253
143.17 0.293
143.452 0.282
147.048 3.596
147.316 0.268
147.613 0.297
150.167 2.554
150.456 0.289
150.892 0.436
151.188 0.296
152.827 1.639
153.14 0.313
153.392 0.252
155.762 2.37
156.056 0.294
156.402 0.346
158.045 1.643
158.544 0.499
158.994 0.45
159.245 0.251
159.514 0.269
159.767 0.253
163.332 3.565
163.854 0.522
164.25 0.396
165.106 0.856
165.499 0.393
165.98 0.481
166.246 0.266
166.51 0.264
166.908 0.398
170.019 3.111
170.387 0.368
173.672 3.285
173.948 0.276
174.964 1.016
175.415 0.451
175.71 0.295
176.134 0.424
178.245 2.111
178.549 0.304
184.069 5.52
184.383 0.314
184.671 0.288
184.997 0.326
186.993 1.996
188.1 1.107
188.428 0.328
188.69 0.262
191.687 2.997
193.236 1.549
193.594 0.358
194.266 0.672
194.521 0.255
194.776 0.255
195.06 0.284
195.53 0.47
196.193 0.663
197.755 1.562
198.029 0.274
198.405 0.376
198.748 0.343
201.003 2.255
201.266 0.263
201.737 0.471
202.177 0.44
202.505 0.328
204.16 1.655
204.503 0.343
204.771 0.268
205.078 0.307
205.374 0.296
205.952 0.578
206.861 0.909
207.627 0.766
207.898 0.271
208.192 0.294
208.491 0.299
208.791 0.3
209.049 0.258
209.402 0.353
210.254 0.852
210.845 0.591
211.161 0.316
211.62 0.459
211.875 0.255
212.808 0.933
213.441 0.633
213.698 0.257
213.958 0.26
214.213 0.255
214.534 0.321
216.232 1.698
216.534 0.302
216.823 0.289
217.096 0.273
217.414 0.318
219.146 1.732
219.785 0.639
220.112 0.327
220.365 0.253
223.042 2.677
223.37 0.328
223.673 0.303
225.832 2.159
226.459 0.627
226.83 0.371
227.214 0.384
227.532 0.318
228.009 0.477
230.275 2.266
230.559 0.284
230.83 0.271
231.094 0.264
231.468 0.374
231.818 0.35
232.135 0.317
232.431 0.296
233.675 1.244
234.136 0.461
234.539 0.403
238.253 3.714
239.213 0.96
239.615 0.402
242.324 2.709
242.823 0.499
243.224 0.401
243.878 0.654
244.496 0.618
244.817 0.321
245.203 0.386
246.278 1.075
248.45 2.172
248.967 0.517
249.476 0.509
250.178 0.702
251.699 1.521
252.092 0.393
252.426 0.334
252.944 0.518
253.311 0.367
253.885 0.574
255.047 1.162
256.412 1.365
256.718 0.306
256.998 0.28
257.389 0.391
257.735 0.346
258.019 0.284
258.365 0.346
259.225 0.86
261.014 1.789
262.767 1.753
264.615 1.848
264.918 0.303
265.241 0.323
265.491 0.25
268.282 2.791
268.629 0.347
268.88 0.251
269.131 0.251
269.551 0.42
269.906 0.355
274.879 4.973
275.148 0.269
275.549 0.401
275.958 0.409
282.995 7.037
285.471 2.476
285.835 0.364
286.106 0.271
286.516 0.41
287.392 0.876
287.804 0.412
288.088 0.284
289.002 0.914
289.549 0.547
290.11 0.561
290.685 0.575
291.052 0.367
291.628 0.576
292.768 1.14
293.278 0.51
294.058 0.78
294.856 0.798
295.636 0.78
295.93 0.294
296.349 0.419
297.09 0.741
297.839 0.749
298.605 0.766
299.378 0.773
300.139 0.761
300.862 0.723
301.51 0.648
302.148 0.638
302.547 0.399
303.278 0.731
303.58 0.302
303.93 0.35
304.915 0.985
305.798 0.883
306.682 0.884
307.541 0.859
308.393 0.852
309.237 0.844
310.024 0.787
310.839 0.815
311.231 0.392
311.588 0.357
312.063 0.475
312.573 0.51
314.279 1.706
314.719 0.44
315.695 0.976
317.736 2.041
318.526 0.79
319.332 0.806
320.205 0.873
321.11 0.905
321.995 0.885
322.519 0.524
322.816 0.297
323.116 0.3
323.659 0.543
323.933 0.274
324.33 0.397
324.625 0.295
325.088 0.463
325.368 0.28
325.724 0.356
326.018 0.294
329.743 3.725
330.086 0.343
330.875 0.789
331.227 0.352
333.358 2.131
333.914 0.556
334.261 0.347
334.569 0.308
334.825 0.256
335.131 0.306
335.41 0.279
335.786 0.376
336.06 0.274
336.989 0.929
337.854 0.865
338.228 0.374
338.503 0.275
340.892 2.389
341.207 0.315
341.684 0.477
341.955 0.271
344.753 2.798
345.039 0.286
345.375 0.336
345.807 0.432
349.37 3.563
349.632 0.262
349.893 0.261
352.369 2.476
352.84 0.471
353.163 0.323
353.504 0.341
353.827 0.323
354.095 0.268
354.421 0.326
355.588 1.167
355.886 0.298
356.242 0.356
356.57 0.328
359.009 2.439
359.26 0.251
359.578 0.318
362.474 2.896
362.782 0.308
363.042 0.26
363.334 0.292
363.605 0.271
363.875 0.27
367.501 3.626
367.98 0.479
368.369 0.389
368.669 0.3
368.926 0.257
371.034 2.108
371.319 0.285
371.764 0.445
372.148 0.384
373.035 0.887
374.574 1.539
374.965 0.391
375.233 0.268
375.528 0.295
375.973 0.445
376.919 0.946
378.269 1.35
378.537 0.268
378.844 0.307
379.15 0.306
379.481 0.331
379.775 0.294
380.243 0.468
381.836 1.593
382.107 0.271
382.366 0.259
382.706 0.34
382.983 0.277
383.537 0.554
385.337 1.8
385.639 0.302
385.914 0.275
386.251 0.337
386.536 0.285
388.734 2.198
389.001 0.267
389.272 0.271
389.65 0.378
389.933 0.283
390.998 1.065
393.205 2.207
393.545 0.34
393.812 0.267
394.15 0.338
395.156 1.006
396.247 1.091
396.827 0.58
397.156 0.329
397.47 0.314
397.984 0.514
398.256 0.272
398.516 0.26
399.099 0.583
399.462 0.363
399.954 0.492
400.546 0.592
400.825 0.279
401.081 0.256
401.51 0.429
401.799 0.289
402.25 0.451
402.504 0.254
402.826 0.322
403.273 0.447
403.541 0.268
403.82 0.279
404.11 0.29
404.366 0.256
404.674 0.308
404.985 0.311
405.297 0.312
405.632 0.335
406.176 0.544
406.432 0.256
406.76 0.328
407.664 0.904
408.02 0.356
408.515 0.495
409.722 1.207
409.986 0.264
410.31 0.324
410.829 0.519
411.307 0.478
411.654 0.347
411.972 0.318
412.285 0.313
412.659 0.374
413.199 0.54
413.459 0.26
413.877 0.418
414.441 0.564
416.199 1.758
416.577 0.378
417.098 0.521
419.477 2.379
420.157 0.68
420.732 0.575
421.101 0.369
421.422 0.321
421.709 0.287
422.383 0.674
422.777 0.394
423.299 0.522
423.596 0.297
423.988 0.392
427.884 3.896
428.152 0.268
428.491 0.339
431.299 2.808
431.59 0.291
431.863 0.273
432.683 0.82
433.678 0.995
434.46 0.782
434.748 0.288
435.024 0.276
435.31 0.286
435.581 0.271
435.857 0.276
437.1 1.243
437.653 0.553
438.028 0.375
438.322 0.294
438.839 0.517
439.218 0.379
440.647 1.429
441.1 0.453
441.388 0.288
441.646 0.258
442.048 0.402
442.552 0.504
445.117 2.565
445.636 0.519
445.962 0.326
446.368 0.406
448.207 1.839
448.576 0.369
451.303 2.727
451.795 0.492
452.147 0.352
454.421 2.274
454.728 0.307
455.138 0.41
455.542 0.404
456.806 1.264
457.685 0.879
457.998 0.313
458.275 0.277
458.585 0.31
458.918 0.333
462.465 3.547
462.762 0.297
463.015 0.253
464.934 1.919
465.24 0.306
465.549 0.309
465.888 0.339
466.185 0.297
466.654 0.469
467.01 0.356
469.724 2.714
470.028 0.304
471.955 1.927
472.271 0.316
472.54 0.269
472.833 0.293
473.189 0.356
473.514 0.325
473.824 0.31
474.171 0.347
476.383 2.212
476.923 0.54
477.272 0.349
480.015 2.743
481.008 0.993
482.525 1.517
482.819 0.294
483.181 0.362
483.701 0.52
484.127 0.426
484.499 0.372
484.932 0.433
485.185 0.253
485.799 0.614
487.039 1.24
489.552 2.513
489.94 0.388
491.307 1.367
495.055 3.748
500.715 0.671
501.346 0.631
501.996 0.65
502.649 0.653
503.339 0.69
504.013 0.674
504.724 0.711
505.464 0.74
506.217 0.753
506.956 0.739
507.737 0.781
508.542 0.805
509.375 0.833
510.122 0.747
510.819 0.697
511.507 0.688
512.207 0.7
512.913 0.706
513.609 0.696
514.354 0.745
515.144 0.79
515.965 0.821
516.721 0.756
517.511 0.79
518.325 0.814
519.125 0.8
519.846 0.721
520.557 0.711
521.286 0.729
522.044 0.758
522.809 0.765
523.557 0.748
524.322 0.765
525.118 0.796
525.934 0.816
526.697 0.763
527.467 0.77
528.222 0.755
528.991 0.769
529.723 0.732
530.433 0.71
531.163 0.73
531.899 0.736
532.63 0.731
533.385 0.755
534.196 0.811
535.007 0.811
535.757 0.75
536.54 0.783
537.333 0.793
538.08 0.747
538.822 0.742
539.602 0.78
540.43 0.828
541.199 0.769
541.97 0.771
542.772 0.802
543.624 0.852
544.494 0.87
545.349 0.855
546.115 0.766
546.876 0.761
547.619 0.743
548.374 0.755
549.141 0.767
549.972 0.831
550.846 0.874
551.675 0.829
552.504 0.829
553.327 0.823
554.136 0.809
554.92 0.784
555.728 0.808
556.59 0.862
557.466 0.876
558.346 0.88
559.147 0.801
559.936 0.789
560.724 0.788
561.507 0.783
562.328 0.821
563.156 0.828
563.973 0.817
564.785 0.812
565.601 0.816
566.392 0.791
567.124 0.732
567.877 0.753
568.66 0.783
569.491 0.831
570.287 0.796
571.145 0.858
572.025 0.88
572.895 0.87
573.68 0.785
574.491 0.811
575.302 0.811
576.152 0.85
576.941 0.789
577.688 0.747
578.514 0.826
579.389 0.875
580.299 0.91
581.14 0.841
581.949 0.809
582.819 0.87
583.741 0.922
584.588 0.847
585.372 0.784
586.163 0.791
586.994 0.831
587.902 0.908
588.858 0.956
589.796 0.938
590.629 0.833
591.416 0.787
592.24 0.824
593.064 0.824
593.883 0.819
594.725 0.842
595.502 0.777
596.325 0.823
597.227 0.902
598.139 0.912
599.004 0.865
599.802 0.798
600.544 0.742
601.309 0.765
602.12 0.811
602.964 0.844
603.775 0.811
604.575 0.8
605.415 0.84
606.245 0.83
607.06 0.815
607.798 0.738
608.5 0.702
609.23 0.73
610.031 0.801
610.903 0.872
611.778 0.875
612.635 0.857
613.539 0.904
614.442 0.903
615.341 0.899
616.131 0.79
616.935 0.804
617.769 0.834
618.55 0.781
619.27 0.72
619.985 0.715
620.696 0.711
621.375 0.679
622.16 0.785
622.964 0.804
623.769 0.805
624.653 0.884
625.542 0.889
626.353 0.811
627.171 0.818
627.992 0.821
628.819 0.827
629.626 0.807
630.358 0.732
631.136 0.778
631.947 0.811
632.793 0.846
633.655 0.862
634.437 0.782
635.192 0.755
635.948 0.756
636.722 0.774
637.546 0.824
638.305 0.759
639.079 0.774
639.884 0.805
640.732 0.848
641.539 0.807
642.312 0.773
643.135 0.823
643.985 0.85
644.792 0.807
645.528 0.736
646.279 0.751
647.044 0.765
647.82 0.776
648.528 0.708
649.246 0.718
649.985 0.739
650.678 0.693
651.352 0.674
652.033 0.681
652.686 0.653
653.374 0.688
654.088 0.714
654.787 0.699
655.461 0.674
656.169 0.708
656.896 0.727
657.632 0.736
658.312 0.68
658.999 0.687
659.701 0.702
660.449 0.748
661.2 0.751
661.908 0.708
662.591 0.683
663.282 0.691
663.991 0.709
664.74 0.749
665.498 0.758
666.218 0.72
666.977 0.759
667.733 0.756
668.483 0.75
669.176 0.693
669.85 0.674
670.544 0.694
671.265 0.721
672.0 0.735
672.698 0.698
673.419 0.721
674.176 0.757
674.973 0.797
675.721 0.748
676.507 0.786
677.31 0.803
678.113 0.803
678.842 0.729
679.559 0.717
680.298 0.739
681.051 0.753
681.79 0.739
682.471 0.681
683.13 0.659
683.799 0.669
684.515 0.716
685.311 0.796
686.123 0.812
686.872 0.749
687.581 0.709
688.316 0.735
689.106 0.79
689.898 0.792
690.685 0.787
691.429 0.744
692.161 0.732
692.901 0.74
693.642 0.741
694.34 0.698
695.038 0.698
695.751 0.713
696.499 0.748
697.25 0.751
698.014 0.764
698.769 0.755
699.526 0.757
700.251 0.725
700.981 0.73
701.722 0.741
702.485 0.763
703.278 0.793
704.021 0.743