0.000 0.759
0.759 0.759
1.557 0.798
2.337 0.78
3.093 0.756
3.849 0.756
4.575 0.726
5.317 0.742
6.078 0.761
6.864 0.786
7.6 0.736
8.325 0.725
9.038 0.713
9.79 0.752
10.576 0.786
11.314 0.738
12.056 0.742
12.804 0.748
13.546 0.742
14.259 0.713
14.952 0.693
15.632 0.68
16.301 0.669
16.962 0.661
17.619 0.657
18.277 0.658
18.946 0.669
19.637 0.691
20.36 0.723
21.085 0.725
21.814 0.729
22.562 0.748
23.328 0.766
24.126 0.798
24.904 0.778
25.666 0.762
26.448 0.782
27.23 0.782
28.0 0.77
28.726 0.726
29.419 0.693
30.103 0.684
30.874 0.771
31.613 0.739
32.322 0.709
33.009 0.687
33.678 0.669
34.335 0.657
34.976 0.641
35.607 0.631
36.235 0.628
36.874 0.639
37.535 0.661
38.18 0.645
38.829 0.649
39.524 0.695
40.274 0.75
41.086 0.812
41.925 0.839
42.728 0.803
43.538 0.81
44.322 0.784
45.108 0.786
45.845 0.737
46.591 0.746
47.32 0.729
48.128 0.808
48.983 0.855
49.859 0.876
50.69 0.831
51.522 0.832
52.37 0.848
53.216 0.846
54.029 0.813
54.821 0.792
55.549 0.728
56.25 0.701
56.922 0.672
57.579 0.657
58.228 0.649
58.905 0.677
59.617 0.712
60.404 0.787
61.241 0.837
62.065 0.824
62.844 0.779
63.588 0.744
64.311 0.723
65.022 0.711
65.742 0.72
66.474 0.732
67.239 0.765
68.032 0.793
68.835 0.803
69.642 0.807
70.477 0.835
71.315 0.838
72.164 0.849
73.032 0.868
73.889 0.857
74.717 0.828
75.563 0.846
76.444 0.881
77.344 0.9
78.228 0.884
79.063 0.835
79.913 0.85
80.752 0.839
81.571 0.819
82.344 0.773
83.079 0.735
83.802 0.723
84.506 0.704
85.199 0.693
85.89 0.691
86.569 0.679
87.255 0.686
87.956 0.701
88.656 0.7
89.373 0.717
90.115 0.742
90.859 0.744
91.59 0.731
92.329 0.739
93.076 0.747
93.809 0.733
94.518 0.709
95.228 0.71
95.94 0.712
96.65 0.71
97.358 0.708
98.071 0.713
98.772 0.701
99.452 0.68
100.124 0.672
100.806 0.682
101.512 0.706
102.221 0.709
102.971 0.75
103.723 0.752
104.459 0.736
105.197 0.738
105.956 0.759
106.719 0.763
107.481 0.762
108.227 0.746
108.938 0.711
109.633 0.695
110.319 0.686
110.984 0.665
111.652 0.668
112.315 0.663
112.97 0.655
113.625 0.655
114.27 0.645
114.911 0.641
115.545 0.634
116.186 0.641
116.919 0.733
117.814 0.895
118.699 0.885
119.558 0.859
120.399 0.841
121.238 0.839
122.055 0.817
122.849 0.794
123.615 0.766
124.366 0.751
125.095 0.729
125.839 0.744
126.599 0.76
127.41 0.811
128.245 0.835
129.053 0.808
129.833 0.78
130.608 0.775
131.396 0.788
132.232 0.836
133.115 0.883
133.979 0.864
134.787 0.808
135.567 0.78
136.35 0.783
137.154 0.804
137.954 0.8
138.722 0.768
139.479 0.757
140.259 0.78
141.054 0.795
141.861 0.807
142.644 0.783
143.39 0.746
144.119 0.729
144.865 0.746
145.622 0.757
146.401 0.779
147.167 0.766
147.91 0.743
148.638 0.728
149.366 0.728
150.101 0.735
150.843 0.742
151.607 0.764
152.367 0.76
153.114 0.747
153.85 0.736
154.587 0.737
155.334 0.747
156.103 0.769
156.882 0.779
157.64 0.758
158.361 0.721
159.071 0.71
159.765 0.694
160.455 0.69
161.155 0.7
161.86 0.705
162.565 0.705
163.272 0.707
163.968 0.696
164.646 0.678
165.314 0.668
165.963 0.649
166.595 0.632
167.225 0.63
167.854 0.629
168.489 0.635
169.15 0.661
169.845 0.695
170.577 0.732
171.288 0.711
172.007 0.719
172.738 0.731
173.466 0.728
174.185 0.719
174.885 0.7
175.595 0.71
176.308 0.713
177.037 0.729
177.777 0.74
178.495 0.718
179.231 0.736
179.978 0.747
180.754 0.776
181.542 0.788
182.307 0.765
183.081 0.774
183.872 0.791
184.662 0.79
185.414 0.752
186.16 0.746
186.904 0.744
187.662 0.758
188.426 0.764
189.167 0.741
189.9 0.733
190.63 0.73
191.375 0.745
192.166 0.791
192.932 0.766
193.698 0.766
194.466 0.768
195.253 0.787
196.055 0.802
196.831 0.776
197.592 0.761
198.357 0.765
199.125 0.768
199.864 0.739
200.599 0.735
201.338 0.739
202.095 0.757
202.893 0.798
203.662 0.769
204.442 0.78
205.241 0.799
206.064 0.823
206.879 0.815
207.653 0.774
208.424 0.771
209.184 0.76
209.935 0.751
210.659 0.724
211.392 0.733
212.15 0.758
212.98 0.83
213.807 0.827
214.619 0.812
215.44 0.821
216.273 0.833
217.051 0.778
217.801 0.75
218.55 0.749
219.302 0.752
220.02 0.718
220.729 0.709
221.449 0.72
222.198 0.749
223.007 0.809
223.81 0.803
224.63 0.82
225.481 0.851
226.327 0.846
227.117 0.79
227.94 0.823
228.757 0.817
229.51 0.753
230.238 0.728
230.96 0.722
231.694 0.734
232.441 0.747
233.172 0.731
233.936 0.764
234.71 0.774
235.483 0.773
236.224 0.741
236.963 0.739
237.689 0.726
238.423 0.734
239.143 0.72
239.882 0.739
240.624 0.742
241.375 0.751
242.12 0.745
242.878 0.758
243.678 0.8
244.465 0.787
245.227 0.762
246.008 0.781
246.778 0.77
247.531 0.753
248.255 0.724
248.985 0.73
249.74 0.755
250.517 0.777
251.285 0.768
252.051 0.766
252.835 0.784
253.653 0.818
254.468 0.815
255.247 0.779
256.017 0.77
256.795 0.778
257.579 0.784
258.351 0.772
259.116 0.765
259.913 0.797
260.756 0.843
261.601 0.845
262.393 0.792
263.191 0.798
263.996 0.805
264.784 0.788
265.542 0.758
266.294 0.752
267.058 0.764
267.85 0.792
268.643 0.793
269.418 0.775
270.219 0.801
271.051 0.832
271.842 0.791
272.614 0.772
273.388 0.774
274.158 0.77
274.905 0.747
275.629 0.724
276.356 0.727
277.089 0.733
277.846 0.757
278.614 0.768
279.406 0.792
280.205 0.799
281.019 0.814
281.821 0.802
282.598 0.777
283.376 0.778
284.167 0.791
284.98 0.813
285.767 0.787
286.541 0.774
287.315 0.774
288.095 0.78
288.877 0.782
289.636 0.759
290.418 0.782
291.228 0.81
292.077 0.849
292.879 0.802
293.682 0.803
294.506 0.824
295.376 0.87
296.198 0.822
296.971 0.773
297.739 0.768
298.484 0.745
299.208 0.724
299.903 0.695
300.579 0.676
301.241 0.662
301.915 0.674
302.625 0.71
303.369 0.744
304.184 0.815
305.031 0.847
305.825 0.794
306.595 0.77
307.363 0.768
308.138 0.775
308.909 0.771
309.648 0.739
310.378 0.73
311.114 0.736
311.87 0.756
312.69 0.82
313.484 0.794
314.298 0.814
315.169 0.871
316.071 0.902
316.89 0.819
317.72 0.83
318.576 0.856
319.419 0.843
320.195 0.776
320.96 0.765
321.746 0.786
322.553 0.807
323.387 0.834
324.186 0.799
324.977 0.791
325.778 0.801
326.594 0.816
327.386 0.792
328.15 0.764
328.931 0.781
329.718 0.787
330.53 0.812
331.303 0.773
332.077 0.774
332.867 0.79
333.678 0.811
334.496 0.818
335.262 0.766
336.023 0.761
336.791 0.768
337.593 0.802
338.369 0.776
339.157 0.788
339.958 0.801
340.78 0.822
341.568 0.788
342.343 0.775
343.125 0.782
343.899 0.774
344.65 0.751
345.381 0.731
346.119 0.738
346.881 0.762
347.69 0.809
348.481 0.791
349.268 0.787
350.075 0.807
350.894 0.819
351.685 0.791
352.447 0.762
353.198 0.751
353.958 0.76
354.684 0.726
355.391 0.707
356.087 0.696
356.772 0.685
357.455 0.683
358.135 0.68
358.812 0.677
359.476 0.664
360.128 0.652
360.778 0.65
361.428 0.65
362.087 0.659
362.745 0.658
363.409 0.664
364.085 0.676
364.777 0.692
365.492 0.715
366.224 0.732
366.947 0.723
367.674 0.727
368.432 0.758
369.252 0.82
370.091 0.839
370.898 0.807
371.708 0.81
372.539 0.831
373.377 0.838
374.189 0.812
374.986 0.797
375.811 0.825
376.653 0.842
377.455 0.802
378.198 0.743
378.916 0.718
379.628 0.712
380.362 0.734
381.144 0.782
381.93 0.786
382.709 0.779
383.513 0.804
384.336 0.823
385.119 0.783
385.883 0.764
386.652 0.769
387.43 0.778
388.215 0.785
388.993 0.778
389.78 0.787
390.559 0.779
391.395 0.836
392.244 0.849
393.053 0.809
393.845 0.792
394.65 0.805
395.463 0.813
396.282 0.819
397.055 0.773
397.814 0.759
398.59 0.776
399.4 0.81
400.202 0.802
401.011 0.809
401.867 0.856
402.72 0.853
403.594 0.874
404.451 0.857
405.306 0.855
406.139 0.833
406.928 0.789
407.717 0.789
408.518 0.801
409.323 0.805
410.096 0.773
410.884 0.788
411.684 0.8
412.505 0.821
413.307 0.802
414.135 0.828
414.994 0.859
415.801 0.807
416.618 0.817
417.432 0.814
418.266 0.834
419.104 0.838
419.88 0.776
420.646 0.766
421.417 0.771
422.182 0.765
422.942 0.76
423.681 0.739
424.428 0.747
425.183 0.755
425.973 0.79
426.767 0.794
427.554 0.787
428.325 0.771
429.103 0.778
429.876 0.773
430.653 0.777
431.398 0.745
432.148 0.75
432.908 0.76
433.713 0.805
434.532 0.819
435.324 0.792
436.128 0.804
436.926 0.798
437.727 0.801
438.481 0.754
439.222 0.741
439.959 0.737
440.704 0.745
441.447 0.743
442.177 0.73
442.92 0.743
443.688 0.768
444.493 0.805
445.276 0.783
446.041 0.765
446.82 0.779
447.598 0.778
448.37 0.772
449.118 0.748
449.876 0.758
450.638 0.762
451.389 0.751
452.122 0.733
452.856 0.734
453.595 0.739
454.368 0.773
455.125 0.757
455.883 0.758
456.66 0.777
457.519 0.859
458.337 0.818
459.13 0.793
459.956 0.826
460.785 0.829
461.588 0.803
462.362 0.774
463.159 0.797
463.934 0.775
464.672 0.738
465.38 0.708
466.097 0.717
466.841 0.744
467.678 0.837
468.51 0.832
469.315 0.805
470.142 0.827
470.97 0.828
471.746 0.776
472.534 0.788
473.329 0.795
474.084 0.755
474.791 0.707
475.478 0.687
476.147 0.669
476.824 0.677
477.519 0.695
478.248 0.729
479.007 0.759
479.756 0.749
480.526 0.77
481.309 0.783
482.099 0.79
482.863 0.764
483.615 0.752
484.387 0.772
485.17 0.783
485.971 0.801
486.74 0.769
487.512 0.772
488.296 0.784
489.096 0.8
489.873 0.777
490.644 0.771
491.429 0.785
492.234 0.805
493.012 0.778
493.786 0.774
494.569 0.783
495.412 0.843
496.266 0.854
497.09 0.824
497.957 0.867
498.841 0.884
499.692 0.851
500.5 0.808
501.333 0.833
502.155 0.822
502.961 0.806
503.739 0.778
504.503 0.764
505.283 0.78
506.108 0.825
506.942 0.834
507.776 0.834
508.613 0.837
509.486 0.873
510.327 0.841
511.107 0.78
511.858 0.751
512.614 0.756
513.396 0.782
514.221 0.825
515.022 0.801
515.834 0.812
516.663 0.829
517.485 0.822
518.272 0.787
519.036 0.764
519.809 0.773
520.577 0.768
521.32 0.743
522.05 0.73
522.777 0.727
523.493 0.716
524.217 0.724
524.967 0.75
525.775 0.808
526.636 0.861
527.475 0.839
528.331 0.856
529.199 0.868
530.04 0.841
530.825 0.785
531.6 0.775
532.356 0.756
533.119 0.763
533.856 0.737
534.596 0.74
535.343 0.747
536.114 0.771
536.932 0.818
537.726 0.794
538.533 0.807
539.371 0.838
540.2 0.829
540.969 0.769
541.724 0.755
542.496 0.772
543.291 0.795
544.088 0.797
544.865 0.777
545.658 0.793
546.454 0.796
547.239 0.785
548.009 0.77
548.765 0.756
549.537 0.772
550.353 0.816
551.203 0.85
552.01 0.807
552.79 0.78
553.56 0.77
554.328 0.768
555.095 0.767
555.834 0.739
556.574 0.74
557.345 0.771
558.213 0.868
559.062 0.849
559.906 0.844
560.759 0.853
561.606 0.847
562.394 0.788
563.16 0.766
563.918 0.758
564.675 0.757
565.412 0.737
566.126 0.714
566.843 0.717
567.56 0.717
568.309 0.749
569.033 0.724
569.759 0.726
570.494 0.735
571.256 0.762
572.057 0.801
572.832 0.775
573.599 0.767
574.382 0.783
575.171 0.789
575.944 0.773
576.704 0.76
577.467 0.763
578.246 0.779
579.03 0.784
579.785 0.755
580.527 0.742
581.273 0.746
582.023 0.75
582.792 0.769
583.536 0.744
584.277 0.741
585.034 0.757
585.826 0.792
586.621 0.795
587.395 0.774
588.184 0.789
588.989 0.805
589.814 0.825
590.591 0.777
591.344 0.753
592.094 0.75
592.848 0.754
593.57 0.722
594.291 0.721
595.022 0.731
595.779 0.757
596.553 0.774
597.306 0.753
598.073 0.767
598.851 0.778
599.607 0.756
600.35 0.743
601.1 0.75
601.867 0.767
602.652 0.785
603.418 0.766
604.186 0.768
604.959 0.773
605.711 0.752
606.47 0.759
607.237 0.767
608.014 0.777
608.763 0.749
609.481 0.718
610.178 0.697
610.918 0.74
611.889 0.971
612.819 0.93
613.69 0.871
614.485 0.795
615.252 0.767
615.973 0.721
616.648 0.675
617.294 0.646
617.916 0.622
618.519 0.603
619.108 0.589
619.69 0.582