0.000 1.004
1.004 1.004
1.912 0.908
2.713 0.801
3.58 0.867
4.446 0.866
5.414 0.968
6.418 1.004
7.346 0.928
8.276 0.93
9.222 0.946
10.233 1.011
11.217 0.984
12.252 1.035
13.218 0.966
14.13 0.912
15.05 0.92
15.971 0.921
16.882 0.911
17.722 0.84
18.612 0.89
19.636 1.024
20.567 0.931
21.565 0.998
22.583 1.018
23.524 0.941
24.553 1.029
25.577 1.024
26.348 0.771
27.071 0.723
27.777 0.706
28.486 0.709
29.256 0.77
30.076 0.82
30.96 0.884
31.82 0.86
32.648 0.828
33.515 0.867
34.394 0.879
35.28 0.886
36.286 1.006
37.36 1.074
38.497 1.137
39.508 1.011
40.48 0.972
41.705 1.225
42.709 1.004
43.489 0.78
44.355 0.866
45.148 0.793
45.932 0.784
47.373 1.441
48.515 1.142
49.718 1.203
50.854 1.136
51.926 1.072
53.261 1.335
54.548 1.287
55.718 1.17
56.812 1.094
57.954 1.142
59.069 1.115
60.101 1.032
61.259 1.158
62.389 1.13
63.477 1.088
64.537 1.06
65.733 1.196
66.776 1.043
67.804 1.028
69.051 1.247
70.273 1.222
71.43 1.157
72.508 1.078
73.515 1.007
74.538 1.023
75.461 0.923
76.441 0.98
77.455 1.014
78.365 0.91
79.265 0.9
80.464 1.199
81.564 1.1
82.592 1.028
83.713 1.121
84.867 1.154
86.01 1.143
87.043 1.033
88.168 1.125
89.309 1.141
90.409 1.1
91.42 1.011
92.549 1.129
93.607 1.058
94.657 1.05
95.791 1.134
96.947 1.156
97.992 1.045
99.305 1.313
100.508 1.203
101.54 1.032
102.615 1.075
103.707 1.092
104.743 1.036
105.886 1.143
106.953 1.067
107.952 0.999
109.042 1.09
110.07 1.028
111.107 1.037
112.168 1.061
113.263 1.095
114.355 1.092
115.411 1.056
116.455 1.044
117.498 1.043
118.603 1.105
119.66 1.057
120.668 1.008
121.724 1.056
122.845 1.121
123.875 1.03
124.89 1.015
125.957 1.067
127.022 1.065
128.058 1.036
129.206 1.148
130.273 1.067
131.315 1.042
132.43 1.115
133.459 1.029
134.431 0.972
135.478 1.047
136.529 1.051
137.581 1.052
138.636 1.055
139.671 1.035
140.7 1.029
141.76 1.06
142.838 1.078
143.839 1.001
144.897 1.058
145.982 1.085
147.051 1.069
148.082 1.031
149.129 1.047
150.208 1.079
151.224 1.016
152.29 1.066
153.36 1.07
154.428 1.068
155.443 1.015
156.501 1.058
157.575 1.074
158.561 0.986
159.665 1.104
160.715 1.05
161.727 1.012
162.784 1.057
163.813 1.029
164.747 0.934
165.818 1.071
166.867 1.049
167.909 1.042
168.957 1.048
170.001 1.044
171.048 1.047
172.093 1.045
173.138 1.045
174.11 0.972
175.125 1.015
176.175 1.05
177.152 0.977
178.177 1.025
179.173 0.996
180.234 1.061
181.325 1.091
182.32 0.995
183.359 1.039
184.424 1.065
185.42 0.996
186.471 1.051
187.546 1.075
188.561 1.015
189.553 0.992
190.671 1.118
191.718 1.047
192.768 1.05
193.787 1.019
194.815 1.028
195.815 1.0
196.868 1.053
197.926 1.058
199.037 1.111
200.092 1.055
201.124 1.032
202.175 1.051
203.195 1.02
204.16 0.965
205.243 1.083
206.325 1.082
207.371 1.046
208.402 1.031
209.411 1.009
210.401 0.99
211.44 1.039
212.485 1.045
213.538 1.053
214.553 1.015
215.613 1.06
216.684 1.071
217.756 1.072
218.831 1.075
219.9 1.069
220.962 1.062
222.015 1.053
223.071 1.056
224.081 1.01
225.112 1.031
226.162 1.05
227.206 1.044
228.25 1.044
229.221 0.971
230.277 1.056
231.315 1.038
232.335 1.02
233.358 1.023
234.381 1.023
235.353 0.972
236.39 1.037
237.412 1.022
238.325 0.913
239.245 0.92
240.084 0.839
241.164 1.08
242.208 1.044
243.247 1.039
244.274 1.027
245.339 1.065
246.406 1.067
247.481 1.075
248.564 1.083
249.579 1.015
250.619 1.04
251.753 1.134
252.773 1.02
253.84 1.067
254.912 1.072
255.97 1.058
256.984 1.014
258.042 1.058
259.198 1.156
260.297 1.099
261.361 1.064
262.372 1.011
263.444 1.072
264.424 0.98
265.49 1.066
266.534 1.044
267.52 0.986
268.456 0.936
269.221 0.765
270.016 0.795
270.944 0.928
271.796 0.852
272.702 0.906
273.66 0.958
274.743 1.083
275.784 1.041
276.828 1.044
277.893 1.065
278.962 1.069
280.035 1.073
281.103 1.068
282.141 1.038
283.184 1.043
284.261 1.077
285.337 1.076
286.411 1.074
287.489 1.078
288.524 1.035
289.611 1.087
290.688 1.077
291.764 1.076
292.8 1.036
293.864 1.064
294.94 1.076
296.02 1.08
297.096 1.076
298.125 1.029
299.214 1.089
300.289 1.075
301.359 1.07
302.377 1.018
303.401 1.024
304.463 1.062
305.516 1.053
306.512 0.996
307.51 0.998
308.601 1.091
309.687 1.086
310.698 1.011
311.776 1.078
312.876 1.1
313.975 1.099
315.042 1.067
316.115 1.073
317.216 1.101
318.313 1.097
319.368 1.055
320.451 1.083
321.553 1.102
322.655 1.102
323.719 1.064
324.812 1.093
325.903 1.091
326.997 1.094
328.049 1.052
329.143 1.094
330.232 1.089
331.314 1.082
332.363 1.049
333.444 1.081
334.511 1.067
335.539 1.028
336.576 1.037
337.645 1.069
338.702 1.057
339.722 1.02
340.79 1.068
341.856 1.066
342.88 1.024
343.927 1.047
344.991 1.064
346.03 1.039
347.021 0.991
348.025 1.004
349.078 1.053
350.11 1.032
351.161 1.051
352.171 1.01
353.208 1.037
354.156 0.948
355.227 1.071
356.281 1.054
357.267 0.986
358.32 1.053
359.393 1.073
360.417 1.024
361.428 1.011
362.398 0.97
363.427 1.029
364.475 1.048
365.484 1.009
366.48 0.996
367.525 1.045
368.584 1.059
369.607 1.023
370.627 1.02
371.669 1.042
372.765 1.096
373.815 1.05
374.874 1.059
375.855 0.981
376.861 1.006
377.912 1.051
378.952 1.04
379.996 1.044
381.037 1.041
382.09 1.053
383.089 0.999
384.145 1.056
385.228 1.083
386.298 1.07
387.319 1.021
388.406 1.087
389.497 1.091
390.505 1.008
391.358 0.853
392.379 1.021
393.341 0.962
394.295 0.954
395.251 0.956
396.113 0.862
397.103 0.99
398.142 1.039
399.14 0.998
399.933 0.793
400.683 0.75
401.523 0.84
402.339 0.816
403.177 0.838
404.147 0.97
405.228 1.081
406.252 1.024
407.248 0.996
408.275 1.027
409.312 1.037
410.327 1.015
411.335 1.008
412.354 1.019
413.363 1.009
414.356 0.993
415.205 0.849
416.081 0.876
416.956 0.875
417.89 0.934
418.89 1.0
419.917 1.027
420.825 0.908
421.828 1.003
422.913 1.085
423.983 1.07
425.016 1.033
426.013 0.997
427.092 1.079
428.128 1.036
429.164 1.036
430.173 1.009
431.232 1.059
432.289 1.057
433.324 1.035
434.37 1.046
435.424 1.054
436.482 1.058
437.49 1.008
438.548 1.058
439.609 1.061
440.615 1.006
441.679 1.064
442.736 1.057
443.781 1.045
444.76 0.979
445.823 1.063
446.887 1.064
447.907 1.02
448.957 1.05
450.03 1.073
451.035 1.005
452.095 1.06
453.161 1.066
454.236 1.075
455.261 1.025
456.25 0.989
457.251 1.001
458.018 0.767
458.835 0.817
459.778 0.943
460.866 1.088
461.967 1.101
463.058 1.091
464.145 1.087
465.218 1.073
466.273 1.055
467.376 1.103
468.462 1.086
469.521 1.059
470.543 1.022
471.634 1.091
472.724 1.09
473.802 1.078
474.823 1.021
475.906 1.083
476.99 1.084
478.07 1.08
479.093 1.023
480.157 1.064
481.228 1.071
482.295 1.067
483.364 1.069
484.421 1.057
485.476 1.055
486.545 1.069
487.623 1.078
488.667 1.044
489.679 1.012
490.75 1.071
491.819 1.069
492.868 1.049
493.9 1.032
494.971 1.071
496.047 1.076
497.1 1.053
498.161 1.061
499.24 1.079
500.295 1.055
501.315 1.02
502.355 1.04
503.434 1.079
504.507 1.073
505.504 0.997
506.562 1.058
507.638 1.076
508.675 1.037
509.715 1.04
510.789 1.074
511.805 1.016
512.859 1.054
513.934 1.075
514.944 1.01
516.007 1.063
517.068 1.061
518.074 1.006
519.104 1.03
520.173 1.069
521.232 1.059
522.233 1.001
523.293 1.06
524.388 1.095
525.422 1.034
526.498 1.076
527.607 1.109
528.648 1.041
529.701 1.053
530.794 1.093
531.88 1.086
532.898 1.018
533.978 1.08
535.07 1.092
536.123 1.053
537.183 1.06
538.274 1.091
539.326 1.052
540.331 1.005
541.414 1.083
542.517 1.103
543.597 1.08
544.692 1.095
545.812 1.12
546.916 1.104
547.988 1.072
549.103 1.115
550.163 1.06
551.205 1.042
552.307 1.102
553.365 1.058
554.363 0.998
555.43 1.067
556.537 1.107
557.562 1.025
558.643 1.081
559.745 1.102
560.767 1.022
561.853 1.086
562.973 1.12
564.02 1.047
565.042 1.022
566.128 1.086
567.198 1.07
568.214 1.016
569.269 1.055
570.347 1.078
571.371 1.024
572.344 0.973
573.379 1.035
574.404 1.025
575.44 1.036
576.453 1.013
577.439 0.986
578.484 1.045
579.549 1.065
580.559 1.01
581.563 1.004
582.629 1.066
583.631 1.002
584.662 1.031
585.747 1.085
586.794 1.047
587.79 0.996
588.803 1.013
589.625 0.822
590.432 0.807
591.279 0.847
592.122 0.843
593.281 1.159
594.315 1.034
595.398 1.083
596.507 1.109
597.543 1.036
598.647 1.104
599.744 1.097
600.787 1.043