0.000 0.943
0.943 0.943
1.922 0.979
2.849 0.927
3.776 0.927
4.594 0.818
5.423 0.829
6.594 1.171
7.485 0.891
8.286 0.801
9.172 0.886
10.335 1.163
11.45 1.115
12.445 0.995
13.491 1.046
14.639 1.148
15.182 0.543
16.431 1.249
17.162 0.731
18.042 0.88
19.205 1.163
20.252 1.047
21.375 1.123
22.413 1.038
23.462 1.049
24.608 1.146
25.682 1.074
26.571 0.889
27.387 0.816
28.279 0.892
29.483 1.204
30.415 0.932
31.153 0.738
31.921 0.768
33.109 1.188
34.207 1.098
35.307 1.1
36.307 1.0
37.361 1.054
38.468 1.107
39.59 1.122
40.609 1.019
41.451 0.842
42.337 0.886
43.566 1.229
44.753 1.187
45.846 1.093
46.893 1.047
48.131 1.238
49.264 1.133
50.29 1.026
51.365 1.075
52.495 1.13
53.597 1.102
54.588 0.991
55.593 1.005
56.68 1.087
57.864 1.184
58.911 1.047
59.814 0.903
60.775 0.961
61.778 1.003
62.703 0.925
63.51 0.807
64.525 1.015
65.438 0.913
66.377 0.939
67.292 0.915
68.151 0.859
68.967 0.816
69.878 0.911
70.838 0.96
71.674 0.836
72.487 0.813
73.439 0.952
74.638 1.199
75.635 0.997
76.604 0.969
77.643 1.039
78.706 1.063
79.69 0.984
80.654 0.964
81.685 1.031
82.673 0.988
83.669 0.996
84.691 1.022
85.659 0.968
86.65 0.991
87.657 1.007
88.696 1.039
89.646 0.95
90.642 0.996
91.532 0.89
92.429 0.897
93.41 0.981
94.358 0.948
95.364 1.006
96.566 1.202
97.64 1.074
98.609 0.969
99.508 0.899
100.42 0.912
101.392 0.972
102.301 0.909
103.129 0.828
103.935 0.806
104.822 0.887
105.787 0.965
106.831 1.044
107.979 1.148
109.074 1.095
110.116 1.042
111.072 0.956
111.978 0.906
112.815 0.837
113.631 0.816
114.489 0.858
115.397 0.908
116.369 0.972
117.27 0.901
118.209 0.939
119.294 1.085
120.464 1.17
121.458 0.994
122.373 0.915
123.38 1.007
124.606 1.226
125.743 1.137
126.79 1.047
127.9 1.11
129.083 1.183
130.04 0.957
130.798 0.758
131.602 0.804
132.461 0.859
133.459 0.998
134.514 1.055
135.532 1.018
136.562 1.03
137.662 1.1
138.853 1.191
139.929 1.076
140.928 0.999
141.969 1.041
143.017 1.048
144.009 0.992
144.964 0.955
145.955 0.991
147.053 1.098
148.191 1.138
149.181 0.99
150.084 0.903
151.001 0.917
151.982 0.981
152.989 1.007
153.909 0.92
154.795 0.886
155.894 1.099
156.927 1.033
157.821 0.894
158.632 0.811
159.419 0.787
160.254 0.835
161.206 0.952
162.333 1.127
163.258 0.925
164.122 0.864
165.025 0.903
165.973 0.948
166.827 0.854
167.589 0.762
168.382 0.793
169.185 0.803
170.061 0.876
171.093 1.032
172.192 1.099
173.146 0.954
173.997 0.851
174.861 0.864
175.795 0.934
176.721 0.926
177.584 0.863
178.458 0.874
179.331 0.873
180.194 0.863
181.015 0.821
181.832 0.817
182.772 0.94
183.84 1.068
184.874 1.034
185.859 0.985
186.798 0.939
187.801 1.003
188.9 1.099
189.972 1.072
191.013 1.041
191.972 0.959
192.889 0.917
193.866 0.977
194.969 1.103
196.147 1.178
197.255 1.108
198.197 0.942
199.147 0.95
200.166 1.019
201.25 1.084
202.286 1.036
203.28 0.994
204.326 1.046
205.374 1.048
206.382 1.008
207.285 0.903
208.155 0.87
209.264 1.109
210.303 1.039
211.296 0.993
212.322 1.026
213.319 0.997
214.321 1.002
215.375 1.054
216.431 1.056
217.426 0.995
218.422 0.996
219.336 0.914
220.158 0.822
220.895 0.737
221.621 0.726
222.351 0.73
223.129 0.778
223.906 0.777
224.651 0.745
225.404 0.753
226.209 0.805
227.363 1.154
228.297 0.934
229.158 0.861
229.962 0.804
230.76 0.798
231.651 0.891
232.812 1.161
233.8 0.988
234.731 0.931
235.642 0.911
236.605 0.963
237.617 1.012
238.629 1.012
239.524 0.895
240.288 0.764
241.031 0.743
241.862 0.831
243.047 1.185
243.949 0.902
244.724 0.775
245.578 0.854
246.635 1.057
247.691 1.056
248.531 0.84
249.323 0.792
250.105 0.782
250.902 0.797
251.667 0.765
252.398 0.731
253.125 0.727
253.853 0.728
254.57 0.717
255.28 0.71
255.979 0.699
256.666 0.687
257.363 0.697
258.146 0.783
258.968 0.822
259.892 0.924
260.828 0.936
261.728 0.9
262.601 0.873
263.467 0.866
264.298 0.831
265.176 0.878
266.019 0.843
266.879 0.86
267.81 0.931
269.018 1.208
270.126 1.108
271.158 1.032
272.14 0.982
273.068 0.928
274.11 1.042
275.102 0.992
276.093 0.991
277.012 0.919
278.196 1.184
279.181 0.985
280.08 0.899
280.857 0.777
281.76 0.903
282.988 1.228
284.08 1.092
285.044 0.964
286.06 1.016
287.163 1.103
288.246 1.083
289.251 1.005
290.292 1.041
291.351 1.059
292.379 1.028
293.303 0.924
294.146 0.843
294.942 0.796
295.919 0.977
296.862 0.943
297.666 0.804
298.519 0.853
299.559 1.04
300.814 1.255
301.932 1.118
302.949 1.017
303.996 1.047
305.168 1.172
306.258 1.09
307.26 1.002
308.242 0.982
309.28 1.038
310.216 0.936
311.176 0.96
312.184 1.008
313.195 1.011
314.16 0.965
315.056 0.896
316.043 0.987
317.231 1.188
318.341 1.11
319.233 0.892
320.121 0.888
321.139 1.018
322.315 1.176
323.387 1.072
324.45 1.063
325.513 1.063
326.55 1.037
327.55 1.0
328.609 1.059
329.661 1.052
330.707 1.046
331.702 0.995
332.7 0.998
333.747 1.047
334.894 1.147
335.983 1.089
336.983 1.0
337.976 0.993
338.965 0.989
339.853 0.888
340.779 0.926
341.691 0.912
342.7 1.009
343.74 1.04
344.741 1.001
345.724 0.983
346.796 1.072
347.815 1.019
348.7 0.885
349.531 0.831
350.39 0.859
351.282 0.892
352.196 0.914
353.063 0.867
353.908 0.845
354.765 0.857
355.617 0.852
356.435 0.818
357.206 0.771
357.963 0.757
358.763 0.8
359.515 0.752
360.198 0.683
360.883 0.685
361.627 0.744
362.697 1.07
363.607 0.91
364.562 0.955
365.438 0.876
366.299 0.861
367.156 0.857
368.048 0.892
368.966 0.918
369.807 0.841
370.609 0.802
371.456 0.847
372.66 1.204
373.659 0.999
374.601 0.942
375.581 0.98
376.499 0.918
377.456 0.957
378.371 0.915
379.315 0.944
380.34 1.025
381.411 1.071
382.424 1.013
383.349 0.925
384.284 0.935
385.245 0.961
386.191 0.946
387.062 0.871
387.979 0.917
389.074 1.095
390.016 0.942
390.91 0.894
391.741 0.831
392.61 0.869
393.829 1.219
394.921 1.092
395.939 1.018
396.981 1.042
398.037 1.056
399.067 1.03
400.01 0.943
400.939 0.929
401.808 0.869
402.77 0.962
403.783 1.013
404.792 1.009
405.863 1.071
406.977 1.114
407.998 1.021
408.942 0.944
409.863 0.921
410.788 0.925
411.779 0.991
412.755 0.976
413.71 0.955
414.574 0.864
415.396 0.822
416.237 0.841
417.403 1.166
418.611 1.208
419.732 1.121
420.749 1.017
421.525 0.776
422.23 0.705
422.913 0.683
423.624 0.711
424.397 0.773
425.33 0.933
426.312 0.982
427.28 0.968
428.188 0.908
429.033 0.845
429.845 0.812
430.632 0.787
431.416 0.784
432.32 0.904
433.397 1.077
434.405 1.008
435.364 0.959
436.261 0.897
437.111 0.85
438.025 0.914
439.019 0.994
439.935 0.916
440.794 0.859
441.711 0.917
442.658 0.947
443.516 0.858
444.262 0.746
444.961 0.699
445.791 0.83
446.954 1.163
447.967 1.013
449.077 1.11
450.059 0.982
450.903 0.844
451.662 0.759
452.367 0.705
453.07 0.703
453.828 0.758
454.563 0.735
455.311 0.748
456.101 0.79
456.966 0.865
458.01 1.044
459.002 0.992
459.886 0.884
460.782 0.896
461.716 0.934
462.67 0.954
463.594 0.924
464.525 0.931
465.492 0.967
466.414 0.922
467.361 0.947
468.266 0.905
469.171 0.905
470.102 0.931
471.125 1.023
472.072 0.947
472.954 0.882
473.814 0.86
474.711 0.897
475.699 0.988
476.691 0.992
477.627 0.936
478.471 0.844
479.253 0.782
479.976 0.723
480.647 0.671
481.303 0.656
481.954 0.651
482.663 0.709
483.825 1.162
484.868 1.043
485.956 1.088
486.958 1.002
487.854 0.896
488.69 0.836
489.487 0.797
490.332 0.845
491.145 0.813
491.9 0.755
492.667 0.767
493.504 0.837
494.462 0.958
495.393 0.931
496.316 0.923
497.32 1.004
498.357 1.037
499.283 0.926
500.15 0.867
501.004 0.854
501.9 0.896
502.846 0.946
503.727 0.881
504.581 0.854
505.472 0.891
506.485 1.013
507.466 0.981
508.357 0.891
509.234 0.877
510.096 0.862
511.012 0.916
511.915 0.903
512.756 0.841
513.586 0.83
514.417 0.831
515.278 0.861
516.185 0.907
517.042 0.857
517.918 0.876
518.925 1.007
520.022 1.097
521.072 1.05
522.1 1.028
523.05 0.95
523.946 0.896
524.789 0.843
525.627 0.838
526.429 0.802
527.172 0.743
527.866 0.694
528.615 0.749
529.413 0.798
530.303 0.89
531.514 1.211
532.57 1.056
533.668 1.098
534.665 0.997
535.617 0.952
536.597 0.98
537.505 0.908
538.422 0.917
539.348 0.926
540.265 0.917
541.185 0.92
542.098 0.913
543.084 0.986
544.083 0.999
545.051 0.968
546.021 0.97
546.954 0.933
547.875 0.921
548.793 0.918
549.741 0.948
550.661 0.92
551.635 0.974
552.68 1.045
553.617 0.937
554.547 0.93
555.539 0.992
556.581 1.042
557.53 0.949
558.483 0.953
559.433 0.95
560.315 0.882
561.23 0.915
562.223 0.993
563.189 0.966
564.047 0.858
564.969 0.922
565.896 0.927
566.823 0.927
567.71 0.887
568.641 0.931
569.555 0.914
570.414 0.859
571.201 0.787
571.959 0.758
572.739 0.78
573.608 0.869
574.46 0.852
575.281 0.821
576.126 0.845
577.064 0.938
578.021 0.957
578.947 0.926
579.762 0.815
580.564 0.802
581.332 0.768
582.071 0.739
582.745 0.674
583.426 0.681
584.184 0.758
585.011 0.827
585.811 0.8
586.629 0.818
587.452 0.823
588.244 0.792
589.033 0.789
589.872 0.839
590.713 0.841
591.564 0.851
592.348 0.784
593.156 0.808
594.037 0.881
594.954 0.917
595.802 0.848
596.642 0.84
597.444 0.802
598.308 0.864
599.139 0.831