0.000 0.889
0.889 0.889
2.082 1.193
3.274 1.192
4.22 0.946
5.069 0.849
5.991 0.922
6.872 0.881
7.9 1.028
8.988 1.088
9.817 0.829
10.695 0.878
11.504 0.809
12.25 0.746
12.95 0.7
14.123 1.173
15.161 1.038
16.117 0.956
16.992 0.875
17.873 0.881
18.879 1.006
19.999 1.12
20.995 0.996
22.072 1.077
22.997 0.925
23.861 0.864
24.828 0.967
25.949 1.121
26.91 0.961
27.984 1.074
28.656 0.672
29.005 0.349
30.202 1.197
31.301 1.099
32.375 1.074
33.235 0.86
34.031 0.796
35.161 1.13
36.147 0.986
37.069 0.922
37.328 0.259
37.839 0.511
38.112 0.273
38.53 0.418
39.639 1.109
40.679 1.04
41.429 0.75
41.69 0.261
42.508 0.818
43.735 1.227
44.587 0.852
45.282 0.695
45.619 0.337
45.939 0.32
46.791 0.852
47.544 0.753
48.697 1.153
49.819 1.122
50.687 0.868
51.454 0.767
51.791 0.337
52.222 0.431
53.47 1.248
54.697 1.227
55.759 1.062
56.831 1.072
57.281 0.45
57.86 0.579
59.065 1.205
60.164 1.099
61.258 1.094
62.201 0.943
63.219 1.018
64.368 1.149
65.44 1.072
66.48 1.04
67.566 1.086
68.668 1.102
69.791 1.123
70.749 0.958
71.823 1.074
72.903 1.08
73.22 0.317
73.471 0.251
73.848 0.377
74.652 0.804
76.015 1.363
76.918 0.903
77.642 0.724
78.316 0.674
79.025 0.709
80.242 1.217
81.424 1.182
82.537 1.113
83.651 1.114
84.543 0.892
85.159 0.616
85.434 0.275
85.756 0.322
86.162 0.406
86.719 0.557
87.366 0.647
88.105 0.739
88.47 0.365
88.899 0.429
89.194 0.295
89.448 0.254
90.465 1.017
91.655 1.19
92.121 0.466
92.764 0.643
93.79 1.026
94.588 0.798
94.937 0.349
95.361 0.424
96.598 1.237
97.702 1.104
98.753 1.051
99.809 1.056
100.716 0.907
101.849 1.133
103.022 1.173
103.574 0.552
104.119 0.545
105.052 0.933
106.139 1.087
107.167 1.028
108.316 1.149
109.353 1.037
109.861 0.508
110.256 0.395
110.7 0.444
111.181 0.481
112.161 0.98
112.57 0.409
113.341 0.771
114.372 1.031
115.241 0.869
116.098 0.857
116.652 0.554
116.965 0.313
117.344 0.379
117.637 0.293
118.142 0.505
119.357 1.215
120.405 1.048
120.874 0.469
121.442 0.568
122.275 0.833
122.709 0.434
123.317 0.608
123.786 0.469
124.282 0.496
124.713 0.431
125.438 0.725
125.745 0.307
126.021 0.276
126.275 0.254
126.528 0.253
126.815 0.287
127.329 0.514
128.426 1.097
129.582 1.156
130.566 0.984
131.222 0.656
132.267 1.045
133.013 0.746
133.412 0.399
134.59 1.178
135.499 0.909
136.793 1.294
137.067 0.274
137.889 0.822
139.051 1.162
139.941 0.89
140.709 0.768
141.459 0.75
142.239 0.78
143.264 1.025
144.433 1.169
145.49 1.057
145.781 0.291
146.224 0.443
146.485 0.261
146.762 0.277
147.086 0.324
148.049 0.963
149.78 1.731
150.11 0.33
150.72 0.61
151.01 0.29
151.902 0.892
152.885 0.983
153.907 1.022
154.389 0.482
154.859 0.47
155.192 0.333
155.53 0.338
155.803 0.273
156.055 0.252
156.391 0.336
156.65 0.259
156.955 0.305
157.242 0.287
158.054 0.812
158.898 0.844
159.739 0.841
160.793 1.054
161.799 1.006
162.728 0.929
163.555 0.827
164.317 0.762
165.071 0.754
165.864 0.793
166.723 0.859
167.559 0.836
168.348 0.789
169.125 0.777
169.864 0.739
170.612 0.748
171.362 0.75
172.257 0.895
173.454 1.197
174.491 1.037
175.493 1.002
176.517 1.024
177.525 1.008
178.405 0.88
179.245 0.84
180.134 0.889
181.229 1.095
182.146 0.917
183.037 0.891
183.996 0.959
185.05 1.054
186.005 0.955
186.934 0.929
187.957 1.023
188.977 1.02
189.968 0.991
190.912 0.944
191.78 0.868
192.563 0.783
193.303 0.74
194.078 0.775
195.27 1.192
196.307 1.037
197.236 0.929
198.08 0.844
198.836 0.756
199.724 0.888
200.778 1.054
201.61 0.832
202.368 0.758
203.129 0.761
203.895 0.766
204.7 0.805
205.675 0.975
206.751 1.076
207.73 0.979
208.722 0.992
209.705 0.983
210.658 0.953
211.556 0.898
212.44 0.884
213.465 1.025
214.458 0.993
215.323 0.865
216.218 0.895
217.268 1.05
218.387 1.119
219.335 0.948
220.251 0.916
221.182 0.931
222.106 0.924
222.978 0.872
223.885 0.907
225.047 1.162
226.118 1.071
227.141 1.023
228.105 0.964
229.043 0.938
229.894 0.851
230.728 0.834
231.566 0.838
232.782 1.216
233.818 1.036
234.707 0.889
235.513 0.806
236.396 0.883
237.554 1.158
238.494 0.94
239.349 0.855
240.185 0.836
241.059 0.874
242.242 1.183
243.362 1.12
244.349 0.987
245.224 0.875
246.05 0.826
246.848 0.798
247.601 0.753
248.337 0.736
249.105 0.768
250.133 1.028
251.022 0.889
251.881 0.859
252.735 0.854
253.826 1.091
254.856 1.03
255.812 0.956
256.723 0.911
257.602 0.879
258.453 0.851
259.293 0.84
260.136 0.843
260.977 0.841
261.803 0.826
262.605 0.802
263.394 0.789
264.141 0.747
264.902 0.761
265.815 0.913
266.787 0.972
267.641 0.854
268.457 0.816
269.273 0.816
270.398 1.125
271.522 1.124
272.493 0.971
273.322 0.829
274.079 0.757
274.835 0.756
275.574 0.739
276.391 0.817
277.431 1.04
278.311 0.88
279.239 0.928
280.131 0.892
281.063 0.932
282.019 0.956
282.906 0.887
283.705 0.799
284.478 0.773
285.233 0.755
285.96 0.727
286.795 0.835
287.938 1.143
288.841 0.903
289.629 0.788
290.408 0.779
291.176 0.768
291.928 0.752
292.931 1.003
294.01 1.079
295.072 1.062
295.939 0.867
296.733 0.794
297.483 0.75
298.219 0.736
299.037 0.818
300.266 1.229
301.365 1.099
302.366 1.001
303.179 0.813
303.957 0.778
304.721 0.764
305.888 1.167
306.967 1.079
307.928 0.961
308.903 0.975
309.78 0.877
310.61 0.83
311.477 0.867
312.541 1.064
313.734 1.193
314.718 0.984
315.625 0.907
316.498 0.873
317.584 1.086
318.779 1.195
319.792 1.013
320.765 0.973
321.65 0.885
322.59 0.94
323.688 1.098
324.718 1.03
325.678 0.96
326.587 0.909
327.481 0.894
328.505 1.024
329.65 1.145
330.762 1.112
331.708 0.946
332.619 0.911
333.578 0.959
334.556 0.978
335.433 0.877
336.223 0.79
336.933 0.71
337.665 0.732
338.486 0.821
339.42 0.934
340.481 1.061
341.438 0.957
342.298 0.86
343.071 0.773
343.823 0.752
344.563 0.74
345.349 0.786
346.236 0.887
347.178 0.942
348.068 0.89
348.874 0.806
349.613 0.739
350.317 0.704
351.061 0.744
352.125 1.064
353.059 0.934
354.013 0.954
354.909 0.896
355.737 0.828
356.544 0.807
357.404 0.86
358.259 0.855
359.171 0.912
360.099 0.928
361.097 0.998
362.146 1.049
363.014 0.868
363.829 0.815
364.655 0.826
365.512 0.857
366.317 0.805
367.243 0.926
368.351 1.108
369.308 0.957
370.21 0.902
371.096 0.886
371.989 0.893
372.825 0.836
373.677 0.852
374.55 0.873
375.348 0.798
376.189 0.841
377.074 0.885
377.989 0.915
379.005 1.016
380.019 1.014
380.97 0.951
381.818 0.848
382.658 0.84
383.477 0.819
384.326 0.849
385.223 0.897
386.149 0.926
387.108 0.959
388.029 0.921
388.943 0.914
389.796 0.853
390.66 0.864
391.512 0.852
392.411 0.899
393.292 0.881
394.103 0.811
394.88 0.777
395.714 0.834
396.888 1.174
398.074 1.186
399.116 1.042
400.039 0.923
400.837 0.798
401.584 0.747
402.332 0.748
403.122 0.79
403.934 0.812
404.744 0.81
405.742 0.998
406.816 1.074
407.786 0.97
408.587 0.801
409.393 0.806
410.351 0.958
411.204 0.853
411.99 0.786
412.803 0.813
413.857 1.054
414.877 1.02
415.873 0.996
416.798 0.925
417.674 0.876
418.47 0.796
419.217 0.747
420.001 0.784
421.203 1.202
422.378 1.175
423.418 1.04
424.321 0.903
425.113 0.792
425.914 0.801
426.979 1.065
428.214 1.235
429.281 1.067
430.408 1.127
431.4 0.992
432.358 0.958
433.312 0.954
434.224 0.912
435.13 0.906
436.032 0.902
436.96 0.928
437.965 1.005
439.001 1.036
439.996 0.995
440.983 0.987
441.944 0.961
442.839 0.895
443.761 0.922
444.736 0.975
445.738 1.002
446.696 0.958
447.53 0.834
448.275 0.745
449.054 0.779
450.292 1.238
451.33 1.038
452.384 1.054
453.44 1.056
454.26 0.82
455.011 0.751
455.859 0.848
457.07 1.211
458.166 1.096
459.202 1.036
460.343 1.141
461.387 1.044
462.268 0.881
463.108 0.84
463.958 0.85
464.83 0.872
465.885 1.055
467.126 1.241
468.206 1.08
469.284 1.078
470.118 0.834
470.98 0.862
471.927 0.947
472.879 0.952
473.797 0.918
474.674 0.877
475.512 0.838
476.407 0.895
477.322 0.915
478.197 0.875
479.093 0.896
479.981 0.888
480.831 0.85
481.658 0.827
482.541 0.883
483.486 0.945
484.337 0.851
485.102 0.765
485.807 0.705
486.512 0.705
487.227 0.715
487.915 0.688
488.573 0.658
489.232 0.659
490.068 0.836
490.95 0.882
491.762 0.812
492.503 0.741
493.199 0.696
493.892 0.693
494.577 0.685
495.285 0.708
495.981 0.696
496.701 0.72
497.418 0.717
498.12 0.702
498.808 0.688
499.608 0.8
500.69 1.082
501.585 0.895
502.518 0.933
503.387 0.869
504.271 0.884
505.137 0.866
506.019 0.882
506.911 0.892
507.832 0.921
508.725 0.893
509.59 0.865
510.519 0.929
511.432 0.913
512.31 0.878
513.141 0.831
513.926 0.785
514.797 0.871
515.611 0.814
516.392 0.781
517.365 0.973
518.216 0.851
519.034 0.818
519.899 0.865
520.819 0.92
521.709 0.89
522.548 0.839
523.33 0.782
524.114 0.784
525.032 0.918
526.261 1.229
527.36 1.099
528.324 0.964
529.175 0.851
529.991 0.816
530.926 0.935
532.129 1.203
533.125 0.996
534.056 0.931
534.956 0.9
536.03 1.074
537.08 1.05
537.976 0.896
538.879 0.903
539.949 1.07
541.011 1.062
541.908 0.897
542.713 0.805
543.508 0.795
544.532 1.024
545.74 1.208
546.684 0.944
547.507 0.823
548.351 0.844
549.488 1.137
550.526 1.038
551.492 0.966
552.423 0.931
553.559 1.136
554.751 1.192
555.756 1.005
556.696 0.94
557.663 0.967
558.772 1.109
559.73 0.958
560.588 0.858
561.38 0.792
562.215 0.835
563.454 1.239
564.59 1.136
565.642 1.052
566.822 1.18
567.789 0.967
568.679 0.89
569.499 0.82
570.357 0.858
571.43 1.073
572.449 1.019
573.386 0.937
574.226 0.84
575.047 0.821
575.97 0.923
577.032 1.062
578.003 0.971
578.855 0.852
579.654 0.799
580.502 0.848
581.406 0.904
582.343 0.937
583.216 0.873
584.088 0.872
584.988 0.9
585.956 0.968
586.896 0.94
587.773 0.877
588.615 0.842
589.394 0.779
590.18 0.786
590.946 0.766
591.694 0.748
592.442 0.748
593.271 0.829
594.405 1.134
595.227 0.822
596.106 0.879
596.95 0.844
597.853 0.903
598.851 0.998
599.704 0.853
600.501 0.797
601.28 0.779
602.037 0.757
602.91 0.873
603.772 0.862
604.702 0.93
605.654 0.952
606.637 0.983
607.609 0.972
608.547 0.938