0.000 0.681
0.681 0.681
1.378 0.697
2.03 0.652
2.747 0.717
3.463 0.716
4.486 1.023
5.385 0.899
6.171 0.786
6.914 0.743
7.625 0.711
8.317 0.692
9.008 0.691
9.755 0.747
10.575 0.82
11.374 0.799
12.154 0.78
12.873 0.719
13.578 0.705
14.319 0.741
15.19 0.871
16.088 0.898
16.907 0.819
17.662 0.755
18.468 0.806
19.481 1.013
20.529 1.048
21.515 0.986
22.451 0.936
23.45 0.999
24.441 0.991
25.398 0.957
26.241 0.843
27.053 0.812
27.992 0.939
29.014 1.022
30.016 1.002
30.947 0.931
31.851 0.904
32.795 0.944
33.668 0.873
34.428 0.76
35.143 0.715
35.92 0.777
36.784 0.864
37.693 0.909
38.489 0.796
39.203 0.714
39.468 0.265
39.753 0.285
40.022 0.269
40.289 0.267
41.44 1.151
41.759 0.319
42.18 0.421
48.999 6.819
49.733 0.734
50.473 0.74
51.232 0.759
51.707 0.475
51.98 0.273
52.264 0.284
52.673 0.409
53.535 0.862
54.019 0.484
54.3 0.281
54.893 0.593
56.424 1.531
57.357 0.933
57.682 0.325
58.153 0.471
58.575 0.422
59.05 0.475
59.874 0.824
60.398 0.524
60.69 0.292
61.57 0.88
62.474 0.904
63.412 0.938
63.742 0.33
64.037 0.295
64.329 0.292
65.248 0.919
65.521 0.273
65.787 0.266
66.256 0.469
67.24 0.984
67.708 0.468
68.137 0.429
68.563 0.426
68.945 0.382
69.41 0.465
69.707 0.297
70.006 0.299
70.574 0.568
70.945 0.371
71.348 0.403
71.685 0.337
72.169 0.484
72.475 0.306
72.886 0.411
73.483 0.597
74.154 0.671
74.864 0.71
75.374 0.51
76.029 0.655
76.96 0.931
77.584 0.624
78.107 0.523
78.449 0.342
79.356 0.907
80.292 0.936
81.158 0.866
81.985 0.827
82.829 0.844
83.617 0.788
84.099 0.482
84.387 0.288
84.716 0.329
85.208 0.492
86.161 0.953
87.096 0.935
87.414 0.318
87.78 0.366
88.074 0.294
88.363 0.289
88.726 0.363
89.51 0.784
90.355 0.845
90.999 0.644
91.491 0.492
91.769 0.278
92.634 0.865
92.889 0.255
93.294 0.405
93.577 0.283
93.883 0.306
94.222 0.339
94.482 0.26
94.784 0.302
95.036 0.252
95.289 0.253
95.593 0.304
95.863 0.27
96.84 0.977
97.092 0.252
98.351 1.259
98.892 0.541
99.218 0.326
99.862 0.644
100.392 0.53
101.909 1.517
102.233 0.324
102.599 0.366
102.882 0.283
103.154 0.272
103.452 0.298
103.743 0.291
104.078 0.335
104.352 0.274
104.784 0.432
105.12 0.336
105.413 0.293
105.752 0.339
108.371 2.619
108.705 0.334
112.618 3.913
113.613 0.995
113.946 0.333
114.782 0.836
116.02 1.238
116.426 0.406
116.743 0.317
117.02 0.277
117.33 0.31
117.597 0.267
118.161 0.564
118.642 0.481
119.573 0.931
119.984 0.411
120.293 0.309
120.718 0.425
121.211 0.493
121.522 0.311
121.857 0.335
122.551 0.694
124.854 2.303
125.57 0.716
125.826 0.256
130.098 4.272
130.855 0.757
131.542 0.687
132.235 0.693
132.934 0.699
133.523 0.589
134.255 0.732
134.933 0.678
135.645 0.712
136.352 0.707
137.071 0.719
137.803 0.732
138.526 0.723
139.255 0.729
139.945 0.69
140.627 0.682
140.915 0.288
141.319 0.404
141.939 0.62
142.427 0.488
142.737 0.31
143.465 0.728
144.044 0.579
144.609 0.565
145.0 0.391
145.752 0.752
146.54 0.788
147.283 0.743
147.961 0.678
148.628 0.667
149.291 0.663
149.981 0.69
150.699 0.718
151.395 0.696
152.095 0.7
152.806 0.711
153.53 0.724
154.217 0.687
154.929 0.712
155.629 0.7
156.284 0.655
156.927 0.643
157.544 0.617
158.144 0.6
158.753 0.609
159.348 0.595
159.964 0.616
160.591 0.627
161.204 0.613
161.809 0.605
162.401 0.592
162.985 0.584
163.58 0.595
164.199 0.619
164.84 0.641
165.47 0.63
166.082 0.612
166.687 0.605
167.332 0.645
168.05 0.718
168.831 0.781
169.657 0.826
170.443 0.786
171.159 0.716
171.821 0.662
172.485 0.664
173.185 0.7
173.925 0.74
174.736 0.811
175.485 0.749
176.181 0.696
176.873 0.692
177.602 0.729
178.549 0.947
179.518 0.969
180.47 0.952
181.364 0.894
182.229 0.865
183.063 0.834
183.893 0.83
184.683 0.79
185.507 0.824
186.411 0.904
187.392 0.981
188.356 0.964
189.277 0.921
190.147 0.87
190.995 0.848
191.86 0.865
192.745 0.885
193.553 0.808
194.372 0.819
195.24 0.868
196.123 0.883
197.044 0.921
197.951 0.907
198.758 0.807
199.498 0.74
200.269 0.771
201.138 0.869
202.076 0.938
202.989 0.913
203.807 0.818
204.549 0.742
205.273 0.724
206.124 0.851
207.085 0.961
208.026 0.941
208.94 0.914
209.77 0.83
210.467 0.697
211.124 0.657
211.787 0.663
212.534 0.747
213.341 0.807
214.065 0.724
214.77 0.705
215.427 0.657
216.082 0.655
216.873 0.791
217.733 0.86
218.586 0.853
219.361 0.775
220.08 0.719
220.804 0.724
221.555 0.751
222.338 0.783
223.112 0.774
223.874 0.762
224.71 0.836
225.583 0.873
226.34 0.757
227.06 0.72
227.798 0.738
228.565 0.767
229.336 0.771
230.142 0.806
230.897 0.755
231.737 0.84
232.602 0.865
233.5 0.898
234.34 0.84
235.212 0.872
236.073 0.861
236.933 0.86
237.754 0.821
238.605 0.851
239.498 0.893
240.395 0.897
241.309 0.914
242.166 0.857
242.95 0.784
243.795 0.845
244.716 0.921
245.652 0.936
246.537 0.885
247.336 0.799
248.148 0.812
249.021 0.873
249.942 0.921
250.866 0.924
251.747 0.881
252.602 0.855
253.478 0.876
254.388 0.91
255.277 0.889
256.114 0.837
256.857 0.743
257.54 0.683
258.206 0.666
258.916 0.71
259.834 0.918
260.744 0.91
261.634 0.89
262.499 0.865
263.322 0.823
264.103 0.781
264.822 0.719
265.519 0.697
266.272 0.753
267.094 0.822
268.002 0.908
268.939 0.937
269.854 0.915
270.786 0.932
271.727 0.941
272.664 0.937
273.524 0.86
274.335 0.811
275.163 0.828
276.075 0.912
277.043 0.968
277.947 0.904
278.772 0.825
279.508 0.736
280.212 0.704
280.92 0.708
281.665 0.745
282.484 0.819
283.349 0.865
284.204 0.855
284.966 0.762
285.652 0.686
286.292 0.64
286.921 0.629
287.573 0.652
288.318 0.745
289.188 0.87
289.984 0.796
290.68 0.696
291.33 0.65
291.966 0.636
292.594 0.628
293.284 0.69
293.996 0.712
294.638 0.642
295.286 0.648
295.978 0.692
296.761 0.783
297.575 0.814
298.351 0.776
299.012 0.661
299.644 0.632
300.247 0.603
300.84 0.593
301.594 0.754
302.494 0.9
303.388 0.894
304.293 0.905
305.205 0.912
306.079 0.874
306.954 0.875
307.818 0.864
308.663 0.845
309.516 0.853
310.39 0.874
311.211 0.821
311.979 0.768
312.78 0.801
313.629 0.849
314.582 0.953
315.569 0.987
316.525 0.956
317.445 0.92
318.302 0.857
319.139 0.837
319.994 0.855
320.87 0.876
321.754 0.884
322.605 0.851
323.424 0.819
324.162 0.738
324.921 0.759
325.712 0.791
326.54 0.828
327.33 0.79
328.055 0.725
328.863 0.808
329.715 0.852
330.518 0.803
331.279 0.761
331.995 0.716
332.748 0.753
333.61 0.862
334.52 0.91
335.374 0.854
336.121 0.747
336.829 0.708
337.54 0.711
338.253 0.713
338.996 0.743
339.722 0.726
340.442 0.72
341.148 0.706
341.814 0.666
342.486 0.672
343.311 0.825
344.171 0.86
345.019 0.848
345.825 0.806
346.632 0.807
347.456 0.824
348.322 0.866
349.213 0.891
350.077 0.864
350.934 0.857
351.7 0.766
352.423 0.723
353.092 0.669
353.758 0.666
354.487 0.729
355.493 1.006
356.486 0.993
357.427 0.941
358.305 0.878
359.029 0.724
359.743 0.714
360.63 0.887
361.524 0.894
362.409 0.885
363.276 0.867
364.126 0.85
364.962 0.836
365.767 0.805
366.553 0.786
367.406 0.853
368.34 0.934
369.29 0.95
370.211 0.921
371.091 0.88
371.919 0.828
372.791 0.872
373.678 0.887
374.578 0.9
375.452 0.874
376.32 0.868
377.18 0.86
378.071 0.891
378.98 0.909
379.865 0.885
380.691 0.826
381.506 0.815
382.363 0.857
383.258 0.895
384.172 0.914
385.065 0.893
385.901 0.836
386.738 0.837
387.6 0.862
388.489 0.889
389.366 0.877
390.215 0.849
390.996 0.781
391.72 0.724
392.427 0.707
393.147 0.72
393.875 0.728
394.626 0.751
395.336 0.71
395.995 0.659
396.632 0.637
397.256 0.624
397.868 0.612
398.466 0.598
399.081 0.615
399.859 0.778
400.691 0.832
401.424 0.733
402.131 0.707
402.872 0.741
403.672 0.8
404.473 0.801
405.252 0.779
405.991 0.739
406.661 0.67
407.293 0.632
407.895 0.602
408.509 0.614
409.34 0.831
410.241 0.901
411.089 0.848
411.974 0.885
412.868 0.894
413.739 0.871
414.68 0.941
415.663 0.983
416.675 1.012
417.661 0.986
418.621 0.96
419.598 0.977
420.554 0.956
421.468 0.914
422.396 0.928
423.317 0.921
424.232 0.915
425.162 0.93
426.043 0.881
426.841 0.798
427.642 0.801
428.528 0.886
429.47 0.942
430.404 0.934
431.281 0.877
432.054 0.773
432.763 0.709
433.53 0.767
434.454 0.924
435.452 0.998
436.439 0.987
437.387 0.948
438.321 0.934
439.268 0.947
440.185 0.917
441.093 0.908
441.927 0.834
442.683 0.756
443.482 0.799
444.334 0.852
445.322 0.988
446.282 0.96
447.213 0.931
448.145 0.932
449.072 0.927
449.991 0.919
450.841 0.85
451.691 0.85
452.578 0.887
453.516 0.938
454.406 0.89
455.23 0.824
456.037 0.807
456.93 0.893
457.889 0.959
458.826 0.937
459.712 0.886
460.542 0.83
461.409 0.867
462.306 0.897
463.208 0.902
464.07 0.862
464.904 0.834
465.796 0.892
466.731 0.935
467.675 0.944
468.559 0.884
469.356 0.797
470.152 0.796
471.019 0.867
471.945 0.926
472.833 0.888
473.667 0.834
474.588 0.921
475.534 0.946
476.479 0.945
477.356 0.877
478.116 0.76
478.884 0.768
479.658 0.774
480.477 0.819
481.315 0.838
482.131 0.816
482.966 0.835
483.948 0.982
484.958 1.01
485.954 0.996
486.865 0.911
487.76 0.895
488.645 0.885
489.548 0.903
490.438 0.89
491.281 0.843
492.07 0.789
492.96 0.89
493.884 0.924
494.822 0.938
495.71 0.888
496.524 0.814
497.346 0.822
498.207 0.861
499.077 0.87
499.941 0.864
500.69 0.749
501.425 0.735
502.2 0.775
503.089 0.889
504.001 0.912
504.869 0.868
505.634 0.765
506.38 0.746
507.206 0.826
508.091 0.885
508.96 0.869
509.764 0.804
510.468 0.704
511.133 0.665
511.782 0.649
512.473 0.691
513.253 0.78
514.06 0.807
514.854 0.794
515.626 0.772
516.341 0.715
516.64 0.299
516.914 0.274
517.2 0.286
517.496 0.296
519.378 1.882
519.722 0.344
520.016 0.294
520.296 0.28
520.81 0.514
521.206 0.396
521.555 0.349
521.825 0.27
522.318 0.493
523.668 1.35
524.407 0.739
525.485 1.078
525.826 0.341
526.751 0.925
527.051 0.3
527.325 0.274
528.396 1.071
528.813 0.417
529.352 0.539
530.435 1.083
530.893 0.458
531.201 0.308
531.477 0.276
531.764 0.287
532.18 0.416
532.532 0.352
532.798 0.266
533.066 0.268
533.972 0.906
534.244 0.272
534.526 0.282
534.868 0.342
535.198 0.33
535.589 0.391
535.88 0.291
536.354 0.474
536.694 0.34
537.149 0.455
537.556 0.407
537.821 0.265
538.18 0.359
538.468 0.288
538.75 0.282
539.043 0.293
539.37 0.327
539.828 0.458
540.128 0.3
540.668 0.54
540.986 0.318
541.253 0.267
541.652 0.399
542.6 0.948
543.188 0.588
543.496 0.308
544.05 0.554
544.762 0.712
545.654 0.892
546.575 0.921
547.775 1.2
548.242 0.467
548.801 0.559
549.057 0.256
549.865 0.808
550.192 0.327
550.47 0.278
550.771 0.301
551.369 0.598
551.755 0.386
552.552 0.797
552.945 0.393
553.201 0.256
553.509 0.308
553.894 0.385
554.385 0.491
554.723 0.338
555.262 0.539
555.581 0.319
555.858 0.277
556.183 0.325
556.573 0.39
556.879 0.306
557.134 0.255
557.836 0.702
558.824 0.988
559.478 0.654
559.769 0.291
560.062 0.293
560.475 0.413
560.876 0.401
561.675 0.799
561.975 0.3
562.233 0.258
563.373 1.14
563.699 0.326
564.255 0.556
564.542 0.287
564.926 0.384
565.19 0.264
565.52 0.33
565.994 0.474
566.401 0.407
566.887 0.486
567.288 0.401
567.571 0.283
568.458 0.887
568.713 0.255
569.127 0.414
569.58 0.453
570.291 0.711
570.559 0.268
571.214 0.655
571.48 0.266
571.902 0.422
572.192 0.29
572.545 0.353
572.821 0.276
573.09 0.269
573.388 0.298
573.661 0.273
573.922 0.261
574.204 0.282
574.566 0.362
575.112 0.546
575.421 0.309
575.782 0.361
576.216 0.434
576.524 0.308
576.976 0.452
577.254 0.278
577.511 0.257
577.795 0.284
578.771 0.976
579.073 0.302
579.433 0.36
580.301 0.868
580.607 0.306
580.889 0.282
581.217 0.328
581.501 0.284
581.771 0.27
582.086 0.315
582.827 0.741
583.096 0.269
584.079 0.983
584.343 0.264
584.658 0.315
585.022 0.364
585.303 0.281
585.564 0.261
585.861 0.297
586.168 0.307
595.324 1.334
595.922 0.598
599.075 3.153
599.977 0.902
601.688 1.711
602.548 0.86
603.399 0.851
604.218 0.819
604.959 0.741
605.678 0.719
606.329 0.651
607.285 0.956
608.134 0.849
608.601 0.467
608.961 0.36
609.793 0.832
610.679 0.886
611.565 0.886
612.347 0.782
612.67 0.323
613.312 0.642
614.17 0.858
614.977 0.807
615.803 0.826
616.676 0.873
617.541 0.865
618.329 0.788
619.067 0.738
620.635 1.568
621.492 0.857