0.000 0.688
0.688 0.688
1.356 0.668
2.023 0.667
2.682 0.659
3.357 0.675
4.076 0.719
4.831 0.755
5.652 0.821
6.476 0.824
7.295 0.819
8.064 0.769
8.849 0.785
9.614 0.765
10.369 0.755
11.108 0.739
11.826 0.718
12.549 0.723
13.242 0.693
13.905 0.663
14.558 0.653
15.199 0.641
15.843 0.644
16.512 0.669
17.337 0.825
18.137 0.8
18.971 0.834
19.819 0.848
20.601 0.782
21.378 0.777
22.141 0.763
22.894 0.753
23.679 0.785
24.528 0.849
25.339 0.811
26.132 0.793
26.962 0.83
27.837 0.875
28.696 0.859
29.622 0.926
30.53 0.908
31.409 0.879
32.306 0.897
33.194 0.888
34.04 0.846
34.909 0.869
40.999 0.852
41.867 0.868
42.712 0.845
43.607 0.895
44.472 0.865
45.335 0.863
46.182 0.847
47.001 0.819
47.827 0.826
48.626 0.799
49.451 0.825
50.314 0.863
51.155 0.841
52.027 0.872
52.888 0.861
53.742 0.854
54.582 0.84
55.454 0.872
56.243 0.789
57.035 0.792
57.837 0.802
58.629 0.792
59.442 0.813
60.253 0.811
61.03 0.777
61.796 0.766
62.547 0.751
63.287 0.74
64.04 0.753
64.817 0.777
65.57 0.753
66.292 0.722
67.03 0.738
67.807 0.777
68.684 0.877
69.488 0.804
70.275 0.787
71.065 0.79
71.884 0.819
72.784 0.9
73.667 0.883
74.477 0.81
75.277 0.8
76.079 0.802
76.893 0.814
77.697 0.804
78.543 0.846
79.422 0.879
80.306 0.884
81.156 0.85
81.965 0.809
82.771 0.806
83.561 0.79
84.337 0.776
85.101 0.764
85.859 0.758
86.62 0.761
87.382 0.762
88.139 0.757
88.927 0.788
89.74 0.813
90.567 0.827
91.388 0.821
92.17 0.782
92.961 0.791
93.739 0.778
94.532 0.793
95.359 0.827
96.176 0.817
97.083 0.907
97.974 0.891
98.899 0.925
99.812 0.913
100.734 0.922
101.609 0.875
102.128 0.519
102.426 0.298
102.797 0.371
103.322 0.525
104.026 0.704
104.846 0.82
105.664 0.818
106.497 0.833
107.297 0.8
108.043 0.746
108.811 0.768
109.628 0.817
110.504 0.876
111.425 0.921
112.316 0.891
113.189 0.873
114.029 0.84
114.847 0.818
115.651 0.804
116.427 0.776
117.186 0.759
117.956 0.77
118.72 0.764
119.537 0.817
120.402 0.865
121.314 0.912
122.341 1.027
123.363 1.022
124.289 0.926
125.178 0.889
126.044 0.866
126.897 0.853
127.747 0.85
128.572 0.825
129.345 0.773
130.123 0.778
130.889 0.766
131.649 0.76
132.428 0.779
133.247 0.819
134.163 0.916
135.107 0.944
136.051 0.944
136.998 0.947
137.906 0.908
138.782 0.876
139.617 0.835
140.427 0.81
141.245 0.818
142.078 0.833
142.926 0.848
143.791 0.865
144.659 0.868
145.508 0.849
146.347 0.839
147.163 0.816
147.983 0.82
148.784 0.801
149.574 0.79
150.36 0.786
151.164 0.804
151.969 0.805
152.751 0.782
153.543 0.792
154.336 0.793
155.14 0.804
155.942 0.802
156.774 0.832
157.608 0.834
158.46 0.852
159.302 0.842
160.117 0.815
160.935 0.818
161.726 0.791
162.523 0.797
163.321 0.798
164.091 0.77
164.879 0.788
165.652 0.773
166.438 0.786
167.209 0.771
167.934 0.725
168.663 0.729
169.412 0.749
170.224 0.812
171.044 0.82
171.869 0.825
172.692 0.823
173.503 0.811
174.305 0.802
175.071 0.766
175.853 0.782
176.636 0.783
177.405 0.769
178.196 0.791
178.994 0.798
179.796 0.802
180.614 0.818
181.396 0.782
182.186 0.79
182.969 0.783
183.719 0.75
184.463 0.744
185.207 0.744
185.968 0.761
186.765 0.797
187.605 0.84
188.447 0.842
189.315 0.868
190.194 0.879
191.047 0.853
191.896 0.849
192.733 0.837
193.622 0.889
194.548 0.926
195.458 0.91
196.374 0.916
197.322 0.948
198.258 0.936
199.233 0.975
200.177 0.944
201.013 0.836
201.837 0.824
202.641 0.804
203.47 0.829
204.327 0.857
205.205 0.878
206.084 0.879
206.908 0.824
207.733 0.825
208.532 0.799
209.297 0.765
210.062 0.765
210.837 0.775
211.587 0.75
212.364 0.777
213.135 0.771
213.904 0.769
214.735 0.831
215.624 0.889
216.508 0.884
217.388 0.88
218.24 0.852
219.106 0.866
219.945 0.839
220.771 0.826
221.615 0.844
222.447 0.832
223.29 0.843
224.146 0.856
224.998 0.852
225.866 0.868
226.725 0.859
227.603 0.878
228.498 0.895
229.401 0.903
230.334 0.933
231.254 0.92
232.149 0.895
232.998 0.849
233.827 0.829
234.606 0.779
235.406 0.8
236.23 0.824
237.059 0.829
237.953 0.894
238.877 0.924
239.742 0.865
240.597 0.855
241.401 0.804
242.218 0.817
243.011 0.793
243.783 0.772
244.557 0.774
245.348 0.791
246.144 0.796
246.955 0.811
247.794 0.839
248.622 0.828
249.402 0.78
250.13 0.728
250.828 0.698
251.509 0.681
252.192 0.683
252.906 0.714
253.814 0.908
254.773 0.959
255.749 0.976
256.762 1.013
257.762 1.0
258.776 1.014
259.779 1.003
260.726 0.947
261.648 0.922
262.546 0.898
263.418 0.872
264.308 0.89
265.191 0.883
266.042 0.851
266.902 0.86
267.799 0.897
268.731 0.932
269.685 0.954
270.665 0.98
271.653 0.988
272.64 0.987
273.628 0.988
274.59 0.962
275.532 0.942
276.46 0.928
277.332 0.872
278.206 0.874
279.053 0.847
279.862 0.809
280.67 0.808
281.481 0.811
282.241 0.76
283.003 0.762
283.789 0.786
284.555 0.766
285.265 0.71
285.974 0.709
286.668 0.694
287.374 0.706
288.126 0.752
288.941 0.815
289.78 0.839
290.629 0.849
291.53 0.901
292.433 0.903
293.367 0.934
294.303 0.936
295.215 0.912
296.114 0.899
296.957 0.843
297.794 0.837
298.633 0.839
299.463 0.83
300.276 0.813
301.091 0.815
301.894 0.803
302.695 0.801
303.481 0.786
304.281 0.8
305.027 0.746
305.742 0.715
306.503 0.761
307.332 0.829
308.172 0.84
309.065 0.893
309.946 0.881
310.829 0.883
311.696 0.867
312.527 0.831
313.351 0.824
314.137 0.786
314.936 0.799
315.705 0.769
316.458 0.753
317.217 0.759
317.971 0.754
318.727 0.756
319.533 0.806
320.354 0.821
321.197 0.843
322.032 0.835
322.815 0.783
323.596 0.781
324.365 0.769
325.164 0.799
325.999 0.835
326.873 0.874
327.732 0.859
328.605 0.873
329.473 0.868
330.36 0.887
331.267 0.907
332.183 0.916
333.128 0.945
334.044 0.916
334.941 0.897
335.816 0.875
336.64 0.824
337.481 0.841
338.315 0.834
339.123 0.808
339.941 0.818
340.777 0.836
341.652 0.875
342.514 0.862
343.405 0.891
344.29 0.885
345.163 0.873
346.063 0.9
346.959 0.896
347.841 0.882
348.666 0.825
349.477 0.811
350.264 0.787
351.021 0.757
351.797 0.776
352.571 0.774
353.348 0.777
354.106 0.758
354.831 0.725
355.538 0.707
356.218 0.68
356.881 0.663
357.538 0.657
358.207 0.669
358.89 0.683
359.591 0.701
360.303 0.712
361.042 0.739
361.803 0.761
362.565 0.762
363.327 0.762
364.092 0.765
364.872 0.78
365.649 0.777
366.435 0.786
367.21 0.775
368.021 0.811
368.821 0.8
369.595 0.774
370.413 0.818
371.245 0.832
372.107 0.862
373.023 0.916
373.95 0.927
374.843 0.893
375.713 0.87
376.572 0.859
377.398 0.826
378.217 0.819
379.049 0.832
379.906 0.857
380.766 0.86
381.611 0.845
382.468 0.857
383.311 0.843
384.163 0.852
385.02 0.857
385.885 0.865
386.728 0.843
387.517 0.789
388.306 0.789
389.097 0.791
389.897 0.8
390.715 0.818
391.542 0.827
392.369 0.827
393.178 0.809
393.965 0.787
394.748 0.783
395.491 0.743
396.222 0.731
396.96 0.738
397.738 0.778
398.514 0.776
399.236 0.722
399.962 0.726
400.732 0.77
401.619 0.887
402.559 0.94
403.485 0.926
404.384 0.899
405.278 0.894
406.151 0.873
407.003 0.852
407.789 0.786
408.537 0.748
409.304 0.767
410.105 0.801
411.018 0.913
411.908 0.89
412.839 0.931
413.813 0.974
414.773 0.96
415.721 0.948
416.625 0.904
417.504 0.879
418.363 0.859
419.194 0.831
419.998 0.804
420.789 0.791
421.554 0.765
422.328 0.774
423.135 0.807
423.994 0.859
424.893 0.899
425.811 0.918
426.708 0.897
427.582 0.874
428.439 0.857
429.276 0.837
430.08 0.804
430.9 0.82
431.682 0.782
432.508 0.826
433.362 0.854
434.223 0.861
435.038 0.815
435.818 0.78
436.562 0.744
437.292 0.73
438.033 0.741
438.793 0.76
439.571 0.778
440.357 0.786
441.128 0.771
441.919 0.791
442.706 0.787
443.544 0.838
444.407 0.863
445.256 0.849
446.048 0.792
446.854 0.806
447.662 0.808
448.468 0.806
449.291 0.823
450.125 0.834
450.948 0.823
451.785 0.837
452.626 0.841
453.455 0.829
454.304 0.849
455.157 0.853
455.985 0.828
456.834 0.849
457.671 0.837
458.507 0.836
459.314 0.807
460.096 0.782
460.86 0.764
461.618 0.758
462.35 0.732
463.094 0.744
463.847 0.753
464.564 0.717
465.296 0.732
466.032 0.736
466.781 0.749
467.551 0.77
468.409 0.858
469.359 0.95
470.26 0.901
471.126 0.866
472.002 0.876
472.873 0.871
473.734 0.861
474.588 0.854
475.447 0.859
476.259 0.812
477.072 0.813
477.867 0.795
478.702 0.835
479.549 0.847
480.455 0.906
481.399 0.944
482.377 0.978
483.26 0.883
484.072 0.812
484.904 0.832
485.746 0.842
486.594 0.848
487.457 0.863
488.323 0.866
489.167 0.844
490.004 0.837
490.855 0.851
491.707 0.852
492.568 0.861
493.447 0.879
494.332 0.885
495.246 0.914
496.176 0.93
497.083 0.907
497.995 0.912
498.898 0.903
499.803 0.905
500.685 0.882
501.543 0.858
502.377 0.834
503.2 0.823
504.043 0.843
504.895 0.852
505.734 0.839
506.574 0.84
507.437 0.863
508.328 0.891
509.155 0.827
509.981 0.826
510.793 0.812
511.568 0.775
512.338 0.77
513.076 0.738
513.797 0.721
514.506 0.709
515.188 0.682
515.873 0.685
516.558 0.685
517.248 0.69
517.97 0.722
518.718 0.748
519.481 0.763
520.281 0.8
521.119 0.838
521.951 0.832
522.786 0.835
523.597 0.811
524.376 0.779
525.15 0.774
525.896 0.746
526.629 0.733
527.355 0.726
528.08 0.725
528.821 0.741
529.551 0.73
530.297 0.746
531.079 0.782
531.941 0.862
532.834 0.893
533.717 0.883
534.593 0.876
535.451 0.858
536.274 0.823
537.08 0.806
537.837 0.757
538.583 0.746
539.314 0.731
540.055 0.741
540.831 0.776
541.607 0.776
542.376 0.769
543.134 0.758
543.909 0.775
544.7 0.791
545.491 0.791
546.24 0.749
546.953 0.713
547.661 0.708
548.374 0.713
549.094 0.72
549.833 0.739
550.572 0.739
551.297 0.725
552.004 0.707
552.698 0.694
553.381 0.683
554.047 0.666
554.715 0.668
555.373 0.658
556.02 0.647
556.658 0.638
557.287 0.629
557.905 0.618
558.516 0.611
559.139 0.623
559.792 0.653
560.485 0.693
561.177 0.692
561.836 0.659
562.5 0.664
563.168 0.668
563.848 0.68
564.527 0.679
565.188 0.661
565.845 0.657
566.515 0.67
567.2 0.685
567.905 0.705
568.682 0.777
569.478 0.796
570.26 0.782
571.022 0.762
571.741 0.719
572.423 0.682
573.086 0.663
573.737 0.651
574.385 0.648
575.04 0.655
575.692 0.652
576.345 0.653
576.998 0.653
577.653 0.655
578.326 0.673
579.039 0.713
579.736 0.697
580.44 0.704
581.167 0.727
581.961 0.794
582.868 0.907
583.741 0.873
584.61 0.869
585.44 0.83
586.261 0.821
587.041 0.78
587.783 0.742
588.486 0.703
589.168 0.682
589.837 0.669
590.494 0.657
591.154 0.66
591.822 0.668
592.525 0.703
593.267 0.742
594.052 0.785
594.843 0.791
595.58 0.737
596.307 0.727
597.031 0.724
597.766 0.735
598.499 0.733
599.303 0.804
600.198 0.895
601.136 0.938
602.036 0.9
602.957 0.921
603.86 0.903
604.76 0.9
605.627 0.867
606.473 0.846
607.321 0.848
608.131 0.81
608.958 0.827
609.843 0.885
610.777 0.934
611.703 0.926
612.581 0.878
613.433 0.852
614.296 0.863
615.145 0.849
615.981 0.836
616.831 0.85
617.671 0.84
618.528 0.857
619.371 0.843
620.179 0.808
621.013 0.834
621.86 0.847
622.666 0.806
623.471 0.805
624.262 0.791
625.065 0.803
625.831 0.766
626.613 0.782
627.395 0.782
628.178 0.783
629.001 0.823
629.854 0.853
630.65 0.796
631.445 0.795
632.195 0.75
632.955 0.76
633.734 0.779
634.501 0.767
635.278 0.777
636.073 0.795
636.843 0.77
637.62 0.777
638.404 0.784
639.164 0.76
639.933 0.769
640.712 0.779
641.543 0.831
642.399 0.856
643.264 0.865
644.121 0.857
645.012 0.891
645.902 0.89
646.745 0.843
647.588 0.843
648.41 0.822
649.189 0.779
649.951 0.762
650.712 0.761
651.496 0.784
652.331 0.835
653.175 0.844
654.035 0.86
654.845 0.81
655.658 0.813
656.436 0.778
657.179 0.743
657.911 0.732
658.61 0.699
659.308 0.698
660.028 0.72
660.77 0.742
661.505 0.735
662.26 0.755
663.049 0.789
663.824 0.775
664.601 0.777
665.359 0.758
666.136 0.777
666.973 0.837
667.82 0.847
668.675 0.855
669.547 0.872