0.000 0.795
0.795 0.795
1.58 0.785
2.342 0.762
3.106 0.764
3.832 0.726
4.565 0.733
5.301 0.736
6.031 0.73
6.788 0.757
7.559 0.771
8.349 0.79
9.156 0.807
9.961 0.805
10.766 0.805
11.598 0.832
12.436 0.838
13.254 0.818
14.026 0.772
14.754 0.728
15.224 0.47
15.575 0.351
16.155 0.58
16.815 0.66
17.474 0.659
17.852 0.378
18.108 0.256
18.389 0.281
18.779 0.39
19.163 0.384
19.47 0.307
20.208 0.738
20.978 0.77
21.766 0.788
22.522 0.756
23.254 0.732
23.982 0.728
24.696 0.714
25.417 0.721
26.115 0.698
26.842 0.727
27.601 0.759
28.398 0.797
29.238 0.84
30.096 0.858
30.969 0.873
31.817 0.848
32.669 0.852
33.466 0.797
34.266 0.8
35.052 0.786
35.808 0.756
36.574 0.766
37.379 0.805
38.158 0.779
38.975 0.817
39.81 0.835
40.671 0.861
41.507 0.836
42.369 0.862
43.232 0.863
44.082 0.85
44.922 0.84
45.733 0.811
46.576 0.843
47.395 0.819
48.195 0.8
48.988 0.793
49.771 0.783
50.571 0.8
51.369 0.798
52.187 0.818
52.963 0.776
53.694 0.731
54.416 0.722
55.133 0.717
55.861 0.728
56.584 0.723
57.301 0.717
58.057 0.756
58.838 0.781
59.657 0.819
60.468 0.811
61.275 0.807
62.08 0.805
62.861 0.781
63.661 0.8
64.447 0.786
65.275 0.828
66.061 0.786
66.81 0.749
67.548 0.738
68.267 0.719
68.981 0.714
69.664 0.683
70.332 0.668
70.963 0.631
71.579 0.616
72.198 0.619
72.821 0.623
73.454 0.633
74.102 0.648
74.743 0.641
75.379 0.636
76.008 0.629
76.624 0.616
77.228 0.604
77.826 0.598
78.421 0.595
79.027 0.606
79.665 0.638
80.409 0.744
81.237 0.828
82.075 0.838
82.912 0.837
83.75 0.838
84.583 0.833
85.376 0.793
86.17 0.794
86.958 0.788
87.75 0.792
88.554 0.804
89.345 0.791
90.151 0.806
90.945 0.794
91.74 0.795
92.542 0.802
93.335 0.793
94.103 0.768
94.892 0.789
95.669 0.777
96.441 0.772
97.23 0.789
98.04 0.81
98.843 0.803
99.687 0.844
100.547 0.86
101.363 0.816
102.193 0.83
102.998 0.805
103.76 0.762
104.533 0.773
105.286 0.753
106.056 0.77
106.827 0.771
107.582 0.755
108.367 0.785
109.145 0.778
109.964 0.819
110.797 0.833
111.628 0.831
112.48 0.852
113.298 0.818
114.111 0.813
114.888 0.777
115.636 0.748
116.392 0.756
117.131 0.739
117.852 0.721
118.582 0.73
119.308 0.726
120.049 0.741
120.821 0.772
121.595 0.774
122.36 0.765
123.136 0.776
123.9 0.764
124.682 0.782
125.467 0.785
126.226 0.759
126.953 0.727
127.637 0.684
128.31 0.673
128.996 0.686
129.692 0.696
130.418 0.726
131.157 0.739
131.908 0.751
132.665 0.757
133.447 0.782
134.248 0.801
135.075 0.827
135.898 0.823
136.692 0.794
137.473 0.781
138.195 0.722
138.878 0.683
139.529 0.651
140.171 0.642
140.835 0.664
141.577 0.742
142.472 0.895
143.363 0.891
144.241 0.878
145.115 0.874
145.956 0.841
146.763 0.807
147.53 0.767
148.292 0.762
149.052 0.76
149.802 0.75
150.536 0.734
151.272 0.736
152.028 0.756
152.815 0.787
153.639 0.824
154.436 0.797
155.241 0.805
156.015 0.774
156.759 0.744
157.432 0.673
158.092 0.66
158.744 0.652
159.42 0.676
160.133 0.713
160.852 0.719
161.573 0.721
162.306 0.733
163.009 0.703
163.703 0.694
164.409 0.706
165.15 0.741
165.887 0.737
166.641 0.754
167.41 0.769
168.196 0.786
168.981 0.785
169.798 0.817
170.62 0.822
171.47 0.85
172.301 0.831
173.124 0.823
173.938 0.814
174.726 0.788
175.486 0.76
176.255 0.769
177.033 0.778
177.822 0.789
178.641 0.819
179.45 0.809
180.241 0.791
181.019 0.778
181.791 0.772
182.552 0.761
183.308 0.756
184.064 0.756
184.82 0.756
185.594 0.774
186.383 0.789
187.179 0.796
187.956 0.777
188.735 0.779
189.505 0.77
190.268 0.763
191.058 0.79
191.868 0.81
192.673 0.805
193.494 0.821
194.344 0.85
195.191 0.847
196.012 0.821
196.832 0.82
197.66 0.828
198.483 0.823
199.286 0.803
200.1 0.814
200.926 0.826
201.77 0.844
202.605 0.835
203.457 0.852
204.282 0.825
205.1 0.818
205.913 0.813
206.712 0.799
207.52 0.808
208.339 0.819
209.136 0.797
209.949 0.813
210.762 0.813
211.557 0.795
212.356 0.799
213.157 0.801
213.917 0.76
214.67 0.753
215.428 0.758
216.178 0.75
216.925 0.747
217.698 0.773
218.474 0.776
219.239 0.765
220.023 0.784
220.816 0.793
221.603 0.787
222.398 0.795
223.15 0.752
223.894 0.744
224.599 0.705
225.281 0.682
225.962 0.681
226.599 0.637
227.226 0.627
227.843 0.617
228.444 0.601
229.049 0.605
229.644 0.595
230.231 0.587
230.813 0.582
231.392 0.579
231.974 0.582
232.563 0.589
233.167 0.604
233.788 0.621
234.431 0.643
235.106 0.675
235.831 0.725
236.55 0.719
237.254 0.704
237.99 0.736
238.762 0.772
239.575 0.813
240.374 0.799
241.135 0.761
241.904 0.769
242.671 0.767
243.422 0.751
244.181 0.759
244.963 0.782
245.769 0.806
246.573 0.804
247.381 0.808
248.16 0.779
248.95 0.79
249.72 0.77
250.472 0.752
251.222 0.75
251.992 0.77
252.798 0.806
253.593 0.795
254.392 0.799
255.167 0.775
255.97 0.803
256.787 0.817
257.566 0.779
258.354 0.788
259.14 0.786
259.902 0.762
260.687 0.785
261.492 0.805
262.314 0.822
263.117 0.803
263.94 0.823
264.759 0.819
265.549 0.79
266.356 0.807
267.133 0.777
267.901 0.768
268.701 0.8
269.54 0.839
270.38 0.84
271.25 0.87
272.134 0.884
272.98 0.846
273.821 0.841
274.61 0.789
275.346 0.736
276.066 0.72
276.768 0.702
277.45 0.682
278.149 0.699
278.901 0.752
279.686 0.785
280.507 0.821
281.308 0.801
282.166 0.858
283.021 0.855
283.866 0.845
284.7 0.834
285.509 0.809
286.259 0.75
286.983 0.724
287.697 0.714
288.371 0.674
289.018 0.647
289.666 0.648
290.362 0.696
291.093 0.731
291.889 0.796
292.712 0.823
293.546 0.834
294.386 0.84
295.205 0.819
295.994 0.789
296.764 0.77
297.514 0.75
298.269 0.755
299.053 0.784
299.859 0.806
300.676 0.817
301.52 0.844
302.326 0.806
303.082 0.756
303.835 0.753
304.576 0.741
305.284 0.708
305.972 0.688
306.655 0.683
307.351 0.696
308.053 0.702
308.806 0.753
309.566 0.76
310.335 0.769
311.136 0.801
311.928 0.792
312.674 0.746
313.411 0.737
314.125 0.714
314.826 0.701
315.537 0.711
316.264 0.727
317.045 0.781
317.789 0.744
318.552 0.763
319.329 0.777
320.098 0.769
320.865 0.767
321.65 0.785
322.421 0.771
323.186 0.765
323.973 0.787
324.776 0.803
325.554 0.778
326.363 0.809
327.18 0.817
327.989 0.809
328.754 0.765
329.536 0.782
330.307 0.771
331.078 0.771
331.887 0.809
332.725 0.838
333.565 0.84
334.427 0.862
335.306 0.879
336.145 0.839
336.953 0.808
337.733 0.78
338.478 0.745
339.205 0.727
339.938 0.733
340.68 0.742
341.441 0.761
342.235 0.794
343.04 0.805
343.826 0.786
344.645 0.819
345.424 0.779
346.218 0.794
347.014 0.796
347.81 0.796
348.638 0.828
349.471 0.833
350.282 0.811
351.061 0.779
351.797 0.736
352.54 0.743
353.289 0.749
354.078 0.789
354.852 0.774
355.634 0.782
356.383 0.749
357.135 0.752
357.881 0.746
358.619 0.738
359.386 0.767
360.155 0.769
360.917 0.762
361.667 0.75
362.389 0.722
363.119 0.73
363.86 0.741
364.608 0.748
365.387 0.779
366.218 0.831
367.058 0.84
367.918 0.86
368.762 0.844
369.579 0.817
370.378 0.799
371.121 0.743
371.875 0.754
372.642 0.767
373.41 0.768
374.188 0.778
375.021 0.833
375.869 0.848
376.709 0.84
377.581 0.872
378.462 0.881
379.336 0.874
380.22 0.884
381.067 0.847
381.896 0.829
382.699 0.803
383.458 0.759
384.232 0.774
385.008 0.776
385.793 0.785
386.588 0.795
387.389 0.801
388.231 0.842
389.111 0.88
389.963 0.852
390.841 0.878
391.7 0.859
392.582 0.882
393.406 0.824
394.235 0.829
395.031 0.796
395.836 0.805
396.652 0.816
397.444 0.792
398.207 0.763
398.941 0.734
399.659 0.718
400.359 0.7
401.048 0.689
401.739 0.691
402.429 0.69
403.124 0.695
403.818 0.694
404.522 0.704
405.246 0.724
405.974 0.728
406.723 0.749
407.508 0.785
408.364 0.856
409.214 0.85
410.062 0.848
410.896 0.834
411.183 0.287
411.688 0.505
412.455 0.767
413.232 0.777
414.003 0.771
414.77 0.767
415.541 0.771
416.339 0.798
417.174 0.835
418.023 0.849
418.882 0.859
419.725 0.843
420.554 0.829
421.364 0.81
422.132 0.768
422.888 0.756
423.612 0.724
424.309 0.697
424.985 0.676
425.615 0.63
426.232 0.617
426.84 0.608
427.444 0.604
428.067 0.623
428.71 0.643
429.349 0.639
429.99 0.641
430.638 0.648
431.302 0.664
431.985 0.683
432.668 0.683
433.362 0.694
434.073 0.711
434.78 0.707
435.523 0.743
436.277 0.754
437.009 0.732
437.759 0.75
438.496 0.737
439.222 0.726
439.948 0.726
440.636 0.688
441.294 0.658
441.971 0.677
442.707 0.736
443.498 0.791
444.274 0.776
445.05 0.776
445.859 0.809
446.653 0.794
447.441 0.788
448.242 0.801
449.03 0.788
449.804 0.774
450.559 0.755
451.345 0.786
452.137 0.792
452.93 0.793
453.744 0.814
454.522 0.778
455.305 0.783
456.086 0.781
456.841 0.755
457.594 0.753
458.349 0.755
459.096 0.747
459.861 0.765
460.632 0.771
461.398 0.766
462.175 0.777
462.923 0.748
463.706 0.783
464.485 0.779
465.262 0.777
466.056 0.794
466.847 0.791
467.647 0.8
468.445 0.798
469.218 0.773
469.986 0.768
470.727 0.741
471.439 0.712
472.165 0.726
472.904 0.739
473.641 0.737
474.422 0.781
475.213 0.791
476.007 0.794
476.806 0.799
477.575 0.769
478.36 0.785
479.133 0.773
479.896 0.763
480.667 0.771
481.423 0.756
482.206 0.783
482.986 0.78
483.754 0.768
484.509 0.755
485.271 0.762
486.034 0.763
486.777 0.743
487.541 0.764
488.308 0.767
489.07 0.762
489.868 0.798
490.656 0.788
491.448 0.792
492.196 0.748
492.946 0.75
493.676 0.73
494.398 0.722
495.134 0.736
495.88 0.746
496.674 0.794
497.456 0.782
498.25 0.794
498.988 0.738
499.732 0.744
500.468 0.736
501.182 0.714
501.895 0.713
502.585 0.69
503.261 0.676
503.918 0.657
504.577 0.659
505.193 0.616
505.796 0.603
506.384 0.588
506.967 0.583
507.548 0.581
508.133 0.585
508.718 0.585
509.321 0.603
509.97 0.649
510.702 0.732
511.408 0.706
512.129 0.721
512.832 0.703
513.526 0.694
514.219 0.693
514.907 0.688
515.595 0.688
516.31 0.715
517.067 0.757
517.82 0.753
518.594 0.774
519.387 0.793
520.186 0.799
521.001 0.815
521.824 0.823
522.621 0.797
523.426 0.805
524.223 0.797
525.027 0.804
525.836 0.809
526.633 0.797
527.415 0.782
528.167 0.752
528.922 0.755
529.658 0.736
530.379 0.721
531.125 0.746
531.877 0.752
532.643 0.766
533.421 0.778
534.203 0.782
534.981 0.778
535.78 0.799
536.569 0.789
537.376 0.807
538.177 0.801
538.962 0.785
539.746 0.784
540.528 0.782
541.316 0.788
542.129 0.813
542.931 0.802
543.695 0.764
544.462 0.767
545.214 0.752
545.933 0.719
546.648 0.715
547.348 0.7
548.079 0.731
548.8 0.721
549.546 0.746
550.286 0.74
551.01 0.724
551.723 0.713
552.414 0.691
553.092 0.678
553.76 0.668
554.414 0.654
555.063 0.649
555.703 0.64
556.338 0.635
556.975 0.637
557.619 0.644
558.293 0.674
558.979 0.686
559.702 0.723
560.442 0.74
561.18 0.738
561.9 0.72
562.618 0.718
563.324 0.706
564.008 0.684
564.674 0.666
565.316 0.642
565.95 0.634
566.581 0.631
567.217 0.636
567.875 0.658
568.564 0.689
569.299 0.735
570.022 0.723
570.747 0.725
571.469 0.722
572.195 0.726
572.892 0.697
573.566 0.674
574.21 0.644
574.832 0.622
575.442 0.61
576.04 0.598
576.624 0.584
577.221 0.597
577.893 0.672
578.675 0.782
579.479 0.804
580.276 0.797
581.077 0.801
581.885 0.808
582.686 0.801
583.461 0.775
584.24 0.779
584.989 0.749
585.706 0.717
586.433 0.727
587.171 0.738
587.923 0.752
588.701 0.778
589.484 0.783
590.263 0.779
591.036 0.773
591.828 0.792
592.604 0.776
593.356 0.752
594.143 0.787
594.909 0.766
595.68 0.771
596.441 0.761
597.182 0.741
597.906 0.724
598.622 0.716
599.335 0.713