0.000 0.746
0.746 0.746
1.487 0.741
2.23 0.743
2.969 0.739
3.688 0.719
4.418 0.73
5.171 0.753
5.935 0.764
6.63 0.695
7.229 0.599
7.936 0.707
8.57 0.634
9.214 0.644
9.891 0.677
10.727 0.836
11.466 0.739
12.189 0.723
12.9 0.711
13.641 0.741
14.403 0.762
15.163 0.76
15.917 0.754
16.636 0.719
17.325 0.689
18.004 0.679
18.662 0.658
19.307 0.645
19.922 0.615
20.458 0.536
21.045 0.587
21.68 0.635
22.258 0.578
22.846 0.588
23.498 0.652
24.312 0.814
25.064 0.752
25.844 0.78
26.646 0.802
27.46 0.814
28.276 0.816
29.093 0.817
29.893 0.8
30.658 0.765
31.404 0.746
32.144 0.74
32.881 0.737
33.614 0.733
34.338 0.724
35.055 0.717
35.727 0.672
36.397 0.67
37.103 0.706
37.884 0.781
38.702 0.818
39.468 0.766
40.247 0.779
41.034 0.787
41.814 0.78
42.589 0.775
43.347 0.758
44.091 0.744
44.833 0.742
45.572 0.739
46.291 0.719
47.001 0.71
47.701 0.7
48.035 0.334
48.402 0.367
49.056 0.654
49.716 0.66
50.359 0.643
51.011 0.652
51.59 0.579
52.295 0.705
52.939 0.644
53.605 0.666
54.229 0.624
54.895 0.666
55.631 0.736
56.316 0.685
56.98 0.664
57.63 0.65
58.214 0.584
58.841 0.627
59.458 0.617
60.137 0.679
60.77 0.633
61.465 0.695
62.351 0.886
63.143 0.792
63.869 0.726
64.737 0.868
65.558 0.821
66.352 0.794
67.116 0.764
67.857 0.741
68.536 0.679
69.254 0.718
69.96 0.706
70.653 0.693
71.343 0.69
72.099 0.756
72.817 0.718
73.538 0.721
74.211 0.673
74.932 0.721
75.74 0.808
76.51 0.77
77.24 0.73
78.101 0.861
78.888 0.787
79.605 0.717
80.347 0.742
81.059 0.712
81.772 0.713
82.407 0.635
83.062 0.655
83.819 0.757
84.59 0.771
85.356 0.766
86.131 0.775
86.926 0.795
87.731 0.805
88.515 0.784
89.274 0.759
89.992 0.718
90.633 0.641
91.316 0.683
91.949 0.633
92.654 0.705
93.495 0.841
94.27 0.775
95.078 0.808
95.847 0.769
96.673 0.826
97.491 0.818
98.265 0.774
99.0 0.735
99.708 0.708
100.338 0.63
101.015 0.677
101.641 0.626
102.337 0.696
103.154 0.817
103.856 0.702
104.624 0.768
105.405 0.781
106.198 0.793
106.98 0.782
107.731 0.751
108.449 0.718
109.152 0.703
109.783 0.631
110.428 0.645
111.187 0.759
111.96 0.773
112.638 0.678
113.382 0.744
114.144 0.762
114.911 0.767
115.676 0.765
116.419 0.743
117.17 0.751
117.813 0.643
118.46 0.647
119.143 0.683
119.93 0.787
120.581 0.651
121.285 0.704
122.007 0.722
122.746 0.739
123.499 0.753
124.257 0.758
125.023 0.766
125.788 0.765
126.54 0.752
127.284 0.744
128.016 0.732
128.746 0.73
129.475 0.729
130.202 0.727
130.872 0.67
131.584 0.712
132.224 0.64
132.851 0.627
133.471 0.62
134.125 0.654
134.848 0.723
135.651 0.803
136.401 0.75
137.277 0.876
138.051 0.774
138.758 0.707
139.478 0.72
140.253 0.775
140.98 0.727
141.665 0.685
142.405 0.74
143.126 0.721
143.843 0.717
144.571 0.728
145.299 0.728
146.027 0.728
146.766 0.739
147.511 0.745
148.307 0.796
149.043 0.736
149.728 0.685
150.458 0.73
151.193 0.735
151.934 0.741
152.728 0.794
153.424 0.696
154.087 0.663
154.82 0.733
155.529 0.709
156.209 0.68
156.878 0.669
157.605 0.727
158.292 0.687
159.011 0.719
159.712 0.701
160.486 0.774
161.267 0.781
162.019 0.752
162.714 0.695
163.375 0.661
164.022 0.647
164.719 0.697
165.367 0.648
166.059 0.692
166.778 0.719
167.547 0.769
168.295 0.748
169.046 0.751
169.864 0.818
170.628 0.764
171.347 0.719
172.11 0.763
172.856 0.746
173.539 0.683
174.21 0.671
174.928 0.718
175.541 0.613
176.282 0.741
176.997 0.715
177.681 0.684
178.384 0.703
179.062 0.678
179.742 0.68
180.423 0.681
181.092 0.669
181.752 0.66
182.408 0.656
183.127 0.719
183.816 0.689
184.533 0.717
185.445 0.912
186.168 0.723
186.941 0.773
187.71 0.769
188.468 0.758
189.218 0.75
189.955 0.737
190.672 0.717
191.375 0.703
192.071 0.696
192.767 0.696
193.48 0.713
194.204 0.724
194.941 0.737
195.677 0.736
196.431 0.754
197.173 0.742
197.981 0.808
198.617 0.636
199.302 0.685
199.97 0.668
200.717 0.747
201.39 0.673
202.104 0.714
202.807 0.703
203.513 0.706
204.208 0.695
204.91 0.702
205.627 0.717
206.345 0.718
207.071 0.726
207.776 0.705
208.454 0.678
209.206 0.752
209.878 0.672
210.568 0.69
211.263 0.695
212.028 0.765
212.758 0.73
213.476 0.718
214.164 0.688
214.822 0.658
215.462 0.64
216.093 0.631
216.719 0.626
217.366 0.647
218.091 0.725
218.839 0.748
219.621 0.782
220.384 0.763
221.165 0.781
221.972 0.807
222.803 0.831
223.618 0.815
224.392 0.774
225.137 0.745
225.871 0.734
226.586 0.715
227.283 0.697
227.977 0.694
228.666 0.689
229.344 0.678
230.021 0.677
230.707 0.686
231.408 0.701
232.127 0.719
232.862 0.735
233.614 0.752
234.381 0.767
235.16 0.779
235.94 0.78
236.681 0.741
237.361 0.68
238.056 0.695
238.811 0.755
239.669 0.858
240.559 0.89
241.393 0.834
242.211 0.818
243.037 0.826
243.837 0.8
244.614 0.777
245.371 0.757
246.109 0.738
246.839 0.73
247.557 0.718
248.301 0.744
249.215 0.914
250.04 0.825
250.881 0.841
251.728 0.847
252.552 0.824
253.366 0.814
254.145 0.779
254.841 0.696
255.542 0.701
256.319 0.777
257.185 0.866
257.971 0.786
258.764 0.793
259.582 0.818
260.391 0.809
261.184 0.793
261.969 0.785
262.729 0.76
263.462 0.733
264.188 0.726
264.909 0.721
265.605 0.696
266.319 0.714
267.132 0.813
267.918 0.786
268.726 0.808
269.55 0.824
270.398 0.848
271.254 0.856
272.107 0.853
272.937 0.83
273.743 0.806
274.535 0.792
275.312 0.777
276.076 0.764
276.839 0.763
277.582 0.743
278.326 0.744
279.068 0.742
279.807 0.739
280.542 0.735
281.247 0.705
281.908 0.661
282.597 0.689
283.392 0.795
284.242 0.85
285.051 0.809
285.886 0.835
286.727 0.841
287.557 0.83
288.348 0.791
289.026 0.678
289.744 0.718
290.393 0.649
291.037 0.644
291.943 0.906
292.658 0.715
293.445 0.787
294.264 0.819
295.096 0.832
295.928 0.832
296.761 0.833
297.561 0.8
298.341 0.78
299.107 0.766
299.868 0.761
300.634 0.766
301.411 0.777
302.196 0.785
302.997 0.801
303.803 0.806
304.605 0.802
305.412 0.807
306.21 0.798
307.003 0.793
307.772 0.769
308.521 0.749
309.254 0.733
309.988 0.734
310.73 0.742
311.436 0.706
312.178 0.742
313.008 0.83
313.802 0.794
314.613 0.811
315.462 0.849
316.339 0.877
317.218 0.879
318.046 0.828
318.82 0.774
319.556 0.736
320.274 0.718
320.947 0.673
321.665 0.718
322.47 0.805
323.237 0.767
324.031 0.794
324.836 0.805
325.66 0.824
326.495 0.835
327.316 0.821
328.105 0.789
328.868 0.763
329.62 0.752
330.362 0.742
331.097 0.735
331.85 0.753
332.614 0.764
333.378 0.764
334.147 0.769
334.905 0.758
335.668 0.763
336.438 0.77
337.21 0.772
337.978 0.768
338.737 0.759
339.494 0.757
340.24 0.746
340.981 0.741
341.722 0.741
342.466 0.744
343.217 0.751
343.967 0.75
344.714 0.747
345.464 0.75
346.205 0.741
346.944 0.739
347.659 0.715
348.338 0.679
348.998 0.66
349.768 0.77
350.495 0.727
351.235 0.74
352.054 0.819
352.838 0.784
353.645 0.807
354.414 0.769
355.297 0.883
356.049 0.752
356.845 0.796
357.449 0.604
358.072 0.623
358.674 0.602
359.333 0.659
359.923 0.59
360.506 0.583
361.09 0.584
361.682 0.592
362.286 0.604
362.823 0.537
363.473 0.65
364.081 0.608
364.691 0.61
365.252 0.561
365.939 0.687
366.594 0.655
367.245 0.651
367.904 0.659
368.566 0.662
369.226 0.66
369.837 0.611
370.487 0.65
371.205 0.718
371.862 0.657
372.523 0.661
373.181 0.658
373.855 0.674
374.506 0.651
375.173 0.667
375.84 0.667
376.516 0.676
377.141 0.625
377.857 0.716
378.521 0.664
379.194 0.673
379.877 0.683
380.479 0.602
381.115 0.636
381.748 0.633
382.374 0.626
383.058 0.684
383.689 0.631
384.348 0.659
385.053 0.705
385.815 0.762
386.538 0.723
387.252 0.714
387.923 0.671
388.591 0.668
389.302 0.711
389.941 0.639
390.594 0.653
391.299 0.705
392.035 0.736
392.804 0.769
393.607 0.803
394.365 0.758
395.075 0.71
395.765 0.69
396.442 0.677
397.129 0.687
397.823 0.694
398.49 0.667
399.151 0.661
399.841 0.69
400.613 0.772
401.391 0.778
402.131 0.74
402.837 0.706
403.552 0.715
404.288 0.736
405.075 0.787
405.917 0.842
406.825 0.908
407.71 0.885
408.487 0.777
409.225 0.738
409.932 0.707
410.632 0.7
411.36 0.728
412.138 0.778
413.011 0.873
413.988 0.977
414.891 0.903
415.778 0.887
416.65 0.872
417.501 0.851
418.329 0.828
419.091 0.762
419.837 0.746
420.63 0.793
421.509 0.879
422.399 0.89
423.22 0.821
424.031 0.811
424.759 0.728
425.465 0.706
426.192 0.727
426.962 0.77
427.865 0.903
428.831 0.966
429.715 0.884
430.579 0.864
431.429 0.85
432.281 0.852
433.155 0.874
434.033 0.878
434.925 0.892
435.804 0.879
436.672 0.868
437.515 0.843
438.329 0.814
439.138 0.809
439.935 0.797
440.729 0.794
441.526 0.797
442.34 0.814
443.173 0.833
444.007 0.834
444.876 0.869
445.764 0.888
446.681 0.917
447.631 0.95
448.47 0.839
449.402 0.932
450.226 0.824
451.021 0.795
451.785 0.764
452.559 0.774
453.325 0.766
454.105 0.78
454.888 0.783
455.685 0.797
456.497 0.812
457.319 0.822
458.152 0.833
458.969 0.817
459.767 0.798
460.549 0.782
461.319 0.77
462.035 0.716
462.869 0.834
463.654 0.785
464.428 0.774
465.247 0.819
466.087 0.84
466.927 0.84
467.773 0.846
468.623 0.85
469.438 0.815
470.232 0.794
471.024 0.792
471.801 0.777
472.567 0.766
473.335 0.768
474.102 0.767
474.874 0.772
475.652 0.778
476.388 0.736
477.174 0.786
478.087 0.913
479.053 0.966
479.943 0.89
480.818 0.875
481.589 0.771
482.357 0.768
483.095 0.738
483.755 0.66
484.419 0.664
485.124 0.705
486.029 0.905
486.912 0.883
487.792 0.88
488.733 0.941
489.67 0.937
490.561 0.891
491.337 0.776
492.023 0.686
492.696 0.673
493.368 0.672
494.075 0.707
494.92 0.845
495.796 0.876
496.586 0.79
497.371 0.785
498.12 0.749
498.883 0.763
499.575 0.692
500.273 0.698
501.025 0.752
501.899 0.874
502.808 0.909
503.632 0.824
504.439 0.807
505.242 0.803
506.037 0.795
506.763 0.726
507.453 0.69
508.168 0.715
508.973 0.805
509.936 0.963
510.773 0.837
511.63 0.857
512.481 0.851
513.319 0.838
514.15 0.831
514.919 0.769
515.629 0.71
516.359 0.73
517.221 0.862
517.996 0.775
518.774 0.778
519.575 0.801
520.386 0.811
521.202 0.816
522.015 0.813
522.826 0.811
523.541 0.715
524.272 0.731
525.092 0.82
526.038 0.946
526.896 0.858
527.729 0.833
528.572 0.843
529.397 0.825
530.206 0.809
530.992 0.786
531.719 0.727
532.495 0.776
533.361 0.866
534.184 0.823
535.007 0.823
535.845 0.838
536.704 0.859
537.575 0.871
538.436 0.861
539.28 0.844
540.07 0.79
540.831 0.761
541.583 0.752
542.335 0.752
543.081 0.746
543.828 0.747
544.588 0.76
545.357 0.769
546.141 0.784
546.938 0.797
547.752 0.814
548.586 0.834
549.423 0.837
550.257 0.834
551.068 0.811
551.866 0.798
552.66 0.794
553.456 0.796
554.257 0.801
555.072 0.815
555.897 0.825
556.726 0.829
557.562 0.836
558.398 0.836
559.23 0.832
560.031 0.801
560.801 0.77
561.556 0.755
562.315 0.759
563.076 0.761
563.846 0.77
564.631 0.785
565.433 0.802
566.257 0.824
567.079 0.822
567.869 0.79
568.565 0.696
569.265 0.7
569.988 0.723
570.82 0.832
571.8 0.98
572.659 0.859
573.482 0.823
574.258 0.776
574.996 0.738
575.729 0.733
576.482 0.753
577.378 0.896
578.19 0.812
579.011 0.821
579.855 0.844
580.709 0.854
581.577 0.868
582.441 0.864
583.268 0.827
584.05 0.782
584.813 0.763
585.559 0.746
586.306 0.747
587.049 0.743
587.787 0.738
588.528 0.741
589.269 0.741
590.007 0.738
590.745 0.738
591.486 0.741
592.226 0.74
592.965 0.739
593.696 0.731
594.431 0.735
595.167 0.736
595.901 0.734
596.644 0.743
597.396 0.752
598.158 0.762
598.933 0.775
599.699 0.766
600.471 0.772
601.216 0.745
601.943 0.727
602.663 0.72
603.388 0.725
604.114 0.726
604.849 0.735
605.59 0.741