0.000 0.731
0.731 0.731
1.525 0.794
2.246 0.721
3.003 0.757
3.747 0.744
4.448 0.701
5.23 0.782
5.966 0.736
6.635 0.669
7.289 0.654
7.939 0.65
8.567 0.628
9.175 0.608
9.784 0.609
10.42 0.636
11.067 0.647
11.701 0.634
12.382 0.681
13.074 0.692
13.711 0.637
14.369 0.658
15.065 0.696
15.745 0.68
16.43 0.685
17.131 0.701
17.82 0.689
18.475 0.655
19.274 0.799
20.231 0.957
21.058 0.827
21.866 0.808
22.662 0.796
23.376 0.714
24.074 0.698
24.795 0.721
25.701 0.906
26.56 0.859
27.568 1.008
28.56 0.992
29.437 0.877
30.231 0.794
31.071 0.84
31.948 0.877
32.772 0.824
33.677 0.905
34.598 0.921
35.427 0.829
36.305 0.878
37.085 0.78
37.812 0.727
38.518 0.706
39.214 0.696
39.997 0.783
41.035 1.038
41.968 0.933
42.974 1.006
43.911 0.937
44.735 0.824
45.467 0.732
46.194 0.727
46.955 0.761
47.792 0.837
48.586 0.794
49.525 0.939
50.475 0.95
51.408 0.933
52.298 0.89
53.17 0.872
53.994 0.824
54.785 0.791
55.577 0.792
56.416 0.839
57.298 0.882
58.113 0.815
58.944 0.831
59.724 0.78
60.531 0.807
61.352 0.821
62.178 0.826
63.037 0.859
63.881 0.844
64.651 0.77
65.388 0.737
66.154 0.766
66.956 0.802
67.794 0.838
68.573 0.779
69.502 0.929
70.473 0.971
71.443 0.97
72.363 0.92
73.207 0.844
74.043 0.836
74.863 0.82
75.682 0.819
76.435 0.753
77.219 0.784
78.04 0.821
78.843 0.803
79.545 0.702
80.265 0.72
81.004 0.739
81.723 0.719
82.498 0.775
83.572 1.074
84.492 0.92
85.396 0.904
86.204 0.808
86.968 0.764
87.725 0.757
88.453 0.728
89.205 0.752
89.883 0.678
90.559 0.676
91.256 0.697
91.984 0.728
92.665 0.681
93.391 0.726
94.197 0.806
95.078 0.881
95.952 0.874
96.837 0.885
97.608 0.771
98.418 0.81
99.136 0.718
99.861 0.725
100.594 0.733
101.429 0.835
102.341 0.912
103.207 0.866
104.051 0.844
104.892 0.841
105.61 0.718
106.338 0.728
107.067 0.729
107.782 0.715
108.589 0.807
109.463 0.874
110.451 0.988
111.424 0.973
112.389 0.965
113.182 0.793
113.979 0.797
114.707 0.728
115.43 0.723
116.189 0.759
117.03 0.841
117.813 0.783
118.56 0.747
119.247 0.687
119.889 0.642
120.533 0.644
121.189 0.656
121.921 0.732
122.714 0.793
123.451 0.737
124.213 0.762
125.063 0.85
125.88 0.817
126.627 0.747
127.353 0.726
128.028 0.675
128.719 0.691
129.412 0.693
130.129 0.717
130.858 0.729
131.581 0.723
132.279 0.698
133.128 0.849
134.006 0.878
134.819 0.813
135.593 0.774
136.357 0.764
137.16 0.803
137.994 0.834
138.78 0.786
139.536 0.756
140.29 0.754
141.021 0.731
141.725 0.704
142.481 0.756
143.225 0.744
143.958 0.733
144.701 0.743
145.397 0.696
146.154 0.757
146.938 0.784
147.655 0.717
148.331 0.676
148.99 0.659
149.631 0.641
150.25 0.619
150.88 0.63
151.506 0.626
152.128 0.622
152.769 0.641
153.413 0.644
154.06 0.647
154.75 0.69
155.446 0.696
156.097 0.651
156.788 0.691
157.466 0.678
158.13 0.664
158.793 0.663
159.48 0.687
160.191 0.711
160.907 0.716
161.577 0.67
162.241 0.664
162.914 0.673
163.639 0.725
164.423 0.784
165.228 0.805
166.048 0.82
166.88 0.832
167.74 0.86
168.564 0.824
169.324 0.76
170.055 0.731
170.756 0.701
171.451 0.695
172.172 0.721
172.93 0.758
173.619 0.689
174.351 0.732
175.076 0.725
175.94 0.864
176.761 0.821
177.484 0.723
178.218 0.734
178.964 0.746
179.733 0.769
180.467 0.734
181.216 0.749
181.954 0.738
182.664 0.71
183.362 0.698
184.08 0.718
184.881 0.801
185.716 0.835
186.56 0.844
187.397 0.837
188.193 0.796
188.942 0.749
189.716 0.774
190.436 0.72
191.16 0.724
191.88 0.72
192.624 0.744
193.325 0.701
194.062 0.737
195.091 1.029
195.939 0.848
196.769 0.83
197.545 0.776
198.35 0.805
199.17 0.82
199.942 0.772
200.718 0.776
201.511 0.793
202.239 0.728
202.923 0.684
203.617 0.694
204.304 0.687
204.992 0.688
205.913 0.921
206.826 0.913
207.629 0.803
208.396 0.767
209.165 0.769
209.967 0.802
210.748 0.781
211.507 0.759
212.228 0.721
213.005 0.777
213.837 0.832
214.678 0.841
215.58 0.902
216.434 0.854
217.292 0.858
218.08 0.788
218.912 0.832
219.775 0.863
220.569 0.794
221.332 0.763
222.022 0.69
222.711 0.689
223.411 0.7
224.1 0.689
224.779 0.679
225.513 0.734
226.28 0.767
227.0 0.72
227.774 0.774
228.679 0.905
229.597 0.918
230.415 0.818
231.214 0.799
232.029 0.815
232.806 0.777
233.566 0.76
234.328 0.762
235.035 0.707
235.743 0.708
236.541 0.798
237.389 0.848
238.235 0.846
239.038 0.803
239.77 0.732
240.496 0.726
241.235 0.739
242.08 0.845
243.035 0.955
243.924 0.889
244.751 0.827
245.561 0.81
246.343 0.782
247.242 0.899
248.099 0.857
248.893 0.794
249.693 0.8
250.496 0.803
251.32 0.824
252.065 0.745
252.846 0.781
253.619 0.773
254.373 0.754
255.096 0.723
255.811 0.715
256.536 0.725
257.323 0.787
258.175 0.852
258.954 0.779
259.897 0.943
260.874 0.977
261.741 0.867
262.535 0.794
263.357 0.822
264.124 0.767
264.874 0.75
265.625 0.751
266.364 0.739
267.107 0.743
267.879 0.772
268.625 0.746
269.372 0.747
270.084 0.712
270.797 0.713
271.516 0.719
272.252 0.736
273.04 0.788
273.844 0.804
274.675 0.831
275.538 0.863
276.409 0.871
277.245 0.836
278.052 0.807
278.807 0.755
279.629 0.822
280.493 0.864
281.406 0.913
282.302 0.896
283.208 0.906
284.133 0.925
284.928 0.795
285.691 0.763
286.453 0.762
287.261 0.808
288.031 0.77
288.862 0.831
289.831 0.969
290.8 0.969
291.692 0.892
292.53 0.838
293.259 0.729
293.938 0.679
294.634 0.696
295.379 0.745
296.075 0.696
296.836 0.761
297.612 0.776
298.415 0.803
299.299 0.884
300.205 0.906
300.933 0.728
301.658 0.725
302.352 0.694
303.006 0.654
303.683 0.677
304.385 0.702
305.143 0.758
305.868 0.725
306.552 0.684
307.241 0.689
307.938 0.697
308.645 0.707
309.299 0.654
309.997 0.698
310.647 0.65
311.277 0.63
311.942 0.665
312.662 0.72
313.628 0.966
314.555 0.927
315.368 0.813
316.217 0.849
317.013 0.796
317.725 0.712
318.395 0.67
319.036 0.641
319.704 0.668
320.415 0.711
321.185 0.77
321.97 0.785
322.771 0.801
323.55 0.779
324.232 0.682
324.895 0.663
325.59 0.695
326.319 0.729
327.043 0.724
327.857 0.814
328.713 0.856
329.622 0.909
330.495 0.873
331.38 0.885
332.275 0.895
333.131 0.856
334.059 0.928
334.966 0.907
335.766 0.8
336.513 0.747
337.245 0.732
337.953 0.708
338.772 0.819
339.547 0.775
340.443 0.896
341.277 0.834
342.093 0.816
342.976 0.883
343.81 0.834
344.648 0.838
345.564 0.916
346.449 0.885
347.369 0.92
348.199 0.83
348.982 0.783
349.748 0.766
350.52 0.772
351.397 0.877
352.219 0.822
352.995 0.776
353.793 0.798
354.641 0.848
355.52 0.879
356.491 0.971
357.46 0.969
358.428 0.968
359.411 0.983
360.319 0.908
361.23 0.911
362.191 0.961
363.055 0.864
363.908 0.853
364.778 0.87
365.58 0.802
365.875 0.295
366.239 0.364
367.022 0.783
367.784 0.762
368.888 1.104
369.816 0.928
370.68 0.864
371.522 0.842
372.334 0.812
373.101 0.767
373.854 0.753
374.549 0.695
375.258 0.709
376.013 0.755
376.862 0.849
377.672 0.81
378.481 0.809
379.247 0.766
379.975 0.728
380.671 0.696
381.37 0.699
382.065 0.695
382.82 0.755
383.783 0.963
384.765 0.982
385.668 0.903
386.608 0.94
387.527 0.919
388.335 0.808
389.098 0.763
389.866 0.768
390.658 0.792
391.449 0.791
392.283 0.834
393.1 0.817
393.892 0.792
394.744 0.852
395.593 0.849
396.402 0.809
397.178 0.776
397.872 0.694
398.6 0.728
399.328 0.728
400.051 0.723
400.89 0.839
401.647 0.757
402.363 0.716
403.077 0.714
403.768 0.691
404.464 0.696
405.151 0.687
405.824 0.673
406.481 0.657
407.142 0.661
407.838 0.696
408.699 0.861
409.574 0.875
410.413 0.839
411.198 0.785
411.951 0.753
412.729 0.778
413.462 0.733
414.146 0.684
414.424 0.278
414.748 0.324
415.558 0.81
417.044 1.486
417.846 0.802
418.705 0.859
419.374 0.669
420.121 0.747
420.878 0.757
421.628 0.75
422.44 0.812
423.298 0.858
424.111 0.813
425.032 0.921
425.91 0.878
426.287 0.377
426.621 0.334
427.181 0.56
428.11 0.929
428.878 0.768
429.693 0.815
430.524 0.831
431.307 0.783
432.018 0.711
432.688 0.67
433.371 0.683
434.084 0.713
434.844 0.76
435.602 0.758
436.312 0.71
436.985 0.673
437.69 0.705
438.436 0.746
439.16 0.724
439.931 0.771
440.718 0.787
441.526 0.808
442.252 0.726
442.998 0.746
443.753 0.755
444.535 0.782
445.353 0.818
446.207 0.854
447.02 0.813
447.755 0.735
448.491 0.736
449.24 0.749
450.175 0.935
451.058 0.883
451.99 0.932
452.915 0.925
453.725 0.81
454.489 0.764
455.254 0.765
456.086 0.832
456.933 0.847
457.83 0.897
458.615 0.785
459.378 0.763
460.135 0.757
460.832 0.697
461.555 0.723
462.245 0.69
462.972 0.727
463.784 0.812
464.636 0.852
465.394 0.758
466.15 0.756
466.868 0.718
467.576 0.708
468.398 0.822
469.265 0.867
470.041 0.776
470.718 0.677
471.404 0.686
472.088 0.684
472.809 0.721
473.564 0.755
474.286 0.722
475.007 0.721
475.726 0.719
476.489 0.763
477.293 0.804
478.241 0.948
479.139 0.898
479.957 0.818
480.738 0.781
481.568 0.83
482.41 0.842
483.237 0.827
483.966 0.729
484.653 0.687
485.35 0.697
486.036 0.686
486.808 0.772
487.583 0.775
488.362 0.779
489.188 0.826
490.027 0.839
490.845 0.818
491.669 0.824
492.428 0.759
493.199 0.771
493.929 0.73
494.678 0.749
495.435 0.757
496.201 0.766
496.915 0.714
497.637 0.722
498.466 0.829
499.343 0.877
500.321 0.978
501.197 0.876
502.032 0.835
502.815 0.783
503.555 0.74
504.296 0.741
505.077 0.781
505.907 0.83
506.741 0.834
507.524 0.783
508.295 0.771
509.058 0.763
509.783 0.725
510.52 0.737
511.26 0.74
511.983 0.723
512.769 0.786
513.745 0.976
514.533 0.788
515.307 0.774
516.066 0.759
516.869 0.803
517.579 0.71
518.277 0.698
518.979 0.702
519.778 0.799
520.726 0.948
521.743 1.017
522.671 0.928
523.533 0.862
524.307 0.774
524.997 0.69
525.636 0.639
526.267 0.631
526.897 0.63
527.572 0.675
528.355 0.783
529.141 0.786
529.998 0.857
530.834 0.836
531.623 0.789
532.464 0.841
533.401 0.937
534.314 0.913
535.093 0.779
535.846 0.753
536.573 0.727
537.306 0.733
537.986 0.68
538.623 0.637
539.251 0.628
539.871 0.62
540.501 0.63
541.167 0.666
542.026 0.859
543.044 1.018
543.916 0.872
544.689 0.773
545.392 0.703
546.087 0.695
546.784 0.697
547.617 0.833
548.48 0.863
549.362 0.882
550.191 0.829
551.041 0.85
551.884 0.843
552.659 0.775
553.487 0.828
554.422 0.935
555.305 0.883
556.182 0.877
557.026 0.844
557.761 0.735
558.465 0.704
559.166 0.701
559.875 0.709
560.617 0.742
561.385 0.768
562.158 0.773
562.951 0.793
563.686 0.735
564.425 0.739
565.137 0.712
565.852 0.715
566.603 0.751
567.482 0.879
568.387 0.905
569.239 0.852
570.021 0.782
570.749 0.728
571.417 0.668
572.071 0.654
572.744 0.673
573.448 0.704
574.164 0.716
574.917 0.753
575.807 0.89
576.689 0.882
577.643 0.954
578.518 0.875
579.409 0.891
580.296 0.887
581.171 0.875
582.041 0.87
582.825 0.784
583.516 0.691
584.172 0.656
584.828 0.656
585.47 0.642
586.178 0.708
586.959 0.781
587.86 0.901
588.584 0.724
589.305 0.721
590.44 1.135
591.447 1.007
592.349 0.902
593.219 0.87
594.053 0.834
594.858 0.805
595.656 0.798
596.384 0.728
597.133 0.749
597.957 0.824
598.954 0.997
599.809 0.855