0.000 6.999
6.999 6.999
8.812 1.813
11.211 2.399
12.437 1.226
14.633 2.196
15.276 0.643
15.719 0.443
16.022 0.303
16.679 0.657
17.003 0.324
17.816 0.813
18.085 0.269
18.961 0.876
19.517 0.556
28.757 0.758
29.555 0.798
30.401 0.846
31.233 0.832
32.071 0.838
32.973 0.902
33.901 0.928
34.696 0.795
35.554 0.858
36.491 0.937
37.289 0.798
38.013 0.724
38.756 0.743
39.592 0.836
40.836 1.244
42.047 1.211
43.067 1.02
43.933 0.866
44.86 0.927
45.823 0.963
46.723 0.9
47.568 0.845
48.47 0.902
49.441 0.971
50.285 0.844
51.186 0.901
52.128 0.942
53.027 0.899
53.974 0.947
54.916 0.942
55.886 0.97
56.913 1.027
57.943 1.03
58.832 0.889
59.911 1.079
61.023 1.112
62.055 1.032
62.946 0.891
63.81 0.864
64.634 0.824
65.498 0.864
66.458 0.96
67.612 1.154
68.862 1.25
70.023 1.161
71.005 0.982
72.059 1.054
73.138 1.079
74.008 0.87
74.917 0.909
75.854 0.937
76.812 0.958
77.766 0.954
78.757 0.991
79.642 0.885
80.562 0.92
81.566 1.004
82.637 1.071
83.587 0.95
84.397 0.81
85.187 0.79
85.984 0.797
86.824 0.84
87.954 1.13
89.107 1.153
90.211 1.104
91.276 1.065
92.308 1.032
93.319 1.011
94.295 0.976
95.232 0.937
96.17 0.938
97.095 0.925
97.983 0.888
98.859 0.876
99.744 0.885
100.599 0.855
101.421 0.822
102.226 0.805
103.009 0.783
103.821 0.812
104.663 0.842
105.443 0.78
106.198 0.755
106.943 0.745
107.672 0.729
108.43 0.758
109.687 1.257
110.991 1.304
112.133 1.142
112.996 0.863
113.809 0.813
115.056 1.247
116.159 1.103
117.264 1.105
118.285 1.021
119.227 0.942
120.147 0.92
121.038 0.891
121.916 0.878
122.795 0.879
123.719 0.924
124.663 0.944
125.614 0.951
126.537 0.923
127.322 0.785
128.077 0.755
128.891 0.814
130.173 1.282
131.401 1.228
132.317 0.916
133.175 0.858
134.26 1.085
135.444 1.184
136.308 0.864
137.209 0.901
138.281 1.072
139.332 1.051
140.429 1.097
141.619 1.19
142.726 1.107
143.739 1.013
144.74 1.001
145.692 0.952
146.589 0.897
147.394 0.805
148.236 0.842
149.066 0.83
149.903 0.837
150.744 0.841
151.613 0.869
152.45 0.837
153.24 0.79
154.105 0.865
155.01 0.905
155.942 0.932
156.818 0.876
157.73 0.912
158.653 0.923
159.589 0.936
160.46 0.871
161.366 0.906
162.411 1.045
163.407 0.996
164.37 0.963
165.419 1.049
166.466 1.047
167.348 0.882
168.206 0.858
169.139 0.933
170.124 0.985
171.051 0.927
172.053 1.002
173.042 0.989
173.885 0.843
174.774 0.889
175.775 1.001
176.743 0.968
177.63 0.887
178.581 0.951
179.557 0.976
180.491 0.934
181.323 0.832
182.23 0.907
183.177 0.947
184.157 0.98
185.109 0.952
186.054 0.945
187.011 0.957
187.986 0.975
188.965 0.979
190.055 1.09
191.085 1.03
192.026 0.941
192.909 0.883
193.851 0.942
194.818 0.967
195.797 0.979
196.762 0.965
197.826 1.064
198.895 1.069
199.86 0.965
200.831 0.971
201.742 0.911
202.656 0.914
203.724 1.068
204.836 1.112
205.842 1.006
206.728 0.886
207.57 0.842
208.423 0.853
209.299 0.876
210.184 0.885
211.074 0.89
211.891 0.817
212.681 0.79
213.513 0.832
214.415 0.902
215.34 0.925
216.201 0.861
217.056 0.855
217.9 0.844
218.81 0.91
219.765 0.955
220.743 0.978
221.663 0.92
222.595 0.932
223.514 0.919
224.33 0.816
225.174 0.844
226.031 0.857
226.937 0.906
227.789 0.852
228.646 0.857
229.527 0.881
230.386 0.859
231.246 0.86
232.11 0.864
233.03 0.92
233.996 0.966
234.937 0.941
235.81 0.873
236.714 0.904
237.7 0.986
238.625 0.925
239.51 0.885
240.383 0.873
241.191 0.808
242.023 0.832
242.91 0.887
243.815 0.905
244.749 0.934
245.714 0.965
246.643 0.929
247.513 0.87
248.331 0.818
249.152 0.821
250.033 0.881
250.828 0.795
251.658 0.83
252.467 0.809
253.387 0.92
254.284 0.897
255.111 0.827
255.96 0.849
256.761 0.801
257.523 0.762
258.238 0.715
258.98 0.742
259.878 0.898
260.939 1.061
262.033 1.094
263.002 0.969
263.992 0.99
264.914 0.922
265.71 0.796
266.516 0.806
267.324 0.808
268.181 0.857
269.083 0.902
269.898 0.815
270.745 0.847
271.72 0.975
272.797 1.077
273.72 0.923
274.53 0.81
275.369 0.839
276.248 0.879
277.199 0.951
278.121 0.922
278.973 0.852
279.741 0.768
280.515 0.774
281.321 0.806
282.236 0.915
283.224 0.988
284.133 0.909
284.974 0.841
285.838 0.864
286.703 0.865
287.567 0.864
288.456 0.889
289.392 0.936
290.311 0.919
291.148 0.837
292.011 0.863
292.9 0.889
293.781 0.881
294.58 0.799
295.355 0.775
296.197 0.842
297.169 0.972
298.075 0.906
299.023 0.948
300.149 1.126
301.208 1.059
302.203 0.995
303.078 0.875
303.873 0.795
304.682 0.809
305.549 0.867
306.642 1.093
307.672 1.03
308.603 0.931
309.519 0.916
310.4 0.881
311.372 0.972
312.454 1.082
313.504 1.05
314.402 0.898
315.364 0.962
316.379 1.015
317.336 0.957
318.393 1.057
319.425 1.032
320.307 0.882
321.207 0.9
322.118 0.911
323.012 0.894
323.847 0.835
324.736 0.889
325.587 0.851
326.519 0.932
327.518 0.999
328.428 0.91
329.305 0.877
330.164 0.859
330.995 0.831
331.778 0.783
332.496 0.718
333.262 0.766
334.033 0.771
334.85 0.817
335.746 0.896
336.682 0.936
337.561 0.879
338.443 0.882
339.385 0.942
340.259 0.874
341.166 0.907
342.124 0.958
343.06 0.936
343.939 0.879
344.833 0.894
345.81 0.977
346.776 0.966
347.779 1.003
348.676 0.897
349.618 0.942
350.622 1.004
351.629 1.007
352.568 0.939
353.434 0.866
354.325 0.891
355.289 0.964
356.192 0.903
357.157 0.965
358.224 1.067
359.245 1.021
360.104 0.859
360.916 0.812
361.797 0.881
362.999 1.202
364.123 1.124
364.976 0.853
365.864 0.888
366.777 0.913
367.724 0.947
368.567 0.843
369.463 0.896
370.352 0.889
371.133 0.781
371.955 0.822
372.848 0.893
373.768 0.92
374.681 0.913
375.585 0.904
376.477 0.892
377.319 0.842
378.113 0.794
378.869 0.756
379.625 0.756
380.38 0.755
381.162 0.782
381.985 0.823
382.789 0.804
383.534 0.745
384.298 0.764
385.11 0.812
385.921 0.811
386.777 0.856
387.645 0.868
388.501 0.856
389.344 0.843
390.093 0.749
390.848 0.755
391.628 0.78
392.515 0.887
393.408 0.893
394.211 0.803
395.024 0.813
395.961 0.937
396.97 1.009
397.984 1.014
398.841 0.857
399.744 0.903
400.738 0.994
401.72 0.982
402.894 1.174
404.054 1.16
405.128 1.074
406.137 1.009
407.067 0.93
408.052 0.985
408.932 0.88
409.904 0.972
411.161 1.257
412.207 1.046
413.228 1.021
414.194 0.966
415.06 0.866
415.992 0.932
417.001 1.009
418.022 1.021
418.898 0.876
419.855 0.957
420.824 0.969
421.755 0.931
422.6 0.845
423.505 0.905
424.489 0.984
425.515 1.026
426.387 0.872
427.297 0.91
428.219 0.922
429.191 0.972
430.129 0.938
431.04 0.911
431.899 0.859
432.695 0.796
433.483 0.788
434.255 0.772
435.006 0.751
435.747 0.741
436.477 0.73
437.19 0.713
437.941 0.751
438.698 0.757
439.449 0.751
440.206 0.757
440.958 0.752
441.7 0.742
442.389 0.689
443.124 0.735
443.897 0.773
444.816 0.919
445.709 0.893
446.514 0.805
447.442 0.928
448.372 0.93
449.263 0.891
450.052 0.789
450.808 0.756
451.528 0.72
452.233 0.705
453.122 0.889
453.628 0.506
453.887 0.259
454.813 0.926
455.723 0.91
456.875 1.152
458.016 1.141
458.948 0.932
459.759 0.811
460.612 0.853
461.675 1.063
462.817 1.142
463.721 0.904
464.527 0.806
465.419 0.892
466.478 1.059
467.378 0.9
468.21 0.832
469.137 0.927
470.354 1.217
471.459 1.105
472.335 0.876
473.155 0.82
474.036 0.881
475.119 1.083
476.167 1.048
477.048 0.881
478.004 0.956
479.032 1.028
480.027 0.995
481.097 1.07
481.975 0.878
482.964 0.989
484.181 1.217
485.216 1.035
486.069 0.853
487.007 0.938
488.258 1.251
489.384 1.126
490.354 0.97
491.385 1.031
492.442 1.057
493.362 0.92
494.193 0.831
495.025 0.832
496.388 1.363
497.492 1.104
498.418 0.926
499.63 1.212
500.693 1.063
501.546 0.853
502.447 0.901
503.625 1.178
504.828 1.203
505.772 0.944
506.776 1.004
507.973 1.197
509.153 1.18
510.265 1.112
511.256 0.991
512.106 0.85
512.987 0.881
513.987 1.0
515.16 1.173
516.192 1.032
517.139 0.947
518.019 0.88
518.993 0.974
520.155 1.162
521.291 1.136
522.317 1.026
523.361 1.044
524.439 1.078
525.508 1.069
526.485 0.977
527.421 0.936
528.387 0.966
529.376 0.989
530.289 0.913
531.215 0.926
532.173 0.958
533.126 0.953
534.069 0.943
535.032 0.963
536.046 1.014
537.147 1.101
538.172 1.025
539.11 0.938
540.088 0.978
541.062 0.974
542.059 0.997
542.978 0.919
543.859 0.881
544.777 0.918
545.758 0.981
546.736 0.978
547.667 0.931
548.526 0.859
549.346 0.82
550.256 0.91
551.22 0.964
552.197 0.977
553.128 0.931
554.033 0.905
554.977 0.944
555.926 0.949
556.867 0.941
557.76 0.893
558.655 0.895
559.566 0.911
560.434 0.868
561.377 0.943
562.321 0.944
563.25 0.929
564.153 0.903
565.012 0.859
565.875 0.863
566.717 0.842
567.53 0.813
568.312 0.782
569.044 0.732
569.771 0.727
570.548 0.777
571.472 0.924
572.453 0.981
573.444 0.991
574.342 0.898
575.17 0.828
575.926 0.756
576.667 0.741
577.469 0.802
578.365 0.896
579.356 0.991
580.355 0.999
581.288 0.933
582.222 0.934
583.16 0.938
584.072 0.912
584.888 0.816
585.658 0.77
586.486 0.828
587.477 0.991
588.532 1.055
589.516 0.984
590.381 0.865
591.157 0.776
591.875 0.718
592.614 0.739
593.405 0.791
594.336 0.931
595.462 1.126
596.601 1.139
597.635 1.034
598.513 0.878
599.361 0.848
600.218 0.857
601.131 0.913
602.093 0.962
602.993 0.9
603.854 0.861
604.724 0.87
605.581 0.857
606.487 0.906
607.574 1.087
608.594 1.02