0.000 2.003
2.003 2.003
3.099 1.096
4.195 1.096
5.315 1.12
6.402 1.087
7.312 0.91
8.459 1.147
9.565 1.106
10.667 1.102
11.546 0.879
12.564 1.018
13.669 1.105
14.601 0.932
15.492 0.891
16.428 0.936
17.286 0.858
18.102 0.816
18.906 0.804
19.184 0.278
19.671 0.487
20.142 0.471
20.707 0.565
21.454 0.747
22.168 0.714
22.826 0.658
23.559 0.733
24.208 0.649
24.901 0.693
25.683 0.782
26.608 0.925
27.37 0.762
28.111 0.741
28.898 0.787
29.946 1.048
30.805 0.859
31.519 0.714
32.646 1.127
33.807 1.161
34.781 0.974
35.55 0.769
36.306 0.756
37.595 1.289
38.808 1.213
39.953 1.145
41.112 1.159
42.108 0.996
42.95 0.842
44.013 1.063
45.242 1.229
46.388 1.146
47.534 1.146
48.694 1.16
49.641 0.947
50.514 0.873
51.579 1.065
52.767 1.188
53.932 1.165
55.113 1.181
56.266 1.153
57.34 1.074
58.15 0.81
58.871 0.721
60.095 1.224
61.307 1.212
62.431 1.124
63.5 1.069
64.655 1.155
65.864 1.209
66.851 0.987
67.729 0.878
68.949 1.22
70.229 1.28
71.465 1.236
72.667 1.202
73.856 1.189
74.835 0.979
75.795 0.96
77.029 1.234
78.217 1.188
79.406 1.189
80.574 1.168
81.625 1.051
82.423 0.798
83.132 0.709
84.375 1.243
85.53 1.155
86.579 1.049
87.719 1.14
88.9 1.181
89.757 0.857
90.587 0.83
91.846 1.259
93.089 1.243
94.034 0.945
94.872 0.838
96.008 1.136
97.029 1.021
98.087 1.058
98.954 0.867
99.655 0.701
105.676 6.021
105.998 0.322
107.275 1.277
108.238 0.963
108.981 0.743
109.636 0.655
110.287 0.651
110.977 0.69
111.237 0.26
112.119 0.882
113.124 1.005
113.396 0.272
113.768 0.372
114.115 0.347
114.684 0.569
115.691 1.007
116.021 0.33
116.835 0.814
117.857 1.022
118.567 0.71
118.995 0.428
119.252 0.257
119.612 0.36
120.551 0.939
121.217 0.666
121.728 0.511
122.813 1.085
123.853 1.04
124.798 0.945
125.824 1.026
126.249 0.425
126.504 0.255
128.577 2.073
129.507 0.93
130.589 1.082
131.658 1.069
132.608 0.95
133.571 0.963
134.558 0.987
135.61 1.052
136.691 1.081
137.646 0.955
138.67 1.024
139.792 1.122
140.937 1.145
141.514 0.577
141.896 0.382
142.162 0.266
152.269 10.107
152.998 0.729
153.517 0.519
154.24 0.723
155.259 1.019
156.323 1.064
157.238 0.915
157.946 0.708
158.612 0.666
159.285 0.673
160.427 1.142
161.509 1.082
162.54 1.031
163.36 0.82
164.096 0.736
164.782 0.686
165.479 0.697
166.788 1.309
167.222 0.434
167.866 0.644
168.918 1.052
169.378 0.46
169.843 0.465
170.704 0.861
171.62 0.916
172.634 1.014
173.529 0.895
174.316 0.787
175.258 0.942
176.311 1.053
177.403 1.092
178.308 0.905
179.282 0.974
180.363 1.081
180.904 0.541
181.392 0.488
182.296 0.904
183.269 0.973
184.322 1.053
185.345 1.023
186.225 0.88
187.156 0.931
188.154 0.998
189.235 1.081
190.312 1.077
191.146 0.834
191.982 0.836
193.038 1.056
194.137 1.099
195.074 0.937
195.999 0.925
196.979 0.98
198.087 1.108
198.998 0.911
199.897 0.899
200.874 0.977
201.945 1.071
202.843 0.898
203.771 0.928
204.755 0.984
205.728 0.973
206.606 0.878
207.504 0.898
208.37 0.866
209.263 0.893
210.058 0.795
210.926 0.868
211.894 0.968
212.826 0.932
213.679 0.853
214.489 0.81
215.35 0.861
216.291 0.941
217.229 0.938
218.059 0.83
218.871 0.812
219.675 0.804
220.529 0.854
221.361 0.832
222.211 0.85
223.13 0.919
224.23 1.1
225.169 0.939
226.016 0.847
226.871 0.855
227.748 0.877
228.61 0.862
229.426 0.816
230.282 0.856
231.187 0.905
232.126 0.939
233.011 0.885
233.841 0.83
234.707 0.866
235.666 0.959
236.662 0.996
237.619 0.957
238.484 0.865
239.33 0.846
240.227 0.897
241.054 0.827
241.898 0.844
242.899 1.001
243.69 0.791
244.5 0.81
245.346 0.846
246.344 0.998
247.345 1.001
248.202 0.857
249.092 0.89
250.151 1.059
251.337 1.186
252.336 0.999
253.356 1.02
254.424 1.068
255.329 0.905
256.234 0.905
257.288 1.054
258.418 1.13
259.324 0.906
260.278 0.954
261.294 1.016
262.183 0.889
263.125 0.942
264.153 1.028
265.235 1.082
266.14 0.905
267.09 0.95
268.142 1.052
269.035 0.893
269.955 0.92
270.933 0.978
271.905 0.972
272.795 0.89
273.757 0.962
274.853 1.096
275.763 0.91
276.69 0.927
277.664 0.974
278.647 0.983
279.549 0.902
280.475 0.926
281.486 1.011
282.449 0.963
283.322 0.873
284.27 0.948
285.277 1.007
286.184 0.907
287.096 0.912
288.141 1.045
289.184 1.043
290.063 0.879
291.003 0.94
292.077 1.074
293.058 0.981
293.926 0.868
294.879 0.953
296.008 1.129
296.888 0.88
297.798 0.91
298.843 1.045
299.917 1.074
300.797 0.88
301.739 0.942
302.798 1.059
303.891 1.093
304.784 0.893
305.653 0.869
306.567 0.914
307.502 0.935
308.273 0.771
309.035 0.762
309.741 0.706
310.964 1.223
311.972 1.008
312.839 0.867
313.786 0.947
314.773 0.987
315.635 0.862
316.519 0.884
317.444 0.925
318.355 0.911
319.245 0.89
320.199 0.954
321.239 1.04
322.149 0.91
323.014 0.865
323.889 0.875
324.772 0.883
325.669 0.897
326.511 0.842
327.385 0.874
328.308 0.923
329.277 0.969
330.149 0.872
330.98 0.831
331.828 0.848
332.746 0.918
333.79 1.044
334.697 0.907
335.551 0.854
336.421 0.87
337.319 0.898
338.266 0.947
339.224 0.958
340.108 0.884
341.084 0.976
342.101 1.017
343.093 0.992
343.963 0.87
344.891 0.928
345.845 0.954
346.885 1.04
347.734 0.849
348.553 0.819
349.369 0.816
350.078 0.709
351.264 1.186
352.296 1.032
353.148 0.852
354.018 0.87
354.999 0.981
355.936 0.937
356.798 0.862
357.711 0.913
358.726 1.015
359.632 0.906
360.515 0.883
361.455 0.94
362.429 0.974
363.33 0.901
364.245 0.915
365.189 0.944
366.121 0.932
366.94 0.819
367.673 0.733
368.428 0.755
369.213 0.785
370.41 1.197
371.454 1.044
372.328 0.874
373.217 0.889
374.13 0.913
375.026 0.896
375.826 0.8
376.671 0.845
377.633 0.962
378.669 1.036
379.543 0.874
380.401 0.858
381.307 0.906
382.18 0.873
382.963 0.783
383.741 0.778
384.588 0.847
385.691 1.103
386.685 0.994
387.521 0.836
388.377 0.856
389.266 0.889
390.229 0.963
391.112 0.883
391.994 0.882
392.916 0.922
393.859 0.943
394.707 0.848
395.544 0.837
396.432 0.888
397.338 0.906
398.207 0.869
399.051 0.844
400.048 0.997
401.1 1.052
402.051 0.951
402.944 0.893
403.88 0.936
404.872 0.992
405.688 0.816
406.534 0.846
407.359 0.825
408.239 0.88
409.051 0.812
409.97 0.919
410.929 0.959
411.762 0.833
412.605 0.843
413.476 0.871
414.38 0.904
415.157 0.777
415.967 0.81
416.841 0.874
417.728 0.887
418.525 0.797
419.354 0.829
420.239 0.885
421.16 0.921
421.966 0.806
422.831 0.865
423.699 0.868
424.534 0.835
425.344 0.81
426.203 0.859
427.103 0.9
427.897 0.794
428.721 0.824
429.492 0.771
430.237 0.745
430.977 0.74
431.84 0.863
432.913 1.073
433.741 0.828
434.444 0.703
435.159 0.715
436.32 1.161
437.343 1.023
438.186 0.843
439.084 0.898
440.118 1.034
441.119 1.001
441.998 0.879
442.869 0.871
443.812 0.943
444.849 1.037
445.762 0.913
446.647 0.885
447.637 0.99
448.709 1.072
449.642 0.933
450.52 0.878
451.452 0.932
452.399 0.947
453.266 0.867
454.15 0.884
455.116 0.966
455.979 0.863
456.88 0.901
457.722 0.842
458.489 0.767
459.191 0.702
459.888 0.697
460.624 0.736
461.742 1.118
462.655 0.913
463.571 0.916
464.482 0.911
465.324 0.842
466.084 0.76
466.89 0.806
467.693 0.803
468.485 0.792
469.302 0.817
470.144 0.842
471.09 0.946
471.991 0.901
472.804 0.813
473.595 0.791
474.385 0.79
475.208 0.823
476.076 0.868
476.871 0.795
477.694 0.823
478.53 0.836
479.367 0.837
480.197 0.83
480.988 0.791
481.776 0.788
482.564 0.788
483.38 0.816
484.179 0.799
484.919 0.74
485.626 0.707
486.337 0.711
487.071 0.734
487.953 0.882
488.936 0.983
489.734 0.798
490.464 0.73
491.216 0.752
492.039 0.823
493.174 1.135
494.004 0.83
494.772 0.768
495.537 0.765
496.486 0.949
497.317 0.831
498.25 0.933
499.141 0.891
500.307 1.166
501.307 1.0
502.158 0.851
502.49 0.332
502.942 0.452
503.651 0.709
504.334 0.683
505.048 0.714
505.522 0.474
505.863 0.341
506.98 1.117
507.93 0.95
508.818 0.888
509.729 0.911
510.631 0.902
511.507 0.876
512.348 0.841
513.212 0.864
514.119 0.907
515.012 0.893
515.892 0.88
516.729 0.837
517.621 0.892
518.52 0.899
519.378 0.858
520.174 0.796
521.024 0.85
521.962 0.938
522.848 0.886
523.716 0.868
524.613 0.897
525.558 0.945
526.482 0.924
527.318 0.836
528.209 0.891
529.141 0.932
530.048 0.907
530.918 0.87
531.842 0.924
532.807 0.965
533.746 0.939
534.586 0.84
535.452 0.866
536.38 0.928
537.269 0.889
538.16 0.891
539.086 0.926
540.011 0.925
540.831 0.82
541.662 0.831
542.533 0.871
543.406 0.873
544.194 0.788
544.993 0.799
545.834 0.841
546.716 0.882
547.545 0.829
548.365 0.82
549.221 0.856
550.117 0.896
551.014 0.897
551.862 0.848
552.715 0.853
553.624 0.909
554.546 0.922
555.415 0.869
556.254 0.839
557.118 0.864
558.006 0.888
558.948 0.942
559.852 0.904
560.68 0.828
561.517 0.837
562.424 0.907
563.336 0.912
564.032 0.696
565.035 1.003
565.909 0.874
566.518 0.609
566.774 0.256
567.03 0.256
567.321 0.291
571.051 3.73
571.908 0.857
572.731 0.823
573.537 0.806
573.797 0.26
574.231 0.434
577.057 2.826
577.329 0.272
577.625 0.296
577.927 0.302
582.388 4.461
582.669 0.281
582.944 0.275
583.218 0.274
583.541 0.323
583.904 0.363
584.271 0.367
584.527 0.256
586.729 2.202
586.983 0.254
587.498 0.515
587.823 0.325
589.293 1.47
589.545 0.252
589.827 0.282
590.272 0.445
590.78 0.508
591.232 0.452
591.893 0.661
592.634 0.741
593.826 1.192
594.679 0.853
595.131 0.452
596.295 1.164
596.602 0.307
596.976 0.374
597.303 0.327
597.775 0.472
598.593 0.818
598.951 0.358
599.509 0.558
599.835 0.326
600.295 0.46
601.14 0.845
601.403 0.263
601.671 0.268
602.031 0.36
602.57 0.539
605.274 2.704
606.55 1.276
607.359 0.809
607.813 0.454
608.29 0.477
608.712 0.422
610.274 1.562
625.686 0.694
626.431 0.745
627.407 0.976
628.298 0.891
629.189 0.891
630.131 0.942
631.287 1.156
632.245 0.958
633.106 0.861
633.984 0.878