0.000 0.744
0.744 0.744
1.491 0.747
2.281 0.79
3.872 1.591
4.666 0.794
5.462 0.796
6.27 0.808
7.054 0.784
7.808 0.754
8.578 0.77
9.347 0.769
10.121 0.774
10.856 0.735
11.635 0.779
12.441 0.806
13.223 0.782
14.041 0.818
14.869 0.828
15.644 0.775
16.448 0.804
17.236 0.788
17.957 0.721
18.702 0.745
19.441 0.739
20.169 0.728
20.881 0.712
21.672 0.791
22.472 0.8
23.245 0.773
24.066 0.821
24.891 0.825
25.66 0.769
26.456 0.796
27.239 0.783
27.991 0.752
28.764 0.773
29.547 0.783
30.315 0.768
31.12 0.805
31.934 0.814
32.724 0.79
33.544 0.82
34.352 0.808
35.105 0.753
35.872 0.767
36.635 0.763
37.388 0.753
38.195 0.807
39.043 0.848
39.885 0.842
40.737 0.852
41.571 0.834
42.336 0.765
43.077 0.741
43.841 0.764
44.61 0.769
45.356 0.746
46.163 0.807
47.003 0.84
47.851 0.848
48.65 0.799
49.47 0.82
50.28 0.81
51.053 0.773
51.835 0.782
52.621 0.786
53.393 0.772
54.174 0.781
54.976 0.802
55.779 0.803
56.557 0.778
57.328 0.771
58.088 0.76
58.812 0.724
59.579 0.767
60.371 0.792
61.175 0.804
62.013 0.838
62.855 0.842
63.649 0.794
64.442 0.793
65.207 0.765
65.922 0.715
66.65 0.728
67.394 0.744
68.176 0.782
68.978 0.802
69.814 0.836
70.625 0.811
71.408 0.783
72.208 0.8
72.995 0.787
73.729 0.734
74.472 0.743
75.213 0.741
75.911 0.698
76.61 0.699
77.277 0.667
77.937 0.66
78.64 0.703
79.37 0.73
80.115 0.745
80.895 0.78
81.687 0.792
82.458 0.771
83.205 0.747
83.947 0.742
84.695 0.748
85.427 0.732
86.18 0.753
86.93 0.75
87.66 0.73
88.418 0.758
89.193 0.775
89.972 0.779
90.729 0.757
91.508 0.779
92.293 0.785
93.069 0.776
93.833 0.764
94.597 0.764
95.35 0.753
96.071 0.721
96.826 0.755
97.576 0.75
98.328 0.752
99.083 0.755
99.854 0.771
100.641 0.787
101.427 0.786
102.232 0.805
103.008 0.776
103.739 0.731
104.484 0.745
105.244 0.76
105.984 0.74
106.765 0.781
107.546 0.781
108.293 0.747
109.082 0.789
109.865 0.783
110.632 0.767
111.375 0.743
112.124 0.749
112.875 0.751
113.619 0.744
114.416 0.797
115.247 0.831
116.038 0.791
116.85 0.812
117.622 0.772
118.342 0.72
119.068 0.726
119.794 0.726
120.514 0.72
121.243 0.729
122.002 0.759
122.741 0.739
123.485 0.744
124.236 0.751
125.001 0.765
125.732 0.731
126.438 0.706
127.139 0.701
127.832 0.693
128.538 0.706
129.318 0.78
130.129 0.811
130.945 0.816
131.735 0.79
132.525 0.79
133.288 0.763
134.0 0.712
134.757 0.757
135.53 0.773
136.332 0.802
137.131 0.799
137.887 0.756
138.645 0.758
139.411 0.766
140.178 0.767
140.948 0.77
141.686 0.738
142.452 0.766
143.228 0.776
143.992 0.764
144.728 0.736
145.499 0.771
146.285 0.786
147.044 0.759
147.823 0.779
148.592 0.769
149.36 0.768
150.101 0.741
150.876 0.775
151.661 0.785
152.447 0.786
153.185 0.738
153.903 0.718
154.631 0.728
155.381 0.75
156.154 0.773
156.94 0.786
157.711 0.771
158.476 0.765
159.244 0.768
160.016 0.772
160.775 0.759
161.52 0.745
162.286 0.766
163.066 0.78
163.819 0.753
164.585 0.766
165.347 0.762
166.107 0.76
166.835 0.728
167.576 0.741
168.314 0.738
169.034 0.72
169.769 0.735
170.541 0.772
171.327 0.786
172.087 0.76
172.871 0.784
173.639 0.768
174.37 0.731
175.129 0.759
175.91 0.781
176.683 0.773
177.498 0.815
178.353 0.855
179.202 0.849
179.98 0.778
180.707 0.727
181.446 0.739
182.186 0.74
182.938 0.752
183.694 0.756
184.494 0.8
185.312 0.818
186.095 0.783
186.939 0.844
187.793 0.854
188.638 0.845
189.437 0.799
190.232 0.795
191.001 0.769
191.748 0.747
192.473 0.725
193.215 0.742
193.992 0.777
194.787 0.795
195.634 0.847
196.492 0.858
197.34 0.848
198.184 0.844
199.021 0.837
199.829 0.808
200.567 0.738
201.301 0.734
202.027 0.726
202.747 0.72
203.473 0.726
204.256 0.783
205.08 0.824
205.886 0.806
206.7 0.814
207.502 0.802
208.303 0.801
209.047 0.744
209.804 0.757
210.544 0.74
211.256 0.712
211.992 0.736
212.757 0.765
213.55 0.793
214.331 0.781
215.15 0.819
215.999 0.849
216.824 0.825
217.631 0.807
218.452 0.821
219.264 0.812
220.044 0.78
220.823 0.779
221.594 0.771
222.35 0.756
223.102 0.752
223.857 0.755
224.638 0.781
225.397 0.759
226.207 0.81
227.031 0.824
227.839 0.808
228.618 0.779
229.405 0.787
230.181 0.776
230.922 0.741
231.711 0.789
232.48 0.769
233.226 0.746
233.935 0.709
234.654 0.719
235.375 0.721
236.135 0.76
236.897 0.762
237.626 0.729
238.362 0.736
239.107 0.745
239.859 0.752
240.604 0.745
241.389 0.785
242.203 0.814
243.009 0.806
243.789 0.78
244.545 0.756
245.257 0.712
245.931 0.674
246.587 0.656
247.253 0.666
247.956 0.703
248.683 0.727
249.442 0.759
250.227 0.785
251.024 0.797
251.793 0.769
252.512 0.719
253.18 0.668
253.829 0.649
254.463 0.634
255.088 0.625
255.736 0.648
256.404 0.668
257.087 0.683
257.764 0.677
258.432 0.668
259.113 0.681
259.766 0.653
260.434 0.668
261.103 0.669
261.784 0.681
262.456 0.672
263.132 0.676
263.798 0.666
264.46 0.662
265.101 0.641
265.742 0.641
266.385 0.643
267.014 0.629
267.626 0.612
268.237 0.611
268.859 0.622
269.501 0.642
270.156 0.655
270.837 0.681
271.521 0.684
272.202 0.681
272.89 0.688
273.547 0.657
274.199 0.652
274.858 0.659
275.53 0.672
276.229 0.699
276.979 0.75
277.712 0.733
278.433 0.721
279.2 0.767
279.97 0.77
280.713 0.743
281.484 0.771
282.258 0.774
282.978 0.72
283.68 0.702
284.369 0.689
285.031 0.662
285.724 0.693
286.446 0.722
287.223 0.777
288.001 0.778
288.78 0.779
289.586 0.806
290.397 0.811
291.153 0.756
291.93 0.777
292.689 0.759
293.434 0.745
294.153 0.719
294.906 0.753
295.691 0.785
296.478 0.787
297.27 0.792
298.109 0.839
298.94 0.831
299.712 0.772
300.481 0.769
301.262 0.781
302.018 0.756
302.75 0.732
303.446 0.696
304.165 0.719
304.922 0.757
305.727 0.805
306.545 0.818
307.409 0.864
308.269 0.86
309.071 0.802
309.875 0.804
310.675 0.8
311.488 0.813
312.265 0.777
313.058 0.793
313.853 0.795
314.631 0.778
315.384 0.753
316.161 0.777
316.946 0.785
317.727 0.781
318.542 0.815
319.356 0.814
320.128 0.772
320.909 0.781
321.691 0.782
322.473 0.782
323.22 0.747
323.951 0.731
324.666 0.715
325.42 0.754
326.199 0.779
327.019 0.82
327.847 0.828
328.628 0.781
329.39 0.762
330.137 0.747
330.876 0.739
331.6 0.724
332.357 0.757
333.134 0.777
333.897 0.763
334.703 0.806
335.524 0.821
336.333 0.809
337.094 0.761
337.857 0.763
338.597 0.74
339.312 0.715
340.051 0.739
340.804 0.753
341.556 0.752
342.352 0.796
343.15 0.798
343.934 0.784
344.686 0.752
345.416 0.73
346.124 0.708
346.844 0.72
347.59 0.746
348.341 0.751
349.094 0.753
349.835 0.741
350.591 0.756
351.343 0.752
352.083 0.74
352.809 0.726
353.537 0.728
354.282 0.745
355.027 0.745
355.767 0.74
356.541 0.774
357.341 0.8
358.128 0.787
358.915 0.787
359.667 0.752
360.428 0.761
361.164 0.736
361.863 0.699
362.556 0.693
363.293 0.737
364.09 0.797
364.937 0.847
365.807 0.87
366.671 0.864
367.519 0.848
368.325 0.806
369.048 0.723
369.734 0.686
370.436 0.702
371.17 0.734
371.972 0.802
372.842 0.87
373.687 0.845
374.498 0.811
375.313 0.815
376.165 0.852
377.023 0.858
377.871 0.848
378.675 0.804
379.427 0.752
380.161 0.734
380.919 0.758
381.708 0.789
382.477 0.769
383.267 0.79
384.117 0.85
384.934 0.817
385.759 0.825
386.527 0.768
387.249 0.722
387.965 0.716
388.683 0.718
389.414 0.731
390.14 0.726
390.908 0.768
391.675 0.767
392.414 0.739
393.138 0.724
393.883 0.745
394.644 0.761
395.394 0.75
396.138 0.744
396.894 0.756
397.641 0.747
398.342 0.701
399.03 0.688
399.756 0.726
400.49 0.734
401.242 0.752
401.957 0.715
402.658 0.701
403.365 0.707
404.049 0.684
404.712 0.663
405.371 0.659
406.022 0.651
406.665 0.643
407.324 0.659
407.983 0.659
408.675 0.692
409.375 0.7
410.107 0.732
410.875 0.768
411.635 0.76
412.352 0.717
413.04 0.688
413.738 0.698
414.438 0.7
415.149 0.711
415.851 0.702
416.568 0.717
417.301 0.733
418.059 0.758
418.836 0.777
419.584 0.748
420.308 0.724
421.017 0.709
421.709 0.692
422.365 0.656
423.026 0.661
423.703 0.677
424.4 0.697
425.125 0.725
425.878 0.753
426.656 0.778
427.414 0.758
428.15 0.736
428.891 0.741
429.613 0.722
430.332 0.719
431.033 0.701
431.745 0.712
432.46 0.715
433.179 0.719
433.885 0.706
434.598 0.713
435.335 0.737
436.088 0.753
436.842 0.754
437.599 0.757
438.383 0.784
439.171 0.788
439.94 0.769
440.698 0.758
441.453 0.755
442.181 0.728
442.87 0.689
443.583 0.713
444.31 0.727
445.067 0.757
445.842 0.775
446.65 0.808
447.43 0.78
448.165 0.735
448.925 0.76
449.661 0.736
450.366 0.705
451.059 0.693
451.77 0.711
452.475 0.705
453.144 0.669
453.798 0.654
454.458 0.66
455.131 0.673
455.765 0.634
456.378 0.613
456.995 0.617
457.644 0.649
458.297 0.653
458.965 0.668
459.65 0.685
460.346 0.696
461.034 0.688
461.726 0.692
462.418 0.692
463.122 0.704
463.83 0.708
464.573 0.743
465.319 0.746
466.091 0.772
466.854 0.763
467.613 0.759
468.35 0.737
469.085 0.735
469.804 0.719
470.518 0.714
471.224 0.706
471.962 0.738
472.702 0.74
473.466 0.764
474.223 0.757
475.028 0.805
475.836 0.808
476.638 0.802
477.393 0.755
478.151 0.758
478.863 0.712
479.57 0.707
480.259 0.689
480.965 0.706
481.685 0.72
482.4 0.715
483.188 0.788
483.989 0.801
484.773 0.784
485.569 0.796
486.343 0.774
487.055 0.712
487.746 0.691
488.441 0.695
489.141 0.7
489.839 0.698
490.546 0.707
491.291 0.745
492.05 0.759
492.844 0.794
493.598 0.754
494.391 0.793
495.195 0.804
495.993 0.798
496.789 0.796
497.565 0.776
498.317 0.752
499.057 0.74
499.806 0.749
500.559 0.753
501.282 0.723
502.03 0.748
502.8 0.77
503.616 0.816
504.42 0.804
505.221 0.801
506.009 0.788
506.779 0.77
507.533 0.754
508.317 0.784
509.115 0.798
509.889 0.774
510.647 0.758
511.425 0.778
512.232 0.807
513.074 0.842
513.898 0.824
514.705 0.807
515.512 0.807
516.347 0.835
517.109 0.762
517.862 0.753
518.627 0.765
519.394 0.767
520.148 0.754
520.927 0.779
521.713 0.786
522.505 0.792
523.266 0.761
523.98 0.714
524.691 0.711
525.422 0.731
526.194 0.772
527.007 0.813
527.801 0.794
528.64 0.839
529.466 0.826
530.307 0.841
531.099 0.792
531.869 0.77
532.569 0.7
533.229 0.66
533.878 0.649
534.534 0.656
535.214 0.68
535.904 0.69
536.607 0.703
537.326 0.719
538.06 0.734
538.811 0.751
539.553 0.742
540.289 0.736
541.022 0.733
541.748 0.726
542.45 0.702
543.177 0.727
543.926 0.749
544.7 0.774
545.465 0.765
546.192 0.727
546.899 0.707
547.645 0.746
548.404 0.759
549.164 0.76
549.895 0.731
550.612 0.717
551.306 0.694
551.986 0.68
552.625 0.639
553.256 0.631
553.877 0.621
554.474 0.597
555.064 0.59
555.686 0.622
556.416 0.73
557.188 0.772
558.024 0.836
558.859 0.835
559.665 0.806
560.417 0.752
561.144 0.727
561.837 0.693
562.537 0.7
563.229 0.692
563.936 0.707
564.683 0.747
565.451 0.768
566.238 0.787
567.074 0.836
567.919 0.845
568.739 0.82
569.549 0.81
570.349 0.8
571.09 0.741
571.828 0.738
572.536 0.708
573.237 0.701
573.947 0.71
574.684 0.737
575.463 0.779
576.236 0.773
576.988 0.752
577.698 0.71
578.395 0.697
579.121 0.726
579.862 0.741
580.61 0.748
581.327 0.717
582.049 0.722
582.755 0.706
583.435 0.68
584.104 0.669
584.784 0.68
585.516 0.732
586.314 0.798
587.141 0.827
587.96 0.819
588.779 0.819
589.584 0.805
590.351 0.767
591.076 0.725
591.791 0.715
592.505 0.714
593.219 0.714
593.939 0.72
594.646 0.707
595.361 0.715
596.084 0.723
596.828 0.744
597.589 0.761
598.372 0.783
599.178 0.806
599.969 0.791
600.707 0.738
601.413 0.706