0.000 0.792
0.792 0.792
1.578 0.786
2.367 0.789
4.014 1.647
4.912 0.898
5.749 0.837
6.647 0.898
7.508 0.861
8.316 0.808
9.155 0.839
9.992 0.837
10.814 0.822
11.591 0.777
12.361 0.77
13.103 0.742
13.835 0.732
14.576 0.741
15.334 0.758
16.109 0.775
16.902 0.793
17.735 0.833
18.586 0.851
19.407 0.821
20.148 0.741
20.85 0.702
21.554 0.704
22.259 0.705
22.983 0.724
23.772 0.789
24.657 0.885
25.544 0.887
26.448 0.904
27.377 0.929
28.314 0.937
29.235 0.921
30.071 0.836
30.874 0.803
31.64 0.766
32.39 0.75
33.152 0.762
33.938 0.786
34.758 0.82
35.64 0.882
36.519 0.879
37.346 0.827
38.159 0.813
38.956 0.797
39.752 0.796
40.549 0.797
41.334 0.785
42.064 0.73
42.726 0.662
43.379 0.653
44.036 0.657
44.733 0.697
45.554 0.821
46.498 0.944
47.488 0.99
48.498 1.01
49.5 1.002
50.472 0.972
51.39 0.918
52.256 0.866
53.084 0.828
53.888 0.804
54.681 0.793
55.479 0.798
56.261 0.782
57.047 0.786
57.841 0.794
58.691 0.85
59.653 0.962
60.591 0.938
61.447 0.856
62.313 0.866
63.17 0.857
64.007 0.837
64.78 0.773
65.516 0.736
66.237 0.721
66.94 0.703
67.629 0.689
68.327 0.698
69.05 0.723
69.83 0.78
70.65 0.82
71.52 0.87
72.435 0.915
73.359 0.924
74.242 0.883
75.071 0.829
75.859 0.788
76.587 0.728
77.296 0.709
78.01 0.714
78.72 0.71
79.426 0.706
80.136 0.71
80.85 0.714
81.577 0.727
82.296 0.719
83.001 0.705
83.702 0.701
84.4 0.698
85.09 0.69
85.785 0.695
86.489 0.704
87.207 0.718
87.929 0.722
88.645 0.716
89.358 0.713
90.055 0.697
90.767 0.712
91.505 0.738
92.287 0.782
93.103 0.816
93.886 0.783
94.649 0.763
94.908 0.259
95.402 0.494
96.111 0.709
96.794 0.683
97.458 0.664
98.154 0.696
98.75 0.596
99.39 0.64
100.039 0.649
100.709 0.67
101.404 0.695
102.155 0.751
103.061 0.906
104.012 0.951
104.972 0.96
105.896 0.924
106.773 0.877
107.602 0.829
108.391 0.789
109.12 0.729
109.826 0.706
110.527 0.701
111.242 0.715
112.06 0.818
112.887 0.827
113.686 0.799
114.425 0.739
115.117 0.692
115.779 0.662
116.425 0.646
117.058 0.633
117.675 0.617
118.281 0.606
118.884 0.603
119.485 0.601
120.082 0.597
120.677 0.595
121.28 0.603
121.916 0.636
122.601 0.685
123.309 0.708
123.992 0.683
124.656 0.664
125.345 0.689
126.059 0.714
126.781 0.722
127.517 0.736
128.252 0.735
128.97 0.718
129.674 0.704
130.379 0.705
131.081 0.702
131.778 0.697
132.484 0.706
133.219 0.735
134.017 0.798
134.914 0.897
135.846 0.932
136.744 0.898
137.616 0.872
138.451 0.835
139.24 0.789
140.008 0.768
140.78 0.772
141.558 0.778
142.37 0.812
143.201 0.831
144.044 0.843
144.871 0.827
145.697 0.826
146.52 0.823
147.326 0.806
148.109 0.783
148.886 0.777
149.667 0.781
150.445 0.778
151.219 0.774
151.986 0.767
152.787 0.801
153.632 0.845
154.475 0.843
155.302 0.827
156.116 0.814
156.912 0.796
157.671 0.759
158.411 0.74
159.146 0.735
159.872 0.726
160.603 0.731
161.354 0.751
162.15 0.796
162.967 0.817
163.794 0.827
164.615 0.821
165.41 0.795
166.167 0.757
166.904 0.737
167.629 0.725
168.357 0.728
169.086 0.729
169.826 0.74
170.599 0.773
171.395 0.796
172.194 0.799
172.999 0.805
173.809 0.81
174.584 0.775
175.333 0.749
176.071 0.738
176.807 0.736
177.544 0.737
178.296 0.752
179.106 0.81
179.979 0.873
180.85 0.871
181.713 0.863
182.565 0.852
183.384 0.819
184.163 0.779
184.888 0.725
185.596 0.708
186.297 0.701
186.99 0.693
187.668 0.678
188.362 0.694
189.111 0.749
189.919 0.808
190.758 0.839
191.588 0.83
192.429 0.841
193.246 0.817
194.054 0.808
194.848 0.794
195.649 0.801
195.956 0.307
196.394 0.438
196.918 0.524
197.424 0.506
197.697 0.273
198.036 0.339
198.416 0.38
198.817 0.401
204.643 5.826
205.978 1.335
206.573 0.595
207.037 0.464
208.545 1.508
209.189 0.644
209.866 0.677
210.575 0.709
211.32 0.745
212.086 0.766
212.857 0.771
213.636 0.779
214.404 0.768
215.176 0.772
215.951 0.775
216.728 0.777
217.517 0.789
218.293 0.776
219.029 0.736
219.766 0.737
220.504 0.738
221.281 0.777
222.14 0.859
222.598 0.458
224.787 2.189
225.339 0.552
225.749 0.41
226.123 0.374
226.871 0.748
227.632 0.761
228.402 0.77
229.14 0.738
229.888 0.748
230.657 0.769
231.466 0.809
232.289 0.823
233.102 0.813
233.939 0.837
234.817 0.878
235.695 0.878
236.513 0.818
237.317 0.804
238.091 0.774
238.827 0.736
239.607 0.78
240.404 0.797
241.246 0.842
242.045 0.799
242.787 0.742
243.508 0.721
244.242 0.734
244.969 0.727
245.697 0.728
246.464 0.767
247.253 0.789
248.077 0.824
248.883 0.806
249.658 0.775
250.408 0.75
251.13 0.722
251.839 0.709
252.544 0.705
253.254 0.71
253.964 0.71
254.694 0.73
255.443 0.749
256.322 0.879
257.242 0.92
258.198 0.956
259.142 0.944
260.079 0.937
260.997 0.918
261.827 0.83
262.581 0.754
263.285 0.704
263.955 0.67
264.617 0.662
265.269 0.652
265.907 0.638
266.556 0.649
267.214 0.658
267.953 0.739
268.757 0.804
269.596 0.839
270.435 0.839
271.275 0.84
272.092 0.817
272.9 0.808
273.685 0.785
274.422 0.737
275.165 0.743
275.916 0.751
276.672 0.756
277.406 0.734
278.142 0.736
278.858 0.716
279.59 0.732
280.448 0.858
281.318 0.87
282.182 0.864
283.035 0.853
283.792 0.757
284.532 0.74
285.248 0.716
285.958 0.71
286.677 0.719
287.402 0.725
288.136 0.734
288.858 0.722
289.54 0.682
290.214 0.674
290.872 0.658
291.544 0.672
292.266 0.722
293.11 0.844
294.004 0.894
294.932 0.928
295.87 0.938
296.768 0.898
297.662 0.894
298.506 0.844
299.276 0.77
300.023 0.747
300.724 0.701
301.411 0.687
302.101 0.69
302.815 0.714
303.547 0.732
304.332 0.785
305.159 0.827
305.975 0.816
306.754 0.779
307.49 0.736
308.211 0.721
308.937 0.726
309.647 0.71
310.362 0.715
311.082 0.72
311.785 0.703
312.485 0.7
313.182 0.697
313.875 0.693
314.575 0.7
315.28 0.705
315.999 0.719
316.719 0.72
317.419 0.7
318.134 0.715
318.85 0.716
319.582 0.732
320.327 0.745
321.076 0.749
321.818 0.742
322.534 0.716
323.224 0.69
323.92 0.696
324.643 0.723
325.401 0.758
326.182 0.781
326.969 0.787
327.748 0.779
329.91 2.162
330.195 0.285
330.498 0.303
331.032 0.534
334.264 3.232
335.924 1.66
336.77 0.846
337.613 0.843
338.417 0.804
339.217 0.8
340.011 0.794
340.785 0.774
341.502 0.717
342.202 0.7
342.88 0.678
343.551 0.671
344.18 0.629
346.155 1.975
346.8 0.645
347.453 0.653
348.093 0.64
348.741 0.648
349.399 0.658
350.064 0.665
350.739 0.675
351.41 0.671
352.074 0.664
352.723 0.649
353.365 0.642
354.006 0.641
354.642 0.636
355.286 0.644
355.936 0.65
356.609 0.673
357.321 0.712
358.111 0.79
358.924 0.813
359.733 0.809
360.493 0.76
361.272 0.779
362.065 0.793
362.814 0.749
363.557 0.743
364.278 0.721
364.981 0.703
365.67 0.689
366.37 0.7
367.116 0.746
367.922 0.806
368.847 0.925
369.736 0.889
370.62 0.884
371.469 0.849
372.314 0.845
373.168 0.854
373.993 0.825
374.789 0.796
375.559 0.77
376.314 0.755
377.063 0.749
377.823 0.76
378.609 0.786
379.429 0.82
380.287 0.858
381.181 0.894
382.106 0.925
383.017 0.911
383.889 0.872
384.753 0.864
385.599 0.846
386.415 0.816
387.203 0.788
387.988 0.785
388.781 0.793
389.618 0.837
390.55 0.932
391.456 0.906
392.299 0.843
393.062 0.763
393.779 0.717
394.485 0.706
395.179 0.694
395.875 0.696
396.557 0.682
397.252 0.695
397.944 0.692
398.637 0.693
399.323 0.686
400.003 0.68
400.67 0.667
401.345 0.675
402.011 0.666
402.677 0.666
403.34 0.663
404.012 0.672
404.692 0.68
405.384 0.692
406.098 0.714
406.826 0.728
407.557 0.731
408.282 0.725
408.995 0.713
409.701 0.706
410.44 0.739
411.214 0.774
412.03 0.816
412.867 0.837
413.328 0.461
413.69 0.362
414.118 0.428
414.442 0.324
414.762 0.32
415.277 0.515
416.074 0.797
416.871 0.797
417.667 0.796
418.463 0.796
419.295 0.832
420.117 0.822
420.959 0.842
421.831 0.872
422.7 0.869
423.55 0.85
424.379 0.829
425.192 0.813
425.948 0.756
426.676 0.728
427.398 0.722
428.124 0.726
428.92 0.796
429.795 0.875
430.664 0.869
431.491 0.827
432.336 0.845
433.171 0.835
433.989 0.818
434.767 0.778
435.524 0.757
436.296 0.772
437.078 0.782
437.874 0.796
438.647 0.773
439.453 0.806
440.289 0.836
441.153 0.864
442.025 0.872
442.868 0.843
443.722 0.854
444.556 0.834
445.37 0.814
446.165 0.795
446.947 0.782
447.718 0.771
448.484 0.766
449.272 0.788
450.101 0.829
450.945 0.844
451.799 0.854
452.642 0.843
453.476 0.834
454.262 0.786
455.063 0.801
455.853 0.79
456.63 0.777
457.377 0.747
458.15 0.773
458.931 0.781
459.743 0.812
460.586 0.843
461.464 0.878
462.362 0.898
463.265 0.903
464.156 0.891
465.003 0.847
465.824 0.821
466.642 0.818
467.452 0.81
468.267 0.815
469.1 0.833
469.972 0.872
470.884 0.912
471.767 0.883
472.629 0.862
473.462 0.833
474.299 0.837
475.111 0.812
475.948 0.837
476.742 0.794
477.573 0.831
478.401 0.828
479.214 0.813
479.994 0.78
480.778 0.784
481.575 0.797
482.359 0.784
483.152 0.793
483.963 0.811
484.796 0.833
485.637 0.841
486.457 0.82
487.288 0.831
488.128 0.84
488.941 0.813
489.723 0.782
490.521 0.798
491.317 0.796
492.124 0.807
492.943 0.819
493.787 0.844
494.623 0.836
495.427 0.804
496.189 0.762
496.949 0.76
497.722 0.773
498.514 0.792
499.339 0.825
500.14 0.801
500.95 0.81
501.756 0.806
502.556 0.8
503.329 0.773
504.094 0.765
504.863 0.769
505.624 0.761
506.371 0.747
507.12 0.749
507.865 0.745
508.582 0.717
509.279 0.697
509.954 0.675
510.612 0.658
511.254 0.642
511.892 0.638
512.552 0.66
513.25 0.698
513.993 0.743
514.777 0.784
515.554 0.777
516.339 0.785
517.118 0.779
517.899 0.781
518.687 0.788
519.461 0.774
520.248 0.787
521.042 0.794
521.865 0.823
522.718 0.853
523.595 0.877
524.459 0.864
525.316 0.857
526.164 0.848
527.017 0.853
527.876 0.859
528.689 0.813
529.477 0.788
530.254 0.777
530.999 0.745
531.748 0.749
532.508 0.76
533.292 0.784
534.068 0.776
534.824 0.756
535.591 0.767
536.377 0.786
537.189 0.812
538.055 0.866
538.937 0.882
539.794 0.857
540.617 0.823
541.436 0.819
542.231 0.795
542.997 0.766
543.743 0.746
544.481 0.738
545.219 0.738
545.992 0.773
546.795 0.803
547.682 0.887
548.582 0.9
549.484 0.902
550.342 0.858
551.175 0.833
552.001 0.826
552.801 0.8
553.548 0.747
554.283 0.735
555.0 0.717
555.718 0.718
556.457 0.739
557.255 0.798
558.081 0.826
558.924 0.843
559.81 0.886
560.719 0.909
561.584 0.865
562.412 0.828
563.204 0.792
563.972 0.768
564.691 0.719
565.373 0.682
566.042 0.669
566.708 0.666
567.394 0.686
568.111 0.717
568.864 0.753
569.656 0.792
570.473 0.817
571.349 0.876
572.223 0.874
573.084 0.861
573.92 0.836
574.736 0.816
575.506 0.77
576.224 0.718
576.914 0.69
577.6 0.686
578.292 0.692
578.988 0.696
579.704 0.716
580.437 0.733
581.198 0.761
581.961 0.763
582.734 0.773
583.526 0.792
584.331 0.805
585.112 0.781
585.871 0.759
586.626 0.755
587.341 0.715
588.056 0.715
588.79 0.734
589.557 0.767
590.37 0.813
591.207 0.837
592.064 0.857
592.954 0.89
593.823 0.869
594.69 0.867
595.579 0.889
596.473 0.894
597.339 0.866
598.19 0.851
599.042 0.852
599.857 0.815
600.65 0.793
601.436 0.786
602.23 0.794
603.042 0.812
603.894 0.852
604.8 0.906
605.73 0.93
606.587 0.857
607.371 0.784
608.149 0.778
608.871 0.722
609.565 0.694
610.238 0.673
610.887 0.649
611.546 0.659
612.199 0.653
612.865 0.666
613.545 0.68
614.238 0.693
614.929 0.691
615.611 0.682
616.111 0.5
618.176 2.065
618.8 0.624
619.396 0.596
619.994 0.598
620.586 0.592
621.166 0.58
621.734 0.568
622.296 0.562
622.854 0.558
623.409 0.555
623.959 0.55
624.503 0.544
625.042 0.539
625.575 0.533
626.111 0.536
626.651 0.54
627.193 0.542
627.747 0.554
628.328 0.581
628.961 0.633
629.68 0.719
630.459 0.779
631.268 0.809
632.089 0.821
632.884 0.795
633.679 0.795
634.452 0.773
635.197 0.745
635.945 0.748
636.683 0.738
637.445 0.762
638.18 0.735
638.85 0.67
639.475 0.625
640.115 0.64
640.735 0.62
641.345 0.61
641.948 0.603
642.558 0.61
643.184 0.626
643.824 0.64
644.466 0.642
645.106 0.64
645.763 0.657
646.441 0.678
647.131 0.69
647.81 0.679
648.482 0.672
649.138 0.656
649.788 0.65
650.437 0.649
651.075 0.638
651.709 0.634
652.345 0.636
652.989 0.644
653.665 0.676
654.379 0.714
655.13 0.751
655.91 0.78
656.692 0.782
657.456 0.764
658.213 0.757
658.948 0.735
659.65 0.702
660.325 0.675
660.974 0.649
661.622 0.648
662.271 0.649
662.919 0.648
663.583 0.664
664.285 0.702
665.053 0.768
665.909 0.856
666.8 0.891
667.683 0.883
668.518 0.835
669.307 0.789
670.059 0.752
670.782 0.723
671.481 0.699
672.164 0.683
672.858 0.694
673.571 0.713
674.278 0.707
674.963 0.685
675.658 0.695
676.352 0.694
677.044 0.692
677.772 0.728
678.542 0.77
679.303 0.761
679.568 0.265
679.827 0.259