0.000 0.692
0.692 0.692
1.417 0.725
2.085 0.668
2.709 0.624
3.322 0.613
3.924 0.602
4.57 0.646
5.33 0.76
6.223 0.893
7.037 0.814
7.785 0.748
8.52 0.735
9.245 0.725
10.004 0.759
10.755 0.751
11.483 0.728
12.169 0.686
12.817 0.648
13.432 0.615
14.05 0.618
14.708 0.658
15.606 0.898
16.409 0.803
17.177 0.768
17.879 0.702
18.554 0.675
19.216 0.662
19.93 0.714
20.783 0.853
21.639 0.856
22.425 0.786
23.145 0.72
23.814 0.669
24.48 0.666
25.155 0.675
25.857 0.702
26.605 0.748
27.394 0.789
28.116 0.722
28.793 0.677
29.433 0.64
30.059 0.626
30.691 0.632
31.348 0.657
32.047 0.699
32.816 0.769
33.62 0.804
34.433 0.813
35.176 0.743
35.872 0.696
36.527 0.655
37.154 0.627
37.778 0.624
38.437 0.659
39.127 0.69
40.127 1.0
41.167 1.04
42.191 1.024
43.152 0.961
44.024 0.872
44.848 0.824
45.65 0.802
46.409 0.759
47.094 0.685
47.764 0.67
48.439 0.675
49.218 0.779
49.974 0.756
50.741 0.767
51.567 0.826
52.424 0.857
53.245 0.821
54.02 0.775
54.832 0.812
55.632 0.8
56.387 0.755
57.069 0.682
57.718 0.649
58.37 0.652
59.069 0.699
59.87 0.801
60.722 0.852
61.463 0.741
62.158 0.695
62.814 0.656
63.507 0.693
64.287 0.78
65.103 0.816
65.929 0.826
66.664 0.735
67.355 0.691
68.001 0.646
68.618 0.617
69.221 0.603
69.858 0.637
70.549 0.691
71.287 0.738
71.961 0.674
72.6 0.639
73.22 0.62
73.848 0.628
74.5 0.652
75.186 0.686
75.861 0.675
76.528 0.667
77.161 0.633
77.786 0.625
78.393 0.607
78.999 0.606
79.604 0.605
80.203 0.599
80.803 0.6
81.409 0.606
82.015 0.606
82.621 0.606
83.252 0.631
83.905 0.653
84.519 0.614
85.14 0.621
85.763 0.623
86.418 0.655
87.126 0.708
87.825 0.699
88.532 0.707
89.245 0.713
89.963 0.718
90.682 0.719
91.396 0.714
92.085 0.689
92.721 0.636
93.33 0.609
93.932 0.602
94.523 0.591
95.105 0.582
95.685 0.58
96.281 0.596
96.946 0.665
97.707 0.761
98.457 0.75
99.26 0.803
100.064 0.804
100.859 0.795
101.632 0.773
102.368 0.736
103.099 0.731
103.8 0.701
104.437 0.637
105.049 0.612
105.682 0.633
106.384 0.702
107.257 0.873
108.023 0.766
108.775 0.752
109.557 0.782
110.4 0.843
111.258 0.858
112.137 0.879
112.983 0.846
113.783 0.8
114.512 0.729
115.232 0.72
115.924 0.692
116.608 0.684
117.339 0.731
118.199 0.86
119.243 1.044
120.122 0.879
120.998 0.876
121.868 0.87
122.739 0.871
123.566 0.827
124.378 0.812
125.143 0.765
125.855 0.712
126.549 0.694
127.247 0.698
127.948 0.701
128.619 0.671
129.276 0.657
129.963 0.687
130.764 0.801
131.561 0.797
132.385 0.824
133.147 0.762
133.88 0.733
134.597 0.717
135.311 0.714
135.987 0.676
136.655 0.668
137.324 0.669
138.02 0.696
138.752 0.732
139.496 0.744
140.272 0.776
141.03 0.758
141.828 0.798
142.601 0.773
143.345 0.744
144.073 0.728
144.798 0.725
145.526 0.728
146.241 0.715
146.963 0.722
147.713 0.75
148.499 0.786
149.264 0.765
150.051 0.787
150.795 0.744
151.574 0.779
152.328 0.754
153.062 0.734
153.753 0.691
154.456 0.703
155.155 0.699
155.866 0.711
156.595 0.729
157.311 0.716
158.017 0.706
158.719 0.702
159.405 0.686
160.082 0.677
160.755 0.673
161.403 0.648
162.054 0.651
162.715 0.661
163.421 0.706
164.153 0.732
164.858 0.705
165.571 0.713
166.296 0.725
167.145 0.849
167.978 0.833
168.836 0.858
169.668 0.832
170.471 0.803
171.28 0.809
172.059 0.779
172.767 0.708
173.453 0.686
174.111 0.658
174.8 0.689
175.519 0.719
176.263 0.744
177.005 0.742
177.762 0.757
178.496 0.734
179.268 0.772
180.072 0.804
180.869 0.797
181.641 0.772
182.348 0.707
183.048 0.7
183.75 0.702
184.445 0.695
185.128 0.683
185.807 0.679
186.47 0.663
187.096 0.626
187.716 0.62
188.408 0.692
189.195 0.787
190.104 0.909
190.914 0.81
191.691 0.777
192.505 0.814
193.416 0.911
194.32 0.904
195.142 0.822
195.958 0.816
196.758 0.8
197.533 0.775
198.256 0.723
198.931 0.675
199.61 0.679
200.269 0.659
200.959 0.69
201.719 0.76
202.467 0.748
203.166 0.699
203.863 0.697
204.55 0.687
205.242 0.692
205.924 0.682
206.599 0.675
207.26 0.661
207.918 0.658
208.601 0.683
209.358 0.757
210.204 0.846
211.101 0.897
211.978 0.877
212.796 0.818
213.549 0.753
214.254 0.705
214.925 0.671
215.587 0.662
216.279 0.692
217.145 0.866
217.994 0.849
218.88 0.886
219.849 0.969
220.764 0.915
221.6 0.836
222.461 0.861
223.307 0.846
224.112 0.805
224.877 0.765
225.63 0.753
226.353 0.723
227.212 0.859
228.175 0.963
229.173 0.998
230.157 0.984
231.004 0.847
231.776 0.772
232.512 0.736
233.245 0.733
234.025 0.78
234.991 0.966
235.892 0.901
236.76 0.868
237.612 0.852
238.497 0.885
239.402 0.905
240.251 0.849
241.042 0.791
241.807 0.765
242.574 0.767
243.355 0.781
244.246 0.891
245.099 0.853
245.953 0.854
246.801 0.848
247.6 0.799
248.316 0.716
248.987 0.671
249.634 0.647
250.279 0.645
250.95 0.671
251.629 0.679
252.329 0.7
253.08 0.751
253.904 0.824
254.707 0.803
255.557 0.85
256.414 0.857
257.239 0.825
258.024 0.785
258.808 0.784
259.534 0.726
260.292 0.758
261.017 0.725
261.775 0.758
262.576 0.801
263.333 0.757
264.055 0.722
264.714 0.659
265.362 0.648
266.03 0.668
266.822 0.792
267.65 0.828
268.478 0.828
269.251 0.773
269.988 0.737
270.757 0.769
271.611 0.854
272.642 1.031
273.669 1.027
274.632 0.963
275.553 0.921
276.483 0.93
277.367 0.884
278.228 0.861
279.117 0.889
280.005 0.888
280.906 0.901
281.786 0.88
282.648 0.862
283.472 0.824
284.302 0.83
285.113 0.811
285.989 0.876
286.808 0.819
287.598 0.79
288.366 0.768
289.145 0.779
289.96 0.815
290.886 0.926
291.921 1.035
292.979 1.058
293.968 0.989
294.909 0.941
295.773 0.864
296.548 0.775
297.272 0.724
297.928 0.656
298.56 0.632
299.196 0.636
299.935 0.739
300.989 1.054
301.862 0.873
302.725 0.863
303.536 0.811
304.318 0.782
305.076 0.758
305.811 0.735
306.539 0.728
307.295 0.756
308.089 0.794
308.977 0.888
309.879 0.902
310.682 0.803
311.447 0.765
312.195 0.748
312.929 0.734
313.68 0.751
314.436 0.756
315.179 0.743
315.935 0.756
316.682 0.747
317.417 0.735
318.141 0.724
318.856 0.715
319.545 0.689
320.211 0.666
320.889 0.678
321.606 0.717
322.476 0.87
323.283 0.807
324.03 0.747
324.783 0.753
325.557 0.774
326.282 0.725
326.986 0.704
327.669 0.683
328.344 0.675
329.035 0.691
329.75 0.715
330.463 0.713
331.143 0.68
331.785 0.642
332.404 0.619
333.027 0.623
333.664 0.637
334.325 0.661
335.012 0.687
335.733 0.721
336.467 0.734
337.197 0.73
337.983 0.786
338.847 0.864
339.74 0.893
340.64 0.9
341.518 0.878
342.365 0.847
343.184 0.819
343.969 0.785
344.714 0.745
345.451 0.737
346.233 0.782
347.24 1.007
348.265 1.025
349.325 1.06
350.354 1.029
351.318 0.964
352.19 0.872
353.049 0.859
353.815 0.766
354.5 0.685
355.197 0.697
355.915 0.718
356.647 0.732
357.406 0.759
358.212 0.806
359.138 0.926
360.114 0.976
361.117 1.003
362.083 0.966
362.999 0.916
363.886 0.887
364.757 0.871
365.641 0.884
366.483 0.842
367.293 0.81
368.096 0.803
368.87 0.774
369.61 0.74
370.318 0.708
371.01 0.692
371.709 0.699
372.446 0.737
373.282 0.836
374.204 0.922
375.07 0.866
375.952 0.882
376.826 0.874
377.679 0.853
378.521 0.842
379.41 0.889
380.261 0.851
381.063 0.802
381.806 0.743
382.51 0.704
383.202 0.692
383.885 0.683
384.556 0.671
385.202 0.646
385.837 0.635
386.489 0.652
387.211 0.722
388.089 0.878
389.025 0.936
389.984 0.959
390.939 0.955
391.913 0.974
392.87 0.957
393.738 0.868
394.515 0.777
395.22 0.705
395.897 0.677
396.575 0.678
397.252 0.677
397.927 0.675
398.626 0.699
399.365 0.739
400.238 0.873
401.213 0.975
402.138 0.925
403.039 0.901
403.908 0.869
404.717 0.809
405.482 0.765
406.233 0.751
406.942 0.709
407.63 0.688
408.296 0.666
408.95 0.654
409.571 0.621
410.182 0.611
410.791 0.609
411.507 0.716
412.426 0.919
413.288 0.862
414.198 0.91
415.246 1.048
416.326 1.08
417.355 1.029
418.249 0.894
419.043 0.794
419.809 0.766
420.568 0.759
421.328 0.76
422.063 0.735
422.793 0.73
423.567 0.774
424.392 0.825
425.284 0.892
426.147 0.863
427.01 0.863
427.805 0.795
428.58 0.775
429.324 0.744
430.049 0.725
430.764 0.715
431.466 0.702
432.146 0.68
432.809 0.663
433.487 0.678
434.167 0.68
434.848 0.681
435.558 0.71
436.264 0.706
436.973 0.709
437.674 0.701
438.352 0.678
439.013 0.661
439.665 0.652
440.33 0.665
441.025 0.695
441.775 0.75
442.539 0.764
443.299 0.76
444.044 0.745
444.793 0.749
445.538 0.745
446.287 0.749
447.067 0.78
447.834 0.767
448.551 0.717
449.24 0.689
449.926 0.686
450.609 0.683
451.301 0.692
452.004 0.703
452.72 0.716
453.471 0.751
454.216 0.745
454.976 0.76
455.714 0.738
456.44 0.726
457.179 0.739
457.917 0.738
458.763 0.846
459.74 0.977
460.67 0.93
461.558 0.888
462.418 0.86
463.238 0.82
463.948 0.71
464.602 0.654
465.232 0.63
465.844 0.612
466.438 0.594
467.021 0.583
467.607 0.586
468.259 0.652
469.261 1.002
470.314 1.053
471.291 0.977
472.173 0.882
473.005 0.832
473.833 0.828
474.688 0.855
475.637 0.949
476.606 0.969
477.56 0.954
478.448 0.888
479.294 0.846
480.093 0.799
480.842 0.749
481.571 0.729
482.268 0.697
482.955 0.687
483.639 0.684
484.388 0.749
485.262 0.874
486.249 0.987
487.234 0.985
488.195 0.961
489.082 0.887
489.947 0.865
490.723 0.776
491.438 0.715
492.137 0.699
492.873 0.736
493.651 0.778
494.404 0.753
495.136 0.732
495.878 0.742
496.618 0.74
497.359 0.741
498.118 0.759
498.898 0.78
499.749 0.851
500.666 0.917
501.586 0.92
502.52 0.934
503.455 0.935
504.359 0.904
505.211 0.852
506.017 0.806
506.777 0.76
507.502 0.725
508.191 0.689
508.908 0.717
514.992 0.936
515.966 0.974
516.924 0.958
517.847 0.923
518.702 0.855
519.526 0.824
520.311 0.785
521.039 0.728
521.73 0.691
522.416 0.686
523.158 0.742
524.016 0.858
525.032 1.016
526.064 1.032
527.156 1.092
528.164 1.008
529.061 0.897
529.957 0.896
530.83 0.873
531.666 0.836
532.47 0.804
533.219 0.749
533.9 0.681
534.557 0.657
535.225 0.668
535.9 0.675
536.598 0.698
537.328 0.73
538.104 0.776
538.899 0.795
539.711 0.812
540.515 0.804
541.356 0.841
542.254 0.898
543.157 0.903
543.999 0.842
544.823 0.824
545.665 0.842
546.541 0.876
547.419 0.878
548.283 0.864
549.129 0.846
549.971 0.842
550.777 0.806
551.546 0.769
552.281 0.735
553.003 0.722
553.731 0.728
554.486 0.755
555.361 0.875
556.272 0.911
557.219 0.947
558.19 0.971
559.123 0.933
559.996 0.873
560.899 0.903
561.839 0.94
562.755 0.916
563.625 0.87
564.419 0.794
565.173 0.754
565.907 0.734
566.625 0.718
567.342 0.717
568.139 0.797
568.947 0.808
569.74 0.793
570.517 0.777
571.246 0.729
571.953 0.707
572.64 0.687
573.339 0.699
574.074 0.735
574.876 0.802
575.719 0.843
576.537 0.818
577.33 0.793
578.114 0.784
578.878 0.764
579.622 0.744
580.349 0.727
581.038 0.689
581.699 0.661
582.385 0.686
583.212 0.827
584.101 0.889
584.953 0.852
585.746 0.793
586.521 0.775
587.28 0.759
588.075 0.795
589.047 0.972
590.021 0.974
591.007 0.986
591.916 0.909
592.778 0.862
593.583 0.805
594.334 0.751
595.085 0.751
595.847 0.762
596.664 0.817
597.479 0.815
598.238 0.759
599.037 0.799
599.823 0.786
600.693 0.87
601.571 0.878
602.392 0.821
603.189 0.797
603.974 0.785
604.775 0.801
605.545 0.77
606.285 0.74
607.016 0.731
607.722 0.706