0.000 0.839
0.839 0.839
1.592 0.753
2.295 0.703
2.825 0.53
3.078 0.253
3.607 0.529
3.861 0.254
4.376 0.515
4.711 0.335
5.183 0.472
5.522 0.339
5.821 0.299
7.626 1.805
8.589 0.963
9.46 0.871
10.325 0.865
11.196 0.871
12.114 0.918
12.987 0.873
13.763 0.776
14.536 0.773
15.291 0.755
16.019 0.728
16.714 0.695
17.406 0.692
18.077 0.671
18.701 0.624
19.305 0.604
19.911 0.606
20.506 0.595
21.103 0.597
21.736 0.633
22.391 0.655
22.737 0.346
23.03 0.293
23.67 0.64
24.339 0.669
24.642 0.303
25.011 0.369
28.405 3.394
28.767 0.362
29.062 0.295
29.337 0.275
32.526 3.189
32.809 0.283
33.616 0.807
36.203 2.587
37.11 0.907
38.081 0.971
39.08 0.999
39.837 0.757
40.826 0.989
41.712 0.886
42.606 0.894
43.47 0.864
44.357 0.887
45.33 0.973
46.264 0.934
47.048 0.784
47.699 0.651
48.047 0.348
48.773 0.726
49.6 0.827
50.41 0.81
51.238 0.828
52.002 0.764
52.837 0.835
53.596 0.759
54.321 0.725
55.026 0.705
55.312 0.286
55.706 0.394
56.398 0.692
57.162 0.764
57.992 0.83
58.795 0.803
59.56 0.765
60.334 0.774
61.11 0.776
61.91 0.8
62.707 0.797
63.467 0.76
64.237 0.77
65.001 0.764
65.793 0.792
66.548 0.755
67.292 0.744
68.067 0.775
68.844 0.777
69.674 0.83
70.552 0.878
71.41 0.858
72.258 0.848
73.125 0.867
74.009 0.884
74.882 0.873
75.702 0.82
76.46 0.758
77.198 0.738
77.934 0.736
78.719 0.785
79.545 0.826
80.459 0.914
81.378 0.919
82.243 0.865
83.112 0.869
83.958 0.846
84.733 0.775
85.465 0.732
86.187 0.722
86.945 0.758
87.779 0.834
88.641 0.862
89.559 0.918
90.554 0.995
91.567 1.013
92.537 0.97
93.512 0.975
94.451 0.939
95.362 0.911
96.264 0.902
97.13 0.866
97.998 0.868
98.856 0.858
99.654 0.798
100.426 0.772
101.229 0.803
102.018 0.789
102.8 0.782
103.614 0.814
104.487 0.873
105.377 0.89
106.214 0.837
107.033 0.819
107.882 0.849
108.784 0.902
109.662 0.878
110.483 0.821
111.31 0.827
112.141 0.831
112.952 0.811
113.805 0.853
114.69 0.885
115.551 0.861
116.411 0.86
117.231 0.82
118.046 0.815
118.818 0.772
119.588 0.77
120.322 0.734
121.057 0.735
121.78 0.723
122.486 0.706
123.186 0.7
123.854 0.668
124.49 0.636
125.157 0.667
125.888 0.731
126.711 0.823
127.525 0.814
128.417 0.892
129.304 0.887
130.168 0.864
130.913 0.745
131.575 0.662
132.212 0.637
132.877 0.665
133.594 0.717
134.361 0.767
135.208 0.847
136.067 0.859
136.873 0.806
137.624 0.751
138.371 0.747
139.169 0.798
140.049 0.88
140.923 0.874
141.776 0.853
142.652 0.876
143.578 0.926
144.511 0.933
145.395 0.884
146.269 0.874
147.125 0.856
147.941 0.816
148.744 0.803
149.616 0.872
150.491 0.875
151.347 0.856
152.167 0.82
153.012 0.845
153.915 0.903
154.768 0.853
155.571 0.803
156.417 0.846
157.223 0.806
158.01 0.787
158.776 0.766
159.55 0.774
160.356 0.806
161.222 0.866
162.119 0.897
163.065 0.946
164.03 0.965
164.976 0.946
165.882 0.906
166.717 0.835
167.522 0.805
168.301 0.779
169.109 0.808
170.075 0.966
171.098 1.023
172.122 1.024
173.113 0.991
174.035 0.922
174.916 0.881
175.808 0.892
176.686 0.878
177.52 0.834
178.364 0.844
179.229 0.865
180.101 0.872
180.966 0.865
181.796 0.83
182.618 0.822
183.436 0.818
184.247 0.811
185.054 0.807
185.84 0.786
186.61 0.77
187.356 0.746
188.075 0.719
188.794 0.719
189.568 0.774
190.34 0.772
191.121 0.781
191.918 0.797
193.538 1.62
194.305 0.767
195.119 0.814
195.951 0.832
196.767 0.816
197.54 0.773
198.306 0.766
199.073 0.767
199.925 0.852
200.819 0.894
201.716 0.897
202.564 0.848
203.402 0.838
204.221 0.819
205.021 0.8
205.818 0.797
206.648 0.83
207.481 0.833
208.267 0.786
209.061 0.794
209.834 0.773
210.582 0.748
211.303 0.721
212.006 0.703
212.698 0.692
213.414 0.716
214.207 0.793
215.027 0.82
215.882 0.855
216.729 0.847
217.514 0.785
218.213 0.699
218.892 0.679
219.611 0.719
220.385 0.774
221.222 0.837
222.077 0.855
222.894 0.817
223.673 0.779
224.422 0.749
225.167 0.745
225.889 0.722
226.578 0.689
227.229 0.651
227.85 0.621
228.456 0.606
229.058 0.602
229.662 0.604
230.298 0.636
230.977 0.679
231.717 0.74
232.443 0.726
233.172 0.729
233.882 0.71
234.629 0.747
235.423 0.794
236.27 0.847
237.149 0.879
238.051 0.902
238.941 0.89
239.828 0.887
240.68 0.852
241.557 0.877
242.47 0.913
243.404 0.934
244.345 0.941
245.259 0.914
246.111 0.852
246.993 0.882
247.777 0.784
248.5 0.723
249.195 0.695
249.886 0.691
250.571 0.685
251.321 0.75
252.124 0.803
252.908 0.784
253.682 0.774
254.477 0.795
255.284 0.807
256.136 0.852
257.035 0.899
257.96 0.925
258.862 0.902
259.79 0.928
260.703 0.913
261.568 0.865
262.408 0.84
263.214 0.806
264.053 0.839
264.906 0.853
265.688 0.782
266.409 0.721
267.102 0.693
267.79 0.688
268.46 0.67
269.103 0.643
269.727 0.624
270.332 0.605
270.92 0.588
271.499 0.579
272.078 0.579
272.657 0.579
273.253 0.596
273.889 0.636
274.563 0.674
275.277 0.714
276.031 0.754
276.81 0.779
277.648 0.838
278.502 0.854
279.395 0.893
280.282 0.887
281.163 0.881
281.995 0.832
282.876 0.881
283.802 0.926
284.658 0.856
285.428 0.77
286.177 0.749
286.953 0.776
287.824 0.871
288.644 0.82
289.456 0.812
290.323 0.867
291.156 0.833
291.931 0.775
292.667 0.736
293.378 0.711
294.105 0.727
294.855 0.75
295.591 0.736
296.397 0.806
297.322 0.925
298.34 1.018
299.32 0.98
300.243 0.923
301.066 0.823
301.855 0.789
302.65 0.795
303.423 0.773
304.188 0.765
304.988 0.8
305.864 0.876
306.726 0.862
307.54 0.814
308.348 0.808
309.134 0.786
309.845 0.711
310.503 0.658
311.156 0.653
311.842 0.686
312.618 0.776
313.567 0.949
314.51 0.943
315.435 0.925
316.262 0.827
317.038 0.776
317.783 0.745
318.533 0.75
319.297 0.764
320.093 0.796
320.952 0.859
321.875 0.923
322.821 0.946
323.765 0.944
324.67 0.905
325.576 0.906
326.464 0.888
327.341 0.877
328.231 0.89
329.132 0.901
330.044 0.912
330.968 0.924
331.927 0.959
332.836 0.909
333.651 0.815
334.44 0.789
334.712 0.272
335.036 0.324
335.805 0.769
336.2 0.395
337.358 1.158
338.464 1.106
339.511 1.047
340.5 0.989
341.466 0.966
342.393 0.927
343.232 0.839
344.019 0.787
344.864 0.845
345.784 0.92
346.78 0.996
347.767 0.987
348.765 0.998
349.767 1.002
350.708 0.941
351.551 0.843
352.368 0.817
353.231 0.863
354.168 0.937
355.128 0.96
356.068 0.94
356.97 0.902
357.848 0.878
358.783 0.935
359.668 0.885
360.518 0.85
361.323 0.805
362.111 0.788
362.911 0.8
363.745 0.834
364.662 0.917
365.63 0.968
366.565 0.935
367.482 0.917
368.325 0.843
369.123 0.798
369.877 0.754
370.588 0.711
371.302 0.714
372.021 0.719
372.777 0.756
373.572 0.795
374.45 0.878
375.33 0.88
376.212 0.882
377.029 0.817
377.879 0.85
378.723 0.844
379.506 0.783
380.274 0.768
381.029 0.755
381.803 0.774
382.583 0.78
383.412 0.829
384.178 0.766
384.902 0.724
385.61 0.708
386.347 0.737
387.132 0.785
387.929 0.797
388.711 0.782
389.477 0.766
390.223 0.746
390.953 0.73
391.654 0.701
392.33 0.676
393.007 0.677
393.666 0.659
394.325 0.659
394.993 0.668
395.667 0.674
396.347 0.68
397.018 0.671
397.689 0.671
398.353 0.664
399.01 0.657
399.669 0.659
400.318 0.649
400.961 0.643
401.602 0.641
402.233 0.631
402.858 0.625
403.482 0.624
404.105 0.623
404.376 0.271
404.745 0.369
405.373 0.628
406.029 0.656
406.722 0.693
407.495 0.773
408.315 0.82
409.105 0.79
409.875 0.77
410.605 0.73
411.298 0.693
411.975 0.677
412.648 0.673
413.338 0.69
413.982 0.644
414.601 0.619
415.24 0.639
415.931 0.691
416.686 0.755
417.491 0.805
418.323 0.832
419.124 0.801
419.856 0.732
420.538 0.682
421.158 0.62
421.843 0.685
422.474 0.631
423.073 0.599
423.654 0.581
424.233 0.579
424.835 0.602
425.525 0.69
426.326 0.801
427.187 0.861
428.08 0.893
428.913 0.833
429.719 0.806
430.49 0.771
431.227 0.737
431.938 0.711
432.654 0.716
433.354 0.7
434.113 0.759
434.96 0.847
435.855 0.895
436.719 0.864
437.529 0.81
438.328 0.799
439.128 0.8
439.931 0.803
440.744 0.813
441.561 0.817
442.352 0.791
443.141 0.789
443.916 0.775
444.681 0.765
445.386 0.705
445.673 0.287
446.055 0.382
446.329 0.274
446.713 0.384
447.419 0.706
448.471 1.052
448.943 0.472
449.497 0.554
450.496 0.999
451.427 0.931
452.29 0.863
453.097 0.807
453.86 0.763
454.557 0.697
455.223 0.666
455.85 0.627
456.468 0.618
457.102 0.634
457.771 0.669
458.465 0.694
459.177 0.712
459.917 0.74
460.713 0.796
461.595 0.882
462.492 0.897
463.418 0.926
464.279 0.861
465.114 0.835
465.898 0.784
466.668 0.77
467.437 0.769
468.208 0.771
468.979 0.771
469.761 0.782
470.566 0.805
471.345 0.779
472.101 0.756
472.846 0.745
473.603 0.757
474.41 0.807
475.246 0.836
476.043 0.797
476.816 0.773
477.559 0.743
478.275 0.716
478.985 0.71
479.709 0.724
480.459 0.75
481.251 0.792
482.082 0.831
482.922 0.84
483.76 0.838
484.567 0.807
485.322 0.755
486.042 0.72
486.747 0.705
487.424 0.677
488.107 0.683
488.789 0.682
489.508 0.719
490.263 0.755
491.044 0.781
491.842 0.798
492.654 0.812
493.438 0.784
494.189 0.751
494.945 0.756
495.692 0.747
496.473 0.781
497.311 0.838
498.198 0.887
499.119 0.921
500.043 0.924
500.923 0.88
501.767 0.844
502.591 0.824
503.378 0.787
504.168 0.79
504.975 0.807
505.762 0.787
506.537 0.775
507.283 0.746
507.615 0.332
508.043 0.428
508.566 0.523
508.871 0.305
509.831 0.96
510.763 0.932
511.71 0.947
512.631 0.921
513.522 0.891
514.371 0.849
515.232 0.861
516.036 0.804
516.814 0.778
517.561 0.747
518.298 0.737
519.051 0.753
519.847 0.796
520.726 0.879
521.484 0.758
522.482 0.998
523.287 0.805
524.052 0.765
524.813 0.761
525.601 0.788
526.407 0.806
527.185 0.778
527.94 0.755
528.653 0.713
529.098 0.445
529.853 0.755
530.355 0.502
530.897 0.542
531.809 0.912
532.77 0.961
533.683 0.913
534.601 0.918
535.473 0.872
536.288 0.815
537.044 0.756
537.763 0.719
538.473 0.71
539.164 0.691
539.843 0.679
540.538 0.695
541.324 0.786
542.21 0.886
543.09 0.88
543.962 0.872
544.839 0.877
545.716 0.877
546.576 0.86
547.425 0.849
548.246 0.821
549.048 0.802
549.844 0.796
550.656 0.812
551.47 0.814
552.29 0.82
553.128 0.838
553.949 0.821
554.793 0.844
555.716 0.923
556.672 0.956
557.622 0.95
558.5 0.878
559.305 0.805
560.075 0.77
560.88 0.805
561.837 0.957
562.882 1.045
563.83 0.948
564.643 0.813
565.36 0.717
566.093 0.733
566.879 0.786
567.677 0.798
568.511 0.834
569.323 0.812
570.071 0.748
570.803 0.732
571.526 0.723
572.244 0.718
572.964 0.72
573.689 0.725
574.43 0.741
575.202 0.772
576.023 0.821
576.809 0.786
577.563 0.754
578.315 0.752
579.052 0.737
579.765 0.713
580.463 0.698
581.164 0.701
581.856 0.692
582.556 0.7
583.3 0.744
584.087 0.787
584.851 0.764
585.581 0.73
586.286 0.705
586.973 0.687
587.65 0.677
588.338 0.688
589.022 0.684
589.699 0.677
590.364 0.665
591.003 0.639
591.625 0.622
592.233 0.608
592.836 0.603
593.432 0.596
594.028 0.596
594.619 0.591
595.204 0.585
595.793 0.589
596.388 0.595
597.005 0.617
597.634 0.629
598.267 0.633
598.925 0.658
599.614 0.689
600.321 0.707
601.035 0.714
601.742 0.707
602.454 0.712
603.171 0.717
603.897 0.726
604.615 0.718