0.000 0.94
0.94 0.94
1.722 0.782
2.478 0.756
3.234 0.756
3.916 0.682
4.567 0.651
5.193 0.626
5.807 0.614
6.421 0.614
7.063 0.642
7.377 0.314
7.718 0.341
8.336 0.618
8.915 0.579
9.486 0.571
9.953 0.467
10.684 0.731
11.292 0.608
11.938 0.646
12.65 0.712
13.423 0.773
14.223 0.8
15.002 0.779
15.783 0.781
16.551 0.768
17.3 0.749
18.047 0.747
18.802 0.755
19.596 0.794
20.418 0.822
21.255 0.837
22.066 0.811
22.902 0.836
23.699 0.797
24.46 0.761
25.181 0.721
25.919 0.738
26.705 0.786
27.562 0.857
28.393 0.831
29.222 0.829
30.014 0.792
30.804 0.79
31.654 0.85
32.558 0.904
33.452 0.894
34.311 0.859
35.15 0.839
35.997 0.847
36.859 0.862
37.708 0.849
38.56 0.852
39.382 0.822
40.199 0.817
41.014 0.815
41.87 0.856
42.733 0.863
43.558 0.825
44.376 0.818
45.17 0.794
45.941 0.771
46.701 0.76
47.471 0.77
48.243 0.772
49.024 0.781
49.836 0.812
50.687 0.851
51.518 0.831
52.316 0.798
53.071 0.755
53.79 0.719
54.515 0.725
55.341 0.826
56.255 0.914
57.214 0.959
58.145 0.931
59.033 0.888
59.899 0.866
60.758 0.859
61.577 0.819
62.354 0.777
63.113 0.759
63.867 0.754
64.675 0.808
65.506 0.831
66.343 0.837
67.185 0.842
68.013 0.828
68.837 0.824
69.68 0.843
70.522 0.842
71.361 0.839
72.165 0.804
73.011 0.846
73.851 0.84
74.699 0.848
75.554 0.855
76.365 0.811
77.196 0.831
78.039 0.843
78.863 0.824
79.678 0.815
80.484 0.806
81.285 0.801
82.071 0.786
82.902 0.831
83.788 0.886
84.715 0.927
85.602 0.887
86.482 0.88
87.362 0.88
88.239 0.877
89.116 0.877
89.949 0.833
90.751 0.802
91.489 0.738
92.238 0.749
93.1 0.862
94.059 0.959
95.002 0.943
95.872 0.87
96.708 0.836
97.545 0.837
98.385 0.84
99.245 0.86
100.126 0.881
100.979 0.853
101.812 0.833
102.636 0.824
103.433 0.797
104.217 0.784
105.076 0.859
105.974 0.898
106.844 0.87
107.652 0.808
108.471 0.819
109.278 0.807
110.065 0.787
110.808 0.743
111.49 0.682
112.136 0.646
112.76 0.624
113.353 0.593
113.924 0.571
114.483 0.559
115.052 0.569
115.635 0.583
116.239 0.604
116.887 0.648
117.65 0.763
118.512 0.862
119.396 0.884
120.248 0.852
121.076 0.828
121.82 0.744
122.486 0.666
123.116 0.63
123.745 0.629
124.434 0.689
125.234 0.8
126.09 0.856
126.977 0.887
127.891 0.914
128.775 0.884
129.644 0.869
130.501 0.857
131.336 0.835
132.158 0.822
133.014 0.856
133.923 0.909
134.835 0.912
135.722 0.887
136.552 0.83
137.347 0.795
138.144 0.797
138.946 0.802
139.686 0.74
140.345 0.659
140.965 0.62
141.567 0.602
142.174 0.607
142.796 0.622
143.421 0.625
144.039 0.618
144.657 0.618
145.292 0.635
145.971 0.679
146.719 0.748
147.48 0.761
148.208 0.728
148.893 0.685
149.58 0.687
150.335 0.755
151.095 0.76
151.875 0.78
152.682 0.807
153.466 0.784
154.301 0.835
155.161 0.86
155.996 0.835
156.797 0.801
157.569 0.772
158.392 0.823
159.226 0.834
160.009 0.783
160.78 0.771
161.552 0.772
162.276 0.724
163.004 0.728
163.736 0.732
164.477 0.741
165.263 0.786
166.033 0.77
166.407 0.374
166.796 0.389
167.51 0.714
167.958 0.448
168.227 0.269
168.547 0.32
168.891 0.344
169.524 0.633
169.838 0.314
170.307 0.469
171.031 0.724
171.626 0.595
171.936 0.31
172.464 0.528
172.881 0.417
173.501 0.62
174.281 0.78
175.005 0.724
175.73 0.725
176.426 0.696
176.688 0.262
176.943 0.255
177.79 0.847
178.499 0.709
179.247 0.748
179.926 0.679
180.563 0.637
181.198 0.635
181.862 0.664
182.571 0.709
183.33 0.759
184.088 0.758
184.921 0.833
185.74 0.819
186.522 0.782
187.268 0.746
188.018 0.75
188.846 0.828
189.736 0.89
190.644 0.908
191.519 0.875
192.395 0.876
193.218 0.823
193.997 0.779
194.777 0.78
195.606 0.829
196.445 0.839
197.29 0.845
198.167 0.877
199.068 0.901
199.952 0.884
200.768 0.816
201.573 0.805
202.375 0.802
203.177 0.802
203.958 0.781
204.791 0.833
205.586 0.795
206.344 0.758
207.095 0.751
207.869 0.774
208.659 0.79
209.474 0.815
210.3 0.826
210.752 0.452
211.109 0.357
211.88 0.771
212.602 0.722
213.339 0.737
214.063 0.724
214.798 0.735
215.525 0.727
216.292 0.767
217.079 0.787
217.837 0.758
218.551 0.714
219.228 0.677
219.895 0.667
220.554 0.659
221.2 0.646
221.847 0.647
222.478 0.631
223.096 0.618
223.696 0.6
224.284 0.588
224.864 0.58
225.457 0.593
226.135 0.678
226.882 0.747
227.674 0.792
228.47 0.796
229.263 0.793
230.075 0.812
230.865 0.79
231.646 0.781
232.424 0.778
233.2 0.776
233.98 0.78
234.787 0.807
235.639 0.852
236.548 0.909
237.472 0.924
238.404 0.932
239.276 0.872
240.101 0.825
240.896 0.795
241.695 0.799
242.587 0.892
243.509 0.922
244.467 0.958
245.41 0.943
246.314 0.904
247.173 0.859
247.946 0.773
248.67 0.724
249.371 0.701
250.086 0.715
250.833 0.747
251.713 0.88
252.712 0.999
253.665 0.953
254.607 0.942
255.47 0.863
256.279 0.809
257.056 0.777
257.824 0.768
258.58 0.756
259.307 0.727
260.029 0.722
260.762 0.733
261.544 0.782
262.378 0.834
263.233 0.855
264.087 0.854
264.88 0.793
265.635 0.755
266.375 0.74
267.109 0.734
267.833 0.724
268.532 0.699
269.263 0.731
270.035 0.772
270.825 0.79
271.623 0.798
272.43 0.807
273.252 0.822
274.056 0.804
274.816 0.76
275.531 0.715
276.248 0.717
276.977 0.729
277.772 0.795
278.582 0.81
279.352 0.77
280.092 0.74
280.802 0.71
281.489 0.687
282.166 0.677
282.856 0.69
283.631 0.775
284.471 0.84
285.338 0.867
286.214 0.876
287.085 0.871
287.924 0.839
288.714 0.79
289.478 0.764
290.184 0.706
290.862 0.678
291.518 0.656
292.167 0.649
292.831 0.664
293.549 0.718
294.388 0.839
295.318 0.93
296.223 0.905
297.084 0.861
297.941 0.857
298.792 0.851
299.632 0.84
300.449 0.817
301.236 0.787
301.993 0.757
302.72 0.727
303.434 0.714
304.139 0.705
304.834 0.695
305.532 0.698
306.251 0.719
307.0 0.749
307.784 0.784
308.589 0.805
309.367 0.778
310.133 0.766
310.892 0.759
311.664 0.772
312.427 0.763
313.173 0.746
313.879 0.706
314.56 0.681
315.203 0.643
315.829 0.626
316.431 0.602
317.023 0.592
317.605 0.582
318.169 0.564
318.723 0.554
319.225 0.502
319.804 0.579
320.335 0.531
320.862 0.527
321.386 0.524
321.908 0.522
322.441 0.533
322.992 0.551
323.574 0.582
324.185 0.611
324.79 0.605
325.426 0.636
326.062 0.636
326.692 0.63
327.328 0.636
327.971 0.643
328.634 0.663
329.315 0.681
330.039 0.724
330.811 0.772
331.561 0.75
332.308 0.747
333.064 0.756
333.836 0.772
334.634 0.798
335.436 0.802
336.221 0.785
337.034 0.813
337.809 0.775
338.535 0.726
339.216 0.681
339.896 0.68
340.583 0.687
341.342 0.759
342.115 0.773
342.928 0.813
343.778 0.85
344.622 0.844
345.448 0.826
346.267 0.819
347.056 0.789
347.832 0.776
348.615 0.783
349.397 0.782
350.142 0.745
350.893 0.751
351.62 0.727
352.352 0.732
353.069 0.717
353.749 0.68
354.414 0.665
355.056 0.642
355.69 0.634
356.326 0.636
356.98 0.654
357.634 0.654
358.291 0.657
358.962 0.671
359.627 0.665
360.267 0.64
360.918 0.651
361.625 0.707
362.361 0.736
363.129 0.768
363.924 0.795
364.736 0.812
365.54 0.804
366.33 0.79
367.079 0.749
367.811 0.732
368.517 0.706
369.198 0.681
369.877 0.679
370.574 0.697
371.269 0.695
372.027 0.758
372.819 0.792
373.611 0.792
374.379 0.768
375.088 0.709
375.771 0.683
376.42 0.649
377.082 0.662
377.747 0.665
378.438 0.691
379.157 0.719
379.88 0.723
380.617 0.737
381.392 0.775
382.179 0.787
382.937 0.758
383.653 0.716
384.356 0.703
385.049 0.693
385.725 0.676
386.412 0.687
387.091 0.679
387.769 0.678
388.448 0.679
389.132 0.684
389.818 0.686
390.504 0.686
391.202 0.698
391.904 0.702
392.6 0.696
393.294 0.694
393.992 0.698
394.687 0.695
395.434 0.747
396.201 0.767
397.0 0.799
397.809 0.809
398.622 0.813
399.392 0.77
400.123 0.731
400.844 0.721
401.567 0.723
402.311 0.744
403.052 0.741
403.759 0.707
404.525 0.766
405.314 0.789
406.043 0.729
406.749 0.706
407.404 0.655
408.059 0.655
408.734 0.675
409.429 0.695
410.115 0.686
410.765 0.65
411.392 0.627
411.999 0.607
412.603 0.604
413.215 0.612
413.85 0.635
414.531 0.681
415.261 0.73
415.994 0.733
416.742 0.748
417.474 0.732
418.178 0.704
418.863 0.685
419.532 0.669
420.206 0.674
420.877 0.671
421.534 0.657
422.176 0.642
422.808 0.632
423.455 0.647
424.142 0.687
424.837 0.695
425.531 0.694
426.196 0.665
426.853 0.657
427.494 0.641
428.13 0.636
428.749 0.619
429.352 0.603
429.936 0.584
430.502 0.566
431.053 0.551
431.591 0.538
432.122 0.531
432.652 0.53
433.178 0.526
433.582 0.404
434.227 0.645
434.75 0.523
435.291 0.541
435.846 0.555
436.428 0.582
437.033 0.605
437.67 0.637
438.351 0.681
439.112 0.761
439.953 0.841
440.799 0.846
441.603 0.804
442.377 0.774
443.138 0.761
443.904 0.766
444.63 0.726
445.328 0.698
445.998 0.67
446.707 0.709
447.479 0.772
448.283 0.804
449.075 0.792
449.855 0.78
450.63 0.775
451.433 0.803
452.251 0.818
453.064 0.813
453.846 0.782
454.628 0.782
455.463 0.835
456.3 0.837
457.096 0.796
457.878 0.782
458.658 0.78
459.448 0.79
460.22 0.772
460.978 0.758
461.683 0.705
462.354 0.671
462.974 0.62
463.564 0.59
464.147 0.583
464.752 0.605
465.402 0.65
466.108 0.706
466.891 0.783
467.735 0.844
468.572 0.837
469.371 0.799
470.108 0.737
470.824 0.716
471.532 0.708
472.259 0.727
473.027 0.768
473.824 0.797
474.643 0.819
475.425 0.782
476.205 0.78
476.916 0.711
477.594 0.678
478.243 0.649
478.878 0.635
479.524 0.646
480.247 0.723
481.103 0.856
481.985 0.882
482.829 0.844
483.669 0.84
484.472 0.803
485.198 0.726
485.885 0.687
486.565 0.68
487.277 0.712
488.065 0.788
488.912 0.847
489.78 0.868
490.602 0.822
491.361 0.759
492.072 0.711
492.758 0.686
493.432 0.674
494.099 0.667
494.783 0.684
495.501 0.718
496.235 0.734
497.039 0.804
497.862 0.823
498.675 0.813
499.462 0.787
500.193 0.731
500.898 0.705
501.597 0.699
502.298 0.701
502.995 0.697
503.702 0.707
504.433 0.731
505.205 0.772
505.97 0.765
506.752 0.782
507.532 0.78
508.252 0.72
508.939 0.687
509.581 0.642
509.95 0.369
510.798 0.848
511.404 0.606
512.05 0.646
512.743 0.693
513.466 0.723
514.208 0.742
514.936 0.728
515.677 0.741
516.446 0.769
517.201 0.755
517.943 0.742
518.692 0.749
519.443 0.751
520.173 0.73
520.914 0.741
521.651 0.737
522.388 0.737
523.113 0.725
523.833 0.72
524.552 0.719
525.293 0.741
526.031 0.738
526.738 0.707
527.137 0.399
527.416 0.279
528.059 0.643
528.591 0.532
529.292 0.701
529.899 0.607
530.524 0.625
531.207 0.683
531.91 0.703
532.632 0.722
533.412 0.78
534.186 0.774
534.949 0.763
535.714 0.765
536.423 0.709
537.083 0.66
537.716 0.633
538.331 0.615
538.953 0.622
539.634 0.681
540.367 0.733
541.135 0.768
541.923 0.788
542.69 0.767
543.008 0.318
543.303 0.295
543.558 0.255
544.155 0.597
544.8 0.645
545.421 0.621
546.063 0.642
546.35 0.287
546.605 0.255
547.428 0.823
548.106 0.678
548.816 0.71
549.562 0.746
550.339 0.777
551.14 0.801
551.886 0.746
552.583 0.697
553.253 0.67
553.915 0.662
554.589 0.674
555.273 0.684
555.946 0.673
556.626 0.68
557.345 0.719
557.625 0.28
558.002 0.377
558.837 0.835
559.562 0.725
560.28 0.718
561.012 0.732
561.73 0.718
562.434 0.704
563.116 0.682
563.775 0.659
564.434 0.659
565.103 0.669
565.803 0.7
566.506 0.703
567.222 0.716
567.954 0.732
568.696 0.742
569.461 0.765
570.182 0.721
570.899 0.717
571.594 0.695
572.312 0.718
573.044 0.732
573.804 0.76
574.59 0.786
575.407 0.817
576.211 0.804
576.992 0.781
577.749 0.757
578.478 0.729
579.165 0.687
579.841 0.676
580.506 0.665
581.163 0.657
581.814 0.651
582.476 0.662
583.186 0.71
583.941 0.755
584.704 0.763
585.445 0.741
586.189 0.744
586.906 0.717
587.573 0.667
588.221 0.648
588.877 0.656
589.553 0.676
590.257 0.704
590.972 0.715
591.696 0.724
592.416 0.72
593.148 0.732
593.888 0.74
594.606 0.718
595.289 0.683
595.936 0.647
596.549 0.613
597.145 0.596
597.477 0.332
597.748 0.271
598.121 0.373
598.982 0.861
599.61 0.628
600.268 0.658
600.938 0.67
601.608 0.67
602.293 0.685
602.958 0.665
603.574 0.616
604.162 0.588
604.773 0.611
605.429 0.656