0.000 0.729
0.729 0.729
1.464 0.735
2.173 0.709
2.909 0.736
3.619 0.71
4.271 0.652
4.913 0.642
5.571 0.658
6.254 0.683
6.938 0.684
7.631 0.693
8.284 0.653
8.911 0.627
9.559 0.648
10.215 0.656
10.867 0.652
11.522 0.655
12.165 0.643
12.804 0.639
13.471 0.667
14.179 0.708
14.893 0.714
15.594 0.701
16.313 0.719
17.035 0.722
17.753 0.718
18.43 0.677
19.085 0.655
19.726 0.641
20.365 0.639
21.041 0.676
21.722 0.681
22.379 0.657
23.039 0.66
23.756 0.717
24.487 0.731
25.189 0.702
25.884 0.695
26.567 0.683
27.242 0.675
27.923 0.681
28.59 0.667
29.242 0.652
29.901 0.659
30.611 0.71
31.377 0.766
32.157 0.78
32.899 0.742
33.604 0.705
34.302 0.698
35.015 0.713
35.7 0.685
36.361 0.661
37.01 0.649
37.662 0.652
38.35 0.688
39.058 0.708
39.737 0.679
40.404 0.667
41.065 0.661
41.754 0.689
42.489 0.735
43.255 0.766
44.014 0.759
44.718 0.704
45.4 0.682
46.059 0.659
46.718 0.659
47.396 0.678
48.118 0.722
48.805 0.687
49.503 0.698
50.205 0.702
50.913 0.708
51.625 0.712
52.336 0.711
53.019 0.683
53.705 0.686
54.407 0.702
55.105 0.698
55.803 0.698
56.493 0.69
57.212 0.719
57.959 0.747
58.723 0.764
59.456 0.733
60.167 0.711
60.854 0.687
61.529 0.675
62.211 0.682
62.914 0.703
63.636 0.722
64.348 0.712
65.054 0.706
65.803 0.749
66.591 0.788
67.366 0.775
68.084 0.718
68.751 0.667
69.391 0.64
70.039 0.648
70.706 0.667
71.437 0.731
72.173 0.736
72.907 0.734
73.651 0.744
74.416 0.765
75.196 0.78
75.983 0.787
76.703 0.72
77.373 0.67
78.036 0.663
78.697 0.661
79.413 0.716
80.156 0.743
80.908 0.752
81.659 0.751
82.414 0.755
83.175 0.761
83.909 0.734
84.605 0.696
85.261 0.656
85.928 0.667
86.632 0.704
87.36 0.728
88.064 0.704
88.768 0.704
89.489 0.721
90.235 0.746
90.999 0.764
91.731 0.732
92.425 0.694
93.107 0.682
93.797 0.69
94.503 0.706
95.208 0.705
95.921 0.713
96.63 0.709
97.364 0.734
98.092 0.728
98.793 0.701
99.49 0.697
100.202 0.712
100.926 0.724
101.662 0.736
102.375 0.713
103.069 0.694
103.763 0.694
104.459 0.696
105.179 0.72
105.899 0.72
106.612 0.713
107.323 0.711
108.013 0.69
108.705 0.692
109.375 0.67
110.021 0.646
110.662 0.641
111.321 0.659
112.006 0.685
112.71 0.704
113.429 0.719
114.143 0.714
114.883 0.74
115.67 0.787
116.457 0.787
117.196 0.739
117.901 0.705
118.583 0.682
119.236 0.653
119.89 0.654
120.554 0.664
121.218 0.664
121.893 0.675
122.597 0.704
123.346 0.749
124.062 0.716
124.749 0.687
125.402 0.653
126.032 0.63
126.674 0.642
127.355 0.681
128.058 0.703
128.752 0.694
129.44 0.688
130.125 0.685
130.828 0.703
131.572 0.744
132.338 0.766
133.07 0.732
133.746 0.676
134.414 0.668
135.099 0.685
135.806 0.707
136.518 0.712
137.242 0.724
137.954 0.712
138.679 0.725
139.412 0.733
140.141 0.729
140.854 0.713
141.537 0.683
142.232 0.695
142.948 0.716
143.698 0.75
144.465 0.767
145.193 0.728
145.89 0.697
146.584 0.694
147.292 0.708
148.047 0.755
148.821 0.774
149.552 0.731
150.274 0.722
151.008 0.734
151.74 0.732
152.495 0.755
153.196 0.701
153.858 0.662
154.51 0.652
155.172 0.662
155.88 0.708
156.643 0.763
157.376 0.733
158.095 0.719
158.836 0.741
159.571 0.735
160.308 0.737
160.99 0.682
161.636 0.646
162.27 0.634
162.901 0.631
163.551 0.65
164.258 0.707
165.003 0.745
165.743 0.74
166.458 0.715
166.731 0.273
167.16 0.429
167.464 0.304
168.546 1.082
169.239 0.693
169.852 0.613
170.172 0.32
170.62 0.448
171.254 0.634
171.944 0.69
172.334 0.39
172.677 0.343
173.452 0.775
173.857 0.405
174.217 0.36
174.948 0.731
175.25 0.302
175.656 0.406
176.338 0.682
177.031 0.693
177.757 0.726
178.518 0.761
179.32 0.802
180.069 0.749
180.69 0.621
181.465 0.775
182.139 0.674
182.833 0.694
183.572 0.739
184.297 0.725
184.999 0.702
185.675 0.676
186.352 0.677
187.046 0.694
187.755 0.709
188.079 0.324
188.463 0.384
188.962 0.499
189.349 0.387
189.659 0.31
190.042 0.383
190.431 0.389
191.019 0.588
191.313 0.294
191.782 0.469
192.198 0.416
192.484 0.286
193.189 0.705
193.725 0.536
194.631 0.906
195.371 0.74
196.117 0.746
196.821 0.704
197.48 0.659
197.833 0.353
198.128 0.295
198.571 0.443
198.839 0.268
199.12 0.281
199.451 0.331
199.772 0.321
200.142 0.37
200.492 0.35
200.745 0.253
201.095 0.35
201.4 0.305
201.808 0.408
202.25 0.442
202.571 0.321
202.982 0.411
203.244 0.262
203.604 0.36
203.868 0.264
204.206 0.338
204.603 0.397
204.929 0.326
205.448 0.519
205.75 0.302
206.09 0.34
206.433 0.343
206.688 0.255
207.097 0.409
207.377 0.28
207.816 0.439
208.137 0.321
208.46 0.323
208.784 0.324
209.548 0.764
216.996 0.383
217.909 0.913
218.558 0.649
219.243 0.685
220.016 0.773
220.607 0.591
221.334 0.727
222.127 0.793
222.406 0.279
222.706 0.3
223.715 1.009
224.423 0.708
224.846 0.423
225.132 0.286
225.4 0.268
225.859 0.459
226.484 0.625
227.077 0.593
229.698 2.621
229.957 0.259
230.214 0.257
230.567 0.353
230.855 0.288
231.111 0.256
231.747 0.636
232.401 0.654
233.098 0.697
233.843 0.745
234.603 0.76
235.37 0.767
236.162 0.792
236.963 0.801
237.728 0.765
238.496 0.768
239.233 0.737
239.878 0.645
240.645 0.767
241.006 0.361
241.31 0.304
241.645 0.335
241.978 0.333
242.657 0.679
243.34 0.683
243.716 0.376
243.977 0.261
244.692 0.715
245.36 0.668
246.03 0.67
246.683 0.653
247.317 0.634
247.957 0.64
248.625 0.668
249.309 0.684
250.003 0.694
250.684 0.681
251.336 0.652
251.96 0.624
252.596 0.636
253.271 0.675
253.984 0.713
254.712 0.728
255.456 0.744
256.178 0.722
256.875 0.697
257.567 0.692
258.265 0.698
258.974 0.709
259.725 0.751
260.491 0.766
261.227 0.736
261.971 0.744
262.702 0.731
263.42 0.718
264.11 0.69
264.788 0.678
265.469 0.681
266.216 0.747
266.99 0.774
267.787 0.797
268.5 0.713
268.866 0.366
269.256 0.39
270.09 0.834
270.887 0.797
271.686 0.799
272.499 0.813
273.266 0.767
274.021 0.755
274.786 0.765
275.576 0.79
276.412 0.836
277.202 0.79
277.748 0.546
278.708 0.96
279.491 0.783
280.282 0.791
281.05 0.768
281.481 0.431
281.77 0.289
282.499 0.729
283.262 0.763
284.095 0.833
284.903 0.808
285.638 0.735
286.35 0.712
286.831 0.481
287.675 0.844
288.325 0.65
288.918 0.593
289.551 0.633
290.577 1.026
291.451 0.874
292.307 0.856
293.149 0.842
293.981 0.832
294.794 0.813
295.579 0.785
296.285 0.706
296.601 0.316
296.888 0.287
297.214 0.326
297.614 0.4
297.935 0.321
298.272 0.337
298.553 0.281
298.958 0.405
299.52 0.562
299.828 0.308
300.122 0.294
300.534 0.412
300.833 0.299
301.254 0.421
303.529 2.275
304.702 1.173
305.562 0.86
306.219 0.657
306.899 0.68
307.615 0.716
308.306 0.691
308.71 0.404
308.996 0.286
309.681 0.685
310.361 0.68
311.042 0.681
311.711 0.669
312.04 0.329
312.311 0.271
312.683 0.372
313.074 0.391
313.773 0.699
314.492 0.719
315.192 0.7
315.497 0.305
315.79 0.293
316.054 0.264
316.382 0.328
316.93 0.548
317.228 0.298
319.127 1.899
319.601 0.474
320.314 0.713
320.606 0.292
320.925 0.319
321.552 0.627
321.983 0.431
322.836 0.853
323.271 0.435
324.116 0.845
324.769 0.653
325.426 0.657
326.079 0.653
326.729 0.65
327.044 0.315
327.513 0.469
328.028 0.515
328.453 0.425
329.022 0.569
329.393 0.371
329.715 0.322
330.067 0.352
330.511 0.444
330.783 0.272
331.076 0.293
331.555 0.479
332.011 0.456
332.445 0.434
332.855 0.41
333.305 0.45
333.694 0.389
333.949 0.255
334.2 0.251
334.891 0.691
335.6 0.709
336.3 0.7
336.826 0.526
337.777 0.951
339.166 1.389
339.829 0.663
340.485 0.656
340.934 0.449
341.185 0.251
341.654 0.469
341.905 0.251
342.158 0.253
342.42 0.262
342.75 0.33
343.047 0.297
343.428 0.381
343.722 0.294
344.055 0.333
344.59 0.535
344.923 0.333
345.216 0.293
345.664 0.448
346.196 0.532
346.523 0.327
347.076 0.553
347.407 0.331
347.686 0.279
348.019 0.333
348.282 0.263
348.786 0.504
349.453 0.667
351.046 1.593
351.57 0.524
351.867 0.297
352.219 0.352
352.487 0.268
352.773 0.286
353.063 0.29
353.462 0.399
353.902 0.44
354.338 0.436
354.993 0.655
355.336 0.343
355.69 0.354
356.064 0.374
356.376 0.312
356.673 0.297
357.066 0.393
357.347 0.281
357.782 0.435
358.161 0.379
358.461 0.3
358.774 0.313
359.143 0.369
359.656 0.513
359.919 0.263
360.344 0.425
360.678 0.334
360.94 0.262
361.323 0.383
361.657 0.334
362.268 0.611
362.859 0.591
363.129 0.27
363.486 0.357
364.28 0.794
364.682 0.402
364.986 0.304
365.321 0.335
365.602 0.281
365.856 0.254
366.14 0.284
366.484 0.344
366.797 0.313
367.125 0.328
369.01 1.885
369.599 0.589
370.69 1.091
370.975 0.285
371.383 0.408
372.015 0.632
372.844 0.829
373.476 0.632
374.117 0.641
374.547 0.43
374.861 0.314
375.172 0.311
375.424 0.252
375.729 0.305
376.026 0.297
378.739 2.713
379.583 0.844
382.773 3.19
383.472 0.699
384.158 0.686
384.764 0.606
385.125 0.361
385.536 0.411
385.937 0.401
386.206 0.269
387.014 0.808
387.755 0.741
388.518 0.763
388.864 0.346
389.299 0.435
390.04 0.741
390.871 0.831
391.596 0.725
392.351 0.755
393.103 0.752
393.838 0.735
394.344 0.506
395.277 0.933
395.985 0.708
396.736 0.751
397.532 0.796
398.351 0.819
398.758 0.407
399.136 0.378
399.457 0.321
399.871 0.414
400.149 0.278
400.62 0.471
401.376 0.756
402.137 0.761
402.884 0.747
403.619 0.735
404.386 0.767
405.149 0.763
405.912 0.763
406.62 0.708
407.111 0.491
407.744 0.633
408.649 0.905
409.358 0.709
410.104 0.746
410.595 0.491
410.845 0.25
411.507 0.662
412.304 0.797
413.045 0.741
413.711 0.666
414.564 0.853
415.281 0.717
415.635 0.354
415.966 0.331
416.314 0.348
416.651 0.337
416.919 0.268
417.192 0.273
417.55 0.358
417.803 0.253
418.061 0.258
418.433 0.372
418.803 0.37
419.563 0.76
420.276 0.713
420.579 0.303
420.998 0.419
421.722 0.724
422.417 0.695
423.002 0.585
423.27 0.268
423.55 0.28
423.865 0.315
424.643 0.778
425.453 0.81
426.211 0.758
426.484 0.273
426.783 0.299
427.051 0.268
427.374 0.323
427.686 0.312
427.992 0.306
428.396 0.404
428.953 0.557
429.51 0.557
429.843 0.333
430.117 0.274
430.389 0.272
430.666 0.277
430.982 0.316
431.295 0.313
431.938 0.643
432.318 0.38
432.687 0.369
433.128 0.441
433.402 0.274
434.121 0.719
434.503 0.382
435.514 1.011
436.202 0.688
436.489 0.287
437.278 0.789
438.109 0.831
439.076 0.967
439.393 0.317
439.725 0.332
440.123 0.398
440.805 0.682
441.143 0.338
441.888 0.745
442.513 0.625
442.78 0.267
443.079 0.299
443.487 0.408
443.801 0.314
444.079 0.278
444.403 0.324
444.654 0.251
445.076 0.422
445.327 0.251
445.728 0.401
446.022 0.294
446.426 0.404
446.74 0.314
447.015 0.275
447.284 0.269
447.574 0.29
447.927 0.353
448.189 0.262
448.441 0.252
448.771 0.33
449.206 0.435
449.53 0.324
449.878 0.348
450.158 0.28
450.431 0.273
450.743 0.312
451.151 0.408
451.417 0.266
451.68 0.263
452.098 0.418
452.38 0.282
452.929 0.549
453.328 0.399
453.632 0.304
453.965 0.333
454.75 0.785
455.056 0.306
455.365 0.309
455.663 0.298
455.986 0.323
456.925 0.939
457.204 0.279
457.69 0.486
457.965 0.275
458.218 0.253
458.751 0.533
459.641 0.89
460.085 0.444
460.834 0.749
461.631 0.797
461.928 0.297
462.25 0.322
464.751 2.501
465.004 0.253
465.506 0.502
465.86 0.354
466.212 0.352
467.438 1.226
467.774 0.336
468.187 0.413
468.694 0.507
469.032 0.338
469.321 0.289
469.875 0.554
470.627 0.752
471.087 0.46
471.357 0.27
471.658 0.301
472.205 0.547
472.489 0.284
472.762 0.273
473.556 0.794
474.062 0.506
476.442 2.38
477.846 1.404
479.567 1.721
479.914 0.347
480.479 0.565
480.865 0.386
481.366 0.501
481.747 0.381
482.43 0.683
482.771 0.341
483.193 0.422
483.482 0.289
483.821 0.339
484.395 0.574
484.865 0.47
485.348 0.483
485.66 0.312
485.959 0.299
486.225 0.266
486.514 0.289
486.857 0.343
487.578 0.721
487.942 0.364
488.275 0.333
489.028 0.753
489.478 0.45
489.74 0.262
490.432 0.692
490.731 0.299
491.237 0.506
492.006 0.769
492.28 0.274
492.545 0.265
493.112 0.567
493.366 0.254
493.773 0.407
494.099 0.326
494.563 0.464
495.09 0.527
496.065 0.975
496.394 0.329
496.661 0.267
496.992 0.331
497.767 0.775
498.077 0.31
498.518 0.441
500.847 2.329
501.111 0.264
502.294 1.183
502.958 0.664
503.694 0.736
506.333 2.639
507.263 0.93
510.354 3.091
511.175 0.821
511.981 0.806
512.257 0.276
512.658 0.401
513.146 0.488
513.56 0.414
514.038 0.478
514.334 0.296
514.725 0.391
515.09 0.365
515.555 0.465
517.912 2.357
518.584 0.672
519.257 0.673
519.918 0.661
520.625 0.707
521.411 0.786
522.248 0.837
523.048 0.8
523.81 0.762
524.524 0.714
525.228 0.704
525.92 0.692
526.626 0.706
527.339 0.713
528.04 0.701
528.725 0.685
529.416 0.691
530.17 0.754
530.947 0.777
531.77 0.823
532.563 0.793
533.351 0.788
534.138 0.787
534.905 0.767
535.648 0.743
536.334 0.686
536.95 0.616
537.536 0.586
538.109 0.573
538.685 0.576
539.12 0.435
539.995 0.875
540.647 0.652
541.308 0.661
541.964 0.656
542.65 0.686
543.405 0.755
544.188 0.783
544.929 0.741
545.653 0.724
546.391 0.738
547.136 0.745
547.926 0.79
548.644 0.718
549.305 0.661
549.939 0.634
550.568 0.629
551.231 0.663
552.02 0.789
552.807 0.787
553.564 0.757
554.358 0.794
555.175 0.817
555.983 0.808
556.743 0.76
557.43 0.687
558.086 0.656
558.744 0.658
559.422 0.678
560.162 0.74
560.956 0.794
561.735 0.779
562.487 0.752
563.281 0.794
564.072 0.791
564.852 0.78
565.6 0.748
566.299 0.699
567.015 0.716
567.775 0.76
568.565 0.79
569.337 0.772
570.08 0.743
570.824 0.744
571.588 0.764
572.318 0.73
573.023 0.705
573.72 0.697
574.419 0.699
575.149 0.73
575.878 0.729
576.587 0.709
577.316 0.729
578.05 0.734
578.814 0.764
579.527 0.713
580.2 0.673
580.863 0.663
581.54 0.677
582.232 0.692
582.938 0.706
583.624 0.686
584.317 0.693
585.031 0.714
585.769 0.738
586.49 0.721
587.188 0.698
587.852 0.664
588.532 0.68
589.212 0.68
589.882 0.67
590.542 0.66
591.175 0.633
591.786 0.611
592.402 0.616
593.019 0.617
593.659 0.64
594.329 0.67
594.992 0.663
595.647 0.655
596.281 0.634
596.902 0.621
597.517 0.615
598.144 0.627
598.757 0.613
599.345 0.588
599.918 0.573
600.483 0.565
601.048 0.565
601.52 0.472
602.172 0.652
602.716 0.544
603.245 0.529
603.742 0.497
604.31 0.568
604.856 0.546
605.468 0.612
606.112 0.644