0.000 0.833
0.833 0.833
1.584 0.751
2.388 0.804
3.263 0.875
4.092 0.829
4.897 0.805
5.835 0.938
6.779 0.944
7.623 0.844
8.527 0.904
9.431 0.904
10.31 0.879
11.16 0.85
11.919 0.759
12.74 0.821
13.606 0.866
14.396 0.79
15.311 0.915
16.316 1.005
17.221 0.905
18.156 0.935
18.975 0.819
19.775 0.8
20.541 0.766
21.284 0.743
21.987 0.703
22.67 0.683
23.313 0.643
24.027 0.714
24.86 0.833
25.725 0.865
26.515 0.79
27.323 0.808
28.113 0.79
28.96 0.847
29.842 0.882
30.722 0.88
31.576 0.854
32.366 0.79
33.17 0.804
34.006 0.836
34.859 0.853
35.733 0.874
36.685 0.952
37.626 0.941
38.545 0.919
39.491 0.946
40.318 0.827
41.178 0.86
42.139 0.961
43.054 0.915
43.908 0.854
44.806 0.898
45.606 0.8
46.442 0.836
47.309 0.867
48.185 0.876
48.995 0.81
49.844 0.849
50.74 0.896
51.639 0.899
52.467 0.828
53.237 0.77
54.008 0.771
54.82 0.812
55.648 0.828
56.441 0.793
57.257 0.816
58.03 0.773
58.743 0.713
59.431 0.688
60.153 0.722
61.099 0.946
62.042 0.943
62.968 0.926
63.887 0.919
64.754 0.867
65.566 0.812
71.335 5.769
71.998 0.663
72.759 0.761
73.804 1.045
74.679 0.875
75.497 0.818
76.361 0.864
77.316 0.955
78.319 1.003
79.224 0.905
80.171 0.947
81.129 0.958
81.986 0.857
82.858 0.872
83.752 0.894
84.6 0.848
85.398 0.798
86.242 0.844
87.094 0.852
87.908 0.814
88.816 0.908
89.767 0.951
90.692 0.925
91.48 0.788
92.29 0.81
93.152 0.862
93.965 0.813
94.793 0.828
95.676 0.883
96.533 0.857
97.353 0.82
98.208 0.855
99.111 0.903
99.902 0.791
100.753 0.851
101.611 0.858
102.479 0.868
103.27 0.791
104.076 0.806
104.886 0.81
105.621 0.735
106.318 0.697
107.028 0.71
107.883 0.855
108.761 0.878
109.64 0.879
110.426 0.786
111.266 0.84
112.183 0.917
113.019 0.836
113.74 0.721
114.42 0.68
115.081 0.661
115.756 0.675
116.895 1.139
117.889 0.994
118.87 0.981
119.854 0.984
120.84 0.986
121.803 0.963
122.647 0.844
123.352 0.705
124.038 0.686
124.809 0.771
125.789 0.98
126.724 0.935
127.547 0.823
128.422 0.875
129.3 0.878
130.172 0.872
131.002 0.83
131.781 0.779
132.541 0.76
133.281 0.74
133.979 0.698
134.653 0.674
135.512 0.859
136.437 0.925
137.27 0.833
138.145 0.875
139.015 0.87
139.775 0.76
140.49 0.715
141.184 0.694
141.955 0.771
142.78 0.825
143.591 0.811
144.43 0.839
145.31 0.88
146.11 0.8
146.917 0.807
147.726 0.809
148.537 0.811
149.374 0.837
150.152 0.778
151.089 0.937
152.079 0.99
152.961 0.882
153.742 0.781
154.493 0.751
155.317 0.824
156.113 0.796
156.885 0.772
157.658 0.773
158.429 0.771
159.175 0.746
159.89 0.715
160.594 0.704
161.293 0.699
161.959 0.666
162.669 0.71
163.605 0.936
164.526 0.921
165.409 0.883
166.223 0.814
167.094 0.871
167.998 0.904
168.85 0.852
169.613 0.763
170.369 0.756
171.206 0.837
172.142 0.936
173.086 0.944
173.999 0.913
174.825 0.826
175.682 0.857
176.58 0.898
177.462 0.882
178.262 0.8
179.09 0.828
180.001 0.911
180.932 0.931
181.818 0.886
182.622 0.804
183.469 0.847
184.378 0.909
185.237 0.859
186.04 0.803
186.9 0.86
187.75 0.85
188.584 0.834
189.332 0.748
190.01 0.678
190.654 0.644
191.287 0.633
191.928 0.641
192.718 0.79
193.642 0.924
194.539 0.897
195.337 0.798
196.182 0.845
197.08 0.898
197.952 0.872
198.747 0.795
199.582 0.835
200.446 0.864
201.27 0.824
202.057 0.787
202.881 0.824
203.667 0.786
204.432 0.765
205.207 0.775
206.03 0.823
206.788 0.758
207.549 0.761
208.323 0.774
209.135 0.812
209.942 0.807
210.652 0.71
211.338 0.686
212.064 0.726
213.091 1.027
214.083 0.992
215.068 0.985
216.002 0.934
216.95 0.948
217.89 0.94
218.798 0.908
219.7 0.902
220.625 0.925
221.575 0.95
222.489 0.914
223.401 0.912
224.309 0.908
225.248 0.939
226.149 0.901
226.942 0.793
227.734 0.792
228.533 0.799
229.378 0.845
230.268 0.89
231.089 0.821
231.945 0.856
232.811 0.866
233.687 0.876
234.538 0.851
235.315 0.777
236.072 0.757
236.864 0.792
237.712 0.848
238.58 0.868
239.405 0.825
240.243 0.838
241.116 0.873
242.0 0.884
242.814 0.814
243.68 0.866
244.586 0.906
245.456 0.87
246.352 0.896
247.267 0.915
248.057 0.79
248.847 0.79
249.583 0.736
250.315 0.732
251.095 0.78
251.886 0.791
252.612 0.726
253.308 0.696
254.029 0.721
254.753 0.724
255.43 0.677
256.111 0.681
256.813 0.702
257.553 0.74
258.272 0.719
258.97 0.698
259.683 0.713
260.428 0.745
261.216 0.788
262.06 0.844
262.808 0.748
263.566 0.758
264.349 0.783
265.149 0.8
265.925 0.776
266.68 0.755
267.459 0.779
268.268 0.809
269.07 0.802
269.88 0.81
270.711 0.831
271.518 0.807
272.321 0.803
273.086 0.765
273.83 0.744
274.548 0.718
275.229 0.681
275.916 0.687
276.673 0.757
277.408 0.735
278.187 0.779
278.959 0.772
279.635 0.676
280.301 0.666
281.006 0.705
282.009 1.003
282.941 0.932
283.79 0.849
284.534 0.744
285.278 0.744
286.072 0.794
286.884 0.812
287.724 0.84
288.663 0.939
289.525 0.862
290.337 0.812
291.198 0.861
292.066 0.868
292.829 0.763
293.618 0.789
294.475 0.857
295.371 0.896
296.262 0.891
297.114 0.852
297.849 0.735
298.543 0.694
299.239 0.696
299.936 0.697
300.698 0.762
301.619 0.921
302.512 0.893
303.288 0.776
304.084 0.796
304.907 0.823
305.804 0.897
306.599 0.795
307.462 0.863
308.377 0.915
309.205 0.828
309.944 0.739
310.72 0.776
311.533 0.813
312.265 0.732
312.964 0.699
313.744 0.78
314.587 0.843
315.581 0.994
316.511 0.93
317.393 0.882
318.26 0.867
319.015 0.755
319.761 0.746
320.461 0.7
321.185 0.724
321.914 0.729
322.69 0.776
323.498 0.808
324.375 0.877
325.225 0.85
325.953 0.728
326.677 0.724
327.398 0.721
328.166 0.768
328.972 0.806
329.76 0.788
330.551 0.791
331.373 0.822
332.17 0.797
332.905 0.735
333.656 0.751
334.427 0.771
335.113 0.686
335.772 0.659
336.479 0.707
337.351 0.872
338.126 0.775
338.93 0.804
339.866 0.936
340.662 0.796
341.464 0.802
342.308 0.844
343.173 0.865
343.957 0.784
344.826 0.869
345.718 0.892
346.57 0.852
347.356 0.786
348.219 0.863
349.161 0.942
350.125 0.964
351.008 0.883
351.821 0.813
352.677 0.856
353.551 0.874
354.328 0.777
355.178 0.85
356.065 0.887
356.955 0.89
357.734 0.779
358.529 0.795
359.371 0.842
360.247 0.876
361.069 0.822
361.877 0.808
362.703 0.826
363.543 0.84
364.344 0.801
365.187 0.843
366.101 0.914
367.021 0.92
367.879 0.858
368.666 0.787
369.486 0.82
370.349 0.863
371.167 0.818
371.95 0.783
372.801 0.851
373.686 0.885
374.492 0.806
375.349 0.857
376.229 0.88
377.056 0.827
377.869 0.813
378.733 0.864
379.575 0.842
380.341 0.766
381.148 0.807
381.98 0.832
382.758 0.778
383.514 0.756
384.299 0.785
385.128 0.829
385.87 0.742
386.629 0.759
387.349 0.72
388.109 0.76
388.913 0.804
389.696 0.783
390.472 0.776
391.277 0.805
392.069 0.792
392.808 0.739
393.586 0.778
394.33 0.744
395.108 0.778
395.917 0.809
396.718 0.801
397.56 0.842
398.422 0.862
399.253 0.831
400.051 0.798
400.77 0.719
401.442 0.672
402.087 0.645
402.745 0.658
403.413 0.668
404.107 0.694
404.978 0.871
405.92 0.942
406.783 0.863
407.624 0.841
408.474 0.85
409.328 0.854
410.084 0.756
410.829 0.745
411.586 0.757
412.353 0.767
413.082 0.729
413.921 0.839
414.814 0.893
415.614 0.8
416.329 0.715
417.005 0.676
417.733 0.728
418.603 0.87
419.312 0.709
419.971 0.659
420.635 0.664
421.346 0.711
422.327 0.981
423.286 0.959
424.173 0.887
425.053 0.88
425.897 0.844
426.655 0.758
427.329 0.674
427.984 0.655
428.655 0.671
429.402 0.747
430.216 0.814
431.007 0.791
431.835 0.828
432.67 0.835
433.47 0.8
434.349 0.879
435.272 0.923
436.137 0.865
436.888 0.751
437.63 0.742
438.443 0.813
439.439 0.996
440.332 0.893
441.224 0.892
442.102 0.878
442.913 0.811
443.685 0.772
444.442 0.757
445.236 0.794
445.998 0.762
446.742 0.744
447.561 0.819
448.468 0.907
449.278 0.81
450.135 0.857
451.077 0.942
452.01 0.933
452.92 0.91
453.699 0.779
454.447 0.748
455.176 0.729
456.076 0.9
456.961 0.885
457.765 0.804
458.663 0.898
459.639 0.976
460.536 0.897
461.309 0.773
462.089 0.78
462.898 0.809
463.634 0.736
464.365 0.731
465.136 0.771
465.914 0.778
466.619 0.705
467.284 0.665
467.926 0.642
468.605 0.679
469.339 0.734
470.053 0.714
470.713 0.66
471.388 0.675
472.127 0.739
472.901 0.774
473.627 0.726
474.416 0.789
475.32 0.904
476.143 0.823
476.932 0.789
477.722 0.79
482.947 0.711
483.713 0.766
484.461 0.748
485.136 0.675
485.809 0.673
486.534 0.725
487.33 0.796
488.125 0.795
488.838 0.713
489.589 0.751
490.386 0.797
491.173 0.787
491.934 0.761
492.701 0.767
493.493 0.792
494.242 0.749
494.922 0.68
495.597 0.675
496.307 0.71
497.129 0.822
497.861 0.732
498.636 0.775
499.46 0.824
500.3 0.84
501.08 0.78
501.848 0.768
502.591 0.743
503.287 0.696
503.968 0.681
504.667 0.699
505.422 0.755
506.25 0.828
507.122 0.872
507.923 0.801
508.653 0.73
509.41 0.757
510.212 0.802
511.05 0.838
511.887 0.837
512.628 0.741
513.307 0.679
513.949 0.642
514.567 0.618
515.181 0.614
515.849 0.668
516.748 0.899
517.639 0.891
518.528 0.889
519.348 0.82
520.091 0.743
520.89 0.799
521.754 0.864
522.592 0.838
523.334 0.742
524.137 0.803
524.973 0.836
525.757 0.784
526.58 0.823
527.439 0.859
528.264 0.825
529.012 0.748
529.776 0.764
530.587 0.811
531.395 0.808
532.136 0.741
532.909 0.773
533.763 0.854
534.599 0.836
535.389 0.79
536.136 0.747
536.859 0.723
537.581 0.722
538.326 0.745
539.037 0.711
539.769 0.732
540.593 0.824
541.372 0.779
542.23 0.858
543.154 0.924
544.001 0.847
544.853 0.852
545.667 0.814
546.368 0.701
547.038 0.67
547.7 0.662
548.436 0.736
549.221 0.785
549.944 0.723
550.656 0.712
551.322 0.666
551.961 0.639
552.587 0.626
553.22 0.633
553.954 0.734
554.803 0.849
555.633 0.83
555.963 0.33
556.226 0.263
556.488 0.262
556.928 0.44
557.561 0.633
558.18 0.619
558.786 0.606
559.384 0.598
560.091 0.707
561.062 0.971
561.965 0.903
562.805 0.84
563.647 0.842
564.431 0.784
565.155 0.724
565.825 0.67
566.492 0.667
567.194 0.702
567.918 0.724
568.624 0.706
569.283 0.659
569.908 0.625
570.55 0.642
571.282 0.732
572.016 0.734
572.802 0.786
573.609 0.807
574.44 0.831
575.267 0.827
576.09 0.823
576.895 0.805
577.665 0.77
578.435 0.77
579.202 0.767
579.907 0.705
580.631 0.724
581.443 0.812
581.745 0.302
582.345 0.6
583.166 0.821
583.901 0.735
584.649 0.748
585.438 0.789
586.181 0.743
586.94 0.759
587.743 0.803
588.556 0.813
589.315 0.759
590.097 0.782
590.931 0.834
591.74 0.809
592.474 0.734
593.215 0.741
593.963 0.748
594.75 0.787
595.576 0.826
596.436 0.86
597.295 0.859
598.104 0.809
598.839 0.735
599.579 0.74
600.382 0.803
601.182 0.8
601.9 0.718
602.63 0.73