0.000 0.947
0.947 0.947
1.862 0.915
2.749 0.887
3.637 0.888
4.516 0.879
5.394 0.878
6.257 0.863
7.152 0.895
8.033 0.881
8.895 0.862
9.748 0.853
10.544 0.796
11.37 0.826
12.168 0.798
13.018 0.85
13.938 0.92
14.848 0.91
15.727 0.879
16.615 0.888
17.486 0.871
18.358 0.872
19.262 0.904
20.177 0.915
21.126 0.949
22.124 0.998
23.125 1.001
24.133 1.008
25.1 0.967
26.023 0.923
26.969 0.946
27.87 0.901
28.742 0.872
29.633 0.891
30.563 0.93
31.517 0.954
32.473 0.956
33.382 0.909
34.29 0.908
35.196 0.906
36.102 0.906
37.016 0.914
37.937 0.921
38.866 0.929
39.812 0.946
40.758 0.946
41.697 0.939
42.671 0.974
43.66 0.989
44.656 0.996
45.625 0.969
46.567 0.942
47.498 0.931
48.431 0.933
49.367 0.936
50.304 0.937
51.247 0.943
52.18 0.933
53.121 0.941
54.03 0.909
54.892 0.862
55.728 0.836
56.584 0.856
57.5 0.916
58.563 1.063
59.581 1.018
60.514 0.933
61.442 0.928
62.364 0.922
63.255 0.891
64.127 0.872
64.978 0.851
65.808 0.83
66.653 0.845
67.486 0.833
68.311 0.825
69.169 0.858
70.059 0.89
70.987 0.928
71.934 0.947
72.894 0.96
73.843 0.949
74.73 0.887
75.559 0.829
76.349 0.79
77.12 0.771
77.905 0.785
78.788 0.883
79.895 1.107
80.95 1.055
81.989 1.039
83.033 1.044
84.047 1.014
85.048 1.001
86.023 0.975
86.978 0.955
87.93 0.952
88.911 0.981
89.906 0.995
90.899 0.993
91.887 0.988
92.861 0.974
93.808 0.947
94.682 0.874
95.553 0.871
96.413 0.86
97.307 0.894
98.234 0.927
99.174 0.94
100.141 0.967
101.117 0.976
102.077 0.96
103.037 0.96
103.969 0.932
104.894 0.925
105.815 0.921
106.734 0.919
107.668 0.934
108.594 0.926
109.529 0.935
110.482 0.953
111.427 0.945
112.363 0.936
113.25 0.887
114.152 0.902
115.033 0.881
115.953 0.92
116.897 0.944
117.861 0.964
118.859 0.998
119.82 0.961
120.743 0.923
121.657 0.914
122.556 0.899
123.451 0.895
124.306 0.855
125.179 0.873
126.05 0.871
126.94 0.89
127.819 0.879
128.692 0.873
129.58 0.888
130.486 0.906
131.419 0.933
132.311 0.892
133.194 0.883
134.076 0.882
134.953 0.877
135.8 0.847
136.644 0.844
137.495 0.851
138.367 0.872
139.229 0.862
140.093 0.864
140.998 0.905
141.933 0.935
142.864 0.931
143.727 0.863
144.566 0.839
145.4 0.834
146.223 0.823
147.061 0.838
147.906 0.845
148.764 0.858
149.635 0.871
150.533 0.898
151.459 0.926
152.365 0.906
153.229 0.864
154.08 0.851
154.914 0.834
155.715 0.801
156.521 0.806
157.355 0.834
158.228 0.873
159.133 0.905
160.044 0.911
160.897 0.853
161.735 0.838
162.562 0.827
163.4 0.838
164.254 0.854
165.131 0.877
166.027 0.896
166.928 0.901
167.787 0.859
168.616 0.829
169.459 0.843
170.322 0.863
171.198 0.876
172.08 0.882
172.962 0.882
173.865 0.903
174.771 0.906
175.693 0.922
176.611 0.918
177.491 0.88
178.375 0.884
179.244 0.869
180.128 0.884
181.044 0.916
181.978 0.934
182.893 0.915
183.75 0.857
184.606 0.856
185.474 0.868
186.354 0.88
187.27 0.916
188.166 0.896
189.026 0.86
189.906 0.88
190.796 0.89
191.706 0.91
192.634 0.928
193.559 0.925
194.479 0.92
195.386 0.907
196.281 0.895
197.158 0.877
198.028 0.87
198.892 0.864
199.79 0.898
200.758 0.968
201.8 1.042
202.833 1.033
203.86 1.027
204.85 0.99
205.805 0.955
206.711 0.906
207.596 0.885
208.448 0.852
209.299 0.851
210.179 0.88
211.123 0.944
212.104 0.981
213.092 0.988
214.089 0.997
215.096 1.007
216.045 0.949
216.995 0.95
217.928 0.933
218.881 0.953
219.849 0.968
220.817 0.968
221.761 0.944
222.716 0.955
223.669 0.953
224.574 0.905
225.455 0.881
226.353 0.898
227.289 0.936
228.224 0.935
229.175 0.951
230.152 0.977
231.145 0.993
232.124 0.979
233.086 0.962
234.03 0.944
234.966 0.936
235.907 0.941
236.839 0.932
237.738 0.899
238.655 0.917
239.581 0.926
240.518 0.937
241.462 0.944
242.412 0.95
243.318 0.906
244.212 0.894
245.134 0.922
246.085 0.951
247.054 0.969
248.015 0.961
248.942 0.927
249.854 0.912
250.773 0.919
251.657 0.884
252.544 0.887
253.448 0.904
254.329 0.881
255.212 0.883
256.109 0.897
257.042 0.933
258.038 0.996
259.05 1.012
260.017 0.967
260.982 0.965
261.94 0.958
262.887 0.947
263.848 0.961
264.765 0.917
265.657 0.892
266.573 0.916
267.525 0.952
268.5 0.975
269.434 0.934
270.377 0.943
271.323 0.946
272.284 0.961
273.25 0.966
274.213 0.963
275.135 0.922
276.066 0.931
277.017 0.951
277.945 0.928
278.893 0.948
279.857 0.964
280.813 0.956
281.711 0.898
282.623 0.912
283.547 0.924
284.501 0.954
285.472 0.971
286.448 0.976
287.413 0.965
288.376 0.963
289.255 0.879
290.109 0.854
290.978 0.869
291.86 0.882
292.768 0.908
293.725 0.957
294.704 0.979
295.691 0.987
296.68 0.989
297.647 0.967
298.604 0.957
299.57 0.966
300.534 0.964
301.497 0.963
302.399 0.902
303.237 0.838
304.079 0.842
304.942 0.863
305.959 1.017
307.093 1.134
308.142 1.049
309.203 1.061
310.19 0.987
311.22 1.03
312.254 1.034
313.258 1.004
314.257 0.999
315.239 0.982
316.199 0.96
317.141 0.942
318.064 0.923
318.997 0.933
319.956 0.959
320.939 0.983
321.957 1.018
322.996 1.039
324.044 1.048
325.082 1.038
326.074 0.992
327.025 0.951
327.984 0.959
328.951 0.967
329.922 0.971
330.866 0.944
331.798 0.932
332.785 0.987
333.802 1.017
334.821 1.019
335.769 0.948
336.711 0.942
337.648 0.937
338.574 0.926
339.488 0.914
340.381 0.893
341.275 0.894
342.173 0.898
343.069 0.896
343.953 0.884
344.848 0.895
345.727 0.879
346.629 0.902
347.49 0.861
348.349 0.859
349.225 0.876
350.127 0.902
351.037 0.91
351.992 0.955
352.992 1.0
354.0 1.008
354.967 0.967
355.901 0.934
356.823 0.922
357.753 0.93
358.701 0.948
359.635 0.934
360.569 0.934
361.487 0.918
362.387 0.9
363.286 0.899
364.209 0.923
365.163 0.954
366.162 0.999
367.146 0.984
368.168 1.022
369.212 1.044
370.196 0.984
371.124 0.928
372.037 0.913
372.949 0.912
373.88 0.931
374.816 0.936
375.782 0.966
376.739 0.957
377.698 0.959
378.63 0.932
379.587 0.957
380.562 0.975
381.512 0.95
382.435 0.923
383.325 0.89
384.201 0.876
385.046 0.845
385.901 0.855
386.742 0.841
387.57 0.828
388.409 0.839
389.268 0.859
390.19 0.922
391.133 0.943
392.079 0.946
393.051 0.972
394.028 0.977
394.983 0.955
395.887 0.904
396.848 0.961
397.867 1.019
398.895 1.028
399.912 1.017
400.887 0.975
401.808 0.921
402.712 0.904
403.632 0.92
404.548 0.916
405.461 0.913
406.326 0.865
407.176 0.85
408.027 0.851
408.887 0.86
409.798 0.911
410.78 0.982
411.765 0.985
412.756 0.991
413.738 0.982
414.649 0.911
415.564 0.915
416.468 0.904
417.403 0.935
418.379 0.976
419.346 0.967
420.345 0.999
421.341 0.996
422.307 0.966
423.231 0.924
424.164 0.933
425.09 0.926
426.034 0.944
426.96 0.926
427.844 0.884
428.738 0.894
429.65 0.912
430.592 0.942
431.548 0.956
432.497 0.949
433.438 0.941
434.377 0.939
435.294 0.917
436.211 0.917
437.123 0.912
438.036 0.913
438.943 0.907
439.874 0.931
440.826 0.952
441.793 0.967
442.745 0.952
443.642 0.897
444.543 0.901
445.429 0.886
446.332 0.903
447.253 0.921
448.171 0.918
449.128 0.957
450.096 0.968
451.074 0.978
452.028 0.954
452.989 0.961
453.931 0.942
454.824 0.893
455.678 0.854
456.535 0.857
457.41 0.875
458.317 0.907
459.224 0.907
460.174 0.95
461.167 0.993
462.115 0.948
463.049 0.934
463.998 0.949
464.947 0.949
465.872 0.925
466.784 0.912
467.7 0.916
468.624 0.924
469.57 0.946
470.54 0.97
471.523 0.983
472.491 0.968
473.432 0.941
474.379 0.947
475.312 0.933
476.247 0.935
477.131 0.884
478.011 0.88
478.893 0.882
479.854 0.961
480.825 0.971
481.821 0.996
482.844 1.023
483.864 1.02
484.844 0.98
485.829 0.985
486.811 0.982
487.77 0.959
488.698 0.928
489.634 0.936
490.58 0.946
491.537 0.957
492.447 0.91
493.366 0.919
494.319 0.953
495.28 0.961
496.213 0.933
497.136 0.923
498.065 0.929
499.006 0.941
499.927 0.921
500.859 0.932
501.784 0.925
502.695 0.911
503.585 0.89
504.491 0.906
505.416 0.925
506.347 0.931
507.271 0.924
508.223 0.952
509.194 0.971
510.185 0.991
511.144 0.959
512.098 0.954
513.062 0.964
514.02 0.958
514.929 0.909
515.827 0.898
516.747 0.92
517.708 0.961
518.767 1.059
519.843 1.076
520.851 1.008
521.779 0.928
522.706 0.927
523.634 0.928
524.582 0.948
525.541 0.959
526.464 0.923
527.392 0.928
528.32 0.928
529.245 0.925
530.148 0.903
531.079 0.931
532.021 0.942
532.958 0.937
533.862 0.904
534.784 0.922
535.708 0.924
536.636 0.928
537.553 0.917
538.469 0.916
539.388 0.919
540.316 0.928
541.219 0.903
542.104 0.885
543.01 0.906
543.922 0.912
544.835 0.913
545.683 0.848
546.511 0.828
547.328 0.817
548.162 0.834
549.031 0.869
549.895 0.864
550.776 0.881
551.648 0.872
552.523 0.875
553.377 0.854
554.228 0.851
555.088 0.86
555.953 0.865
556.822 0.869
557.678 0.856
558.547 0.869
559.416 0.869
560.298 0.882
561.206 0.908
562.127 0.921
563.055 0.928
563.978 0.923
564.93 0.952
565.933 1.003
566.948 1.015
567.934 0.986
568.876 0.942
569.839 0.963
570.825 0.986
571.829 1.004
572.841 1.012
573.856 1.015
574.862 1.006
575.846 0.984
576.774 0.928
577.691 0.917
578.598 0.907
579.456 0.858
580.299 0.843
581.151 0.852
582.054 0.903
582.981 0.927
583.872 0.891
584.809 0.937
585.75 0.941
586.686 0.936
587.596 0.91
588.51 0.914
589.408 0.898
590.285 0.877
591.133 0.848
591.949 0.816
592.773 0.824
593.604 0.831
594.456 0.852
595.348 0.892
596.253 0.905
597.151 0.898
598.034 0.883
598.949 0.915
599.88 0.931
600.813 0.933
601.724 0.911
602.572 0.848
603.406 0.834