0.000 0.978
0.978 0.978
1.991 1.013
3.002 1.011
4.034 1.032
5.055 1.021
6.029 0.974
7.005 0.976
8.013 1.008
9.047 1.034
10.087 1.04
11.125 1.038
12.197 1.072
13.27 1.073
14.321 1.051
15.348 1.027
16.288 0.94
17.177 0.889
18.078 0.901
19.024 0.946
20.079 1.055
21.163 1.084
22.214 1.051
23.259 1.045
24.309 1.05
25.38 1.071
26.406 1.026
27.446 1.04
28.543 1.097
29.658 1.115
30.686 1.028
31.712 1.026
32.79 1.078
33.89 1.1
34.932 1.042
35.99 1.058
37.023 1.033
38.019 0.996
38.978 0.959
40.009 1.031
41.094 1.085
42.155 1.061
43.167 1.012
44.203 1.036
45.276 1.073
46.339 1.063
47.357 1.018
48.367 1.01
49.425 1.058
50.486 1.061
51.533 1.047
52.569 1.036
53.602 1.033
54.635 1.033
55.647 1.012
56.703 1.056
57.789 1.086
58.826 1.037
59.825 0.999
60.84 1.015
61.888 1.048
62.948 1.06
64.013 1.065
65.116 1.103
66.225 1.109
67.299 1.074
68.373 1.074
69.437 1.064
70.493 1.056
71.537 1.044
72.617 1.08
73.715 1.098
74.757 1.042
75.827 1.07
76.925 1.098
78.016 1.091
79.068 1.052
80.125 1.057
81.192 1.067
82.248 1.056
83.31 1.062
84.347 1.037
85.303 0.956
86.255 0.952
87.194 0.939
88.121 0.927
89.083 0.962
90.095 1.012
91.079 0.984
92.07 0.991
93.077 1.007
94.081 1.004
95.064 0.983
96.042 0.978
97.014 0.972
98.0 0.986
98.954 0.954
99.954 1.0
101.009 1.055
102.075 1.066
103.115 1.04
104.21 1.095
105.313 1.103
106.368 1.055
107.405 1.037
108.444 1.039
109.444 1.0
110.422 0.978
111.423 1.001
112.454 1.031
113.46 1.006
114.491 1.031
115.576 1.085
116.687 1.111
117.733 1.046
118.802 1.069
119.87 1.068
120.905 1.035
121.926 1.021
122.984 1.058
124.07 1.086
125.108 1.038
126.179 1.071
127.262 1.083
128.301 1.039
129.26 0.959
130.219 0.959
131.196 0.977
132.216 1.02
133.237 1.021
134.297 1.06
135.34 1.043
136.348 1.008
137.368 1.02
138.396 1.028
139.417 1.021
140.453 1.036
141.516 1.063
142.595 1.079
143.646 1.051
144.721 1.075
145.759 1.038
146.73 0.971
147.682 0.952
148.672 0.99
149.761 1.089
150.86 1.099
151.953 1.093
153.079 1.126
154.187 1.108
155.251 1.064
156.321 1.07
157.402 1.081
158.443 1.041
159.516 1.073
160.653 1.137
161.815 1.162
162.922 1.107
164.07 1.148
165.234 1.164
166.338 1.104
167.403 1.065
168.484 1.081
169.556 1.072
170.59 1.034
171.604 1.014
172.589 0.985
173.654 1.065
174.702 1.048
175.782 1.08
176.889 1.107
177.958 1.069
178.972 1.014
180.018 1.046
181.089 1.071
182.171 1.082
183.208 1.037
184.29 1.082
185.396 1.106
186.502 1.106
187.588 1.086
188.728 1.14
189.874 1.146
190.987 1.113
192.108 1.121
193.227 1.119
194.288 1.061
195.39 1.102
196.517 1.127
197.63 1.113
198.751 1.121
199.879 1.128
200.974 1.095
202.074 1.1
203.189 1.115
204.314 1.125
205.388 1.074
206.51 1.122
207.607 1.097
208.647 1.04
209.7 1.053
210.836 1.136
211.987 1.151
213.085 1.098
214.217 1.132
215.35 1.133
216.414 1.064
217.49 1.076
218.57 1.08
219.644 1.074
220.699 1.055
221.775 1.076
222.864 1.089
223.92 1.056
225.012 1.092
226.136 1.124
227.22 1.084
228.333 1.113
229.449 1.116
230.508 1.059
231.577 1.069
232.658 1.081
233.734 1.076
234.835 1.101
235.978 1.143
237.125 1.147
238.206 1.081
239.326 1.12
240.482 1.156
241.629 1.147
242.74 1.111
243.876 1.136
244.993 1.117
246.087 1.094
247.213 1.126
248.32 1.107
249.401 1.081
250.503 1.102
251.598 1.095
252.65 1.052
253.71 1.06
254.797 1.087
255.892 1.095
256.933 1.041
257.993 1.06
259.075 1.082
260.109 1.034
261.174 1.065
262.153 0.979
263.142 0.989
264.136 0.994
265.091 0.955
266.082 0.991
267.072 0.99
268.079 1.007
269.072 0.993
270.105 1.033
271.19 1.085
272.277 1.087
273.299 1.022
274.328 1.029
275.354 1.026
276.408 1.054
277.423 1.015
278.473 1.05
279.559 1.086
280.651 1.092
281.687 1.036
282.743 1.056
283.788 1.045
284.817 1.029
285.835 1.018
286.906 1.071
288.028 1.122
289.112 1.084
290.16 1.048
291.235 1.075
292.297 1.062
293.289 0.992
294.305 1.016
295.359 1.054
296.407 1.048
297.436 1.029
298.5 1.064
299.602 1.102
300.669 1.067
301.704 1.035
302.767 1.063
303.847 1.08
304.848 1.001
305.863 1.015
306.92 1.057
308.02 1.1
309.054 1.034
310.096 1.042
311.097 1.001
312.088 0.991
313.035 0.947
313.998 0.963
314.988 0.99
316.044 1.056
317.078 1.034
318.148 1.07
319.209 1.061
320.212 1.003
321.107 0.895
321.979 0.872
322.854 0.875
323.782 0.928
324.79 1.008
325.665 0.875
326.55 0.885
327.458 0.908
328.441 0.983
329.478 1.037
330.528 1.05
331.567 1.039
332.596 1.029
333.606 1.01
334.575 0.969
335.528 0.953
336.505 0.977
337.532 1.027
338.586 1.054
339.649 1.063
340.722 1.073
341.806 1.084
342.921 1.115
344.029 1.108
345.081 1.052
346.162 1.081
347.247 1.085
348.305 1.058
349.311 1.006
350.372 1.061
351.458 1.086
352.589 1.131
353.678 1.089
354.811 1.133
355.946 1.135
357.047 1.101
358.139 1.092
359.221 1.082
360.302 1.081
361.344 1.042
362.423 1.079
363.53 1.107
364.635 1.105
365.693 1.058
366.77 1.077
367.858 1.088
368.903 1.045
369.984 1.081
371.076 1.092
372.136 1.06
373.196 1.06
374.272 1.076
375.34 1.068
376.357 1.017
377.394 1.037
378.465 1.071
379.514 1.049
380.574 1.06
381.662 1.088
382.764 1.102
383.805 1.041
384.833 1.028
385.785 0.952
386.764 0.979
387.722 0.958
388.681 0.959
389.694 1.013
390.761 1.067
391.842 1.081
392.921 1.079
393.999 1.078
395.055 1.056
396.084 1.029
397.114 1.03
398.178 1.064
399.217 1.039
400.282 1.065
401.377 1.095
402.481 1.104
403.533 1.052
404.617 1.084
405.7 1.083
406.757 1.057
407.823 1.066
408.901 1.078
409.946 1.045
410.948 1.002
411.985 1.037
413.061 1.076
414.131 1.07
415.156 1.025
416.196 1.04
417.231 1.035
418.223 0.992
419.215 0.992
420.246 1.031
421.27 1.024
422.32 1.05
423.403 1.083
424.487 1.084
425.52 1.033
426.569 1.049
427.616 1.047
428.653 1.037
429.648 0.995
430.643 0.995
431.62 0.977
432.576 0.956
433.594 1.018
434.637 1.043
435.664 1.027
436.71 1.046
437.752 1.042
438.799 1.047
439.793 0.994
440.802 1.009
441.837 1.035
442.866 1.029
443.901 1.035
444.993 1.092
446.057 1.064
447.046 0.989
448.007 0.961
449.016 1.009
450.08 1.064
451.124 1.044
452.141 1.017
453.178 1.037
454.217 1.039
455.222 1.005
456.25 1.028
457.298 1.048
458.351 1.053
459.398 1.047
460.479 1.081
461.588 1.109
462.632 1.044
463.718 1.086
464.854 1.136
465.972 1.118
467.039 1.067
468.123 1.084
469.224 1.101
470.282 1.058
471.364 1.082
472.463 1.099
473.519 1.056
474.604 1.085
475.706 1.102
476.786 1.08
477.881 1.095
478.977 1.096
480.027 1.05
481.083 1.056
482.13 1.047
483.194 1.064
484.225 1.031
485.323 1.098
486.455 1.132
487.578 1.123
488.719 1.141
489.873 1.154
490.961 1.088
491.976 1.015
492.998 1.022
494.044 1.046
495.109 1.065
496.245 1.136
497.404 1.159
498.508 1.104
499.601 1.093
500.7 1.099
501.772 1.072
502.824 1.052
503.896 1.072
504.966 1.07
505.985 1.019
507.067 1.082
508.171 1.104
509.268 1.097
510.36 1.092
511.46 1.1
512.533 1.073
513.614 1.081
514.729 1.115
515.864 1.135
516.955 1.091
518.059 1.104
519.192 1.133
520.275 1.083
521.35 1.075
522.423 1.073
523.454 1.031
524.5 1.046
525.584 1.084
526.663 1.079
527.708 1.045
528.799 1.091
529.932 1.133
531.017 1.085
532.088 1.071
533.171 1.083
534.251 1.08
535.28 1.029
536.317 1.037
537.389 1.072
538.473 1.084
539.535 1.062
540.662 1.127
541.787 1.125
542.873 1.086
543.964 1.091
545.076 1.112
546.151 1.075
547.178 1.027
548.27 1.092
549.389 1.119
550.478 1.089
551.597 1.119
552.738 1.141
553.828 1.09
554.889 1.061
555.934 1.045
556.94 1.006
557.952 1.012
559.015 1.063
560.091 1.076
561.17 1.079
562.254 1.084
563.333 1.079
564.37 1.037
565.468 1.098
566.611 1.143
567.733 1.122
568.856 1.123
569.96 1.104
571.019 1.059
572.037 1.018
573.092 1.055
574.15 1.058
575.185 1.035
576.249 1.064
577.348 1.099
578.434 1.086
579.511 1.077
580.566 1.055
581.615 1.049
582.672 1.057
583.742 1.07
584.795 1.053
585.788 0.993
586.81 1.022
587.858 1.048
588.903 1.045
589.922 1.019
591.004 1.082
592.084 1.08
593.103 1.019
594.137 1.034
595.222 1.085
596.292 1.07
597.211 0.919
598.087 0.876
599.012 0.925
600.023 1.011
601.084 1.061
602.163 1.079
603.237 1.074
604.304 1.067
605.349 1.045
606.341 0.992
607.333 0.992
608.312 0.979
609.322 1.01
610.353 1.031
611.397 1.044
612.435 1.038
613.417 0.982
614.331 0.914
615.226 0.895
616.153 0.927
617.046 0.893
617.977 0.931
618.922 0.945
619.842 0.92
620.751 0.909
621.661 0.91
622.64 0.979
623.642 1.002
624.614 0.972
625.553 0.939
626.487 0.934
627.395 0.908
628.261 0.866
629.134 0.873
630.015 0.881
630.939 0.924