0.000 0.664
0.664 0.664
1.344 0.68
1.993 0.649
2.598 0.605
3.247 0.649
3.852 0.605
4.572 0.72
5.257 0.685
5.928 0.671
6.576 0.648
7.204 0.628
7.826 0.622
8.449 0.623
9.058 0.609
9.675 0.617
10.303 0.628
10.953 0.65
11.638 0.685
12.351 0.713
13.074 0.723
13.821 0.747
14.587 0.766
15.365 0.778
16.137 0.772
16.89 0.753
17.616 0.726
18.318 0.702
19.001 0.683
19.668 0.667
20.35 0.682
21.022 0.672
21.679 0.657
22.378 0.699
23.084 0.706
23.824 0.74
24.577 0.753
25.317 0.74
26.08 0.763
26.825 0.745
27.557 0.732
28.264 0.707
28.978 0.714
29.689 0.711
30.409 0.72
31.118 0.709
31.872 0.754
32.634 0.762
33.413 0.779
34.187 0.774
34.93 0.743
35.674 0.744
36.398 0.724
37.117 0.719
37.818 0.701
38.542 0.724
39.264 0.722
39.983 0.719
40.711 0.728
41.454 0.743
42.204 0.75
42.944 0.74
43.645 0.701
44.362 0.717
45.071 0.709
45.791 0.72
46.505 0.714
47.229 0.724
47.972 0.743
48.735 0.763
49.464 0.729
50.226 0.762
50.966 0.74
51.69 0.724
52.401 0.711
53.118 0.717
53.829 0.711
54.527 0.698
55.212 0.685
55.921 0.709
56.643 0.722
57.393 0.75
58.124 0.731
58.882 0.758
59.637 0.755
60.356 0.719
61.072 0.716
61.79 0.718
62.528 0.738
63.263 0.735
63.978 0.715
64.69 0.712
65.406 0.716
66.117 0.711
66.799 0.682
67.5 0.701
68.198 0.698
68.904 0.706
69.609 0.705
70.343 0.734
71.099 0.756
71.872 0.773
72.623 0.751
73.384 0.761
74.125 0.741
74.846 0.721
75.57 0.724
76.304 0.734
77.052 0.748
77.791 0.739
78.527 0.736
79.262 0.735
80.0 0.738
80.715 0.715
81.434 0.719
82.144 0.71
82.85 0.706
83.54 0.69
84.254 0.714
84.963 0.709
85.68 0.717
86.381 0.701
87.112 0.731
87.84 0.728
88.569 0.729
89.276 0.707
89.998 0.722
90.708 0.71
91.394 0.686
92.097 0.703
92.775 0.678
93.439 0.664
94.095 0.656
94.738 0.643
95.392 0.654
96.066 0.674
96.759 0.693
97.475 0.716
98.175 0.7
98.873 0.698
99.584 0.711
100.313 0.729
101.012 0.699
101.674 0.662
102.392 0.718
103.255 0.863
104.072 0.817
104.863 0.791
105.614 0.751
106.353 0.739
107.075 0.722
107.814 0.739
108.558 0.744
109.336 0.778
110.156 0.82
110.991 0.835
111.835 0.844
112.67 0.835
113.456 0.786
114.234 0.778
114.99 0.756
115.724 0.734
116.429 0.705
117.144 0.715
117.843 0.699
118.545 0.702
119.268 0.723
120.0 0.732
120.764 0.764
121.54 0.776
122.323 0.783
123.101 0.778
123.863 0.762
124.627 0.764
125.374 0.747
126.108 0.734
126.833 0.725
127.564 0.731
128.306 0.742
129.107 0.801
129.952 0.845
130.798 0.846
131.612 0.814
132.398 0.786
133.123 0.725
133.821 0.698
134.517 0.696
135.228 0.711
135.929 0.701
136.631 0.702
137.366 0.735
138.127 0.761
138.915 0.788
139.688 0.773
140.421 0.733
141.12 0.699
141.809 0.689
142.49 0.681
143.179 0.689
143.883 0.704
144.576 0.693
145.276 0.7
146.004 0.728
146.762 0.758
147.556 0.794
148.332 0.776
149.101 0.769
149.878 0.777
150.657 0.779
151.44 0.783
152.183 0.743
152.901 0.718
153.638 0.737
154.383 0.745
155.127 0.744
155.855 0.728
156.595 0.74
157.282 0.687
157.962 0.68
158.642 0.68
159.316 0.674
159.988 0.672
160.665 0.677
161.333 0.668
162.002 0.669
162.687 0.685
163.392 0.705
164.111 0.719
164.824 0.713
165.517 0.693
166.224 0.707
166.933 0.709
167.634 0.701
168.324 0.69
169.022 0.698
169.717 0.695
170.408 0.691
171.093 0.685
171.794 0.701
172.505 0.711
173.248 0.743
173.982 0.734
174.722 0.74
175.139 0.417
175.421 0.282
176.111 0.69
176.788 0.677
177.356 0.568
178.162 0.806
178.852 0.69
179.565 0.713
179.974 0.409
181.139 1.165
184.005 2.866
184.682 0.677
185.344 0.662
186.019 0.675
186.704 0.685
186.979 0.275
187.427 0.448
188.186 0.759
188.986 0.8
189.807 0.821
190.64 0.833
191.471 0.831
192.281 0.81
193.056 0.775
193.782 0.726
194.508 0.726
195.194 0.686
195.853 0.659
196.487 0.634
197.124 0.637
197.776 0.652
198.435 0.659
199.171 0.736
199.902 0.731
200.675 0.773
201.468 0.793
202.249 0.781
203.03 0.781
203.788 0.758
204.513 0.725
205.212 0.699
205.897 0.685
206.558 0.661
207.225 0.667
207.899 0.674
208.597 0.698
209.363 0.766
210.142 0.779
210.953 0.811
211.773 0.82
212.556 0.783
213.271 0.715
213.948 0.677
214.788 0.84
215.562 0.774
216.306 0.744
217.015 0.709
217.728 0.713
218.415 0.687
219.104 0.689
219.808 0.704
220.54 0.732
221.298 0.758
222.076 0.778
222.88 0.804
223.688 0.808
224.475 0.787
225.267 0.792
226.027 0.76
226.79 0.763
227.515 0.725
228.226 0.711
228.903 0.677
229.594 0.691
230.277 0.683
230.97 0.693
231.638 0.668
232.272 0.634
232.929 0.657
233.583 0.654
234.246 0.663
234.913 0.667
235.59 0.677
236.257 0.667
236.923 0.666
237.595 0.672
238.287 0.692
238.992 0.705
239.718 0.726
240.444 0.726
241.186 0.742
241.921 0.735
242.643 0.722
243.327 0.684
244.032 0.705
244.696 0.664
245.349 0.653
246.006 0.657
246.696 0.69
247.44 0.744
248.217 0.777
249.025 0.808
249.585 0.56
251.477 1.892
252.253 0.776
252.556 0.303
252.834 0.278
255.165 2.331
255.89 0.725
256.618 0.728
257.367 0.749
258.123 0.756
258.829 0.706
259.527 0.698
260.188 0.661
260.84 0.652
261.485 0.645
262.127 0.642
262.738 0.611
263.362 0.624
263.993 0.631
264.628 0.635
265.315 0.687
266.006 0.691
266.675 0.669
267.331 0.656
267.997 0.666
268.655 0.658
269.3 0.645
269.942 0.642
270.588 0.646
271.216 0.628
271.839 0.623
272.474 0.635
273.085 0.611
273.678 0.593
274.289 0.611
274.896 0.607
275.53 0.634
276.197 0.667
276.893 0.696
277.597 0.704
278.281 0.684
278.948 0.667
279.59 0.642
280.219 0.629
280.844 0.625
281.469 0.625
282.092 0.623
282.745 0.653
283.453 0.708
284.188 0.735
284.933 0.745
285.666 0.733
286.416 0.75
287.137 0.721
287.839 0.702
288.548 0.709
289.239 0.691
289.899 0.66
290.589 0.69
291.283 0.694
292.005 0.722
292.738 0.733
293.446 0.708
294.16 0.714
294.875 0.715
295.581 0.706
296.253 0.672
296.928 0.675
297.589 0.661
298.24 0.651
298.883 0.643
299.519 0.636
300.141 0.622
300.758 0.617
301.357 0.599
301.942 0.585
302.601 0.659
303.325 0.724
304.03 0.705
304.723 0.693
305.391 0.668
306.055 0.664
306.723 0.668
307.399 0.676
308.099 0.7
308.82 0.721
309.576 0.756
310.377 0.801
311.186 0.809
311.993 0.807
312.782 0.789
313.568 0.786
314.341 0.773
315.101 0.76
315.856 0.755
316.6 0.744
317.349 0.749
318.095 0.746
318.849 0.754
319.601 0.752
320.349 0.748
321.094 0.745
321.834 0.74
322.573 0.739
323.302 0.729
324.025 0.723
324.744 0.719
325.464 0.72
326.187 0.723
326.915 0.728
327.642 0.727
328.364 0.722
329.07 0.706
329.743 0.673
330.392 0.649
331.044 0.652
331.739 0.695
332.421 0.682
333.082 0.661
333.742 0.66
334.404 0.662
335.069 0.665
335.74 0.671
336.411 0.671
337.095 0.684
337.783 0.688
338.5 0.717
339.232 0.732
339.988 0.756
340.762 0.774
341.54 0.778
342.301 0.761
343.048 0.747
343.776 0.728
344.477 0.701
345.182 0.705
345.882 0.7
346.601 0.719
347.346 0.745
348.12 0.774
348.893 0.773
349.675 0.782
350.446 0.771
351.211 0.765
351.948 0.737
352.695 0.747
353.429 0.734
354.157 0.728
354.861 0.704
355.586 0.725
356.314 0.728
357.058 0.744
357.8 0.742
358.551 0.751
359.283 0.732
360.015 0.732
360.736 0.721
361.462 0.726
362.184 0.722
362.893 0.709
363.59 0.697
364.3 0.71
365.004 0.704
365.716 0.712
366.427 0.711
367.134 0.707
367.865 0.731
368.608 0.743
369.369 0.761
370.119 0.75
370.846 0.727
371.576 0.73
372.306 0.73
373.039 0.733
373.767 0.728
374.489 0.722
375.226 0.737
375.973 0.747
376.727 0.754
377.455 0.728
378.194 0.739
378.93 0.736
379.668 0.738
380.395 0.727
381.096 0.701
381.81 0.714
382.518 0.708
383.223 0.705
383.917 0.694
384.635 0.718
385.356 0.721
386.081 0.725
386.79 0.709
387.487 0.697
388.197 0.71
388.896 0.699
389.589 0.693
390.266 0.677
390.958 0.692
391.646 0.688
392.341 0.695
393.015 0.674
393.699 0.684
394.387 0.688
395.072 0.685
395.75 0.678
396.432 0.682
397.131 0.699
397.835 0.704
398.545 0.71
399.241 0.696
399.949 0.708
400.661 0.712
401.368 0.707
402.066 0.698
402.757 0.691
403.429 0.672
404.111 0.682
404.783 0.672
405.445 0.662
406.105 0.66
406.776 0.671
407.444 0.668
408.147 0.703
408.874 0.727
409.628 0.754
410.392 0.764
411.14 0.748
411.909 0.769
412.661 0.752
413.383 0.722
414.073 0.69
414.773 0.7
415.474 0.701
416.192 0.718
416.908 0.716
417.663 0.755
418.43 0.767
419.216 0.786
419.997 0.781
420.765 0.768
421.498 0.733
422.21 0.712
422.893 0.683
423.553 0.66
424.208 0.655
424.844 0.636
425.504 0.66
426.174 0.67
426.896 0.722
427.673 0.777
428.435 0.762
429.198 0.763
429.948 0.75
430.661 0.713
431.384 0.723
432.097 0.713
432.806 0.709
433.502 0.696
434.194 0.692
434.895 0.701
435.599 0.704
436.321 0.722
437.034 0.713
437.771 0.737
438.513 0.742
439.261 0.748
440.019 0.758
440.768 0.749
441.509 0.741
442.252 0.743
442.992 0.74
443.724 0.732
444.46 0.736
445.21 0.75
445.974 0.764
446.742 0.768
447.505 0.763
448.269 0.764
449.03 0.761
449.762 0.732
450.478 0.716
451.173 0.695
451.853 0.68
452.521 0.668
453.179 0.658
453.818 0.639
454.489 0.671
455.17 0.681
455.888 0.718
456.645 0.757
457.408 0.763
458.133 0.725
458.834 0.701
459.513 0.679
460.184 0.671
460.854 0.67
461.514 0.66
462.179 0.665
462.851 0.672
463.524 0.673
464.192 0.668
464.895 0.703
465.623 0.728
466.357 0.734
467.06 0.703
467.747 0.687
468.615 0.868
469.428 0.813
470.23 0.802
471.004 0.774
471.746 0.742
472.473 0.727
473.192 0.719
473.906 0.714
474.631 0.725
475.38 0.749
476.153 0.773
476.637 0.484
479.253 2.616
480.029 0.776
480.788 0.759
481.512 0.724
482.249 0.737
482.975 0.726
483.699 0.724
484.414 0.715
485.135 0.721
485.852 0.717
486.577 0.725
487.31 0.733
488.051 0.741
488.796 0.745
489.545 0.749
490.296 0.751
491.049 0.753
491.798 0.749
492.542 0.744
493.285 0.743
494.007 0.722
494.738 0.731
495.459 0.721
496.179 0.72
496.92 0.741
497.695 0.775
498.479 0.784
499.284 0.805
500.069 0.785
500.849 0.78
501.607 0.758
502.334 0.727
503.058 0.724
503.772 0.714
504.492 0.72
505.242 0.75
505.994 0.752
506.782 0.788
507.597 0.815
508.419 0.822
509.233 0.814
510.008 0.775
510.759 0.751
511.493 0.734
512.208 0.715
512.913 0.705
513.613 0.7
514.352 0.739
515.134 0.782
515.985 0.851
516.843 0.858
517.69 0.847
518.561 0.871
519.429 0.868
520.26 0.831
521.05 0.79
521.836 0.786
522.613 0.777
523.387 0.774
524.129 0.742
524.895 0.766
525.687 0.792
526.513 0.826
527.312 0.799
528.103 0.791
528.925 0.822
529.755 0.83
530.6 0.845
531.407 0.807
532.217 0.81
533.023 0.806
533.826 0.803
534.61 0.784
535.385 0.775
536.176 0.791
536.963 0.787
537.738 0.775
538.48 0.742
539.245 0.765
540.012 0.767
540.804 0.792
541.595 0.791
542.36 0.765
543.15 0.79
543.947 0.797
544.749 0.802
545.525 0.776
546.313 0.788
547.097 0.784
547.881 0.784
548.642 0.761
549.388 0.746
550.149 0.761
550.907 0.758
551.656 0.749
552.392 0.736
553.158 0.766
553.928 0.77
554.708 0.78
555.474 0.766
556.229 0.755
557.001 0.772
557.771 0.77
558.54 0.769
559.286 0.746
560.029 0.743
560.785 0.756
561.538 0.753
562.288 0.75
563.038 0.75
563.813 0.775
564.597 0.784
565.391 0.794
566.16 0.769
566.946 0.786
567.719 0.773
568.443 0.724
569.121 0.678
569.816 0.695
570.569 0.753
571.297 0.728
572.025 0.728
572.743 0.718
573.459 0.716
574.158 0.699
574.844 0.686
575.542 0.698
576.244 0.702
576.973 0.729
577.708 0.735
578.454 0.746
579.188 0.734
579.929 0.741
580.714 0.785
581.538 0.824
582.358 0.82
583.153 0.795
583.944 0.791
584.715 0.771
585.475 0.76
586.238 0.763
586.989 0.751
587.771 0.782
588.559 0.788
589.372 0.813
590.176 0.804
591.005 0.829
591.827 0.822
592.651 0.824
593.446 0.795
594.248 0.802
595.034 0.786
595.81 0.776
596.579 0.769
597.337 0.758
598.131 0.794
598.935 0.804
599.776 0.841
600.578 0.802
601.393 0.815
602.188 0.795
602.979 0.791
603.739 0.76
604.501 0.762
605.267 0.766
606.057 0.79
606.84 0.783
607.667 0.827
608.512 0.845
609.349 0.837
610.131 0.782
610.912 0.781
611.676 0.764
612.442 0.766
613.19 0.748
613.961 0.771
614.722 0.761
615.481 0.759
616.23 0.749
616.998 0.768