0.000 0.896
0.896 0.896
1.794 0.898
2.694 0.9
3.584 0.89
4.455 0.871
5.304 0.849
6.123 0.819
6.922 0.799
7.695 0.773
8.476 0.781
9.267 0.791
10.081 0.814
10.886 0.805
11.732 0.846
12.614 0.882
13.499 0.885
14.382 0.883
15.242 0.86
16.049 0.807
16.861 0.812
17.677 0.816
18.508 0.831
19.352 0.844
20.171 0.819
20.962 0.791
21.761 0.799
22.571 0.81
23.351 0.78
24.155 0.804
24.952 0.797
25.755 0.803
26.53 0.775
27.337 0.807
28.142 0.805
28.951 0.809
29.756 0.805
30.547 0.791
31.316 0.769
32.061 0.745
32.796 0.735
33.529 0.733
34.26 0.731
35.007 0.747
35.761 0.754
36.535 0.774
37.329 0.794
38.136 0.807
38.955 0.819
39.778 0.823
40.589 0.811
41.372 0.783
42.148 0.776
42.903 0.755
43.669 0.766
44.456 0.787
45.26 0.804
46.068 0.808
46.881 0.813
47.691 0.81
48.488 0.797
49.266 0.778
50.004 0.738
50.716 0.712
51.456 0.74
52.194 0.738
52.976 0.782
53.8 0.824
54.636 0.836
55.43 0.794
56.231 0.801
57.017 0.786
57.796 0.779
58.569 0.773
59.334 0.765
60.121 0.787
60.898 0.777
61.689 0.791
62.458 0.769
63.253 0.795
64.034 0.781
64.809 0.775
65.608 0.799
66.418 0.81
67.216 0.798
68.036 0.82
68.859 0.823
69.684 0.825
70.492 0.808
71.29 0.798
72.092 0.802
72.876 0.784
73.627 0.751
74.385 0.758
75.178 0.793
76.018 0.84
76.884 0.866
77.744 0.86
78.585 0.841
79.394 0.809
80.198 0.804
81.003 0.805
81.816 0.813
82.666 0.85
83.55 0.884
84.471 0.921
85.392 0.921
86.313 0.921
87.2 0.887
88.056 0.856
88.909 0.853
89.768 0.859
90.623 0.855
91.47 0.847
92.349 0.879
93.22 0.871
94.083 0.863
94.902 0.819
95.726 0.824
96.508 0.782
97.287 0.779
98.038 0.751
98.812 0.774
99.602 0.79
100.434 0.832
101.251 0.817
102.103 0.852
102.919 0.816
103.698 0.779
104.475 0.777
105.235 0.76
106.008 0.773
106.778 0.77
107.511 0.733
108.276 0.765
109.054 0.778
109.83 0.776
110.608 0.778
111.378 0.77
112.125 0.747
112.857 0.732
113.583 0.726
114.282 0.699
114.976 0.694
115.657 0.681
116.371 0.714
117.138 0.767
117.946 0.808
118.808 0.862
119.65 0.842
120.515 0.865
121.364 0.849
122.176 0.812
122.953 0.777
123.683 0.73
124.386 0.703
125.084 0.698
125.781 0.697
126.483 0.702
127.181 0.698
127.922 0.741
128.688 0.766
129.492 0.804
130.326 0.834
131.166 0.84
131.987 0.821
132.805 0.818
133.621 0.816
134.432 0.811
135.236 0.804
135.989 0.753
136.758 0.769
137.534 0.776
138.277 0.743
139.06 0.783
139.837 0.777
140.62 0.783
141.39 0.77
142.147 0.757
142.891 0.744
143.656 0.765
144.416 0.76
145.156 0.74
145.838 0.682
146.682 0.844
147.484 0.802
148.308 0.824
149.144 0.836
149.974 0.83
150.765 0.791
151.566 0.801
152.339 0.773
153.145 0.806
153.971 0.826
154.863 0.892
155.821 0.958
156.771 0.95
157.734 0.963
158.692 0.958
159.629 0.937
160.514 0.885
161.375 0.861
162.197 0.822
163.007 0.81
163.818 0.811
164.63 0.812
165.446 0.816
166.254 0.808
167.027 0.773
167.83 0.803
168.647 0.817
169.466 0.819
170.272 0.806
171.08 0.808
171.891 0.811
172.728 0.837
173.559 0.831
174.396 0.837
175.231 0.835
176.05 0.819
176.857 0.807
177.631 0.774
178.406 0.775
179.174 0.768
179.965 0.791
180.766 0.801
181.552 0.786
182.349 0.797
183.13 0.781
183.869 0.739
184.593 0.724
185.345 0.752
186.093 0.748
186.853 0.76
187.651 0.798
188.469 0.818
189.295 0.826
190.121 0.826
190.934 0.813
191.761 0.827
192.589 0.828
193.432 0.843
194.27 0.838
195.092 0.822
195.92 0.828
196.759 0.839
197.614 0.855
198.484 0.87
199.36 0.876
200.251 0.891
201.126 0.875
201.975 0.849
202.801 0.826
203.621 0.82
204.435 0.814
205.214 0.779
206.002 0.788
206.787 0.785
207.608 0.821
208.42 0.812
209.247 0.827
210.081 0.834
210.895 0.814
211.697 0.802
212.482 0.785
213.246 0.764
213.998 0.752
214.748 0.75
215.484 0.736
216.227 0.743
216.97 0.743
217.722 0.752
218.438 0.716
219.159 0.721
220.203 1.044
221.158 0.955
222.078 0.92
222.98 0.902
223.849 0.869
224.683 0.834
225.486 0.803
226.276 0.79
227.094 0.818
227.933 0.839
228.801 0.868
229.694 0.893
230.62 0.926
231.531 0.911
232.439 0.908
233.32 0.881
234.184 0.864
235.027 0.843
235.852 0.825
236.673 0.821
237.488 0.815
238.317 0.829
239.148 0.831
240.013 0.865
240.873 0.86
241.734 0.861
242.583 0.849
243.424 0.841
244.243 0.819
245.053 0.81
245.851 0.798
246.63 0.779
247.41 0.78
248.204 0.794
249.034 0.83
249.92 0.886
250.803 0.883
251.7 0.897
252.59 0.89
253.439 0.849
254.252 0.813
255.061 0.809
255.872 0.811
256.68 0.808
257.468 0.788
258.254 0.786
259.063 0.809
259.907 0.844
260.762 0.855
261.594 0.832
262.428 0.834
263.255 0.827
264.065 0.81
264.842 0.777
265.603 0.761
266.378 0.775
267.159 0.781
267.974 0.815
268.796 0.822
269.652 0.856
270.518 0.866
271.367 0.849
272.183 0.816
273.004 0.821
273.812 0.808
274.588 0.776
275.346 0.758
276.128 0.782
276.926 0.798
277.735 0.809
278.526 0.791
279.347 0.821
280.185 0.838
281.003 0.818
281.796 0.793
282.584 0.788
283.366 0.782
284.131 0.765
284.896 0.765
285.668 0.772
286.468 0.8
287.304 0.836
288.083 0.779
288.928 0.845
289.769 0.841
290.622 0.853
291.437 0.815
292.259 0.822
293.087 0.828
293.894 0.807
294.68 0.786
295.458 0.778
296.26 0.802
297.083 0.823
297.923 0.84
298.732 0.809
299.557 0.825
300.389 0.832
301.213 0.824
302.019 0.806
302.856 0.837
303.708 0.852
304.588 0.88
305.456 0.868
306.316 0.86
307.165 0.849
307.991 0.826
308.794 0.803
309.608 0.814
310.43 0.822
311.22 0.79
312.004 0.784
312.801 0.797
313.606 0.805
314.402 0.796
315.205 0.803
316.014 0.809
316.808 0.794
317.588 0.78
318.343 0.755
319.115 0.772
319.911 0.796
320.739 0.828
321.564 0.825
322.391 0.827
323.24 0.849
324.084 0.844
324.886 0.802
325.67 0.784
326.427 0.757
327.155 0.728
327.883 0.728
328.605 0.722
329.348 0.743
330.116 0.768
330.88 0.764
331.624 0.744
332.388 0.764
333.202 0.814
334.176 0.974
335.096 0.92
335.998 0.902
336.885 0.887
337.754 0.869
338.627 0.873
339.507 0.88
340.403 0.896
341.35 0.947
342.314 0.964
343.273 0.959
344.247 0.974
345.187 0.94
346.109 0.922
347.015 0.906
347.886 0.871
348.732 0.846
349.559 0.827
350.38 0.821
351.203 0.823
352.017 0.814
352.865 0.848
353.738 0.873
354.62 0.882
355.484 0.864
356.343 0.859
357.188 0.845
358.027 0.839
358.846 0.819
359.668 0.822
360.496 0.828
361.338 0.842
362.174 0.836
363.009 0.835
363.858 0.849
364.7 0.842
365.53 0.83
366.328 0.798
367.144 0.816
367.97 0.826
368.806 0.836
369.624 0.818
370.468 0.844
371.317 0.849
372.159 0.842
372.961 0.802
373.765 0.804
374.565 0.8
375.367 0.802
376.149 0.782
376.952 0.803
377.762 0.81
378.565 0.803
379.345 0.78
380.153 0.808
380.954 0.801
381.735 0.781
382.518 0.783
383.341 0.823
384.196 0.855
385.048 0.852
385.878 0.83
386.723 0.845
387.56 0.837
388.354 0.794
389.139 0.785
389.922 0.783
390.712 0.79
391.496 0.784
392.266 0.77
393.07 0.804
393.901 0.831
394.75 0.849
395.574 0.824
396.417 0.843
397.268 0.851
398.117 0.849
398.935 0.818
399.765 0.83
400.605 0.84
401.443 0.838
402.249 0.806
403.087 0.838
403.938 0.851
404.8 0.862
405.623 0.823
406.448 0.825
407.275 0.827
408.086 0.811
408.879 0.793
409.697 0.818
410.514 0.817
411.327 0.813
412.14 0.813
412.964 0.824
413.803 0.839
414.621 0.818
415.447 0.826
416.266 0.819
417.072 0.806
417.835 0.763
418.569 0.734
419.379 0.81
420.186 0.807
421.016 0.83
421.864 0.848
422.7 0.836
423.516 0.816
424.334 0.818
425.141 0.807
425.947 0.806
426.733 0.786
427.529 0.796
428.357 0.828
429.222 0.865
430.061 0.839
430.909 0.848
431.763 0.854
432.6 0.837
433.408 0.808
434.218 0.81
435.046 0.828
435.894 0.848
436.729 0.835
437.591 0.862
438.469 0.878
439.349 0.88
440.209 0.86
441.07 0.861
441.925 0.855
442.773 0.848
443.587 0.814
444.414 0.827
445.252 0.838
446.107 0.855
446.946 0.839
447.814 0.868
448.67 0.856
449.509 0.839
450.308 0.799
451.108 0.8
451.919 0.811
452.719 0.8
453.547 0.828
454.395 0.848
455.272 0.877
456.131 0.859
456.991 0.86
457.838 0.847
458.677 0.839
459.482 0.805
460.29 0.808
461.101 0.811
461.945 0.844
462.803 0.858
463.681 0.878
464.576 0.895
465.455 0.879
466.292 0.837
467.133 0.841
467.975 0.842
468.792 0.817
469.585 0.793
470.398 0.813
471.224 0.826
472.048 0.824
472.866 0.818
473.718 0.852
474.569 0.851
475.387 0.818
476.196 0.809
477.014 0.818
477.843 0.829
478.643 0.8
479.452 0.809
480.267 0.815
481.07 0.803
481.855 0.785
482.675 0.82
483.511 0.836
484.353 0.842
485.158 0.805
485.976 0.818
486.79 0.814
487.578 0.788
488.345 0.767
489.133 0.788
489.931 0.798
490.738 0.807
491.554 0.816
492.413 0.859
493.276 0.863
494.101 0.825
494.943 0.842
495.783 0.84
496.616 0.833
497.412 0.796
498.218 0.806
499.027 0.809
499.833 0.806
500.623 0.79
501.454 0.831
502.315 0.861
503.188 0.873
504.061 0.873
504.949 0.888
505.835 0.886
506.676 0.841
507.506 0.83
508.326 0.82
509.14 0.814
509.938 0.798
510.764 0.826
511.612 0.848
512.486 0.874
513.326 0.84
514.181 0.855
515.046 0.865
515.881 0.835
516.695 0.814
517.495 0.8
518.284 0.789
519.05 0.766
519.81 0.76
520.618 0.808
521.471 0.853
522.382 0.911
523.242 0.86
524.111 0.869
524.939 0.828
525.752 0.813
526.534 0.782
527.289 0.755
528.048 0.759
528.808 0.76
529.578 0.77
530.34 0.762
531.136 0.796
531.937 0.801
532.762 0.825
533.573 0.811
534.394 0.821
535.229 0.835
536.067 0.838
536.903 0.836
537.709 0.806
538.534 0.825
539.384 0.85
540.229 0.845
541.045 0.816
541.866 0.821
542.706 0.84
543.566 0.86
544.417 0.851
545.225 0.808
546.045 0.82
546.866 0.821
547.706 0.84
548.518 0.812
549.353 0.835
550.211 0.858
551.079 0.868
551.922 0.843
552.797 0.875
553.693 0.896
554.591 0.898
555.43 0.839
556.265 0.835
557.087 0.822
557.917 0.83
558.718 0.801
559.551 0.833
560.393 0.842
561.235 0.842
562.035 0.8
562.858 0.823
563.691 0.833
564.543 0.852
565.362 0.819
566.2 0.838
567.044 0.844
567.845 0.801
568.663 0.818
569.472 0.809
570.279 0.807
571.072 0.793
571.849 0.777
572.662 0.813
573.478 0.816
574.293 0.815
575.107 0.814
575.951 0.844
576.802 0.851
577.625 0.823
578.437 0.812
579.263 0.826
580.113 0.85
580.972 0.859
581.804 0.832
582.654 0.85
583.517 0.863
584.371 0.854
585.191 0.82
586.025 0.834
586.847 0.822
587.64 0.793
588.415 0.775
589.238 0.823
590.098 0.86
590.994 0.896
591.869 0.875
592.758 0.889
593.636 0.878
594.496 0.86
595.303 0.807
596.111 0.808
596.915 0.804
597.714 0.799
598.488 0.774
599.285 0.797
600.09 0.805
600.916 0.826
601.722 0.806
602.561 0.839
603.417 0.856
604.266 0.849
605.071 0.805
605.894 0.823
606.714 0.82
607.518 0.804
608.293 0.775
609.093 0.8
609.904 0.811
610.731 0.827
611.541 0.81
612.379 0.838
613.231 0.852
614.076 0.845
614.89 0.814
615.714 0.824
616.538 0.824
617.342 0.804
618.12 0.778
618.919 0.799
619.726 0.807
620.524 0.798
621.31 0.786
622.123 0.813
622.942 0.819
623.748 0.806
624.565 0.817
625.402 0.837
626.234 0.832
627.038 0.804
627.853 0.815