0.000 0.872
0.872 0.872
1.614 0.742
2.383 0.769
3.153 0.77
3.918 0.765
4.694 0.776
5.405 0.711
6.178 0.773
7.051 0.873
7.956 0.905
8.801 0.845
9.501 0.7
10.178 0.677
10.859 0.681
11.557 0.698
12.237 0.68
12.544 0.307
12.936 0.392
13.559 0.623
13.841 0.282
14.358 0.517
15.106 0.748
15.801 0.695
16.494 0.693
17.178 0.684
17.831 0.653
18.497 0.666
19.17 0.673
19.884 0.714
20.607 0.723
21.348 0.741
22.11 0.762
22.864 0.754
23.614 0.75
24.365 0.751
25.065 0.7
25.713 0.648
26.456 0.743
27.182 0.726
27.892 0.71
28.628 0.736
29.364 0.736
30.131 0.767
30.858 0.727
31.597 0.739
32.371 0.774
33.158 0.787
33.863 0.705
34.591 0.728
35.274 0.683
35.928 0.654
36.565 0.637
37.213 0.648
37.91 0.697
39.027 1.117
39.903 0.876
40.773 0.87
41.596 0.823
42.36 0.764
42.636 0.276
42.999 0.363
43.36 0.361
43.64 0.28
44.012 0.372
44.374 0.362
45.062 0.688
45.886 0.824
46.845 0.959
47.751 0.906
48.55 0.799
48.882 0.332
49.373 0.491
50.169 0.796
50.929 0.76
51.641 0.712
52.387 0.746
53.099 0.712
53.825 0.726
54.564 0.739
55.3 0.736
56.095 0.795
57.012 0.917
57.788 0.776
58.06 0.272
58.477 0.417
58.829 0.352
59.161 0.332
59.843 0.682
60.538 0.695
61.045 0.507
61.438 0.393
62.022 0.584
62.866 0.844
63.752 0.886
64.687 0.935
65.509 0.822
66.249 0.74
66.951 0.702
67.627 0.676
68.287 0.66
68.972 0.685
69.642 0.67
70.3 0.658
71.533 1.233
72.677 1.144
73.688 1.011
74.597 0.909
75.41 0.813
76.149 0.739
76.829 0.68
77.473 0.644
78.104 0.631
78.748 0.644
79.47 0.722
80.795 1.325
81.93 1.135
82.93 1.0
83.455 0.525
83.777 0.322
84.183 0.406
84.439 0.256
85.209 0.77
85.861 0.652
86.51 0.649
86.945 0.435
87.234 0.289
88.462 1.228
89.622 1.16
90.057 0.435
90.34 0.283
90.687 0.347
91.02 0.333
91.291 0.271
91.833 0.542
92.611 0.778
93.35 0.739
94.043 0.693
94.296 0.253
94.683 0.387
95.024 0.341
95.398 0.374
96.002 0.604
96.431 0.429
96.832 0.401
97.086 0.254
97.379 0.293
97.758 0.379
98.059 0.301
98.377 0.318
98.836 0.459
99.612 0.776
99.906 0.294
100.52 0.614
101.306 0.786
102.08 0.774
102.469 0.389
102.812 0.343
103.19 0.378
103.644 0.454
104.443 0.799
105.249 0.806
106.076 0.827
106.363 0.287
106.864 0.501
107.136 0.272
107.642 0.506
108.652 1.01
108.904 0.252
109.215 0.311
109.495 0.28
109.97 0.475
110.644 0.674
110.939 0.295
111.539 0.6
111.995 0.456
112.268 0.273
112.577 0.309
112.847 0.27
113.836 0.989
114.641 0.805
115.058 0.417
115.367 0.309
115.652 0.285
115.945 0.293
117.356 1.411
117.612 0.256
119.722 2.11
120.41 0.688
121.094 0.684
121.825 0.731
122.578 0.753
123.294 0.716
124.031 0.737
124.77 0.739
125.518 0.748
126.214 0.696
126.922 0.708
127.634 0.712
128.361 0.727
129.07 0.709
129.795 0.725
130.53 0.735
131.279 0.749
132.008 0.729
132.79 0.782
133.581 0.791
134.354 0.773
135.113 0.759
135.887 0.774
136.65 0.763
137.356 0.706
138.063 0.707
138.78 0.717
139.535 0.755
140.292 0.757
141.054 0.762
141.566 0.512
141.818 0.252
142.565 0.747
143.264 0.699
143.95 0.686
144.618 0.668
145.29 0.672
145.953 0.663
146.677 0.724
147.413 0.736
148.163 0.75
148.865 0.702
149.584 0.719
150.314 0.73
151.06 0.746
151.823 0.763
152.259 0.436
152.53 0.271
153.255 0.725
153.995 0.74
154.738 0.743
155.489 0.751
156.236 0.747
157.075 0.839
157.928 0.853
158.737 0.809
159.516 0.779
160.329 0.813
161.117 0.788
161.859 0.742
162.617 0.758
163.411 0.794
164.234 0.823
165.052 0.818
165.81 0.758
166.542 0.732
167.287 0.745
168.092 0.805
168.938 0.846
169.756 0.818
170.551 0.795
171.414 0.863
172.296 0.882
173.138 0.842
173.908 0.77
174.686 0.778
175.469 0.783
176.251 0.782
176.995 0.744
177.737 0.742
178.563 0.826
179.405 0.842
180.204 0.799
180.984 0.78
181.77 0.786
182.548 0.778
183.285 0.737
183.979 0.694
184.648 0.669
185.319 0.671
186.076 0.757
187.044 0.968
187.846 0.802
188.663 0.817
189.439 0.776
190.198 0.759
190.912 0.714
191.618 0.706
192.359 0.741
193.153 0.794
193.909 0.756
194.634 0.725
195.423 0.789
196.218 0.795
196.987 0.769
197.726 0.739
198.462 0.736
199.167 0.705
199.848 0.681
200.492 0.644
201.144 0.652
201.81 0.666
202.477 0.667
203.132 0.655
203.793 0.661
204.478 0.685
205.175 0.697
205.846 0.671
206.526 0.68
207.211 0.685
207.893 0.682
208.558 0.665
209.221 0.663
209.907 0.686
210.629 0.722
211.388 0.759
212.091 0.703
212.808 0.717
213.513 0.705
214.221 0.708
214.887 0.666
215.568 0.681
216.246 0.678
216.93 0.684
217.601 0.671
218.311 0.71
219.025 0.714
219.787 0.762
220.493 0.706
221.212 0.719
221.922 0.71
222.619 0.697
223.295 0.676
223.973 0.678
224.629 0.656
225.278 0.649
225.937 0.659
226.635 0.698
227.509 0.874
228.636 1.127
229.588 0.952
230.523 0.935
231.392 0.869
232.169 0.777
232.962 0.793
233.733 0.771
234.507 0.774
235.242 0.735
235.981 0.739
236.67 0.689
237.347 0.677
238.358 1.011
239.298 0.94
240.129 0.831
240.962 0.833
241.795 0.833
242.606 0.811
243.363 0.757
244.12 0.757
244.9 0.78
245.693 0.793
246.498 0.805
247.248 0.75
248.031 0.783
248.841 0.81
249.685 0.844
250.471 0.786
251.311 0.84
252.146 0.835
252.957 0.811
253.7 0.743
254.487 0.787
255.273 0.786
256.089 0.816
256.85 0.761
257.634 0.784
258.43 0.796
259.244 0.814
260.014 0.77
260.807 0.793
261.613 0.806
262.455 0.842
263.218 0.763
263.941 0.723
264.684 0.743
265.378 0.694
266.095 0.717
266.836 0.741
267.704 0.868
268.549 0.845
269.424 0.875
270.214 0.79
271.029 0.815
271.852 0.823
272.672 0.82
273.428 0.756
274.196 0.768
274.978 0.782
275.767 0.789
276.529 0.762
277.336 0.807
278.151 0.815
279.003 0.852
279.78 0.777
280.593 0.813
281.414 0.821
282.251 0.837
283.029 0.778
283.845 0.816
284.652 0.807
285.451 0.799
286.243 0.792
287.081 0.838
287.908 0.827
288.678 0.77
289.427 0.749
290.205 0.778
291.007 0.802
291.835 0.828
292.621 0.786
293.481 0.86
294.341 0.86
295.166 0.825
295.947 0.781
296.752 0.805
297.588 0.836
298.411 0.823
299.188 0.777
299.955 0.767
300.75 0.795
301.571 0.821
302.421 0.85
303.19 0.769
304.004 0.814
304.814 0.81
305.652 0.838
306.426 0.774
307.232 0.806
308.037 0.805
308.841 0.804
309.58 0.739
310.343 0.763
311.12 0.777
311.914 0.794
312.659 0.745
313.437 0.778
314.254 0.817
315.064 0.81
315.801 0.737
316.537 0.736
317.294 0.757
318.057 0.763
318.795 0.738
319.581 0.786
320.428 0.847
321.261 0.833
322.028 0.767
322.838 0.81
323.614 0.776
324.364 0.75
325.063 0.699
325.787 0.724
326.534 0.747
327.403 0.869
328.185 0.782
329.007 0.822
329.834 0.827
330.634 0.8
331.375 0.741
332.147 0.772
332.907 0.76
333.662 0.755
334.379 0.717
335.099 0.72
335.827 0.728
336.586 0.759
337.31 0.724
338.061 0.751
338.79 0.729
339.522 0.732
340.252 0.73
340.967 0.715
341.754 0.787
342.622 0.868
343.456 0.834
344.194 0.738
344.92 0.726
345.653 0.733
346.4 0.747
347.154 0.754
347.887 0.733
348.706 0.819
349.493 0.787
350.292 0.799
351.036 0.744
351.892 0.856
352.736 0.844
353.559 0.823
354.319 0.76
355.124 0.805
355.907 0.783
356.679 0.772
357.427 0.748
358.24 0.813
359.084 0.844
359.921 0.837
360.704 0.783
361.509 0.805
362.317 0.808
363.102 0.785
363.833 0.731
364.559 0.726
365.259 0.7
365.993 0.734
366.736 0.743
367.498 0.762
368.342 0.844
369.258 0.916
370.044 0.786
370.757 0.713
371.496 0.739
372.225 0.729
372.947 0.722
373.643 0.696
374.378 0.735
375.188 0.81
376.079 0.891
376.87 0.791
377.681 0.811
378.477 0.796
379.271 0.794
380.013 0.742
380.795 0.782
381.572 0.777
382.336 0.764
383.056 0.72
383.819 0.763
384.598 0.779
385.509 0.911
386.299 0.79
387.107 0.808
387.92 0.813
388.727 0.807
389.48 0.753
390.228 0.748
390.957 0.729
391.715 0.758
392.5 0.785
393.269 0.769
394.153 0.884
395.02 0.867
395.88 0.86
396.642 0.762
397.423 0.781
398.199 0.776
398.964 0.765
399.656 0.692
400.361 0.705
401.133 0.772
402.295 1.162
403.128 0.833
403.952 0.824
404.764 0.812
405.567 0.803
406.307 0.74
407.08 0.773
407.866 0.786
408.643 0.777
409.393 0.75
410.166 0.773
410.979 0.813
411.877 0.898
412.694 0.817
413.484 0.79
414.316 0.832
415.137 0.821
415.929 0.792
416.678 0.749
417.467 0.789
418.263 0.796
419.096 0.833
419.848 0.752
420.634 0.786
421.412 0.778
422.25 0.838
423.05 0.8
423.898 0.848
424.707 0.809
425.476 0.769
426.235 0.759
427.051 0.816
427.856 0.805
428.651 0.795
429.405 0.754
430.172 0.767
430.956 0.784
431.779 0.823
432.552 0.773
433.325 0.773
434.14 0.815
434.976 0.836
435.781 0.805
436.552 0.771
437.248 0.696
437.93 0.682
438.63 0.7
439.374 0.744
440.148 0.774
440.889 0.741
441.603 0.714
442.382 0.779
443.143 0.761
443.922 0.779
444.63 0.708
445.337 0.707
446.098 0.761
446.887 0.789
447.644 0.757
448.403 0.759
449.294 0.891
450.223 0.929
451.01 0.787
451.728 0.718
452.467 0.739
453.21 0.743
453.991 0.781
454.743 0.752
455.591 0.848
456.411 0.82
457.187 0.776
457.954 0.767
458.739 0.785
459.527 0.788
460.272 0.745
461.008 0.736
461.764 0.756
462.528 0.764
463.266 0.738
463.986 0.72
464.77 0.784
465.574 0.804
466.402 0.828
467.15 0.748
467.953 0.803
468.749 0.796
469.528 0.779
470.259 0.731
471.028 0.769
471.801 0.773
472.548 0.747
473.294 0.746
474.203 0.909
475.07 0.867
475.905 0.835
476.665 0.76
477.458 0.793
478.265 0.807
479.107 0.842
479.885 0.778
480.714 0.829
481.548 0.834
482.395 0.847
483.181 0.786
483.974 0.793
484.792 0.818
485.614 0.822
486.423 0.809
487.245 0.822
488.133 0.888
489.002 0.869
489.785 0.783
490.572 0.787
491.351 0.779
492.118 0.767
492.822 0.704
493.527 0.705
494.244 0.717
495.017 0.773
495.905 0.888
496.672 0.767
497.432 0.76
498.228 0.796
499.046 0.818
499.8 0.754
500.516 0.716
501.242 0.726
501.979 0.737
502.78 0.801
503.619 0.839
504.572 0.953
505.447 0.875
506.296 0.849
507.046 0.75
507.789 0.743
508.551 0.762
509.297 0.746
510.06 0.763
510.769 0.709
511.536 0.767
512.302 0.766
513.333 1.031
514.146 0.813
514.995 0.849
515.823 0.828
516.614 0.791
517.345 0.731
518.07 0.725
518.782 0.712
519.546 0.764
520.409 0.863
521.167 0.758
521.926 0.759
522.644 0.718
523.384 0.74
524.128 0.744
524.862 0.734
525.636 0.774
526.409 0.773
527.199 0.79
527.927 0.728
528.737 0.81
529.552 0.815
530.342 0.79
531.084 0.742
531.909 0.825
532.745 0.836
533.593 0.848
534.368 0.775
535.143 0.775
535.927 0.784
536.788 0.861
537.543 0.755
538.288 0.745
539.02 0.732
539.765 0.745
540.487 0.722
541.257 0.77
542.129 0.872
543.023 0.894
543.797 0.774
544.576 0.779
545.349 0.773
546.137 0.788
546.872 0.735
547.575 0.703
548.288 0.713
549.006 0.718
549.777 0.771
550.542 0.765
551.315 0.773
552.153 0.838
553.003 0.85
553.772 0.769
554.481 0.709
555.177 0.696
555.881 0.704
556.587 0.706
557.301 0.714
558.046 0.745
558.946 0.9
559.79 0.844
560.592 0.802
561.336 0.744
562.072 0.736
562.816 0.744
563.573 0.757
564.29 0.717
565.055 0.765
565.862 0.807
566.714 0.852
567.466 0.752
568.232 0.766
568.97 0.738
569.702 0.732
570.401 0.699
571.111 0.71
571.852 0.741
572.633 0.781
573.675 1.042
574.458 0.783
575.227 0.769
575.986 0.759
576.693 0.707
577.413 0.72
578.144 0.731
578.894 0.75
579.582 0.688
580.24 0.658
580.895 0.655
581.551 0.656
582.206 0.655
582.851 0.645
583.477 0.626
584.104 0.627
584.737 0.633
585.41 0.673
586.127 0.717
586.841 0.714
587.525 0.684
588.193 0.668
588.841 0.648
589.468 0.627
590.091 0.623
590.727 0.636
591.394 0.667
592.09 0.696
592.825 0.735
593.563 0.738
594.259 0.696
594.928 0.669
595.579 0.651
596.241 0.662
596.932 0.691
597.635 0.703
598.522 0.887
599.51 0.988