0.000 0.843
0.843 0.843
1.588 0.745
2.333 0.745
3.113 0.78
3.917 0.804
4.698 0.781
5.487 0.789
6.373 0.886
7.269 0.896
8.108 0.839
9.092 0.984
10.027 0.935
10.897 0.87
16.999 6.102
17.884 0.885
18.749 0.865
19.679 0.93
20.514 0.835
21.429 0.915
22.323 0.894
23.135 0.812
23.948 0.813
24.869 0.921
25.697 0.828
26.528 0.831
27.337 0.809
28.112 0.775
28.886 0.774
29.72 0.834
30.635 0.915
31.45 0.815
32.221 0.771
32.982 0.761
33.703 0.721
34.397 0.694
35.118 0.721
35.886 0.768
36.732 0.846
37.652 0.92
38.5 0.848
39.327 0.827
40.11 0.783
40.876 0.766
41.601 0.725
42.314 0.713
43.0 0.686
43.68 0.68
44.331 0.651
44.995 0.664
45.675 0.68
46.426 0.751
47.317 0.891
48.096 0.779
48.887 0.791
49.651 0.764
50.4 0.749
51.2 0.8
51.995 0.795
52.79 0.795
53.518 0.728
54.237 0.719
54.927 0.69
55.635 0.708
56.294 0.659
56.975 0.681
57.724 0.749
58.466 0.742
59.26 0.794
60.127 0.867
60.958 0.831
61.765 0.807
62.498 0.733
63.23 0.732
63.934 0.704
64.639 0.705
65.346 0.707
66.024 0.678
66.704 0.68
67.438 0.734
68.225 0.787
69.051 0.826
69.956 0.905
70.882 0.926
71.754 0.872
72.631 0.877
73.451 0.82
74.245 0.794
75.043 0.798
75.892 0.849
76.726 0.834
77.583 0.857
78.465 0.882
79.353 0.888
80.247 0.894
81.116 0.869
81.919 0.803
82.716 0.797
83.597 0.881
84.457 0.86
85.327 0.87
86.265 0.938
87.139 0.874
87.981 0.842
88.927 0.946
89.835 0.908
90.687 0.852
91.554 0.867
92.472 0.918
93.325 0.853
94.278 0.953
95.225 0.947
96.11 0.885
97.004 0.894
97.88 0.876
98.737 0.857
99.539 0.802
100.521 0.982
101.52 0.999
102.456 0.936
103.341 0.885
104.167 0.826
104.949 0.782
105.672 0.723
106.392 0.72
107.112 0.72
107.81 0.698
108.468 0.658
109.186 0.718
110.344 1.158
111.299 0.955
112.149 0.85
113.026 0.877
113.844 0.818
114.604 0.76
115.355 0.751
116.108 0.753
116.876 0.768
117.678 0.802
118.523 0.845
119.431 0.908
120.343 0.912
121.231 0.888
122.156 0.925
123.101 0.945
123.921 0.82
124.686 0.765
125.484 0.798
126.353 0.869
127.231 0.878
128.076 0.845
129.021 0.945
129.997 0.976
130.914 0.917
131.751 0.837
132.527 0.776
133.366 0.839
134.31 0.944
135.241 0.931
136.138 0.897
137.016 0.878
137.895 0.879
138.827 0.932
139.782 0.955
140.636 0.854
141.421 0.785
142.187 0.766
143.078 0.891
143.889 0.811
144.719 0.83
145.634 0.915
146.569 0.935
147.468 0.899
148.332 0.864
149.132 0.8
149.952 0.82
150.795 0.843
151.672 0.877
152.484 0.812
153.319 0.835
154.151 0.832
155.006 0.855
155.833 0.827
156.72 0.887
157.624 0.904
158.497 0.873
159.375 0.878
160.204 0.829
161.046 0.842
161.842 0.796
162.632 0.79
163.444 0.812
164.272 0.828
165.026 0.754
165.767 0.741
166.502 0.735
167.227 0.725
167.929 0.702
168.609 0.68
169.332 0.723
170.187 0.855
171.194 1.007
172.022 0.828
172.777 0.755
173.52 0.743
174.308 0.788
175.117 0.809
175.946 0.829
176.766 0.82
177.623 0.857
178.565 0.942
179.491 0.926
180.358 0.867
181.213 0.855
182.113 0.9
183.029 0.916
183.935 0.906
184.792 0.857
185.657 0.865
186.547 0.89
187.392 0.845
188.25 0.858
189.146 0.896
190.066 0.92
190.94 0.874
191.823 0.883
192.715 0.892
193.534 0.819
194.382 0.848
195.245 0.863
196.027 0.782
196.836 0.809
197.638 0.802
198.448 0.81
199.293 0.845
200.192 0.899
201.04 0.848
201.894 0.854
202.757 0.863
203.569 0.812
204.405 0.836
205.239 0.834
206.074 0.835
206.926 0.852
207.728 0.802
208.476 0.748
209.258 0.782
210.07 0.812
210.892 0.822
211.794 0.902
212.727 0.933
213.642 0.915
214.493 0.851
215.264 0.771
216.115 0.851
216.946 0.831
217.753 0.807
218.539 0.786
219.425 0.886
220.433 1.008
221.342 0.909
222.105 0.763
222.827 0.722
223.568 0.741
224.373 0.805
225.139 0.766
225.919 0.78
226.682 0.763
227.431 0.749
228.165 0.734
228.99 0.825
230.002 1.012
230.954 0.952
231.896 0.942
232.813 0.917
233.72 0.907
234.59 0.87
235.425 0.835
236.274 0.849
237.068 0.794
237.888 0.82
238.789 0.901
239.714 0.925
240.602 0.888
241.605 1.003
242.55 0.945
243.412 0.862
244.283 0.871
245.102 0.819
245.877 0.775
246.648 0.771
247.449 0.801
248.332 0.883
249.24 0.908
250.166 0.926
251.089 0.923
251.951 0.862
252.794 0.843
253.678 0.884
254.508 0.83
255.295 0.787
256.127 0.832
257.007 0.88
257.861 0.854
258.721 0.86
259.577 0.856
260.45 0.873
261.081 0.631
261.347 0.266
261.654 0.307
261.906 0.252
262.206 0.3
262.537 0.331
263.042 0.505
263.383 0.341
263.751 0.368
267.692 3.941
267.976 0.284
268.495 0.519
268.773 0.278
269.147 0.374
269.509 0.362
269.799 0.29
270.148 0.349
270.508 0.36
271.976 1.468
272.506 0.53
272.775 0.269
273.207 0.432
273.459 0.252
273.782 0.323
275.863 2.081
276.139 0.276
276.412 0.273
276.701 0.289
276.994 0.293
278.469 1.475
278.955 0.486
279.245 0.29
279.506 0.261
279.896 0.39
280.663 0.767
282.048 1.385
282.358 0.31
282.689 0.331
282.983 0.294
285.404 2.421
285.686 0.282
285.937 0.251
286.234 0.297
286.849 0.615
287.543 0.694
287.826 0.283
288.151 0.325
288.43 0.279
288.751 0.321
289.148 0.397
290.869 1.721
291.133 0.264
291.49 0.357
291.815 0.325
292.164 0.349
293.556 1.392
293.861 0.305
294.149 0.288
294.448 0.299
294.914 0.466
297.365 2.451
304.995 7.63
305.832 0.837
306.719 0.887
307.633 0.914
308.506 0.873
309.355 0.849
310.203 0.848
311.007 0.804
311.798 0.791
312.586 0.788
313.396 0.81
314.235 0.839
315.059 0.824
315.891 0.832
316.739 0.848
317.581 0.842
318.412 0.831
318.935 0.523
319.27 0.335
320.123 0.853
320.773 0.65
321.542 0.769
322.556 1.014
323.381 0.825
324.216 0.835
325.049 0.833
325.903 0.854
326.74 0.837
327.595 0.855
328.466 0.871
329.34 0.874
330.225 0.885
331.084 0.859
331.953 0.869
332.771 0.818
333.528 0.757
334.273 0.745
335.093 0.82
335.956 0.863
336.794 0.838
337.611 0.817
338.452 0.841
339.314 0.862
340.106 0.792
340.88 0.774
341.681 0.801
342.624 0.943
343.212 0.588
343.561 0.349
344.542 0.981
345.536 0.994
345.83 0.294
346.503 0.673
347.517 1.014
348.436 0.919
349.201 0.765
349.918 0.717
350.617 0.699
350.902 0.285
352.194 1.292
353.225 1.031
354.029 0.804
354.785 0.756
355.543 0.758
356.341 0.798
357.259 0.918
358.181 0.922
359.117 0.936
360.029 0.912
360.913 0.884
361.862 0.949
362.788 0.926
363.666 0.878
364.551 0.885
365.403 0.852
366.321 0.918
367.2 0.879
368.154 0.954
369.079 0.925
369.946 0.867
370.911 0.965
371.735 0.824
372.443 0.708
373.153 0.71
374.265 1.112
375.163 0.898
376.009 0.846
376.895 0.886
377.75 0.855
378.218 0.468
378.48 0.262
379.38 0.9
380.22 0.84
380.67 0.45
380.953 0.283
381.241 0.288
381.536 0.295
381.856 0.32
382.631 0.775
382.945 0.314
383.335 0.39
383.627 0.292
383.952 0.325
384.569 0.617
385.214 0.645
386.21 0.996
386.562 0.352
386.929 0.367
387.195 0.266
387.508 0.313
387.764 0.256
388.722 0.958
389.236 0.514
389.551 0.315
389.809 0.258
390.089 0.28
390.514 0.425
390.859 0.345
391.343 0.484
392.339 0.996
392.601 0.262
393.049 0.448
393.347 0.298
393.742 0.395
394.016 0.274
394.389 0.373
394.695 0.306
395.218 0.523
395.61 0.392
395.882 0.272
396.22 0.338
396.578 0.358
396.94 0.362
397.388 0.448
398.041 0.653
398.486 0.445
398.84 0.354
399.511 0.671
399.787 0.276
400.252 0.465
401.29 1.038
403.931 2.641
404.391 0.46
404.897 0.506
407.812 2.915
408.25 0.438
410.691 2.441
413.344 2.653
413.742 0.398
414.11 0.368
414.37 0.26
415.831 1.461
416.112 0.281
416.384 0.272
416.676 0.292
417.353 0.677
417.624 0.271
418.517 0.893
418.783 0.266
419.688 0.905
420.0 0.312
420.45 0.45
420.787 0.337
421.062 0.275
421.344 0.282
421.893 0.549
422.433 0.54
423.243 0.81
425.577 2.334
425.876 0.299
426.298 0.422
426.621 0.323
427.009 0.388
429.089 2.08
429.496 0.407
429.784 0.288
430.212 0.428
431.883 1.671
438.993 7.11
439.959 0.966
440.819 0.86
441.718 0.899
442.598 0.88
443.423 0.825
444.238 0.815
445.006 0.768
445.752 0.746
446.506 0.754
447.308 0.802
448.098 0.79
448.824 0.726
449.605 0.781
450.384 0.779
451.227 0.843
452.077 0.85
452.863 0.786
453.643 0.78
454.439 0.796
455.201 0.762
455.996 0.795
456.794 0.798
457.587 0.793
458.356 0.769
459.096 0.74
459.851 0.755
460.633 0.782
461.423 0.79
462.206 0.783
462.471 0.265
462.731 0.26
463.006 0.275
463.329 0.323
463.583 0.254
463.928 0.345
464.189 0.261
464.502 0.313
464.871 0.369
465.169 0.298
465.449 0.28
465.701 0.252
467.956 2.255
468.247 0.291
469.145 0.898
469.538 0.393
469.807 0.269
470.167 0.36
478.149 7.982
478.992 0.843
479.877 0.885
480.745 0.868
481.598 0.853
482.554 0.956
483.49 0.936
484.347 0.857
485.157 0.81
485.968 0.811
486.756 0.788
487.527 0.771
487.79 0.263
488.082 0.292
488.447 0.365
488.712 0.265
489.162 0.45
489.9 0.738
490.202 0.302
490.465 0.263
493.166 2.701
493.575 0.409
493.873 0.298
494.472 0.599
495.807 1.335
496.132 0.325
496.423 0.291
496.816 0.393
497.083 0.267
498.903 1.82
499.301 0.398
499.574 0.273
499.883 0.309
500.204 0.321
500.745 0.541
503.611 2.866
503.885 0.274
504.353 0.468
504.734 0.381
505.169 0.435
505.485 0.316
505.769 0.284
506.353 0.584
506.694 0.341
507.047 0.353
507.494 0.447
507.803 0.309
508.241 0.438
508.921 0.68
509.207 0.286
509.468 0.261
509.751 0.283
510.031 0.28
510.478 0.447
510.751 0.273
511.189 0.438
511.706 0.517
512.283 0.577
512.548 0.265
512.947 0.399
516.461 3.514
516.782 0.321
517.054 0.272
517.392 0.338
517.891 0.499
518.171 0.28
518.43 0.259
518.796 0.366
519.048 0.252
520.916 1.868
521.174 0.258
521.885 0.711
522.147 0.262
522.476 0.329
523.111 0.635
523.462 0.351
523.863 0.401
524.175 0.312
524.438 0.263
524.697 0.259
524.993 0.296
525.286 0.293
526.146 0.86
526.84 0.694
527.222 0.382
527.639 0.417
528.038 0.399
528.604 0.566
529.058 0.454
529.377 0.319
541.16 11.783
541.991 0.831
542.89 0.899
543.752 0.862
544.534 0.782
545.313 0.779
546.143 0.83
547.016 0.873
547.848 0.832
548.933 1.085
549.901 0.968
550.755 0.854
551.647 0.892
552.399 0.752
553.393 0.994
554.303 0.91
555.263 0.96
556.15 0.887
557.012 0.862
557.875 0.863
558.737 0.862
559.591 0.854
560.47 0.879
561.348 0.878
562.05 0.702
562.979 0.929
563.583 0.604
564.097 0.514
564.971 0.874
565.804 0.833
566.085 0.281
566.346 0.261
566.613 0.267
566.906 0.293
567.174 0.268
567.475 0.301
567.789 0.314
568.058 0.269
575.991 0.662
578.227 2.236
579.813 1.586
580.311 0.498
580.829 0.518
581.708 0.879
581.967 0.259
582.247 0.28
582.559 0.312
583.233 0.674
583.951 0.718