0.000 0.574
0.574 0.574
1.152 0.578
1.738 0.586
2.357 0.619
2.999 0.642
3.619 0.62
4.262 0.643
4.939 0.677
5.622 0.683
6.347 0.725
7.211 0.864
8.278 1.067
9.299 1.021
10.28 0.981
11.313 1.033
12.294 0.981
13.109 0.815
13.936 0.827
14.728 0.792
15.55 0.822
16.344 0.794
17.097 0.753
17.848 0.751
18.601 0.753
19.41 0.809
20.343 0.933
21.452 1.109
22.6 1.148
23.522 0.922
24.361 0.839
25.2 0.839
26.022 0.822
26.904 0.882
27.771 0.867
28.616 0.845
29.461 0.845
30.316 0.855
31.222 0.906
32.094 0.872
32.951 0.857
33.806 0.855
34.645 0.839
35.497 0.852
36.307 0.81
37.115 0.808
37.93 0.815
38.777 0.847
39.588 0.811
40.397 0.809
41.186 0.789
41.976 0.79
42.747 0.771
43.523 0.776
44.301 0.778
45.087 0.786
45.868 0.781
46.68 0.812
47.487 0.807
48.283 0.796
49.052 0.769
49.803 0.751
50.555 0.752
51.328 0.773
52.112 0.784
52.901 0.789
53.699 0.798
54.473 0.774
55.236 0.763
55.997 0.761
56.761 0.764
57.513 0.752
58.251 0.738
58.988 0.737
59.718 0.73
60.458 0.74
61.198 0.74
61.924 0.726
62.648 0.724
63.373 0.725
64.101 0.728
64.827 0.726
65.531 0.704
66.237 0.706
66.934 0.697
67.629 0.695
68.312 0.683
68.997 0.685
69.682 0.685
70.361 0.679
71.044 0.683
71.731 0.687
72.452 0.721
73.179 0.727
73.943 0.764
74.699 0.756
75.42 0.721
76.143 0.723
76.852 0.709
77.574 0.722
78.284 0.71
78.993 0.709
79.678 0.685
80.077 0.399
80.362 0.285
80.654 0.292
80.965 0.311
81.311 0.346
82.468 1.157
85.53 3.062
86.342 0.812
87.123 0.781
87.95 0.827
88.846 0.896
89.915 1.069
91.245 1.33
92.447 1.202
93.792 1.345
94.959 1.167
96.224 1.265
97.136 0.912
97.996 0.86
98.839 0.843
99.7 0.861
100.608 0.908
101.892 1.284
103.044 1.152
104.361 1.317
105.558 1.197
106.626 1.068
107.927 1.301
108.817 0.89
109.819 1.002
111.152 1.333
112.324 1.172
113.657 1.333
114.945 1.288
116.139 1.194
117.023 0.884
117.896 0.873
118.863 0.967
120.26 1.397
121.518 1.258
122.96 1.442
124.264 1.304
125.418 1.154
126.519 1.101
127.733 1.214
128.636 0.903
129.577 0.941
131.008 1.431
132.188 1.18
133.641 1.453
134.947 1.306
136.097 1.15
137.026 0.929
137.928 0.902
139.202 1.274
140.471 1.269
141.84 1.369
143.272 1.432
144.629 1.357
145.952 1.323
147.099 1.147
148.146 1.047
149.512 1.366
150.933 1.421
152.165 1.232
153.579 1.414
154.686 1.107
155.757 1.071
156.949 1.192
158.294 1.345
159.792 1.498
161.11 1.318
162.392 1.282
163.752 1.36
165.001 1.249
166.039 1.038
167.041 1.002
168.093 1.052
169.214 1.121
170.572 1.358
171.978 1.406
173.135 1.157
174.157 1.022
175.228 1.071
176.402 1.174
177.867 1.465
179.02 1.153
180.069 1.049
181.151 1.082
182.309 1.158
183.837 1.528
185.106 1.269
186.569 1.463
187.828 1.259
188.886 1.058
189.964 1.078
191.101 1.137
192.495 1.394
193.62 1.125
194.594 0.974
195.5 0.906
196.381 0.881
197.274 0.893
198.902 1.628
200.182 1.28
201.467 1.285
202.734 1.267
203.875 1.141
204.826 0.951
205.726 0.9
206.752 1.026
208.166 1.414
209.384 1.218
210.426 1.042
211.501 1.075
212.623 1.122
213.862 1.239
215.139 1.277
216.539 1.4
217.793 1.254
218.849 1.056
219.894 1.045
220.964 1.07
222.25 1.286
223.715 1.465
224.862 1.147
225.956 1.094
227.318 1.362
228.671 1.353
229.785 1.114
230.987 1.202
232.421 1.434
233.57 1.149
234.91 1.34
236.161 1.251
237.248 1.087
238.287 1.039
239.44 1.153
240.872 1.432
242.146 1.274
243.367 1.221
244.703 1.336
245.884 1.181
246.985 1.101
248.049 1.064
249.071 1.022
250.172 1.101
251.438 1.266
252.594 1.156
253.718 1.124
254.78 1.062
255.78 1.0
256.701 0.921
257.601 0.9
258.528 0.927
259.477 0.949
260.842 1.365
262.002 1.16
263.234 1.232
264.451 1.217
265.548 1.097
266.749 1.201
267.866 1.117
268.907 1.041
270.024 1.117
271.118 1.094
272.117 0.999
273.135 1.018
274.146 1.011
275.226 1.08
276.317 1.091
277.361 1.044
278.405 1.044
279.477 1.072
280.637 1.16
282.032 1.395
283.246 1.214
284.327 1.081
285.534 1.207
286.932 1.398
288.26 1.328
289.379 1.119
290.71 1.331
291.755 1.045
292.854 1.099
293.93 1.076
295.219 1.289
296.429 1.21
297.737 1.308
298.941 1.204
299.966 1.025
300.962 0.996
301.93 0.968
303.083 1.153
304.282 1.199
305.565 1.283
306.652 1.087
307.801 1.149
309.012 1.211
310.357 1.345
311.6 1.243
312.765 1.165
314.003 1.238
315.39 1.387
316.587 1.197
317.805 1.218
319.154 1.349
320.337 1.183
321.517 1.18
322.851 1.334
323.998 1.147
325.15 1.152
326.43 1.28
327.474 1.044
328.577 1.103
329.938 1.361
331.118 1.18
332.439 1.321
333.755 1.316
334.944 1.189
336.203 1.259
337.214 1.011
338.157 0.943
339.127 0.97
340.284 1.157
341.666 1.382
342.796 1.13
343.982 1.186
345.248 1.266
346.221 0.973
347.158 0.937
348.06 0.902
348.94 0.88
349.838 0.898
350.479 0.641
351.549 1.07
352.403 0.854
353.226 0.823
354.04 0.814
354.861 0.821
355.697 0.836
356.533 0.836
357.369 0.836
358.216 0.847
359.128 0.912
360.11 0.982
361.067 0.957
362.081 1.014
363.385 1.304
364.613 1.228
365.858 1.245
366.908 1.05
367.892 0.984
368.852 0.96
369.759 0.907
370.626 0.867
371.501 0.875
372.446 0.945
373.85 1.404
375.012 1.162
376.144 1.132
377.126 0.982
378.16 1.034
379.267 1.107
380.411 1.144
381.425 1.014
382.471 1.046
383.587 1.116
384.774 1.187
385.842 1.068
386.773 0.931
387.68 0.907
388.566 0.886
389.46 0.894
390.434 0.974
391.316 0.882
392.329 1.013
393.229 0.9
394.143 0.914
395.055 0.912
395.924 0.869
396.763 0.839
397.596 0.833
398.408 0.812
399.205 0.797
399.998 0.793
400.801 0.803
401.704 0.903
402.839 1.135
403.887 1.048
404.956 1.069
406.021 1.065
407.021 1.0
407.98 0.959
408.879 0.899
409.757 0.878
410.667 0.91
411.657 0.99
412.689 1.032
413.639 0.95
414.57 0.931
415.464 0.894
415.959 0.495
418.849 2.89
419.484 0.635
420.231 0.747
421.009 0.778
421.323 0.314
422.052 0.729
422.572 0.52
423.382 0.81
423.982 0.6
426.71 2.728
427.538 0.828
428.361 0.823
429.151 0.79
429.931 0.78
430.722 0.791
431.53 0.808
432.336 0.806
433.177 0.841
434.004 0.827
434.808 0.804
435.596 0.788
436.405 0.809
437.161 0.756
437.917 0.756
438.685 0.768
439.455 0.77
440.219 0.764
440.982 0.763
441.785 0.803
442.63 0.845
443.461 0.831
444.272 0.811
445.151 0.879
446.043 0.892
446.941 0.898
447.823 0.882
448.695 0.872
449.565 0.87
450.46 0.895
451.315 0.855
452.139 0.824
452.99 0.851
453.874 0.884
454.867 0.993
456.136 1.269
457.308 1.172
458.201 0.893
459.079 0.878
459.973 0.894
460.869 0.896
461.77 0.901
462.756 0.986
463.684 0.928
464.637 0.953
465.611 0.974
466.77 1.159
467.823 1.053
468.938 1.115
470.069 1.131
471.199 1.13
472.289 1.09
473.564 1.275
474.708 1.144
475.8 1.092
477.141 1.341
478.441 1.3
479.54 1.099
480.805 1.265
482.2 1.395
483.241 1.041
484.39 1.149
485.766 1.376
486.74 0.974
487.737 0.997
489.031 1.294
490.315 1.284
491.361 1.046
492.528 1.167
493.798 1.27
494.719 0.921
495.597 0.878
496.453 0.856
497.274 0.821
498.096 0.822
498.907 0.811
499.77 0.863
500.633 0.863
501.489 0.856
502.422 0.933
503.456 1.034
504.635 1.179
505.788 1.153
506.789 1.001
507.75 0.961
508.759 1.009
510.016 1.257
511.167 1.151
512.204 1.037
513.261 1.057
514.3 1.039
515.295 0.995
516.323 1.028
517.427 1.104
518.544 1.117
519.491 0.947
520.418 0.927
521.346 0.928
522.25 0.904
523.139 0.889
524.027 0.888
524.974 0.947
525.969 0.995
526.917 0.948
527.891 0.974
528.879 0.988
529.916 1.037
530.898 0.982
531.848 0.95
532.85 1.002
533.946 1.096
534.988 1.042
536.022 1.034
537.048 1.026
537.996 0.948
538.939 0.943
539.955 1.016
541.099 1.144
542.098 0.999
543.098 1.0
544.07 0.972
544.995 0.925
545.937 0.942
546.945 1.008
547.936 0.991
548.936 1.0
549.933 0.997
550.938 1.005
551.962 1.024
552.93 0.968
553.87 0.94
554.806 0.936
555.692 0.886
556.547 0.855
557.378 0.831
558.222 0.844
559.113 0.891
560.051 0.938
560.993 0.942
561.916 0.923
562.802 0.886
563.666 0.864
564.525 0.859
565.378 0.853
566.227 0.849
567.098 0.871
567.963 0.865
568.8 0.837
569.62 0.82
570.513 0.893
571.536 1.023
572.591 1.055
573.662 1.071
574.675 1.013
575.658 0.983
576.569 0.911
577.436 0.867
578.285 0.849
579.217 0.932
580.416 1.199
581.572 1.156
582.584 1.012
583.608 1.024
584.619 1.011
585.684 1.065
586.734 1.05
587.716 0.982
588.625 0.909
589.508 0.883
590.373 0.865
591.241 0.868
592.132 0.891
593.026 0.894
593.987 0.961
595.042 1.055
596.339 1.297
597.418 1.079
598.428 1.01
599.48 1.052