0.000 0.849
0.849 0.849
1.662 0.813
2.468 0.806
3.281 0.813
4.087 0.806
4.994 0.907
6.002 1.008
7.032 1.03
8.074 1.042
9.053 0.979
9.981 0.928
11.023 1.042
12.122 1.099
13.297 1.175
14.467 1.17
15.768 1.301
17.109 1.341
18.229 1.12
19.448 1.219
20.831 1.383
21.741 0.91
22.719 0.978
23.647 0.928
25.108 1.461
26.45 1.342
27.523 1.073
28.752 1.229
29.699 0.947
30.594 0.895
31.985 1.391
33.347 1.362
34.497 1.15
35.929 1.432
37.252 1.323
38.525 1.273
39.774 1.249
40.935 1.161
42.292 1.357
43.502 1.21
44.816 1.314
46.211 1.395
47.505 1.294
48.856 1.351
50.092 1.236
51.119 1.027
52.521 1.402
53.756 1.235
55.075 1.319
56.371 1.296
57.48 1.109
58.824 1.344
60.036 1.212
61.259 1.223
62.54 1.281
63.768 1.228
65.02 1.252
66.391 1.371
67.669 1.278
68.973 1.304
70.329 1.356
71.646 1.317
72.864 1.218
74.309 1.445
75.661 1.352
76.863 1.202
78.193 1.33
79.482 1.289
80.643 1.161
81.97 1.327
83.268 1.298
84.553 1.285
85.961 1.408
87.198 1.237
88.382 1.184
89.672 1.29
90.974 1.302
92.174 1.2
93.492 1.318
94.773 1.281
95.907 1.134
97.215 1.308
98.508 1.293
99.673 1.165
100.978 1.305
102.258 1.28
103.523 1.265
104.785 1.262
105.897 1.112
107.199 1.302
108.4 1.201
109.505 1.105
110.742 1.237
111.856 1.114
113.016 1.16
114.306 1.29
115.376 1.07
116.381 1.005
117.598 1.217
118.901 1.303
120.038 1.137
121.301 1.263
122.644 1.343
123.839 1.195
125.174 1.335
126.496 1.322
127.59 1.094
128.972 1.382
130.285 1.313
131.594 1.309
132.986 1.392
134.257 1.271
135.362 1.105
136.596 1.234
137.598 1.002
138.611 1.013
139.904 1.293
141.116 1.212
142.2 1.084
143.424 1.224
144.658 1.234
145.759 1.101
147.01 1.251
148.253 1.243
149.386 1.133
150.669 1.283
151.838 1.169
153.032 1.194
154.229 1.197
155.398 1.169
156.576 1.178
157.814 1.238
158.912 1.098
159.995 1.083
161.17 1.175
162.241 1.071
163.32 1.079
164.587 1.267
165.682 1.095
166.934 1.252
168.148 1.214
169.217 1.069
170.379 1.162
171.609 1.23
172.666 1.057
173.86 1.194
175.02 1.16
176.071 1.051
177.318 1.247
178.587 1.269
179.765 1.178
180.877 1.112
182.165 1.288
183.415 1.25
184.574 1.159
185.83 1.256
187.007 1.177
188.104 1.097
189.31 1.206
190.495 1.185
191.607 1.112
192.797 1.19
193.886 1.089
194.913 1.027
195.799 0.886
196.735 0.936
197.82 1.085
198.766 0.946
199.819 1.053
200.978 1.159
202.085 1.107
203.105 1.02
204.198 1.093
205.353 1.155
206.419 1.066
207.554 1.135
208.807 1.253
209.935 1.128
211.043 1.108
212.281 1.238
213.488 1.207
214.7 1.212
215.96 1.26
217.172 1.212
218.306 1.134
219.575 1.269
220.78 1.205
221.871 1.091
223.084 1.213
224.406 1.322
225.628 1.222
226.861 1.233
228.138 1.277
229.381 1.243
230.575 1.194
231.874 1.299
233.148 1.274
234.277 1.129
235.497 1.22
236.661 1.164
237.883 1.222
239.077 1.194
240.037 0.96
241.092 1.055
242.234 1.142
243.405 1.171
244.373 0.968
245.511 1.138
246.888 1.377
248.189 1.301
249.419 1.23
250.588 1.169
251.726 1.138
252.923 1.197
254.168 1.245
255.353 1.185
256.45 1.097
257.771 1.321
259.105 1.334
260.291 1.186
261.603 1.312
262.87 1.267
264.01 1.14
265.327 1.317
266.528 1.201
267.741 1.213
269.043 1.302
270.214 1.171
271.393 1.179
272.655 1.262
273.891 1.236
275.0 1.109
276.319 1.319
277.553 1.234
278.672 1.119
279.911 1.239
281.148 1.237
282.242 1.094
283.367 1.125
284.557 1.19
285.788 1.231
286.928 1.14
288.151 1.223
289.374 1.223
290.451 1.077
291.602 1.151
292.83 1.228
294.032 1.202
295.129 1.097
296.172 1.043
297.357 1.185
298.601 1.244
299.745 1.144
300.839 1.094
302.026 1.187
303.274 1.248
304.467 1.193
305.489 1.022
306.725 1.236
307.981 1.256
309.094 1.113
310.283 1.189
311.528 1.245
312.648 1.12
313.746 1.098
314.928 1.182
316.068 1.14
317.088 1.02
317.978 0.89
318.895 0.917
320.061 1.166
321.082 1.021
322.21 1.128
323.349 1.139
324.372 1.023
325.454 1.082
326.574 1.12
327.597 1.023
328.65 1.053
329.796 1.146
330.797 1.001
331.914 1.117
333.062 1.148
334.223 1.161
335.191 0.968
336.164 0.973
337.366 1.202
338.488 1.122
339.54 1.052
340.797 1.257
342.009 1.212
343.128 1.119
344.322 1.194
345.52 1.198
346.596 1.076
347.75 1.154
349.015 1.265
350.229 1.214
351.264 1.035
352.433 1.169
353.72 1.287
354.833 1.113
355.907 1.074
357.175 1.268
358.512 1.337
359.732 1.22
360.9 1.168
362.064 1.164
363.281 1.217
364.462 1.181
365.508 1.046
366.63 1.122
367.823 1.193
368.865 1.042
369.93 1.065
371.121 1.191
372.274 1.153
373.286 1.012
374.325 1.039
375.409 1.084
376.498 1.089
377.481 0.983
378.449 0.968
379.648 1.199
380.908 1.26
381.885 0.977
382.882 0.997
383.977 1.095
385.206 1.229
386.447 1.241
387.54 1.093
388.59 1.05
389.743 1.153
390.841 1.098
392.015 1.174
393.021 1.006
393.897 0.876
394.754 0.857
395.662 0.908
396.776 1.114
397.974 1.198
399.083 1.109
400.118 1.035
401.111 0.993
402.104 0.993
403.16 1.056
404.189 1.029
405.212 1.023
406.19 0.978
407.114 0.924
408.076 0.962
409.121 1.045
410.216 1.095
411.194 0.978
412.204 1.01
413.344 1.14
414.436 1.092
415.413 0.977
416.457 1.044
417.564 1.107
418.61 1.046
419.536 0.926
420.553 1.017
421.646 1.093
422.638 0.992
423.688 1.05
424.769 1.081
425.76 0.991
426.749 0.989
427.72 0.971
428.713 0.993
429.682 0.969
430.565 0.883
431.461 0.896
432.42 0.959
433.354 0.934
434.217 0.863
435.054 0.837
435.89 0.836
436.749 0.859
437.687 0.938
438.674 0.987
439.671 0.997
440.585 0.914
441.469 0.884
442.421 0.952
443.399 0.978
444.415 1.016
445.37 0.955
446.352 0.982
447.428 1.076
448.555 1.127
449.598 1.043
450.721 1.123
451.862 1.141
453.02 1.158
454.105 1.085
455.213 1.108
456.551 1.338
457.825 1.274
459.064 1.239
460.202 1.138
461.393 1.191
462.611 1.218
463.666 1.055
464.791 1.125
466.041 1.25
467.221 1.18
468.37 1.149
469.541 1.171
470.636 1.095
471.618 0.982
472.717 1.099
473.812 1.095
474.794 0.982
475.831 1.037
477.086 1.255
478.319 1.233
479.354 1.035
480.527 1.173
481.802 1.275
483.015 1.213
484.066 1.051
485.155 1.089
486.322 1.167
487.377 1.055
488.493 1.116
489.646 1.153
490.657 1.011
491.843 1.186
493.071 1.228
494.213 1.142
495.325 1.112
496.413 1.088
497.448 1.035
498.479 1.031
499.606 1.127
500.591 0.985
501.657 1.066
502.758 1.101
503.738 0.98
504.812 1.074
505.892 1.08
506.927 1.035
507.961 1.034
508.965 1.004
509.89 0.925
510.816 0.926
511.81 0.994
512.914 1.104
514.025 1.111
515.022 0.997
516.087 1.065
517.216 1.129
518.255 1.039
519.267 1.012
520.351 1.084
521.482 1.131
522.585 1.103
523.476 0.891
524.472 0.996
525.511 1.039
526.637 1.126
527.782 1.145
528.803 1.021
529.806 1.003
530.947 1.141
532.029 1.082
533.023 0.994
534.14 1.117
535.364 1.224
536.503 1.139
537.5 0.997
538.59 1.09
539.746 1.156
540.924 1.178
542.041 1.117
543.204 1.163
544.335 1.131
545.405 1.07
546.392 0.987
547.449 1.057
548.489 1.04
549.435 0.946
550.544 1.109
551.73 1.186
552.858 1.128
553.81 0.952
554.734 0.924
555.751 1.017
556.765 1.014
557.806 1.041
558.736 0.93
559.737 1.001
560.921 1.184
562.1 1.179
563.161 1.061
564.085 0.924
565.063 0.978
566.24 1.177
567.361 1.121
568.458 1.097
569.678 1.22
570.876 1.198
571.916 1.04
572.949 1.033
574.163 1.214
575.399 1.236
576.439 1.04
577.54 1.101
578.879 1.339
580.168 1.289
581.268 1.1
582.417 1.149
583.681 1.264
585.015 1.334
586.322 1.307
587.552 1.23
588.589 1.037
589.682 1.093
590.995 1.313
592.209 1.214
593.262 1.053
594.216 0.954
595.174 0.958
596.484 1.31
597.785 1.301
599.065 1.28
600.268 1.203
601.431 1.163
602.677 1.246
603.866 1.189
605.055 1.189
606.224 1.169
607.553 1.329