0.000 0.689
0.689 0.689
1.376 0.687
2.166 0.79
2.877 0.711
3.588 0.711
4.392 0.804
5.09 0.698
5.737 0.647
6.391 0.654
7.08 0.689
7.743 0.663
8.399 0.656
9.019 0.62
9.623 0.604
10.216 0.593
10.803 0.587
11.396 0.593
11.996 0.6
12.615 0.619
13.212 0.597
13.786 0.574
14.338 0.552
14.889 0.551
15.447 0.558
16.057 0.61
16.656 0.599
17.336 0.68
18.025 0.689
18.652 0.627
19.257 0.605
19.842 0.585
20.441 0.599
21.07 0.629
21.686 0.616
22.286 0.6
22.865 0.579
23.438 0.573
24.006 0.568
24.547 0.541
25.08 0.533
25.604 0.524
26.117 0.513
26.634 0.517
27.161 0.527
27.785 0.624
28.39 0.605
29.026 0.636
29.681 0.655
30.329 0.648
30.939 0.61
31.5 0.561
32.054 0.554
32.646 0.592
33.434 0.788
34.135 0.701
34.813 0.678
35.561 0.748
36.29 0.729
36.985 0.695
37.718 0.733
38.464 0.746
39.215 0.751
39.95 0.735
40.678 0.728
41.504 0.826
42.264 0.76
42.967 0.703
43.644 0.677
44.326 0.682
44.981 0.655
45.61 0.629
46.216 0.606
46.809 0.593
47.394 0.585
48.005 0.611
48.648 0.643
49.34 0.692
50.038 0.698
50.696 0.658
51.348 0.652
51.978 0.63
52.629 0.651
53.265 0.636
53.888 0.623
54.534 0.646
55.186 0.652
55.836 0.65
56.501 0.665
57.174 0.673
57.808 0.634
58.446 0.638
59.094 0.648
59.733 0.639
60.368 0.635
61.014 0.646
61.656 0.642
62.325 0.669
62.972 0.647
63.651 0.679
64.295 0.644
64.928 0.633
65.57 0.642
66.332 0.762
67.085 0.753
67.837 0.752
68.563 0.726
69.217 0.654
69.862 0.645
70.474 0.612
71.059 0.585
71.65 0.591
72.229 0.579
72.828 0.599
73.441 0.613
74.05 0.609
74.679 0.629
75.266 0.587
75.848 0.582
76.424 0.576
77.002 0.578
77.602 0.6
78.236 0.634
78.884 0.648
79.52 0.636
80.163 0.643
80.815 0.652
81.466 0.651
82.109 0.643
82.722 0.613
83.342 0.62
83.957 0.615
84.56 0.603
85.175 0.615
85.807 0.632
86.428 0.621
87.043 0.615
87.68 0.637
88.323 0.643
88.958 0.635
89.576 0.618
90.191 0.615
90.8 0.609
91.395 0.595
91.971 0.576
92.528 0.557
93.081 0.553
93.626 0.545
94.171 0.545
94.71 0.539
95.248 0.538
95.794 0.546
96.383 0.589
97.06 0.677
97.707 0.647
98.365 0.658
99.0 0.635
99.617 0.617
100.216 0.599
100.794 0.578
101.361 0.567
101.919 0.558
102.467 0.548
103.02 0.553
103.646 0.626
104.233 0.587
104.804 0.571
105.435 0.631
106.177 0.742
106.95 0.773
107.661 0.711
108.33 0.669
108.963 0.633
109.574 0.611
110.217 0.643
110.868 0.651
111.527 0.659
112.154 0.627
112.766 0.612
113.348 0.582
113.928 0.58
114.489 0.561
115.054 0.565
115.608 0.554
116.18 0.572
116.851 0.671
117.666 0.815
118.519 0.853
119.376 0.857
120.251 0.875
121.096 0.845
121.894 0.798
122.655 0.761
123.399 0.744
124.096 0.697
124.767 0.671
125.425 0.658
126.134 0.709
126.81 0.676
127.495 0.685
128.233 0.738
129.222 0.989
130.117 0.895
130.913 0.796
131.716 0.803
132.505 0.789
133.247 0.742
133.976 0.729
134.711 0.735
135.477 0.766
136.214 0.737
136.896 0.682
137.584 0.688
138.25 0.666
138.908 0.658
139.574 0.666
140.274 0.7
140.957 0.683
141.613 0.656
142.271 0.658
142.941 0.67
143.661 0.72
144.345 0.684
145.051 0.706
145.736 0.685
146.559 0.823
147.244 0.685
147.889 0.645
148.497 0.608
149.089 0.592
149.713 0.624
150.353 0.64
151.023 0.67
151.762 0.739
152.548 0.786
153.337 0.789
154.116 0.779
154.859 0.743
155.562 0.703
156.224 0.662
156.965 0.741
157.667 0.702
158.352 0.685
159.072 0.72
159.788 0.716
160.523 0.735
161.252 0.729
161.962 0.71
162.68 0.718
163.37 0.69
164.063 0.693
164.753 0.69
165.435 0.682
166.134 0.699
166.794 0.66
167.448 0.654
168.059 0.611
168.694 0.635
169.292 0.598
169.909 0.617
170.527 0.618
171.227 0.7
172.108 0.881
172.975 0.867
173.8 0.825
174.565 0.765
175.355 0.79
176.172 0.817
176.996 0.824
177.795 0.799
178.589 0.794
179.34 0.751
180.095 0.755
180.817 0.722
181.472 0.655
182.082 0.61
182.667 0.585
183.267 0.6
183.861 0.594
184.533 0.672
185.172 0.639
185.973 0.801
186.799 0.826
187.671 0.872
188.466 0.795
189.182 0.716
189.864 0.682
190.543 0.679
191.254 0.711
192.083 0.829
193.038 0.955
194.019 0.981
194.927 0.908
195.818 0.891
196.608 0.79
197.388 0.78
198.19 0.802
198.93 0.74
199.639 0.709
200.352 0.713
201.074 0.722
201.936 0.862
202.736 0.8
203.544 0.808
204.325 0.781
205.073 0.748
205.811 0.738
206.545 0.734
207.293 0.748
208.06 0.767
208.818 0.758
209.58 0.762
210.318 0.738
211.013 0.695
211.679 0.666
212.346 0.667
212.984 0.638
213.59 0.606
214.184 0.594
214.801 0.617
215.451 0.65
216.093 0.642
216.769 0.676
217.434 0.665
218.107 0.673
218.776 0.669
219.466 0.69
220.159 0.693
220.829 0.67
221.485 0.656
222.138 0.653
222.807 0.669
223.503 0.696
224.175 0.672
224.852 0.677
225.582 0.73
226.548 0.966
227.451 0.903
228.321 0.87
229.13 0.809
229.834 0.704
230.49 0.656
231.126 0.636
231.78 0.654
232.444 0.664
233.127 0.683
233.915 0.788
234.711 0.796
235.497 0.786
236.303 0.806
237.144 0.841
238.032 0.888
238.931 0.899
239.792 0.861
240.639 0.847
241.475 0.836
242.275 0.8
243.085 0.81
243.907 0.822
244.736 0.829
245.579 0.843
246.389 0.81
247.198 0.809
247.957 0.759
248.694 0.737
249.454 0.76
250.211 0.757
250.923 0.712
251.638 0.715
252.348 0.71
253.262 0.914
254.009 0.747
254.746 0.737
255.437 0.691
256.09 0.653
256.706 0.616
257.339 0.633
257.985 0.646
258.633 0.648
259.331 0.698
260.057 0.726
260.808 0.751
261.577 0.769
262.452 0.875
263.227 0.775
264.046 0.819
264.839 0.793
265.631 0.792
266.361 0.73
267.012 0.651
267.641 0.629
268.251 0.61
268.854 0.603
269.465 0.611
270.228 0.763
271.013 0.785
271.819 0.806
272.57 0.751
273.286 0.716
273.954 0.668
274.651 0.697
275.345 0.694
276.062 0.717
276.748 0.686
277.461 0.713
278.216 0.755
279.014 0.798
279.749 0.735
280.44 0.691
281.155 0.715
281.883 0.728
282.55 0.667
283.195 0.645
283.828 0.633
284.473 0.645
285.171 0.698
285.891 0.72
286.596 0.705
287.244 0.648
287.862 0.618
288.49 0.628
289.174 0.684
289.831 0.657
290.465 0.634
291.081 0.616
291.679 0.598
292.289 0.61
292.93 0.641
293.61 0.68
294.278 0.668
294.952 0.674
295.664 0.712
296.437 0.773
297.203 0.766
297.927 0.724
298.61 0.683
299.258 0.648
299.894 0.636
300.562 0.668
301.258 0.696
301.9 0.642
302.54 0.64
303.149 0.609
303.745 0.596
304.318 0.573
304.877 0.559
305.433 0.556
306.003 0.57
306.602 0.599
307.194 0.592
307.817 0.623
308.417 0.6
309.048 0.631
309.725 0.677
310.441 0.716
311.176 0.735
311.834 0.658
312.457 0.623
313.052 0.595
313.629 0.577
314.188 0.559
314.736 0.548
315.273 0.537
315.811 0.538
316.372 0.561
316.987 0.615
317.681 0.694
318.357 0.676
319.238 0.881
320.11 0.872
321.034 0.924
321.837 0.803
322.623 0.786
323.371 0.748
324.208 0.837
325.084 0.876
325.887 0.803
326.607 0.72
327.289 0.682
327.977 0.688
328.662 0.685
329.377 0.715
330.052 0.675
330.739 0.687
331.396 0.657
332.115 0.719
332.793 0.678
333.437 0.644
334.063 0.626
334.684 0.621
335.333 0.649
335.969 0.636
336.597 0.628
337.204 0.607
337.788 0.584
338.375 0.587
338.981 0.606
339.605 0.624
340.258 0.653
340.884 0.626
341.491 0.607
342.083 0.592
342.675 0.592
343.271 0.596
343.863 0.592
344.478 0.615
345.113 0.635
345.758 0.645
346.427 0.669
347.105 0.678
347.778 0.673
348.433 0.655
349.095 0.662
349.753 0.658
350.424 0.671
351.097 0.673
351.773 0.676
352.519 0.746
353.323 0.804
354.089 0.766
354.822 0.733
355.518 0.696
356.16 0.642
356.781 0.621
357.381 0.6
357.967 0.586
358.545 0.578
359.121 0.576
359.695 0.574
360.276 0.581
360.872 0.596
361.48 0.608
362.099 0.619
362.691 0.592
363.272 0.581
363.848 0.576
364.436 0.588
365.046 0.61
365.812 0.766
366.513 0.701
367.254 0.741
367.954 0.7
368.623 0.669
369.328 0.705
369.991 0.663
370.803 0.812
371.579 0.776
372.362 0.783
373.101 0.739
373.773 0.672
374.437 0.664
375.09 0.653
375.752 0.662
376.416 0.664
377.077 0.661
377.741 0.664
378.389 0.648
379.042 0.653
379.702 0.66
380.39 0.688
381.092 0.702
381.793 0.701
382.513 0.72
383.257 0.744
384.061 0.804
384.828 0.767
385.558 0.73
386.288 0.73
386.986 0.698
387.658 0.672
388.32 0.662
388.958 0.638
389.609 0.651
390.265 0.656
390.931 0.666
391.608 0.677
392.294 0.686
393.017 0.723
393.747 0.73
394.46 0.713
395.163 0.703
395.859 0.696
396.546 0.687
397.207 0.661
397.865 0.658
398.504 0.639
399.194 0.69
399.912 0.718
400.696 0.784
401.446 0.75
402.155 0.709
402.832 0.677
403.497 0.665
404.186 0.689
404.823 0.637
405.467 0.644
406.064 0.597
406.662 0.598
407.294 0.632
407.918 0.624
408.564 0.646
409.224 0.66
409.875 0.651
410.545 0.67
411.199 0.654
411.833 0.634
412.443 0.61
413.098 0.655
413.747 0.649
414.365 0.618
414.98 0.615
415.603 0.623
416.236 0.633
416.919 0.683
417.569 0.65
418.244 0.675
418.894 0.65
419.567 0.673
420.252 0.685
420.926 0.674
421.618 0.692
422.286 0.668
422.966 0.68
423.629 0.663
424.278 0.649
424.925 0.647
425.597 0.672
426.212 0.615
426.803 0.591
427.379 0.576
427.948 0.569
428.529 0.581
429.119 0.59
429.711 0.592
430.308 0.597
430.928 0.62
431.601 0.673
432.259 0.658
432.894 0.635
433.544 0.65
434.243 0.699
434.921 0.678
435.606 0.685
436.281 0.675
436.96 0.679
437.639 0.679
438.295 0.656
438.944 0.649
439.599 0.655
440.281 0.682
440.994 0.713
441.76 0.766
442.505 0.745
443.243 0.738
443.956 0.713
444.645 0.689
445.304 0.659
445.931 0.627
446.547 0.616
447.139 0.592
447.716 0.577
448.29 0.574
448.855 0.565
449.405 0.55
449.95 0.545
450.539 0.589
451.165 0.626
451.837 0.672
452.509 0.672
453.189 0.68
453.919 0.73
454.648 0.729
455.442 0.794
456.233 0.791
457.056 0.823
457.844 0.788
458.597 0.753
459.313 0.716
460.024 0.711
460.774 0.75
461.468 0.694
462.14 0.672
462.785 0.645
463.414 0.629
464.072 0.658
464.901 0.829
465.701 0.8
466.46 0.759
467.21 0.75
467.933 0.723
468.661 0.728
469.353 0.692
470.024 0.671
470.681 0.657
471.318 0.637
471.968 0.65
472.68 0.712
473.525 0.845
474.381 0.856
475.227 0.846
476.033 0.806
476.809 0.776
477.555 0.746
478.275 0.72
478.953 0.678
479.602 0.649
480.252 0.65
480.922 0.67
481.65 0.728
482.423 0.773
483.236 0.813
484.044 0.808
484.805 0.761
485.537 0.732
486.244 0.707
486.937 0.693
487.635 0.698
488.338 0.703
489.048 0.71
489.769 0.721
490.508 0.739
491.232 0.724
491.949 0.717
492.703 0.754
493.493 0.79
494.219 0.726
494.94 0.721
495.643 0.703
496.329 0.686
497.016 0.687
497.695 0.679
498.394 0.699
499.054 0.66
499.721 0.667
500.379 0.658
501.046 0.667
501.727 0.681
502.397 0.67
503.157 0.76
503.881 0.724
504.657 0.776
505.353 0.696
506.134 0.781
506.877 0.743
507.565 0.688
508.254 0.689
508.945 0.691
509.648 0.703
510.351 0.703
511.052 0.701
511.741 0.689
512.478 0.737
513.144 0.666
513.791 0.647
514.421 0.63
515.075 0.654
515.746 0.671
516.397 0.651
517.049 0.652
517.728 0.679
518.564 0.836
519.36 0.796
520.143 0.783
520.918 0.775
521.702 0.784
522.448 0.746
523.175 0.727
523.858 0.683
524.522 0.664
525.202 0.68
525.903 0.701
526.575 0.672
527.3 0.725
528.028 0.728
528.809 0.781
529.577 0.768
530.359 0.782
531.105 0.746
531.828 0.723
532.531 0.703
533.267 0.736
533.938 0.671
534.608 0.67
535.229 0.621
535.853 0.624
536.506 0.653
537.159 0.653
537.865 0.706
538.593 0.728
539.401 0.808
540.236 0.835
541.094 0.858
541.934 0.84
542.683 0.749
543.391 0.708
544.076 0.685
544.784 0.708
545.469 0.685
546.148 0.679
546.849 0.701
547.806 0.957
548.7 0.894
549.546 0.846
550.325 0.779
551.065 0.74
551.758 0.693
552.411 0.653
553.048 0.637
553.686 0.638
554.347 0.661
555.01 0.663
555.654 0.644
556.265 0.611
556.918 0.653
557.568 0.65
558.182 0.614
558.826 0.644
559.687 0.861
560.443 0.756
561.143 0.7
561.779 0.636
562.394 0.615
563.033 0.639
563.758 0.725
564.51 0.752
565.198 0.688
565.857 0.659
566.485 0.628
567.083 0.598
567.744 0.661
568.4 0.656
569.055 0.655
569.693 0.638
570.355 0.662
571.016 0.661
571.713 0.697
572.406 0.693
573.146 0.74
573.857 0.711
574.538 0.681
575.2 0.662
575.85 0.65
576.471 0.621
577.077 0.606
577.685 0.608
578.316 0.631
578.99 0.674
579.703 0.713
580.383 0.68
581.092 0.709
581.774 0.682
582.404 0.63
583.027 0.623
583.663 0.636
584.295 0.632
584.91 0.615
585.534 0.624
586.135 0.601
586.727 0.592
587.332 0.605
587.98 0.648
588.806 0.826
589.639 0.833
590.442 0.803
591.264 0.822
592.051 0.787
592.853 0.802
593.615 0.762
594.384 0.769
595.139 0.755
595.885 0.746
596.556 0.671
597.2 0.644
597.807 0.607
598.404 0.597
598.98 0.576
599.533 0.553
600.094 0.561
600.774 0.68
601.498 0.724