0.000 0.622
0.622 0.622
1.268 0.646
1.936 0.668
3.338 1.402
4.073 0.735
4.74 0.667
5.514 0.774
6.166 0.652
6.897 0.731
7.603 0.706
8.576 0.973
9.408 0.832
10.097 0.689
10.75 0.653
11.36 0.61
11.963 0.603
12.583 0.62
13.171 0.588
13.775 0.604
14.493 0.718
15.139 0.646
15.944 0.805
16.733 0.789
17.442 0.709
18.188 0.746
18.952 0.764
19.741 0.789
20.478 0.737
21.258 0.78
21.994 0.736
22.732 0.738
23.423 0.691
24.088 0.665
24.745 0.657
25.404 0.659
26.065 0.661
26.736 0.671
27.425 0.689
28.167 0.742
28.921 0.754
29.752 0.831
30.564 0.812
31.354 0.79
32.148 0.794
32.938 0.79
33.712 0.774
34.44 0.728
35.182 0.742
35.867 0.685
36.542 0.675
37.239 0.697
37.984 0.745
38.846 0.862
39.64 0.794
40.391 0.751
41.162 0.771
41.921 0.759
42.689 0.768
43.419 0.73
44.19 0.771
44.996 0.806
45.874 0.878
46.593 0.719
47.335 0.742
48.067 0.732
48.86 0.793
49.648 0.788
50.46 0.812
51.195 0.735
51.997 0.802
52.702 0.705
53.421 0.719
54.119 0.698
54.815 0.696
55.541 0.726
56.27 0.729
57.094 0.824
57.991 0.897
58.879 0.888
59.778 0.899
60.672 0.894
61.492 0.82
62.286 0.794
63.034 0.748
63.78 0.746
64.529 0.749
65.297 0.768
66.062 0.765
66.871 0.809
67.651 0.78
68.464 0.813
69.308 0.844
70.139 0.831
70.919 0.78
71.748 0.829
72.495 0.747
73.238 0.743
73.951 0.713
74.647 0.696
75.361 0.714
76.062 0.701
76.799 0.737
77.625 0.826
78.561 0.936
79.421 0.86
80.267 0.846
81.077 0.81
81.844 0.767
82.572 0.728
83.272 0.7
83.976 0.704
84.676 0.7
85.3 0.624
85.923 0.623
86.532 0.609
87.113 0.581
87.698 0.585
88.425 0.727
89.256 0.831
90.017 0.761
90.76 0.743
91.458 0.698
92.12 0.662
92.744 0.624
93.343 0.599
93.943 0.6
94.571 0.628
95.248 0.677
95.962 0.714
96.718 0.756
97.49 0.772
98.268 0.778
99.006 0.738
99.796 0.79
100.552 0.756
101.269 0.717
101.98 0.711
102.678 0.698
103.359 0.681
104.06 0.701
104.78 0.72
105.488 0.708
106.216 0.728
106.925 0.709
107.609 0.684
108.291 0.682
108.969 0.678
109.68 0.711
110.366 0.686
111.026 0.66
111.705 0.679
112.403 0.698
113.149 0.746
113.865 0.716
114.579 0.714
115.283 0.704
115.954 0.671
116.628 0.674
117.288 0.66
117.943 0.655
118.582 0.639
119.232 0.65
119.877 0.645
120.522 0.645
121.172 0.65
121.827 0.655
122.492 0.665
123.158 0.666
123.813 0.655
124.478 0.665
125.148 0.67
125.82 0.672
126.471 0.651
127.138 0.667
127.826 0.688
128.518 0.692
129.225 0.707
129.917 0.692
130.616 0.699
131.283 0.667
131.942 0.659
132.6 0.658
133.258 0.658
133.896 0.638
134.527 0.631
135.162 0.635
135.837 0.675
136.531 0.694
137.217 0.686
137.926 0.709
138.636 0.71
139.35 0.714
140.055 0.705
140.757 0.702
141.462 0.705
142.173 0.711
142.89 0.717
143.597 0.707
144.314 0.717
145.014 0.7
145.777 0.763
146.516 0.739
147.262 0.746
147.99 0.728
148.682 0.692
149.337 0.655
149.985 0.648
150.643 0.658
151.314 0.671
151.983 0.669
152.655 0.672
153.27 0.615
153.878 0.608
154.518 0.64
155.161 0.643
155.795 0.634
156.427 0.632
157.06 0.633
157.715 0.655
158.365 0.65
159.055 0.69
159.743 0.688
160.522 0.779
161.305 0.783
162.083 0.778
162.839 0.756
163.571 0.732
164.297 0.726
165.044 0.747
165.842 0.798
166.62 0.778
167.398 0.778
168.219 0.821
169.026 0.807
169.746 0.72
170.45 0.704
171.11 0.66
171.802 0.692
172.499 0.697
173.26 0.761
174.022 0.762
174.818 0.796
175.594 0.776
176.334 0.74
177.046 0.712
177.754 0.708
178.468 0.714
179.133 0.665
179.771 0.638
180.385 0.614
181.007 0.622
181.639 0.632
182.269 0.63
182.881 0.612
183.506 0.625
184.164 0.658
184.835 0.671
185.481 0.646
186.104 0.623
186.726 0.622
187.344 0.618
187.97 0.626
188.6 0.63
189.248 0.648
189.923 0.675
190.686 0.763
191.462 0.776
192.263 0.801
193.004 0.741
193.684 0.68
194.327 0.643
194.956 0.629
195.595 0.639
196.016 0.421
196.299 0.283
196.941 0.642
197.693 0.752
198.428 0.735
199.159 0.731
199.853 0.694
200.54 0.687
201.215 0.675
201.902 0.687
202.575 0.673
203.219 0.644
203.851 0.632
204.46 0.609
205.056 0.596
205.651 0.595
206.244 0.593
206.832 0.588
207.439 0.607
208.098 0.659
208.776 0.678
209.432 0.656
210.086 0.654
210.715 0.629
211.33 0.615
211.933 0.603
212.533 0.6
213.172 0.639
213.883 0.711
214.74 0.857
215.532 0.792
216.298 0.766
217.057 0.759
217.826 0.769
218.594 0.768
219.348 0.754
220.064 0.716
220.743 0.679
221.391 0.648
222.017 0.626
222.631 0.614
223.228 0.597
223.806 0.578
224.39 0.584
224.957 0.567
225.516 0.559
226.091 0.575
226.662 0.571
227.254 0.592
227.953 0.699
229.19 1.237
230.17 0.98
231.038 0.868
231.857 0.819
232.606 0.749
233.312 0.706
233.982 0.67
234.647 0.665
235.285 0.638
235.93 0.645
236.605 0.675
237.251 0.646
237.891 0.64
238.538 0.647
239.17 0.632
239.849 0.679
240.588 0.739
241.309 0.721
242.008 0.699
242.645 0.637
243.292 0.647
243.915 0.623
244.533 0.618
245.142 0.609
245.757 0.615
246.397 0.64
247.097 0.7
247.941 0.844
248.791 0.85
249.605 0.814
250.374 0.769
251.117 0.743
251.79 0.673
252.454 0.664
253.107 0.653
253.771 0.664
254.5 0.729
255.282 0.782
256.111 0.829
256.972 0.861
257.83 0.858
258.71 0.88
259.554 0.844
260.406 0.852
261.224 0.818
261.954 0.73
262.673 0.719
263.333 0.66
263.948 0.615
264.579 0.631
265.282 0.703
266.009 0.727
266.785 0.776
267.598 0.813
268.373 0.775
269.085 0.712
269.777 0.692
270.449 0.672
271.143 0.694
271.892 0.749
272.666 0.774
273.499 0.833
274.311 0.812
275.043 0.732
275.763 0.72
276.478 0.715
277.173 0.695
277.917 0.744
278.669 0.752
279.457 0.788
280.182 0.725
280.858 0.676
281.504 0.646
282.15 0.646
282.824 0.674
283.526 0.702
284.238 0.712
284.965 0.727
285.666 0.701
286.35 0.684
287.04 0.69
287.761 0.721
288.535 0.774
289.395 0.86
290.199 0.804
290.987 0.788
291.72 0.733
292.403 0.683
293.111 0.708
293.879 0.768
294.619 0.74
295.345 0.726
296.11 0.765
296.912 0.802
297.708 0.796
298.441 0.733
299.188 0.747
299.897 0.709
300.61 0.713
301.297 0.687
302.007 0.71
302.722 0.715
303.475 0.753
304.245 0.77
304.973 0.728
305.654 0.681
306.353 0.699
307.039 0.686
307.723 0.684
308.425 0.702
309.115 0.69
309.782 0.667
310.424 0.642
311.067 0.643
311.719 0.652
312.403 0.684
313.12 0.717
313.86 0.74
314.675 0.815
315.543 0.868
316.428 0.885
317.302 0.874
318.131 0.829
318.947 0.816
319.736 0.789
320.518 0.782
321.293 0.775
322.031 0.738
322.75 0.719
323.442 0.692
324.128 0.686
324.803 0.675
325.567 0.764
326.338 0.771
327.125 0.787
327.89 0.765
328.581 0.691
329.27 0.689
329.967 0.697
330.721 0.754
331.485 0.764
332.239 0.754
332.987 0.748
333.725 0.738
334.437 0.712
335.139 0.702
335.851 0.712
336.56 0.709
337.299 0.739
338.012 0.713
338.754 0.742
339.481 0.727
340.233 0.752
340.942 0.709
341.661 0.719
342.382 0.721
343.195 0.813
343.976 0.781
344.795 0.819
345.573 0.778
346.334 0.761
347.083 0.749
347.876 0.793
348.665 0.789
349.417 0.752
350.112 0.695
350.744 0.632
351.351 0.607
351.97 0.619
352.604 0.634
353.302 0.698
354.043 0.741
354.837 0.794
355.626 0.789
356.363 0.737
357.134 0.771
357.923 0.789
358.655 0.732
359.368 0.713
360.061 0.693
360.748 0.687