0.000 1.093
1.093 1.093
2.327 1.234
3.594 1.267
4.827 1.233
6.098 1.271
7.342 1.244
8.609 1.267
9.866 1.257
11.124 1.258
12.309 1.185
13.501 1.192
14.768 1.267
15.93 1.162
23.263 1.264
24.474 1.211
25.693 1.219
27.016 1.323
28.296 1.28
29.553 1.257
30.864 1.311
32.099 1.235
33.386 1.287
34.52 1.134
35.736 1.216
36.958 1.222
38.175 1.217
39.396 1.221
40.662 1.266
41.847 1.185
43.051 1.204
44.076 1.025
45.384 1.308
46.675 1.291
47.933 1.258
49.189 1.256
50.415 1.226
51.649 1.234
52.845 1.196
54.054 1.209
55.269 1.215
56.449 1.18
57.678 1.229
58.898 1.22
60.221 1.323
61.499 1.278
62.804 1.305
63.965 1.161
65.241 1.276
66.394 1.153
67.65 1.256
68.764 1.114
70.095 1.331
71.352 1.257
71.861 0.509
72.721 0.86
74.012 1.291
75.343 1.331
76.609 1.266
77.904 1.295
79.164 1.26
80.442 1.278
81.63 1.188
82.919 1.289
84.086 1.167
85.288 1.202
86.505 1.217
87.51 1.005
88.775 1.265
90.027 1.252
91.214 1.187
92.469 1.255
93.703 1.234
94.925 1.222
96.212 1.287
97.487 1.275
98.66 1.173
99.951 1.291
101.23 1.279
102.51 1.28
103.767 1.257
105.089 1.322
106.318 1.229
107.506 1.188
108.729 1.223
109.941 1.212
111.175 1.234
112.434 1.259
113.706 1.272
114.98 1.274
116.17 1.19
117.519 1.349
118.814 1.295
120.05 1.236
121.357 1.307
122.64 1.283
123.865 1.225
125.208 1.343
126.559 1.351
127.919 1.36
129.317 1.398
130.742 1.425
132.154 1.412
133.591 1.437
134.987 1.396
136.398 1.411
137.774 1.376
139.135 1.361
140.404 1.269
141.512 1.108
142.803 1.291
143.983 1.18
145.283 1.3
146.545 1.262
147.792 1.247
148.266 0.474
148.929 0.663
150.021 1.092
151.242 1.221
152.136 0.894
153.472 1.336
154.665 1.193
155.901 1.236
157.058 1.157
158.323 1.265
159.582 1.259
160.796 1.214
162.06 1.264
163.276 1.216
164.534 1.258
165.77 1.236
166.988 1.218
168.193 1.205
169.434 1.241
170.576 1.142
171.9 1.324
173.216 1.316
174.511 1.295
175.7 1.189
176.997 1.297
178.161 1.164
179.414 1.253
180.713 1.299
181.966 1.253
183.24 1.274
184.494 1.254
185.769 1.275
187.053 1.284
188.319 1.266
189.583 1.264
190.887 1.304
192.203 1.316
193.52 1.317
194.759 1.239
196.027 1.268
197.267 1.24
198.509 1.242
199.652 1.143
200.848 1.196
202.101 1.253
203.308 1.207
204.459 1.151
205.731 1.272
207.006 1.275
208.3 1.294
209.514 1.214
210.752 1.238
211.918 1.166
213.117 1.199
214.274 1.157
215.412 1.138
216.727 1.315
217.975 1.248
219.323 1.348
220.547 1.224
221.844 1.297
223.016 1.172
224.317 1.301
225.591 1.274
226.839 1.248
228.091 1.252
229.386 1.295
230.671 1.285
231.935 1.264
233.222 1.287
234.455 1.233
235.703 1.248
236.94 1.237
238.211 1.271
239.459 1.248
240.726 1.267
241.965 1.239
243.265 1.3
244.467 1.202
245.681 1.214
246.881 1.2
248.113 1.232
249.304 1.191
250.509 1.205
251.722 1.213
252.872 1.15
254.108 1.236
255.261 1.153
256.514 1.253
257.73 1.216
258.951 1.221
260.256 1.305
261.416 1.16
262.681 1.265
263.931 1.25
265.121 1.19
266.384 1.263
267.69 1.306
269.012 1.322
270.258 1.246
271.564 1.306
272.813 1.249
274.138 1.325
275.3 1.162
276.51 1.21
277.832 1.322
279.042 1.21
280.303 1.261
281.57 1.267
282.853 1.283
284.036 1.183
285.218 1.182
286.349 1.131
287.607 1.258
288.819 1.212
289.982 1.163
291.207 1.225
292.389 1.182
293.653 1.264
294.879 1.226
296.094 1.215
297.39 1.296
298.623 1.233
299.896 1.273
301.082 1.186
302.341 1.259
303.541 1.2
304.804 1.263
305.954 1.15
307.226 1.272
308.478 1.252
309.703 1.225
310.879 1.176
312.073 1.194
313.219 1.146
314.298 1.079
315.421 1.123
316.605 1.184
317.807 1.202
318.975 1.168
320.133 1.158
321.363 1.23
322.55 1.187
323.733 1.183
324.867 1.134
326.025 1.158
327.168 1.143
328.261 1.093
329.429 1.168
330.569 1.14
331.744 1.175
332.974 1.23
334.08 1.106
335.261 1.181
336.408 1.147
337.594 1.186
338.694 1.1
339.843 1.149
340.938 1.095
342.109 1.171
343.25 1.141
344.396 1.146
345.576 1.18
346.689 1.113
347.902 1.213
349.075 1.173
350.295 1.22
351.507 1.212
352.694 1.187
353.901 1.207
355.077 1.176
356.308 1.231
357.468 1.16
358.737 1.269
359.34 0.603
359.9 0.56
361.114 1.214
362.314 1.2
363.59 1.276
364.667 1.077
365.871 1.204
367.036 1.165
368.226 1.19
369.354 1.128
370.419 1.065
371.622 1.203
372.826 1.204
374.025 1.199
375.199 1.174
376.248 1.049
377.356 1.108
378.515 1.159
379.616 1.101
380.696 1.08
381.842 1.146
383.08 1.238
384.236 1.156
385.392 1.156
386.644 1.252
387.896 1.252
389.117 1.221
390.385 1.268
391.537 1.152
392.659 1.122
393.897 1.238
395.111 1.214
396.375 1.264
397.687 1.312
398.969 1.282
400.234 1.265
401.503 1.269
402.752 1.249
404.026 1.274
405.299 1.273
406.51 1.211
407.746 1.236
408.947 1.201
410.182 1.235
411.403 1.221
412.641 1.238
413.912 1.271
415.063 1.151
416.351 1.288
417.628 1.277
418.921 1.293
420.226 1.305
421.454 1.228
422.721 1.267
423.914 1.193
425.172 1.258
426.447 1.275
427.672 1.225
428.925 1.253
430.144 1.219
431.337 1.193
432.605 1.268
433.331 0.726
433.763 0.432
434.921 1.158
436.177 1.256
437.457 1.28
438.59 1.133
439.815 1.225
441.089 1.274
442.307 1.218
443.483 1.176
444.623 1.14
445.845 1.222
447.079 1.234
448.34 1.261
449.629 1.289
450.887 1.258
452.147 1.26
453.398 1.251
454.653 1.255
455.226 0.573
455.841 0.615
457.058 1.217
458.248 1.19
459.457 1.209
460.588 1.131
461.827 1.239
463.034 1.207
464.288 1.254
465.52 1.232
466.711 1.191
467.931 1.22
469.044 1.113
470.299 1.255
471.536 1.237
472.791 1.255
473.984 1.193
475.231 1.247
476.421 1.19
477.57 1.149
478.787 1.217
479.942 1.155
481.192 1.25
482.446 1.254
483.725 1.279
484.976 1.251
486.21 1.234
487.437 1.227
488.653 1.216
489.994 1.341
491.238 1.244
492.534 1.296
493.793 1.259
495.086 1.293
496.269 1.183
497.497 1.228
498.695 1.198
499.93 1.235
501.194 1.264
502.409 1.215
503.63 1.221
504.783 1.153
506.028 1.245
507.243 1.215
508.484 1.241
509.815 1.331
511.055 1.24
512.339 1.284
513.573 1.234
514.783 1.21
516.007 1.224
517.077 1.07
518.301 1.224
519.541 1.24
520.719 1.178
521.817 1.098
522.912 1.095
523.952 1.04
524.863 0.911
525.623 0.76
526.357 0.734
527.069 0.712
527.808 0.739
528.6 0.792
529.447 0.847
530.31 0.863
531.209 0.899
532.136 0.927
532.967 0.831
533.77 0.803
534.568 0.798
535.371 0.803
536.141 0.77
536.96 0.819
537.872 0.912
538.735 0.863
539.586 0.851
540.489 0.903
541.395 0.906
542.195 0.8
542.975 0.78
543.825 0.85
544.674 0.849
545.507 0.833
546.308 0.801
547.093 0.785
547.876 0.783
548.663 0.787
549.769 1.106
550.951 1.182
552.08 1.129
553.161 1.081
554.14 0.979
555.073 0.933
555.998 0.925
557.154 1.156
558.228 1.074
559.331 1.103
560.389 1.058
561.363 0.974
562.571 1.208
563.772 1.201
564.996 1.224
566.161 1.165
567.299 1.138
568.2 0.901
568.996 0.796
569.818 0.822
571.015 1.197
572.226 1.211
573.399 1.173
574.518 1.119
575.6 1.082
576.662 1.062
577.671 1.009
578.678 1.007
579.875 1.197
581.055 1.18
582.186 1.131
583.272 1.086
584.298 1.026
585.411 1.113
586.615 1.204
587.757 1.142
589.037 1.28
590.358 1.321
591.641 1.283
592.877 1.236
593.927 1.05
594.976 1.049
596.226 1.25
597.491 1.265
598.762 1.271
599.977 1.215
601.192 1.215
602.38 1.188
603.538 1.158
604.768 1.23
606.004 1.236
607.148 1.144
608.395 1.247
609.595 1.2
610.66 1.065
611.788 1.128
613.071 1.283
614.233 1.162
615.373 1.14
616.641 1.268
617.862 1.221