0.000 0.324
0.324 0.324
0.601 0.277
1.188 0.587
1.683 0.495
2.019 0.336
2.524 0.505
3.635 1.111
4.023 0.388
4.313 0.29
4.674 0.361
5.242 0.568
6.322 1.08
7.061 0.739
7.433 0.372
8.162 0.729
8.435 0.273
8.751 0.316
9.053 0.302
9.402 0.349
9.706 0.304
10.508 0.802
16.351 5.843
16.633 0.282
16.999 0.366
17.34 0.341
17.799 0.459
18.359 0.56
19.363 1.004
19.792 0.429
20.354 0.562
21.434 1.08
21.877 0.443
22.352 0.475
23.335 0.983
23.723 0.388
24.029 0.306
24.637 0.608
25.04 0.403
25.87 0.83
26.147 0.277
26.447 0.3
26.971 0.524
27.343 0.372
27.79 0.447
28.167 0.377
28.544 0.377
28.856 0.312
29.317 0.461
30.422 1.105
30.762 0.34
31.042 0.28
31.407 0.365
31.8 0.393
32.135 0.335
33.162 1.027
33.749 0.587
34.252 0.503
34.997 0.745
36.219 1.222
36.8 0.581
37.139 0.339
37.754 0.615
38.109 0.355
38.499 0.39
39.112 0.613
39.638 0.526
40.316 0.678
40.66 0.344
41.318 0.658
42.399 1.081
42.994 0.595
43.261 0.267
43.638 0.377
44.061 0.423
44.337 0.276
44.618 0.281
44.904 0.286
45.349 0.445
45.658 0.309
45.934 0.276
46.219 0.285
47.59 1.371
47.914 0.324
48.821 0.907
50.192 1.371
50.653 0.461
53.191 2.538
53.477 0.286
54.112 0.635
55.04 0.928
56.464 1.424
56.996 0.532
57.481 0.485
59.481 2.0
60.082 0.601
60.334 0.252
61.167 0.833
62.115 0.948
62.538 0.423
63.271 0.733
64.407 1.136
65.205 0.798
65.872 0.667
66.58 0.708
66.891 0.311
67.187 0.296
67.441 0.254
67.753 0.312
68.035 0.282
68.581 0.546
69.507 0.926
70.114 0.607
70.428 0.314
70.721 0.293
71.137 0.416
71.418 0.281
71.795 0.377
72.06 0.265
72.349 0.289
72.803 0.454
73.093 0.29
73.37 0.277
73.64 0.27
74.41 0.77
75.124 0.714
75.758 0.634
76.151 0.393
78.882 2.731
79.147 0.265
79.429 0.282
79.889 0.46
81.284 1.395
81.61 0.326
81.988 0.378
82.667 0.679
83.077 0.41
84.155 1.078
84.406 0.251
84.85 0.444
85.194 0.344
85.576 0.382
86.02 0.444
86.299 0.279
86.828 0.529
87.132 0.304
87.555 0.423
88.554 0.999
89.34 0.786
89.772 0.432
90.255 0.483
90.538 0.283
91.633 1.095
92.3 0.667
92.552 0.252
93.571 1.019
94.079 0.508
94.905 0.826
95.157 0.252
95.675 0.518
95.967 0.292
96.273 0.306
96.844 0.571
97.578 0.734
97.872 0.294
98.22 0.348
98.627 0.407
98.944 0.317
100.649 1.705
100.91 0.261
101.201 0.291
101.554 0.353
101.947 0.393
103.031 1.084
103.825 0.794
106.821 2.996
107.193 0.372
107.558 0.365
108.271 0.713
108.662 0.391
108.955 0.293
109.31 0.355
109.583 0.273
109.869 0.286
110.226 0.357
111.26 1.034
111.569 0.309
112.18 0.611
112.475 0.295
112.996 0.521
115.278 2.282
115.921 0.643
116.765 0.844
118.275 1.51
118.689 0.414
119.106 0.417
119.513 0.407
119.781 0.268
120.433 0.652
121.344 0.911
121.846 0.502
122.102 0.256
122.363 0.261
122.705 0.342
124.292 1.587
124.977 0.685
125.261 0.284
125.533 0.272
126.648 1.115
127.334 0.686
127.814 0.48
128.182 0.368
129.027 0.845
129.736 0.709
130.098 0.362
130.371 0.273
130.714 0.343
131.151 0.437
131.634 0.483
131.901 0.267
132.594 0.693
133.221 0.627
133.488 0.267
134.235 0.747
134.732 0.497
136.039 1.307
136.34 0.301
136.663 0.323
137.05 0.387
137.826 0.776
138.169 0.343
139.857 1.688
140.184 0.327
140.469 0.285
140.88 0.411
141.161 0.281
141.76 0.599
142.044 0.284
142.328 0.284
142.636 0.308
142.886 0.25
143.15 0.264
144.621 1.471
145.091 0.47
146.591 1.5
146.893 0.302
147.578 0.685
148.679 1.101
149.003 0.324
149.7 0.697
150.176 0.476
151.34 1.164
151.809 0.469
152.532 0.723
153.02 0.488
154.01 0.99
154.412 0.402
154.792 0.38
155.557 0.765
156.097 0.54
156.384 0.287
156.732 0.348
157.02 0.288
157.349 0.329
157.648 0.299
158.529 0.881
158.993 0.464
159.335 0.342
159.706 0.371
160.035 0.329
160.363 0.328
161.322 0.959
161.584 0.262
161.951 0.367
162.391 0.44
162.646 0.255
162.916 0.27
163.183 0.267
163.922 0.739
164.215 0.293
164.515 0.3
164.795 0.28
165.058 0.263
165.319 0.261
165.573 0.254
165.906 0.333
166.228 0.322
166.636 0.408
166.886 0.25
167.216 0.33
167.502 0.286
167.755 0.253
168.171 0.416
169.445 1.274
169.825 0.38
170.651 0.826
171.648 0.997
172.001 0.353
172.57 0.569
172.916 0.346
173.527 0.611
173.908 0.381
174.185 0.277
175.891 1.706
176.382 0.491
177.171 0.789
178.021 0.85
178.325 0.304
178.755 0.43
179.015 0.26
179.455 0.44
180.329 0.874
180.64 0.311
180.971 0.331
181.282 0.311
181.688 0.406
182.032 0.344
183.41 1.378
183.719 0.309
183.976 0.257
184.327 0.351
184.633 0.306
184.923 0.29
185.343 0.42
185.732 0.389
185.987 0.255
186.255 0.268
186.573 0.318
187.929 1.356
188.208 0.279
189.225 1.017
189.733 0.508
190.003 0.27
191.149 1.146
191.717 0.568
192.986 1.269
193.28 0.294
193.605 0.325
193.894 0.289
194.204 0.31
194.674 0.47
195.328 0.654
196.291 0.963
197.42 1.129
198.02 0.6
198.816 0.796
199.664 0.848
200.532 0.868
201.416 0.884
201.755 0.339
202.025 0.27
202.33 0.305
202.648 0.318
202.94 0.292
203.362 0.422
203.651 0.289
203.914 0.263
204.261 0.347
204.535 0.274
204.864 0.329
205.233 0.369
205.76 0.527
206.707 0.947
207.32 0.613
207.59 0.27
207.926 0.336
208.398 0.472
208.721 0.323
209.705 0.984
210.629 0.924
210.932 0.303
211.217 0.285
211.505 0.288
212.114 0.609
212.369 0.255
212.789 0.42
213.28 0.491
213.574 0.294
213.853 0.279
214.11 0.257
214.472 0.362
214.755 0.283
215.089 0.334
215.38 0.291
215.735 0.355
216.027 0.292
216.288 0.261
216.571 0.283
216.822 0.251
217.193 0.371
217.601 0.408
218.214 0.613
218.516 0.302
219.759 1.243
220.699 0.94
221.026 0.327
221.365 0.339
221.639 0.274
222.132 0.493
223.281 1.149
223.702 0.421
223.997 0.295
226.136 2.139
226.398 0.262
226.656 0.258
226.945 0.289
227.274 0.329
227.583 0.309
230.672 3.089
231.115 0.443
231.521 0.406
232.015 0.494
232.389 0.374
233.032 0.643
233.386 0.354
233.665 0.279
233.982 0.317
234.243 0.261
234.759 0.516
235.029 0.27
235.374 0.345
235.726 0.352
236.68 0.954
237.04 0.36
237.3 0.26
238.334 1.034
238.642 0.308
238.97 0.328
239.33 0.36
239.697 0.367
242.314 2.617
242.61 0.296
242.991 0.381
243.265 0.274
243.516 0.251
243.802 0.286
244.091 0.289
244.827 0.736
245.762 0.935
246.899 1.137
247.149 0.25
247.568 0.419
248.442 0.874
248.734 0.292
249.856 1.122
250.245 0.389
251.577 1.332
251.898 0.321
252.156 0.258
252.429 0.273
252.905 0.476
253.185 0.28
254.161 0.976
254.626 0.465
254.934 0.308
255.193 0.259
255.463 0.27
255.76 0.297
256.114 0.354
257.725 1.611
258.063 0.338
258.375 0.312
260.054 1.679
260.421 0.367
260.684 0.263
260.934 0.25
261.199 0.265
262.403 1.204
262.73 0.327
263.032 0.302
263.68 0.648
264.036 0.356
264.332 0.296
265.89 1.558
266.256 0.366
267.232 0.976
267.513 0.281
267.896 0.383
268.193 0.297
269.888 1.695
270.309 0.421
270.736 0.427
273.856 3.12
274.382 0.526
274.64 0.258
275.341 0.701
279.985 4.644
280.349 0.364
280.678 0.329
281.172 0.494
281.447 0.275
281.803 0.356
282.448 0.645
283.111 0.663
284.13 1.019
284.387 0.257
284.704 0.317
285.376 0.672
285.75 0.374
287.067 1.317
287.438 0.371
292.295 4.857
292.906 0.611
293.157 0.251
293.571 0.414
295.614 2.043
295.874 0.26
297.484 1.61
297.746 0.262
298.469 0.723
300.528 2.059
301.013 0.485
301.346 0.333
302.244 0.898
302.525 0.281
303.079 0.554
303.566 0.487
303.832 0.266
304.232 0.4
304.611 0.379
305.216 0.605
307.482 2.266
308.349 0.867
308.7 0.351
309.54 0.84
310.426 0.886
310.908 0.482
311.758 0.85
312.639 0.881
313.163 0.524
313.925 0.762
314.729 0.804
315.0 0.271
315.735 0.735
316.024 0.289
316.283 0.259
316.552 0.269
317.092 0.54
317.437 0.345
317.743 0.306
318.406 0.663
318.687 0.281
319.011 0.324
321.538 2.527
322.653 1.115
323.781 1.128
324.833 1.052
325.162 0.329
325.465 0.303
325.793 0.328
326.634 0.841
326.923 0.289
327.229 0.306
327.505 0.276
327.853 0.348
328.157 0.304
328.417 0.26
328.793 0.376
330.446 1.653
330.784 0.338
331.114 0.33
332.377 1.263
332.765 0.388
333.206 0.441
333.839 0.633
334.117 0.278
334.76 0.643
335.094 0.334
335.903 0.809
339.282 3.379
340.181 0.899
341.076 0.895
341.493 0.417
341.744 0.251
342.03 0.286
342.384 0.354
342.726 0.342
343.63 0.904
344.549 0.919
345.337 0.788
346.155 0.818
346.967 0.812
347.767 0.8
348.641 0.874
349.496 0.855
350.16 0.664
350.442 0.282
351.319 0.877
352.104 0.785
352.899 0.795
353.239 0.34
353.699 0.46
354.559 0.86
355.438 0.879
355.714 0.276
356.306 0.592
357.22 0.914
358.087 0.867
359.036 0.949
359.935 0.899
360.938 1.003
361.823 0.885
362.694 0.871
363.525 0.831
363.78 0.255
364.172 0.392
364.426 0.254
364.706 0.28
365.002 0.296
366.98 1.978
367.432 0.452
367.821 0.389
368.753 0.932
369.732 0.979
370.687 0.955
371.617 0.93
372.444 0.827
373.26 0.816
374.034 0.774
374.855 0.821
375.628 0.773
376.476 0.848
377.313 0.837
378.17 0.857
379.062 0.892
379.942 0.88
380.39 0.448
380.71 0.32
381.481 0.771
382.289 0.808
383.257 0.968
384.204 0.947
385.172 0.968
386.151 0.979
387.069 0.918
387.937 0.868
388.789 0.852
389.608 0.819
390.48 0.872
391.463 0.983
392.43 0.967
392.696 0.266
393.441 0.745
394.395 0.954
395.365 0.97
396.183 0.818
396.963 0.78
397.736 0.773
398.509 0.773
399.13 0.621
400.244 1.114
401.08 0.836
401.363 0.283
402.006 0.643
402.871 0.865
403.758 0.887
404.705 0.947
405.598 0.893
406.347 0.749
406.717 0.37
407.094 0.377
407.571 0.477
408.241 0.67
408.572 0.331
409.402 0.83
410.242 0.84
411.029 0.787
411.885 0.856
412.226 0.341
412.494 0.268
412.753 0.259
413.062 0.309
413.318 0.256
414.16 0.842
415.049 0.889
415.998 0.949
416.882 0.884
417.762 0.88
418.625 0.863
419.495 0.87
420.408 0.913
421.296 0.888
422.219 0.923
423.011 0.792
423.715 0.704
424.022 0.307
424.547 0.525
425.535 0.988
426.376 0.841
427.252 0.876
428.231 0.979
429.205 0.974
430.178 0.973
431.133 0.955
431.973 0.84
432.84 0.867
433.791 0.951
434.88 1.089
435.954 1.074
437.008 1.054
438.052 1.044
439.048 0.996
440.061 1.013
440.324 0.263
440.574 0.25
440.84 0.266
441.118 0.278
441.713 0.595
442.416 0.703
444.251 1.835
445.211 0.96
446.106 0.895
446.564 0.458
447.201 0.637
447.528 0.327
447.792 0.264
448.169 0.377
449.214 1.045
450.269 1.055
451.29 1.021
451.753 0.463
452.082 0.329
452.334 0.252
452.596 0.262
452.865 0.269
453.854 0.989
454.703 0.849
455.552 0.849
456.325 0.773
457.126 0.801
457.932 0.806
458.687 0.755
459.416 0.729
459.697 0.281
460.03 0.333
460.346 0.316
460.933 0.587
461.721 0.788
462.611 0.89
463.475 0.864
464.345 0.87
465.181 0.836
466.011 0.83
466.827 0.816
467.631 0.804
468.463 0.832
469.272 0.809
470.088 0.816
470.963 0.875
471.813 0.85
472.665 0.852
473.521 0.856
474.388 0.867
475.205 0.817
476.129 0.924
477.083 0.954
477.94 0.857
478.823 0.883
479.794 0.971
480.621 0.827
481.41 0.789
482.173 0.763
482.905 0.732
483.677 0.772
484.623 0.946
485.671 1.048
486.767 1.096
487.838 1.071
488.912 1.074
489.959 1.047
490.987 1.028
492.029 1.042
493.073 1.044
494.104 1.031
495.035 0.931
496.002 0.967
497.055 1.053
497.984 0.929
499.016 1.032
499.96 0.944
500.869 0.909
501.805 0.936
502.746 0.941
503.578 0.832
504.389 0.811
505.266 0.877
506.304 1.038
507.272 0.968
508.309 1.037
509.296 0.987
510.227 0.931
511.18 0.953
512.109 0.929
513.0 0.891
513.893 0.893
514.887 0.994
515.911 1.024
516.846 0.935
517.828 0.982
518.741 0.913
519.611 0.87
520.493 0.882
521.432 0.939
522.442 1.01
523.383 0.941
524.359 0.976
525.337 0.978
526.261 0.924
527.219 0.958
528.167 0.948
529.049 0.882
529.335 0.286
529.589 0.254
529.98 0.391
530.567 0.587
530.987 0.42
531.65 0.663
531.923 0.273
532.256 0.333
532.93 0.674
534.113 1.183
534.628 0.515
534.934 0.306
535.343 0.409
535.825 0.482
536.24 0.415
536.5 0.26
536.794 0.294
537.123 0.329
538.067 0.944
538.552 0.485
540.438 1.886
541.138 0.7
544.462 3.324
545.043 0.581
545.895 0.852
546.192 0.297
546.462 0.27
546.871 0.409
547.189 0.318
547.504 0.315
547.803 0.299
548.083 0.28
548.732 0.649
549.226 0.494
549.531 0.305
549.908 0.377
550.191 0.283
550.565 0.374
550.847 0.282
551.125 0.278
553.186 2.061
553.509 0.323
553.876 0.367
554.329 0.453
559.637 5.308
560.519 0.882
561.433 0.914
562.274 0.841
563.129 0.855
563.972 0.843
564.766 0.794
565.702 0.936
566.538 0.836
567.46 0.922
568.424 0.964
568.919 0.495
569.27 0.351
570.133 0.863
570.949 0.816
571.739 0.79
572.531 0.792
573.382 0.851
574.22 0.838
575.076 0.856
575.914 0.838
576.67 0.756
577.423 0.753
578.162 0.739
578.934 0.772
579.677 0.743
580.601 0.924
581.517 0.916
582.408 0.891
583.234 0.826
584.043 0.809
584.855 0.812
585.629 0.774
586.413 0.784
587.214 0.801
587.965 0.751
588.823 0.858
589.963 1.14
590.693 0.73
590.998 0.305
591.257 0.259
592.04 0.783
593.045 1.005
593.981 0.936
594.93 0.949
595.634 0.704
596.244 0.61
596.511 0.267
597.277 0.766
597.99 0.713
599.724 1.734
600.126 0.402
600.4 0.274
601.415 1.015
602.286 0.871
603.013 0.727
603.315 0.302
603.715 0.4
604.103 0.388
604.437 0.334
604.789 0.352
605.123 0.334
605.377 0.254
605.693 0.316
605.975 0.282
606.342 0.367
606.719 0.377
607.082 0.363
607.334 0.252
607.652 0.318
608.0 0.348
608.277 0.277
608.564 0.287
608.896 0.332
609.779 0.883
610.093 0.314
610.547 0.454
610.841 0.294
611.838 0.997
612.952 1.114
613.227 0.275
613.986 0.759
614.49 0.504
616.272 1.782
616.842 0.57
617.866 1.024
618.159 0.293
618.635 0.476
619.518 0.883
620.459 0.941
621.242 0.783
621.819 0.577
622.158 0.339
622.86 0.702
623.173 0.313
623.45 0.277
623.737 0.287
624.001 0.264
624.27 0.269
624.746 0.476
625.024 0.278
625.39 0.366
625.668 0.278
625.926 0.258
626.217 0.291
626.474 0.257
626.923 0.449
627.198 0.275
627.482 0.284
627.751 0.269
628.09 0.339
628.615 0.525
628.969 0.354
629.797 0.828
630.051 0.254
630.373 0.322
630.718 0.345
631.041 0.323
631.292 0.251
631.654 0.362
632.021 0.367
634.2 2.179
635.593 1.393
635.926 0.333
636.191 0.265
636.49 0.299
637.437 0.947
637.712 0.275
638.002 0.29
638.28 0.278
638.578 0.298
638.942 0.364
639.499 0.557
639.891 0.392
640.321 0.43
640.588 0.267
641.017 0.429
641.282 0.265
643.404 2.122
643.684 0.28
643.998 0.314
644.658 0.66
645.575 0.917
645.865 0.29
646.485 0.62
646.847 0.362
647.125 0.278
647.379 0.254
647.995 0.616
648.344 0.349
649.059 0.715
649.706 0.647
650.191 0.485
650.822 0.631
651.333 0.511
651.589 0.256
652.056 0.467
652.362 0.306
652.651 0.289
653.964 1.313
654.708 0.744
657.465 2.757
658.371 0.906
659.214 0.843
660.021 0.807
660.75 0.729
661.094 0.344
661.37 0.276
661.88 0.51
662.142 0.262
662.448 0.306
664.317 1.869
664.598 0.281
667.941 3.343
668.671 0.73
668.926 0.255
669.212 0.286
669.547 0.335
669.806 0.259
670.097 0.291
670.682 0.585
671.631 0.949
672.621 0.99
673.607 0.986
674.549 0.942
675.49 0.941
676.471 0.981
677.517 1.046
678.557 1.04
679.442 0.885
680.275 0.833
681.148 0.873
681.661 0.513
681.956 0.295
682.361 0.405
684.602 2.241
684.869 0.267
685.13 0.261
686.162 1.032
686.504 0.342
686.762 0.258
687.537 0.775
687.904 0.367
688.46 0.556
688.727 0.267
689.069 0.342
689.404 0.335
690.443 1.039
691.266 0.823
691.662 0.396
692.154 0.492
692.437 0.283
692.804 0.367
693.186 0.382
698.22 0.449
698.729 0.509
698.981 0.252
699.558 0.577
700.519 0.961
701.926 1.407
702.218 0.292
702.55 0.332
702.915 0.365
703.299 0.384
703.592 0.293
703.947 0.355
704.38 0.433
704.639 0.259
704.954 0.315
705.436 0.482
706.444 1.008