0.000 0.7
0.7 0.7
1.397 0.697
2.103 0.706
3.441 1.338
4.109 0.668
4.78 0.671
5.422 0.642
6.079 0.657
6.734 0.655
7.376 0.642
8.032 0.656
8.688 0.656
9.381 0.693
10.114 0.733
10.728 0.614
11.385 0.657
12.099 0.714
12.779 0.68
13.401 0.622
14.054 0.653
14.747 0.693
15.521 0.774
16.24 0.719
16.949 0.709
17.744 0.795
18.415 0.671
19.109 0.694
19.861 0.752
20.556 0.695
21.314 0.758
22.097 0.783
22.819 0.722
23.484 0.665
24.236 0.752
24.939 0.703
25.628 0.689
26.235 0.607
26.947 0.712
27.604 0.657
28.242 0.638
28.863 0.621
29.488 0.625
30.117 0.629
30.767 0.65
31.366 0.599
32.072 0.706
32.715 0.643
33.354 0.639
33.931 0.577
34.601 0.67
35.213 0.612
35.826 0.613
36.497 0.671
37.24 0.743
37.98 0.74
38.723 0.743
39.375 0.652
40.035 0.66
40.743 0.708
41.372 0.629
41.982 0.61
42.579 0.597
43.178 0.599
43.736 0.558
43.989 0.253
44.278 0.289
45.083 0.805
46.314 1.231
47.421 1.107
48.418 0.997
49.2 0.782
49.92 0.72
50.701 0.781
51.427 0.726
52.217 0.79
52.906 0.689
53.714 0.808
54.501 0.787
55.348 0.847
56.133 0.785
57.033 0.9
57.804 0.771
58.622 0.818
59.353 0.731
60.155 0.802
60.918 0.763
61.702 0.784
62.392 0.69
63.235 0.843
64.031 0.796
64.819 0.788
65.5 0.681
66.302 0.802
67.06 0.758
67.823 0.763
68.495 0.672
69.191 0.696
69.966 0.775
70.686 0.72
71.346 0.66
72.13 0.784
72.888 0.758
73.693 0.805
73.999 0.306
74.363 0.364
75.19 0.827
75.948 0.758
76.678 0.73
77.408 0.73
78.215 0.807
78.881 0.666
79.428 0.547
80.337 0.909
81.0 0.663
81.287 0.287
81.766 0.479
82.509 0.743
83.262 0.753
83.53 0.268
83.865 0.335
84.137 0.272
85.369 1.232
86.055 0.686
86.732 0.677
87.347 0.615
88.05 0.703
88.703 0.653
89.347 0.644
89.997 0.65
90.662 0.665
90.963 0.301
91.31 0.347
91.587 0.277
92.075 0.488
92.538 0.463
92.805 0.267
94.33 1.525
95.047 0.717
95.828 0.781
96.153 0.325
96.5 0.347
97.227 0.727
97.894 0.667
98.552 0.658
99.195 0.643
99.782 0.587
100.501 0.719
101.197 0.696
101.895 0.698
102.632 0.737
103.302 0.67
103.955 0.653
104.601 0.646
105.252 0.651
105.934 0.682
107.179 1.245
108.198 1.019
109.003 0.805
109.361 0.358
109.817 0.456
110.683 0.866
111.534 0.851
112.726 1.192
113.942 1.216
114.716 0.774
115.602 0.886
116.026 0.424
116.514 0.488
117.712 1.198
118.355 0.643
118.79 0.435
119.348 0.558
119.694 0.346
120.075 0.381
120.413 0.338
120.94 0.527
121.739 0.799
121.994 0.255
122.374 0.38
122.851 0.477
123.274 0.423
123.628 0.354
123.927 0.299
124.227 0.3
124.929 0.702
125.218 0.289
125.527 0.309
125.805 0.278
126.149 0.344
126.433 0.284
126.743 0.31
127.03 0.287
127.326 0.296
127.608 0.282
127.874 0.266
128.285 0.411
128.696 0.411
129.028 0.332
129.379 0.351
130.599 1.22
131.66 1.061
132.47 0.81
133.263 0.793
134.555 1.292
135.337 0.782
136.352 1.015
137.611 1.259
138.569 0.958
139.428 0.859
140.275 0.847
141.193 0.918
141.893 0.7
142.751 0.858
143.536 0.785
144.35 0.814
145.029 0.679
145.81 0.781
146.543 0.733
147.333 0.79
148.12 0.787
148.854 0.734
149.563 0.709
150.264 0.701
150.952 0.688
151.648 0.696
152.376 0.728
153.141 0.765
153.756 0.615
154.617 0.861
155.332 0.715
156.047 0.715
156.78 0.733
157.299 0.519
157.603 0.304
157.896 0.293
158.239 0.343
159.033 0.794
159.758 0.725
160.03 0.272
160.99 0.96
161.673 0.683
162.561 0.888
163.314 0.753
164.149 0.835
164.904 0.755
165.82 0.916
166.68 0.86
167.507 0.827
168.185 0.678
168.464 0.279
168.751 0.287
169.038 0.287
169.306 0.268
169.649 0.343
170.946 1.297
171.476 0.53
171.77 0.294
172.101 0.331
172.476 0.375
174.874 2.398
175.687 0.813
176.145 0.458
176.405 0.26
176.766 0.361
177.094 0.328
177.385 0.291
177.659 0.274
177.953 0.294
178.47 0.517
178.794 0.324
179.097 0.303
179.442 0.345
180.091 0.649
180.381 0.29
180.795 0.414
181.076 0.281
181.393 0.317
181.676 0.283
181.942 0.266
182.348 0.406
182.667 0.319
183.214 0.547
183.673 0.459
183.937 0.264
184.686 0.749
185.005 0.319
185.477 0.472
188.282 2.805
188.916 0.634
191.82 2.904
192.086 0.266
192.351 0.265
192.642 0.291
193.555 0.913
195.027 1.472
195.515 0.488
195.869 0.354
198.588 2.719
199.406 0.818
200.194 0.788
201.095 0.901
201.909 0.814
202.214 0.305
202.48 0.266
202.742 0.262
203.055 0.313
203.586 0.531
204.574 0.988
205.617 1.043
205.944 0.327
206.206 0.262
206.569 0.363
207.359 0.79
208.804 1.445
209.086 0.282
209.415 0.329
209.752 0.337
210.073 0.321
210.461 0.388
211.831 1.37
212.664 0.833
212.978 0.314
213.257 0.279
214.253 0.996
214.832 0.579
215.165 0.333
215.432 0.267
215.715 0.283
215.996 0.281
216.261 0.265
216.718 0.457
217.085 0.367
217.664 0.579
217.957 0.293
219.064 1.107
219.499 0.435
219.851 0.352
220.146 0.295
220.557 0.411
220.964 0.407
221.902 0.938
222.795 0.893
223.675 0.88
224.394 0.719
224.714 0.32
224.974 0.26
225.243 0.269
225.498 0.255
225.853 0.355
226.201 0.348
226.474 0.273
226.774 0.3
227.104 0.33
227.518 0.414
227.825 0.307
228.131 0.306
228.444 0.313
229.205 0.761
229.919 0.714
230.199 0.28
230.618 0.419
231.297 0.679
232.771 1.474
233.051 0.28
233.468 0.417
234.342 0.874
235.101 0.759
235.453 0.352
236.158 0.705
236.437 0.279
239.617 3.18
240.288 0.671
240.944 0.656
241.573 0.629
241.91 0.337
242.202 0.292
242.823 0.621
243.438 0.615
244.051 0.613
244.659 0.608
245.272 0.613
245.9 0.628
246.567 0.667
247.212 0.645
247.871 0.659
248.524 0.653
249.186 0.662
249.93 0.744
250.657 0.727
251.482 0.825
252.53 1.048
253.428 0.898
254.24 0.812
254.927 0.687
255.725 0.798
256.048 0.323
256.438 0.39
257.125 0.687
257.826 0.701
258.545 0.719
259.374 0.829
260.156 0.782
260.987 0.831
261.898 0.911
262.742 0.844
263.608 0.866
264.513 0.905
265.388 0.875
266.138 0.75
266.879 0.741
267.605 0.726
268.341 0.736
268.988 0.647
269.721 0.733
270.627 0.906
271.678 1.051
272.02 0.342
272.366 0.346
272.627 0.261
272.945 0.318
273.288 0.343
274.109 0.821
274.917 0.808
275.512 0.595
275.986 0.474
276.436 0.45
277.197 0.761
278.017 0.82
278.672 0.655
279.515 0.843
280.371 0.856
281.18 0.809
281.643 0.463
281.955 0.312
282.671 0.716
283.389 0.718
284.095 0.706
284.815 0.72
285.068 0.253
285.518 0.45
286.262 0.744
287.053 0.791
287.839 0.786
288.579 0.74
289.36 0.781
290.169 0.809
290.991 0.822
291.828 0.837
292.595 0.767
293.358 0.763
294.109 0.751
294.894 0.785
295.69 0.796
296.315 0.625
297.171 0.856
297.938 0.767
298.772 0.834
299.476 0.704
299.752 0.276
300.281 0.529
301.074 0.793
301.892 0.818
302.681 0.789
303.011 0.33
303.296 0.285
304.226 0.93
305.012 0.786
305.624 0.612
306.526 0.902
307.289 0.763
308.045 0.756
308.492 0.447
308.783 0.291
309.542 0.759
310.349 0.807
311.161 0.812
311.587 0.426
311.892 0.305
312.629 0.737
313.371 0.742
314.142 0.771
314.918 0.776
315.277 0.359
315.566 0.289
316.394 0.828
317.135 0.741
317.887 0.752
318.392 0.505
318.683 0.291
318.974 0.291
319.327 0.353
320.043 0.716
320.757 0.714
321.442 0.685
322.142 0.7
322.838 0.696
323.538 0.7
324.248 0.71
324.962 0.714
325.666 0.704
326.339 0.673
327.011 0.672
327.683 0.672
328.347 0.664
329.023 0.676
329.53 0.507
329.81 0.28
330.244 0.434
330.652 0.408
331.08 0.428
331.778 0.698
332.459 0.681
333.135 0.676
333.796 0.661
334.445 0.649
335.096 0.651
335.694 0.598
336.42 0.726
337.035 0.615
337.514 0.479
338.065 0.551
338.413 0.348
338.919 0.506
339.691 0.772
340.308 0.617
340.918 0.61
341.52 0.602
342.117 0.597
342.709 0.592
343.301 0.592
343.893 0.592
344.486 0.593
345.09 0.604
345.696 0.606
346.306 0.61
346.927 0.621
347.56 0.633
348.195 0.635
348.464 0.269
348.831 0.367
349.482 0.651
350.209 0.727
350.919 0.71
351.62 0.701
352.298 0.678
352.976 0.678
353.65 0.674
354.322 0.672
354.979 0.657
355.651 0.672
356.338 0.687
357.062 0.724
357.767 0.705
358.464 0.697
359.144 0.68
359.817 0.673
360.471 0.654
361.105 0.634
361.745 0.64
362.389 0.644
363.074 0.685
363.872 0.798
364.6 0.728
365.35 0.75
366.077 0.727
366.788 0.711
367.476 0.688
368.139 0.663
368.8 0.661
369.458 0.658
370.154 0.696
370.888 0.734
371.583 0.695
372.319 0.736
373.06 0.741
373.834 0.774
374.593 0.759
375.297 0.704
376.009 0.712
376.725 0.716
377.439 0.714
378.153 0.714
378.885 0.732
379.617 0.732
380.375 0.758
381.108 0.733
381.843 0.735
382.568 0.725
383.276 0.708
383.961 0.685
384.583 0.622
384.84 0.257
385.297 0.457
385.954 0.657
386.624 0.67
387.278 0.654
387.926 0.648
388.587 0.661
389.26 0.673
389.924 0.664
390.578 0.654
391.216 0.638
391.854 0.638
392.488 0.634
393.129 0.641
394.437 1.308
395.094 0.657
395.742 0.648
396.388 0.646
397.026 0.638
397.66 0.634
398.231 0.571
398.844 0.613
399.494 0.65
400.094 0.6
400.705 0.611
401.27 0.565
401.635 0.365
402.004 0.369
402.729 0.725
403.504 0.775
404.374 0.87
405.181 0.807
405.899 0.718
406.653 0.754
407.389 0.736
408.09 0.701
408.776 0.686
409.51 0.734
410.19 0.68
410.888 0.698
411.598 0.71
412.334 0.736
412.987 0.653
413.777 0.79
414.513 0.736
415.321 0.808
415.98 0.659
416.783 0.803
417.52 0.737
418.266 0.746
418.983 0.717
419.683 0.7
420.294 0.611
420.949 0.655
421.632 0.683
422.244 0.612
422.784 0.54
423.43 0.646
424.026 0.596
424.665 0.639
425.338 0.673
426.112 0.774
427.335 1.223
428.254 0.919
429.043 0.789
429.874 0.831
430.632 0.758
431.395 0.763
432.1 0.705
432.814 0.714
433.601 0.787
434.316 0.715
435.061 0.745
435.818 0.757
436.491 0.673
437.31 0.819
437.978 0.668
438.756 0.778
439.48 0.724
440.187 0.707
441.05 0.863
441.723 0.673
442.498 0.775
443.21 0.712
443.921 0.711
444.642 0.721
445.349 0.707
446.046 0.697
446.748 0.702
447.453 0.705
448.119 0.666
448.788 0.669
449.443 0.655
450.092 0.649
450.74 0.648
451.395 0.655
452.055 0.66
452.71 0.655
453.387 0.677
454.087 0.7
454.823 0.736
455.571 0.748
456.313 0.742
457.055 0.742
457.84 0.785
458.629 0.789
459.514 0.885
460.332 0.818
461.101 0.769
461.896 0.795
462.669 0.773
463.329 0.66
464.076 0.747
464.773 0.697
465.462 0.689
466.161 0.699
466.869 0.708
467.589 0.72
468.341 0.752
469.0 0.659
469.767 0.767
470.477 0.71
471.175 0.698
471.868 0.693
472.54 0.672
473.213 0.673
473.887 0.674
474.575 0.688
475.111 0.536
475.967 0.856
476.692 0.725
477.456 0.764
478.206 0.75
478.921 0.715
479.656 0.735
480.409 0.753
481.193 0.784
481.915 0.722
482.643 0.728
483.355 0.712
484.059 0.704
484.683 0.624
485.426 0.743
486.098 0.672
486.751 0.653
487.407 0.656
488.053 0.646
488.697 0.644
489.329 0.632
489.965 0.636
490.604 0.639
491.181 0.577
491.87 0.689
492.501 0.631
493.121 0.62
493.737 0.616
494.363 0.626
495.02 0.657
495.692 0.672
496.37 0.678
497.184 0.814
498.079 0.895
498.805 0.726
499.669 0.864
500.479 0.81
501.246 0.767
501.985 0.739
502.613 0.628
503.345 0.732
504.013 0.668
504.693 0.68
505.251 0.558
505.892 0.641
506.182 0.29
507.768 1.586
509.227 1.459
509.96 0.733
510.67 0.71
511.385 0.715
512.086 0.701
512.802 0.716
513.44 0.638
514.195 0.755
514.903 0.708
515.644 0.741
516.441 0.797
517.157 0.716
518.085 0.928
518.975 0.89
519.823 0.848
520.523 0.7
521.347 0.824
522.088 0.741
522.849 0.761
523.512 0.663
524.3 0.788
525.14 0.84
525.697 0.557
526.416 0.719
527.097 0.681
527.842 0.745
528.523 0.681
529.206 0.683
529.821 0.615
530.549 0.728
531.21 0.661
531.901 0.691
532.639 0.738
533.399 0.76
534.14 0.741
534.931 0.791
535.756 0.825
536.605 0.849
537.368 0.763
538.138 0.77
538.902 0.764
539.718 0.816
540.519 0.801
541.295 0.776
542.047 0.752
542.835 0.788
543.616 0.781
544.356 0.74
545.082 0.726
545.855 0.773
546.57 0.715
547.296 0.726
548.052 0.756
548.69 0.638
549.435 0.745
550.109 0.674
550.767 0.658
551.427 0.66
552.125 0.698
552.85 0.725
553.545 0.695
554.243 0.698
554.943 0.7
555.672 0.729
556.385 0.713
557.068 0.683
557.733 0.665
558.402 0.669
559.081 0.679
559.343 0.262
559.661 0.318
560.444 0.783
561.133 0.689
561.82 0.687
562.505 0.685
563.181 0.676
563.842 0.661
564.498 0.656
565.151 0.653
565.81 0.659
566.485 0.675
567.178 0.693
567.881 0.703
568.573 0.692
569.261 0.688
569.956 0.695
570.676 0.72
571.406 0.73
572.102 0.696
572.82 0.718
573.538 0.718
574.273 0.735
574.975 0.702
575.681 0.706
576.382 0.701
577.092 0.71
577.789 0.697
578.46 0.671
579.135 0.675
579.807 0.672
580.486 0.679
581.159 0.673
581.829 0.67
582.486 0.657
583.149 0.663
583.837 0.688
584.54 0.703
585.258 0.718
585.966 0.708
586.633 0.667
587.294 0.661
587.939 0.645
588.578 0.639
589.218 0.64
589.851 0.633
590.482 0.631
591.109 0.627
591.728 0.619
592.393 0.665
593.094 0.701
593.747 0.653
594.423 0.676
595.166 0.743
596.015 0.849
596.959 0.944
597.806 0.847
598.589 0.783
599.29 0.701
599.698 0.408
599.97 0.272
600.639 0.669
601.023 0.384
601.287 0.264
601.926 0.639
602.279 0.353
602.549 0.27