0.000 1.015
1.015 1.015
2.073 1.058
3.129 1.056
4.11 0.981
5.014 0.904
6.098 1.084
7.318 1.22
8.433 1.115
9.515 1.082
10.513 0.998
11.451 0.938
12.547 1.096
13.756 1.209
14.91 1.154
15.922 1.012
16.847 0.925
17.69 0.843
18.787 1.097
20.0 1.213
21.222 1.222
22.495 1.273
23.714 1.219
24.901 1.187
25.945 1.044
26.963 1.018
28.126 1.163
29.386 1.26
30.593 1.207
31.796 1.203
32.817 1.021
33.708 0.891
34.835 1.127
36.044 1.209
37.321 1.277
38.567 1.246
39.621 1.054
40.59 0.969
41.658 1.068
42.725 1.067
43.69 0.965
44.84 1.15
46.002 1.162
46.963 0.961
47.905 0.942
48.81 0.905
49.636 0.826
50.415 0.779
51.205 0.79
52.308 1.103
53.355 1.047
54.489 1.134
55.618 1.129
56.547 0.929
57.474 0.927
58.441 0.967
59.394 0.953
60.338 0.944
61.278 0.94
62.343 1.065
63.294 0.951
64.172 0.878
64.983 0.811
65.772 0.789
66.573 0.801
67.417 0.844
68.573 1.156
69.737 1.164
70.746 1.009
71.78 1.034
72.806 1.026
73.761 0.955
74.714 0.953
75.608 0.894
76.403 0.795
77.197 0.794
77.943 0.746
78.658 0.715
79.418 0.76
80.617 1.199
81.723 1.106
82.754 1.031
83.765 1.011
84.715 0.95
85.579 0.864
86.396 0.817
87.241 0.845
88.118 0.877
88.971 0.853
89.869 0.898
90.863 0.994
91.827 0.964
92.611 0.784
93.371 0.76
94.206 0.835
95.079 0.873
96.174 1.095
97.281 1.107
98.353 1.072
99.346 0.993
100.21 0.864
101.196 0.986
102.214 1.018
103.253 1.039
104.324 1.071
105.316 0.992
106.355 1.039
107.393 1.038
108.493 1.1
109.553 1.06
110.525 0.972
111.564 1.039
112.654 1.09
113.72 1.066
114.779 1.059
115.826 1.047
116.785 0.959
117.731 0.946
118.659 0.928
119.66 1.001
120.675 1.015
121.673 0.998
122.682 1.009
123.692 1.01
124.593 0.901
125.587 0.994
126.498 0.911
127.335 0.837
128.283 0.948
129.314 1.031
130.383 1.069
131.421 1.038
132.402 0.981
133.398 0.996
134.41 1.012
135.307 0.897
136.345 1.038
137.432 1.087
138.515 1.083
139.53 1.015
140.462 0.932
141.38 0.918
142.18 0.8
143.047 0.867
144.047 1.0
144.992 0.945
145.96 0.968
146.998 1.038
148.071 1.073
149.08 1.009
150.084 1.004
151.047 0.963
152.04 0.993
153.045 1.005
153.892 0.847
154.785 0.893
155.791 1.006
156.814 1.023
157.843 1.029
158.819 0.976
159.875 1.056
160.951 1.076
162.024 1.073
163.136 1.112
164.224 1.088
165.329 1.105
166.28 0.951
167.218 0.938
168.263 1.045
169.391 1.128
170.49 1.099
171.706 1.216
172.793 1.087
173.891 1.098
174.999 1.108
176.108 1.109
177.168 1.06
178.216 1.048
179.315 1.099
180.408 1.093
181.56 1.152
182.717 1.157
183.849 1.132
184.911 1.062
185.991 1.08
187.036 1.045
187.902 0.866
188.782 0.88
190.025 1.243
191.161 1.136
192.267 1.106
193.247 0.98
194.194 0.947
195.261 1.067
196.289 1.028
197.253 0.964
198.093 0.84
198.944 0.851
199.782 0.838
200.638 0.856
201.511 0.873
202.485 0.974
203.588 1.103
204.68 1.092
205.779 1.099
206.846 1.067
207.9 1.054
208.944 1.044
209.952 1.008
210.91 0.958
211.946 1.036
213.025 1.079
214.018 0.993
215.096 1.078
216.14 1.044
217.037 0.897
217.943 0.906
218.784 0.841
219.581 0.797
220.319 0.738
221.041 0.722
221.952 0.911
223.207 1.255
224.32 1.113
225.438 1.118
226.491 1.053
227.336 0.845
228.281 0.945
229.268 0.987
230.304 1.036
231.375 1.071
232.454 1.079
233.593 1.139
234.669 1.076
235.724 1.055
236.765 1.041
237.774 1.009
238.78 1.006
239.625 0.845
240.55 0.925
241.449 0.899
242.303 0.854
243.352 1.049
244.315 0.963
245.339 1.024
246.324 0.985
247.363 1.039
248.38 1.017
249.438 1.058
250.416 0.978
251.324 0.908
252.211 0.887
253.117 0.906
253.964 0.847
254.805 0.841
255.646 0.841
256.592 0.946
257.625 1.033
258.542 0.917
259.398 0.856
260.304 0.906
261.288 0.984
262.149 0.861
263.018 0.869
263.853 0.835
264.648 0.795
265.405 0.757
266.23 0.825
267.365 1.135
268.547 1.182
269.681 1.134
270.789 1.108
271.79 1.001
272.855 1.065
273.816 0.961
274.865 1.049
275.837 0.972
276.748 0.911
277.629 0.881
278.502 0.873
279.422 0.92
280.367 0.945
281.424 1.057
282.6 1.176
283.667 1.067
284.617 0.95
285.628 1.011
286.619 0.991
287.449 0.83
288.364 0.915
289.537 1.173
290.742 1.205
291.854 1.112
292.933 1.079
294.017 1.084
294.985 0.968
295.891 0.906
296.716 0.825
297.604 0.888
298.849 1.245
300.064 1.215
301.232 1.168
302.346 1.114
303.418 1.072
304.49 1.072
305.477 0.987
306.502 1.025
307.551 1.049
308.687 1.136
309.796 1.109
311.029 1.233
312.17 1.141
313.298 1.128
314.415 1.117
315.507 1.092
316.576 1.069
317.628 1.052
318.634 1.006
319.765 1.131
320.979 1.214
322.012 1.033
323.09 1.078
324.205 1.115
325.163 0.958
326.219 1.056
327.144 0.925
328.17 1.026
329.127 0.957
330.176 1.049
331.181 1.005
332.193 1.012
333.117 0.924
334.016 0.899
334.862 0.846
335.726 0.864
336.582 0.856
337.39 0.808
338.165 0.775
338.973 0.808
339.87 0.897
340.73 0.86
341.661 0.931
342.75 1.089
343.893 1.143
344.984 1.091
345.936 0.952
346.895 0.959
347.882 0.987
348.897 1.015
349.978 1.081
351.116 1.138
352.156 1.04
353.059 0.903
353.843 0.784
354.632 0.789
355.603 0.971
356.443 0.84
357.426 0.983
358.495 1.069
359.497 1.002
360.547 1.05
361.495 0.948
362.375 0.88
363.281 0.906
364.104 0.823
364.931 0.827
365.873 0.942
366.912 1.039
367.962 1.05
368.952 0.99
370.017 1.065
371.185 1.168
372.266 1.081
373.412 1.146
374.475 1.063
375.528 1.053
376.571 1.043
377.645 1.074
378.757 1.112
379.908 1.151
381.202 1.294
382.423 1.221
383.654 1.231
384.85 1.196
385.975 1.125
386.958 0.983
388.046 1.088
389.232 1.186
390.261 1.029
391.413 1.152
392.548 1.135
393.498 0.95
394.487 0.989
395.482 0.995
396.389 0.907
397.337 0.948
398.55 1.213
399.766 1.216
400.77 1.004
401.851 1.081
402.959 1.108
403.978 1.019
404.915 0.937
405.933 1.018
406.977 1.044
407.917 0.94
408.96 1.043
410.065 1.105
411.129 1.064
412.2 1.071
413.337 1.137
414.444 1.107
415.449 1.005
416.503 1.054
417.492 0.989
418.4 0.908
419.32 0.92
420.247 0.927
421.062 0.815
421.905 0.843
422.709 0.804
423.53 0.821
424.561 1.031
425.66 1.099
426.702 1.042
427.653 0.951
428.484 0.831
429.324 0.84
430.247 0.923
431.325 1.078
432.338 1.013
433.289 0.951
434.244 0.955
435.242 0.998
436.34 1.098
437.449 1.109
438.507 1.058
439.583 1.076
440.649 1.066
441.644 0.995
442.506 0.862
443.289 0.783
444.132 0.843
444.936 0.804
445.974 1.038
447.106 1.132
448.057 0.951
449.071 1.014
450.033 0.962
450.879 0.846
451.756 0.877
452.622 0.866
453.418 0.796
454.202 0.784
455.019 0.817
455.91 0.891
456.778 0.868
457.725 0.947
458.745 1.02
459.713 0.968
460.526 0.813
461.367 0.841
462.285 0.918
463.37 1.085
464.439 1.069
465.431 0.992
466.43 0.999
467.43 1.0
468.458 1.028
469.444 0.986
470.403 0.959
471.394 0.991
472.375 0.981
473.264 0.889
474.274 1.01
475.342 1.068
476.209 0.867
477.181 0.972
478.307 1.126
479.223 0.916
480.14 0.917
481.224 1.084
482.378 1.154
483.329 0.951
484.283 0.954
485.228 0.945
486.096 0.868
487.025 0.929
488.16 1.135
489.199 1.039
490.274 1.075
491.366 1.092
492.444 1.078
493.489 1.045
494.506 1.017
495.465 0.959
496.394 0.929
497.456 1.062
498.493 1.037
499.513 1.02
500.471 0.958
501.534 1.063
502.594 1.06
503.606 1.012
504.551 0.945
505.653 1.102
506.731 1.078
507.784 1.053
508.891 1.107
510.01 1.119
510.985 0.975
512.066 1.081
513.169 1.103
514.225 1.056
515.341 1.116
516.419 1.078
517.409 0.99
518.447 1.038
519.526 1.079
520.541 1.015
521.456 0.915
522.509 1.053
523.508 0.999
524.434 0.926
525.493 1.059
526.594 1.101
527.613 1.019
528.712 1.099
529.849 1.137
530.812 0.963
531.858 1.046
532.842 0.984
533.688 0.846
534.593 0.905
535.555 0.962
536.446 0.891
537.414 0.968
538.273 0.859
539.136 0.863
540.233 1.097
541.319 1.086
542.427 1.108
543.457 1.03
544.493 1.036
545.548 1.055
546.53 0.982
547.541 1.011
548.608 1.067
549.712 1.104
550.751 1.039
551.821 1.07
552.928 1.107
553.995 1.067
554.949 0.954
555.928 0.979
556.992 1.064
558.001 1.009
559.063 1.062
560.207 1.144
561.323 1.116
562.303 0.98
563.414 1.111
564.445 1.031
565.408 0.963
566.495 1.087
567.443 0.948
568.378 0.935
569.421 1.043
570.304 0.883
571.227 0.923
572.158 0.931
573.042 0.884
573.97 0.928
574.98 1.01
576.017 1.037
577.048 1.031
578.085 1.037
579.088 1.003
579.999 0.911
580.878 0.879
581.753 0.875
582.622 0.869
583.681 1.059
584.768 1.087
585.831 1.063
586.909 1.078
587.995 1.086
589.0 1.005
589.958 0.958
590.976 1.018
592.014 1.038
593.015 1.001
594.091 1.076
595.23 1.139
596.217 0.987
597.253 1.036
598.285 1.032
599.265 0.98
600.42 1.155
601.6 1.18
602.613 1.013
603.703 1.09
604.764 1.061
605.712 0.948
606.564 0.852
607.493 0.929