0.000 0.803
0.803 0.803
1.579 0.776
2.335 0.756
3.069 0.734
3.783 0.714
4.495 0.712
5.241 0.746
6.083 0.842
6.992 0.909
7.893 0.901
8.745 0.852
9.55 0.805
10.321 0.771
11.078 0.757
11.865 0.787
12.691 0.826
13.538 0.847
14.38 0.842
15.259 0.879
16.118 0.859
16.924 0.806
17.692 0.768
18.467 0.775
19.283 0.816
20.166 0.883
21.069 0.903
21.934 0.865
22.75 0.816
23.548 0.798
24.356 0.808
25.162 0.806
25.962 0.8
26.771 0.809
27.565 0.794
28.357 0.792
29.096 0.739
29.819 0.723
30.547 0.728
31.326 0.779
32.244 0.918
33.225 0.981
34.192 0.967
35.131 0.939
36.057 0.926
36.911 0.854
37.7 0.789
38.462 0.762
39.235 0.773
40.091 0.856
41.024 0.933
41.884 0.86
42.711 0.827
43.528 0.817
44.352 0.824
45.208 0.856
46.068 0.86
46.914 0.846
47.716 0.802
48.5 0.784
49.288 0.788
50.102 0.814
50.957 0.855
51.817 0.86
52.694 0.877
53.537 0.843
54.344 0.807
55.134 0.79
55.904 0.77
56.633 0.729
57.389 0.756
58.201 0.812
59.065 0.864
59.97 0.905
60.831 0.861
61.658 0.827
62.48 0.822
63.316 0.836
64.184 0.868
65.047 0.863
65.893 0.846
66.723 0.83
67.568 0.845
68.463 0.895
69.384 0.921
70.293 0.909
71.139 0.846
71.98 0.841
72.857 0.877
73.778 0.921
74.685 0.907
75.556 0.871
76.415 0.859
77.281 0.866
78.178 0.897
79.115 0.937
80.086 0.971
81.054 0.968
81.995 0.941
82.912 0.917
83.775 0.863
84.6 0.825
85.388 0.788
86.197 0.809
87.071 0.874
88.014 0.943
88.976 0.962
89.899 0.923
90.795 0.896
91.645 0.85
92.464 0.819
93.267 0.803
94.078 0.811
94.92 0.842
95.837 0.917
96.775 0.938
97.699 0.924
98.588 0.889
99.42 0.832
100.208 0.788
100.998 0.79
101.797 0.799
102.642 0.845
103.538 0.896
104.432 0.894
105.284 0.852
106.097 0.813
106.902 0.805
107.714 0.812
108.563 0.849
109.401 0.838
110.191 0.79
110.962 0.771
111.742 0.78
112.54 0.798
113.424 0.884
114.344 0.92
115.236 0.892
116.065 0.829
116.837 0.772
117.598 0.761
118.351 0.753
119.145 0.794
119.992 0.847
120.868 0.876
121.687 0.819
122.473 0.786
123.265 0.792
124.089 0.824
124.974 0.885
125.872 0.898
126.778 0.906
127.621 0.843
128.441 0.82
129.253 0.812
130.114 0.861
131.043 0.929
132.006 0.963
132.931 0.925
133.822 0.891
134.709 0.887
135.598 0.889
136.49 0.892
137.355 0.865
138.193 0.838
139.036 0.843
139.92 0.884
140.831 0.911
141.753 0.922
142.634 0.881
143.488 0.854
144.324 0.836
145.196 0.872
146.15 0.954
147.111 0.961
148.052 0.941
148.982 0.93
149.864 0.882
150.694 0.83
151.518 0.824
152.364 0.846
153.249 0.885
154.138 0.889
154.992 0.854
155.826 0.834
156.668 0.842
157.532 0.864
158.376 0.844
159.184 0.808
159.993 0.809
160.811 0.818
161.611 0.8
162.396 0.785
163.195 0.799
164.038 0.843
164.912 0.874
165.769 0.857
166.6 0.831
167.428 0.828
168.277 0.849
169.14 0.863
170.006 0.866
170.854 0.848
171.694 0.84
172.513 0.819
173.354 0.841
174.235 0.881
175.127 0.892
176.014 0.887
176.854 0.84
177.664 0.81
178.485 0.821
179.312 0.827
180.124 0.812
180.904 0.78
181.644 0.74
182.383 0.739
183.131 0.748
183.891 0.76
184.682 0.791
185.53 0.848
186.422 0.892
187.326 0.904
188.188 0.862
189.009 0.821
189.807 0.798
190.621 0.814
191.508 0.887
192.433 0.925
193.348 0.915
194.205 0.857
195.033 0.828
195.881 0.848
196.746 0.865
197.618 0.872
198.489 0.871
199.318 0.829
200.147 0.829
201.0 0.853
201.88 0.88
202.769 0.889
203.608 0.839
204.43 0.822
205.278 0.848
206.136 0.858
206.966 0.83
207.778 0.812
208.633 0.855
209.539 0.906
210.466 0.927
211.366 0.9
212.215 0.849
213.056 0.841
213.918 0.862
214.809 0.891
215.719 0.91
216.587 0.868
217.449 0.862
218.339 0.89
219.247 0.908
220.178 0.931
221.082 0.904
221.931 0.849
222.779 0.848
223.634 0.855
224.513 0.879
225.396 0.883
226.244 0.848
227.081 0.837
227.964 0.883
228.898 0.934
229.831 0.933
230.76 0.929
231.657 0.897
232.497 0.84
233.29 0.793
234.092 0.802
234.932 0.84
235.823 0.891
236.756 0.933
237.692 0.936
238.584 0.892
239.448 0.864
240.296 0.848
241.176 0.88
242.107 0.931
243.053 0.946
243.98 0.927
244.896 0.916
245.769 0.873
246.615 0.846
247.439 0.824
248.264 0.825
249.113 0.849
250.0 0.887
250.888 0.888
251.764 0.876
252.592 0.828
253.424 0.832
254.279 0.855
255.145 0.866
256.028 0.883
256.87 0.842
257.685 0.815
258.531 0.846
259.393 0.862
260.279 0.886
261.117 0.838
261.936 0.819
262.779 0.843
263.638 0.859
264.502 0.864
265.382 0.88
266.228 0.846
267.052 0.824
267.885 0.833
268.752 0.867
269.65 0.898
270.527 0.877
271.389 0.862
272.227 0.838
273.022 0.795
273.806 0.784
274.629 0.823
275.525 0.896
276.436 0.911
277.293 0.857
278.118 0.825
278.925 0.807
279.741 0.816
280.551 0.81
281.361 0.81
282.168 0.807
282.967 0.799
283.773 0.806
284.629 0.856
285.477 0.848
286.305 0.828
287.066 0.761
287.807 0.741
288.553 0.746
289.31 0.757
290.095 0.785
290.923 0.828
291.789 0.866
292.634 0.845
293.463 0.829
294.323 0.86
295.191 0.868
296.051 0.86
296.881 0.83
297.684 0.803
298.475 0.791
299.282 0.807
300.138 0.856
301.008 0.87
301.872 0.864
302.699 0.827
303.517 0.818
304.348 0.831
305.198 0.85
306.05 0.852
306.885 0.835
307.693 0.808
308.498 0.805
309.319 0.821
310.154 0.835
310.975 0.821
311.787 0.812
312.611 0.824
313.449 0.838
314.286 0.837
315.144 0.858
315.973 0.829
316.777 0.804
317.552 0.775
318.337 0.785
319.152 0.815
320.005 0.853
320.889 0.884
321.767 0.878
322.602 0.835
323.405 0.803
324.21 0.805
325.028 0.818
325.873 0.845
326.701 0.828
327.517 0.816
328.334 0.817
329.159 0.825
329.996 0.837
330.768 0.772
331.55 0.782
332.328 0.778
333.122 0.794
333.949 0.827
334.798 0.849
335.649 0.851
336.466 0.817
337.26 0.794
338.064 0.804
338.906 0.842
339.787 0.881
340.672 0.885
341.511 0.839
342.336 0.825
343.189 0.853
344.025 0.836
344.842 0.817
345.635 0.793
346.445 0.81
347.276 0.831
348.111 0.835
348.921 0.81
349.749 0.828
350.602 0.853
351.479 0.877
352.319 0.84
353.135 0.816
353.97 0.835
354.817 0.847
355.66 0.843
356.474 0.814
357.305 0.831
358.194 0.889
359.114 0.92
360.043 0.929
360.956 0.913
361.85 0.894
362.736 0.886
363.628 0.892
364.505 0.877
365.356 0.851
366.221 0.865
367.136 0.915
368.121 0.985
369.079 0.958
369.989 0.91
370.84 0.851
371.667 0.827
372.507 0.84
373.418 0.911
374.358 0.94
375.287 0.929
376.162 0.875
376.987 0.825
377.79 0.803
378.612 0.822
379.491 0.879
380.383 0.892
381.239 0.856
382.06 0.821
382.885 0.825
383.715 0.83
384.546 0.831
385.362 0.816
386.153 0.791
386.958 0.805
387.788 0.83
388.634 0.846
389.467 0.833
390.278 0.811
391.079 0.801
391.894 0.815
392.722 0.828
393.569 0.847
394.429 0.86
395.253 0.824
396.05 0.797
396.84 0.79
397.646 0.806
398.472 0.826
399.322 0.85
400.165 0.843
400.983 0.818
401.806 0.823
402.636 0.83
403.45 0.814
404.233 0.783
405.002 0.769
405.769 0.767
406.533 0.764
407.273 0.74
408.007 0.734
408.721 0.714
409.463 0.742
410.257 0.794
411.061 0.804
411.845 0.784
412.61 0.765
413.387 0.777
414.175 0.788
414.954 0.779
415.696 0.742
416.445 0.749
417.21 0.765
417.99 0.78
418.774 0.784
419.539 0.765
420.32 0.781
421.109 0.789
421.903 0.794
422.687 0.784
423.462 0.775
424.25 0.788
425.069 0.819
425.899 0.83
426.723 0.824
427.522 0.799
428.299 0.777
429.045 0.746
429.774 0.729
430.518 0.744
431.306 0.788
432.128 0.822
432.97 0.842
433.766 0.796
434.545 0.779
435.337 0.792
436.135 0.798
436.939 0.804
437.712 0.773
438.457 0.745
439.206 0.749
439.971 0.765
440.74 0.769
441.505 0.765
442.257 0.752
443.026 0.769
443.823 0.797
444.625 0.802
445.392 0.767
446.149 0.757
446.925 0.776
447.728 0.803
448.537 0.809
449.335 0.798
450.097 0.762
450.837 0.74
451.589 0.752
452.388 0.799
453.205 0.817
454.027 0.822
454.817 0.79
455.576 0.759
456.352 0.776
457.134 0.782
457.925 0.791
458.69 0.765
459.44 0.75
460.202 0.762
461.018 0.816
461.86 0.842
462.705 0.845
463.551 0.846
464.37 0.819
465.18 0.81
465.975 0.795
466.803 0.828
467.681 0.878
468.55 0.869
469.378 0.828
470.144 0.766
470.902 0.758
471.662 0.76
472.45 0.788
473.263 0.813
474.049 0.786
474.852 0.803
475.665 0.813
476.51 0.845
477.304 0.794
478.076 0.772
478.851 0.775
479.642 0.791
480.437 0.795
481.223 0.786
481.986 0.763
482.759 0.773
483.573 0.814
484.404 0.831
485.238 0.834
486.02 0.782
486.797 0.777
487.584 0.787
488.379 0.795
489.212 0.833
490.066 0.854
490.916 0.85
491.745 0.829
492.541 0.796
493.339 0.798
494.161 0.822
494.998 0.837
495.847 0.849
496.656 0.809
497.449 0.793
498.252 0.803
499.058 0.806
499.865 0.807
500.633 0.768
501.398 0.765
502.169 0.771
502.948 0.779
503.733 0.785
504.492 0.759
505.246 0.754
506.006 0.76
506.771 0.765
507.512 0.741
508.224 0.712
508.944 0.72
509.674 0.73
510.433 0.759
511.227 0.794
512.048 0.821
512.88 0.832
513.702 0.822
514.513 0.811
515.31 0.797
516.141 0.831
517.009 0.868
517.907 0.898
518.77 0.863
519.6 0.83
520.425 0.825
521.271 0.846
522.127 0.856
522.989 0.862
523.806 0.817
524.631 0.825
525.506 0.875
526.414 0.908
527.317 0.903
528.191 0.874
529.029 0.838
529.845 0.816
530.672 0.827
531.501 0.829
532.316 0.815
533.115 0.799
533.939 0.824
534.802 0.863
535.682 0.88
536.551 0.869
537.389 0.838
538.196 0.807
539.024 0.828
539.867 0.843
540.726 0.859
541.55 0.824
542.369 0.819
543.22 0.851
544.093 0.873
544.969 0.876
545.806 0.837
546.656 0.85
547.516 0.86
548.401 0.885
549.267 0.866
550.122 0.855
551.008 0.886
551.91 0.902
552.793 0.883
553.649 0.856
554.491 0.842
555.347 0.856
556.209 0.862
557.043 0.834
557.852 0.809
558.666 0.814
559.493 0.827
560.32 0.827
561.156 0.836
561.971 0.815
562.772 0.801
563.561 0.789
564.369 0.808
565.22 0.851
566.096 0.876
566.96 0.864
567.787 0.827
568.619 0.832
569.467 0.848
570.321 0.854
571.16 0.839
571.984 0.824
572.753 0.769
573.501 0.748
574.273 0.772
575.086 0.813
575.945 0.859
576.823 0.878
577.649 0.826
578.447 0.798
579.253 0.806
580.055 0.802
580.832 0.777
581.586 0.754
582.349 0.763
583.144 0.795
583.957 0.813
584.776 0.819
585.59 0.814
586.384 0.794
587.201 0.817
588.032 0.831
588.884 0.852
589.738 0.854
590.557 0.819
591.36 0.803
592.188 0.828
593.029 0.841
593.862 0.833
594.666 0.804
595.482 0.816
596.312 0.83
597.167 0.855
598.028 0.861
598.83 0.802
599.61 0.78
600.392 0.782
601.183 0.791
601.971 0.788
602.777 0.806
603.586 0.809
604.37 0.784
605.117 0.747
605.878 0.761