0.000 0.704
0.704 0.704
1.406 0.702
2.111 0.705
2.816 0.705
3.527 0.711
4.246 0.719
4.972 0.726
5.702 0.73
6.421 0.719
7.129 0.708
7.837 0.708
8.557 0.72
9.29 0.733
10.044 0.754
10.8 0.756
11.54 0.74
12.264 0.724
12.967 0.703
13.652 0.685
14.33 0.678
15.004 0.674
15.67 0.666
16.334 0.664
17.009 0.675
17.703 0.694
18.443 0.74
19.223 0.78
20.028 0.805
20.839 0.811
21.641 0.802
22.434 0.793
23.205 0.771
23.919 0.714
24.621 0.702
25.319 0.698
26.025 0.706
26.758 0.733
27.525 0.767
28.311 0.786
29.104 0.793
29.869 0.765
30.597 0.728
31.322 0.725
32.044 0.722
32.765 0.721
33.491 0.726
34.226 0.735
34.964 0.738
35.706 0.742
36.441 0.735
37.17 0.729
37.897 0.727
38.63 0.733
39.36 0.73
40.087 0.727
40.8 0.713
41.516 0.716
42.249 0.733
43.008 0.759
43.78 0.772
44.547 0.767
45.307 0.76
46.055 0.748
46.796 0.741
47.51 0.714
48.209 0.699
48.897 0.688
49.572 0.675
50.249 0.677
50.945 0.696
51.668 0.723
52.431 0.763
53.223 0.792
54.007 0.784
54.789 0.782
55.573 0.784
56.336 0.763
57.084 0.748
57.818 0.734
58.548 0.73
59.282 0.734
60.033 0.751
60.81 0.777
61.601 0.791
62.397 0.796
63.174 0.777
63.936 0.762
64.681 0.745
65.417 0.736
66.154 0.737
66.88 0.726
67.596 0.716
68.305 0.709
69.011 0.706
69.721 0.71
70.449 0.728
71.195 0.746
71.953 0.758
72.718 0.765
73.483 0.765
74.241 0.758
74.992 0.751
75.739 0.747
76.478 0.739
77.208 0.73
77.921 0.713
78.632 0.711
79.349 0.717
80.077 0.728
80.822 0.745
81.586 0.764
82.344 0.758
83.104 0.76
83.865 0.761
84.638 0.773
85.418 0.78
86.195 0.777
86.966 0.771
87.714 0.748
88.444 0.73
89.148 0.704
89.845 0.697
90.53 0.685
91.22 0.69
91.918 0.698
92.639 0.721
93.383 0.744
94.132 0.749
94.877 0.745
95.627 0.75
96.378 0.751
97.132 0.754
97.891 0.759
98.646 0.755
99.399 0.753
100.152 0.753
100.906 0.754
101.651 0.745
102.391 0.74
103.125 0.734
103.852 0.727
104.581 0.729
105.324 0.743
106.083 0.759
106.851 0.768
107.623 0.772
108.398 0.775
109.167 0.769
109.93 0.763
110.68 0.75
111.417 0.737
112.141 0.724
112.859 0.718
113.575 0.716
114.303 0.728
115.05 0.747
115.824 0.774
116.604 0.78
117.38 0.776
118.154 0.774
118.912 0.758
119.643 0.731
120.369 0.726
121.09 0.721
121.802 0.712
122.505 0.703
123.225 0.72
123.966 0.741
124.709 0.743
125.464 0.755
126.218 0.754
126.987 0.769
127.77 0.783
128.56 0.79
129.348 0.788
130.13 0.782
130.904 0.774
131.661 0.757
132.404 0.743
133.128 0.724
133.847 0.719
134.565 0.718
135.296 0.731
136.05 0.754
136.829 0.779
137.614 0.785
138.404 0.79
139.184 0.78
139.945 0.761
140.691 0.746
141.418 0.727
142.14 0.722
142.862 0.722
143.587 0.725
144.321 0.734
145.067 0.746
145.817 0.75
146.572 0.755
147.325 0.753
148.076 0.751
148.817 0.741
149.54 0.723
150.251 0.711
150.954 0.703
151.659 0.705
152.38 0.721
153.126 0.746
153.891 0.765
154.675 0.784
155.443 0.768
156.212 0.769
156.961 0.749
157.695 0.734
158.417 0.722
159.14 0.723
159.869 0.729
160.618 0.749
161.378 0.76
162.14 0.762
162.884 0.744
163.616 0.732
164.342 0.726
165.066 0.724
165.782 0.716
166.489 0.707
167.209 0.72
167.939 0.73
168.681 0.742
169.433 0.752
170.179 0.746
170.92 0.741
171.656 0.736
172.39 0.734
173.128 0.738
173.875 0.747
174.632 0.757
175.388 0.756
176.136 0.748
176.87 0.734
177.602 0.732
178.336 0.734
179.079 0.743
179.827 0.748
180.588 0.761
181.347 0.759
182.112 0.765
182.876 0.764
183.636 0.76
184.392 0.756
185.138 0.746
185.868 0.73
186.589 0.721
187.31 0.721
188.024 0.714
188.735 0.711
189.43 0.695
190.143 0.713
190.867 0.724
191.602 0.735
192.344 0.742
193.082 0.738
193.814 0.732
194.537 0.723
195.26 0.723
195.985 0.725
196.729 0.744
197.487 0.758
198.26 0.773
199.028 0.768
199.786 0.758
200.526 0.74
201.257 0.731
201.976 0.719
202.699 0.723
203.42 0.721
204.137 0.717
204.854 0.717
205.597 0.743
206.36 0.763
207.135 0.775
207.924 0.789
208.717 0.793
209.505 0.788
210.278 0.773
211.036 0.758
211.809 0.773
212.587 0.778
213.362 0.775
214.125 0.763
214.907 0.782
215.696 0.789
216.493 0.797
217.267 0.774
218.045 0.778
218.822 0.777
219.597 0.775
220.365 0.768
221.131 0.766
221.885 0.754
222.627 0.742
223.342 0.715
224.054 0.712
224.77 0.716
225.493 0.723
226.22 0.727
226.97 0.75
227.733 0.763
228.504 0.771
229.259 0.755
230.031 0.772
230.816 0.785
231.606 0.79
232.386 0.78
233.162 0.776
233.925 0.763
234.67 0.745
235.399 0.729
236.11 0.711
236.814 0.704
237.523 0.709
238.225 0.702
238.923 0.698
239.631 0.708
240.367 0.736
241.125 0.758
241.914 0.789
242.702 0.788
243.48 0.778
244.266 0.786
245.054 0.788
245.838 0.784
246.618 0.78
247.384 0.766
248.134 0.75
248.875 0.741
249.621 0.746
250.369 0.748
251.127 0.758
251.907 0.78
252.703 0.796
253.5 0.797
254.271 0.771
255.061 0.79
255.856 0.795
256.653 0.797
257.45 0.797
258.247 0.797
259.04 0.793
259.828 0.788
260.612 0.784
261.385 0.773
262.119 0.734
262.838 0.719
263.565 0.727
264.307 0.742
265.065 0.758
265.842 0.777
266.609 0.767
267.394 0.785
268.198 0.804
269.006 0.808
269.819 0.813
270.636 0.817
271.457 0.821
272.266 0.809
273.074 0.808
273.88 0.806
274.68 0.8
275.468 0.788
276.224 0.756
276.989 0.765
277.756 0.767
278.539 0.783
279.327 0.788
280.104 0.777
280.866 0.762
281.622 0.756
282.372 0.75
283.118 0.746
283.858 0.74
284.58 0.722
285.307 0.727
286.038 0.731
286.773 0.735
287.507 0.734
288.256 0.749
289.01 0.754
289.778 0.768
290.552 0.774
291.321 0.769
292.069 0.748
292.827 0.758
293.585 0.758
294.362 0.777
295.156 0.794
295.94 0.784
296.708 0.768
297.505 0.797
298.299 0.794
299.094 0.795
299.885 0.791
300.668 0.783
301.444 0.776
302.206 0.762
302.958 0.752
303.709 0.751
304.458 0.749
305.214 0.756
305.975 0.761
306.739 0.764
307.508 0.769
308.26 0.752
309.001 0.741
309.738 0.737
310.476 0.738
311.209 0.733
311.926 0.717
312.644 0.718
313.364 0.72
314.08 0.716
314.786 0.706
315.491 0.705
316.186 0.695
316.886 0.7
317.589 0.703
318.3 0.711
319.034 0.734
319.783 0.749
320.545 0.762
321.313 0.768
322.084 0.771
322.856 0.772
323.627 0.771
324.396 0.769
325.166 0.77
325.922 0.756
326.665 0.743
327.402 0.737
328.155 0.753
328.938 0.783
329.72 0.782
330.514 0.794
331.305 0.791
332.083 0.778
332.852 0.769
333.599 0.747
334.33 0.731
335.054 0.724
335.775 0.721
336.499 0.724
337.222 0.723
337.956 0.734
338.693 0.737
339.409 0.716
340.151 0.742
340.917 0.766
341.702 0.785
342.506 0.804
343.338 0.832
344.181 0.843
345.03 0.849
345.877 0.847
346.702 0.825
347.513 0.811
348.314 0.801
349.103 0.789
349.884 0.781
350.652 0.768
351.393 0.741
352.124 0.731
352.848 0.724
353.569 0.721
354.309 0.74
355.072 0.763
355.842 0.77
356.6 0.758
357.347 0.747
358.097 0.75
358.853 0.756
359.605 0.752
360.356 0.751
361.099 0.743
361.835 0.736
362.571 0.736
363.31 0.739
364.049 0.739
364.793 0.744
365.537 0.744
366.284 0.747
367.034 0.75
367.764 0.73
368.502 0.738
369.248 0.746
369.99 0.742
370.733 0.743
371.486 0.753
372.249 0.763
373.015 0.766
373.775 0.76
374.522 0.747
375.264 0.742
376.002 0.738
376.747 0.745
377.476 0.729
378.186 0.71
378.9 0.714
379.626 0.726
380.384 0.758
381.171 0.787
381.96 0.789
382.758 0.798
383.552 0.794
384.349 0.797
385.14 0.791
385.905 0.765
386.673 0.768
387.429 0.756
388.183 0.754
388.938 0.755
389.702 0.764
390.453 0.751
391.201 0.748
391.955 0.754
392.715 0.76
393.478 0.763
394.238 0.76
394.986 0.748
395.718 0.732
396.453 0.735
397.189 0.736
397.934 0.745
398.679 0.745
399.41 0.731
400.146 0.736
400.89 0.744
401.662 0.772
402.448 0.786
403.252 0.804
404.068 0.816
404.865 0.797
405.654 0.789
406.428 0.774
407.181 0.753
407.921 0.74
408.649 0.728
409.39 0.741
410.143 0.753
410.915 0.772
411.702 0.787
412.496 0.794
413.295 0.799
414.067 0.772
414.83 0.763
415.595 0.765
416.365 0.77
417.13 0.765
417.89 0.76
418.647 0.757
419.404 0.757
420.155 0.751
420.897 0.742
421.606 0.709
422.319 0.713
423.04 0.721
423.765 0.725
424.49 0.725
425.23 0.74
425.977 0.747
426.728 0.751
427.489 0.761
428.242 0.753
428.983 0.741
429.716 0.733
430.435 0.719
431.125 0.69
431.831 0.706
432.524 0.693
433.22 0.696
433.93 0.71
434.656 0.726
435.387 0.731
436.134 0.747
436.892 0.758
437.65 0.758
438.405 0.755
439.163 0.758
439.916 0.753
440.668 0.752
441.42 0.752
442.168 0.748
442.916 0.748
443.634 0.718
444.363 0.729
445.109 0.746
445.856 0.747
446.607 0.751
447.373 0.766
448.134 0.761
448.894 0.76
449.653 0.759
450.413 0.76
451.167 0.754
451.918 0.751
452.675 0.757
453.431 0.756
454.171 0.74
454.907 0.736
455.625 0.718
456.327 0.702
457.041 0.714
457.77 0.729
458.509 0.739
459.237 0.728
459.699 0.462
460.001 0.302
460.65 0.649
461.532 0.882
462.316 0.784
463.068 0.752
463.823 0.755
464.574 0.751
465.311 0.737
466.037 0.726
466.759 0.722
467.481 0.722
468.205 0.724
468.938 0.733
469.686 0.748
470.459 0.773
471.25 0.791
472.042 0.792
472.837 0.795
473.627 0.79
474.391 0.764
475.125 0.734
475.863 0.738
476.589 0.726
477.295 0.706
478.012 0.717
478.737 0.725
479.464 0.727
480.191 0.727
480.915 0.724
481.633 0.718
482.325 0.692
483.005 0.68
483.694 0.689
484.383 0.689
485.085 0.702
485.8 0.715
486.531 0.731
487.267 0.736
488.029 0.762
488.806 0.777
489.575 0.769
490.317 0.742
491.065 0.748
491.826 0.761
492.612 0.786
493.403 0.791
494.191 0.788
494.973 0.782
495.733 0.76
496.476 0.743
497.184 0.708
497.894 0.71
498.605 0.711
499.33 0.725
500.075 0.745
500.854 0.779
501.633 0.779
502.422 0.789
503.225 0.803
504.042 0.817
504.855 0.813
505.661 0.806
506.458 0.797
507.248 0.79
508.026 0.778
508.8 0.774
509.545 0.745
510.273 0.728
511.01 0.737
511.771 0.761
512.552 0.781
513.363 0.811
514.187 0.824
515.017 0.83
515.833 0.816
516.646 0.813
517.443 0.797
518.234 0.791
519.018 0.784
519.789 0.771
520.56 0.771
521.324 0.764
522.094 0.77
522.855 0.761
523.613 0.758
524.375 0.762
525.108 0.733
525.87 0.762
526.63 0.76
527.403 0.773
528.179 0.776
528.951 0.772
529.715 0.764
530.46 0.745
531.2 0.74
531.918 0.718
532.632 0.714
533.326 0.694
534.029 0.703
534.729 0.7
535.423 0.694
536.132 0.709
536.856 0.724
537.594 0.738
538.343 0.749
539.105 0.762
539.87 0.765
540.632 0.762
541.387 0.755
542.116 0.729
542.839 0.723
543.576 0.737
544.324 0.748
545.1 0.776
545.906 0.806
546.701 0.795
547.505 0.804
548.303 0.798
549.086 0.783
549.85 0.764
550.6 0.75
551.342 0.742
552.084 0.742
552.829 0.745
553.576 0.747
554.303 0.727
555.063 0.76
555.827 0.764
556.615 0.788
557.38 0.765
558.181 0.801
558.984 0.803
559.785 0.801
560.577 0.792
561.34 0.763
562.069 0.729
562.81 0.741
563.544 0.734
564.289 0.745
565.042 0.753
565.802 0.76
566.564 0.762
567.325 0.761
568.077 0.752
568.828 0.751
569.575 0.747
570.309 0.734
571.014 0.705
571.75 0.736
572.498 0.748
573.265 0.767
574.045 0.78
574.799 0.754
575.578 0.779
576.36 0.782
577.157 0.797
577.947 0.79
578.74 0.793
579.531 0.791
580.32 0.789
581.103 0.783
581.887 0.784
582.664 0.777
583.438 0.774
584.201 0.763
584.93 0.729
585.679 0.749
586.435 0.756
587.206 0.771
587.993 0.787
588.759 0.766
589.514 0.755
590.285 0.771
591.068 0.783
591.85 0.782
592.631 0.781
593.413 0.782
594.199 0.786
594.985 0.786
595.777 0.792
596.563 0.786
597.345 0.782
598.108 0.763
598.853 0.745
599.619 0.766
600.38 0.761
601.148 0.768
601.902 0.754
602.669 0.767
603.423 0.754
604.156 0.733
604.883 0.727
605.615 0.732
606.337 0.722