0.000 0.941
0.941 0.941
1.941 1.0
2.94 0.999
3.938 0.998
4.898 0.96
5.878 0.98
6.837 0.959
7.656 0.819
8.483 0.827
9.444 0.961
10.405 0.961
11.338 0.933
12.31 0.972
13.344 1.034
14.4 1.056
15.409 1.009
16.32 0.911
17.134 0.814
18.107 0.973
19.094 0.987
20.121 1.027
21.141 1.02
22.185 1.044
23.244 1.059
24.273 1.029
25.247 0.974
26.194 0.947
27.182 0.988
28.086 0.904
29.024 0.938
29.979 0.955
30.957 0.978
31.913 0.956
32.898 0.985
33.915 1.017
34.938 1.023
35.9 0.962
36.836 0.936
37.76 0.924
38.675 0.915
39.606 0.931
40.585 0.979
41.565 0.98
42.514 0.949
43.496 0.982
44.518 1.022
45.535 1.017
46.482 0.947
47.278 0.796
48.034 0.756
48.927 0.893
50.024 1.097
50.997 0.973
51.997 1.0
52.984 0.987
53.925 0.941
54.866 0.941
55.833 0.967
56.815 0.982
57.782 0.967
58.741 0.959
59.744 1.003
60.771 1.027
61.793 1.022
62.753 0.96
63.685 0.932
64.614 0.929
65.561 0.947
66.498 0.937
67.418 0.92
68.347 0.929
69.306 0.959
70.28 0.974
71.251 0.971
72.217 0.966
73.189 0.972
74.157 0.968
75.114 0.957
76.038 0.924
76.998 0.96
77.994 0.996
79.027 1.033
80.03 1.003
80.991 0.961
81.86 0.869
82.851 0.991
83.892 1.041
84.941 1.049
85.937 0.996
86.875 0.938
87.804 0.929
88.789 0.985
89.76 0.971
90.699 0.939
91.659 0.96
92.651 0.992
93.67 1.019
94.685 1.015
95.65 0.965
96.543 0.893
97.434 0.891
98.454 1.02
99.441 0.987
100.394 0.953
101.396 1.002
102.389 0.993
103.365 0.976
104.312 0.947
105.27 0.958
106.227 0.957
107.201 0.974
108.167 0.966
109.166 0.999
110.166 1.0
111.141 0.975
112.101 0.96
113.056 0.955
114.028 0.972
114.969 0.941
115.893 0.924
116.822 0.929
117.777 0.955
118.734 0.957
119.713 0.979
120.681 0.968
121.588 0.907
122.434 0.846
123.338 0.904
124.324 0.986
125.31 0.986
126.309 0.999
127.301 0.992
128.245 0.944
129.068 0.823
129.917 0.849
130.989 1.072
132.029 1.04
133.082 1.053
134.112 1.03
135.139 1.027
136.184 1.045
137.203 1.019
138.145 0.942
139.102 0.957
140.072 0.97
141.068 0.996
142.077 1.009
143.057 0.98
144.033 0.976
145.006 0.973
145.973 0.967
146.936 0.963
147.875 0.939
148.758 0.883
149.619 0.861
150.654 1.035
151.658 1.004
152.683 1.025
153.702 1.019
154.707 1.005
155.642 0.935
156.457 0.815
157.277 0.82
158.254 0.977
159.268 1.014
160.296 1.028
161.345 1.049
162.366 1.021
163.343 0.977
164.286 0.943
165.233 0.947
166.182 0.949
167.126 0.944
167.978 0.852
168.868 0.89
169.825 0.957
170.903 1.078
171.896 0.993
172.847 0.951
173.799 0.952
174.747 0.948
175.697 0.95
176.616 0.919
177.542 0.926
178.501 0.959
179.466 0.965
180.428 0.962
181.36 0.932
182.312 0.952
183.287 0.975
184.264 0.977
185.231 0.967
186.187 0.956
187.061 0.874
187.837 0.776
188.614 0.777
189.55 0.936
190.607 1.057
191.584 0.977
192.56 0.976
193.527 0.967
194.42 0.893
195.2 0.78
195.946 0.746
196.716 0.77
197.731 1.015
198.706 0.975
199.69 0.984
200.662 0.972
201.618 0.956
202.524 0.906
203.354 0.83
204.116 0.762
204.851 0.735
205.604 0.753
206.48 0.876
207.479 0.999
208.435 0.956
209.362 0.927
210.288 0.926
211.17 0.882
211.935 0.765
212.661 0.726
213.394 0.733
214.287 0.893
215.289 1.002
216.262 0.973
217.255 0.993
218.243 0.988
219.142 0.899
219.918 0.776
220.666 0.748
221.477 0.811
222.448 0.971
223.422 0.974
224.356 0.934
225.294 0.938
226.253 0.959
227.202 0.949
228.129 0.927
228.981 0.852
229.813 0.832
230.726 0.913
231.726 1.0
232.692 0.966
233.663 0.971
234.647 0.984
235.603 0.956
236.504 0.901
237.305 0.801
238.149 0.844
239.182 1.033
240.171 0.989
241.179 1.008
242.184 1.005
243.158 0.974
244.036 0.878
244.892 0.856
245.823 0.931
246.836 1.013
247.851 1.015
248.821 0.97
249.777 0.956
250.722 0.945
251.646 0.924
252.533 0.887
253.41 0.877
254.338 0.928
255.3 0.962
256.286 0.986
257.272 0.986
258.244 0.972
259.166 0.922
260.045 0.879
260.923 0.878
261.839 0.916
262.76 0.921
263.677 0.917
264.584 0.907
265.459 0.875
266.269 0.81
267.107 0.838
267.975 0.868
268.93 0.955
269.825 0.895
270.701 0.876
271.608 0.907
272.541 0.933
273.494 0.953
274.429 0.935
275.308 0.879
276.14 0.832
276.964 0.824
277.828 0.864
278.772 0.944
279.68 0.908
280.576 0.896
281.494 0.918
282.412 0.918
283.344 0.932
284.256 0.912
285.187 0.931
286.121 0.934
287.08 0.959
288.028 0.948
288.983 0.955
289.936 0.953
290.88 0.944
291.779 0.899
292.635 0.856
293.436 0.801
294.322 0.886
295.305 0.983
296.274 0.969
297.226 0.952
298.169 0.943
299.138 0.969
300.093 0.955
301.02 0.927
301.944 0.924
302.879 0.935
303.806 0.927
304.713 0.907
305.631 0.918
306.556 0.925
307.52 0.964
308.489 0.969
309.435 0.946
310.383 0.948
311.325 0.942
312.25 0.925
313.166 0.916
314.113 0.947
315.071 0.958
316.014 0.943
316.919 0.905
317.842 0.923
318.766 0.924
319.706 0.94
320.633 0.927
321.588 0.955
322.57 0.982
323.547 0.977
324.52 0.973
325.506 0.986
326.475 0.969
327.395 0.92
328.304 0.909
329.234 0.93
330.218 0.984
331.194 0.976
332.19 0.996
333.18 0.99
334.138 0.958
335.109 0.971
336.079 0.97
337.04 0.961
337.97 0.93
338.915 0.945
339.866 0.951
340.807 0.941
341.77 0.963
342.746 0.976
343.732 0.986
344.687 0.955
345.649 0.962
346.593 0.944
347.504 0.911
348.42 0.916
349.34 0.92
350.284 0.944
351.198 0.914
352.135 0.937
353.081 0.946
354.048 0.967
354.992 0.944
355.944 0.952
356.894 0.95
357.84 0.946
358.739 0.899
359.644 0.905
360.555 0.911
361.48 0.925
362.387 0.907
363.29 0.903
364.221 0.931
365.175 0.954
366.157 0.982
367.125 0.968
368.102 0.977
369.074 0.972
370.024 0.95
370.954 0.93
371.917 0.963
372.892 0.975
373.847 0.955
374.784 0.937
375.72 0.936
376.669 0.949
377.603 0.934
378.537 0.934
379.494 0.957
380.479 0.985
381.47 0.991
382.414 0.944
383.287 0.873
384.067 0.78
384.924 0.857
385.835 0.911
386.799 0.964
387.753 0.954
388.69 0.937
389.577 0.887
390.432 0.855
391.291 0.859
392.174 0.883
393.107 0.933
393.983 0.876
394.903 0.92
395.846 0.943
396.801 0.955
397.735 0.934
398.665 0.93
399.601 0.936
400.512 0.911
401.409 0.897
402.272 0.863
403.115 0.843
403.988 0.873
404.86 0.872
405.757 0.897
406.638 0.881
407.526 0.888
408.434 0.908
409.354 0.92
410.286 0.932
411.192 0.906
412.119 0.927
413.034 0.915
413.94 0.906
414.816 0.876
415.705 0.889
416.605 0.9
417.52 0.915
418.454 0.934
419.363 0.909
420.279 0.916
421.196 0.917
422.108 0.912
422.992 0.884
423.893 0.901
424.8 0.907
425.728 0.928
426.628 0.9
427.54 0.912
428.451 0.911
429.361 0.91
430.267 0.906
431.196 0.929
432.108 0.912
433.001 0.893
433.897 0.896
434.814 0.917
435.744 0.93
436.648 0.904
437.584 0.936
438.514 0.93
439.43 0.916
440.307 0.877
441.192 0.885
442.091 0.899
443.013 0.922
443.913 0.9
444.849 0.936
445.809 0.96
446.756 0.947
447.671 0.915
448.623 0.952
449.584 0.961
450.568 0.984
451.501 0.933
452.417 0.916
453.286 0.869
454.173 0.887
455.039 0.866
455.956 0.917
456.91 0.954
457.9 0.99
458.879 0.979
459.875 0.996
460.87 0.995
461.825 0.955
462.733 0.908
463.615 0.882
464.544 0.929
465.452 0.908
466.357 0.905
467.277 0.92
468.218 0.941
469.153 0.935
470.103 0.95
471.069 0.966
472.029 0.96
472.955 0.926
473.856 0.901
474.724 0.868
475.612 0.888
476.488 0.876
477.366 0.878
478.22 0.854
479.11 0.89
480.022 0.912
480.958 0.936
481.876 0.918
482.835 0.959
483.815 0.98
484.765 0.95
485.664 0.899
486.521 0.857
487.411 0.89
488.277 0.866
489.185 0.908
490.1 0.915
490.973 0.873
491.877 0.904
492.821 0.944
493.745 0.924
494.707 0.962
495.669 0.962
496.602 0.933
497.538 0.936
498.48 0.942
499.409 0.929
500.325 0.916
501.25 0.925
502.185 0.935
503.101 0.916
504.024 0.923
504.957 0.933
505.891 0.934
506.815 0.924
507.743 0.928
508.666 0.923
509.555 0.889
510.437 0.882
511.328 0.891
512.227 0.899
513.115 0.888
514.045 0.93
515.007 0.962
515.927 0.92
516.844 0.917
517.706 0.862
518.545 0.839
519.347 0.802
520.183 0.836
521.055 0.872
521.906 0.851
522.803 0.897
523.744 0.941
524.714 0.97
525.654 0.94
526.594 0.94
527.557 0.963
528.528 0.971
529.473 0.945
530.439 0.966
531.43 0.991
532.422 0.992
533.399 0.977
534.347 0.948
535.329 0.982
536.335 1.006
537.347 1.012
538.316 0.969
539.264 0.948
540.195 0.931
541.123 0.928
542.048 0.925
542.958 0.91
543.902 0.944
544.868 0.966
545.83 0.962
546.803 0.973
547.769 0.966
548.706 0.937
549.597 0.891
550.477 0.88
551.376 0.899
552.307 0.931
553.248 0.941
554.224 0.976
555.235 1.011
556.229 0.994
557.184 0.955
558.131 0.947
559.061 0.93
559.956 0.895
560.848 0.892
561.76 0.912
562.669 0.909
563.562 0.893
564.558 0.996
565.536 0.978
566.528 0.992
567.479 0.951
568.416 0.937
569.35 0.934
570.255 0.905
571.155 0.9
572.061 0.906
572.988 0.927
573.929 0.941
574.905 0.976
575.903 0.998
576.904 1.001
577.863 0.959
578.806 0.943
579.732 0.926
580.656 0.924
581.535 0.879
582.474 0.939
583.399 0.925
584.308 0.909
585.201 0.893
586.113 0.912
587.032 0.919
587.937 0.905
588.831 0.894
589.75 0.919
590.692 0.942
591.614 0.922
592.559 0.945
593.512 0.953
594.467 0.955
595.383 0.916
596.301 0.918
597.209 0.908
598.131 0.922
599.021 0.89
599.957 0.936
600.914 0.957
601.856 0.942
602.825 0.969
603.757 0.932