0.000 0.851
0.851 0.851
1.67 0.819
1.966 0.296
2.458 0.492
3.413 0.955
4.315 0.902
5.243 0.928
6.187 0.944
7.097 0.91
8.051 0.954
9.057 1.006
10.006 0.949
10.948 0.942
11.773 0.825
12.588 0.815
13.446 0.858
14.372 0.926
15.307 0.935
16.27 0.963
17.203 0.933
18.131 0.928
19.104 0.973
20.103 0.999
21.09 0.987
22.084 0.994
23.085 1.001
24.079 0.994
25.065 0.986
26.075 1.01
27.07 0.995
28.063 0.993
29.074 1.011
30.047 0.973
31.05 1.003
32.042 0.992
33.041 0.999
34.008 0.967
34.892 0.884
35.753 0.861
36.73 0.977
37.678 0.948
38.648 0.97
39.555 0.907
40.487 0.932
41.345 0.858
42.118 0.773
42.976 0.858
43.922 0.946
44.842 0.92
45.699 0.857
46.595 0.896
47.541 0.946
48.455 0.914
49.395 0.94
50.352 0.957
51.269 0.917
52.24 0.971
53.228 0.988
54.224 0.996
55.173 0.949
56.063 0.89
56.99 0.927
57.929 0.939
58.925 0.996
59.963 1.038
60.891 0.928
61.735 0.844
62.494 0.759
63.414 0.92
64.482 1.068
65.507 1.025
66.479 0.972
67.425 0.946
68.397 0.972
69.374 0.977
70.376 1.002
71.404 1.028
72.455 1.051
73.506 1.051
74.519 1.013
75.567 1.048
76.619 1.052
77.672 1.053
78.717 1.045
79.744 1.027
80.799 1.055
81.826 1.027
82.867 1.041
83.871 1.004
84.865 0.994
85.912 1.047
86.942 1.03
87.907 0.965
88.871 0.964
89.847 0.976
90.782 0.935
91.695 0.913
92.635 0.94
93.568 0.933
94.506 0.938
95.489 0.983
96.501 1.012
97.486 0.985
98.422 0.936
99.316 0.894
100.227 0.911
101.141 0.914
102.111 0.97
103.13 1.019
104.128 0.998
105.112 0.984
106.102 0.99
107.062 0.96
108.038 0.976
108.996 0.958
109.933 0.937
110.938 1.005
111.99 1.052
113.037 1.047
114.051 1.014
115.075 1.024
116.078 1.003
117.08 1.002
118.105 1.025
119.122 1.017
120.111 0.989
121.133 1.022
122.18 1.047
123.233 1.053
124.283 1.05
125.321 1.038
126.357 1.036
127.33 0.973
128.315 0.985
129.298 0.983
130.235 0.937
131.198 0.963
132.148 0.95
133.122 0.974
134.108 0.986
135.12 1.012
136.116 0.996
137.058 0.942
138.04 0.982
139.036 0.996
140.018 0.982
140.987 0.969
141.929 0.942
142.858 0.929
143.799 0.941
144.726 0.927
145.714 0.988
146.736 1.022
147.711 0.975
148.712 1.001
149.718 1.006
150.678 0.96
151.688 1.01
152.718 1.03
153.691 0.973
154.679 0.988
155.666 0.987
156.675 1.009
157.7 1.025
158.682 0.982
159.675 0.993
160.696 1.021
161.69 0.994
162.672 0.982
163.61 0.938
164.556 0.946
165.538 0.982
166.544 1.006
167.519 0.975
168.558 1.039
169.587 1.029
170.571 0.984
171.558 0.987
172.549 0.991
173.483 0.934
174.412 0.929
175.367 0.955
176.319 0.952
177.233 0.914
178.192 0.959
179.199 1.007
180.17 0.971
181.159 0.989
182.172 1.013
183.161 0.989
184.093 0.932
185.056 0.963
186.024 0.968
186.983 0.959
188.005 1.022
189.009 1.004
189.991 0.982
191.001 1.01
192.025 1.024
192.992 0.967
193.923 0.931
194.885 0.962
195.882 0.997
196.868 0.986
197.813 0.945
198.771 0.958
199.772 1.001
200.798 1.026
201.775 0.977
202.775 1.0
203.777 1.002
204.722 0.945
205.687 0.965
206.679 0.992
207.663 0.984
208.606 0.943
209.583 0.977
210.585 1.002
211.549 0.964
212.544 0.995
213.513 0.969
214.505 0.992
215.512 1.007
216.466 0.954
217.45 0.984
218.398 0.948
219.311 0.913
220.215 0.904
221.087 0.872
221.988 0.901
222.934 0.946
223.911 0.977
224.845 0.934
225.795 0.95
226.765 0.97
227.758 0.993
228.71 0.952
229.677 0.967
230.673 0.996
231.672 0.999
232.644 0.972
233.558 0.914
234.462 0.904
235.424 0.962
236.418 0.994
237.415 0.997
238.398 0.983
239.316 0.918
240.137 0.821
240.997 0.86
241.965 0.968
242.915 0.95
243.855 0.94
244.806 0.951
245.802 0.996
246.831 1.029
247.844 1.013
248.824 0.98
249.819 0.995
250.799 0.98
251.747 0.948
252.687 0.94
253.645 0.958
254.626 0.981
255.63 1.004
256.613 0.983
257.639 1.026
258.682 1.043
259.728 1.046
260.704 0.976
261.635 0.931
262.603 0.968
263.607 1.004
264.612 1.005
265.596 0.984
266.584 0.988
267.613 1.029
268.631 1.018
269.61 0.979
270.542 0.932
271.485 0.943
272.439 0.954
273.391 0.952
274.337 0.946
275.307 0.97
276.291 0.984
277.305 1.014
278.27 0.965
279.244 0.974
280.225 0.981
281.208 0.983
282.163 0.955
283.146 0.983
284.153 1.007
285.135 0.982
286.129 0.994
287.132 1.003
288.108 0.976
289.096 0.988
290.12 1.024
291.131 1.011
292.108 0.977
293.113 1.005
294.139 1.026
295.129 0.99
296.068 0.939
297.029 0.961
298.014 0.985
298.984 0.97
299.949 0.965
300.965 1.016
301.998 1.033
303.002 1.004
303.977 0.975
304.994 1.017
306.023 1.029
306.981 0.958
307.835 0.854
308.707 0.872
309.664 0.957
310.64 0.976
311.574 0.934
312.567 0.993
313.576 1.009
314.564 0.988
315.547 0.983
316.537 0.99
317.519 0.982
318.445 0.926
319.358 0.913
320.315 0.957
321.31 0.995
322.338 1.028
323.324 0.986
324.351 1.027
325.374 1.023
326.36 0.986
327.294 0.934
328.266 0.972
329.248 0.982
330.217 0.969
331.162 0.945
332.131 0.969
333.148 1.017
334.175 1.027
335.182 1.007
336.155 0.973
337.143 0.988
338.102 0.959
339.01 0.908
339.933 0.923
340.857 0.924
341.797 0.94
342.779 0.982
343.773 0.994
344.746 0.973
345.645 0.899
346.445 0.8
347.266 0.821
348.213 0.947
349.248 1.035
350.233 0.985
351.193 0.96
352.158 0.965
353.084 0.926
353.952 0.868
354.852 0.9
355.785 0.933
356.759 0.974
357.714 0.955
358.684 0.97
359.62 0.936
360.55 0.93
361.488 0.938
362.443 0.955
363.38 0.937
364.291 0.911
365.223 0.932
366.171 0.948
367.144 0.973
368.103 0.959
369.093 0.99
370.08 0.987
371.046 0.966
372.013 0.967
372.986 0.973
373.942 0.956
374.916 0.974
375.926 1.01
376.959 1.033
377.956 0.997
378.972 1.016
380.014 1.042
381.051 1.037
382.045 0.994
383.063 1.018
384.082 1.019
385.064 0.982
385.989 0.925
386.81 0.821
387.586 0.776
388.531 0.945
389.632 1.101
390.653 1.021
391.654 1.001
392.635 0.981
393.574 0.939
394.465 0.891
395.29 0.825
396.059 0.769
396.802 0.743
397.608 0.806
398.675 1.067
399.71 1.035
400.758 1.048
401.806 1.048
402.791 0.985
403.619 0.828
404.382 0.763
405.18 0.798
406.223 1.043
407.212 0.989
408.167 0.955
409.13 0.963
410.086 0.956
411.039 0.953
411.955 0.916
412.807 0.852
413.603 0.796
414.546 0.943
415.532 0.986
416.5 0.968
417.503 1.003
418.521 1.018
419.526 1.005
420.525 0.999
421.395 0.87
422.199 0.804
423.043 0.844
423.962 0.919
425.022 1.06
426.005 0.983
426.993 0.988
427.99 0.997
428.981 0.991
429.955 0.974
430.908 0.953
431.804 0.896
432.62 0.816
433.454 0.834
434.448 0.994
435.466 1.018
436.454 0.988
437.438 0.984
438.404 0.966
439.373 0.969
440.332 0.959
441.288 0.956
441.927 0.639
442.95 1.023
443.842 0.892
444.841 0.999
445.851 1.01
446.859 1.008
447.881 1.022
448.849 0.968
449.82 0.971
450.706 0.886
451.59 0.884
452.469 0.879
453.295 0.826
454.116 0.821
455.086 0.97
456.139 1.053
457.132 0.993
458.139 1.007
459.102 0.963
460.069 0.967
461.042 0.973
462.03 0.988
463.021 0.991
463.978 0.957
464.931 0.953
465.873 0.942
466.822 0.949
467.741 0.919
468.677 0.936
469.631 0.954
470.612 0.981
471.591 0.979
472.603 1.012
473.623 1.02
474.609 0.986
475.564 0.955
476.556 0.992
477.554 0.998
478.517 0.963
479.469 0.952
480.453 0.984
481.414 0.961
482.335 0.921
483.147 0.812
483.924 0.777
484.741 0.817
485.757 1.016
486.739 0.982
487.668 0.929
488.587 0.919
489.516 0.929
490.464 0.948
491.414 0.95
492.328 0.914
493.216 0.888
494.112 0.896
495.049 0.937
496.04 0.991
497.095 1.055
498.143 1.048
499.182 1.039
500.231 1.049
501.254 1.023
502.267 1.013
503.235 0.968
504.156 0.921
505.078 0.922
506.068 0.99
507.003 0.935
507.97 0.967
508.949 0.979
509.92 0.971
510.927 1.007
511.953 1.026
512.932 0.979
513.908 0.976
514.89 0.982
515.84 0.95
516.752 0.912
517.705 0.953
518.682 0.977
519.633 0.951
520.591 0.958
521.58 0.989
522.566 0.986
523.525 0.959
524.475 0.95
525.464 0.989
526.455 0.991
527.401 0.946
528.345 0.944
529.303 0.958
530.252 0.949
531.188 0.936
532.167 0.979
533.157 0.99
534.126 0.969
535.056 0.93
536.008 0.952
536.989 0.981
537.943 0.954
538.86 0.917
539.814 0.954
540.795 0.981
541.796 1.001
542.755 0.959
543.753 0.998
544.736 0.983
545.69 0.954
546.558 0.868
547.465 0.907
548.433 0.968
549.409 0.976
550.407 0.998
551.403 0.996
552.418 1.015
553.391 0.973
554.323 0.932
555.284 0.961
556.258 0.974
557.239 0.981
558.179 0.94
559.164 0.985
560.188 1.024
561.219 1.031
562.23 1.011
563.243 1.013
564.163 0.92
565.077 0.914
565.996 0.919
566.905 0.909
567.841 0.936
568.816 0.975
569.784 0.968
570.764 0.98
571.762 0.998
572.758 0.996
573.745 0.987
574.743 0.998
575.707 0.964
576.65 0.943
577.619 0.969
578.579 0.96
579.541 0.962
580.533 0.992
581.515 0.982
582.468 0.953
583.442 0.974
584.415 0.973
585.337 0.922
586.256 0.919
587.197 0.941
588.134 0.937
589.078 0.944
590.03 0.952
590.97 0.94
591.879 0.909
592.813 0.934
593.764 0.951
594.697 0.933
595.657 0.96
596.606 0.949
597.55 0.944
598.497 0.947
599.378 0.881
600.214 0.836