0.000 0.988
0.988 0.988
1.976 0.988
2.993 1.017
3.89 0.897
4.759 0.869
5.673 0.914
6.707 1.034
7.814 1.107
8.704 0.89
9.728 1.024
10.961 1.233
11.873 0.912
12.967 1.094
14.092 1.125
15.009 0.917
16.057 1.048
16.983 0.926
18.151 1.168
19.218 1.067
19.592 0.374
19.865 0.273
34.235 1.236
35.343 1.108
36.517 1.174
37.717 1.2
38.839 1.122
39.773 0.934
40.799 1.026
42.092 1.293
43.31 1.218
44.37 1.06
45.394 1.024
46.585 1.191
47.631 1.046
48.675 1.044
49.816 1.141
50.905 1.089
51.944 1.039
53.118 1.174
54.179 1.061
55.172 0.993
56.257 1.085
57.403 1.146
58.489 1.086
59.432 0.943
60.385 0.953
61.375 0.99
62.353 0.978
63.275 0.922
64.333 1.058
65.333 1.0
66.346 1.013
67.472 1.126
68.595 1.123
69.571 0.976
70.413 0.842
71.232 0.819
72.548 1.316
73.802 1.254
74.944 1.142
75.868 0.924
77.045 1.177
78.266 1.221
79.476 1.21
80.654 1.178
81.718 1.064
82.683 0.965
83.859 1.176
84.929 1.07
86.029 1.1
87.054 1.025
88.059 1.005
89.125 1.066
90.124 0.999
91.103 0.979
92.163 1.06
93.247 1.084
94.229 0.982
95.166 0.937
96.164 0.998
97.11 0.946
98.034 0.924
99.081 1.047
100.026 0.945
100.945 0.919
101.946 1.001
102.947 1.001
103.813 0.866
104.705 0.892
105.589 0.884
106.57 0.981
107.671 1.101
108.681 1.01
109.659 0.978
110.731 1.072
111.832 1.101
112.829 0.997
113.793 0.964
114.845 1.052
115.953 1.108
116.95 0.997
117.916 0.966
118.869 0.953
119.973 1.104
121.061 1.088
122.052 0.991
123.072 1.02
124.114 1.042
125.078 0.964
126.117 1.039
127.237 1.12
128.381 1.144
129.346 0.965
130.373 1.027
131.482 1.109
132.571 1.089
133.626 1.055
134.571 0.945
135.476 0.905
136.353 0.877
137.288 0.935
138.442 1.154
139.516 1.074
140.454 0.938
141.04 0.586
141.327 0.287
142.266 0.939
142.823 0.557
143.201 0.378
144.077 0.876
144.911 0.834
145.738 0.827
146.664 0.926
147.631 0.967
148.5 0.869
149.485 0.985
150.673 1.188
151.868 1.195
152.898 1.03
153.911 1.013
155.026 1.115
156.136 1.11
157.195 1.059
158.236 1.041
159.339 1.103
160.461 1.122
161.573 1.112
162.662 1.089
163.67 1.008
164.671 1.001
165.712 1.041
166.776 1.064
167.884 1.108
168.948 1.064
170.049 1.101
171.059 1.01
172.094 1.035
173.167 1.073
174.157 0.99
175.168 1.011
176.213 1.045
177.141 0.928
178.091 0.95
179.062 0.971
180.001 0.939
180.896 0.895
181.912 1.016
183.116 1.204
184.269 1.153
185.286 1.017
186.369 1.083
187.519 1.15
188.605 1.086
189.703 1.098
190.837 1.134
192.011 1.174
193.123 1.112
194.297 1.174
195.541 1.244
196.697 1.156
197.699 1.002
198.838 1.139
200.024 1.186
201.037 1.013
202.144 1.107
203.269 1.125
204.398 1.129
205.454 1.056
206.475 1.021
207.408 0.933
208.327 0.919
209.593 1.266
210.72 1.127
211.809 1.089
213.038 1.229
214.243 1.205
215.285 1.042
216.499 1.214
217.706 1.207
218.718 1.012
219.805 1.087
220.995 1.19
222.06 1.065
223.084 1.024
224.2 1.116
225.255 1.055
226.255 1.0
227.315 1.06
228.413 1.098
229.404 0.991
230.512 1.108
231.619 1.107
232.667 1.048
233.784 1.117
234.963 1.179
236.084 1.121
237.184 1.1
238.186 1.002
239.192 1.006
240.223 1.031
241.21 0.987
242.226 1.016
243.17 0.944
244.119 0.949
245.243 1.124
246.271 1.028
247.256 0.985
248.326 1.07
249.388 1.062
250.24 0.852
250.517 0.277
250.843 0.326
251.146 0.303
252.255 1.109
253.182 0.927
254.197 1.015
255.32 1.123
256.443 1.123
257.569 1.126
258.709 1.14
259.875 1.166
261.005 1.13
262.124 1.119
263.097 0.973
264.336 1.239
265.673 1.337
266.928 1.255
268.156 1.228
269.334 1.178
270.433 1.099
271.63 1.197
272.812 1.182
274.041 1.229
275.224 1.183
276.388 1.164
277.706 1.318
278.906 1.2
280.075 1.169
281.353 1.278
282.501 1.148
283.599 1.098
284.897 1.298
286.068 1.171
287.158 1.09
288.204 1.046
289.172 0.968
290.232 1.06
291.463 1.231
292.622 1.159
293.69 1.068
294.639 0.949
295.535 0.896
296.507 0.972
297.549 1.042
298.475 0.926
299.452 0.977
300.531 1.079
301.587 1.056
302.527 0.94
303.621 1.094
304.757 1.136
305.771 1.014
306.796 1.025
307.918 1.122
308.9 0.982
310.001 1.101
311.223 1.222
312.335 1.112
313.466 1.131
314.63 1.164
315.832 1.202
317.045 1.213
318.09 1.045
319.161 1.071
320.473 1.312
321.705 1.232
322.758 1.053
323.908 1.15
325.12 1.212
326.29 1.17
327.318 1.028
328.412 1.094
329.586 1.174
330.704 1.118
331.722 1.018
332.843 1.121
334.046 1.203
335.207 1.161
336.214 1.007
337.177 0.963
338.204 1.027
339.267 1.063
340.322 1.055
341.353 1.031
342.273 0.92
343.147 0.874
344.21 1.063
345.256 1.046
346.187 0.931
347.169 0.982
348.269 1.1
349.406 1.137
350.539 1.133
351.53 0.991
352.6 1.07
353.783 1.183
354.829 1.046
355.953 1.124
357.135 1.182
358.282 1.147
359.36 1.078
360.489 1.129
361.68 1.191
362.741 1.061
363.737 0.996
364.894 1.157
366.126 1.232
367.169 1.043
368.328 1.159
369.524 1.196
370.564 1.04
371.798 1.234
373.034 1.236
374.094 1.06
375.285 1.191
376.508 1.223
377.656 1.148
378.654 0.998
379.829 1.175
380.964 1.135
381.962 0.998
382.986 1.024
384.163 1.177
385.158 0.995
386.201 1.043
387.367 1.166
388.558 1.191
389.683 1.125
390.779 1.096
391.977 1.198
393.136 1.159
394.136 1.0
395.179 1.043
396.381 1.202
397.646 1.265
398.727 1.081
399.867 1.14
401.12 1.253
402.288 1.168
403.267 0.979
404.363 1.096
405.623 1.26
406.705 1.082
407.76 1.055
409.001 1.241
410.143 1.142
411.226 1.083
412.427 1.201
413.646 1.219
414.689 1.043
415.841 1.152
417.05 1.209
418.106 1.056
419.214 1.108
420.377 1.163
421.46 1.083
422.539 1.079
423.744 1.205
424.932 1.188
426.037 1.105
427.03 0.993
428.052 1.022
429.122 1.07
430.272 1.15
431.31 1.038
432.385 1.075
433.543 1.158
434.661 1.118
435.772 1.111
436.834 1.062
437.835 1.001
438.912 1.077
439.951 1.039
441.04 1.089
442.234 1.194
443.375 1.141
444.398 1.023
445.571 1.173
446.691 1.12
447.75 1.059
448.951 1.201
450.085 1.134
451.146 1.061
452.329 1.183
453.475 1.146
454.497 1.022
455.677 1.18
456.842 1.165
457.904 1.062
459.098 1.194
460.286 1.188
461.351 1.065
462.548 1.197
463.667 1.119
464.791 1.124
465.996 1.205
467.126 1.13
468.156 1.03
469.345 1.189
470.544 1.199
471.579 1.035
472.726 1.147
473.868 1.142
474.864 0.996
475.955 1.091
477.145 1.19
478.284 1.139
479.402 1.118
480.635 1.233
481.867 1.232
482.934 1.067
484.048 1.114
485.231 1.183
486.348 1.117
487.473 1.125
488.529 1.056
489.669 1.14
490.901 1.232
491.985 1.084
493.106 1.121
494.373 1.267
495.484 1.111
496.698 1.214
497.745 1.047
498.766 1.021
499.781 1.015
500.909 1.128
502.038 1.129
502.598 0.56
503.151 0.553
504.154 1.003
505.149 0.995
506.297 1.148
507.379 1.082
508.435 1.056
509.497 1.062
510.555 1.058
511.693 1.138
512.675 0.982
513.598 0.923
514.927 1.329
515.982 1.055
517.006 1.024
518.2 1.194
519.526 1.326
520.598 1.072
521.894 1.296
523.239 1.345
524.374 1.135
525.599 1.225
527.001 1.402
528.103 1.102
529.363 1.26
530.69 1.327
531.865 1.175
533.05 1.185
534.325 1.275
535.574 1.249
536.639 1.065
537.741 1.102
538.913 1.172
539.6 0.687
540.133 0.533
541.187 1.054
542.406 1.219
543.606 1.2
544.687 1.081
545.891 1.204
547.078 1.187
548.193 1.115
549.273 1.08
549.602 0.329
550.244 0.642
551.312 1.068
552.47 1.158
553.65 1.18
554.743 1.093
555.901 1.158
557.064 1.163
558.195 1.131
559.254 1.059
560.275 1.021
560.603 0.328
561.453 0.85
562.613 1.16
563.632 1.019
564.771 1.139
565.965 1.194
567.024 1.059
568.195 1.171
569.378 1.183
570.479 1.101
571.466 0.987
572.574 1.108
573.635 1.061
574.599 0.964
575.705 1.106
576.604 0.899
577.903 1.299
579.057 1.154
580.137 1.08
581.215 1.078
582.264 1.049
583.209 0.945
584.157 0.948
585.22 1.063
586.268 1.048
587.278 1.01
587.605 0.327
588.371 0.766
589.42 1.049
590.437 1.017
591.522 1.085
592.499 0.977
593.41 0.911
594.407 0.997
595.505 1.098
596.517 1.012
597.471 0.954
598.559 1.088
599.674 1.115
600.745 1.071
601.804 1.059
602.745 0.941
603.849 1.104