0.000 1.211
1.211 1.211
2.455 1.244
3.698 1.243
4.82 1.122
5.95 1.13
7.142 1.192
8.314 1.172
9.463 1.149
10.536 1.073
11.497 0.961
12.62 1.123
13.817 1.197
14.95 1.133
16.021 1.071
17.05 1.029
17.994 0.944
19.09 1.096
20.28 1.19
21.441 1.161
22.493 1.052
23.328 0.835
24.093 0.765
25.415 1.322
26.696 1.281
27.698 1.002
28.93 1.232
30.212 1.282
31.471 1.259
32.607 1.136
33.829 1.222
35.089 1.26
36.391 1.302
37.689 1.298
38.888 1.199
40.127 1.239
41.447 1.32
42.789 1.342
44.011 1.222
45.341 1.33
46.65 1.309
47.946 1.296
49.259 1.313
50.561 1.302
51.952 1.391
53.181 1.229
54.552 1.371
55.79 1.238
57.155 1.365
58.471 1.316
59.749 1.278
61.044 1.295
62.246 1.202
63.369 1.123
64.636 1.267
65.931 1.295
67.155 1.224
68.212 1.057
69.408 1.196
70.729 1.321
72.034 1.305
73.3 1.266
74.436 1.136
75.68 1.244
76.975 1.295
78.252 1.277
79.416 1.164
80.458 1.042
81.772 1.314
83.182 1.41
84.45 1.268
85.593 1.143
86.781 1.188
88.047 1.266
89.37 1.323
90.525 1.155
91.654 1.129
92.847 1.193
93.803 0.956
95.13 1.327
96.417 1.287
97.641 1.224
98.845 1.204
99.876 1.031
100.95 1.074
102.29 1.34
103.573 1.283
104.57 0.997
105.413 0.843
106.507 1.094
107.844 1.337
109.137 1.293
110.415 1.278
111.527 1.112
112.773 1.246
114.093 1.32
115.2 1.107
116.452 1.252
117.751 1.299
118.865 1.114
120.081 1.216
121.372 1.291
122.69 1.318
123.96 1.27
125.196 1.236
126.412 1.216
127.61 1.198
128.797 1.187
129.95 1.153
130.949 0.999
131.999 1.05
133.008 1.009
134.101 1.093
135.349 1.248
136.522 1.173
137.602 1.08
138.502 0.9
139.324 0.822
140.154 0.83
141.383 1.229
142.665 1.282
143.652 0.987
144.849 1.197
146.112 1.263
147.341 1.229
148.566 1.225
149.641 1.075
150.854 1.213
152.137 1.283
153.391 1.254
154.566 1.175
155.649 1.083
156.9 1.251
158.207 1.307
159.439 1.232
160.527 1.088
161.876 1.349
163.203 1.327
164.479 1.276
165.662 1.183
166.78 1.118
168.068 1.288
169.304 1.236
170.468 1.164
171.562 1.094
172.823 1.261
173.925 1.102
175.023 1.098
176.244 1.221
177.348 1.104
178.48 1.132
179.69 1.21
180.918 1.228
181.935 1.017
183.048 1.113
184.364 1.316
185.597 1.233
186.754 1.157
188.034 1.28
189.344 1.31
190.631 1.287
191.895 1.264
193.057 1.162
194.075 1.018
195.27 1.195
196.64 1.37
197.943 1.303
199.215 1.272
200.426 1.211
201.537 1.111
202.798 1.261
204.033 1.235
205.162 1.129
206.278 1.116
207.394 1.116
208.448 1.054
209.786 1.338
211.128 1.342
212.428 1.3
213.607 1.179
214.753 1.146
216.133 1.38
217.461 1.328
218.673 1.212
219.787 1.114
221.196 1.409
222.572 1.376
223.736 1.164
225.05 1.314
226.175 1.125
227.213 1.038
228.511 1.298
229.63 1.119
230.804 1.174
232.114 1.31
233.281 1.167
234.543 1.262
235.729 1.186
236.942 1.213
238.271 1.329
239.54 1.269
240.77 1.23
241.932 1.162
243.19 1.258
244.405 1.215
245.574 1.169
246.813 1.239
247.904 1.091
248.995 1.091
250.249 1.254
251.473 1.224
252.658 1.185
253.705 1.047
254.863 1.158
256.104 1.241
257.294 1.19
258.451 1.157
259.545 1.094
260.502 0.957
261.662 1.16
262.929 1.267
264.105 1.176
265.157 1.052
266.358 1.201
267.598 1.24
268.81 1.212
269.965 1.155
271.089 1.124
272.114 1.025
273.116 1.002
274.378 1.262
275.623 1.245
276.794 1.171
277.907 1.113
278.851 0.944
280.004 1.153
281.253 1.249
282.425 1.172
283.319 0.894
284.131 0.812
285.453 1.322
286.762 1.309
287.962 1.2
288.936 0.974
290.124 1.188
291.34 1.216
292.557 1.217
293.627 1.07
294.809 1.182
296.046 1.237
297.243 1.197
298.448 1.205
299.616 1.168
300.664 1.048
301.916 1.252
303.182 1.266
304.478 1.296
305.688 1.21
306.748 1.06
307.971 1.223
309.289 1.318
310.453 1.164
311.687 1.234
313.031 1.344
314.319 1.288
315.509 1.19
316.689 1.18
318.038 1.349
319.348 1.31
320.544 1.196
321.884 1.34
323.235 1.351
324.433 1.198
325.732 1.299
327.052 1.32
328.331 1.279
329.561 1.23
330.718 1.157
332.042 1.324
333.289 1.247
334.489 1.2
335.655 1.166
336.732 1.077
337.937 1.205
339.059 1.122
340.059 1.0
341.226 1.167
342.432 1.206
343.626 1.194
344.757 1.131
345.773 1.016
346.947 1.174
348.212 1.265
349.397 1.185
350.438 1.041
351.531 1.093
352.842 1.311
354.146 1.304
355.313 1.167
356.4 1.087
357.689 1.289
359.028 1.339
360.289 1.261
361.425 1.136
362.551 1.126
363.906 1.355
365.232 1.326
366.492 1.26
367.699 1.207
368.773 1.074
369.94 1.167
371.127 1.187
372.301 1.174
373.397 1.096
374.332 0.935
375.35 1.018
376.581 1.231
377.735 1.154
378.837 1.102
379.814 0.977
380.736 0.922
381.963 1.227
383.192 1.229
384.345 1.153
385.342 0.997
386.318 0.976
387.509 1.191
388.708 1.199
389.838 1.13
390.881 1.043
391.764 0.883
392.573 0.809
393.486 0.913
394.758 1.272
395.719 0.961
396.839 1.12
397.881 1.042
398.798 0.917
399.886 1.088
401.013 1.127
402.118 1.105
403.188 1.07
404.297 1.109
405.329 1.032
406.34 1.011
407.442 1.102
408.62 1.178
409.771 1.151
410.906 1.135
411.928 1.022
412.964 1.036
414.161 1.197
415.449 1.288
416.66 1.211
417.784 1.124
418.789 1.005
419.968 1.179
421.243 1.275
422.511 1.268
423.706 1.195
424.76 1.054
425.956 1.196
427.235 1.279
428.487 1.252
429.636 1.149
430.749 1.113
432.037 1.288
433.277 1.24
434.361 1.084
435.475 1.114
436.752 1.277
438.019 1.267
439.285 1.266
440.447 1.162
441.55 1.103
442.82 1.27
444.046 1.226
445.152 1.106
446.166 1.014
447.395 1.229
448.692 1.297
449.896 1.204
450.929 1.033
452.045 1.116
453.333 1.288
454.541 1.208
455.583 1.042
456.61 1.027
457.844 1.234
459.105 1.261
460.294 1.189
461.405 1.111
462.37 0.965
463.631 1.261
464.883 1.252
465.999 1.116
467.163 1.164
468.424 1.261
469.664 1.24
470.866 1.202
472.029 1.163
473.057 1.028
474.294 1.237
475.649 1.355
476.884 1.235
478.051 1.167
479.06 1.009
480.231 1.171
481.556 1.325
482.793 1.237
483.818 1.025
484.952 1.134
486.163 1.211
487.167 1.004
488.108 0.941
489.187 1.079
490.185 0.998
491.419 1.234
492.647 1.228
493.696 1.049
494.841 1.145
496.004 1.163
497.143 1.139
498.206 1.063
499.104 0.898
500.188 1.084
501.447 1.259
502.63 1.183
503.736 1.106
504.801 1.065
505.851 1.05
506.928 1.077
508.029 1.101
509.143 1.114
510.115 0.972
511.247 1.132
512.445 1.198
513.58 1.135
514.615 1.035
515.466 0.851
516.278 0.812
517.397 1.119
518.681 1.284
519.951 1.27
521.193 1.242
522.423 1.23
523.529 1.106
524.593 1.064
525.864 1.271
527.186 1.322
528.439 1.253
529.679 1.24
530.913 1.234
532.021 1.108
533.189 1.168
534.532 1.343
535.889 1.357
537.17 1.281
538.41 1.24
539.562 1.152
540.654 1.092
541.956 1.302
543.281 1.325
544.518 1.237
545.684 1.166
546.774 1.09
547.702 0.928
548.575 0.873
549.627 1.052
550.922 1.295
551.936 1.014
553.034 1.098
554.287 1.253
555.504 1.217
556.659 1.155
557.75 1.091
558.668 0.918
559.731 1.063
560.925 1.194
562.135 1.21
563.321 1.186
564.418 1.097
565.354 0.936
566.474 1.12
567.729 1.255
568.96 1.231
570.111 1.151
571.198 1.087
572.073 0.875
572.947 0.874
574.174 1.227
575.496 1.322
576.736 1.24
577.904 1.168
579.041 1.137
580.176 1.135
581.161 0.985
582.162 1.001
583.383 1.221
584.568 1.185
585.715 1.147
586.787 1.072
587.708 0.921
588.758 1.05
589.913 1.155
591.079 1.166
592.156 1.077
593.221 1.065
594.147 0.926
595.089 0.942
596.196 1.107
597.311 1.115
598.381 1.07
599.409 1.028
600.403 0.994
601.298 0.895
602.213 0.915
603.309 1.096
604.474 1.165
605.523 1.049
606.415 0.892
607.447 1.032
608.583 1.136
609.671 1.088
610.746 1.075
611.797 1.051
612.707 0.91
613.773 1.066
615.011 1.238
616.091 1.08
617.06 0.969
618.244 1.184
619.486 1.242
620.572 1.086
621.502 0.93
622.63 1.128
623.743 1.113
624.812 1.069
626.036 1.224
627.242 1.206
628.397 1.155
629.533 1.136
630.665 1.132
631.835 1.17
632.993 1.158
634.094 1.101
635.214 1.12
636.359 1.145
637.453 1.094
638.384 0.931
639.499 1.115
640.749 1.25
641.898 1.149
643.041 1.143
644.034 0.993
645.055 1.021
646.22 1.165
647.361 1.141
648.498 1.137
649.463 0.965
650.307 0.844
651.333 1.026
652.465 1.132
653.48 1.015
654.723 1.243
655.993 1.27
657.257 1.264
658.468 1.211
659.65 1.182
660.801 1.151
661.962 1.161
663.096 1.134
664.195 1.099
665.164 0.969
666.232 1.068
667.553 1.321
668.887 1.334
670.089 1.202
671.262 1.173
672.436 1.174
673.647 1.211
674.842 1.195
675.907 1.065
677.157 1.25
678.419 1.262
679.654 1.235
680.729 1.075
681.903 1.174
683.229 1.326
684.502 1.273
685.733 1.231
686.895 1.162
687.969 1.074
689.216 1.247
690.475 1.259
691.521 1.046
692.389 0.868
693.29 0.901
694.402 1.112
695.355 0.953
696.577 1.222
697.887 1.31
699.201 1.314
700.516 1.315
701.754 1.238
702.997 1.243
704.187 1.19
705.36 1.173
706.515 1.155
707.662 1.147
708.827 1.165
710.006 1.179
711.174 1.168
712.331 1.157
713.506 1.175
714.637 1.131
715.746 1.109
716.859 1.113
717.761 0.902
718.595 0.834
719.534 0.939
720.714 1.18
721.607 0.893
722.394 0.787
723.24 0.846
724.202 0.962
725.339 1.137
726.484 1.145
727.434 0.95
728.52 1.086
729.72 1.2
730.956 1.236
732.16 1.204
733.343 1.183
734.489 1.146
735.595 1.106
736.666 1.071
737.729 1.063
738.754 1.025
739.648 0.894
740.732 1.084
741.929 1.197
743.009 1.08
743.998 0.989
745.188 1.19
746.421 1.233
747.49 1.069
748.493 1.003
749.668 1.175
750.882 1.214
751.968 1.086
752.989 1.021
754.215 1.226
755.431 1.216
756.535 1.104
757.504 0.969
758.739 1.235
760.021 1.282
761.274 1.253
762.507 1.233
763.695 1.188
764.668 0.973
765.808 1.14
766.911 1.103
768.088 1.177
769.064 0.976
770.176 1.112
771.35 1.174
772.529 1.179
773.555 1.026
774.608 1.053
775.769 1.161
776.768 0.999
777.842 1.074
779.032 1.19
780.085 1.053
781.153 1.068