0.000 0.294
0.294 0.294
0.788 0.494
1.249 0.461
1.543 0.294
2.151 0.608
3.078 0.927
3.871 0.793
4.682 0.811
5.48 0.798
6.235 0.755
6.978 0.743
7.722 0.744
8.486 0.764
9.262 0.776
10.023 0.761
10.78 0.757
11.581 0.801
12.407 0.826
13.155 0.748
13.839 0.684
14.492 0.653
15.162 0.67
15.878 0.716
16.576 0.698
17.282 0.706
17.997 0.715
18.716 0.719
19.441 0.725
20.168 0.727
20.911 0.743
21.656 0.745
22.405 0.749
23.19 0.785
24.016 0.826
24.864 0.848
25.679 0.815
26.445 0.766
27.178 0.733
27.895 0.717
28.593 0.698
29.297 0.704
30.015 0.718
30.739 0.724
31.477 0.738
32.319 0.842
33.18 0.861
33.965 0.785
34.709 0.744
35.457 0.748
36.221 0.764
36.993 0.772
37.766 0.773
38.503 0.737
39.206 0.703
39.88 0.674
40.566 0.686
41.211 0.645
41.887 0.676
42.585 0.698
43.297 0.712
44.005 0.708
44.711 0.706
45.441 0.73
46.202 0.761
46.972 0.77
47.76 0.788
48.517 0.757
49.27 0.753
50.028 0.758
50.773 0.745
51.498 0.725
52.209 0.711
52.955 0.746
53.717 0.762
54.482 0.765
55.247 0.765
56.002 0.755
56.76 0.758
57.517 0.757
58.253 0.736
58.995 0.742
59.768 0.773
60.589 0.821
61.416 0.827
62.223 0.807
62.999 0.776
63.733 0.734
64.459 0.726
65.21 0.751
66.048 0.838
66.92 0.872
67.737 0.817
68.546 0.809
69.374 0.828
70.197 0.823
71.007 0.81
71.793 0.786
72.561 0.768
73.349 0.788
74.17 0.821
75.0 0.83
75.807 0.807
76.585 0.778
77.376 0.791
78.176 0.8
78.955 0.779
79.713 0.758
80.469 0.756
81.235 0.766
81.998 0.763
82.759 0.761
83.531 0.772
84.302 0.771
85.059 0.757
85.368 0.309
85.623 0.255
85.935 0.312
86.202 0.267
86.474 0.272
86.745 0.271
87.022 0.277
87.272 0.25
98.998 11.726
101.297 2.299
102.063 0.766
102.396 0.333
102.735 0.339
103.814 1.079
104.125 0.311
104.924 0.799
105.791 0.867
106.497 0.706
107.063 0.566
107.318 0.255
107.671 0.353
108.031 0.36
108.314 0.283
108.656 0.342
109.187 0.531
109.548 0.361
109.838 0.29
111.835 1.997
112.272 0.437
112.53 0.258
112.909 0.379
113.22 0.311
113.503 0.283
113.806 0.303
114.071 0.265
114.323 0.252
114.606 0.283
115.118 0.512
116.309 1.191
116.651 0.342
118.693 2.042
119.203 0.51
119.5 0.297
119.812 0.312
120.076 0.264
120.441 0.365
120.732 0.291
121.019 0.287
121.314 0.295
121.648 0.334
122.0 0.352
123.177 1.177
124.776 1.599
125.251 0.475
139.455 14.204
139.744 0.289
139.997 0.253
143.148 3.151
145.224 2.076
155.997 10.773
156.782 0.785
157.217 0.435
157.499 0.282
158.204 0.705
158.931 0.727
159.692 0.761
160.452 0.76
161.186 0.734
161.898 0.712
162.157 0.259
162.584 0.427
163.27 0.686
163.955 0.685
164.642 0.687
165.337 0.695
166.031 0.694
166.701 0.67
167.363 0.662
168.026 0.663
168.722 0.696
169.418 0.696
170.117 0.699
170.88 0.763
171.702 0.822
172.538 0.836
173.353 0.815
174.099 0.746
174.802 0.703
175.519 0.717
176.263 0.744
177.038 0.775
177.833 0.795
178.596 0.763
179.341 0.745
180.044 0.703
180.71 0.666
181.418 0.708
182.155 0.737
182.869 0.714
183.551 0.682
184.216 0.665
184.904 0.688
185.617 0.713
186.309 0.692
187.015 0.706
187.739 0.724
188.467 0.728
189.194 0.727
189.977 0.783
190.815 0.838
191.648 0.833
192.462 0.814
193.217 0.755
193.956 0.739
194.663 0.707
195.382 0.719
196.199 0.817
197.043 0.844
197.832 0.789
198.592 0.76
199.33 0.738
200.093 0.763
200.892 0.799
201.682 0.79
202.457 0.775
203.238 0.781
204.013 0.775
204.761 0.748
205.507 0.746
206.29 0.783
207.079 0.789
207.837 0.758
208.601 0.764
209.363 0.762
210.138 0.775
210.913 0.775
211.686 0.773
212.438 0.752
213.168 0.73
213.926 0.758
214.69 0.764
215.454 0.764
216.177 0.723
216.864 0.687
217.529 0.665
218.183 0.654
218.824 0.641
219.465 0.641
220.117 0.652
220.787 0.67
221.469 0.682
222.179 0.71
222.9 0.721
223.628 0.728
224.355 0.727
225.073 0.718
225.793 0.72
226.5 0.707
227.196 0.696
227.908 0.712
228.678 0.77
229.508 0.83
230.325 0.817
231.102 0.777
231.833 0.731
232.558 0.725
233.343 0.785
234.21 0.867
235.023 0.813
235.823 0.8
236.601 0.778
237.368 0.767
238.108 0.74
238.869 0.761
239.704 0.835
240.519 0.815
241.329 0.81
242.169 0.84
243.0 0.831
243.831 0.831
244.649 0.818
245.44 0.791
246.207 0.767
246.957 0.75
247.753 0.796
248.557 0.804
249.34 0.783
250.098 0.758
250.845 0.747
251.583 0.738
252.313 0.73
253.039 0.726
253.8 0.761
254.612 0.812
255.402 0.79
256.173 0.771
256.915 0.742
257.619 0.704
258.307 0.688
258.978 0.671
259.677 0.699
260.459 0.782
261.235 0.776
261.974 0.739
262.69 0.716
263.383 0.693
264.093 0.71
264.829 0.736
265.568 0.739
266.316 0.748
267.093 0.777
267.911 0.818
268.727 0.816
269.533 0.806
270.299 0.766
271.041 0.742
271.774 0.733
272.512 0.738
273.251 0.739
273.984 0.733
274.718 0.734
275.445 0.727
276.198 0.753
276.989 0.791
277.791 0.802
278.547 0.756
279.267 0.72
279.966 0.699
280.675 0.709
281.409 0.734
282.164 0.755
282.906 0.742
283.63 0.724
284.355 0.725
285.072 0.717
285.773 0.701
286.476 0.703
287.259 0.783
288.09 0.831
288.889 0.799
289.629 0.74
290.317 0.688
290.975 0.658
291.632 0.657
292.305 0.673
292.985 0.68
293.706 0.721
294.481 0.775
295.263 0.782
296.044 0.781
296.806 0.762
297.542 0.736
298.264 0.722
298.979 0.715
299.706 0.727
300.463 0.757
301.212 0.749
301.963 0.751
302.701 0.738
303.411 0.71
304.105 0.694
304.821 0.716
305.59 0.769
306.362 0.772
307.115 0.753
307.857 0.742
308.603 0.746
309.369 0.766
310.142 0.773
310.908 0.766
311.657 0.749
312.4 0.743
313.116 0.716
313.816 0.7
314.53 0.714
315.262 0.732
315.995 0.733
316.733 0.738
317.454 0.721
318.147 0.693
318.855 0.708
319.585 0.73
320.324 0.739
321.075 0.751
321.84 0.765
322.594 0.754
323.325 0.731
324.051 0.726
324.808 0.757
325.598 0.79
326.382 0.784
327.144 0.762
327.864 0.72
328.558 0.694
329.242 0.684
329.971 0.729
330.754 0.783
331.54 0.786
332.294 0.754
333.042 0.748
333.802 0.76
334.566 0.764
335.327 0.761
336.081 0.754
336.817 0.736
337.548 0.731
338.277 0.729
338.989 0.712
339.688 0.699
340.371 0.683
341.068 0.697
341.802 0.734
342.537 0.735
343.247 0.71
343.944 0.697
344.621 0.677
345.283 0.662
345.972 0.689
346.684 0.712
347.404 0.72
348.116 0.712
348.803 0.687
349.507 0.704
350.219 0.712
350.928 0.709
351.614 0.686
352.284 0.67
352.946 0.662
353.643 0.697
354.381 0.738
355.118 0.737
355.849 0.731
356.583 0.734
357.308 0.725
358.038 0.73
358.781 0.743
359.547 0.766
360.338 0.791
361.094 0.756
361.829 0.735
362.547 0.718
363.282 0.735
364.021 0.739
364.77 0.749
365.529 0.759
366.276 0.747
367.0 0.724
367.714 0.714
368.423 0.709
369.119 0.696
369.823 0.704
370.539 0.716
371.245 0.706
371.916 0.671
372.563 0.647
373.212 0.649
373.864 0.652
374.516 0.652
375.166 0.65
375.822 0.656
376.496 0.674
377.179 0.683
377.865 0.686
378.588 0.723
379.411 0.823
380.275 0.864
381.098 0.823
381.862 0.764
382.573 0.711
383.247 0.674
383.995 0.748
384.772 0.777
385.577 0.805
386.404 0.827
387.249 0.845
388.1 0.851
388.968 0.868
389.841 0.873
390.697 0.856
391.537 0.84
392.331 0.794
393.129 0.798
393.934 0.805
394.722 0.788
395.508 0.786
396.282 0.774
397.038 0.756
397.774 0.736
398.506 0.732
399.271 0.765
400.108 0.837
400.937 0.829
401.751 0.814
402.54 0.789
403.313 0.773
404.092 0.779
404.865 0.773
405.62 0.755
406.356 0.736
407.056 0.7
407.762 0.706
408.509 0.747
409.281 0.772
410.056 0.775
410.808 0.752
411.543 0.735
412.253 0.71
412.953 0.7
413.668 0.715
414.405 0.737
415.174 0.769
415.944 0.77
416.687 0.743
417.398 0.711
418.097 0.699
418.804 0.707
419.524 0.72
420.249 0.725
420.979 0.73
421.697 0.718
422.406 0.709
423.107 0.701
423.807 0.7
424.501 0.694
425.214 0.713
425.786 0.572
426.452 0.666
426.941 0.489
427.206 0.265
427.479 0.273
440.993 13.514
441.712 0.719
442.423 0.711
443.126 0.703
443.837 0.711
444.554 0.717
445.26 0.706
445.953 0.693
446.633 0.68
447.332 0.699
448.061 0.729
448.812 0.751
449.551 0.739
450.309 0.758
451.112 0.803
451.913 0.801
452.681 0.768
453.412 0.731
454.122 0.71
454.847 0.725
455.634 0.787
456.461 0.827
457.312 0.851
458.137 0.825
458.933 0.796
459.712 0.779
460.46 0.748
461.203 0.743
461.792 0.589
462.57 0.778
463.028 0.458
463.542 0.514
463.964 0.422
464.292 0.328
464.8 0.508
465.232 0.432
465.488 0.256
465.771 0.283
466.161 0.39
466.529 0.368
466.809 0.28
467.31 0.501
468.003 0.693
468.729 0.726
469.445 0.716
470.185 0.74
470.993 0.808
471.807 0.814
472.612 0.805
473.36 0.748
474.096 0.736
474.644 0.548
475.359 0.715
476.131 0.772
476.662 0.531
477.039 0.377
477.363 0.324
477.788 0.425
478.501 0.713
479.214 0.713
479.5 0.286
479.92 0.42
480.634 0.714
481.355 0.721
482.059 0.704
482.742 0.683
483.445 0.703
484.158 0.713
484.877 0.719
485.62 0.743
486.374 0.754
486.933 0.559
487.872 0.939
488.645 0.773
489.434 0.789
490.261 0.827
491.098 0.837
491.895 0.797
492.685 0.79
493.467 0.782
494.24 0.773
495.036 0.796
495.803 0.767
496.572 0.769
497.383 0.811
498.206 0.823
499.026 0.82
499.812 0.786
500.561 0.749
501.317 0.756
502.098 0.781
502.887 0.789
503.7 0.813
504.462 0.762
505.193 0.731
505.91 0.717
506.661 0.751
507.47 0.809
508.302 0.832
509.106 0.804
509.885 0.779
510.667 0.782
511.462 0.795
512.263 0.801
513.047 0.784
513.813 0.766
514.543 0.73
515.254 0.711
515.949 0.695
516.657 0.708
517.389 0.732
518.141 0.752
518.892 0.751
519.635 0.743
520.387 0.752
521.12 0.733
521.555 0.435
521.84 0.285
528.758 0.766
529.54 0.782
530.299 0.759
531.052 0.753
531.85 0.798
532.673 0.823
533.524 0.851
534.364 0.84
535.184 0.82
535.994 0.81
536.788 0.794
537.573 0.785
538.341 0.768
539.106 0.765
539.89 0.784
540.704 0.814
541.518 0.814
542.305 0.787
543.077 0.772
543.863 0.786
544.64 0.777
545.409 0.769
546.185 0.776
546.938 0.753
547.679 0.741
548.445 0.766
549.253 0.808
550.074 0.821
550.848 0.774
551.621 0.773
552.411 0.79
553.219 0.808
553.993 0.774
554.752 0.759
555.55 0.798
556.379 0.829
557.212 0.833
558.048 0.836
558.864 0.816
559.652 0.788
560.433 0.781
561.196 0.763
561.97 0.774
562.745 0.775
563.54 0.795
564.366 0.826
565.185 0.819
565.995 0.81
566.775 0.78
567.525 0.75
568.28 0.755
569.064 0.784
569.883 0.819
570.689 0.806
571.499 0.81
572.293 0.794
573.072 0.779
573.827 0.755
574.596 0.769
575.383 0.787
576.18 0.797
576.95 0.77
577.727 0.777
578.48 0.753
579.222 0.742
579.937 0.715
580.199 0.262
580.612 0.413
581.277 0.665
581.925 0.648
582.588 0.663
583.948 1.36
584.628 0.68
585.328 0.7
586.05 0.722
586.799 0.749
587.58 0.781
588.403 0.823
589.281 0.878
590.16 0.879
590.991 0.831
591.841 0.85
592.697 0.856
593.55 0.853
594.383 0.833
595.165 0.782
595.93 0.765
596.699 0.769
597.481 0.782
598.282 0.801
599.078 0.796
599.835 0.757
600.579 0.744
601.332 0.753
602.075 0.743