0.000 0.812
0.812 0.812
1.619 0.807
2.399 0.78
3.189 0.79
3.969 0.78
4.759 0.79
5.564 0.805
6.401 0.837
7.225 0.824
8.046 0.821
8.86 0.814
9.678 0.818
10.475 0.797
11.284 0.809
12.098 0.814
12.926 0.828
13.766 0.84
14.621 0.855
15.47 0.849
16.261 0.791
17.046 0.785
17.812 0.766
18.586 0.774
19.376 0.79
20.198 0.822
21.008 0.81
21.832 0.824
22.662 0.83
23.499 0.837
24.356 0.857
25.211 0.855
26.062 0.851
26.847 0.785
27.637 0.79
28.406 0.769
29.17 0.764
29.933 0.763
30.684 0.751
31.423 0.739
32.167 0.744
32.898 0.731
33.643 0.745
34.4 0.757
35.198 0.798
36.008 0.81
36.811 0.803
37.639 0.828
38.473 0.834
39.317 0.844
40.143 0.826
40.933 0.79
41.707 0.774
42.46 0.753
43.206 0.746
43.951 0.745
44.732 0.781
45.557 0.825
46.419 0.862
47.274 0.855
48.137 0.863
48.963 0.826
49.794 0.831
50.609 0.815
51.424 0.815
52.261 0.837
53.118 0.857
53.96 0.842
54.798 0.838
55.644 0.846
56.49 0.846
57.322 0.832
58.132 0.81
58.946 0.814
59.78 0.834
60.644 0.864
61.515 0.871
62.392 0.877
63.217 0.825
64.015 0.798
64.797 0.782
65.592 0.795
66.406 0.814
67.209 0.803
68.037 0.828
68.88 0.843
69.718 0.838
70.571 0.853
71.398 0.827
72.234 0.836
73.073 0.839
73.884 0.811
74.662 0.778
75.429 0.767
76.224 0.795
77.067 0.843
77.949 0.882
78.842 0.893
79.753 0.911
80.61 0.857
81.452 0.842
82.307 0.855
83.163 0.856
84.047 0.884
84.944 0.897
85.815 0.871
86.698 0.883
87.595 0.897
88.486 0.891
89.344 0.858
90.208 0.864
91.065 0.857
91.924 0.859
92.775 0.851
93.647 0.872
94.546 0.899
95.453 0.907
96.357 0.904
97.226 0.869
98.099 0.873
98.934 0.835
99.749 0.815
100.549 0.8
101.353 0.804
102.167 0.814
103.009 0.842
103.828 0.819
104.637 0.809
105.425 0.788
106.192 0.767
106.978 0.786
107.771 0.793
108.595 0.824
109.442 0.847
110.291 0.849
111.149 0.858
111.997 0.848
112.822 0.825
113.62 0.798
114.434 0.814
115.302 0.868
116.211 0.909
117.152 0.941
118.115 0.963
119.066 0.951
120.01 0.944
120.937 0.927
121.825 0.888
122.719 0.894
123.623 0.904
124.544 0.921
125.417 0.873
126.307 0.89
127.212 0.905
128.097 0.885
128.99 0.893
129.898 0.908
130.79 0.892
131.639 0.849
132.495 0.856
133.331 0.836
134.152 0.821
135.0 0.848
135.827 0.827
136.636 0.809
137.441 0.805
138.267 0.826
139.109 0.842
139.938 0.829
140.754 0.816
141.575 0.821
142.393 0.818
143.195 0.802
144.012 0.817
144.829 0.817
145.642 0.813
146.475 0.833
147.342 0.867
148.26 0.918
149.215 0.955
150.174 0.959
151.083 0.909
151.983 0.9
152.871 0.888
153.745 0.874
154.599 0.854
155.435 0.836
156.287 0.852
157.175 0.888
158.115 0.94
159.075 0.96
159.984 0.909
160.9 0.916
161.82 0.92
162.738 0.918
163.627 0.889
164.466 0.839
165.305 0.839
166.148 0.843
167.013 0.865
167.896 0.883
168.734 0.838
169.552 0.818
170.349 0.797
171.155 0.806
171.999 0.844
172.868 0.869
173.76 0.892
174.641 0.881
175.482 0.841
176.294 0.812
177.087 0.793
177.888 0.801
178.69 0.802
179.507 0.817
180.306 0.799
181.117 0.811
181.942 0.825
182.788 0.846
183.643 0.855
184.515 0.872
185.396 0.881
186.284 0.888
187.164 0.88
188.011 0.847
188.868 0.857
189.724 0.856
190.597 0.873
191.472 0.875
192.31 0.838
193.161 0.851
194.034 0.873
194.921 0.887
195.78 0.859
196.653 0.873
197.522 0.869
198.384 0.862
199.249 0.865
200.086 0.837
200.917 0.831
201.765 0.848
202.632 0.867
203.524 0.892
204.424 0.9
205.288 0.864
206.134 0.846
206.988 0.854
207.85 0.862
208.732 0.882
209.589 0.857
210.467 0.878
211.349 0.882
212.206 0.857
213.059 0.853
213.928 0.869
214.8 0.872
215.666 0.866
216.497 0.831
217.328 0.831
218.174 0.846
219.04 0.866
219.919 0.879
220.778 0.859
221.651 0.873
222.524 0.873
223.39 0.866
224.218 0.828
225.039 0.821
225.868 0.829
226.688 0.82
227.482 0.794
228.277 0.795
229.084 0.807
229.896 0.812
230.706 0.81
231.495 0.789
232.273 0.778
233.05 0.777
233.834 0.784
234.646 0.812
235.467 0.821
236.311 0.844
237.135 0.824
237.974 0.839
238.827 0.853
239.674 0.847
240.518 0.844
241.35 0.832
242.174 0.824
243.015 0.841
243.874 0.859
244.752 0.878
245.62 0.868
246.489 0.869
247.365 0.876
248.243 0.878
249.097 0.854
249.905 0.808
250.693 0.788
251.49 0.797
252.31 0.82
253.165 0.855
254.075 0.91
254.996 0.921
255.895 0.899
256.768 0.873
257.611 0.843
258.458 0.847
259.293 0.835
260.109 0.816
260.947 0.838
261.797 0.85
262.664 0.867
263.521 0.857
264.348 0.827
265.152 0.804
265.964 0.812
266.786 0.822
267.607 0.821
268.44 0.833
269.28 0.84
270.134 0.854
270.995 0.861
271.834 0.839
272.697 0.863
273.577 0.88
274.466 0.889
275.35 0.884
276.258 0.908
277.149 0.891
278.003 0.854
278.86 0.857
279.732 0.872
280.609 0.877
281.467 0.858
282.336 0.869
283.228 0.892
284.133 0.905
285.041 0.908
285.952 0.911
286.837 0.885
287.717 0.88
288.596 0.879
289.489 0.893
290.369 0.88
291.262 0.893
292.156 0.894
293.053 0.897
293.92 0.867
294.784 0.864
295.659 0.875
296.545 0.886
297.402 0.857
298.264 0.862
299.133 0.869
300.002 0.869
300.849 0.847
301.704 0.855
302.554 0.85
303.406 0.852
304.236 0.83
305.066 0.83
305.907 0.841
306.758 0.851
307.605 0.847
308.438 0.833
309.297 0.859
310.172 0.875
311.071 0.899
311.95 0.879
312.833 0.883
313.723 0.89
314.604 0.881
315.463 0.859
316.293 0.83
317.139 0.846
317.993 0.854
318.823 0.83
319.667 0.844
320.531 0.864
321.411 0.88
322.278 0.867
323.118 0.84
323.952 0.834
324.776 0.824
325.598 0.822
326.398 0.8
327.213 0.815
328.046 0.833
328.893 0.847
329.735 0.842
330.571 0.836
331.422 0.851
332.278 0.856
333.137 0.859
333.995 0.858
334.831 0.836
335.661 0.83
336.495 0.834
337.34 0.845
338.167 0.827
338.991 0.824
339.853 0.862
340.734 0.881
341.619 0.885
342.492 0.873
343.337 0.845
344.172 0.835
345.011 0.839
345.835 0.824
346.64 0.805
347.456 0.816
348.248 0.792
349.023 0.775
349.803 0.78
350.578 0.775
351.371 0.793
352.192 0.821
353.041 0.849
353.903 0.862
354.724 0.821
355.542 0.818
356.365 0.823
357.172 0.807
357.968 0.796
358.754 0.786
359.554 0.8
360.368 0.814
361.201 0.833
362.021 0.82
362.857 0.836
363.709 0.852
364.576 0.867
365.405 0.829
366.234 0.829
367.061 0.827
367.882 0.821
368.687 0.805
369.483 0.796
370.304 0.821
371.151 0.847
372.037 0.886
372.936 0.899
373.813 0.877
374.695 0.882
375.573 0.878
376.478 0.905
377.383 0.905
378.26 0.877
379.137 0.877
380.018 0.881
380.9 0.882
381.76 0.86
382.641 0.881
383.557 0.916
384.485 0.928
385.373 0.888
386.277 0.904
387.182 0.905
388.094 0.912
388.991 0.897
389.844 0.853
390.708 0.864
391.577 0.869
392.454 0.877
393.352 0.898
394.228 0.876
395.108 0.88
395.989 0.881
396.865 0.876
397.723 0.858
398.563 0.84
399.43 0.867
400.314 0.884
401.212 0.898
402.071 0.859
402.907 0.836
403.713 0.806
404.501 0.788
405.279 0.778
406.064 0.785
406.868 0.804
407.688 0.82
408.527 0.839
409.352 0.825
410.177 0.825
411.006 0.829
411.83 0.824
412.633 0.803
413.434 0.801
414.245 0.811
415.073 0.828
415.914 0.841
416.753 0.839
417.619 0.866
418.536 0.917
419.467 0.931
420.368 0.901
421.265 0.897
422.14 0.875
422.991 0.851
423.806 0.815
424.623 0.817
425.453 0.83
426.312 0.859
427.203 0.891
428.1 0.897
429.0 0.9
429.915 0.915
430.812 0.897
431.676 0.864
432.502 0.826
433.302 0.8
434.088 0.786
434.872 0.784
435.679 0.807
436.539 0.86
437.461 0.922
438.379 0.918
439.263 0.884
440.11 0.847
440.957 0.847
441.808 0.851
442.658 0.85
443.506 0.848
444.343 0.837
445.186 0.843
446.047 0.861
446.931 0.884
447.801 0.87
448.668 0.867
449.538 0.87
450.402 0.864
451.249 0.847
452.077 0.828
452.92 0.843
453.763 0.843
454.614 0.851
455.456 0.842
456.34 0.884
457.27 0.93
458.215 0.945
459.118 0.903
460.005 0.887
460.887 0.882
461.759 0.872
462.623 0.864
463.474 0.851
464.346 0.872
465.241 0.895
466.121 0.88
467.003 0.882
467.888 0.885
468.768 0.88
469.664 0.896
470.551 0.887
471.418 0.867
472.301 0.883
473.213 0.912
474.129 0.916
475.036 0.907
475.96 0.924
476.889 0.929
477.81 0.921
478.685 0.875
479.562 0.877
480.423 0.861
481.262 0.839
482.076 0.814
482.856 0.78
483.646 0.79
484.451 0.805
485.273 0.822
486.119 0.846
486.969 0.85
487.821 0.852
488.667 0.846
489.498 0.831
490.307 0.809
491.103 0.796
491.886 0.783
492.669 0.783
493.439 0.77
494.233 0.794
495.019 0.786
495.817 0.798
496.612 0.795
497.437 0.825
498.274 0.837
499.124 0.85
499.964 0.84
500.796 0.832
501.642 0.846
502.488 0.846
503.341 0.853
504.197 0.856
505.049 0.852
505.874 0.825
506.689 0.815
507.526 0.837
508.376 0.85
509.236 0.86
510.111 0.875
510.998 0.887
511.893 0.895
512.777 0.884
513.655 0.878
514.546 0.891
515.445 0.899
516.361 0.916
517.283 0.922
518.216 0.933
519.15 0.934
520.08 0.93
521.008 0.928
521.902 0.894
522.793 0.891
523.671 0.878
524.555 0.884
525.437 0.882
526.291 0.854
527.176 0.885
528.072 0.896
529.008 0.936
529.962 0.954
530.898 0.936
531.779 0.881
532.648 0.869
533.48 0.832
534.305 0.825
535.117 0.812
535.951 0.834
536.801 0.85
537.656 0.855
538.512 0.856
539.351 0.839
540.169 0.818
540.965 0.796
541.779 0.814
542.591 0.812
543.409 0.818
544.239 0.83
545.072 0.833
545.898 0.826
546.752 0.854
547.618 0.866
548.515 0.897
549.415 0.9
550.291 0.876
551.188 0.897
552.093 0.905
552.978 0.885
553.806 0.828
554.65 0.844
555.494 0.844
556.323 0.829
557.142 0.819
557.966 0.824
558.798 0.832
559.639 0.841
560.476 0.837
561.304 0.828
562.136 0.832
562.982 0.846
563.838 0.856
564.687 0.849
565.549 0.862
566.435 0.886
567.328 0.893
568.182 0.854
568.997 0.815
569.815 0.818
570.624 0.809
571.421 0.797
572.21 0.789
572.987 0.777
573.788 0.801
574.612 0.824
575.455 0.843
576.306 0.851
577.148 0.842
578.01 0.862
578.866 0.856
579.707 0.841
580.544 0.837
581.36 0.816
582.211 0.851
583.111 0.9
584.011 0.9
584.906 0.895
585.793 0.887
586.67 0.877
587.533 0.863
588.369 0.836
589.216 0.847
590.067 0.851
590.925 0.858
591.775 0.85
592.639 0.864
593.488 0.849
594.34 0.852
595.201 0.861
596.07 0.869
596.954 0.884
597.805 0.851
598.627 0.822
599.458 0.831
600.293 0.835
601.15 0.857
602.041 0.891
602.95 0.909
603.838 0.888
604.727 0.889
605.602 0.875
606.453 0.851
607.28 0.827
608.127 0.847
608.97 0.843
609.826 0.856
610.693 0.867
611.556 0.863
612.396 0.84