0.000 0.752
0.752 0.752
1.52 0.768
2.315 0.795
3.127 0.812
3.936 0.809
4.717 0.781
5.512 0.795
6.306 0.794
7.095 0.789
7.866 0.771
8.629 0.763
9.41 0.781
10.212 0.802
11.048 0.836
11.863 0.815
12.681 0.818
13.499 0.818
14.277 0.778
15.021 0.744
15.573 0.552
16.497 0.924
17.222 0.725
17.744 0.522
18.66 0.916
19.393 0.733
20.145 0.752
20.887 0.742
21.282 0.395
21.604 0.322
21.998 0.394
22.267 0.269
23.09 0.823
23.868 0.778
24.307 0.439
24.566 0.259
25.066 0.5
25.397 0.331
25.93 0.533
26.929 0.999
27.24 0.311
27.692 0.452
28.361 0.669
29.948 1.587
30.703 0.755
31.469 0.766
32.243 0.774
33.029 0.786
33.831 0.802
34.639 0.808
35.421 0.782
36.183 0.762
36.948 0.765
37.711 0.763
38.484 0.773
39.252 0.768
40.008 0.756
40.791 0.783
41.574 0.783
42.349 0.775
43.102 0.753
43.852 0.75
44.6 0.748
45.33 0.73
46.056 0.726
46.77 0.714
47.487 0.717
48.202 0.715
48.922 0.72
49.651 0.729
50.396 0.745
51.156 0.76
51.951 0.795
52.755 0.804
53.57 0.815
54.37 0.8
54.882 0.512
55.143 0.261
55.887 0.744
56.629 0.742
57.372 0.743
58.134 0.762
58.932 0.798
59.761 0.829
60.581 0.82
61.423 0.842
62.286 0.863
63.147 0.861
63.974 0.827
64.789 0.815
65.596 0.807
66.401 0.805
67.207 0.806
68.003 0.796
68.795 0.792
69.595 0.8
70.412 0.817
71.258 0.846
72.12 0.862
72.973 0.853
73.823 0.85
74.661 0.838
75.489 0.828
76.308 0.819
77.098 0.79
77.88 0.782
78.673 0.793
79.481 0.808
80.317 0.836
81.205 0.888
82.095 0.89
82.958 0.863
83.801 0.843
84.646 0.845
85.481 0.835
86.307 0.826
87.117 0.81
87.922 0.805
88.728 0.806
89.555 0.827
90.394 0.839
91.222 0.828
92.047 0.825
92.88 0.833
93.717 0.837
94.561 0.844
95.403 0.842
96.223 0.82
97.021 0.798
97.826 0.805
98.64 0.814
99.469 0.829
100.293 0.824
101.115 0.822
101.928 0.813
102.731 0.803
103.532 0.801
104.32 0.788
105.089 0.769
105.84 0.751
106.601 0.761
107.206 0.605
108.157 0.951
108.975 0.818
109.808 0.833
110.638 0.83
111.439 0.801
112.232 0.793
113.026 0.794
113.806 0.78
114.585 0.779
115.355 0.77
116.14 0.785
116.967 0.827
117.853 0.886
118.769 0.916
119.647 0.878
120.523 0.876
121.394 0.871
122.243 0.849
123.064 0.821
123.864 0.8
124.373 0.509
125.025 0.652
125.49 0.465
125.765 0.275
126.118 0.353
127.12 1.002
127.936 0.816
128.758 0.822
129.603 0.845
130.443 0.84
131.262 0.819
132.081 0.819
132.895 0.814
133.704 0.809
134.524 0.82
135.341 0.817
136.166 0.825
137.002 0.836
137.858 0.856
138.727 0.869
139.576 0.849
140.401 0.825
141.23 0.829
142.044 0.814
142.852 0.808
143.641 0.789
144.433 0.792
145.248 0.815
146.079 0.831
146.944 0.865
147.826 0.882
148.686 0.86
149.545 0.859
150.387 0.842
151.218 0.831
152.042 0.824
152.845 0.803
153.657 0.812
154.494 0.837
155.351 0.857
156.219 0.868
156.526 0.307
156.8 0.274
158.088 1.288
160.019 1.931
169.997 9.978
170.693 0.696
171.439 0.746
172.176 0.737
172.471 0.295
172.945 0.474
173.776 0.831
174.668 0.892
175.007 0.339
175.274 0.267
175.53 0.256
181.174 0.77
181.932 0.758
182.702 0.77
183.503 0.801
183.825 0.322
184.373 0.548
186.108 1.735
187.003 0.895
187.883 0.88
188.742 0.859
189.588 0.846
190.425 0.837
191.241 0.816
192.056 0.815
192.881 0.825
193.723 0.842
194.591 0.868
195.491 0.9
196.38 0.889
197.26 0.88
198.14 0.88
199.0 0.86
199.831 0.831
200.246 0.415
200.631 0.385
201.437 0.806
201.73 0.293
202.246 0.516
203.074 0.828
203.541 0.467
203.865 0.324
204.188 0.323
204.785 0.597
205.567 0.782
206.498 0.931
207.312 0.814
207.687 0.375
208.099 0.412
208.876 0.777
209.658 0.782
210.045 0.387
210.447 0.402
211.243 0.796
211.702 0.459
212.036 0.334
212.835 0.799
213.649 0.814
214.476 0.827
215.294 0.818
216.087 0.793
216.879 0.792
217.674 0.795
218.468 0.794
219.276 0.808
220.085 0.809
220.912 0.827
221.493 0.581
221.752 0.259
222.62 0.868
223.488 0.868
223.868 0.38
224.307 0.439
225.103 0.796
225.892 0.789
226.672 0.78
227.456 0.784
227.736 0.28
228.231 0.495
229.014 0.783
229.82 0.806
230.65 0.83
231.499 0.849
232.167 0.668
233.161 0.994
233.994 0.833
234.813 0.819
235.634 0.821
235.985 0.351
236.271 0.286
236.564 0.293
236.836 0.272
237.23 0.394
237.556 0.326
237.883 0.327
238.201 0.318
239.031 0.83
239.719 0.688
240.566 0.847
240.969 0.403
241.397 0.428
241.957 0.56
243.041 1.084
243.867 0.826
244.683 0.816
245.03 0.347
245.498 0.468
246.327 0.829
246.66 0.333
247.175 0.515
247.535 0.36
248.028 0.493
248.298 0.27
248.864 0.566
249.54 0.676
249.849 0.309
250.498 0.649
251.301 0.803
252.083 0.782
252.847 0.764
253.599 0.752
253.904 0.305
254.189 0.285
255.145 0.956
255.649 0.504
255.974 0.325
256.313 0.339
258.63 2.317
259.496 0.866
260.351 0.855
261.195 0.844
262.024 0.829
262.827 0.803
263.62 0.793
264.407 0.787
265.2 0.793
265.997 0.797
266.786 0.789
267.586 0.8
268.397 0.811
269.223 0.826
270.075 0.852
270.934 0.859
271.77 0.836
272.586 0.816
273.408 0.822
274.226 0.818
275.054 0.828
275.813 0.759
276.666 0.853
277.474 0.808
278.285 0.811
279.1 0.815
279.618 0.518
279.914 0.296
280.731 0.817
281.559 0.828
282.33 0.771
283.271 0.941
283.821 0.55
284.109 0.288
284.931 0.822
285.749 0.818
286.56 0.811
287.384 0.824
287.994 0.61
289.014 1.02
289.835 0.821
290.667 0.832
291.498 0.831
292.309 0.811
293.115 0.806
293.933 0.818
294.761 0.828
295.593 0.832
296.415 0.822
297.243 0.828
298.074 0.831
298.908 0.834
299.744 0.836
300.561 0.817
301.374 0.813
302.179 0.805
302.984 0.805
303.779 0.795
304.557 0.778
305.345 0.788
306.139 0.794
306.95 0.811
307.766 0.816
308.582 0.816
309.398 0.816
310.214 0.816
311.032 0.818
311.838 0.806
312.626 0.788
313.42 0.794
314.221 0.801
315.021 0.8
315.814 0.793
316.592 0.778
317.376 0.784
318.164 0.788
318.936 0.772
319.692 0.756
320.438 0.746
321.192 0.754
321.961 0.769
322.75 0.789
323.555 0.805
324.37 0.815
325.18 0.81
326.009 0.829
326.84 0.831
327.661 0.821
328.458 0.797
329.235 0.777
330.013 0.778
330.794 0.781
331.571 0.777
332.364 0.793
333.199 0.835
334.075 0.876
334.911 0.836
335.746 0.835
336.567 0.821
337.371 0.804
338.153 0.782
338.94 0.787
339.725 0.785
340.518 0.793
341.3 0.782
342.081 0.781
342.872 0.791
343.672 0.8
344.478 0.806
345.284 0.806
346.102 0.818
346.929 0.827
347.735 0.806
348.525 0.79
349.314 0.789
350.095 0.781
350.88 0.785
351.663 0.783
352.46 0.797
353.275 0.815
354.127 0.852
354.979 0.852
355.823 0.844
356.668 0.845
357.512 0.844
358.338 0.826
359.143 0.805
359.949 0.806
360.761 0.812
361.581 0.82
362.389 0.808
363.189 0.8
363.988 0.799
364.785 0.797
365.572 0.787
366.373 0.801
367.205 0.832
368.069 0.864
368.932 0.863
369.777 0.845
370.629 0.852
371.464 0.835
372.276 0.812
373.057 0.781
373.829 0.772
374.619 0.79
375.418 0.799
376.219 0.801
377.01 0.791
377.812 0.802
378.617 0.805
379.417 0.8
380.202 0.785
380.989 0.787
381.77 0.781
382.543 0.773
383.294 0.751
384.038 0.744
384.787 0.749
385.54 0.753
386.291 0.751
387.037 0.746
387.8 0.763
388.568 0.768
389.336 0.768
390.089 0.753
390.846 0.757
391.608 0.762
392.365 0.757
393.125 0.76
393.875 0.75
394.624 0.749
395.383 0.759
396.151 0.768
396.916 0.765
397.669 0.753
398.432 0.763
399.203 0.771
399.962 0.759
400.721 0.759
401.487 0.766
402.261 0.774
403.039 0.778
403.8 0.761
404.554 0.754
405.302 0.748
406.043 0.741
406.774 0.731
407.495 0.721
408.205 0.71
408.909 0.704
409.608 0.699
410.309 0.701
411.015 0.706
411.731 0.716
412.455 0.724
413.186 0.731
413.926 0.74
414.66 0.734
415.389 0.729
416.108 0.719
416.827 0.719
417.555 0.728
418.289 0.734
419.017 0.728
419.751 0.734
420.492 0.741
421.244 0.752
421.983 0.739
422.714 0.731
423.453 0.739
424.197 0.744
424.935 0.738
425.663 0.728
426.397 0.734
427.135 0.738
427.879 0.744
428.622 0.743
429.349 0.727
430.066 0.717
430.779 0.713
431.497 0.718
432.226 0.729
432.954 0.728
433.691 0.737
434.43 0.739
435.184 0.754
435.922 0.738
436.66 0.738
437.406 0.746
438.152 0.746
438.898 0.746
439.627 0.729
440.351 0.724
441.068 0.717
441.785 0.717
442.5 0.715
443.217 0.717
443.944 0.727
444.674 0.73
445.412 0.738
446.136 0.724
446.857 0.721
447.578 0.721
448.305 0.727
449.034 0.729
449.757 0.723
450.48 0.723
451.205 0.725
451.945 0.74
452.688 0.743
453.435 0.747
454.169 0.734
454.896 0.727
455.619 0.723
456.343 0.724
457.07 0.727
457.794 0.724
458.51 0.716
459.23 0.72
459.947 0.717
460.667 0.72
461.383 0.716
462.104 0.721
462.833 0.729
463.554 0.721
464.265 0.711
464.96 0.695
465.643 0.683
466.322 0.679
467.001 0.679
467.689 0.688
468.393 0.704
469.111 0.718
469.836 0.725
470.556 0.72
471.28 0.724
472.007 0.727
472.732 0.725
473.447 0.715
474.149 0.702
474.834 0.685
475.52 0.686
476.212 0.692
476.903 0.691
477.603 0.7
478.313 0.71
479.031 0.718
479.75 0.719
480.474 0.724
481.188 0.714
481.91 0.722
482.627 0.717
483.338 0.711
484.049 0.711
484.754 0.705
485.453 0.699
486.15 0.697
486.844 0.694
487.544 0.7
488.264 0.72
489.019 0.755
489.785 0.766
490.57 0.785
491.378 0.808
492.203 0.825
493.041 0.838
493.847 0.806
494.624 0.777
495.388 0.764
496.143 0.755
496.902 0.759
497.665 0.763
498.418 0.753
499.194 0.776
499.98 0.786
500.777 0.797
501.58 0.803
502.371 0.791
503.157 0.786
503.928 0.771
504.675 0.747
505.404 0.729
506.125 0.721
506.839 0.714
507.542 0.703
508.239 0.697
508.935 0.696
509.657 0.722
510.412 0.755
511.183 0.771
511.974 0.791
512.775 0.801
513.572 0.797
514.334 0.762
515.087 0.753
515.835 0.748
516.575 0.74
517.323 0.748
518.07 0.747
518.828 0.758
519.596 0.768
520.374 0.778
521.17 0.796
521.958 0.788
522.746 0.788
523.531 0.785
524.311 0.78
525.081 0.77
525.842 0.761
526.618 0.776
527.401 0.783
528.187 0.786
528.977 0.79
529.755 0.778
530.538 0.783
531.343 0.805
532.154 0.811
532.975 0.821
533.769 0.794
534.544 0.775
535.316 0.772
536.08 0.764
536.84 0.76
537.586 0.746
538.335 0.749
539.095 0.76
539.877 0.782
540.682 0.805
541.479 0.797
542.289 0.81
543.095 0.806
543.885 0.79
544.652 0.767
545.402 0.75
546.149 0.747
546.888 0.739
547.617 0.729
548.341 0.724
549.073 0.732
549.817 0.744
550.578 0.761
551.342 0.764
552.112 0.77
552.895 0.783
553.677 0.782
554.454 0.777
555.211 0.757
555.96 0.749
556.702 0.742
557.435 0.733
558.172 0.737
558.906 0.734
559.649 0.743
560.401 0.752
561.166 0.765
561.921 0.755
562.676 0.755
563.44 0.764
564.208 0.768
564.984 0.776
565.757 0.773
566.535 0.778
567.317 0.782
568.096 0.779
568.853 0.757
569.591 0.738
570.329 0.738
571.066 0.737
571.806 0.74
572.54 0.734
573.288 0.748
574.055 0.767
574.843 0.788
575.659 0.816
576.462 0.803
577.26 0.798
578.046 0.786
578.811 0.765
579.556 0.745
580.285 0.729
581.015 0.73
581.743 0.728
582.471 0.728
583.195 0.724
583.907 0.712
584.624 0.717
585.34 0.716
586.057 0.717
586.789 0.732
587.536 0.747
588.284 0.748
589.019 0.735
589.75 0.731
590.482 0.732
591.22 0.738
591.95 0.73
592.679 0.729
593.413 0.734
594.147 0.734
594.886 0.739
595.617 0.731
596.35 0.733
597.1 0.75
597.865 0.765
598.64 0.775
599.423 0.783
600.204 0.781
601.004 0.8
601.826 0.822
602.643 0.817
603.447 0.804
604.251 0.804
605.055 0.804
605.841 0.786
606.606 0.765
607.383 0.777
608.153 0.77
608.903 0.75