0.000 0.763
0.763 0.763
1.54 0.777
2.297 0.757
3.054 0.757
3.831 0.777
4.622 0.791
5.431 0.809
6.238 0.807
6.995 0.757
7.75 0.755
8.514 0.764
9.302 0.788
10.097 0.795
10.866 0.769
11.647 0.781
12.414 0.767
13.172 0.758
13.88 0.708
14.583 0.703
15.3 0.717
16.037 0.737
16.774 0.737
17.481 0.707
18.215 0.734
18.925 0.71
19.66 0.735
20.404 0.744
21.133 0.729
21.844 0.711
22.537 0.693
23.199 0.662
23.853 0.654
24.502 0.649
25.142 0.64
25.766 0.624
26.395 0.629
27.04 0.645
27.71 0.67
28.424 0.714
29.167 0.743
29.91 0.743
30.653 0.743
31.383 0.73
32.113 0.73
32.855 0.742
33.568 0.713
34.303 0.735
35.051 0.748
35.837 0.786
36.6 0.763
37.397 0.797
38.191 0.794
38.995 0.804
39.747 0.752
40.504 0.757
41.268 0.764
42.05 0.782
42.848 0.798
43.62 0.772
44.385 0.765
45.152 0.767
45.927 0.775
46.714 0.787
47.5 0.786
48.301 0.801
49.1 0.799
49.9 0.8
50.654 0.754
51.412 0.758
52.161 0.749
52.903 0.742
53.662 0.759
54.367 0.705
55.054 0.687
55.732 0.678
56.394 0.662
57.035 0.641
57.672 0.637
58.339 0.667
59.058 0.719
59.824 0.766
60.604 0.78
61.42 0.816
62.255 0.835
63.112 0.857
63.97 0.858
64.81 0.84
65.654 0.844
66.511 0.857
67.369 0.858
68.219 0.85
69.01 0.791
69.771 0.761
70.541 0.77
71.337 0.796
72.212 0.875
73.142 0.93
74.044 0.902
74.92 0.876
75.785 0.865
76.639 0.854
77.465 0.826
78.224 0.759
78.969 0.745
79.719 0.75
80.49 0.771
81.32 0.83
82.151 0.831
82.952 0.801
83.755 0.803
84.559 0.804
85.359 0.8
86.15 0.791
86.911 0.761
87.665 0.754
88.419 0.754
89.175 0.756
89.937 0.762
90.684 0.747
91.438 0.754
92.171 0.733
92.91 0.739
93.651 0.741
94.409 0.758
95.161 0.752
95.915 0.754
96.689 0.774
97.498 0.809
98.336 0.838
99.191 0.855
100.025 0.834
100.83 0.805
101.606 0.776
102.379 0.773
103.192 0.813
104.049 0.857
104.907 0.858
105.751 0.844
106.594 0.843
107.434 0.84
108.243 0.809
109.004 0.761
109.772 0.768
110.555 0.783
111.378 0.823
112.159 0.781
112.932 0.773
113.715 0.783
114.511 0.796
115.311 0.8
115.884 0.573
116.889 1.005
117.687 0.798
118.513 0.826
119.347 0.834
120.188 0.841
121.003 0.815
121.813 0.81
122.621 0.808
123.422 0.801
124.199 0.777
124.96 0.761
125.72 0.76
126.504 0.784
127.3 0.796
128.051 0.751
128.767 0.716
129.49 0.723
130.205 0.715
130.914 0.709
131.628 0.714
132.356 0.728
133.114 0.758
133.922 0.808
134.727 0.805
135.514 0.787
136.303 0.789
137.106 0.803
137.93 0.824
138.758 0.828
139.55 0.792
140.364 0.814
141.194 0.83
142.038 0.844
142.895 0.857
143.727 0.832
144.513 0.786
145.273 0.76
146.027 0.754
146.819 0.792
147.685 0.866
148.583 0.898
149.496 0.913
150.382 0.886
151.225 0.843
152.045 0.82
152.857 0.812
153.667 0.81
154.451 0.784
155.224 0.773
156.003 0.779
156.791 0.788
157.56 0.769
158.138 0.578
158.654 0.516
159.142 0.488
159.785 0.643
160.542 0.757
161.327 0.785
162.137 0.81
162.979 0.842
163.827 0.848
164.673 0.846
165.485 0.812
166.28 0.795
167.088 0.808
167.924 0.836
168.786 0.862
169.658 0.872
170.498 0.84
171.312 0.814
172.111 0.799
172.907 0.796
173.713 0.806
174.55 0.837
175.364 0.814
176.17 0.806
176.964 0.794
177.756 0.792
178.55 0.794
179.319 0.769
180.081 0.762
180.855 0.774
181.636 0.781
182.445 0.809
183.258 0.813
184.062 0.804
184.87 0.808
185.676 0.806
186.483 0.807
187.274 0.791
188.015 0.741
188.755 0.74
189.5 0.745
190.268 0.768
191.074 0.806
191.881 0.807
192.702 0.821
193.526 0.824
194.346 0.82
195.142 0.796
195.909 0.767
196.68 0.771
197.467 0.787
198.256 0.789
199.023 0.767
199.792 0.769
200.574 0.782
201.37 0.796
202.136 0.766
202.905 0.769
203.679 0.774
204.454 0.775
205.233 0.779
205.606 0.373
205.997 0.391
206.78 0.783
207.571 0.791
208.371 0.8
209.148 0.777
209.928 0.78
210.7 0.772
211.494 0.794
212.285 0.791
213.076 0.791
213.877 0.801
214.636 0.759
215.152 0.516
215.445 0.293
215.719 0.274
216.046 0.327
216.32 0.274
216.68 0.36
217.109 0.429
217.434 0.325
217.976 0.542
218.257 0.281
218.968 0.711
219.304 0.336
219.661 0.357
220.585 0.924
221.223 0.638
222.577 1.354
223.379 0.802
224.009 0.63
224.662 0.653
225.282 0.62
225.622 0.34
226.177 0.555
226.603 0.426
226.863 0.26
227.646 0.783
228.148 0.502
230.557 2.409
230.859 0.302
231.112 0.253
231.386 0.274
231.814 0.428
232.366 0.552
232.636 0.27
232.957 0.321
233.267 0.31
233.711 0.444
234.1 0.389
234.53 0.43
235.087 0.557
242.996 7.909
243.812 0.816
244.623 0.811
245.414 0.791
246.18 0.766
246.968 0.788
247.787 0.819
248.637 0.85
249.167 0.53
249.442 0.275
249.724 0.282
250.052 0.328
250.352 0.3
250.637 0.285
250.912 0.275
251.186 0.274
251.536 0.35
251.837 0.301
252.133 0.296
252.421 0.288
253.015 0.594
253.335 0.32
253.764 0.429
254.141 0.377
255.577 1.436
256.038 0.461
256.468 0.43
257.398 0.93
258.826 1.428
261.164 2.338
261.626 0.462
263.122 1.496
263.826 0.704
272.17 8.344
272.774 0.604
273.187 0.413
273.458 0.271
274.089 0.631
274.345 0.256
274.667 0.322
275.207 0.54
275.542 0.335
276.231 0.689
276.581 0.35
276.899 0.318
277.34 0.441
283.442 0.713
284.161 0.719
284.898 0.737
285.63 0.732
286.332 0.702
287.036 0.704
287.765 0.729
288.518 0.753
289.296 0.778
290.073 0.777
290.858 0.785
291.629 0.771
292.401 0.772
293.157 0.756
293.873 0.716
294.575 0.702
295.292 0.717
296.044 0.752
296.85 0.806
297.718 0.868
298.596 0.878
299.477 0.881
300.337 0.86
301.147 0.81
301.936 0.789
302.724 0.788
303.549 0.825
304.407 0.858
305.278 0.871
306.139 0.861
306.942 0.803
307.741 0.799
308.54 0.799
309.342 0.802
310.147 0.805
310.936 0.789
311.733 0.797
312.537 0.804
313.339 0.802
314.108 0.769
314.853 0.745
315.587 0.734
316.326 0.739
317.099 0.773
317.895 0.796
318.728 0.833
319.577 0.849
320.411 0.834
321.211 0.8
321.979 0.768
322.735 0.756
323.484 0.749
324.241 0.757
325.021 0.78
325.788 0.767
326.541 0.753
327.313 0.772
328.085 0.772
328.9 0.815
329.725 0.825
330.509 0.784
331.264 0.755
331.996 0.732
332.731 0.735
333.49 0.759
334.273 0.783
335.085 0.812
335.929 0.844
336.778 0.849
337.615 0.837
338.415 0.8
339.192 0.777
339.947 0.755
340.703 0.756
341.459 0.756
342.229 0.77
342.996 0.767
343.743 0.747
344.513 0.77
345.303 0.79
346.113 0.81
346.93 0.817
347.723 0.793
348.521 0.798
349.319 0.798
350.12 0.801
350.905 0.785
351.672 0.767
352.454 0.782
353.253 0.799
354.055 0.802
354.888 0.833
355.732 0.844
356.585 0.853
357.393 0.808
358.194 0.801
358.993 0.799
359.766 0.773
360.512 0.746
361.271 0.759
362.07 0.799
362.909 0.839
363.767 0.858
364.622 0.855
365.489 0.867
366.352 0.863
367.177 0.825
367.973 0.796
368.775 0.802
369.577 0.802
370.354 0.777
371.136 0.782
371.943 0.807
372.772 0.829
373.613 0.841
374.453 0.84
375.246 0.793
376.003 0.757
376.765 0.762
377.53 0.765
378.331 0.801
379.161 0.83
379.978 0.817
380.79 0.812
381.619 0.829
382.471 0.852
383.32 0.849
384.171 0.851
384.969 0.798
385.755 0.786
386.545 0.79
387.326 0.781
388.078 0.752
388.83 0.752
389.602 0.772
390.394 0.792
391.169 0.775
391.94 0.771
392.763 0.823
393.499 0.736
394.214 0.715
394.897 0.683
395.566 0.669
396.257 0.691
396.991 0.734
397.748 0.757
398.51 0.762
399.326 0.816
400.184 0.858
401.062 0.878
401.912 0.85
402.752 0.84
403.58 0.828
404.418 0.838
405.244 0.826
406.051 0.807
406.873 0.822
407.729 0.856
408.626 0.897
409.518 0.892
410.354 0.836
411.157 0.803
411.947 0.79
412.749 0.802
413.6 0.851
414.482 0.882
415.355 0.873
416.199 0.844
417.02 0.821
417.852 0.832
418.695 0.843
419.513 0.818
420.302 0.789
421.092 0.79
421.905 0.813
422.733 0.828
423.55 0.817
424.349 0.799
425.143 0.794
425.952 0.809
426.77 0.818
427.59 0.82
428.389 0.799
429.185 0.796
429.992 0.807
430.824 0.832
431.648 0.824
432.444 0.796
433.232 0.788
434.021 0.789
434.818 0.797
435.631 0.813
436.436 0.805
437.196 0.76
437.961 0.765
438.75 0.789
439.579 0.829
440.428 0.849
441.227 0.799
442.03 0.803
442.841 0.811
443.647 0.806
444.454 0.807
445.248 0.794
446.025 0.777
446.83 0.805
447.658 0.828
448.503 0.845
449.338 0.835
450.153 0.815
450.948 0.795
451.737 0.789
452.531 0.794
453.325 0.794
454.134 0.809
454.924 0.79
455.734 0.81
456.551 0.817
457.387 0.836
458.235 0.848
459.027 0.792
459.798 0.771
460.57 0.772
461.354 0.784
462.127 0.773
462.909 0.782
463.728 0.819
464.559 0.831
465.393 0.834
466.183 0.79
466.978 0.795
467.769 0.791
468.556 0.787
469.314 0.758
470.081 0.767
470.861 0.78
471.67 0.809
472.504 0.834
473.293 0.789
474.082 0.789
474.869 0.787
475.652 0.783
476.4 0.748
477.137 0.737
477.873 0.736
478.602 0.729
479.331 0.729
480.067 0.736
480.831 0.764
481.632 0.801
482.442 0.81
483.234 0.792
483.977 0.743
484.682 0.705
485.381 0.699
486.085 0.704
486.782 0.697
487.475 0.693
488.21 0.735
488.999 0.789
489.787 0.788
490.589 0.802
491.427 0.838
492.282 0.855
493.136 0.854
493.947 0.811
494.706 0.759
495.451 0.745
496.218 0.767
497.042 0.824
497.881 0.839
498.693 0.812
499.526 0.833
500.362 0.836
501.186 0.824
502.015 0.829
502.826 0.811
503.617 0.791
504.408 0.791
505.217 0.809
506.073 0.856
506.902 0.829
507.685 0.783
508.456 0.771
509.238 0.782
510.063 0.825
510.923 0.86
511.789 0.866
512.596 0.807
513.416 0.82
514.224 0.808
515.028 0.804
515.812 0.784
516.575 0.763
517.331 0.756
518.1 0.769
518.873 0.773
519.668 0.795
520.441 0.773
521.198 0.757
521.97 0.772
522.772 0.802
523.581 0.809
524.392 0.811
525.174 0.782
525.966 0.792
526.767 0.801
527.558 0.791
528.315 0.757
529.056 0.741
529.809 0.753
530.569 0.76
531.349 0.78
532.153 0.804
532.963 0.81
533.753 0.79
534.544 0.791
535.341 0.797
536.114 0.773
536.877 0.763
537.605 0.728
538.335 0.73
539.071 0.736
539.833 0.762
540.644 0.811
541.423 0.779
542.186 0.763
542.952 0.766
543.726 0.774
544.505 0.779
545.276 0.771
546.039 0.763
546.797 0.758
547.573 0.776
548.373 0.8
549.189 0.816
549.983 0.794
550.77 0.787
551.544 0.774
552.315 0.771
553.094 0.779
553.88 0.786
554.649 0.769
555.42 0.771
556.21 0.79
557.023 0.813
557.844 0.821
558.652 0.808
559.417 0.765
560.187 0.77
560.972 0.785
561.796 0.824
562.612 0.816
563.404 0.792
564.209 0.805
565.03 0.821
565.864 0.834
566.649 0.785
567.412 0.763
568.164 0.752
568.926 0.762
569.725 0.799
570.571 0.846
571.425 0.854
572.271 0.846
573.088 0.817
573.895 0.807
574.697 0.802
575.512 0.815
576.344 0.832
577.148 0.804
577.922 0.774
578.7 0.778
579.497 0.797
580.312 0.815
581.091 0.779
581.864 0.773
582.638 0.774
583.438 0.8
584.258 0.82
585.047 0.789
585.842 0.795
586.642 0.8
587.446 0.804
588.205 0.759
588.932 0.727
589.649 0.717
590.372 0.723
591.15 0.778
592.015 0.865
592.91 0.895
593.766 0.856
594.614 0.848
595.464 0.85
596.308 0.844
597.106 0.798
597.888 0.782
598.678 0.79
599.489 0.811
600.293 0.804
601.076 0.783
601.871 0.795
602.684 0.813
603.512 0.828
604.346 0.834
605.152 0.806
605.981 0.829
606.786 0.805
607.581 0.795
608.377 0.796
609.169 0.792
609.939 0.77