0.000 0.849
0.849 0.849
1.705 0.856
2.575 0.87
3.445 0.87
4.316 0.871
5.173 0.857
6.036 0.863
6.926 0.89
7.817 0.891
8.697 0.88
9.55 0.853
10.394 0.844
11.252 0.858
12.145 0.893
13.067 0.922
13.987 0.92
14.878 0.891
15.757 0.879
16.649 0.892
17.555 0.906
18.447 0.892
19.308 0.861
20.185 0.877
21.087 0.902
22.009 0.922
22.922 0.913
23.785 0.863
24.65 0.865
25.537 0.887
26.451 0.914
27.336 0.885
28.206 0.87
29.098 0.892
30.01 0.912
30.928 0.918
31.787 0.859
32.641 0.854
33.523 0.882
34.424 0.901
35.345 0.921
36.244 0.899
37.146 0.902
38.064 0.918
38.984 0.92
39.817 0.833
40.658 0.841
41.524 0.866
42.422 0.898
43.258 0.836
44.064 0.806
44.915 0.851
45.786 0.871
46.684 0.898
47.583 0.899
48.48 0.897
49.401 0.921
50.336 0.935
51.281 0.945
52.235 0.954
53.143 0.908
54.007 0.864
54.87 0.863
55.754 0.884
56.681 0.927
57.625 0.944
58.573 0.948
59.514 0.941
60.42 0.906
61.324 0.904
62.228 0.904
63.119 0.891
63.962 0.843
64.812 0.85
65.714 0.902
66.66 0.946
67.612 0.952
68.522 0.91
69.439 0.917
70.369 0.93
71.274 0.905
72.168 0.894
73.085 0.917
74.04 0.955
74.987 0.947
75.891 0.904
76.823 0.932
77.785 0.962
78.748 0.963
79.692 0.944
80.587 0.895
81.486 0.899
82.375 0.889
83.277 0.902
84.2 0.923
85.114 0.914
85.977 0.863
86.814 0.837
87.648 0.834
88.496 0.848
89.387 0.891
90.309 0.922
91.26 0.951
92.221 0.961
93.154 0.933
94.049 0.895
94.959 0.91
95.903 0.944
96.862 0.959
97.815 0.953
98.731 0.916
99.643 0.912
100.581 0.938
101.534 0.953
102.49 0.956
103.411 0.921
104.328 0.917
105.269 0.941
106.207 0.938
107.146 0.939
108.044 0.898
108.953 0.909
109.911 0.958
110.884 0.973
111.848 0.964
112.76 0.912
113.663 0.903
114.582 0.919
115.514 0.932
116.463 0.949
117.393 0.93
118.252 0.859
119.098 0.846
119.976 0.878
120.875 0.899
121.795 0.92
122.678 0.883
123.569 0.891
124.489 0.92
125.425 0.936
126.316 0.891
127.165 0.849
128.008 0.843
128.854 0.846
129.735 0.881
130.673 0.938
131.629 0.956
132.577 0.948
133.471 0.894
134.374 0.903
135.285 0.911
136.196 0.911
137.095 0.899
138.001 0.906
138.847 0.846
139.661 0.814
140.508 0.847
141.379 0.871
142.305 0.926
143.245 0.94
144.203 0.958
145.131 0.928
146.042 0.911
146.905 0.863
147.729 0.824
148.547 0.818
149.402 0.855
150.276 0.874
151.175 0.899
152.066 0.891
152.866 0.8
153.653 0.787
154.444 0.791
155.273 0.829
156.147 0.874
157.065 0.918
157.981 0.916
158.892 0.911
159.809 0.917
160.698 0.889
161.499 0.801
162.284 0.785
163.032 0.748
163.752 0.72
164.479 0.727
165.272 0.793
166.114 0.842
166.984 0.87
167.847 0.863
168.69 0.843
169.519 0.829
170.339 0.82
171.159 0.82
171.977 0.818
172.794 0.817
173.587 0.793
174.355 0.768
175.157 0.802
175.997 0.84
176.87 0.873
177.727 0.857
178.579 0.852
179.451 0.872
180.363 0.912
181.304 0.941
182.253 0.949
183.182 0.929
184.1 0.918
185.007 0.907
185.897 0.89
186.783 0.886
187.657 0.874
188.526 0.869
189.398 0.872
190.278 0.88
191.137 0.859
192.008 0.871
192.88 0.872
193.782 0.902
194.696 0.914
195.625 0.929
196.512 0.887
197.378 0.866
198.262 0.884
199.175 0.913
200.107 0.932
201.036 0.929
201.89 0.854
202.725 0.835
203.592 0.867
204.486 0.894
205.384 0.898
206.27 0.886
207.153 0.883
208.048 0.895
208.907 0.859
209.763 0.856
210.628 0.865
211.515 0.887
212.421 0.906
213.333 0.912
214.167 0.834
214.984 0.817
215.797 0.813
216.537 0.74
217.279 0.742
218.045 0.766
218.927 0.882
219.779 0.852
220.607 0.828
221.45 0.843
222.313 0.863
223.2 0.887
224.097 0.897
225.019 0.922
225.922 0.903
226.793 0.871
227.672 0.879
228.518 0.846
229.347 0.829
230.193 0.846
231.054 0.861
231.938 0.884
232.849 0.911
233.724 0.875
234.614 0.89
235.535 0.921
236.458 0.923
237.375 0.917
238.254 0.879
239.127 0.873
240.029 0.902
240.928 0.899
241.849 0.921
242.755 0.906
243.655 0.9
244.55 0.895
245.437 0.887
246.316 0.879
247.163 0.847
248.026 0.863
248.924 0.898
249.855 0.931
250.756 0.901
251.595 0.839
252.45 0.855
253.319 0.869
254.197 0.878
255.043 0.846
255.878 0.835
256.745 0.867
257.638 0.893
258.553 0.915
259.476 0.923
260.396 0.92
261.272 0.876
262.156 0.884
263.045 0.889
263.922 0.877
264.773 0.851
265.63 0.857
266.52 0.89
267.366 0.846
268.247 0.881
269.146 0.899
270.04 0.894
270.901 0.861
271.774 0.873
272.655 0.881
273.54 0.885
274.418 0.878
275.3 0.882
276.162 0.862
276.971 0.809
277.749 0.778
278.53 0.781
279.34 0.81
280.151 0.811
281.015 0.864
281.946 0.931
282.896 0.95
283.84 0.944
284.767 0.927
285.692 0.925
286.605 0.913
287.469 0.864
288.325 0.856
289.186 0.861
290.055 0.869
290.935 0.88
291.815 0.88
292.645 0.83
293.462 0.817
294.247 0.785
294.998 0.751
295.805 0.807
296.695 0.89
297.599 0.904
298.444 0.845
299.297 0.853
300.181 0.884
301.078 0.897
301.97 0.892
302.869 0.899
303.757 0.888
304.627 0.87
305.5 0.873
306.374 0.874
307.23 0.856
308.089 0.859
308.956 0.867
309.821 0.865
310.633 0.812
311.417 0.784
312.205 0.788
313.024 0.819
313.911 0.887
314.844 0.933
315.773 0.929
316.688 0.915
317.588 0.9
318.489 0.901
319.371 0.882
320.245 0.874
321.121 0.876
322.015 0.894
322.874 0.859
323.741 0.867
324.602 0.861
325.454 0.852
326.276 0.822
327.078 0.802
327.903 0.825
328.76 0.857
329.642 0.882
330.524 0.882
331.402 0.878
332.236 0.834
333.005 0.769
333.776 0.771
334.607 0.831
335.472 0.865
336.343 0.871
337.222 0.879
338.102 0.88
338.979 0.877
339.818 0.839
340.631 0.813
341.45 0.819
342.309 0.859
343.237 0.928
344.206 0.969
345.189 0.983
346.129 0.94
347.059 0.93
347.981 0.922
348.894 0.913
349.825 0.931
350.74 0.915
351.625 0.885
352.493 0.868
353.368 0.875
354.252 0.884
355.15 0.898
356.051 0.901
356.941 0.89
357.84 0.899
358.754 0.914
359.674 0.92
360.588 0.914
361.475 0.887
362.363 0.888
363.249 0.886
364.142 0.893
365.033 0.891
365.917 0.884
366.809 0.892
367.678 0.869
368.547 0.869
369.343 0.796
370.111 0.768
370.903 0.792
371.73 0.827
372.601 0.871
373.46 0.859
374.321 0.861
375.2 0.879
376.094 0.894
377.009 0.915
377.918 0.909
378.817 0.899
379.649 0.832
380.46 0.811
381.274 0.814
382.111 0.837
382.969 0.858
383.844 0.875
384.718 0.874
385.58 0.862
386.417 0.837
387.214 0.797
388.0 0.786
388.813 0.813
389.67 0.857
390.583 0.913
391.528 0.945
392.461 0.933
393.334 0.873
394.219 0.885
395.113 0.894
395.99 0.877
396.813 0.823
397.595 0.782
398.352 0.757
399.071 0.719
399.805 0.734
400.603 0.798
401.449 0.846
402.331 0.882
403.221 0.89
404.087 0.866
404.892 0.805
405.69 0.798
406.478 0.788
407.312 0.834
408.219 0.907
409.114 0.895
410.003 0.889
410.844 0.841
411.646 0.802
412.465 0.819
413.307 0.842
414.112 0.805
414.887 0.775
415.756 0.869
416.68 0.924
417.563 0.883
418.441 0.878
419.334 0.893
420.241 0.907
421.155 0.914
422.036 0.881
422.939 0.903
423.862 0.923
424.79 0.928
425.703 0.913
426.591 0.888
427.494 0.903
428.382 0.888
429.283 0.901
430.189 0.906
431.061 0.872
431.899 0.838
432.753 0.854
433.625 0.872
434.52 0.895
435.425 0.905
436.313 0.888
437.205 0.892
438.091 0.886
438.938 0.847
439.765 0.827
440.622 0.857
441.504 0.882
442.396 0.892
443.272 0.876
444.162 0.89
445.07 0.908
445.996 0.926
446.879 0.883
447.759 0.88
448.654 0.895
449.56 0.906
450.466 0.906
451.369 0.903
452.271 0.902
453.171 0.9
454.058 0.887
454.925 0.867
455.776 0.851
456.599 0.823
457.396 0.797
458.173 0.777
458.957 0.784
459.763 0.806
460.593 0.83
461.454 0.861
462.316 0.862
463.139 0.823
463.966 0.827
464.823 0.857
465.672 0.849
466.546 0.874
467.451 0.905
468.36 0.909
469.275 0.915
470.184 0.909
471.08 0.896
471.956 0.876
472.809 0.853
473.658 0.849
474.52 0.862
475.443 0.923
476.396 0.953
477.322 0.926
478.21 0.888
479.087 0.877
479.977 0.89
480.891 0.914
481.812 0.921
482.686 0.874
483.535 0.849
484.392 0.857
485.264 0.872
486.179 0.915
487.109 0.93
488.021 0.912
488.888 0.867
489.761 0.873
490.655 0.894
491.519 0.864
492.398 0.879
493.312 0.914
494.247 0.935
495.18 0.933
496.091 0.911
496.937 0.846
497.774 0.837
498.62 0.846
499.457 0.837
500.234 0.777
501.012 0.778
501.894 0.882
502.753 0.859
503.596 0.843
504.477 0.881
505.375 0.898
506.283 0.908
507.181 0.898
508.076 0.895
508.949 0.873
509.848 0.899
510.761 0.913
511.674 0.913
512.522 0.848
513.38 0.858
514.216 0.836
515.085 0.869
515.968 0.883
516.87 0.902
517.732 0.862
518.529 0.797
519.314 0.785
520.145 0.831
521.017 0.872
521.916 0.899
522.809 0.893
523.676 0.867
524.561 0.885
525.489 0.928
526.358 0.869
527.186 0.828
528.001 0.815
528.845 0.844
529.717 0.872
530.578 0.861
531.422 0.844
532.224 0.802
532.97 0.746
533.733 0.763
534.544 0.811
535.366 0.822
536.206 0.84
537.004 0.798
537.804 0.8
538.654 0.85
539.547 0.893
540.487 0.94
541.456 0.969
542.416 0.96
543.366 0.95
544.324 0.958
545.283 0.959
546.221 0.938
547.14 0.919
548.018 0.878
548.89 0.872
549.789 0.899
550.73 0.941
551.685 0.955
552.628 0.943
553.545 0.917
554.441 0.896
555.356 0.915
556.297 0.941
557.245 0.948
558.168 0.923
559.042 0.874
559.921 0.879
560.815 0.894
561.727 0.912
562.655 0.928
563.539 0.884
564.396 0.857
565.266 0.87
566.14 0.874
567.046 0.906
567.986 0.94
568.923 0.937
569.857 0.934
570.783 0.926
571.71 0.927
572.637 0.927
573.539 0.902
574.392 0.853
575.266 0.874
576.147 0.881
577.053 0.906
577.976 0.923
578.852 0.876
579.718 0.866
580.608 0.89
581.506 0.898
582.437 0.931
583.362 0.925
584.278 0.916
585.211 0.933
586.151 0.94
587.082 0.931
587.942 0.86
588.774 0.832
589.606 0.832
590.464 0.858
591.342 0.878
592.218 0.876
593.129 0.911
594.079 0.95
595.057 0.978
596.015 0.958
596.901 0.886
597.763 0.862
598.641 0.878
599.545 0.904
600.476 0.931
601.387 0.911
602.249 0.862
603.114 0.865
604.028 0.914
604.983 0.955
605.907 0.924
606.824 0.917
607.708 0.884
608.531 0.823
609.355 0.824