0.000 0.691
0.691 0.691
1.401 0.71
2.117 0.716
3.552 1.435
4.263 0.711
4.981 0.718
5.703 0.722
6.409 0.706
7.11 0.701
7.819 0.709
8.522 0.703
9.227 0.705
9.911 0.684
10.568 0.657
11.221 0.653
11.899 0.678
12.618 0.719
13.375 0.757
14.174 0.799
14.986 0.812
15.797 0.811
16.598 0.801
17.369 0.771
18.128 0.759
18.863 0.735
19.579 0.716
20.262 0.683
20.914 0.652
21.561 0.647
22.203 0.642
22.893 0.69
23.65 0.757
24.455 0.805
25.26 0.805
26.089 0.829
26.938 0.849
27.753 0.815
28.522 0.769
29.236 0.714
29.941 0.705
30.655 0.714
31.362 0.707
32.078 0.716
32.801 0.723
33.516 0.715
34.211 0.695
34.905 0.694
35.62 0.715
36.352 0.732
37.123 0.771
37.924 0.801
38.756 0.832
39.574 0.818
40.413 0.839
41.222 0.809
41.974 0.752
42.674 0.7
43.361 0.687
44.048 0.687
44.771 0.723
45.589 0.818
46.432 0.843
47.282 0.85
48.15 0.868
49.014 0.864
49.854 0.84
50.696 0.842
51.518 0.822
52.312 0.794
53.094 0.782
53.881 0.787
54.668 0.787
55.43 0.762
56.173 0.743
56.909 0.736
57.631 0.722
58.35 0.719
59.055 0.705
59.741 0.686
60.408 0.667
61.053 0.645
61.702 0.649
62.364 0.662
63.078 0.714
63.86 0.782
64.687 0.827
65.507 0.82
66.353 0.846
67.224 0.871
68.096 0.872
68.954 0.858
69.786 0.832
70.587 0.801
71.365 0.778
72.108 0.743
72.848 0.74
73.616 0.768
74.411 0.795
75.215 0.804
76.034 0.819
76.822 0.788
77.558 0.736
78.258 0.7
78.929 0.671
79.581 0.652
80.226 0.645
80.868 0.642
81.513 0.645
82.159 0.646
82.822 0.663
83.519 0.697
84.27 0.751
85.13 0.86
85.999 0.869
86.861 0.862
87.727 0.866
88.569 0.842
89.377 0.808
90.173 0.796
90.959 0.786
91.732 0.773
92.5 0.768
93.263 0.763
94.02 0.757
94.759 0.739
95.489 0.73
96.204 0.715
96.886 0.682
97.558 0.672
98.232 0.674
98.918 0.686
99.601 0.683
100.282 0.681
100.946 0.664
101.601 0.655
102.249 0.648
102.908 0.659
103.586 0.678
104.33 0.744
105.175 0.845
106.061 0.886
106.921 0.86
107.797 0.876
108.69 0.893
109.611 0.921
110.494 0.883
111.357 0.863
112.16 0.803
112.901 0.741
113.594 0.693
114.262 0.668
114.939 0.677
115.625 0.686
116.32 0.695
117.031 0.711
117.76 0.729
118.49 0.73
119.22 0.73
119.916 0.696
120.586 0.67
121.257 0.671
121.92 0.663
122.647 0.727
123.548 0.901
124.485 0.937
125.404 0.919
126.341 0.937
127.292 0.951
128.244 0.952
129.167 0.923
130.009 0.842
130.834 0.825
131.645 0.811
132.447 0.802
133.237 0.79
134.032 0.795
134.834 0.802
135.644 0.81
136.45 0.806
137.24 0.79
138.004 0.764
138.752 0.748
139.486 0.734
140.208 0.722
140.933 0.725
141.668 0.735
142.389 0.721
143.082 0.693
143.755 0.673
144.431 0.676
145.126 0.695
145.851 0.725
146.652 0.801
147.505 0.853
148.38 0.875
149.242 0.862
150.104 0.862
150.9 0.796
151.653 0.753
152.36 0.707
153.063 0.703
153.778 0.715
154.489 0.711
155.21 0.721
155.921 0.711
156.602 0.681
157.278 0.676
157.976 0.698
158.667 0.691
159.378 0.711
160.093 0.715
160.813 0.72
161.541 0.728
162.268 0.727
162.984 0.716
163.674 0.69
164.345 0.671
165.019 0.674
165.698 0.679
166.361 0.663
167.034 0.673
167.725 0.691
168.439 0.714
169.156 0.717
169.892 0.736
170.617 0.725
171.305 0.688
171.991 0.686
172.697 0.706
173.433 0.736
174.217 0.784
175.008 0.791
175.788 0.78
176.567 0.779
177.325 0.758
178.067 0.742
178.776 0.709
179.448 0.672
180.11 0.662
180.778 0.668
181.469 0.691
182.22 0.751
183.111 0.891
184.026 0.915
184.965 0.939
185.911 0.946
186.825 0.914
187.684 0.859
188.516 0.832
189.322 0.806
190.109 0.787
190.868 0.759
191.621 0.753
192.359 0.738
193.113 0.754
193.894 0.781
194.699 0.805
195.52 0.821
196.314 0.794
197.081 0.767
197.81 0.729
198.513 0.703
199.203 0.69
199.889 0.686
200.579 0.69
201.273 0.694
201.98 0.707
202.682 0.702
203.37 0.688
204.057 0.687
204.756 0.699
205.492 0.736
206.32 0.828
207.192 0.872
208.052 0.86
208.896 0.844
209.744 0.848
210.602 0.858
211.458 0.856
212.325 0.867
213.206 0.881
214.056 0.85
214.873 0.817
215.651 0.778
216.39 0.739
217.098 0.708
217.77 0.672
218.463 0.693
219.157 0.694
219.88 0.723
220.63 0.75
221.395 0.765
222.146 0.751
222.895 0.749
223.631 0.736
224.335 0.704
225.014 0.679
225.676 0.662
226.34 0.664
227.014 0.674
227.732 0.718
228.513 0.781
229.311 0.798
230.139 0.828
230.992 0.853
231.841 0.849
232.685 0.844
233.53 0.845
234.366 0.836
235.177 0.811
235.891 0.714
236.586 0.695
237.285 0.699
237.998 0.713
238.731 0.733
239.492 0.761
240.257 0.765
241.035 0.778
241.8 0.765
242.542 0.742
243.261 0.719
243.967 0.706
244.671 0.704
245.372 0.701
246.073 0.701
246.759 0.686
247.432 0.673
248.12 0.688
248.822 0.702
249.556 0.734
250.341 0.785
251.192 0.851
252.059 0.867
252.93 0.871
253.778 0.848
254.616 0.838
255.402 0.786
256.168 0.766
256.904 0.736
257.627 0.723
258.313 0.686
258.972 0.659
259.619 0.647
260.273 0.654
260.945 0.672
261.654 0.709
262.426 0.772
263.273 0.847
264.166 0.893
265.061 0.895
265.975 0.914
266.879 0.904
267.708 0.829
268.502 0.794
269.254 0.752
269.973 0.719
270.65 0.677
271.329 0.679
271.997 0.668
272.646 0.649
273.297 0.651
273.968 0.671
274.66 0.692
275.385 0.725
276.14 0.755
276.884 0.744
277.593 0.709
278.295 0.702
279.007 0.712
279.736 0.729
280.502 0.766
281.34 0.838
282.212 0.872
283.096 0.884
283.941 0.845
284.726 0.785
285.514 0.788
286.288 0.774
287.068 0.78
287.833 0.765
288.599 0.766
289.357 0.758
290.101 0.744
290.83 0.729
291.531 0.701
292.213 0.682
292.902 0.689
293.608 0.706
294.345 0.737
295.178 0.833
296.078 0.9
296.965 0.887
297.805 0.84
298.604 0.799
299.368 0.764
300.099 0.731
300.79 0.691
301.451 0.661
302.102 0.651
302.755 0.653
303.419 0.664
304.116 0.697
304.884 0.768
305.708 0.824
306.54 0.832
307.409 0.869
308.272 0.863
309.142 0.87
309.999 0.857
310.852 0.853
311.686 0.834
312.502 0.816
313.276 0.774
314.001 0.725
314.699 0.698
315.405 0.706
316.124 0.719
316.863 0.739
317.649 0.786
318.424 0.775
319.197 0.773
319.94 0.743
320.671 0.731
321.426 0.755
322.184 0.758
322.921 0.737
323.636 0.715
324.319 0.683
325.025 0.706
325.742 0.717
326.478 0.736
327.214 0.736
327.954 0.74
328.668 0.714
329.368 0.7
330.073 0.705
330.796 0.723
331.555 0.759
332.34 0.785
333.162 0.822
333.965 0.803
334.726 0.761
335.448 0.722
336.165 0.717
336.885 0.72
337.616 0.731
338.389 0.773
339.165 0.776
339.951 0.786
340.709 0.758
341.431 0.722
342.123 0.692
342.794 0.671
343.462 0.668
344.148 0.686
344.867 0.719
345.629 0.762
346.412 0.783
347.219 0.807
348.018 0.799
348.804 0.786
349.545 0.741
350.275 0.73
351.014 0.739
351.736 0.722
352.437 0.701
353.11 0.673
353.765 0.655
354.412 0.647
355.065 0.653
355.752 0.687
356.519 0.767
357.355 0.836
358.175 0.82
359.004 0.829
359.836 0.832
360.648 0.812
361.438 0.79
362.21 0.772
362.967 0.757
363.708 0.741
364.446 0.738
365.178 0.732
365.881 0.703
366.561 0.68
367.247 0.686
367.943 0.696
368.647 0.704
369.376 0.729
370.139 0.763
370.922 0.783
371.714 0.792
372.522 0.808
373.365 0.843
374.177 0.812
374.965 0.788
375.721 0.756
376.436 0.715
377.126 0.69
377.796 0.67
378.453 0.657
379.123 0.67
379.794 0.671
380.495 0.701
381.232 0.737
381.99 0.758
382.765 0.775
383.507 0.742
384.223 0.716
384.937 0.714
385.667 0.73
386.424 0.757
387.236 0.812
388.1 0.864
388.946 0.846
389.795 0.849
390.595 0.8
391.354 0.759
392.074 0.72
392.763 0.689
393.45 0.687
394.143 0.693
394.869 0.726
395.642 0.773
396.451 0.809
397.274 0.823
398.071 0.797
398.824 0.753
399.573 0.749
400.31 0.737
401.026 0.716
401.726 0.7
402.41 0.684
403.096 0.686
403.794 0.698
404.522 0.728
405.319 0.797
406.171 0.852
407.061 0.89
407.955 0.894
408.828 0.873
409.676 0.848
410.476 0.8
411.237 0.761
411.943 0.706
412.619 0.676
413.3 0.681
413.986 0.686
414.697 0.711
415.44 0.743
416.203 0.763
416.989 0.786
417.779 0.79
418.583 0.804
419.367 0.784
420.12 0.753
420.835 0.715
421.552 0.717
422.274 0.722
423.022 0.748
423.799 0.777
424.597 0.798
425.369 0.772
426.149 0.78
426.92 0.771
427.702 0.782
428.433 0.731
429.137 0.704
429.829 0.692
430.519 0.69
431.222 0.703
431.966 0.744
432.768 0.802
433.576 0.808
434.376 0.8
435.149 0.773
435.901 0.752
436.617 0.716
437.306 0.689
438.011 0.705
438.736 0.725
439.46 0.724
440.177 0.717
440.888 0.711
441.569 0.681
442.229 0.66
442.884 0.655
443.542 0.658
444.28 0.738
445.127 0.847
446.024 0.897
446.94 0.916
447.819 0.879
448.655 0.836
449.427 0.772
450.206 0.779
450.991 0.785
451.761 0.77
452.504 0.743
453.208 0.704
453.888 0.68
454.56 0.672
455.238 0.678
455.93 0.692
456.635 0.705
457.356 0.721
458.063 0.707
458.76 0.697
459.453 0.693
460.176 0.723
460.912 0.736
461.66 0.748
462.404 0.744
463.125 0.721
463.838 0.713
464.562 0.724
465.3 0.738
466.063 0.763
466.819 0.756
467.574 0.755
468.323 0.749
469.059 0.736
469.786 0.727
470.49 0.704
471.178 0.688
471.859 0.681
472.553 0.694
473.271 0.718
474.052 0.781
474.873 0.821
475.723 0.85
476.572 0.849
477.419 0.847
478.226 0.807
479.004 0.778
479.754 0.75
480.47 0.716
481.178 0.708
481.866 0.688
482.551 0.685
483.234 0.683
483.93 0.696
484.661 0.731
485.417 0.756
486.2 0.783
486.97 0.77
487.732 0.762
488.489 0.757
489.224 0.735
489.927 0.703
490.617 0.69
491.298 0.681
491.99 0.692
492.707 0.717
493.437 0.73
494.171 0.734
494.915 0.744
495.654 0.739
496.374 0.72
497.046 0.672
497.719 0.673
498.392 0.673
499.076 0.684
499.782 0.706
500.507 0.725
501.244 0.737
501.967 0.723
502.68 0.713
503.385 0.705
504.11 0.725
504.875 0.765
505.666 0.791
506.477 0.811
507.274 0.797
508.068 0.794
508.871 0.803
509.666 0.795
510.454 0.788
511.236 0.782
512.001 0.765
512.735 0.734
513.446 0.711
514.124 0.678
514.805 0.681
515.507 0.702
516.262 0.755
517.08 0.818
517.961 0.881
518.869 0.908
519.767 0.898
520.618 0.851
521.415 0.797
522.172 0.757
522.884 0.712
523.588 0.704
524.295 0.707
524.992 0.697
525.702 0.71
526.421 0.719
527.158 0.737
527.918 0.76
528.688 0.77
529.44 0.752
530.161 0.721
530.875 0.714
531.59 0.715
532.307 0.717
533.031 0.724
533.771 0.74
534.523 0.752
535.263 0.74
535.998 0.735
536.735 0.737
537.482 0.747
538.234 0.752
538.999 0.765
539.738 0.739
540.454 0.716
541.152 0.698
541.854 0.702
542.574 0.72
543.339 0.765
544.171 0.832
545.042 0.871
545.917 0.875
546.771 0.854
547.605 0.834
548.416 0.811
549.209 0.793
549.99 0.781
550.738 0.748
551.458 0.72
552.155 0.697
552.853 0.698
553.558 0.705
554.282 0.724
555.046 0.764
555.86 0.814
556.707 0.847
557.538 0.831
558.334 0.796
559.111 0.777
559.866 0.755
560.603 0.737
561.324 0.721
562.035 0.711
562.73 0.695
563.412 0.682
564.08 0.668
564.759 0.679
565.457 0.698
566.256 0.799
567.19 0.934
568.134 0.944
569.071 0.937
569.999 0.928
570.896 0.897
571.772 0.876
572.629 0.857
573.473 0.844
574.326 0.853
575.145 0.819
575.949 0.804
576.725 0.776
577.483 0.758
578.222 0.739
578.947 0.725
579.654 0.707
580.347 0.693
581.036 0.689
581.73 0.694
582.42 0.69
583.107 0.687
583.786 0.679
584.479 0.693
585.201 0.722
585.955 0.754
586.731 0.776
587.522 0.791
588.333 0.811
589.147 0.814
589.981 0.834
590.821 0.84
591.627 0.806
592.407 0.78
593.163 0.756
593.902 0.739
594.623 0.721
595.341 0.718
596.051 0.71
596.748 0.697
597.437 0.689
598.123 0.686
598.816 0.693
599.525 0.709
600.242 0.717
600.953 0.711
601.646 0.693
602.327 0.681
603.002 0.675
603.689 0.687
604.396 0.707
605.156 0.76
606.0 0.844
606.874 0.874
607.776 0.902
608.679 0.903
609.546 0.867
610.373 0.827
611.182 0.809
611.977 0.795
612.741 0.764
613.47 0.729
614.175 0.705
614.852 0.677
615.521 0.669
616.209 0.688
616.886 0.677
617.588 0.702
618.302 0.714
619.034 0.732
619.761 0.727