0.000 0.759
0.759 0.759
1.503 0.744
2.222 0.719
3.685 1.463
4.421 0.736
5.147 0.726
5.867 0.72
6.572 0.705
7.317 0.745
8.132 0.815
8.957 0.825
9.763 0.806
10.561 0.798
11.377 0.816
12.235 0.858
13.133 0.898
13.997 0.864
14.865 0.868
15.742 0.877
16.574 0.832
17.443 0.869
18.314 0.871
19.113 0.799
19.92 0.807
20.754 0.834
21.562 0.808
22.331 0.769
23.113 0.782
23.855 0.742
24.617 0.762
25.405 0.788
26.178 0.773
27.014 0.836
27.84 0.826
28.659 0.819
29.529 0.87
30.345 0.816
31.161 0.816
32.013 0.852
32.863 0.85
33.66 0.797
34.505 0.845
35.363 0.858
36.198 0.835
37.007 0.809
37.88 0.873
38.763 0.883
39.602 0.839
40.444 0.842
41.299 0.855
42.114 0.815
42.905 0.791
43.708 0.803
44.514 0.806
45.302 0.788
46.113 0.811
46.944 0.831
47.737 0.793
48.495 0.758
49.297 0.802
50.098 0.801
50.891 0.793
51.638 0.747
52.372 0.734
53.116 0.744
53.862 0.746
54.58 0.718
55.324 0.744
56.089 0.765
56.873 0.784
57.715 0.842
58.579 0.864
59.41 0.831
60.251 0.841
61.114 0.863
62.003 0.889
62.827 0.824
63.629 0.802
64.468 0.839
65.338 0.87
66.226 0.888
67.079 0.853
67.896 0.817
68.712 0.816
69.543 0.831
70.425 0.882
71.347 0.922
72.249 0.902
73.093 0.844
73.923 0.83
74.788 0.865
75.668 0.88
76.522 0.854
77.382 0.86
78.196 0.814
79.039 0.843
79.902 0.863
80.733 0.831
81.587 0.854
82.453 0.866
83.327 0.874
84.194 0.867
85.014 0.82
85.842 0.828
86.693 0.851
87.551 0.858
88.344 0.793
89.107 0.763
89.851 0.744
90.641 0.79
91.455 0.814
92.265 0.81
93.073 0.808
93.935 0.862
94.778 0.843
95.579 0.801
96.401 0.822
97.231 0.83
98.063 0.832
98.853 0.79
99.686 0.833
100.53 0.844
101.333 0.803
102.113 0.78
102.934 0.821
103.787 0.853
104.642 0.855
105.451 0.809
106.261 0.81
107.094 0.833
107.974 0.88
108.885 0.911
109.759 0.874
110.628 0.869
111.525 0.897
112.408 0.883
113.234 0.826
114.093 0.859
114.945 0.852
115.743 0.798
116.554 0.811
117.355 0.801
118.147 0.792
118.9 0.753
119.69 0.79
120.452 0.762
121.207 0.755
121.95 0.743
122.684 0.734
123.411 0.727
124.137 0.726
124.867 0.73
125.622 0.755
126.414 0.792
127.23 0.816
128.049 0.819
128.869 0.82
129.661 0.792
130.413 0.752
131.151 0.738
131.946 0.795
132.771 0.825
133.564 0.793
134.369 0.805
135.209 0.84
136.068 0.859
136.867 0.799
137.67 0.803
138.482 0.812
139.259 0.777
140.017 0.758
140.81 0.793
141.636 0.826
142.434 0.798
143.202 0.768
143.991 0.789
144.776 0.785
145.555 0.779
146.365 0.81
147.194 0.829
148.017 0.823
148.833 0.816
149.645 0.812
150.443 0.798
151.207 0.764
151.979 0.772
152.757 0.778
153.554 0.797
154.409 0.855
155.305 0.896
156.187 0.882
157.021 0.834
157.844 0.823
158.656 0.812
159.474 0.818
160.343 0.869
161.241 0.898
162.094 0.853
162.909 0.815
163.711 0.802
164.513 0.802
165.333 0.82
166.178 0.845
167.043 0.865
167.878 0.835
168.669 0.791
169.454 0.785
170.269 0.815
171.104 0.835
171.916 0.812
172.762 0.846
173.592 0.83
174.44 0.848
175.3 0.86
176.147 0.847
176.97 0.823
177.748 0.778
178.472 0.724
179.179 0.707
179.885 0.706
180.588 0.703
181.288 0.7
182.058 0.77
182.857 0.799
183.68 0.823
184.571 0.891
185.485 0.914
186.34 0.855
187.17 0.83
188.003 0.833
188.87 0.867
189.769 0.899
190.669 0.9
191.542 0.873
192.372 0.83
193.205 0.833
194.066 0.861
194.95 0.884
195.858 0.908
196.78 0.922
197.722 0.942
198.653 0.931
199.525 0.872
200.387 0.862
201.241 0.854
202.054 0.813
202.847 0.793
203.636 0.789
204.432 0.796
205.244 0.812
206.11 0.866
206.995 0.885
207.868 0.873
208.752 0.884
209.651 0.899
210.51 0.859
211.369 0.859
212.202 0.833
213.001 0.799
213.793 0.792
214.595 0.802
215.387 0.792
216.159 0.772
216.933 0.774
217.721 0.788
218.541 0.82
219.383 0.842
220.245 0.862
221.133 0.888
222.002 0.869
222.861 0.859
223.716 0.855
224.556 0.84
225.351 0.795
226.148 0.797
226.954 0.806
227.758 0.804
228.527 0.769
229.314 0.787
230.126 0.812
230.951 0.825
231.739 0.788
232.528 0.789
233.325 0.797
234.147 0.822
235.0 0.853
235.879 0.879
236.776 0.897
237.628 0.852
238.46 0.832
239.307 0.847
240.162 0.855
241.004 0.842
241.812 0.808
242.647 0.835
243.481 0.834
244.298 0.817
245.08 0.782
245.845 0.765
246.621 0.776
247.426 0.805
248.324 0.898
249.245 0.921
250.164 0.919
251.077 0.913
251.968 0.891
252.86 0.892
253.762 0.902
254.635 0.873
255.462 0.827
256.21 0.748
256.926 0.716
257.646 0.72
258.375 0.729
259.099 0.724
259.866 0.767
260.694 0.828
261.559 0.865
262.376 0.817
263.18 0.804
264.01 0.83
264.863 0.853
265.686 0.823
266.484 0.798
267.293 0.809
268.133 0.84
268.967 0.834
269.773 0.806
270.539 0.766
271.311 0.772
272.071 0.76
272.83 0.759
273.61 0.78
274.416 0.806
275.196 0.78
275.997 0.801
276.822 0.825
277.641 0.819
278.447 0.806
279.237 0.79
280.04 0.803
280.871 0.831
281.711 0.84
282.58 0.869
283.453 0.873
284.329 0.876
285.15 0.821
285.942 0.792
286.712 0.77
287.491 0.779
288.335 0.844
289.19 0.855
290.06 0.87
290.932 0.872
291.794 0.862
292.624 0.83
293.448 0.824
294.287 0.839
295.144 0.857
296.001 0.857
296.823 0.822
297.657 0.834
298.51 0.853
299.364 0.854
300.186 0.822
300.997 0.811
301.833 0.836
302.669 0.836
303.527 0.858
304.392 0.865
305.265 0.873
306.137 0.872
306.962 0.825
307.765 0.803
308.541 0.776
309.307 0.766
310.08 0.773
310.814 0.734
311.53 0.716
312.238 0.708
312.97 0.732
313.78 0.81
314.595 0.815
315.378 0.783
316.188 0.81
317.011 0.823
317.836 0.825
318.628 0.792
319.432 0.804
320.263 0.831
321.089 0.826
321.903 0.814
322.696 0.793
323.497 0.801
324.292 0.795
325.067 0.775
325.841 0.774
326.63 0.789
327.442 0.812
328.301 0.859
329.188 0.887
330.067 0.879
330.945 0.878
331.831 0.886
332.679 0.848
333.51 0.831
334.323 0.813
335.088 0.765
335.824 0.736
336.572 0.748
337.332 0.76
338.102 0.77
338.928 0.826
339.8 0.872
340.664 0.864
341.52 0.856
342.383 0.863
343.247 0.864
344.077 0.83
344.882 0.805
345.68 0.798
346.493 0.813
347.327 0.834
348.155 0.828
348.955 0.8
349.745 0.79
350.55 0.805
351.374 0.824
352.211 0.837
353.037 0.826
353.813 0.776
354.577 0.764
355.35 0.773
356.143 0.793
356.969 0.826
357.794 0.825
358.601 0.807
359.38 0.779
360.161 0.781
360.918 0.757
361.704 0.786
362.53 0.826
363.421 0.891
364.29 0.869
365.145 0.855
365.987 0.842
366.818 0.831
367.599 0.781
368.357 0.758
369.11 0.753
369.824 0.714
370.573 0.749
371.391 0.818
372.201 0.81
372.993 0.792
373.787 0.794
374.591 0.804
375.402 0.811
376.254 0.852
377.127 0.873
378.003 0.876
378.855 0.852
379.679 0.824
380.473 0.794
381.263 0.79
382.065 0.802
382.849 0.784
383.627 0.778
384.423 0.796
385.249 0.826
386.12 0.871
386.986 0.866
387.86 0.874
388.667 0.807
389.449 0.782
390.208 0.759
390.949 0.741
391.666 0.717
392.419 0.753
393.172 0.753
393.927 0.755
394.682 0.755
395.451 0.769
396.255 0.804
397.095 0.84
397.96 0.865
398.833 0.873
399.707 0.874
400.514 0.807
401.303 0.789
402.111 0.808
402.944 0.833
403.743 0.799
404.546 0.803
405.365 0.819
406.193 0.828
407.004 0.811
407.784 0.78
408.568 0.784
409.377 0.809
410.202 0.825
411.0 0.798
411.778 0.778
412.555 0.777
413.354 0.799
414.175 0.821
414.994 0.819
415.785 0.791
416.574 0.789
417.355 0.781
418.116 0.761
418.868 0.752
419.626 0.758
420.369 0.743
421.12 0.751
421.868 0.748
422.584 0.716
423.334 0.75
424.08 0.746
424.82 0.74
425.608 0.788
426.426 0.818
427.259 0.833
428.068 0.809
428.919 0.851
429.796 0.877
430.643 0.847
431.457 0.814
432.292 0.835
433.129 0.837
433.921 0.792
434.72 0.799
435.553 0.833
436.398 0.845
437.196 0.798
438.015 0.819
438.86 0.845
439.688 0.828
440.477 0.789
441.303 0.826
442.121 0.818
442.896 0.775
443.646 0.75
444.379 0.733
445.116 0.737
445.887 0.771
446.674 0.787
447.444 0.77
448.176 0.732
448.913 0.737
449.671 0.758
450.424 0.753
451.179 0.755
451.949 0.77
452.734 0.785
453.505 0.771
454.306 0.801
455.111 0.805
455.948 0.837
456.755 0.807
457.527 0.772
458.296 0.769
459.086 0.79
459.86 0.774
460.602 0.742
461.357 0.755
462.116 0.759
462.876 0.76
463.625 0.749
464.356 0.731
465.091 0.735
465.838 0.747
466.605 0.767
467.4 0.795
468.219 0.819
469.041 0.822
469.822 0.781
470.601 0.779
471.401 0.8
472.197 0.796
472.968 0.771
473.758 0.79
474.6 0.842
475.469 0.869
476.284 0.815
477.107 0.823
477.964 0.857
478.791 0.827
479.584 0.793
480.404 0.82
481.22 0.816
481.987 0.767
482.77 0.783
483.579 0.809
484.415 0.836
485.195 0.78
486.014 0.819
486.859 0.845
487.667 0.808
488.467 0.8
489.293 0.826
490.105 0.812
490.887 0.782
491.703 0.816
492.543 0.84
493.37 0.827
494.163 0.793
494.967 0.804
495.812 0.845
496.661 0.849
497.49 0.829
498.312 0.822
499.161 0.849
500.019 0.858
500.841 0.822
501.648 0.807
502.456 0.808
503.268 0.812
504.1 0.832
504.949 0.849
505.824 0.875
506.66 0.836
507.472 0.812
508.296 0.824
509.13 0.834
509.953 0.823
510.762 0.809
511.549 0.787
512.339 0.79
513.146 0.807
514.001 0.855
514.89 0.889
515.779 0.889
516.639 0.86
517.44 0.801
518.226 0.786
519.01 0.784
519.804 0.794
520.64 0.836
521.515 0.875
522.383 0.868
523.196 0.813
523.992 0.796
524.801 0.809
525.606 0.805
526.374 0.768
527.156 0.782
527.959 0.803
528.777 0.818
529.562 0.785
530.355 0.793
531.168 0.813
532.0 0.832
532.835 0.835
533.633 0.798
534.419 0.786
535.215 0.796
536.028 0.813
536.874 0.846
537.719 0.845
538.571 0.852
539.374 0.803
540.167 0.793
540.967 0.8
541.781 0.814
542.584 0.803
543.364 0.78
544.148 0.784
544.933 0.785
545.761 0.828
546.604 0.843
547.454 0.85
548.269 0.815
549.067 0.798
549.868 0.801
550.66 0.792
551.423 0.763
552.223 0.8
553.019 0.796
553.796 0.777
554.573 0.777
555.393 0.82
556.231 0.838
557.031 0.8
557.823 0.792
558.673 0.85
559.516 0.843
560.319 0.803
561.116 0.797
561.937 0.821
562.712 0.775
563.454 0.742
564.208 0.754
564.934 0.726
565.63 0.696
566.323 0.693
567.014 0.691
567.695 0.681
568.408 0.713
569.128 0.72
569.905 0.777
570.768 0.863
571.616 0.848
572.415 0.799
573.251 0.836
574.081 0.83
574.897 0.816
575.687 0.79
576.484 0.797
577.33 0.846
578.197 0.867
579.048 0.851
579.904 0.856
580.791 0.887
581.674 0.883
582.527 0.853
583.386 0.859
584.234 0.848
585.048 0.814
585.819 0.771
586.605 0.786
587.405 0.8
588.211 0.806
589.003 0.792
589.831 0.828
590.695 0.864
591.545 0.85
592.353 0.808
593.155 0.802
593.971 0.816
594.787 0.816
595.569 0.782
596.362 0.793
597.191 0.829
598.01 0.819
598.807 0.797
599.638 0.831
600.482 0.844
601.297 0.815
602.105 0.808
602.956 0.851
603.779 0.823
604.574 0.795
605.388 0.814
606.209 0.821
607.025 0.816
607.78 0.755
608.523 0.743
609.272 0.749
610.013 0.741
610.757 0.744
611.555 0.798
612.313 0.758
613.066 0.753
613.845 0.779
614.639 0.794
615.42 0.781
616.189 0.769
616.985 0.796
617.813 0.828
618.624 0.811
619.407 0.783
620.208 0.801
621.032 0.824
621.841 0.809
622.629 0.788
623.428 0.799
624.209 0.781
624.965 0.756
625.708 0.743
626.467 0.759
627.242 0.775
628.025 0.783
628.771 0.746
629.54 0.769
630.341 0.801
631.163 0.822
631.941 0.778
632.726 0.785
633.531 0.805
634.318 0.787
635.092 0.774
635.876 0.784
636.691 0.815
637.53 0.839
638.381 0.851
639.2 0.819
640.002 0.802
640.829 0.827
641.673 0.844
642.522 0.849
643.327 0.805
644.138 0.811
644.98 0.842
645.826 0.846
646.633 0.807
647.437 0.804
648.289 0.852
649.179 0.89
650.0 0.821
650.828 0.828
651.655 0.827
652.42 0.765
653.185 0.765
653.95 0.765
654.719 0.769
655.465 0.746
656.275 0.81
657.087 0.812
657.868 0.781
658.679 0.811
659.524 0.845
660.352 0.828
661.155 0.803
661.939 0.784
662.74 0.801
663.559 0.819
664.38 0.821
665.182 0.802
665.995 0.813
666.83 0.835
667.648 0.818
668.457 0.809
669.281 0.824
670.117 0.836
670.906 0.789
671.693 0.787
672.507 0.814
673.348 0.841
674.182 0.834
674.992 0.81
675.83 0.838
676.711 0.881
677.588 0.877
678.431 0.843
679.251 0.82
680.077 0.826
680.915 0.838
681.791 0.876
682.706 0.915
683.615 0.909
684.463 0.848
685.286 0.823
686.133 0.847
687.007 0.874
687.865 0.858
688.704 0.839
689.564 0.86
690.431 0.867
691.249 0.818
692.059 0.81
692.891 0.832
693.743 0.852
694.578 0.835
695.377 0.799
696.214 0.837
697.069 0.855
697.904 0.835
698.722 0.818
699.566 0.844
700.402 0.836
701.185 0.783
701.97 0.785
702.776 0.806
703.579 0.803
704.353 0.774
705.132 0.779
705.933 0.801
706.734 0.801
707.52 0.786
708.287 0.767
709.074 0.787
709.87 0.796
710.68 0.81
711.504 0.824
712.325 0.821
713.141 0.816
713.93 0.789
714.717 0.787
715.511 0.794
716.317 0.806
717.103 0.786
717.888 0.785
718.687 0.799
719.483 0.796
720.317 0.834
721.176 0.859
722.033 0.857
722.871 0.838
723.68 0.809
724.477 0.797
725.248 0.771
725.994 0.746
726.716 0.722
727.427 0.711
728.132 0.705
728.827 0.695
729.569 0.742
730.339 0.77
731.105 0.766
731.889 0.784
732.686 0.797
733.532 0.846
734.387 0.855
735.242 0.855
736.063 0.821
736.821 0.758
737.594 0.773
738.381 0.787
739.177 0.796
739.932 0.755
740.676 0.744
741.428 0.752
742.144 0.716
742.856 0.712
743.582 0.726
744.368 0.786
745.16 0.792
745.95 0.79
746.712 0.762
747.442 0.73
748.183 0.741
748.948 0.765
749.704 0.756
750.486 0.782
751.323 0.837
752.173 0.85
753.009 0.836
753.838 0.829
754.676 0.838
755.487 0.811
756.259 0.772
757.069 0.81
757.924 0.855
758.798 0.874
759.632 0.834
760.486 0.854
761.373 0.887
762.26 0.887
763.074 0.814
763.842 0.768
764.62 0.778
765.382 0.762
766.172 0.79
766.99 0.818
767.771 0.781
768.526 0.755
769.302 0.776
770.094 0.792