0.000 0.8
0.8 0.8
1.55 0.75
2.308 0.758
3.795 1.487
4.543 0.748
5.283 0.74
6.073 0.79
6.938 0.865
7.844 0.906
8.722 0.878
9.615 0.893
10.52 0.905
11.424 0.904
12.299 0.875
13.183 0.884
14.068 0.885
14.96 0.892
15.849 0.889
16.683 0.834
17.496 0.813
18.318 0.822
19.178 0.86
20.104 0.926
21.03 0.926
21.917 0.887
22.789 0.872
23.707 0.918
24.628 0.921
25.49 0.862
26.304 0.814
27.115 0.811
27.954 0.839
28.859 0.905
29.781 0.922
30.648 0.867
31.535 0.887
32.473 0.938
33.412 0.939
34.242 0.83
35.062 0.82
35.879 0.817
36.679 0.8
37.531 0.852
38.421 0.89
39.27 0.849
40.168 0.898
41.071 0.903
41.99 0.919
42.87 0.88
43.711 0.841
44.544 0.833
45.406 0.862
46.321 0.915
47.284 0.963
48.265 0.981
49.235 0.97
50.17 0.935
51.108 0.938
52.052 0.944
52.993 0.941
53.902 0.909
54.821 0.919
55.759 0.938
56.695 0.936
57.64 0.945
58.568 0.928
59.439 0.871
60.298 0.859
61.17 0.872
62.074 0.904
63.003 0.929
63.926 0.923
64.795 0.869
65.689 0.894
66.603 0.914
67.495 0.892
68.344 0.849
69.227 0.883
70.133 0.906
71.02 0.887
71.851 0.831
72.671 0.82
73.478 0.807
74.285 0.807
75.051 0.766
75.832 0.781
76.616 0.784
77.381 0.765
78.141 0.76
78.913 0.772
79.71 0.797
80.533 0.823
81.368 0.835
82.192 0.824
82.978 0.786
83.776 0.798
84.559 0.783
85.36 0.801
86.157 0.797
86.94 0.783
87.741 0.801
88.557 0.816
89.409 0.852
90.278 0.869
91.196 0.918
92.108 0.912
92.972 0.864
93.83 0.858
94.718 0.888
95.588 0.87
96.41 0.822
97.275 0.865
98.159 0.884
99.025 0.866
99.852 0.827
100.67 0.818
101.494 0.824
102.345 0.851
103.242 0.897
104.151 0.909
105.004 0.853
105.853 0.849
106.751 0.898
107.669 0.918
108.579 0.91
109.457 0.878
110.371 0.914
111.274 0.903
112.13 0.856
112.979 0.849
113.849 0.87
114.73 0.881
115.571 0.841
116.386 0.815
117.223 0.837
118.07 0.847
118.875 0.805
119.687 0.812
120.526 0.839
121.371 0.845
122.181 0.81
122.987 0.806
123.813 0.826
124.683 0.87
125.581 0.898
126.486 0.905
127.339 0.853
128.2 0.861
129.079 0.879
129.957 0.878
130.802 0.845
131.661 0.859
132.547 0.886
133.459 0.912
134.307 0.848
135.151 0.844
136.004 0.853
136.865 0.861
137.678 0.813
138.495 0.817
139.342 0.847
140.215 0.873
141.042 0.827
141.856 0.814
142.701 0.845
143.569 0.868
144.429 0.86
145.248 0.819
146.099 0.851
146.976 0.877
147.862 0.886
148.694 0.832
149.539 0.845
150.403 0.864
151.284 0.881
152.135 0.851
152.963 0.828
153.832 0.869
154.712 0.88
155.612 0.9
156.437 0.825
157.271 0.834
158.114 0.843
158.974 0.86
159.808 0.834
160.653 0.845
161.499 0.846
162.297 0.798
163.077 0.78
163.85 0.773
164.604 0.754
165.404 0.8
166.22 0.816
167.022 0.802
167.819 0.797
168.634 0.815
169.514 0.88
170.391 0.877
171.276 0.885
172.109 0.833
172.916 0.807
173.754 0.838
174.589 0.835
175.4 0.811
176.233 0.833
177.107 0.874
177.988 0.881
178.848 0.86
179.721 0.873
180.613 0.892
181.504 0.891
182.349 0.845
183.201 0.852
184.066 0.865
184.95 0.884
185.797 0.847
186.635 0.838
187.517 0.882
188.395 0.878
189.232 0.837
190.069 0.837
190.943 0.874
191.813 0.87
192.645 0.832
193.47 0.825
194.335 0.865
195.216 0.881
196.06 0.844
196.877 0.817
197.713 0.836
198.564 0.851
199.376 0.812
200.182 0.806
201.018 0.836
201.899 0.881
202.783 0.884
203.633 0.85
204.466 0.833
205.312 0.846
206.171 0.859
207.044 0.873
207.915 0.871
208.775 0.86
209.591 0.816
210.411 0.82
211.248 0.837
212.081 0.833
212.884 0.803
213.713 0.829
214.581 0.868
215.464 0.883
216.342 0.878
217.197 0.855
218.063 0.866
218.953 0.89
219.825 0.872
220.651 0.826
221.482 0.831
222.356 0.874
223.211 0.855
224.015 0.804
224.833 0.818
225.671 0.838
226.516 0.845
227.324 0.808
228.176 0.852
229.06 0.884
229.906 0.846
230.724 0.818
231.582 0.858
232.453 0.871
233.284 0.831
234.106 0.822
234.957 0.851
235.801 0.844
236.606 0.805
237.429 0.823
238.281 0.852
239.147 0.866
239.966 0.819
240.806 0.84
241.676 0.87
242.552 0.876
243.393 0.841
244.26 0.867
245.086 0.826
245.875 0.789
246.652 0.777
247.444 0.792
248.232 0.788
248.997 0.765
249.774 0.777
250.581 0.807
251.37 0.789
252.198 0.828
253.067 0.869
253.934 0.867
254.755 0.821
255.594 0.839
256.47 0.876
257.336 0.866
258.164 0.828
259.001 0.837
259.853 0.852
260.666 0.813
261.465 0.799
262.261 0.796
263.139 0.878
264.008 0.869
264.828 0.82
265.645 0.817
266.429 0.784
267.187 0.758
267.957 0.77
268.714 0.757
269.48 0.766
270.254 0.774
271.059 0.805
271.931 0.872
272.826 0.895
273.71 0.884
274.568 0.858
275.439 0.871
276.347 0.908
277.259 0.912
278.166 0.907
279.061 0.895
279.956 0.895
280.854 0.898
281.75 0.896
282.6 0.85
283.421 0.821
284.244 0.823
285.102 0.858
285.96 0.858
286.836 0.876
287.702 0.866
288.521 0.819
289.363 0.842
290.202 0.839
291.023 0.821
291.825 0.802
292.661 0.836
293.528 0.867
294.376 0.848
295.186 0.81
296.024 0.838
296.875 0.851
297.742 0.867
298.568 0.826
299.408 0.84
300.256 0.848
301.103 0.847
301.914 0.811
302.751 0.837
303.605 0.854
304.442 0.837
305.239 0.797
306.023 0.784
306.826 0.803
307.619 0.793
308.393 0.774
309.163 0.77
309.931 0.768
310.682 0.751
311.456 0.774
312.22 0.764
312.972 0.752
313.742 0.77
314.553 0.811
315.381 0.828
316.194 0.813
317.006 0.812
317.838 0.832
318.683 0.845
319.505 0.822
320.289 0.784
321.063 0.774
321.886 0.823
322.676 0.79
323.455 0.779
324.233 0.778
324.998 0.765
325.744 0.746
326.501 0.757
327.272 0.771
328.039 0.767
328.834 0.795
329.658 0.824
330.493 0.835
331.336 0.843
332.172 0.836
333.032 0.86
333.889 0.857
334.75 0.861
335.597 0.847
336.422 0.825
337.238 0.816
338.056 0.818
338.917 0.861
339.816 0.899
340.692 0.876
341.512 0.82
342.338 0.826
343.185 0.847
344.055 0.87
344.917 0.862
345.733 0.816
346.526 0.793
347.332 0.806
348.149 0.817
348.976 0.827
349.76 0.784
350.557 0.797
351.379 0.822
352.209 0.83
352.989 0.78
353.79 0.801
354.614 0.824
355.455 0.841
356.251 0.796
357.046 0.795
357.853 0.807
358.651 0.798
359.414 0.763
360.178 0.764
360.956 0.778
361.756 0.8
362.546 0.79
363.348 0.802
364.141 0.793
364.932 0.791
365.719 0.787
366.558 0.839
367.367 0.809
368.175 0.808
369.026 0.851
369.886 0.86
370.728 0.842
371.539 0.811
372.346 0.807
373.176 0.83
374.016 0.84
374.813 0.797
375.617 0.804
376.454 0.837
377.278 0.824
378.068 0.79
378.863 0.795
379.698 0.835
380.543 0.845
381.367 0.824
382.176 0.809
382.993 0.817
383.837 0.844
384.736 0.899
385.623 0.887
386.534 0.911
387.421 0.887
388.251 0.83
389.091 0.84
389.947 0.856
390.817 0.87
391.661 0.844
392.529 0.868
393.407 0.878
394.292 0.885
395.169 0.877
396.025 0.856
396.887 0.862
397.808 0.921
398.743 0.935
399.614 0.871
400.48 0.866
401.333 0.853
402.159 0.826
402.966 0.807
403.779 0.813
404.579 0.8
405.396 0.817
406.271 0.875
407.127 0.856
407.935 0.808
408.771 0.836
409.619 0.848
410.434 0.815
411.257 0.823
412.104 0.847
412.952 0.848
413.762 0.81
414.609 0.847
415.481 0.872
416.302 0.821
417.108 0.806
417.94 0.832
418.742 0.802
419.524 0.782
420.302 0.778
421.082 0.78
421.925 0.843
422.76 0.835
423.554 0.794
424.378 0.824
425.217 0.839
426.024 0.807
426.848 0.824
427.706 0.858
428.569 0.863
429.397 0.828
430.257 0.86
431.157 0.9
432.069 0.912
432.911 0.842
433.769 0.858
434.632 0.863
435.505 0.873
436.356 0.851
437.213 0.857
438.095 0.882
438.981 0.886
439.839 0.858
440.671 0.832
441.525 0.854
442.407 0.882
443.262 0.855
444.074 0.812
444.897 0.823
445.74 0.843
446.562 0.822
447.357 0.795
448.161 0.804
448.982 0.821
449.805 0.823
450.593 0.788
451.39 0.797
452.22 0.83
453.099 0.879
454.002 0.903
454.866 0.864
455.685 0.819
456.507 0.822
457.337 0.83
458.17 0.833
459.02 0.85
459.875 0.855
460.694 0.819
461.532 0.838
462.383 0.851
463.25 0.867
464.07 0.82
464.912 0.842
465.765 0.853
466.627 0.862
467.507 0.88
468.356 0.849
469.175 0.819
470.014 0.839
470.845 0.831
471.635 0.79
472.428 0.793
473.227 0.799
474.001 0.774
474.773 0.772
475.525 0.752
476.262 0.737
477.006 0.744
477.767 0.761
478.581 0.814
479.429 0.848
480.251 0.822
481.067 0.816
481.911 0.844
482.789 0.878
483.643 0.854
484.487 0.844
485.337 0.85
486.183 0.846
487.034 0.851
487.839 0.805
488.634 0.795
489.438 0.804
490.289 0.851
491.189 0.9
492.108 0.919
493.001 0.893
493.864 0.863
494.745 0.881
495.619 0.874
496.446 0.827
497.27 0.824
498.113 0.843
498.957 0.844
499.791 0.834
500.602 0.811
501.425 0.823
502.285 0.86
503.15 0.865
503.989 0.839
504.825 0.836
505.683 0.858
506.553 0.87
507.398 0.845
508.221 0.823
509.051 0.83
509.906 0.855
510.768 0.862
511.591 0.823
512.409 0.818
513.274 0.865
514.101 0.827
514.916 0.815
515.76 0.844
516.592 0.832
517.421 0.829
518.281 0.86
519.18 0.899
520.032 0.852
520.911 0.879
521.798 0.887
522.624 0.826
523.404 0.78
524.175 0.771
524.939 0.764
525.713 0.774
526.528 0.815
527.354 0.826
528.17 0.816
528.977 0.807
529.815 0.838
530.666 0.851
531.492 0.826
532.313 0.821
533.165 0.852
534.019 0.854
534.862 0.843
535.685 0.823
536.533 0.848
537.379 0.846
538.197 0.818
538.986 0.789
539.8 0.814
540.643 0.843
541.501 0.858
542.343 0.842
543.178 0.835
544.03 0.852
544.872 0.842
545.705 0.833
546.5 0.795
547.304 0.804
548.128 0.824
548.947 0.819
549.729 0.782
550.536 0.807
551.341 0.805
552.139 0.798
552.907 0.768
553.693 0.786
554.509 0.816
555.336 0.827
556.141 0.805
556.946 0.805
557.775 0.829
558.628 0.853
559.486 0.858
560.308 0.822
561.138 0.83
561.995 0.857
562.861 0.866
563.704 0.843
564.522 0.818
565.371 0.849
566.24 0.869
567.122 0.882
567.97 0.848
568.801 0.831
569.652 0.851
570.521 0.869
571.372 0.851
572.188 0.816
572.987 0.799
573.815 0.828
574.683 0.868
575.54 0.857
576.373 0.833
577.237 0.864
578.122 0.885
579.001 0.879
579.849 0.848
580.673 0.824
581.519 0.846
582.388 0.869
583.254 0.866
584.074 0.82
584.865 0.791
585.661 0.796
586.483 0.822
587.284 0.801
588.061 0.777
588.831 0.77
589.616 0.785
590.439 0.823
591.258 0.819
592.089 0.831
592.954 0.865
593.824 0.87
594.653 0.829
595.501 0.848
596.375 0.874
597.257 0.882
598.174 0.917
599.02 0.846
599.859 0.839
600.707 0.848
601.584 0.877
602.469 0.885
603.328 0.859
604.192 0.864
605.083 0.891
605.955 0.872
606.792 0.837
607.631 0.839
608.442 0.811
609.203 0.761
610.005 0.802
610.838 0.833