0.000 0.767
0.767 0.767
1.527 0.76
2.272 0.745
3.004 0.732
3.728 0.724
4.456 0.728
5.194 0.738
5.967 0.773
6.773 0.806
7.596 0.823
8.407 0.811
9.196 0.789
9.972 0.776
10.783 0.811
11.601 0.818
12.433 0.832
13.257 0.824
14.074 0.817
14.904 0.83
15.752 0.848
16.616 0.864
17.465 0.849
18.272 0.807
19.065 0.793
19.846 0.781
20.648 0.802
21.46 0.812
22.247 0.787
23.028 0.781
23.814 0.786
24.611 0.797
25.443 0.832
26.285 0.842
27.121 0.836
27.909 0.788
28.692 0.783
29.487 0.795
30.334 0.847
31.245 0.911
32.135 0.89
33.009 0.874
33.885 0.876
34.781 0.896
35.692 0.911
36.585 0.893
37.454 0.869
38.323 0.869
39.168 0.845
39.99 0.822
40.805 0.815
41.631 0.826
42.538 0.907
43.473 0.935
44.385 0.912
45.295 0.91
46.192 0.897
47.09 0.898
47.967 0.877
48.824 0.857
49.649 0.825
50.469 0.82
51.312 0.843
52.214 0.902
53.149 0.935
54.037 0.888
54.906 0.869
55.772 0.866
56.65 0.878
57.534 0.884
58.395 0.861
59.222 0.827
60.046 0.824
60.877 0.831
61.72 0.843
62.546 0.826
63.343 0.797
64.163 0.82
65.001 0.838
65.831 0.83
66.663 0.832
67.479 0.816
68.308 0.829
69.111 0.803
69.914 0.803
70.727 0.813
71.61 0.883
72.522 0.912
73.426 0.904
74.359 0.933
75.342 0.983
76.323 0.981
77.269 0.946
78.159 0.89
79.019 0.86
79.879 0.86
80.745 0.866
81.625 0.88
82.522 0.897
83.429 0.907
84.334 0.905
85.245 0.911
86.163 0.918
87.027 0.864
87.851 0.824
88.689 0.838
89.574 0.885
90.535 0.961
91.503 0.968
92.433 0.93
93.322 0.889
94.219 0.897
95.11 0.891
96.012 0.902
96.897 0.885
97.747 0.85
98.584 0.837
99.427 0.843
100.336 0.909
101.271 0.935
102.188 0.917
103.079 0.891
103.968 0.889
104.856 0.888
105.75 0.894
106.655 0.905
107.521 0.866
108.39 0.869
109.269 0.879
110.209 0.94
111.182 0.973
112.119 0.937
113.072 0.953
114.023 0.951
114.966 0.943
115.862 0.896
116.715 0.853
117.557 0.842
118.408 0.851
119.294 0.886
120.191 0.897
121.061 0.87
121.895 0.834
122.74 0.845
123.629 0.889
124.57 0.941
125.53 0.96
126.487 0.957
127.429 0.942
128.318 0.889
129.196 0.878
130.073 0.877
130.965 0.892
131.891 0.926
132.803 0.912
133.694 0.891
134.546 0.852
135.4 0.854
136.297 0.897
137.244 0.947
138.19 0.946
139.1 0.91
139.994 0.894
140.887 0.893
141.78 0.893
142.685 0.905
143.567 0.882
144.43 0.863
145.303 0.873
146.212 0.909
147.143 0.931
148.034 0.891
148.926 0.892
149.828 0.902
150.735 0.907
151.644 0.909
152.538 0.894
153.403 0.865
154.266 0.863
155.164 0.898
156.095 0.931
157.008 0.913
157.892 0.884
158.789 0.897
159.699 0.91
160.63 0.931
161.571 0.941
162.486 0.915
163.381 0.895
164.282 0.901
165.213 0.931
166.151 0.938
167.076 0.925
167.999 0.923
168.908 0.909
169.784 0.876
170.666 0.882
171.573 0.907
172.509 0.936
173.45 0.941
174.352 0.902
175.244 0.892
176.132 0.888
177.009 0.877
177.831 0.822
178.65 0.819
179.499 0.849
180.354 0.855
181.204 0.85
182.055 0.851
182.888 0.833
183.689 0.801
184.469 0.78
185.269 0.8
186.101 0.832
186.97 0.869
187.861 0.891
188.726 0.865
189.617 0.891
190.543 0.926
191.471 0.928
192.399 0.928
193.299 0.9
194.203 0.904
195.13 0.927
196.068 0.938
196.987 0.919
197.876 0.889
198.77 0.894
199.673 0.903
200.588 0.915
201.472 0.884
202.359 0.887
203.251 0.892
204.136 0.885
205.02 0.884
205.926 0.906
206.858 0.932
207.782 0.924
208.705 0.923
209.593 0.888
210.482 0.889
211.371 0.889
212.28 0.909
213.195 0.915
214.091 0.896
214.968 0.877
215.823 0.855
216.648 0.825
217.446 0.798
218.237 0.791
219.052 0.815
219.912 0.86
220.828 0.916
221.749 0.921
222.645 0.896
223.536 0.891
224.431 0.895
225.314 0.883
226.171 0.857
227.023 0.852
227.866 0.843
228.729 0.863
229.583 0.854
230.466 0.883
231.397 0.931
232.332 0.935
233.242 0.91
234.142 0.9
235.026 0.884
235.911 0.885
236.814 0.903
237.726 0.912
238.665 0.939
239.568 0.903
240.451 0.883
241.336 0.885
242.254 0.918
243.139 0.885
244.016 0.877
244.884 0.868
245.735 0.851
246.58 0.845
247.414 0.834
248.294 0.88
249.165 0.871
250.009 0.844
250.838 0.829
251.654 0.816
252.459 0.805
253.245 0.786
254.021 0.776
254.819 0.798
255.658 0.839
256.554 0.896
257.435 0.881
258.251 0.816
259.076 0.825
259.897 0.821
260.776 0.879
261.665 0.889
262.545 0.88
263.423 0.878
264.289 0.866
265.112 0.823
265.946 0.834
266.805 0.859
267.656 0.851
268.507 0.851
269.387 0.88
270.294 0.907
271.195 0.901
272.094 0.899
272.992 0.898
273.867 0.875
274.686 0.819
275.519 0.833
276.363 0.844
277.251 0.888
278.172 0.921
279.08 0.908
279.968 0.888
280.859 0.891
281.742 0.883
282.613 0.871
283.476 0.863
284.293 0.817
285.105 0.812
285.921 0.816
286.768 0.847
287.643 0.875
288.521 0.878
289.425 0.904
290.357 0.932
291.292 0.935
292.166 0.874
293.024 0.858
293.851 0.827
294.674 0.823
295.468 0.794
296.264 0.796
297.16 0.896
298.121 0.961
299.046 0.925
299.91 0.864
300.754 0.844
301.619 0.865
302.508 0.889
303.385 0.877
304.26 0.875
305.128 0.868
305.99 0.862
306.831 0.841
307.671 0.84
308.556 0.885
309.511 0.955
310.45 0.939
311.441 0.991
312.448 1.007
313.462 1.014
314.404 0.942
315.346 0.942
316.284 0.938
317.226 0.942
318.151 0.925
319.085 0.934
320.054 0.969
321.039 0.985
322.021 0.982
322.987 0.966
323.956 0.969
324.944 0.988
325.943 0.999
326.938 0.995
327.9 0.962
328.895 0.995
329.917 1.022
330.956 1.039
331.977 1.021
332.933 0.956
333.869 0.936
334.819 0.95
335.842 1.023
336.879 1.037
337.89 1.011
338.864 0.974
339.826 0.962
340.793 0.967
341.748 0.955
342.691 0.943
343.591 0.9
344.506 0.915
345.459 0.953
346.427 0.968
347.387 0.96
348.303 0.916
349.231 0.928
350.168 0.937
351.111 0.943
352.038 0.927
352.987 0.949
353.951 0.964
354.904 0.953
355.872 0.968
356.837 0.965
357.805 0.968
358.751 0.946
359.704 0.953
360.687 0.983
361.652 0.965
362.607 0.955
363.576 0.969
364.551 0.975
365.519 0.968
366.459 0.94
367.396 0.937
368.373 0.977
369.365 0.992
370.335 0.97
371.344 1.009
372.341 0.997
373.329 0.988
374.272 0.943
375.219 0.947
376.186 0.967
377.106 0.92
378.026 0.92
378.941 0.915
379.836 0.895
380.704 0.868
381.532 0.828
382.345 0.813
383.196 0.851
384.076 0.88
384.931 0.855
385.773 0.842
386.633 0.86
387.563 0.93
388.512 0.949
389.466 0.954
390.43 0.964
391.391 0.961
392.321 0.93
393.251 0.93
394.203 0.952
395.187 0.984
396.174 0.987
397.143 0.969
398.14 0.997
399.156 1.016
400.158 1.002
401.126 0.968
402.101 0.975
403.086 0.985
404.048 0.962
405.017 0.969
405.982 0.965
406.898 0.916
407.767 0.869
408.658 0.891
409.58 0.922
410.561 0.981
411.532 0.971
412.495 0.963
413.479 0.984
414.449 0.97
415.387 0.938
416.316 0.929
417.244 0.928
418.184 0.94
419.15 0.966
420.128 0.978
421.049 0.921
421.961 0.912
422.843 0.882
423.682 0.839
424.532 0.85
425.407 0.875
426.32 0.913
427.281 0.961
428.231 0.95
429.135 0.904
430.043 0.908
430.98 0.937
431.954 0.974
432.882 0.928
433.828 0.946
434.801 0.973
435.782 0.981
436.729 0.947
437.692 0.963
438.655 0.963
439.628 0.973
440.567 0.939
441.517 0.95
442.482 0.965
443.485 1.003
444.472 0.987
445.46 0.988
446.421 0.961
447.351 0.93
448.275 0.924
449.227 0.952
450.204 0.977
451.197 0.993
452.162 0.965
453.124 0.962
454.066 0.942
454.993 0.927
455.913 0.92
456.889 0.976
457.912 1.023
458.897 0.985
459.899 1.002
460.919 1.02
461.936 1.017
462.949 1.013
463.962 1.013
464.983 1.021
465.986 1.003
466.994 1.008
468.008 1.014
469.035 1.027
470.033 0.998
470.987 0.954
471.992 1.005
473.024 1.032
474.055 1.031
475.062 1.007
476.102 1.04
477.126 1.024
478.086 0.96
479.046 0.96
480.02 0.974
481.011 0.991
481.982 0.971
482.997 1.015
484.087 1.09
485.136 1.049
486.125 0.989
487.107 0.982
488.094 0.987
489.09 0.996
490.089 0.999
491.065 0.976
492.053 0.988
493.059 1.006
494.041 0.982
495.028 0.987
496.04 1.012
497.065 1.025
498.061 0.996
499.026 0.965
499.99 0.964
500.963 0.973
501.939 0.976
502.949 1.01
503.97 1.021
504.979 1.009
505.985 1.006
507.011 1.026
508.027 1.016
509.033 1.006
510.03 0.997
511.02 0.99
511.991 0.971
512.975 0.984
513.956 0.981
514.926 0.97
515.863 0.937
516.829 0.966
517.835 1.006
518.828 0.993
519.811 0.983
520.794 0.983
521.766 0.972
522.702 0.936
523.657 0.955
524.622 0.965
525.571 0.949
526.509 0.938
527.475 0.966
528.43 0.955
529.376 0.946
530.356 0.98
531.356 1.0
532.336 0.98
533.289 0.953
534.238 0.949
535.193 0.955
536.124 0.931
537.071 0.947
538.018 0.947
538.953 0.935
539.878 0.925
540.824 0.946
541.772 0.948
542.681 0.909
543.568 0.887
544.418 0.85
545.253 0.835
546.125 0.872
547.016 0.891
547.924 0.908
548.836 0.912
549.725 0.889
550.616 0.891
551.532 0.916
552.442 0.91
553.369 0.927
554.312 0.943
555.273 0.961
556.228 0.955
557.218 0.99
558.224 1.006
559.212 0.988
560.199 0.987
561.197 0.998
562.177 0.98
563.164 0.987
564.173 1.009
565.156 0.983
566.134 0.978
567.04 0.906
567.913 0.873
568.805 0.892
569.748 0.943
570.744 0.996
571.687 0.943
572.639 0.952
573.608 0.969
574.556 0.948
575.52 0.964
576.477 0.957
577.4 0.923
578.342 0.942
579.31 0.968
580.255 0.945
581.205 0.95
582.183 0.978
583.15 0.967
584.111 0.961
585.076 0.965
586.055 0.979
586.993 0.938
587.937 0.944
588.882 0.945
589.842 0.96
590.788 0.946
591.758 0.97
592.725 0.967
593.644 0.919
594.596 0.952
595.592 0.996
596.556 0.964
597.434 0.878
598.27 0.836
599.154 0.884
600.117 0.963
601.042 0.925