0.000 1.022
1.022 1.022
2.041 1.019
2.998 0.957
3.955 0.957
4.904 0.949
5.909 1.005
6.897 0.988
7.878 0.981
8.892 1.014
9.905 1.013
10.927 1.022
11.944 1.017
12.97 1.026
13.99 1.02
14.989 0.999
15.999 1.01
16.994 0.995
17.92 0.926
18.876 0.956
19.896 1.02
20.929 1.033
21.957 1.028
22.996 1.039
24.029 1.033
25.051 1.022
26.086 1.035
27.122 1.036
28.151 1.029
29.184 1.033
30.231 1.047
31.272 1.041
32.337 1.065
33.402 1.065
34.457 1.055
35.524 1.067
36.589 1.065
37.634 1.045
38.682 1.048
39.714 1.032
40.724 1.01
41.733 1.009
42.749 1.016
43.781 1.032
44.829 1.048
45.893 1.064
46.963 1.07
48.016 1.053
49.085 1.069
50.162 1.077
51.227 1.065
52.313 1.086
53.394 1.081
54.493 1.099
55.57 1.077
56.649 1.079
57.711 1.062
58.763 1.052
59.805 1.042
60.856 1.051
61.929 1.073
63.013 1.084
64.107 1.094
65.212 1.105
66.324 1.112
67.437 1.113
68.541 1.104
69.651 1.11
70.755 1.104
71.871 1.116
72.983 1.112
74.09 1.107
75.214 1.124
76.351 1.137
77.468 1.117
78.557 1.089
79.639 1.082
80.728 1.089
81.808 1.08
82.895 1.087
83.993 1.098
85.1 1.107
86.197 1.097
87.269 1.072
88.327 1.058
89.39 1.063
90.434 1.044
91.459 1.025
92.509 1.05
93.577 1.068
94.64 1.063
95.705 1.065
96.788 1.083
97.877 1.089
98.975 1.098
100.065 1.09
101.144 1.079
102.234 1.09
103.319 1.085
104.401 1.082
105.472 1.071
106.563 1.091
107.664 1.101
108.757 1.093
109.854 1.097
110.932 1.078
112.008 1.076
113.101 1.093
114.197 1.096
115.28 1.083
116.35 1.07
117.421 1.071
118.493 1.072
119.56 1.067
120.612 1.052
121.679 1.067
122.753 1.074
123.834 1.081
124.91 1.076
125.995 1.085
127.088 1.093
128.16 1.072
129.228 1.068
130.284 1.056
131.341 1.057
132.373 1.032
133.362 0.989
134.306 0.944
135.239 0.933
136.16 0.921
137.098 0.938
138.041 0.943
139.04 0.999
140.057 1.017
141.077 1.02
142.106 1.029
143.163 1.057
144.239 1.076
145.323 1.084
146.415 1.092
147.524 1.109
148.627 1.103
149.717 1.09
150.812 1.095
151.912 1.1
153.015 1.103
154.13 1.115
155.263 1.133
156.38 1.117
157.476 1.096
158.575 1.099
159.672 1.097
160.761 1.089
161.861 1.1
162.969 1.108
164.069 1.1
165.151 1.082
166.236 1.085
167.313 1.077
168.392 1.079
169.463 1.071
170.495 1.032
171.539 1.044
172.591 1.052
173.646 1.055
174.699 1.053
175.763 1.064
176.838 1.075
177.917 1.079
178.997 1.08
180.089 1.092
181.186 1.097
182.26 1.074
183.32 1.06
184.385 1.065
185.452 1.067
186.518 1.066
187.585 1.067
188.668 1.083
189.766 1.098
190.873 1.107
191.982 1.109
193.09 1.108
194.204 1.114
195.313 1.109
196.415 1.102
197.495 1.08
198.582 1.087
199.682 1.1
200.78 1.098
201.863 1.083
202.924 1.061
203.982 1.058
205.049 1.067
206.127 1.078
207.203 1.076
208.297 1.094
209.412 1.115
210.524 1.112
211.618 1.094
212.696 1.078
213.773 1.077
214.85 1.077
215.925 1.075
216.992 1.067
218.051 1.059
219.123 1.072
220.198 1.075
221.256 1.058
222.319 1.063
223.383 1.064
224.433 1.05
225.481 1.048
226.538 1.057
227.602 1.064
228.672 1.07
229.727 1.055
230.781 1.054
231.849 1.068
232.919 1.07
233.99 1.071
235.065 1.075
236.125 1.06
237.168 1.043
238.213 1.045
239.259 1.046
240.315 1.056
241.37 1.055
242.421 1.051
243.487 1.066
244.557 1.07
245.629 1.072
246.685 1.056
247.746 1.061
248.813 1.067
249.871 1.058
250.927 1.056
251.991 1.064
253.043 1.052
254.083 1.04
255.127 1.044
256.191 1.064
257.267 1.076
258.314 1.047
259.335 1.021
260.369 1.034
261.412 1.043
262.457 1.045
263.491 1.034
264.53 1.039
265.585 1.055
266.668 1.083
267.782 1.114
268.9 1.118
269.993 1.093
271.077 1.084
272.163 1.086
273.237 1.074
274.296 1.059
275.363 1.067
276.442 1.079
277.531 1.089
278.622 1.091
279.743 1.121
280.872 1.129
281.987 1.115
283.081 1.094
284.174 1.093
285.27 1.096
286.36 1.09
287.436 1.076
288.511 1.075
289.604 1.093
290.709 1.105
291.82 1.111
292.919 1.099
293.994 1.075
295.066 1.072
296.145 1.079
297.222 1.077
298.288 1.066
299.363 1.075
300.453 1.09
301.551 1.098
302.645 1.094
303.737 1.092
304.839 1.102
305.936 1.097
307.027 1.091
308.108 1.081
309.196 1.088
310.291 1.095
311.376 1.085
312.46 1.084
313.557 1.097
314.652 1.095
315.734 1.082
316.827 1.093
317.923 1.096
318.996 1.073
320.071 1.075
321.145 1.074
322.203 1.058
323.272 1.069
324.337 1.065
325.378 1.041
326.396 1.018
327.431 1.035
328.474 1.043
329.511 1.037
330.551 1.04
331.604 1.053
332.662 1.058
333.723 1.061
334.814 1.091
335.906 1.092
336.992 1.086
338.098 1.106
339.204 1.106
340.287 1.083
341.355 1.068
342.428 1.073
343.497 1.069
344.544 1.047
345.606 1.062
346.674 1.068
347.728 1.054
348.795 1.067
349.871 1.076
350.936 1.065
351.991 1.055
353.051 1.06
354.095 1.044
355.11 1.015
356.131 1.021
357.175 1.044
358.24 1.065
359.302 1.062
360.375 1.073
361.467 1.092
362.54 1.073
363.612 1.072
364.696 1.084
365.785 1.089
366.855 1.07
367.937 1.082
369.037 1.1
370.133 1.096
371.211 1.078
372.298 1.087
373.397 1.099
374.5 1.103
375.586 1.086
376.679 1.093
377.785 1.106
378.89 1.105
379.979 1.089
381.086 1.107
382.202 1.116
383.3 1.098
384.416 1.116
385.529 1.113
386.606 1.077
387.69 1.084
388.78 1.09
389.852 1.072
390.922 1.07
392.016 1.094
393.123 1.107
394.211 1.088
395.305 1.094
396.408 1.103
397.49 1.082
398.582 1.092
399.682 1.1
400.773 1.091
401.849 1.076
402.927 1.078
404.013 1.086
405.093 1.08
406.156 1.063
407.232 1.076
408.322 1.09
409.398 1.076
410.47 1.072
411.553 1.083
412.642 1.089
413.718 1.076
414.803 1.085
415.898 1.095
416.984 1.086
418.072 1.088
419.176 1.104
420.282 1.106
421.383 1.101
422.501 1.118
423.599 1.098
424.685 1.086
425.778 1.093
426.876 1.098
427.95 1.074
429.022 1.072
430.097 1.075
431.167 1.07
432.236 1.069
433.325 1.089
434.424 1.099
435.511 1.087
436.598 1.087
437.685 1.087
438.746 1.061
439.803 1.057
440.877 1.074
441.952 1.075
443.024 1.072
444.118 1.094
445.212 1.094
446.276 1.064
447.344 1.068
448.414 1.07
449.477 1.063
450.555 1.078
451.634 1.079
452.696 1.062
453.759 1.063
454.838 1.079
455.922 1.084
456.987 1.065
458.047 1.06
459.119 1.072
460.19 1.071
461.257 1.067
462.338 1.081
463.417 1.079
464.487 1.07
465.543 1.056
466.605 1.062
467.673 1.068
468.733 1.06
469.787 1.054
470.854 1.067
471.916 1.062
472.97 1.054
474.038 1.068
475.113 1.075
476.17 1.057
477.224 1.054
478.286 1.062
479.338 1.052
480.375 1.037
481.424 1.049
482.486 1.062
483.547 1.061
484.628 1.081
485.73 1.102
486.826 1.096
487.9 1.074
488.976 1.076
490.063 1.087
491.148 1.085
492.219 1.071
493.282 1.063
494.347 1.065
495.418 1.071
496.48 1.062
497.556 1.076
498.65 1.094
499.743 1.093
500.822 1.079
501.899 1.077
502.996 1.097
504.104 1.108
505.188 1.084
506.271 1.083
507.363 1.092
508.44 1.077
509.503 1.063
510.588 1.085
511.672 1.084
512.741 1.069
513.823 1.082
514.908 1.085
515.971 1.063
517.034 1.063
518.069 1.035
519.095 1.026
520.129 1.034
521.185 1.056
522.254 1.069
523.319 1.065
524.398 1.079
525.496 1.098
526.596 1.1
527.68 1.084
528.769 1.089
529.867 1.098
530.952 1.085
532.04 1.088
533.14 1.1
534.23 1.09
535.314 1.084
536.417 1.103
537.535 1.118
538.638 1.103
539.746 1.108
540.854 1.108
541.941 1.087
543.041 1.1
544.138 1.097
545.209 1.071
546.286 1.077
547.383 1.097
548.475 1.092
549.591 1.116
550.731 1.14
551.858 1.127
552.997 1.139
554.133 1.136
555.249 1.116
556.368 1.119
557.489 1.121
558.59 1.101
559.698 1.108
560.811 1.113
561.907 1.096
562.989 1.082
564.08 1.091
565.179 1.099
566.26 1.081
567.338 1.078
568.433 1.095
569.543 1.11
570.634 1.091
571.723 1.089
572.828 1.105
573.915 1.087
575.01 1.095
576.106 1.096
577.183 1.077
578.263 1.08
579.34 1.077
580.396 1.056
581.465 1.069
582.549 1.084
583.623 1.074
584.707 1.084
585.8 1.093
586.876 1.076
587.955 1.079
589.041 1.086
590.109 1.068
591.194 1.085
592.291 1.097
593.378 1.087
594.48 1.102
595.57 1.09
596.68 1.11
597.786 1.106
598.877 1.091
599.962 1.085
601.022 1.06
602.081 1.059
603.14 1.059
604.188 1.048
605.211 1.023
606.239 1.028
607.273 1.034
608.294 1.021