0.000 0.694
0.694 0.694
1.383 0.689
2.085 0.702
2.787 0.702
3.513 0.726
4.279 0.766
5.057 0.778
5.853 0.796
6.652 0.799
7.459 0.807
8.261 0.802
9.061 0.8
9.85 0.789
10.649 0.799
11.442 0.793
12.214 0.772
12.967 0.753
13.714 0.747
14.459 0.745
15.208 0.749
15.964 0.756
16.71 0.746
17.453 0.743
18.197 0.744
18.935 0.738
19.679 0.744
20.435 0.756
21.178 0.743
21.899 0.721
22.604 0.705
23.293 0.689
23.975 0.682
24.257 0.282
24.639 0.382
25.296 0.657
25.946 0.65
26.592 0.646
27.239 0.647
27.905 0.666
28.594 0.689
29.302 0.708
29.576 0.274
31.403 1.827
32.1 0.697
32.809 0.709
33.533 0.724
34.257 0.724
34.97 0.713
35.698 0.728
36.428 0.73
37.162 0.734
37.883 0.721
38.604 0.721
39.329 0.725
40.068 0.739
40.819 0.751
41.58 0.761
42.348 0.768
43.123 0.775
43.886 0.763
44.648 0.762
45.427 0.779
46.207 0.78
46.978 0.771
47.751 0.773
48.528 0.777
49.307 0.779
50.079 0.772
50.842 0.763
51.601 0.759
52.363 0.762
53.132 0.769
53.908 0.776
54.693 0.785
55.497 0.804
56.31 0.813
57.13 0.82
57.967 0.837
58.818 0.851
59.635 0.817
60.437 0.802
61.237 0.8
62.045 0.808
62.859 0.814
63.66 0.801
64.425 0.765
65.216 0.791
66.039 0.823
66.863 0.824
67.669 0.806
68.44 0.771
69.202 0.762
69.961 0.759
70.735 0.774
71.514 0.779
72.312 0.798
73.122 0.81
73.929 0.807
74.73 0.801
75.524 0.794
76.334 0.81
77.118 0.784
77.898 0.78
78.679 0.781
79.453 0.774
80.235 0.782
81.006 0.771
81.762 0.756
82.514 0.752
83.28 0.766
84.053 0.773
84.828 0.775
85.627 0.799
86.448 0.821
87.241 0.793
88.035 0.794
88.812 0.777
89.583 0.771
90.344 0.761
91.116 0.772
91.92 0.804
92.767 0.847
93.605 0.838
94.461 0.856
95.327 0.866
96.142 0.815
96.923 0.781
97.689 0.766
98.467 0.778
99.267 0.8
100.102 0.835
100.965 0.863
101.834 0.869
102.697 0.863
103.572 0.875
104.456 0.884
105.311 0.855
106.14 0.829
106.973 0.833
107.765 0.792
108.547 0.782
109.328 0.781
110.129 0.801
110.935 0.806
111.763 0.828
112.611 0.848
113.465 0.854
114.293 0.828
115.11 0.817
115.941 0.831
116.793 0.852
117.639 0.846
118.463 0.824
119.281 0.818
120.114 0.833
120.958 0.844
121.789 0.831
122.619 0.83
123.466 0.847
124.319 0.853
125.14 0.821
125.962 0.822
126.784 0.822
127.606 0.822
128.42 0.814
129.245 0.825
130.09 0.845
130.955 0.865
131.78 0.825
132.607 0.827
133.426 0.819
134.238 0.812
135.031 0.793
135.821 0.79
136.62 0.799
137.429 0.809
138.239 0.81
139.062 0.823
139.888 0.826
140.733 0.845
141.547 0.814
142.362 0.815
143.185 0.823
144.002 0.817
144.798 0.796
145.573 0.775
146.339 0.766
147.105 0.766
147.869 0.764
148.64 0.771
149.45 0.81
150.288 0.838
151.109 0.821
151.929 0.82
152.72 0.791
153.497 0.777
154.251 0.754
154.996 0.745
155.745 0.749
156.499 0.754
157.251 0.752
158.006 0.755
158.788 0.782
159.581 0.793
160.355 0.774
161.13 0.775
161.908 0.778
162.679 0.771
163.435 0.756
164.172 0.737
164.923 0.751
165.698 0.775
166.487 0.789
167.27 0.783
168.045 0.775
168.786 0.741
169.516 0.73
170.308 0.792
171.105 0.797
171.9 0.795
172.701 0.801
173.505 0.804
174.313 0.808
175.101 0.788
175.876 0.775
176.656 0.78
177.443 0.787
178.243 0.8
179.053 0.81
179.888 0.835
180.728 0.84
181.559 0.831
182.374 0.815
183.196 0.822
184.014 0.818
184.82 0.806
185.628 0.808
186.44 0.812
187.262 0.822
188.092 0.83
188.924 0.832
189.77 0.846
190.632 0.862
191.504 0.872
192.377 0.873
193.23 0.853
194.057 0.827
194.884 0.827
195.723 0.839
196.553 0.83
197.376 0.823
198.215 0.839
199.048 0.833
199.86 0.812
200.675 0.815
201.488 0.813
202.291 0.803
203.119 0.828
203.958 0.839
204.807 0.849
205.643 0.836
206.488 0.845
207.345 0.857
208.208 0.863
209.038 0.83
209.858 0.82
210.672 0.814
211.468 0.796
212.259 0.791
213.069 0.81
213.922 0.853
214.798 0.876
215.7 0.902
216.612 0.912
217.515 0.903
218.399 0.884
219.273 0.874
220.136 0.863
220.986 0.85
221.828 0.842
222.67 0.842
223.521 0.851
224.38 0.859
225.221 0.841
226.041 0.82
226.864 0.823
227.698 0.834
228.539 0.841
229.37 0.831
230.227 0.857
231.096 0.869
231.977 0.881
232.878 0.901
233.777 0.899
234.673 0.896
235.551 0.878
236.417 0.866
237.276 0.859
238.156 0.88
239.048 0.892
239.917 0.869
240.786 0.869
241.629 0.843
242.441 0.812
243.246 0.805
244.054 0.808
244.882 0.828
245.741 0.859
246.609 0.868
247.461 0.852
248.302 0.841
249.13 0.828
249.949 0.819
250.749 0.8
251.528 0.779
252.305 0.777
253.089 0.784
253.887 0.798
254.688 0.801
255.501 0.813
256.324 0.823
257.15 0.826
257.981 0.831
258.805 0.824
259.64 0.835
260.475 0.835
261.301 0.826
262.136 0.835
262.973 0.837
263.806 0.833
264.624 0.818
265.433 0.809
266.232 0.799
267.045 0.813
267.867 0.822
268.693 0.826
269.517 0.824
270.351 0.834
271.187 0.836
272.038 0.851
272.881 0.843
273.707 0.826
274.54 0.833
275.372 0.832
276.217 0.845
277.057 0.84
277.907 0.85
278.749 0.842
279.576 0.827
280.402 0.826
281.227 0.825
282.069 0.842
282.906 0.837
283.738 0.832
284.582 0.844
285.431 0.849
286.268 0.837
287.101 0.833
287.937 0.836
288.781 0.844
289.611 0.83
290.446 0.835
291.277 0.831
292.1 0.823
292.912 0.812
293.72 0.808
294.519 0.799
295.332 0.813
296.153 0.821
296.967 0.814
297.784 0.817
298.611 0.827
299.438 0.827
300.252 0.814
301.068 0.816
301.878 0.81
302.7 0.822
303.528 0.828
304.355 0.827
305.189 0.834
306.029 0.84
306.877 0.848
307.714 0.837
308.556 0.842
309.408 0.852
310.271 0.863
311.137 0.866
311.986 0.849
312.831 0.845
313.671 0.84
314.502 0.831
315.293 0.791
316.085 0.792
316.886 0.801
317.707 0.821
318.537 0.83
319.389 0.852
320.25 0.861
321.103 0.853
321.951 0.848
322.796 0.845
323.629 0.833
324.463 0.834
325.286 0.823
326.105 0.819
326.924 0.819
327.769 0.845
328.636 0.867
329.513 0.877
330.37 0.857
331.211 0.841
332.037 0.826
332.858 0.821
333.665 0.807
334.452 0.787
335.223 0.771
335.989 0.766
336.746 0.757
337.504 0.758
338.278 0.774
339.079 0.801
339.894 0.815
340.7 0.806
341.495 0.795
342.284 0.789
343.067 0.783
343.826 0.759
344.584 0.758
345.35 0.766
346.124 0.774
346.908 0.784
347.697 0.789
348.497 0.8
349.24 0.743
349.555 0.315
350.088 0.533
350.443 0.355
350.877 0.434
351.653 0.776
352.401 0.748
353.142 0.741
353.883 0.741
354.614 0.731
355.354 0.74
356.105 0.751
356.847 0.742
357.596 0.749
358.349 0.753
359.104 0.755
359.877 0.773
360.672 0.795
361.494 0.822
362.315 0.821
363.136 0.821
363.967 0.831
364.796 0.829
365.63 0.834
366.439 0.809
367.24 0.801
368.047 0.807
368.856 0.809
369.672 0.816
370.489 0.817
371.309 0.82
372.137 0.828
372.968 0.831
373.795 0.827
374.607 0.812
375.419 0.812
376.216 0.797
377.007 0.791
377.802 0.795
378.594 0.792
379.384 0.79
380.173 0.789
380.967 0.794
381.758 0.791
382.511 0.753
383.232 0.721
383.967 0.735
384.718 0.751
385.491 0.773
386.3 0.809
387.121 0.821
387.935 0.814
388.75 0.815
389.574 0.824
390.405 0.831
391.227 0.822
392.044 0.817
392.861 0.817
393.655 0.794
394.407 0.752
395.15 0.743
395.908 0.758
396.677 0.769
397.455 0.778
398.22 0.765
399.004 0.784
399.799 0.795
400.609 0.81
401.43 0.821
402.249 0.819
403.064 0.815
403.893 0.829
404.726 0.833
405.561 0.835
406.397 0.836
407.219 0.822
408.048 0.829
408.879 0.831
409.715 0.836
410.549 0.834
411.382 0.833
412.234 0.852
413.095 0.861
413.958 0.863
414.807 0.849
415.657 0.85
416.517 0.86
417.385 0.868
418.237 0.852
419.071 0.834
419.901 0.83
420.73 0.829
421.593 0.863
422.453 0.86
423.328 0.875
424.223 0.895
425.119 0.896
426.004 0.885
426.884 0.88
432.993 0.85
433.824 0.831
434.648 0.824
435.478 0.83
436.298 0.82
437.107 0.809
437.899 0.792
438.677 0.778
439.448 0.771
440.239 0.791
441.044 0.805
441.856 0.812
442.662 0.806
443.455 0.793
444.227 0.772
444.988 0.761
445.746 0.758
446.486 0.74
447.225 0.739
447.962 0.737
448.708 0.746
449.47 0.762
450.254 0.784
451.048 0.794
451.849 0.801
452.658 0.809
453.458 0.8
454.267 0.809
455.073 0.806
455.87 0.797
456.664 0.794
457.463 0.799
458.27 0.807
459.076 0.806
459.884 0.808
460.692 0.808
461.507 0.815
462.325 0.818
463.132 0.807
463.939 0.807
464.736 0.797
465.544 0.808
466.354 0.81
467.162 0.808
467.966 0.804
468.766 0.8
469.571 0.805
470.375 0.804
471.174 0.799
471.974 0.8
472.774 0.8
473.571 0.797
474.375 0.804
475.184 0.809
476.007 0.823
476.838 0.831
477.67 0.832
478.489 0.819
479.298 0.809
480.117 0.819
480.941 0.824
481.758 0.817
482.575 0.817
483.415 0.84
484.275 0.86
485.114 0.839
485.957 0.843
486.804 0.847
487.651 0.847
488.479 0.828
489.319 0.84
490.169 0.85
491.02 0.851
491.871 0.851
492.735 0.864
493.606 0.871
494.473 0.867
495.322 0.849
496.165 0.843
496.995 0.83
497.814 0.819
498.632 0.818
499.45 0.818
500.267 0.817
501.098 0.831
501.942 0.844
502.8 0.858
503.662 0.862
504.534 0.872
505.403 0.869
506.234 0.831
507.02 0.786
507.783 0.763
508.524 0.741
509.276 0.752
510.028 0.752
510.809 0.781
511.624 0.815
512.455 0.831
513.291 0.836
514.135 0.844
514.986 0.851
515.812 0.826
516.615 0.803
517.397 0.782
518.178 0.781
518.939 0.761
519.697 0.758
520.472 0.775
521.276 0.804
522.088 0.812
522.899 0.811
523.696 0.797
524.493 0.797
525.298 0.805
526.105 0.807
526.913 0.808
527.726 0.813
528.546 0.82
529.356 0.81
530.149 0.793
530.943 0.794
531.734 0.791
532.511 0.777
533.281 0.77
534.046 0.765
534.82 0.774
535.593 0.773
536.379 0.786
537.148 0.769
537.92 0.772
538.714 0.794
539.512 0.798
540.31 0.798
541.114 0.804
541.897 0.783
542.68 0.783
543.471 0.791
544.285 0.814
545.102 0.817
545.925 0.823
546.746 0.821
547.584 0.838
548.426 0.842
549.265 0.839
550.09 0.825
550.91 0.82
551.729 0.819
552.518 0.789
553.287 0.769
554.042 0.755
554.805 0.763
555.569 0.764
556.333 0.764
557.095 0.762
557.87 0.775
558.643 0.773
559.432 0.789
560.216 0.784
561.005 0.789
561.809 0.804
562.617 0.808
563.406 0.789
564.186 0.78
564.962 0.776
565.733 0.771
566.512 0.779
567.294 0.782
568.058 0.764
568.831 0.773
569.634 0.803
570.458 0.824
571.263 0.805
572.054 0.791
572.845 0.791
573.643 0.798
574.419 0.776
575.185 0.766
575.938 0.753
576.694 0.756
577.462 0.768
578.245 0.783
579.031 0.786
579.824 0.793
580.625 0.801
581.412 0.787
582.181 0.769
582.954 0.773
583.729 0.775
584.495 0.766
585.254 0.759
586.016 0.762
586.784 0.768
587.556 0.772
588.321 0.765
589.091 0.77
589.874 0.783
590.656 0.782
591.414 0.758
592.154 0.74
592.887 0.733
593.618 0.731
594.354 0.736
595.088 0.734
595.826 0.738
596.575 0.749
597.331 0.756
598.086 0.755
598.843 0.757
599.602 0.759
600.35 0.748
601.099 0.749
601.848 0.749
602.603 0.755
603.351 0.748
604.092 0.741
604.826 0.734
605.56 0.734
606.296 0.736
607.035 0.739
607.771 0.736
608.509 0.738
609.252 0.743
609.999 0.747
610.743 0.744
611.481 0.738
612.203 0.722
612.92 0.717
613.636 0.716
614.36 0.724
615.089 0.729
615.813 0.724
616.541 0.728
617.285 0.744
618.009 0.724
618.729 0.72
619.459 0.73
620.186 0.727