0.000 0.973
0.973 0.973
1.962 0.989
2.953 0.991
3.904 0.951
4.789 0.885
5.64 0.851
6.559 0.919
7.522 0.963
8.526 1.004
9.533 1.007
10.463 0.93
11.343 0.88
12.215 0.872
13.14 0.925
14.199 1.059
15.265 1.066
16.249 0.984
17.17 0.921
18.096 0.926
19.079 0.983
20.104 1.025
21.121 1.017
22.113 0.992
23.056 0.943
23.94 0.884
24.83 0.89
25.798 0.968
26.82 1.022
27.819 0.999
28.812 0.993
29.773 0.961
30.672 0.899
31.548 0.876
32.415 0.867
33.267 0.852
34.126 0.859
34.977 0.851
35.822 0.845
36.656 0.834
37.504 0.848
38.453 0.949
39.444 0.991
40.428 0.984
41.341 0.913
42.201 0.86
43.072 0.871
44.0 0.928
44.991 0.991
46.006 1.015
47.002 0.996
47.992 0.99
48.91 0.918
49.767 0.857
50.593 0.826
51.419 0.826
52.292 0.873
53.223 0.931
54.157 0.934
55.097 0.94
55.973 0.876
56.819 0.846
57.644 0.825
58.472 0.828
59.36 0.888
60.33 0.97
61.343 1.013
62.274 0.931
63.156 0.882
64.01 0.854
64.91 0.9
65.855 0.945
66.799 0.944
67.739 0.94
68.619 0.88
69.456 0.837
70.331 0.875
71.224 0.893
72.173 0.949
73.08 0.907
73.944 0.864
74.786 0.842
75.668 0.882
76.6 0.932
77.527 0.927
78.378 0.851
79.177 0.799
80.01 0.833
80.916 0.906
81.888 0.972
82.877 0.989
83.87 0.993
84.85 0.98
85.746 0.896
86.602 0.856
87.487 0.885
88.409 0.922
89.413 1.004
90.451 1.038
91.459 1.008
92.398 0.939
93.317 0.919
94.259 0.942
95.24 0.981
96.25 1.01
97.27 1.02
98.233 0.963
99.137 0.904
100.044 0.907
100.951 0.907
101.833 0.882
102.672 0.839
103.482 0.81
104.324 0.842
105.293 0.969
106.281 0.988
107.222 0.941
108.111 0.889
108.982 0.871
109.884 0.902
110.823 0.939
111.775 0.952
112.701 0.926
113.561 0.86
114.399 0.838
115.254 0.855
116.192 0.938
117.176 0.984
118.166 0.99
119.105 0.939
119.98 0.875
120.81 0.83
121.633 0.823
122.488 0.855
123.365 0.877
124.269 0.904
125.141 0.872
126.006 0.865
126.861 0.855
127.762 0.901
128.698 0.936
129.639 0.941
130.536 0.897
131.405 0.869
132.319 0.914
133.254 0.935
134.207 0.953
135.128 0.921
136.023 0.895
136.896 0.873
137.857 0.961
138.901 1.044
139.917 1.016
140.927 1.01
141.903 0.976
142.834 0.931
143.767 0.933
144.686 0.919
145.575 0.889
146.422 0.847
147.262 0.84
148.174 0.912
149.147 0.973
150.136 0.989
151.066 0.93
151.969 0.903
152.882 0.913
153.793 0.911
154.692 0.899
155.566 0.874
156.401 0.835
157.287 0.886
158.22 0.933
159.21 0.99
160.173 0.963
161.101 0.928
161.999 0.898
162.911 0.912
163.864 0.953
164.836 0.972
165.811 0.975
166.745 0.934
167.674 0.929
168.612 0.938
169.566 0.954
170.532 0.966
171.478 0.946
172.403 0.925
173.316 0.913
174.251 0.935
175.189 0.938
176.135 0.946
177.068 0.933
177.98 0.912
178.9 0.92
179.835 0.935
180.807 0.972
181.782 0.975
182.738 0.956
183.667 0.929
184.612 0.945
185.584 0.972
186.561 0.977
187.535 0.974
188.478 0.943
189.383 0.905
190.264 0.881
191.157 0.893
192.076 0.919
193.045 0.969
194.022 0.977
194.975 0.953
195.936 0.961
196.896 0.96
197.857 0.961
198.767 0.91
199.634 0.867
200.513 0.879
201.364 0.851
202.262 0.898
203.151 0.889
204.012 0.861
204.885 0.873
205.819 0.934
206.779 0.96
207.747 0.968
208.676 0.929
209.565 0.889
210.465 0.9
211.386 0.921
212.298 0.912
213.16 0.862
213.979 0.819
214.777 0.798
215.654 0.877
216.611 0.957
217.556 0.945
218.538 0.982
219.559 1.021
220.6 1.041
221.649 1.049
222.686 1.037
223.692 1.006
224.656 0.964
225.538 0.882
226.399 0.861
227.316 0.917
228.267 0.951
229.232 0.965
230.172 0.94
231.094 0.922
232.039 0.945
232.993 0.954
233.923 0.93
234.837 0.914
235.751 0.914
236.652 0.901
237.521 0.869
238.386 0.865
239.226 0.84
240.118 0.892
241.022 0.904
241.945 0.923
242.9 0.955
243.837 0.937
244.755 0.918
245.641 0.886
246.567 0.926
247.519 0.952
248.485 0.966
249.483 0.998
250.494 1.011
251.511 1.017
252.494 0.983
253.434 0.94
254.375 0.941
255.313 0.938
256.25 0.937
257.201 0.951
258.166 0.965
259.172 1.006
260.204 1.032
261.245 1.041
262.245 1.0
263.202 0.957
264.152 0.95
265.089 0.937
266.015 0.926
266.938 0.923
267.839 0.901
268.747 0.908
269.69 0.943
270.655 0.965
271.59 0.935
272.5 0.91
273.427 0.927
274.341 0.914
275.251 0.91
276.135 0.884
276.981 0.846
277.82 0.839
278.73 0.91
279.689 0.959
280.649 0.96
281.63 0.981
282.62 0.99
283.62 1.0
284.612 0.992
285.585 0.973
286.537 0.952
287.478 0.941
288.402 0.924
289.344 0.942
290.293 0.949
291.239 0.946
292.143 0.904
293.058 0.915
293.99 0.932
294.913 0.923
295.808 0.895
296.671 0.863
297.498 0.827
298.289 0.791
299.069 0.78
299.898 0.829
300.843 0.945
301.831 0.988
302.813 0.982
303.826 1.013
304.85 1.024
305.866 1.016
306.858 0.992
307.81 0.952
308.748 0.938
309.665 0.917
310.549 0.884
311.401 0.852
312.28 0.879
313.226 0.946
314.213 0.987
315.193 0.98
316.201 1.008
317.199 0.998
318.189 0.99
319.168 0.979
320.14 0.972
321.096 0.956
322.024 0.928
322.917 0.893
323.845 0.928
324.805 0.96
325.814 1.009
326.815 1.001
327.81 0.995
328.789 0.979
329.75 0.961
330.695 0.945
331.625 0.93
332.54 0.915
333.493 0.953
334.489 0.996
335.485 0.996
336.493 1.008
337.497 1.004
338.485 0.988
339.462 0.977
340.429 0.967
341.39 0.961
342.352 0.962
343.312 0.96
344.27 0.958
345.228 0.958
346.187 0.959
347.147 0.96
348.107 0.96
349.067 0.96
350.021 0.954
350.969 0.948
351.906 0.937
352.841 0.935
353.777 0.936
354.721 0.944
355.672 0.951
356.627 0.955
357.579 0.952
358.524 0.945
359.466 0.942
360.406 0.94
361.349 0.943
362.294 0.945
363.237 0.943
364.181 0.944
365.127 0.946
366.076 0.949
367.025 0.949
367.973 0.948
368.921 0.948
369.872 0.951
370.827 0.955
371.789 0.962
372.756 0.967
373.721 0.965
374.688 0.967
375.654 0.966
376.614 0.96
377.57 0.956
378.522 0.952
379.473 0.951
380.418 0.945
381.354 0.936
382.284 0.93
383.21 0.926
384.135 0.925
385.055 0.92
385.979 0.924
386.907 0.928
387.844 0.937
388.789 0.945
389.74 0.951
390.684 0.944
391.617 0.933
392.545 0.928
393.469 0.924
394.358 0.889
395.264 0.906
396.152 0.888
397.008 0.856
397.822 0.814
398.626 0.804
399.463 0.837
400.285 0.822
401.094 0.809
401.912 0.818
402.705 0.793
403.478 0.773
404.264 0.786
405.046 0.782
405.846 0.8
406.662 0.816
407.454 0.792
408.248 0.794
409.038 0.79
409.893 0.855
410.79 0.897
411.743 0.953
412.674 0.931
413.621 0.947
414.581 0.96
415.548 0.967
416.509 0.961
417.467 0.958
418.423 0.956
419.374 0.951
420.322 0.948
421.269 0.947
422.22 0.951
423.17 0.95
424.121 0.951
425.063 0.942
425.999 0.936
426.942 0.943
427.894 0.952
428.825 0.931
429.775 0.95
430.744 0.969
431.694 0.95
432.654 0.96
433.624 0.97
434.594 0.97
435.564 0.97
436.528 0.964
437.482 0.954
438.429 0.947
439.375 0.946
440.316 0.941
441.253 0.937
442.192 0.939
443.136 0.944
444.088 0.952
445.044 0.956
446.006 0.962
446.976 0.97
447.953 0.977
448.935 0.982
449.899 0.964
450.848 0.949
451.784 0.936
452.716 0.932
453.649 0.933
454.59 0.941
455.539 0.949
456.496 0.957
457.46 0.964
458.421 0.961
459.379 0.958
460.337 0.958
461.294 0.957
462.243 0.949
463.182 0.939
464.096 0.914
464.955 0.859
465.829 0.874
466.784 0.955
467.759 0.975
468.73 0.971
469.719 0.989
470.709 0.99
471.691 0.982
472.653 0.962
473.597 0.944
474.469 0.872
475.382 0.913
476.347 0.965
477.295 0.948
478.254 0.959
479.22 0.966
480.183 0.963
481.137 0.954
482.086 0.949
483.031 0.945
483.979 0.948
484.927 0.948
485.881 0.954
486.835 0.954
487.784 0.949
488.727 0.943
489.669 0.942
490.612 0.943
491.559 0.947
492.51 0.951
493.466 0.956
494.426 0.96
495.371 0.945
496.303 0.932
497.224 0.921
498.129 0.905
499.019 0.89
499.849 0.83
500.776 0.927
501.687 0.911
502.617 0.93
503.565 0.948
504.525 0.96
505.494 0.969
506.454 0.96
507.402 0.948
508.341 0.939
509.268 0.927
510.075 0.807
510.855 0.78
511.62 0.765
512.45 0.83
513.354 0.904
514.254 0.9
515.121 0.867
516.011 0.89
516.951 0.94
517.902 0.951
518.863 0.961
519.83 0.967
520.707 0.877
521.535 0.828
522.401 0.866
523.332 0.931
524.299 0.967
525.246 0.947
526.209 0.963
527.185 0.976
528.169 0.984
529.148 0.979
530.115 0.967
531.067 0.952
531.969 0.902
532.756 0.787
533.542 0.786
534.399 0.857
535.371 0.972
536.324 0.953
537.294 0.97
538.277 0.983
539.257 0.98
540.234 0.977
541.202 0.968
542.158 0.956
543.104 0.946
544.049 0.945
544.995 0.946
545.943 0.948
546.888 0.945
547.832 0.944
548.778 0.946
549.729 0.951
550.684 0.955
551.64 0.956
552.593 0.953
553.545 0.952
554.492 0.947
555.436 0.944
556.38 0.944
557.319 0.939
558.256 0.937
559.201 0.945
560.16 0.959
561.131 0.971
562.111 0.98
563.095 0.984
564.074 0.979
565.05 0.976
566.021 0.971
566.988 0.967
567.939 0.951
568.883 0.944
569.825 0.942
570.768 0.943
571.714 0.946
572.669 0.955
573.635 0.966
574.606 0.971
575.578 0.972
576.545 0.967
577.51 0.965
578.476 0.966
579.442 0.966
580.4 0.958
581.346 0.946
582.279 0.933
583.163 0.884
584.123 0.96
585.066 0.943
586.02 0.954
586.987 0.967
587.957 0.97
588.927 0.97
589.884 0.957
590.817 0.933
591.672 0.855
592.454 0.782
593.272 0.818
594.133 0.861
595.089 0.956
596.028 0.939
596.972 0.944
597.917 0.945
598.848 0.931
599.765 0.917
600.692 0.927