0.000 0.493
0.493 0.493
1.703 1.21
2.217 0.514
3.321 1.104
3.831 0.51
4.864 1.033
5.385 0.521
6.358 0.973
6.855 0.497
7.857 1.002
8.37 0.513
9.375 1.005
9.869 0.494
10.962 1.093
11.472 0.51
12.559 1.087
13.055 0.496
14.163 1.108
14.671 0.508
15.741 1.07
16.233 0.492
17.324 1.091
17.818 0.494
18.932 1.114
19.425 0.493
20.51 1.085
21.008 0.498
22.045 1.037
22.54 0.495
23.593 1.053
24.091 0.498
25.16 1.069
25.651 0.491
26.761 1.11
27.257 0.496
28.368 1.111
28.857 0.489
29.948 1.091
30.441 0.493
31.515 1.074
32.004 0.489
33.058 1.054
33.543 0.485
34.565 1.022
35.053 0.488
35.996 0.943
36.679 0.683
37.351 0.672
38.042 0.691
38.737 0.695
39.451 0.714
40.211 0.76
41.05 0.839
41.925 0.875
42.832 0.907
43.735 0.903
44.642 0.907
45.554 0.912
46.476 0.922
47.38 0.904
48.284 0.904
49.182 0.898
50.074 0.892
50.971 0.897
51.875 0.904
52.756 0.881
53.659 0.903
54.572 0.913
55.49 0.918
56.379 0.889
57.288 0.909
58.198 0.91
59.086 0.888
59.985 0.899
60.886 0.901
61.79 0.904
62.663 0.873
63.541 0.878
64.427 0.886
65.322 0.895
66.233 0.911
67.132 0.899
68.038 0.906
68.956 0.918
69.846 0.89
70.725 0.879
71.595 0.87
72.467 0.872
73.341 0.874
74.224 0.883
75.087 0.863
75.949 0.862
76.793 0.844
77.609 0.816
78.437 0.828
79.278 0.841
80.102 0.824
80.936 0.834
81.779 0.843
82.609 0.83
83.431 0.822
84.276 0.845
85.119 0.843
85.946 0.827
86.782 0.836
87.633 0.851
88.488 0.855
89.341 0.853
90.2 0.859
91.066 0.866
91.897 0.831
92.728 0.831
93.561 0.833
94.382 0.821
95.21 0.828
96.057 0.847
96.929 0.872
97.787 0.858
98.674 0.887
99.564 0.89
100.447 0.883
101.323 0.876
102.21 0.887
103.112 0.902
103.997 0.885
104.88 0.883
105.757 0.877
106.611 0.854
107.47 0.859
108.334 0.864
109.19 0.856
110.043 0.853
110.896 0.853
111.751 0.855
112.59 0.839
113.427 0.837
114.261 0.834
115.074 0.813
115.894 0.82
116.712 0.818
117.513 0.801
118.314 0.801
119.111 0.797
119.919 0.808
120.716 0.797
121.528 0.812
122.355 0.827
123.177 0.822
124.011 0.834
124.853 0.842
125.692 0.839
126.532 0.84
127.37 0.838
128.214 0.844
129.041 0.827
129.857 0.816
130.668 0.811
131.475 0.807
132.269 0.794
133.069 0.8
133.863 0.794
134.676 0.813
135.49 0.814
136.306 0.816
137.11 0.804
137.905 0.795
138.674 0.769
139.453 0.779
140.228 0.775
140.997 0.769
141.755 0.758
142.505 0.75
143.243 0.738
143.958 0.715
144.679 0.721
145.41 0.731
146.154 0.744
146.929 0.775
147.738 0.809
148.574 0.836
149.398 0.824
150.228 0.83
151.071 0.843
151.904 0.833
152.745 0.841
153.602 0.857
154.477 0.875
155.332 0.855
156.205 0.873
157.1 0.895
157.991 0.891
158.894 0.903
159.803 0.909
160.674 0.871
161.53 0.856
162.365 0.835
163.194 0.829
164.007 0.813
164.837 0.83
165.695 0.858
166.559 0.864
167.441 0.882
168.356 0.915
169.265 0.909
170.156 0.891
171.047 0.891
171.937 0.89
172.797 0.86
173.652 0.855
174.523 0.871
175.386 0.863
176.251 0.865
177.119 0.868
177.968 0.849
178.804 0.836
179.647 0.843
180.499 0.852
181.335 0.836
182.165 0.83
183.01 0.845
183.877 0.867
184.73 0.853
185.564 0.834
186.394 0.83
187.205 0.811
188.003 0.798
188.766 0.763
189.516 0.75
190.257 0.741
190.996 0.739
191.739 0.743
192.474 0.735
193.199 0.725
193.928 0.729
194.663 0.735
195.437 0.774
196.241 0.804
197.076 0.835
197.892 0.816
198.728 0.836
199.571 0.843
200.409 0.838
201.245 0.836
202.095 0.85
202.956 0.861
203.814 0.858
204.654 0.84
205.497 0.843
206.357 0.86
207.206 0.849
208.073 0.867
208.951 0.878
209.807 0.856
210.655 0.848
211.504 0.849
212.361 0.857
213.184 0.823
214.01 0.826
214.853 0.843
215.688 0.835
216.515 0.827
217.338 0.823
218.165 0.827
218.988 0.823
219.825 0.837
220.685 0.86
221.53 0.845
222.36 0.83
223.192 0.832
223.999 0.807
224.805 0.806
225.612 0.807
226.418 0.806
227.206 0.788
228.001 0.795
228.808 0.807
229.615 0.807
230.432 0.817
231.269 0.837
232.128 0.859
232.965 0.837
233.801 0.836
234.652 0.851
235.517 0.865
236.367 0.85
237.207 0.84
238.049 0.842
238.899 0.85
239.747 0.848
240.623 0.876
241.51 0.887
242.375 0.865
243.252 0.877
244.121 0.869
244.971 0.85
245.806 0.835
246.629 0.823
247.449 0.82
248.28 0.831
249.088 0.808
249.898 0.81
250.71 0.812
251.53 0.82
252.363 0.833
253.186 0.823
253.997 0.811
254.779 0.782
255.551 0.772
256.294 0.743
257.034 0.74
257.784 0.75
258.538 0.754
259.308 0.77
260.098 0.79
260.913 0.815
261.728 0.815
262.546 0.818
263.372 0.826
264.188 0.816
264.99 0.802
265.786 0.796
266.599 0.813
267.425 0.826
268.249 0.824
269.084 0.835
269.929 0.845
270.76 0.831
271.585 0.825
272.408 0.823
273.24 0.832
274.072 0.832
274.889 0.817
275.718 0.829
276.562 0.844
277.398 0.836
278.233 0.835
279.082 0.849
279.923 0.841
280.741 0.818
281.564 0.823
282.393 0.829
283.233 0.84
284.047 0.814
284.871 0.824
285.701 0.83
286.511 0.81
287.319 0.808
288.121 0.802
288.926 0.805
289.679 0.753
290.42 0.741
291.16 0.74
291.909 0.749
292.672 0.763
293.422 0.75
294.18 0.758
294.952 0.772
295.729 0.777
296.488 0.759
297.262 0.774
298.039 0.777
298.806 0.767
299.605 0.799
300.425 0.82
301.259 0.834
302.095 0.836
302.943 0.848
303.8 0.857
304.64 0.84
305.484 0.844
306.324 0.84
307.16 0.836
307.977 0.817
308.8 0.823
309.632 0.832
310.464 0.832
311.285 0.821
312.118 0.833
312.967 0.849
313.801 0.834
314.642 0.841
315.484 0.842
316.341 0.857
317.179 0.838
318.017 0.838
318.854 0.837
319.676 0.822
320.49 0.814
321.306 0.816
322.123 0.817
322.93 0.807
323.717 0.787
324.502 0.785
325.28 0.778
326.051 0.771
326.819 0.768
327.593 0.774
328.38 0.787
329.163 0.783
329.945 0.782
330.73 0.785
331.513 0.783
332.265 0.752
333.014 0.749
333.765 0.751
334.522 0.757
335.277 0.755
336.038 0.761
336.815 0.777
337.592 0.777
338.366 0.774
339.153 0.787
339.949 0.796
340.73 0.781
341.506 0.776
342.288 0.782
343.076 0.788
343.861 0.785
344.653 0.792
345.444 0.791
346.23 0.786
347.003 0.773
347.784 0.781
348.566 0.782
349.345 0.779
350.126 0.781
350.916 0.79
351.711 0.795
352.503 0.792
353.304 0.801
354.109 0.805
354.911 0.802
355.699 0.788
356.483 0.784
357.247 0.764
357.997 0.75
358.731 0.734
359.477 0.746
360.264 0.787
361.084 0.82
361.891 0.807
362.718 0.827
363.558 0.84
364.382 0.824
365.194 0.812
365.996 0.802
366.793 0.797
367.569 0.776
368.341 0.772
369.122 0.781
369.899 0.777
370.648 0.749
371.397 0.749
372.14 0.743
372.862 0.722
373.571 0.709
374.264 0.693
374.977 0.713
375.705 0.728
376.46 0.755
377.215 0.755
377.993 0.778
378.803 0.81
379.614 0.811
380.418 0.804
381.235 0.817
382.072 0.837
382.899 0.827
383.7 0.801
384.51 0.81
385.322 0.812
386.136 0.814
386.945 0.809
387.776 0.831
388.628 0.852
389.472 0.844
390.329 0.857
391.189 0.86
392.045 0.856
392.88 0.835
393.716 0.836
394.571 0.855
395.412 0.841
396.257 0.845
397.119 0.862
397.978 0.859
398.815 0.837
399.653 0.838
400.5 0.847
401.331 0.831
402.164 0.833
403.003 0.839
403.847 0.844
404.682 0.835
405.529 0.847
406.386 0.857
407.222 0.836
408.059 0.837
408.896 0.837
409.738 0.842
410.563 0.825
411.398 0.835
412.229 0.831
413.055 0.826
413.867 0.812
414.682 0.815
415.515 0.833
416.336 0.821
417.159 0.823
418.0 0.841
418.834 0.834
419.649 0.815
420.466 0.817
421.289 0.823
422.09 0.801
422.903 0.813
423.737 0.834
424.577 0.84
425.44 0.863
426.314 0.874
427.188 0.874
428.049 0.861
428.913 0.864
430.592 1.679
431.414 0.822
432.223 0.809
433.011 0.788
433.813 0.802
434.638 0.825
435.501 0.863
436.354 0.853
438.04 1.686
438.835 0.795
439.613 0.778
440.387 0.774
441.168 0.781
441.951 0.783
442.772 0.821
443.613 0.841
444.453 0.84
445.294 0.841
446.141 0.847
446.99 0.849
447.825 0.835
448.662 0.837
449.499 0.837
450.308 0.809
451.105 0.797
451.902 0.797
452.71 0.808
453.514 0.804
454.303 0.789
455.084 0.781
455.859 0.775
456.645 0.786
457.445 0.8
458.259 0.814
459.058 0.799
459.879 0.821
460.72 0.841
461.564 0.844
463.209 1.645
463.993 0.784
464.746 0.753
465.493 0.747
466.24 0.747
466.976 0.736
467.731 0.755
468.519 0.788
469.321 0.802
470.134 0.813
470.968 0.834
471.797 0.829
472.608 0.811
473.423 0.815
474.227 0.804
475.019 0.792
475.834 0.815
476.665 0.831
477.497 0.832
478.334 0.837
479.183 0.849
480.027 0.844
480.861 0.834
481.682 0.821
482.487 0.805
483.259 0.772
483.997 0.738
484.709 0.712
485.421 0.712
486.141 0.72
486.902 0.761
487.695 0.793
488.512 0.817
489.352 0.84
490.229 0.877
491.114 0.885
492.813 1.699
493.624 0.811
494.391 0.767
495.152 0.761
495.906 0.754
496.669 0.763
497.469 0.8
498.277 0.808
499.146 0.869
500.042 0.896
500.925 0.883
501.816 0.891
502.72 0.904
503.57 0.85
504.399 0.829
505.226 0.827
506.039 0.813
506.825 0.786
507.622 0.797
508.409 0.787
509.192 0.783
509.97 0.778
510.736 0.766
511.513 0.777
512.318 0.805
513.122 0.804
513.937 0.815
514.766 0.829
515.565 0.799
516.357 0.792
517.143 0.786
517.927 0.784
518.736 0.809
519.566 0.83
520.422 0.856
521.27 0.848
522.133 0.863
523.006 0.873
523.857 0.851
525.515 1.658
526.334 0.819
527.133 0.799
527.926 0.793
528.747 0.821
529.568 0.821
530.414 0.846
531.293 0.879
532.995 1.702
534.593 1.598
536.087 1.494
537.523 1.436
538.9 1.377
540.263 1.363
540.921 0.658
541.616 0.695
542.326 0.71
543.069 0.743
543.952 0.883
544.927 0.975
545.912 0.985
546.937 1.025
547.864 0.927
548.841 0.977
549.841 1.0
550.749 0.908
551.722 0.973
552.569 0.847
553.491 0.922
554.435 0.944
555.449 1.014
556.201 0.752
557.061 0.86
557.939 0.878
558.842 0.903
559.723 0.881
560.614 0.891
561.528 0.914
562.429 0.901
563.307 0.878
564.169 0.862
564.991 0.822
565.791 0.8
566.602 0.811
567.444 0.842
568.265 0.821
569.092 0.827
569.893 0.801
570.698 0.805
571.509 0.811
572.288 0.779
573.073 0.785
573.877 0.804
574.687 0.81
575.501 0.814
576.289 0.788
577.084 0.795
577.891 0.807
578.708 0.817
579.509 0.801
580.315 0.806
581.117 0.802
581.917 0.8
582.727 0.81
583.535 0.808
584.329 0.794
585.13 0.801
585.925 0.795
586.724 0.799
587.522 0.798
588.354 0.832
589.231 0.877
590.111 0.88
590.995 0.884
591.887 0.892
592.736 0.849
593.575 0.839
594.401 0.826
595.206 0.805
596.025 0.819
596.84 0.815
597.671 0.831
598.486 0.815
599.318 0.832
600.166 0.848
601.027 0.861
601.894 0.867
602.746 0.852
603.592 0.846
604.419 0.827
605.234 0.815