0.000 0.516
0.516 0.516
1.526 1.01
2.257 0.731
2.99 0.733
3.749 0.759
4.483 0.734
5.223 0.74
6.005 0.782
6.844 0.839
7.631 0.787
8.428 0.797
9.254 0.826
10.115 0.861
10.923 0.808
11.724 0.801
12.538 0.814
13.335 0.797
14.102 0.767
14.879 0.777
15.674 0.795
16.482 0.808
17.257 0.775
18.026 0.769
18.84 0.814
19.687 0.847
20.568 0.881
21.399 0.831
22.252 0.853
23.081 0.829
23.922 0.841
24.757 0.835
25.555 0.798
26.353 0.798
27.175 0.822
28.007 0.832
28.816 0.809
29.657 0.841
30.534 0.877
31.382 0.848
32.193 0.811
33.034 0.841
33.916 0.882
34.802 0.886
35.669 0.867
36.533 0.864
37.391 0.858
38.206 0.815
39.033 0.827
39.911 0.878
40.784 0.873
41.651 0.867
42.538 0.887
43.369 0.831
44.205 0.836
45.074 0.869
45.918 0.844
46.729 0.811
47.576 0.847
48.473 0.897
49.362 0.889
50.298 0.936
51.261 0.963
52.142 0.881
53.031 0.889
53.911 0.88
54.732 0.821
55.538 0.806
56.369 0.831
57.208 0.839
58.038 0.83
58.918 0.88
59.806 0.888
60.637 0.831
61.492 0.855
62.338 0.846
63.17 0.832
63.942 0.772
64.692 0.75
65.444 0.752
66.215 0.771
66.996 0.781
67.769 0.773
68.498 0.729
69.228 0.73
69.997 0.769
70.763 0.766
71.567 0.804
72.402 0.835
73.2 0.798
74.0 0.8
74.82 0.82
75.664 0.844
76.508 0.844
77.316 0.808
78.119 0.803
78.926 0.807
79.701 0.775
80.51 0.809
81.406 0.896
82.341 0.935
83.261 0.92
84.225 0.964
85.203 0.978
86.071 0.868
86.854 0.783
87.631 0.777
88.37 0.739
89.195 0.825
90.126 0.931
91.066 0.94
91.972 0.906
92.871 0.899
93.793 0.922
94.692 0.899
95.614 0.922
96.527 0.913
97.394 0.867
98.252 0.858
99.109 0.857
99.955 0.846
100.744 0.789
101.534 0.79
102.345 0.811
103.225 0.88
104.089 0.864
104.994 0.905
105.891 0.897
106.71 0.819
107.52 0.81
108.336 0.816
109.116 0.78
109.899 0.783
110.673 0.774
111.453 0.78
112.216 0.763
113.013 0.797
113.84 0.827
114.699 0.859
115.515 0.816
116.354 0.839
117.201 0.847
118.027 0.826
118.811 0.784
119.596 0.785
120.357 0.761
120.892 0.535
121.89 0.998
122.625 0.735
123.384 0.759
124.138 0.754
124.897 0.759
125.681 0.784
126.588 0.907
127.536 0.948
128.433 0.897
129.371 0.938
130.328 0.957
131.215 0.887
132.109 0.894
133.01 0.901
133.872 0.862
134.709 0.837
135.571 0.862
136.458 0.887
137.301 0.843
138.106 0.805
138.928 0.822
139.799 0.871
140.732 0.933
141.665 0.933
142.546 0.881
143.451 0.905
144.361 0.91
145.236 0.875
146.069 0.833
146.911 0.842
147.775 0.864
148.627 0.852
149.497 0.87
150.413 0.916
151.341 0.928
152.265 0.924
153.159 0.894
154.035 0.876
154.889 0.854
155.699 0.81
156.492 0.793
157.289 0.797
158.11 0.821
158.978 0.868
159.907 0.929
160.881 0.974
161.81 0.929
162.758 0.948
163.674 0.916
164.556 0.882
165.438 0.882
166.313 0.875
167.125 0.812
167.91 0.785
168.689 0.779
169.508 0.819
170.338 0.83
171.181 0.843
172.079 0.898
172.992 0.913
173.873 0.881
174.78 0.907
175.656 0.876
176.496 0.84
177.276 0.78
178.04 0.764
178.802 0.762
179.607 0.805
180.478 0.871
181.33 0.852
182.227 0.897
183.154 0.927
184.08 0.926
184.963 0.883
185.845 0.882
186.726 0.881
187.561 0.835
188.374 0.813
189.174 0.8
189.968 0.794
190.734 0.766
191.481 0.747
192.232 0.751
192.958 0.726
193.687 0.729
194.445 0.758
195.182 0.737
195.928 0.746
196.704 0.776
197.513 0.809
198.344 0.831
199.135 0.791
199.936 0.801
200.769 0.833
201.607 0.838
202.415 0.808
203.243 0.828
204.108 0.865
205.002 0.894
205.871 0.869
206.729 0.858
207.607 0.878
208.485 0.878
209.316 0.831
210.149 0.833
211.0 0.851
211.87 0.87
212.712 0.842
213.582 0.87
214.437 0.855
215.259 0.822
216.05 0.791
216.844 0.794
217.657 0.813
218.438 0.781
219.183 0.745
219.956 0.773
220.763 0.807
221.616 0.853
222.508 0.892
223.36 0.852
224.218 0.858
225.066 0.848
225.877 0.811
226.649 0.772
227.419 0.77
228.197 0.778
229.021 0.824
229.79 0.769
230.539 0.749
231.262 0.723
231.97 0.708
232.673 0.703
233.405 0.732
234.271 0.866
235.155 0.884
236.031 0.876
236.876 0.845
237.743 0.867
238.632 0.889
239.539 0.907
240.435 0.896
241.301 0.866
242.145 0.844
243.005 0.86
243.891 0.886
244.779 0.888
245.622 0.843
246.483 0.861
247.364 0.881
248.264 0.9
249.1 0.836
249.952 0.852
250.816 0.864
251.691 0.875
252.519 0.828
253.363 0.844
254.234 0.871
255.133 0.899
256.012 0.879
256.836 0.824
257.672 0.836
258.527 0.855
259.395 0.868
260.216 0.821
261.01 0.794
261.812 0.802
262.637 0.825
263.459 0.822
264.256 0.797
265.096 0.84
265.953 0.857
266.796 0.843
267.617 0.821
268.45 0.833
269.306 0.856
270.146 0.84
270.962 0.816
271.783 0.821
272.615 0.832
273.398 0.783
274.183 0.785
274.98 0.797
275.8 0.82
276.614 0.814
277.446 0.832
278.304 0.858
279.12 0.816
279.948 0.828
280.78 0.832
281.586 0.806
282.354 0.768
283.124 0.77
283.91 0.786
284.733 0.823
285.536 0.803
286.301 0.765
287.087 0.786
287.635 0.548
288.73 1.095
289.529 0.799
290.302 0.773
291.043 0.741
291.78 0.737
292.557 0.777
293.418 0.861
294.3 0.882
295.16 0.86
296.068 0.908
296.963 0.895
297.846 0.883
298.674 0.828
299.52 0.846
300.393 0.873
301.285 0.892
302.123 0.838
302.988 0.865
303.869 0.881
304.763 0.894
305.611 0.848
306.441 0.83
307.3 0.859
308.177 0.877
309.052 0.875
309.89 0.838
310.751 0.861
311.643 0.892
312.493 0.85
313.315 0.822
314.136 0.821
314.979 0.843
315.793 0.814
316.589 0.796
317.402 0.813
318.238 0.836
319.089 0.851
319.938 0.849
320.815 0.877
321.712 0.897
322.565 0.853
323.378 0.813
324.168 0.79
324.948 0.78
325.727 0.779
326.497 0.77
327.296 0.799
328.132 0.836
328.962 0.83
329.791 0.829
330.618 0.827
331.413 0.795
332.179 0.766
332.927 0.748
333.678 0.751
334.421 0.743
335.199 0.778
335.99 0.791
336.818 0.828
337.697 0.879
338.551 0.854
339.403 0.852
340.263 0.86
341.121 0.858
341.931 0.81
342.729 0.798
343.535 0.806
344.366 0.831
345.17 0.804
345.972 0.802
346.8 0.828
347.677 0.877
348.514 0.837
349.348 0.834
350.187 0.839
351.004 0.817
351.798 0.794
352.612 0.814
353.444 0.832
354.264 0.82
355.091 0.827
355.938 0.847
356.794 0.856
357.594 0.8
358.405 0.811
359.249 0.844
360.123 0.874
360.973 0.85
361.819 0.846
362.692 0.873
363.576 0.884
364.417 0.841
365.282 0.865
366.166 0.884
367.041 0.875
367.872 0.831
368.721 0.849
369.597 0.876
370.463 0.866
371.303 0.84
372.155 0.852
373.0 0.845
373.805 0.805
374.594 0.789
375.394 0.8
376.212 0.818
377.037 0.825
377.847 0.81
378.643 0.796
379.417 0.774
380.166 0.749
380.908 0.742
381.631 0.723
382.352 0.721
383.078 0.726
383.87 0.792
384.648 0.778
385.436 0.788
386.249 0.813
387.103 0.854
387.97 0.867
388.816 0.846
389.61 0.794
390.406 0.796
391.236 0.83
392.172 0.936
393.064 0.892
393.95 0.886
394.887 0.937
395.829 0.942
396.672 0.843
397.497 0.825
398.298 0.801
399.128 0.83
399.969 0.841
400.804 0.835
401.639 0.835
402.418 0.779
403.218 0.8
404.096 0.878
404.992 0.896
405.867 0.875
406.797 0.93
407.772 0.975
408.646 0.874
409.54 0.894
410.418 0.878
411.249 0.831
412.075 0.826
412.912 0.837
413.728 0.816
414.555 0.827
415.377 0.822
416.217 0.84
417.045 0.828
417.92 0.875
418.834 0.914
419.758 0.924
420.624 0.866
421.506 0.882
422.384 0.878
423.192 0.808
423.998 0.806
424.829 0.831
425.756 0.927
426.657 0.901
427.586 0.929
428.561 0.975
429.505 0.944
430.421 0.916
431.34 0.919
432.227 0.887
433.056 0.829
433.917 0.861
434.784 0.867
435.651 0.867
436.461 0.81
437.227 0.766
438.024 0.797
438.844 0.82
439.725 0.881
440.587 0.862
441.435 0.848
442.223 0.788
442.986 0.763
443.721 0.735
444.451 0.73
445.169 0.718
445.892 0.723
446.656 0.764
447.455 0.799
448.308 0.853
449.219 0.911
450.133 0.914
451.022 0.889
451.847 0.825
452.661 0.814
453.479 0.818
454.266 0.787
455.06 0.794
455.868 0.808
456.695 0.827
457.549 0.854
458.463 0.914
459.406 0.943
460.275 0.869
461.18 0.905
462.08 0.9
462.927 0.847
463.772 0.845
464.601 0.829
465.431 0.83
466.226 0.795
467.01 0.784
467.815 0.805
468.636 0.821
469.491 0.855
470.345 0.854
471.14 0.795
471.926 0.786
472.687 0.761
473.435 0.748
474.172 0.737
474.921 0.749
475.695 0.774
476.478 0.783
477.257 0.779
478.038 0.781
478.844 0.806
479.636 0.792
480.42 0.784
481.196 0.776
481.956 0.76
482.696 0.74
483.469 0.773
484.306 0.837
485.189 0.883
486.044 0.855
486.888 0.844
487.716 0.828
488.508 0.792
489.268 0.76
490.033 0.765
490.791 0.758
491.532 0.741
492.292 0.76
493.086 0.794
493.954 0.868
494.476 0.522
495.664 1.188
496.459 0.795
497.217 0.758
497.949 0.732
498.669 0.72
499.395 0.726
500.149 0.754
500.928 0.779
501.696 0.768
502.428 0.732
503.147 0.719
503.869 0.722
504.609 0.74
505.362 0.753
506.125 0.763
506.891 0.766
507.63 0.739
508.354 0.724
509.057 0.703
509.734 0.677
510.424 0.69
511.129 0.705
511.925 0.796
512.747 0.822
513.589 0.842
514.439 0.85
515.279 0.84
516.061 0.782
516.829 0.768
517.58 0.751
518.32 0.74
519.092 0.772
519.863 0.771
520.659 0.796
521.505 0.846
522.383 0.878
523.198 0.815
524.031 0.833
524.888 0.857
525.729 0.841
526.522 0.793
527.313 0.791
528.103 0.79
528.908 0.805
529.742 0.834
530.54 0.798
531.361 0.821
532.222 0.861
533.041 0.819
533.903 0.862
534.805 0.902
535.72 0.915
536.561 0.841
537.43 0.869
538.315 0.885
539.172 0.857
540.01 0.838
540.891 0.881
541.806 0.915
542.7 0.894
543.548 0.848
544.417 0.869
545.317 0.9
546.178 0.861
547.046 0.868
547.902 0.856
548.769 0.867
549.593 0.824
550.427 0.834
551.301 0.874
552.192 0.891
553.048 0.856
553.94 0.892
554.917 0.977
555.842 0.925
556.729 0.887
557.352 0.623
557.827 0.475
558.747 0.92
559.632 0.885
560.49 0.858
561.38 0.89
562.266 0.886
563.078 0.812
563.874 0.796
564.734 0.86
565.636 0.902
566.483 0.847
567.294 0.811
568.121 0.827
569.036 0.915
570.009 0.973
570.914 0.905
571.823 0.909
572.726 0.903
573.621 0.895
574.468 0.847
575.375 0.907
576.312 0.937
577.296 0.984
578.189 0.893
579.124 0.935
580.058 0.934
580.928 0.87
581.808 0.88
582.605 0.797
583.391 0.786
584.217 0.826
585.008 0.791
585.779 0.771
586.549 0.77
587.331 0.782
588.147 0.816
588.981 0.834
589.804 0.823
590.59 0.786
591.356 0.766
592.108 0.752
592.846 0.738
593.56 0.714
594.271 0.711
595.024 0.753
595.844 0.82
596.64 0.796
597.434 0.794
598.252 0.818
599.075 0.823
599.882 0.807
600.696 0.814
601.518 0.822
602.361 0.843
603.165 0.804
603.996 0.831
604.849 0.853
605.734 0.885
606.577 0.843
607.43 0.853
608.302 0.872
609.131 0.829
609.973 0.842
610.827 0.854
611.705 0.878
612.592 0.887
613.425 0.833
614.281 0.856
615.166 0.885
616.029 0.863
616.873 0.844
617.751 0.878
618.679 0.928
619.516 0.837
620.36 0.844
621.213 0.853
622.057 0.844
622.893 0.836
623.721 0.828
624.514 0.793
625.291 0.777
626.082 0.791
626.906 0.824
627.691 0.785
628.5 0.809
629.34 0.84
630.213 0.873
631.073 0.86
631.929 0.856
632.76 0.831
633.546 0.786
634.289 0.743
635.007 0.718
635.724 0.717
636.485 0.761
637.322 0.837
638.238 0.916
639.19 0.952
640.175 0.985
641.148 0.973
642.085 0.937
642.906 0.821
643.67 0.764
644.428 0.758
645.162 0.734
646.074 0.912
646.962 0.888
647.893 0.931