0.000 0.704
0.704 0.704
1.394 0.69
2.069 0.675
2.715 0.646
3.367 0.652
4.021 0.654
4.691 0.67
5.354 0.663
5.998 0.644
6.627 0.629
7.251 0.624
7.872 0.621
8.496 0.624
9.134 0.638
9.79 0.656
10.442 0.652
11.104 0.662
11.772 0.668
12.448 0.676
13.128 0.68
13.79 0.662
14.448 0.658
15.112 0.664
15.792 0.68
16.476 0.684
17.145 0.669
17.798 0.653
18.447 0.649
19.094 0.647
19.724 0.63
20.347 0.623
20.971 0.624
21.608 0.637
22.268 0.66
22.925 0.657
23.595 0.67
24.293 0.698
25.034 0.741
25.773 0.739
26.49 0.717
27.187 0.697
27.859 0.672
28.525 0.666
29.196 0.671
29.863 0.667
30.556 0.693
31.275 0.719
32.015 0.74
32.742 0.727
33.473 0.731
34.204 0.731
34.919 0.715
35.616 0.697
36.273 0.657
36.908 0.635
37.514 0.606
38.096 0.582
38.674 0.578
39.235 0.561
39.797 0.562
40.358 0.561
40.955 0.597
41.61 0.655
42.361 0.751
43.211 0.85
44.091 0.88
44.928 0.837
45.754 0.826
46.534 0.78
47.276 0.742
47.986 0.71
48.657 0.671
49.287 0.63
49.916 0.629
50.609 0.693
51.322 0.713
52.027 0.705
52.774 0.747
53.546 0.772
54.296 0.75
55.042 0.746
55.794 0.752
56.541 0.747
57.251 0.71
57.954 0.703
58.66 0.706
59.385 0.725
60.129 0.744
60.859 0.73
61.565 0.706
62.255 0.69
62.957 0.702
63.691 0.734
64.473 0.782
65.268 0.795
66.035 0.767
66.767 0.732
67.48 0.713
68.198 0.718
68.943 0.745
69.719 0.776
70.519 0.8
71.334 0.815
72.129 0.795
72.888 0.759
73.604 0.716
74.319 0.715
75.049 0.73
75.83 0.781
76.66 0.83
77.492 0.832
78.296 0.804
79.098 0.802
79.911 0.813
80.717 0.806
81.466 0.749
82.199 0.733
82.917 0.718
83.651 0.734
84.394 0.743
85.168 0.774
85.989 0.821
86.827 0.838
87.618 0.791
88.418 0.8
89.2 0.782
89.936 0.736
90.665 0.729
91.395 0.73
92.145 0.75
92.898 0.753
93.634 0.736
94.356 0.722
95.081 0.725
95.817 0.736
96.552 0.735
97.284 0.732
98.005 0.721
98.709 0.704
99.416 0.707
100.115 0.699
100.814 0.699
101.529 0.715
102.237 0.708
102.953 0.716
103.698 0.745
104.471 0.773
105.247 0.776
105.98 0.733
106.703 0.723
107.42 0.717
108.136 0.716
108.879 0.743
109.63 0.751
110.376 0.746
111.129 0.753
111.873 0.744
112.609 0.736
113.354 0.745
114.105 0.751
114.823 0.718
115.533 0.71
116.229 0.696
116.919 0.69
117.609 0.69
118.286 0.677
118.956 0.67
119.616 0.66
120.311 0.695
121.074 0.763
121.839 0.765
122.595 0.756
123.362 0.767
124.113 0.751
124.859 0.746
125.599 0.74
126.334 0.735
127.077 0.743
127.819 0.742
128.563 0.744
129.308 0.745
130.053 0.745
130.801 0.748
131.56 0.759
132.326 0.766
133.088 0.762
133.823 0.735
134.527 0.704
135.226 0.699
135.942 0.716
136.688 0.746
137.478 0.79
138.267 0.789
139.052 0.785
139.836 0.784
140.614 0.778
141.384 0.77
142.128 0.744
142.859 0.731
143.591 0.732
144.328 0.737
145.078 0.75
145.834 0.756
146.587 0.753
147.328 0.741
148.056 0.728
148.773 0.717
149.484 0.711
150.207 0.723
150.947 0.74
151.702 0.755
152.436 0.734
153.148 0.712
153.853 0.705
154.563 0.71
155.281 0.718
156.024 0.743
156.772 0.748
157.519 0.747
158.266 0.747
159.02 0.754
159.781 0.761
160.543 0.762
161.282 0.739
162.007 0.725
162.725 0.718
163.449 0.724
164.213 0.764
165.017 0.804
165.812 0.795
166.592 0.78
167.369 0.777
168.144 0.775
168.917 0.773
169.661 0.744
170.412 0.751
171.184 0.772
171.984 0.8
172.779 0.795
173.547 0.768
174.296 0.749
175.042 0.746
175.805 0.763
176.572 0.767
177.325 0.753
178.082 0.757
178.869 0.787
179.667 0.798
180.436 0.769
181.191 0.755
181.93 0.739
182.658 0.728
183.374 0.716
184.089 0.715
184.815 0.726
185.565 0.75
186.345 0.78
187.132 0.787
187.908 0.776
188.652 0.744
189.377 0.725
190.091 0.714
190.81 0.719
191.519 0.709
192.23 0.711
192.917 0.687
193.599 0.682
194.27 0.671
194.917 0.647
195.563 0.646
196.217 0.654
196.877 0.66
197.549 0.672
198.242 0.693
198.954 0.712
199.682 0.728
200.399 0.717
201.102 0.703
201.803 0.701
202.518 0.715
203.249 0.731
203.976 0.727
204.696 0.72
205.437 0.741
206.204 0.767
206.997 0.793
207.772 0.775
208.532 0.76
209.3 0.768
210.072 0.772
210.834 0.762
211.564 0.73
212.27 0.706
212.973 0.703
213.691 0.718
214.45 0.759
215.238 0.788
216.017 0.779
216.802 0.785
217.581 0.779
218.375 0.794
219.137 0.762
219.865 0.728
220.575 0.71
221.278 0.703
221.994 0.716
222.729 0.735
223.457 0.728
224.173 0.716
224.89 0.717
225.621 0.731
226.378 0.757
227.15 0.772
227.908 0.758
228.666 0.758
229.422 0.756
230.163 0.741
230.884 0.721
231.602 0.718
232.337 0.735
233.1 0.763
233.872 0.772
234.632 0.76
235.392 0.76
236.145 0.753
236.873 0.728
237.575 0.702
238.258 0.683
238.925 0.667
239.576 0.651
240.222 0.646
240.852 0.63
241.47 0.618
242.085 0.615
242.717 0.632
243.426 0.709
244.125 0.699
244.838 0.713
245.561 0.723
246.299 0.738
247.031 0.732
247.768 0.737
248.496 0.728
249.235 0.739
249.99 0.755
250.772 0.782
251.55 0.778
252.317 0.767
253.063 0.746
253.809 0.746
254.568 0.759
255.329 0.761
256.103 0.774
256.87 0.767
257.636 0.766
258.396 0.76
259.154 0.758
259.9 0.746
260.648 0.748
261.421 0.773
262.252 0.831
263.122 0.87
263.979 0.857
264.794 0.815
265.57 0.776
266.327 0.757
267.071 0.744
267.797 0.726
268.514 0.717
269.247 0.733
270.02 0.773
270.819 0.799
271.594 0.775
272.379 0.785
273.178 0.799
273.98 0.802
274.751 0.771
275.51 0.759
276.243 0.733
276.954 0.711
277.656 0.702
278.355 0.699
279.071 0.716
279.828 0.757
280.647 0.819
281.443 0.796
282.213 0.77
282.963 0.75
283.712 0.749
284.476 0.764
285.244 0.768
286.015 0.771
286.744 0.729
287.443 0.699
288.125 0.682
288.785 0.66
289.446 0.661
290.209 0.763
290.991 0.782
291.792 0.801
292.603 0.811
293.409 0.806
294.212 0.803
294.996 0.784
295.769 0.773
296.532 0.763
297.288 0.756
298.039 0.751
298.813 0.774
299.648 0.835
300.494 0.846
301.306 0.812
302.129 0.823
302.945 0.816
303.729 0.784
304.474 0.745
305.181 0.707
305.9 0.719
306.619 0.719
307.339 0.72
308.065 0.726
308.807 0.742
309.533 0.726
310.251 0.718
310.994 0.743
311.752 0.758
312.525 0.773
313.263 0.738
314.001 0.738
314.736 0.735
315.456 0.72
316.184 0.728
316.948 0.764
317.722 0.774
318.518 0.796
319.352 0.834
320.214 0.862
321.079 0.865
321.93 0.851
322.741 0.811
323.505 0.764
324.254 0.749
325.007 0.753
325.8 0.793
326.603 0.803
327.407 0.804
328.23 0.823
329.069 0.839
329.88 0.811
330.695 0.815
331.519 0.824
332.318 0.799
333.078 0.76
333.838 0.76
334.603 0.765
335.382 0.779
336.14 0.758
336.89 0.75
337.656 0.766
338.462 0.806
339.316 0.854
340.148 0.832
340.981 0.833
341.817 0.836
342.647 0.83
343.443 0.796
344.222 0.779
344.99 0.768
345.737 0.747
346.504 0.767
347.312 0.808
348.137 0.825
348.965 0.828
349.761 0.796
350.552 0.791
351.35 0.798
352.138 0.788
352.902 0.764
353.677 0.775
354.462 0.785
355.264 0.802
356.029 0.765
356.795 0.766
357.576 0.781
358.363 0.787
359.152 0.789
359.91 0.758
360.664 0.754
361.436 0.772
362.239 0.803
363.022 0.783
363.804 0.782
364.592 0.788
365.377 0.785
366.149 0.772
366.908 0.759
367.656 0.748
368.412 0.756
369.172 0.76
369.942 0.77
370.69 0.748
371.445 0.755
372.221 0.776
372.998 0.777
373.753 0.755
374.493 0.74
375.228 0.735
375.974 0.746
376.703 0.729
377.399 0.696
378.087 0.688
378.796 0.709
379.52 0.724
380.25 0.73
380.992 0.742
381.752 0.76
382.506 0.754
383.258 0.752
384.014 0.756
384.78 0.766
385.542 0.762
386.291 0.749
387.047 0.756
387.81 0.763
388.569 0.759
389.312 0.743
390.041 0.729
390.774 0.733
391.486 0.712
392.173 0.687
392.869 0.696
393.545 0.676
394.186 0.641
394.816 0.63
395.439 0.623
396.117 0.678
396.813 0.696
397.531 0.718
398.255 0.724
398.984 0.729
399.689 0.705
400.369 0.68
401.056 0.687
401.758 0.702
402.464 0.706
403.186 0.722
403.94 0.754
404.734 0.794
405.559 0.825
406.385 0.826
407.205 0.82
408.012 0.807
408.78 0.768
409.54 0.76
410.291 0.751
411.07 0.779
411.899 0.829
412.747 0.848
413.572 0.825
414.416 0.844
415.273 0.857
416.114 0.841
416.943 0.829
417.711 0.768
418.449 0.738
419.189 0.74
419.951 0.762
420.752 0.801
421.589 0.837
422.408 0.819
423.224 0.816
424.042 0.818
424.877 0.835
425.708 0.831
426.495 0.787
427.247 0.752
427.98 0.733
428.72 0.74
429.495 0.775
430.328 0.833
431.196 0.868
432.07 0.874
432.925 0.855
433.776 0.851
434.623 0.847
435.448 0.825
436.235 0.787
436.983 0.748
437.715 0.732
438.466 0.751
439.265 0.799
440.115 0.85
441.001 0.886
441.856 0.855
442.712 0.856
443.561 0.849
444.396 0.835
445.216 0.82
445.995 0.779
446.796 0.801
447.611 0.815
448.437 0.826
449.228 0.791
450.037 0.809
450.855 0.818
451.65 0.795
452.452 0.802
453.271 0.819
454.079 0.808
454.892 0.813
455.697 0.805
456.47 0.773
457.234 0.764
457.988 0.754
458.742 0.754
459.49 0.748
460.212 0.722
460.937 0.725
461.658 0.721
462.405 0.747
463.182 0.777
465.441 2.259
466.133 0.692
466.801 0.668
467.469 0.668
468.14 0.671
468.831 0.691
469.535 0.704
470.298 0.763
471.136 0.838
472.008 0.872
472.879 0.871
473.737 0.858
474.568 0.831
475.347 0.779
476.105 0.758
476.86 0.755
477.62 0.76
478.418 0.798
479.242 0.824
480.064 0.822
480.898 0.834
481.732 0.834
482.553 0.821
483.338 0.785
484.108 0.77
484.859 0.751
485.602 0.743
486.315 0.713
487.052 0.737
487.835 0.783
488.67 0.835
489.512 0.842
490.352 0.84
491.158 0.806
491.974 0.816
492.798 0.824
493.634 0.836
494.438 0.804
495.224 0.786
496.027 0.803
496.874 0.847
497.744 0.87
498.558 0.814
499.333 0.775
500.1 0.767
500.877 0.777
501.669 0.792
502.476 0.807
503.29 0.814
504.099 0.809
504.877 0.778
505.671 0.794
506.45 0.779
507.238 0.788
508.057 0.819
508.87 0.813
509.702 0.832
510.525 0.823
511.272 0.747
512.007 0.735
512.739 0.732
513.468 0.729
514.2 0.732
514.907 0.707
515.609 0.702
516.295 0.686
516.967 0.672
517.62 0.653
518.282 0.662
518.93 0.648
519.566 0.636
520.203 0.637
520.832 0.629
521.469 0.637
522.122 0.653
522.79 0.668
523.476 0.686
524.17 0.694
524.867 0.697
525.571 0.704
526.284 0.713
526.996 0.712
527.724 0.728
528.485 0.761
529.329 0.844
530.214 0.885
531.12 0.906
531.998 0.878
532.875 0.877
533.708 0.833
534.472 0.764
535.192 0.72
535.872 0.68
536.545 0.673
537.226 0.681
537.999 0.773
538.833 0.834
539.763 0.93
540.704 0.941
541.61 0.906
542.515 0.905
543.415 0.9
544.294 0.879
545.148 0.854
545.983 0.835
546.756 0.773
547.549 0.793
548.374 0.825
549.255 0.881
550.167 0.912
551.117 0.95
552.012 0.895
552.891 0.879
553.764 0.873
554.602 0.838
555.424 0.822
556.222 0.798
557.004 0.782
557.791 0.787
558.624 0.833
559.492 0.868
560.379 0.887
561.226 0.847
562.088 0.862
562.971 0.883
563.834 0.863
564.671 0.837
565.451 0.78
566.209 0.758
566.975 0.766
567.775 0.8
568.563 0.788
569.319 0.756
570.091 0.772
570.848 0.757
571.613 0.765
572.373 0.76
573.118 0.745
573.857 0.739
574.57 0.713
575.277 0.707
575.974 0.697
576.668 0.694
577.372 0.704
578.06 0.688
578.78 0.72
579.501 0.721
580.192 0.691
580.878 0.686
581.571 0.693
582.258 0.687
582.945 0.687
583.615 0.67
584.309 0.694
585.021 0.712
585.742 0.721
586.486 0.744
587.247 0.761
588.027 0.78
588.807 0.78
589.566 0.759
590.334 0.768
591.108 0.774
591.907 0.799
592.711 0.804
593.528 0.817
594.332 0.804
595.1 0.768
595.817 0.717
596.515 0.698
597.214 0.699
597.931 0.717
598.764 0.833
599.721 0.957
600.678 0.957
601.585 0.907
602.467 0.882
603.347 0.88
604.181 0.834
604.983 0.802
605.763 0.78
606.54 0.777