0.000 0.896
0.896 0.896
1.8 0.904
2.738 0.938
3.675 0.937
4.611 0.936
5.541 0.93
6.497 0.956
7.471 0.974
8.488 1.017
9.461 0.973
10.422 0.961
11.342 0.92
12.268 0.926
13.215 0.947
14.206 0.991
15.195 0.989
16.167 0.972
17.112 0.945
18.045 0.933
18.989 0.944
19.949 0.96
20.938 0.989
21.939 1.001
22.937 0.998
23.935 0.998
24.912 0.977
25.827 0.915
26.744 0.917
27.649 0.905
28.535 0.886
29.402 0.867
30.274 0.872
31.19 0.916
32.167 0.977
33.101 0.934
34.001 0.9
34.918 0.917
35.809 0.891
36.735 0.926
37.68 0.945
38.586 0.906
39.509 0.923
40.47 0.961
41.426 0.956
42.347 0.921
43.321 0.974
44.288 0.967
45.215 0.927
46.165 0.95
47.07 0.905
47.989 0.919
48.918 0.929
49.852 0.934
50.754 0.902
51.691 0.937
52.705 1.014
53.731 1.026
54.702 0.971
55.636 0.934
56.583 0.947
57.518 0.935
58.45 0.932
59.323 0.873
60.227 0.904
61.15 0.923
62.095 0.945
63.015 0.92
63.952 0.937
64.938 0.986
65.909 0.971
66.83 0.921
67.741 0.911
68.643 0.902
69.525 0.882
70.377 0.852
71.247 0.87
72.124 0.877
73.001 0.877
73.899 0.898
74.809 0.91
75.709 0.9
76.615 0.906
77.532 0.917
78.421 0.889
79.282 0.861
80.161 0.879
81.095 0.934
82.118 1.023
83.183 1.065
84.203 1.02
85.184 0.981
86.11 0.926
87.029 0.919
87.978 0.949
89.008 1.03
90.06 1.052
91.097 1.037
92.073 0.976
93.065 0.992
94.077 1.012
95.104 1.027
96.129 1.025
97.107 0.978
98.09 0.983
99.082 0.992
100.08 0.998
101.08 1.0
102.011 0.931
102.947 0.936
103.918 0.971
104.964 1.046
106.016 1.052
106.972 0.956
107.894 0.922
108.816 0.922
109.73 0.914
110.632 0.902
111.561 0.929
112.55 0.989
113.577 1.027
114.63 1.053
115.662 1.032
116.643 0.981
117.63 0.987
118.617 0.987
119.627 1.01
120.633 1.006
121.637 1.004
122.595 0.958
123.53 0.935
124.497 0.967
125.493 0.996
126.512 1.019
127.533 1.021
128.533 1.0
129.519 0.986
130.481 0.962
131.393 0.912
132.295 0.902
133.246 0.951
134.305 1.059
135.427 1.122
136.562 1.135
137.648 1.086
138.69 1.042
139.654 0.964
140.583 0.929
141.555 0.972
142.583 1.028
143.625 1.042
144.611 0.986
145.609 0.998
146.656 1.047
147.742 1.086
148.825 1.083
149.87 1.045
150.894 1.024
151.865 0.971
152.839 0.974
153.87 1.031
154.966 1.096
156.047 1.081
157.098 1.051
158.13 1.032
159.126 0.996
160.097 0.971
161.102 1.005
162.127 1.025
163.162 1.035
164.204 1.042
165.222 1.018
166.184 0.962
167.142 0.958
168.115 0.973
169.114 0.999
170.086 0.972
171.058 0.972
172.005 0.947
172.932 0.927
173.88 0.948
174.873 0.993
175.887 1.014
176.879 0.992
177.833 0.954
178.786 0.953
179.763 0.977
180.739 0.976
181.668 0.929
182.592 0.924
183.541 0.949
184.505 0.964
185.466 0.961
186.409 0.943
187.385 0.976
188.386 1.001
189.407 1.021
190.371 0.964
191.351 0.98
192.352 1.001
193.373 1.021
194.366 0.993
195.313 0.947
196.285 0.972
197.272 0.987
198.258 0.986
199.227 0.969
200.245 1.018
201.258 1.013
202.207 0.949
203.175 0.968
204.153 0.978
205.107 0.954
206.001 0.894
206.854 0.853
207.712 0.858
208.689 0.977
209.845 1.156
210.992 1.147
212.097 1.105
213.185 1.088
214.224 1.039
215.233 1.009
216.187 0.954
217.139 0.952
218.1 0.961
219.059 0.959
219.97 0.911
220.868 0.898
221.807 0.939
222.771 0.964
223.752 0.981
224.748 0.996
225.747 0.999
226.752 1.005
227.702 0.95
228.682 0.98
229.684 1.002
230.661 0.977
231.688 1.027
232.683 0.995
233.641 0.958
234.596 0.955
235.541 0.945
236.452 0.911
237.355 0.903
238.276 0.921
239.239 0.963
240.198 0.959
241.21 1.012
242.218 1.008
243.182 0.964
244.149 0.967
245.149 1.0
246.153 1.004
247.094 0.941
248.018 0.924
248.969 0.951
249.923 0.954
250.896 0.973
251.82 0.924
252.699 0.879
253.601 0.902
254.548 0.947
255.551 1.003
256.555 1.004
257.568 1.013
258.514 0.946
259.463 0.949
260.424 0.961
261.375 0.951
262.274 0.899
263.153 0.879
264.073 0.92
265.034 0.961
265.97 0.936
266.911 0.941
267.87 0.959
268.849 0.979
269.843 0.994
270.822 0.979
271.762 0.94
272.736 0.974
273.721 0.985
274.707 0.986
275.644 0.937
276.612 0.968
277.586 0.974
278.535 0.949
279.462 0.927
280.405 0.943
281.409 1.004
282.408 0.999
283.422 1.014
284.4 0.978
285.395 0.995
286.391 0.996
287.369 0.978
288.332 0.963
289.286 0.954
290.244 0.958
291.2 0.956
292.135 0.935
293.069 0.934
294.032 0.963
295.0 0.968
295.926 0.926
296.893 0.967
297.871 0.978
298.833 0.962
299.775 0.942
300.736 0.961
301.704 0.968
302.659 0.955
303.596 0.937
304.572 0.976
305.575 1.003
306.548 0.973
307.494 0.946
308.461 0.967
309.442 0.981
310.38 0.938
311.352 0.972
312.324 0.972
313.245 0.921
314.174 0.929
315.118 0.944
316.075 0.957
317.049 0.974
318.044 0.995
319.058 1.014
320.038 0.98
321.056 1.018
322.062 1.006
323.033 0.971
323.991 0.958
324.972 0.981
325.958 0.986
326.959 1.001
327.909 0.95
328.884 0.975
329.875 0.991
330.854 0.979
331.827 0.973
332.763 0.936
333.719 0.956
334.712 0.993
335.708 0.996
336.698 0.99
337.655 0.957
338.644 0.989
339.644 1.0
340.66 1.016
341.643 0.983
342.588 0.945
343.546 0.958
344.505 0.959
345.488 0.983
346.441 0.953
347.421 0.98
348.4 0.979
349.341 0.941
350.317 0.976
351.275 0.958
352.182 0.907
353.097 0.915
354.008 0.911
354.892 0.884
355.797 0.905
356.72 0.923
357.65 0.93
358.564 0.914
359.509 0.945
360.468 0.959
361.397 0.929
362.346 0.949
363.306 0.96
364.245 0.939
365.181 0.936
366.134 0.953
367.105 0.971
368.044 0.939
369.016 0.972
369.999 0.983
370.939 0.94
371.898 0.959
372.867 0.969
373.828 0.961
374.795 0.967
375.792 0.997
376.79 0.998
377.761 0.971
378.752 0.991
379.753 1.001
380.71 0.957
381.673 0.963
382.642 0.969
383.617 0.975
384.558 0.941
385.476 0.918
386.37 0.894
387.398 1.028
388.463 1.065
389.534 1.071
390.609 1.075
391.625 1.016
392.621 0.996
393.574 0.953
394.536 0.962
395.518 0.982
396.48 0.962
397.395 0.915
398.274 0.879
399.202 0.928
400.156 0.954
401.11 0.954
402.072 0.962
403.021 0.949
403.956 0.935
404.922 0.966
405.888 0.966
406.854 0.966
407.812 0.958
408.769 0.957
409.714 0.945
410.67 0.956
411.631 0.961
412.575 0.944
413.603 1.028
414.69 1.087
415.725 1.035
416.733 1.008
417.755 1.022
418.758 1.003
419.715 0.957
420.623 0.908
421.532 0.909
422.452 0.92
423.382 0.93
424.297 0.915
425.239 0.942
426.232 0.993
427.254 1.022
428.264 1.01
429.249 0.985
430.258 1.009
431.274 1.016
432.236 0.962
433.209 0.973
434.174 0.965
435.115 0.941
436.08 0.965
437.057 0.977
438.003 0.946
438.951 0.948
439.952 1.001
440.97 1.018
441.967 0.997
442.953 0.986
443.949 0.996
444.938 0.989
445.886 0.948
446.857 0.971
447.848 0.991
448.842 0.994
449.807 0.965
450.819 1.012
451.854 1.035
452.878 1.024
453.871 0.993
454.878 1.007
455.868 0.99
456.819 0.951
457.824 1.005
458.839 1.015
459.849 1.01
460.835 0.986
461.85 1.015
462.844 0.994
463.785 0.941
464.736 0.951
465.718 0.982
466.681 0.963
467.645 0.964
468.664 1.019
469.694 1.03
470.657 0.963
471.641 0.984
472.634 0.993
473.591 0.957
474.533 0.942
475.489 0.956
476.453 0.964
477.378 0.925
478.304 0.926
479.26 0.956
480.254 0.994
481.197 0.943
482.112 0.915
483.031 0.919
483.926 0.895
484.837 0.911
485.727 0.89
486.681 0.954
487.615 0.934
488.525 0.91
489.47 0.945
490.467 0.997
491.514 1.047
492.583 1.069
493.608 1.025
494.605 0.997
495.558 0.953
496.509 0.951
497.501 0.992
498.532 1.031
499.54 1.008
500.563 1.023
501.602 1.039
502.644 1.042
503.707 1.063
504.743 1.036
505.759 1.016
506.739 0.98
507.717 0.978
508.689 0.972
509.658 0.969
510.626 0.968
511.56 0.934
512.548 0.988
513.556 1.008
514.547 0.991
515.524 0.977
516.444 0.92
517.374 0.93
518.332 0.958
519.344 1.012
520.34 0.996
521.328 0.988
522.285 0.957
523.224 0.939
524.214 0.99
525.238 1.024
526.273 1.035
527.233 0.96
528.183 0.95
529.159 0.976
530.16 1.001
531.165 1.005
532.18 1.015
533.133 0.953
534.089 0.956
535.063 0.974
536.061 0.998
537.054 0.993
538.018 0.964
539.014 0.996
540.036 1.022
541.054 1.018
542.059 1.005
543.027 0.968
543.959 0.932
544.871 0.912
545.782 0.911
546.698 0.916
547.618 0.92
548.553 0.935
549.485 0.932
550.449 0.964
551.424 0.975
552.406 0.982
553.356 0.95
554.258 0.902
555.172 0.914
556.075 0.903
556.978 0.903
557.88 0.902
558.765 0.885
559.676 0.911
560.602 0.926
561.531 0.929
562.446 0.915
563.363 0.917
564.291 0.928
565.219 0.928
566.164 0.945
567.063 0.899
567.962 0.899
568.859 0.897
569.844 0.985
570.969 1.125
572.072 1.103
573.142 1.07
574.176 1.034
575.188 1.012
576.173 0.985
577.138 0.965
578.075 0.937
579.03 0.955
579.986 0.956
580.94 0.954
581.912 0.972
582.885 0.973
583.838 0.953
584.803 0.965
585.778 0.975
586.749 0.971
587.698 0.949
588.619 0.921
589.676 1.057
590.663 0.987
591.66 0.997
592.612 0.952
593.539 0.927
594.416 0.877
595.308 0.892
596.187 0.879
597.087 0.9
597.988 0.901
598.864 0.876
599.778 0.914
600.693 0.915
601.595 0.902
602.51 0.915
603.425 0.915
604.329 0.904
605.222 0.893
606.111 0.889
606.993 0.882
607.852 0.859
608.719 0.867
609.595 0.876
610.499 0.904
611.379 0.88
612.269 0.89
613.156 0.887
614.022 0.866
614.884 0.862
615.758 0.874
616.635 0.877
617.514 0.879
618.42 0.906
619.331 0.911
620.215 0.884
621.056 0.841
621.894 0.838
622.738 0.844
623.565 0.827
624.372 0.807
625.184 0.812
626.011 0.827
626.878 0.867
627.759 0.881
628.637 0.878
629.529 0.892
630.433 0.904
631.295 0.862
632.142 0.847
632.982 0.84
633.844 0.862
634.705 0.861
635.605 0.9
636.525 0.92
637.514 0.989
638.491 0.977
639.445 0.954
640.438 0.993
640.72 0.282
641.393 0.673
641.992 0.599
642.329 0.337
643.244 0.915
644.182 0.938
645.129 0.947
646.085 0.956
647.039 0.954
647.454 0.415
647.956 0.502
648.866 0.91