0.000 0.969
0.969 0.969
1.845 0.876
2.711 0.866
3.578 0.867
4.528 0.95
5.486 0.958
6.458 0.972
7.351 0.893
8.273 0.922
9.223 0.95
10.232 1.009
11.211 0.979
12.17 0.959
13.162 0.992
14.214 1.052
15.28 1.066
16.283 1.003
17.291 1.008
18.349 1.058
19.398 1.049
20.367 0.969
21.362 0.995
22.398 1.036
23.47 1.072
24.459 0.989
25.494 1.035
26.543 1.049
27.543 1.0
28.604 1.061
29.715 1.111
30.789 1.074
31.888 1.099
32.868 0.98
33.88 1.012
34.873 0.993
35.885 1.012
36.949 1.064
37.949 1.0
38.99 1.041
39.936 0.946
40.967 1.031
41.993 1.026
43.041 1.048
44.018 0.977
45.033 1.015
45.991 0.958
46.984 0.993
48.011 1.027
49.03 1.019
50.029 0.999
51.07 1.041
52.087 1.017
53.005 0.918
53.975 0.97
54.911 0.936
55.793 0.882
56.75 0.957
57.758 1.008
58.83 1.072
59.851 1.021
60.822 0.971
61.873 1.051
62.936 1.063
64.002 1.066
65.04 1.038
66.014 0.974
67.03 1.016
68.122 1.092
69.227 1.105
70.329 1.102
71.351 1.022
72.427 1.076
73.567 1.14
74.696 1.129
75.711 1.015
76.678 0.967
77.675 0.997
78.745 1.07
79.854 1.109
80.934 1.08
81.926 0.992
82.968 1.042
84.073 1.105
85.194 1.121
86.248 1.054
87.225 0.977
88.263 1.038
89.325 1.062
90.412 1.087
91.428 1.016
92.486 1.058
93.599 1.113
94.662 1.063
95.689 1.027
96.773 1.084
97.866 1.093
98.93 1.064
99.918 0.988
100.954 1.036
102.025 1.071
103.129 1.104
104.101 0.972
105.059 0.958
106.011 0.952
106.963 0.952
107.988 1.025
109.061 1.073
110.155 1.094
111.138 0.983
112.179 1.041
113.18 1.001
114.106 0.926
114.987 0.881
115.883 0.896
116.839 0.956
117.892 1.053
118.954 1.062
119.974 1.02
121.07 1.096
122.158 1.088
123.321 1.163
124.45 1.129
125.49 1.04
126.542 1.052
127.568 1.026
128.548 0.98
129.596 1.048
130.659 1.063
131.724 1.065
132.784 1.06
133.882 1.098
134.963 1.081
136.009 1.046
137.068 1.059
138.087 1.019
139.064 0.977
140.145 1.081
141.252 1.107
142.273 1.021
143.341 1.068
144.413 1.072
145.465 1.052
146.461 0.996
147.487 1.026
148.47 0.983
149.425 0.955
150.43 1.005
151.496 1.066
152.493 0.997
153.553 1.06
154.67 1.117
155.76 1.09
156.859 1.099
157.938 1.079
158.916 0.978
159.965 1.049
161.06 1.095
162.121 1.061
163.174 1.053
164.275 1.101
165.44 1.165
166.506 1.066
167.52 1.014
168.544 1.024
169.619 1.075
170.721 1.102
171.75 1.029
172.846 1.096
173.958 1.112
175.015 1.057
176.077 1.062
177.127 1.05
178.128 1.001
179.245 1.117
180.309 1.064
181.427 1.118
182.521 1.094
183.561 1.04
184.565 1.004
185.606 1.041
186.613 1.007
187.653 1.04
188.782 1.129
189.86 1.078
190.969 1.109
192.085 1.116
193.088 1.003
194.046 0.958
194.998 0.952
196.206 1.208
197.496 1.29
198.743 1.247
199.98 1.237
201.194 1.214
202.373 1.179
203.519 1.146
204.619 1.1
205.668 1.049
206.8 1.132
207.962 1.162
209.113 1.151
210.243 1.13
211.362 1.119
212.428 1.066
213.469 1.041
214.565 1.096
215.653 1.088
216.766 1.113
217.844 1.078
218.893 1.049
219.894 1.001
220.908 1.014
221.949 1.041
223.014 1.065
224.084 1.07
225.085 1.001
226.136 1.051
227.221 1.085
228.318 1.097
229.407 1.089
230.428 1.021
231.52 1.092
232.608 1.088
233.672 1.064
234.67 0.998
235.723 1.053
236.812 1.089
237.894 1.082
238.95 1.056
239.949 0.999
241.021 1.072
242.116 1.095
243.23 1.114
244.24 1.01
245.257 1.017
246.362 1.105
247.494 1.132
248.595 1.101
249.631 1.036
250.776 1.145
251.96 1.184
253.058 1.098
254.067 1.009
255.084 1.017
256.164 1.08
257.26 1.096
258.318 1.058
259.341 1.023
260.49 1.149
261.669 1.179
262.746 1.077
263.889 1.143
265.014 1.125
266.084 1.07
267.137 1.053
268.256 1.119
269.351 1.095
270.383 1.032
271.508 1.125
272.6 1.092
273.638 1.038
274.784 1.146
275.944 1.16
276.987 1.043
278.1 1.113
279.211 1.111
280.246 1.035
281.37 1.124
282.569 1.199
283.735 1.166
284.807 1.072
285.867 1.06
286.984 1.117
288.115 1.131
289.225 1.11
290.277 1.052
291.39 1.113
292.537 1.147
293.669 1.132
294.832 1.163
295.909 1.077
297.019 1.11
298.177 1.158
299.304 1.127
300.354 1.05
301.452 1.098
302.547 1.095
303.575 1.028
304.595 1.02
305.649 1.054
306.675 1.026
307.667 0.992
308.742 1.075
309.824 1.082
310.878 1.054
311.888 1.01
312.907 1.019
313.966 1.059
315.015 1.049
316.032 1.017
317.006 0.974
318.004 0.998
319.057 1.053
320.159 1.102
321.153 0.994
322.121 0.968
323.065 0.944
323.971 0.906
324.916 0.945
325.935 1.019
326.9 0.965
327.921 1.021
329.025 1.104
330.108 1.083
331.101 0.993
332.108 1.007
333.178 1.07
334.289 1.111
335.355 1.066
336.347 0.992
337.384 1.037
338.481 1.097
339.587 1.106
340.621 1.034
341.695 1.074
342.823 1.128
343.971 1.148
345.004 1.033
346.077 1.073
347.251 1.174
348.394 1.143
349.469 1.075
350.614 1.145
351.757 1.143
352.909 1.152
353.944 1.035
355.017 1.073
356.136 1.119
357.244 1.108
358.319 1.075
359.498 1.179
360.721 1.223
361.884 1.163
362.983 1.099
364.158 1.175
365.366 1.208
366.575 1.209
367.768 1.193
368.83 1.062
369.959 1.129
371.13 1.171
372.202 1.072
373.255 1.053
374.422 1.167
375.626 1.204
376.742 1.116
377.783 1.041
378.899 1.116
380.044 1.145
381.154 1.11
382.244 1.09
383.437 1.193
384.702 1.265
385.903 1.201
386.976 1.073
388.093 1.117
389.283 1.19
390.431 1.148
391.546 1.115
392.589 1.043
393.726 1.137
394.915 1.189
396.125 1.21
397.284 1.159
398.33 1.046
399.403 1.073
400.579 1.176
401.72 1.141
402.795 1.075
403.956 1.161
405.17 1.214
406.382 1.212
407.501 1.119
408.591 1.09
409.764 1.173
410.966 1.202
412.11 1.144
413.182 1.072
414.347 1.165
415.564 1.217
416.714 1.15
417.782 1.068
418.917 1.135
420.091 1.174
421.158 1.067
422.151 0.993
423.221 1.07
424.332 1.111
425.344 1.012
426.463 1.119
427.652 1.189
428.733 1.081
429.808 1.075
430.966 1.158
432.13 1.164
433.267 1.137
434.447 1.18
435.597 1.15
436.658 1.061
437.856 1.198
439.007 1.151
440.086 1.079
441.238 1.152
442.441 1.203
443.616 1.175
444.666 1.05
445.832 1.166
447.008 1.176
448.115 1.107
449.229 1.114
450.439 1.21
451.655 1.216
452.751 1.096
453.908 1.157
455.084 1.176
456.243 1.159
457.312 1.069
458.47 1.158
459.649 1.179
460.814 1.165
461.885 1.071
462.954 1.069
464.109 1.155
465.26 1.151
466.442 1.182
467.511 1.069
468.633 1.122
469.786 1.153
470.96 1.174
472.095 1.135
473.186 1.091
474.362 1.176
475.582 1.22
476.697 1.115
477.741 1.044
478.829 1.088
479.959 1.13
481.083 1.124
482.127 1.044
483.242 1.115
484.385 1.143
485.449 1.064
486.522 1.073
487.652 1.13
488.808 1.156
489.857 1.049
490.891 1.034
492.006 1.115
493.097 1.091
494.128 1.031
495.225 1.097
496.347 1.122
497.41 1.063
498.499 1.089
499.637 1.138
500.764 1.127
501.816 1.052
502.961 1.145
504.116 1.155
505.202 1.086
506.239 1.037
507.373 1.134
508.515 1.142
509.597 1.082
510.651 1.054
511.77 1.119
512.857 1.087
513.867 1.01
514.949 1.082
516.076 1.127
517.194 1.118
518.243 1.049
519.354 1.111
520.516 1.162
521.681 1.165
522.737 1.056
523.811 1.074
524.989 1.178
526.169 1.18
527.26 1.091
528.46 1.2
529.683 1.223
530.829 1.146
531.916 1.087
533.084 1.168
534.266 1.182
535.324 1.058
536.476 1.152
537.703 1.227
538.902 1.199
539.94 1.038
540.9 0.96
542.064 1.164
543.4 1.336
544.741 1.341
545.997 1.256
547.234 1.237
548.392 1.158
549.501 1.109
550.699 1.198
551.909 1.21
553.093 1.184
554.266 1.173
555.322 1.056
556.446 1.124
557.616 1.17
558.649 1.033
559.65 1.001
560.693 1.043
561.767 1.074
562.776 1.009
563.834 1.058
564.986 1.152
566.162 1.176
567.308 1.146
568.446 1.138
569.495 1.049
570.528 1.033
571.566 1.038
572.632 1.066
573.635 1.003
574.734 1.099
575.895 1.161
577.069 1.174
578.143 1.074
579.316 1.173
580.505 1.189
581.626 1.121
582.681 1.055
583.824 1.143
585.012 1.188
586.071 1.059
587.22 1.149
588.386 1.166
589.456 1.07
590.515 1.059
591.668 1.153
592.784 1.116
593.823 1.039
594.926 1.103
596.043 1.117
597.072 1.029
598.235 1.163
599.392 1.157
600.475 1.083
601.538 1.063
602.691 1.153
603.82 1.129
604.872 1.052
606.012 1.14
607.152 1.14
608.16 1.008
609.206 1.046
610.288 1.082
611.388 1.1
612.394 1.006
613.425 1.031
614.454 1.029
615.433 0.979
616.419 0.986
617.442 1.023
618.494 1.052
619.523 1.029
620.491 0.968
621.521 1.03
622.594 1.073
623.672 1.078
624.729 1.057
625.831 1.102
626.923 1.092
627.907 0.984
628.902 0.995
629.881 0.979
630.927 1.046
631.938 1.011
633.035 1.097
634.095 1.06
635.147 1.052
636.146 0.999
637.114 0.968
638.126 1.012
639.127 1.001
640.196 1.069
641.289 1.093
642.368 1.079
643.482 1.114
644.582 1.1
645.694 1.112
646.782 1.088
647.788 1.006
648.864 1.076
649.944 1.08
651.07 1.126
652.112 1.042
653.238 1.126
654.365 1.127
655.484 1.119
656.487 1.003
657.55 1.063
658.651 1.101
659.764 1.113
660.789 1.025
661.884 1.095
663.059 1.175
664.208 1.149
665.295 1.087
666.388 1.093
667.503 1.115
668.604 1.101
669.58 0.976
670.537 0.957
671.838 1.301
673.173 1.335
674.499 1.326
675.799 1.3
676.968 1.169
678.09 1.122
679.257 1.167
680.481 1.224
681.716 1.235
682.972 1.256
684.181 1.209
685.379 1.198
686.567 1.188
687.747 1.18
688.887 1.14
689.99 1.103
691.058 1.068
692.138 1.08
693.216 1.078
694.349 1.133
695.544 1.195
696.706 1.162
697.841 1.135
698.924 1.083
700.013 1.089
701.096 1.083
702.117 1.021
703.114 0.997
704.163 1.049
705.261 1.098
706.342 1.081
707.367 1.025
708.367 1.0
709.438 1.071
710.511 1.073
711.59 1.079
712.602 1.012
713.7 1.098
714.803 1.103
715.811 1.008
716.869 1.058
717.946 1.077
719.02 1.074
720.046 1.026
721.139 1.093
722.218 1.079
723.231 1.013
724.29 1.059
725.365 1.075
726.373 1.008
727.373 1.0
728.47 1.097
729.546 1.076
730.612 1.066
731.771 1.159
732.86 1.089
733.916 1.056
734.994 1.078
736.029 1.035
736.982 0.953
737.93 0.948
738.88 0.95
739.802 0.922
740.75 0.948
741.734 0.984
742.746 1.012
743.751 1.005
744.699 0.948
745.688 0.989
746.713 1.025
747.789 1.076
748.819 1.03
749.882 1.063
750.909 1.027
751.989 1.08
753.073 1.084
754.084 1.011
755.135 1.051
756.125 0.99
757.065 0.94
757.963 0.898
758.892 0.929
759.882 0.99
760.914 1.032
761.979 1.065
763.063 1.084
764.114 1.051
765.073 0.959
766.053 0.98
767.322 1.269
767.814 0.492
768.585 0.771
769.805 1.22
771.007 1.202
772.144 1.137
773.263 1.119
774.394 1.131
775.448 1.054
776.517 1.069
777.644 1.127
778.711 1.067
779.736 1.025