0.000 0.702
0.702 0.702
1.44 0.738
2.203 0.763
3.071 0.868
3.939 0.868
4.759 0.82
5.674 0.915
6.571 0.897
7.469 0.898
8.36 0.891
9.169 0.809
9.961 0.792
10.756 0.795
11.51 0.754
12.289 0.779
13.123 0.834
13.924 0.801
14.81 0.886
15.64 0.83
16.466 0.826
17.309 0.843
18.173 0.864
18.976 0.803
19.785 0.809
20.633 0.848
21.396 0.763
22.197 0.801
23.064 0.867
23.95 0.886
24.715 0.765
25.484 0.769
26.23 0.746
26.933 0.703
27.596 0.663
28.28 0.684
29.097 0.817
29.998 0.901
30.856 0.858
31.723 0.867
32.584 0.861
33.414 0.83
34.246 0.832
35.108 0.862
36.0 0.892
36.858 0.858
37.783 0.925
38.712 0.929
39.537 0.825
40.395 0.858
41.315 0.92
42.177 0.862
43.09 0.913
44.039 0.949
44.883 0.844
45.754 0.871
46.598 0.844
47.387 0.789
48.238 0.851
49.113 0.875
50.007 0.894
50.841 0.834
51.683 0.842
52.547 0.864
53.428 0.881
54.25 0.822
55.024 0.774
55.825 0.801
56.675 0.85
57.535 0.86
58.347 0.812
59.145 0.798
59.956 0.811
60.837 0.881
61.718 0.881
62.502 0.784
63.316 0.814
64.162 0.846
65.036 0.874
65.905 0.869
66.831 0.926
67.757 0.926
68.657 0.9
69.578 0.921
70.398 0.82
71.266 0.868
72.122 0.856
72.96 0.838
73.914 0.954
74.835 0.921
75.759 0.924
76.652 0.893
77.527 0.875
78.387 0.86
79.285 0.898
80.241 0.956
81.1 0.859
81.955 0.855
82.703 0.748
83.462 0.759
84.225 0.763
84.921 0.696
85.608 0.687
86.337 0.729
87.165 0.828
87.998 0.833
88.821 0.823
89.69 0.869
90.594 0.904
91.445 0.851
92.322 0.877
93.22 0.898
94.09 0.87
94.882 0.792
95.702 0.82
96.486 0.784
97.34 0.854
98.264 0.924
99.131 0.867
100.069 0.938
100.92 0.851
101.861 0.941
102.806 0.945
103.745 0.939
104.701 0.956
105.652 0.951
106.616 0.964
107.529 0.913
108.392 0.863
109.255 0.863
110.158 0.903
110.974 0.816
111.877 0.903
112.795 0.918
113.636 0.841
114.551 0.915
115.39 0.839
116.214 0.824
116.996 0.782
117.794 0.798
118.62 0.826
119.495 0.875
120.339 0.844
121.149 0.81
121.879 0.73
122.583 0.704
123.268 0.685
123.949 0.681
124.68 0.731
125.409 0.729
126.176 0.767
126.996 0.82
127.831 0.835
128.65 0.819
129.5 0.85
130.376 0.876
131.254 0.878
132.078 0.824
132.925 0.847
133.792 0.867
134.698 0.906
135.631 0.933
136.548 0.917
137.449 0.901
138.367 0.918
139.259 0.892
140.137 0.878
141.072 0.935
142.063 0.991
142.875 0.812
143.742 0.867
144.638 0.896
145.516 0.878
146.354 0.838
147.223 0.869
148.128 0.905
148.969 0.841
149.85 0.881
150.717 0.867
151.602 0.885
152.494 0.892
153.323 0.829
154.184 0.861
155.036 0.852
155.88 0.844
156.758 0.878
157.577 0.819
158.416 0.839
159.33 0.914
160.166 0.836
161.039 0.873
161.913 0.874
162.75 0.837
163.667 0.917
164.58 0.913
165.513 0.933
166.485 0.972
167.372 0.887
168.26 0.888
169.141 0.881
169.96 0.819
170.817 0.857
171.679 0.862
172.496 0.817
173.36 0.864
174.225 0.865
175.068 0.843
175.937 0.869
176.772 0.835
177.609 0.837
178.46 0.851
179.265 0.805
180.134 0.869
181.018 0.884
181.856 0.838
182.729 0.873
183.527 0.798
184.376 0.849
185.233 0.857
186.029 0.796
186.883 0.854
187.756 0.873
188.613 0.857
189.517 0.904
190.41 0.893
191.274 0.864
192.165 0.891
193.058 0.893
193.918 0.86
194.792 0.874
195.632 0.84
196.451 0.819
197.224 0.773
197.93 0.706
198.645 0.715
199.483 0.838
200.386 0.903
201.282 0.896
202.254 0.972
203.168 0.914
204.084 0.916
205.001 0.917
205.86 0.859
206.746 0.886
207.58 0.834
208.446 0.866
209.33 0.884
210.206 0.876
211.108 0.902
211.943 0.835
212.82 0.877
213.648 0.828
214.525 0.877
215.411 0.886
216.273 0.862
217.156 0.883
217.989 0.833
218.817 0.828
219.64 0.823
220.406 0.766
221.221 0.815
222.078 0.857
222.934 0.856
223.838 0.904
224.708 0.87
225.585 0.877
226.462 0.877
227.277 0.815
228.132 0.855
228.965 0.833
229.764 0.799
230.603 0.839
231.461 0.858
232.287 0.826
233.145 0.858
234.02 0.875
234.87 0.85
235.741 0.871
236.573 0.832
237.327 0.754
238.084 0.757
238.869 0.785
239.685 0.816
240.455 0.77
241.321 0.866
242.221 0.9
243.156 0.935
244.12 0.964
245.076 0.956
245.995 0.919
246.945 0.95
247.875 0.93
248.742 0.867
249.611 0.869
250.493 0.882
251.332 0.839
252.203 0.871
253.072 0.869
253.964 0.892
254.914 0.95
255.822 0.908
256.729 0.907
257.687 0.958
258.599 0.912
259.56 0.961
260.507 0.947
261.36 0.853
262.25 0.89
263.135 0.885
263.986 0.851
264.905 0.919
265.813 0.908
266.777 0.964
267.757 0.98
268.675 0.918
269.578 0.903
270.384 0.806
271.237 0.853
272.087 0.85
272.903 0.816
273.766 0.863
274.544 0.778
275.364 0.82
276.21 0.846
277.025 0.815
277.866 0.841
278.739 0.873
279.579 0.84
280.453 0.874
281.319 0.866
282.161 0.842
283.025 0.864
283.876 0.851
284.714 0.838
285.6 0.886
286.463 0.863
287.322 0.859
288.166 0.844
289.012 0.846
289.854 0.842
290.722 0.868
291.557 0.835
292.37 0.813
293.169 0.799
293.931 0.762
294.751 0.82
295.575 0.824
296.392 0.817
297.245 0.853
298.109 0.864
298.94 0.831
299.801 0.861
300.554 0.753
301.292 0.738
302.005 0.713
302.732 0.727
303.464 0.732
304.269 0.805
305.11 0.841
305.939 0.829
306.693 0.754
307.413 0.72
308.101 0.688
308.756 0.655
309.393 0.637
310.032 0.639
310.69 0.658
311.388 0.698
312.194 0.806
312.992 0.798
313.815 0.823
314.625 0.81
315.406 0.781
316.173 0.767
316.931 0.758
317.638 0.707
318.37 0.732
319.124 0.754
319.827 0.703
320.533 0.706
321.295 0.762
322.016 0.721
322.72 0.704
323.465 0.745
324.193 0.728
325.021 0.828
325.931 0.91
326.844 0.913
327.748 0.904
328.617 0.869
329.46 0.843
330.254 0.794
331.063 0.809
331.963 0.9
332.892 0.929
333.812 0.92
334.673 0.861
335.559 0.886
336.422 0.863
337.296 0.874
338.171 0.875
339.029 0.858
339.885 0.856
340.769 0.884
341.671 0.902
342.548 0.877
343.435 0.887
344.277 0.842
345.176 0.899
346.088 0.912
346.916 0.828
347.769 0.853
348.659 0.89
349.498 0.839
350.39 0.892
351.298 0.908
352.148 0.85
353.038 0.89
353.924 0.886
354.754 0.83
355.615 0.861
356.372 0.757
357.059 0.687
357.74 0.681
358.462 0.722
359.384 0.922
360.306 0.922
361.199 0.893
362.005 0.806
362.788 0.783
363.564 0.776
364.356 0.792
365.145 0.789
365.915 0.77
366.701 0.786
367.487 0.786
368.288 0.801
369.107 0.819
369.931 0.824
370.762 0.831
371.598 0.836
372.325 0.727
373.033 0.708
373.731 0.698
374.439 0.708
375.227 0.788
376.027 0.8
376.837 0.81
377.667 0.83
378.502 0.835
379.267 0.765
380.027 0.76
380.755 0.728
381.441 0.686
382.138 0.697
382.819 0.681
383.522 0.703
384.246 0.724
385.0 0.754
385.725 0.725
386.501 0.776
387.304 0.803
388.13 0.826
388.939 0.809
389.735 0.796
390.547 0.812
391.312 0.765
392.13 0.818
392.985 0.855
393.825 0.84
394.611 0.786
395.419 0.808
396.249 0.83
397.097 0.848
397.895 0.798
398.715 0.82
399.552 0.837
400.335 0.783
401.203 0.868
402.091 0.888
402.944 0.853
403.825 0.881
404.679 0.854
405.474 0.795
406.282 0.808
407.118 0.836
407.898 0.78
408.706 0.808
409.533 0.827
410.312 0.779
411.14 0.828
412.026 0.886
412.883 0.857
413.711 0.828
414.486 0.775
415.238 0.752
416.0 0.762
416.827 0.827
417.583 0.756
418.408 0.825
419.276 0.868
420.151 0.875
420.945 0.794
421.747 0.802
422.536 0.789
423.279 0.743
424.02 0.741
424.771 0.751
425.513 0.742
426.266 0.753
427.035 0.769
427.756 0.721
428.485 0.729
429.187 0.702
429.859 0.672
430.521 0.662
431.186 0.665
431.901 0.715
432.664 0.763
433.372 0.708
434.061 0.689
434.744 0.683
435.478 0.734
436.212 0.734
437.01 0.798
437.87 0.86
438.724 0.854
439.588 0.864
440.474 0.886
441.3 0.826
442.063 0.763
442.86 0.797
443.721 0.861
444.595 0.874
445.393 0.798
446.184 0.791
447.003 0.819
447.752 0.749
448.548 0.796
449.385 0.837
450.24 0.855
451.079 0.839
451.947 0.868
452.81 0.863
453.6 0.79
454.368 0.768
455.125 0.757
455.996 0.871
456.872 0.876
457.813 0.941
458.732 0.919
459.578 0.846
460.491 0.913
461.452 0.961
462.31 0.858
463.171 0.861
464.053 0.882
464.926 0.873
465.785 0.859
466.731 0.946
467.68 0.949
468.563 0.883
469.48 0.917
470.378 0.898
471.183 0.805
472.045 0.862
472.936 0.891
473.778 0.842
474.516 0.738
475.217 0.701
475.893 0.676
476.595 0.702
477.569 0.974
478.54 0.971
479.509 0.969
480.36 0.851
481.223 0.863
482.117 0.894
483.005 0.888
483.859 0.854
484.697 0.838
485.537 0.84
486.395 0.858
487.295 0.9
488.241 0.946
489.192 0.951
490.108 0.916
491.031 0.923
491.946 0.915
492.84 0.894
493.704 0.864
494.548 0.844
495.405 0.857
496.23 0.825
497.109 0.879
498.017 0.908
498.882 0.865
499.805 0.923
500.715 0.91
501.648 0.933
502.562 0.914
503.435 0.873
504.347 0.912
505.265 0.918
506.162 0.897
507.067 0.905
507.949 0.882
508.877 0.928
509.784 0.907
510.659 0.875
511.551 0.892
512.43 0.879
513.302 0.872
514.143 0.841
514.944 0.801
515.788 0.844
516.603 0.815
517.459 0.856
518.339 0.88
519.219 0.88
520.18 0.961
521.1 0.92
522.025 0.925
522.938 0.913
523.812 0.874
524.695 0.883
525.613 0.918
526.479 0.866
527.346 0.867
528.18 0.834
528.978 0.798
529.87 0.892
530.779 0.909
531.658 0.879
532.561 0.903
533.502 0.941
534.387 0.885
535.25 0.863
536.119 0.869
536.97 0.851
537.819 0.849
538.687 0.868
539.542 0.855
540.39 0.848
541.213 0.823
541.958 0.745
542.697 0.739
543.448 0.751
544.173 0.725
544.854 0.681
545.559 0.705
546.291 0.732
547.145 0.854
548.092 0.947
548.987 0.895
549.871 0.884
550.772 0.901
551.574 0.802
552.395 0.821
553.217 0.822
553.98 0.763
554.737 0.757
555.557 0.82
556.457 0.9
557.314 0.857
558.159 0.845
559.058 0.899
559.986 0.928
560.82 0.834
561.698 0.878
562.59 0.892
563.479 0.889
564.367 0.888
565.269 0.902
566.179 0.91
567.038 0.859
567.907 0.869
568.716 0.809
569.443 0.727
570.157 0.714
570.904 0.747
571.739 0.835
572.506 0.767
573.33 0.824
574.185 0.855
574.985 0.8
575.776 0.791
576.567 0.791
577.348 0.781
578.097 0.749
578.84 0.743
579.585 0.745
580.273 0.688
580.972 0.699
581.695 0.723
582.421 0.726
583.198 0.777
583.989 0.791
584.793 0.804
585.548 0.755
586.336 0.788
587.16 0.824
587.985 0.825
588.757 0.772
589.501 0.744
590.25 0.749
590.974 0.724
591.732 0.758
592.536 0.804
593.385 0.849
594.166 0.781
594.942 0.776
595.728 0.786
596.554 0.826
597.339 0.785
598.178 0.839
599.059 0.881
599.912 0.853
600.718 0.806
601.508 0.79
602.227 0.719
602.926 0.699
603.655 0.729
604.42 0.765
605.234 0.814
606.064 0.83
606.885 0.821
607.736 0.851
608.527 0.791
609.303 0.776
610.084 0.781
610.843 0.759
611.664 0.821
612.433 0.769
613.159 0.726
613.942 0.783
614.751 0.809
615.556 0.805
616.291 0.735
617.048 0.757
617.832 0.784
618.624 0.792
619.456 0.832
620.316 0.86
621.158 0.842
621.941 0.783
622.74 0.799
623.564 0.824
624.357 0.793
625.175 0.818
626.003 0.828
626.768 0.765
627.569 0.801
628.318 0.749
629.146 0.828