0.000 0.719
0.719 0.719
1.432 0.713
2.154 0.722
2.897 0.743
3.64 0.743
4.397 0.757
5.16 0.763
5.911 0.751
6.653 0.742
7.378 0.725
8.063 0.685
8.745 0.682
9.436 0.691
10.132 0.696
10.827 0.695
11.53 0.703
12.249 0.719
12.944 0.695
13.637 0.693
14.342 0.705
15.06 0.718
15.762 0.702
16.439 0.677
17.092 0.653
17.737 0.645
18.407 0.67
19.114 0.707
19.805 0.691
20.493 0.688
21.163 0.67
21.842 0.679
22.526 0.684
23.236 0.71
23.944 0.708
24.629 0.685
25.276 0.647
25.908 0.632
26.528 0.62
27.15 0.622
27.778 0.628
28.479 0.701
29.191 0.712
29.939 0.748
30.69 0.751
31.431 0.741
32.161 0.73
32.878 0.717
33.571 0.693
34.255 0.684
34.937 0.682
35.633 0.696
36.333 0.7
37.043 0.71
37.758 0.715
38.467 0.709
39.165 0.698
39.84 0.675
40.512 0.672
41.206 0.694
41.913 0.707
42.638 0.725
43.385 0.747
44.148 0.763
44.925 0.777
45.663 0.738
46.382 0.719
47.075 0.693
47.753 0.678
48.421 0.668
49.087 0.666
49.758 0.671
50.452 0.694
51.158 0.706
51.862 0.704
52.583 0.721
53.31 0.727
53.999 0.689
54.666 0.667
55.349 0.683
56.058 0.709
56.812 0.754
57.589 0.777
58.332 0.743
59.04 0.708
59.697 0.657
60.36 0.663
61.064 0.704
61.817 0.753
62.583 0.766
63.348 0.765
64.116 0.768
64.851 0.735
65.558 0.707
66.237 0.679
66.902 0.665
67.612 0.71
68.346 0.734
69.11 0.764
69.901 0.791
70.699 0.798
71.488 0.789
72.269 0.781
73.036 0.767
73.778 0.742
74.504 0.726
75.223 0.719
75.927 0.704
76.635 0.708
77.361 0.726
78.126 0.765
78.892 0.766
79.649 0.757
80.399 0.75
81.164 0.765
81.917 0.753
82.647 0.73
83.401 0.754
84.115 0.714
84.822 0.707
85.492 0.67
86.145 0.653
86.821 0.676
87.534 0.713
88.238 0.704
88.916 0.678
89.589 0.673
90.296 0.707
91.031 0.735
91.743 0.712
92.464 0.721
93.194 0.73
93.895 0.701
94.554 0.659
95.19 0.636
95.833 0.643
96.511 0.678
97.225 0.714
97.916 0.691
98.617 0.701
99.347 0.73
100.119 0.772
100.895 0.776
101.614 0.719
102.292 0.678
102.947 0.655
103.607 0.66
104.3 0.693
105.023 0.723
105.768 0.745
106.488 0.72
107.191 0.703
107.886 0.695
108.602 0.716
109.341 0.739
110.073 0.732
110.806 0.733
111.531 0.725
112.254 0.723
112.987 0.733
113.715 0.728
114.423 0.708
115.126 0.703
115.829 0.703
116.547 0.718
117.259 0.712
117.921 0.662
118.564 0.643
119.209 0.645
119.892 0.683
120.585 0.693
121.277 0.692
121.951 0.674
122.648 0.697
123.386 0.738
124.135 0.749
124.868 0.733
125.589 0.721
126.302 0.713
126.997 0.695
127.686 0.689
128.396 0.71
129.135 0.739
129.902 0.767
130.618 0.716
131.31 0.692
131.991 0.681
132.674 0.683
133.39 0.716
134.119 0.729
134.853 0.734
135.607 0.754
136.363 0.756
137.111 0.748
137.845 0.734
138.563 0.718
139.275 0.712
140.001 0.726
140.733 0.732
141.455 0.722
142.174 0.719
142.934 0.76
143.659 0.725
144.374 0.715
145.094 0.72
145.834 0.74
146.582 0.748
147.331 0.749
148.041 0.71
148.752 0.711
149.447 0.695
150.137 0.69
150.813 0.676
151.484 0.671
152.16 0.676
152.855 0.695
153.539 0.684
154.227 0.688
154.921 0.694
155.592 0.671
156.244 0.652
156.908 0.664
157.591 0.683
158.257 0.666
158.906 0.649
159.533 0.627
160.163 0.63
160.809 0.646
161.478 0.669
162.142 0.664
162.796 0.654
163.456 0.66
164.107 0.651
164.75 0.643
165.385 0.635
166.028 0.643
166.675 0.647
167.325 0.65
167.972 0.647
168.604 0.632
169.265 0.661
169.947 0.682
170.619 0.672
171.27 0.651
171.904 0.634
172.53 0.626
173.161 0.631
173.821 0.66
174.48 0.659
175.13 0.65
175.783 0.653
176.427 0.644
177.071 0.644
177.715 0.644
178.37 0.655
179.068 0.698
179.781 0.713
180.515 0.734
181.258 0.743
182.018 0.76
182.786 0.768
183.556 0.77
184.328 0.772
185.077 0.749
185.793 0.716
186.47 0.677
187.117 0.647
187.73 0.613
188.344 0.614
188.974 0.63
189.637 0.663
190.322 0.685
191.011 0.689
191.687 0.676
192.338 0.651
193.003 0.665
193.716 0.713
194.466 0.75
195.22 0.754
195.984 0.764
196.716 0.732
197.418 0.702
198.105 0.687
198.796 0.691
199.498 0.702
200.227 0.729
200.997 0.77
201.75 0.753
202.489 0.739
203.213 0.724
203.943 0.73
204.718 0.775
205.526 0.808
206.316 0.79
207.09 0.774
207.869 0.779
208.624 0.755
209.361 0.737
210.083 0.722
210.804 0.721
211.538 0.734
212.271 0.733
212.994 0.723
213.71 0.716
214.429 0.719
215.153 0.724
215.877 0.724
216.595 0.718
217.328 0.733
218.087 0.759
218.842 0.755
219.593 0.751
220.335 0.742
221.069 0.734
221.78 0.711
222.477 0.697
223.171 0.694
223.879 0.708
224.577 0.698
225.263 0.686
225.976 0.713
226.702 0.726
227.435 0.733
228.147 0.712
228.866 0.719
229.576 0.71
230.253 0.677
230.901 0.648
231.535 0.634
232.181 0.646
232.852 0.671
233.553 0.701
234.258 0.705
234.988 0.73
235.744 0.756
236.534 0.79
237.314 0.78
238.048 0.734
238.784 0.736
239.51 0.726
240.234 0.724
240.961 0.727
241.7 0.739
242.457 0.757
243.195 0.738
243.896 0.701
244.588 0.692
245.274 0.686
245.97 0.696
246.659 0.689
247.347 0.688
248.068 0.721
248.806 0.738
249.547 0.741
250.271 0.724
251.032 0.761
251.81 0.778
252.583 0.773
253.334 0.751
254.049 0.715
254.777 0.728
255.531 0.754
256.272 0.741
256.999 0.727
257.742 0.743
258.507 0.765
259.266 0.759
260.009 0.743
260.73 0.721
261.488 0.758
262.262 0.774
263.028 0.766
263.788 0.76
264.563 0.775
265.335 0.772
266.111 0.776
266.863 0.752
267.614 0.751
268.357 0.743
269.081 0.724
269.803 0.722
270.521 0.718
271.261 0.74
271.992 0.731
272.729 0.737
273.504 0.775
274.26 0.756
274.989 0.729
275.737 0.748
276.518 0.781
277.324 0.806
278.105 0.781
278.886 0.781
279.655 0.769
280.414 0.759
281.17 0.756
281.942 0.772
282.729 0.787
283.504 0.775
284.267 0.763
285.03 0.763
285.787 0.757
286.545 0.758
287.278 0.733
287.991 0.713
288.709 0.718
289.432 0.723
290.157 0.725
290.871 0.714
291.583 0.712
292.33 0.747
293.08 0.75
293.801 0.721
294.499 0.698
295.23 0.731
296.011 0.781
296.754 0.743
297.467 0.713
298.168 0.701
298.898 0.73
299.645 0.747
300.37 0.725
301.075 0.705
301.771 0.696
302.513 0.742
303.264 0.751
304.018 0.754
304.783 0.765
305.522 0.739
306.282 0.76
307.034 0.752
307.762 0.728
308.452 0.69
309.124 0.672
309.814 0.69
310.511 0.697
311.19 0.679
311.845 0.655
312.489 0.644
313.128 0.639
313.794 0.666
314.494 0.7
315.222 0.728
315.933 0.711
316.637 0.704
317.303 0.666
317.952 0.649
318.634 0.682
319.366 0.732
320.098 0.732
320.821 0.723
321.517 0.696
322.195 0.678
322.879 0.684
323.598 0.719
324.359 0.761
325.148 0.789
325.932 0.784
326.721 0.789
327.489 0.768
328.234 0.745
328.98 0.746
329.702 0.722
330.422 0.72
331.137 0.715
331.833 0.696
332.546 0.713
333.276 0.73
334.007 0.731
334.726 0.719
335.428 0.702
336.128 0.7
336.809 0.681
337.464 0.655
338.106 0.642
338.749 0.643
339.398 0.649
340.064 0.666
340.755 0.691
341.484 0.729
342.224 0.74
342.974 0.75
343.704 0.73
344.42 0.716
345.151 0.731
345.892 0.741
346.648 0.756
347.398 0.75
348.142 0.744
348.898 0.756
349.655 0.757
350.395 0.74
351.124 0.729
351.87 0.746
352.618 0.748
353.363 0.745
354.081 0.718
354.775 0.694
355.473 0.698
356.171 0.698
356.872 0.701
357.55 0.678
358.239 0.689
358.99 0.751
359.777 0.787
360.548 0.771
361.279 0.731
361.999 0.72
362.718 0.719
363.44 0.722
364.159 0.719
364.871 0.712
365.572 0.701
366.292 0.72
367.029 0.737
367.77 0.741
368.502 0.732
369.222 0.72
369.935 0.713
370.651 0.716
371.362 0.711
372.071 0.709
372.765 0.694
373.44 0.675
374.086 0.646
374.73 0.644
375.424 0.694
376.145 0.721
376.87 0.725
377.597 0.727
378.318 0.721
379.01 0.692
379.684 0.674
380.346 0.662
380.995 0.649
381.649 0.654
382.291 0.642
382.924 0.633
383.543 0.619
384.157 0.614
384.765 0.608
385.361 0.596
385.948 0.587
386.526 0.578
387.099 0.573
387.672 0.573
388.268 0.596
388.892 0.624
389.545 0.653
390.24 0.695
390.968 0.728
391.724 0.756
392.483 0.759
393.26 0.777
394.026 0.766
394.788 0.762
395.517 0.729
396.196 0.679
396.877 0.681
397.578 0.701
398.295 0.717
399.036 0.741
399.788 0.752
400.544 0.756
401.279 0.735
402.009 0.73
402.766 0.757
403.545 0.779
404.338 0.793
405.136 0.798
405.954 0.818
406.791 0.837
407.605 0.814
408.394 0.789
409.17 0.776
409.917 0.747
410.637 0.72
411.386 0.749
412.158 0.772
412.914 0.756
413.648 0.734
414.393 0.745
415.164 0.771
415.933 0.769
416.667 0.734
417.368 0.701
418.061 0.693
418.76 0.699
419.473 0.713
420.182 0.709
420.88 0.698
421.575 0.695
422.332 0.757
423.094 0.762
423.877 0.783
424.623 0.746
425.341 0.718
426.058 0.717
426.769 0.711
427.497 0.728
428.225 0.728
428.944 0.719
429.658 0.714
430.395 0.737
431.136 0.741
431.856 0.72
432.55 0.694
433.226 0.676
433.9 0.674
434.56 0.66
435.184 0.624
435.792 0.608
436.412 0.62
437.045 0.633
437.691 0.646
438.333 0.642
438.977 0.644
439.615 0.638
440.276 0.661
440.909 0.633
441.541 0.632
442.179 0.638
442.821 0.642
443.45 0.629
444.068 0.618
444.683 0.615
445.306 0.623
445.933 0.627
446.551 0.618
447.155 0.604
447.752 0.597
448.348 0.596
448.945 0.597
449.535 0.59
450.114 0.579
450.687 0.573
451.255 0.568
451.823 0.568
452.394 0.571
452.974 0.58
453.556 0.582
454.142 0.586
454.722 0.58
455.31 0.588
455.942 0.632
456.624 0.682
457.343 0.719
458.084 0.741
458.856 0.772
459.608 0.752
460.345 0.737
461.083 0.738
461.819 0.736
462.531 0.712
463.223 0.692
463.906 0.683
464.596 0.69
465.314 0.718
466.071 0.757
466.82 0.749
467.548 0.728
468.268 0.72
469.008 0.74
469.761 0.753
470.501 0.74
471.24 0.739
471.973 0.733
472.713 0.74
473.445 0.732
474.189 0.744
474.929 0.74
475.677 0.748
476.448 0.771
477.207 0.759
477.933 0.726
478.655 0.722
479.391 0.736
480.112 0.721
480.826 0.714
481.536 0.71
482.256 0.72
483.033 0.777
483.794 0.761
484.539 0.745
485.266 0.727
485.994 0.728
486.742 0.748
487.476 0.734
488.185 0.709
488.913 0.728
489.657 0.744
490.413 0.756
491.162 0.749
491.907 0.745
492.681 0.774
493.452 0.771
494.177 0.725
494.888 0.711
495.6 0.712
496.321 0.721
497.063 0.742
497.805 0.742
498.539 0.734
499.269 0.73
499.99 0.721
500.704 0.714
501.424 0.72
502.157 0.733
502.883 0.726
503.578 0.695
504.266 0.688
504.954 0.688
505.65 0.696
506.37 0.72
507.098 0.728
507.801 0.703
508.506 0.705
509.198 0.692
509.893 0.695
510.585 0.692
511.293 0.708
511.989 0.696
512.667 0.678
513.343 0.676
514.001 0.658
514.67 0.669
515.369 0.699
516.058 0.689
516.76 0.702
517.478 0.718
518.168 0.69
518.853 0.685
519.53 0.677
520.212 0.682
520.918 0.706
521.593 0.675
522.264 0.671
522.934 0.67
523.599 0.665
524.255 0.656
524.887 0.632
525.515 0.628
526.155 0.64
526.812 0.657
527.473 0.661
528.133 0.66
528.818 0.685
529.542 0.724
530.316 0.774
531.088 0.772
531.823 0.735
532.522 0.699
533.208 0.686
533.878 0.67
534.568 0.69
535.223 0.655
535.854 0.631
536.472 0.618
537.113 0.641
537.784 0.671
538.459 0.675
539.119 0.66
539.769 0.65
540.4 0.631
541.073 0.673
541.769 0.696
542.499 0.73
543.238 0.739
543.957 0.719
544.645 0.688
545.306 0.661
545.972 0.666
546.63 0.658
547.28 0.65
547.899 0.619
548.556 0.657
549.229 0.673
549.9 0.671
550.577 0.677
551.278 0.701
552.004 0.726
552.772 0.768
553.562 0.79
554.352 0.79
555.111 0.759
555.853 0.742
556.583 0.73
557.305 0.722
558.006 0.701
558.71 0.704
559.433 0.723
560.158 0.725
560.875 0.717
561.582 0.707
562.291 0.709
563.02 0.729
563.72 0.7
564.416 0.696
565.108 0.692
565.814 0.706
566.528 0.714
567.271 0.743
567.988 0.717
568.707 0.719
569.426 0.719
570.128 0.702
570.82 0.692
571.49 0.67
572.173 0.683
572.869 0.696
573.545 0.676
574.221 0.676
574.905 0.684
575.602 0.697
576.293 0.691
576.974 0.681
577.665 0.691
578.35 0.685
579.041 0.691
579.713 0.672
580.38 0.667
581.05 0.67
581.72 0.67
582.385 0.665
583.049 0.664
583.715 0.666
584.384 0.669
585.053 0.669
585.716 0.663
586.386 0.67
587.071 0.685
587.772 0.701
588.449 0.677
589.117 0.668
589.784 0.667
590.457 0.673
591.107 0.65
591.766 0.659
592.435 0.669
593.115 0.68
593.792 0.677
594.45 0.658
595.102 0.652
595.784 0.682
596.474 0.69
597.141 0.667
597.804 0.663
598.474 0.67
599.171 0.697
599.858 0.687
600.532 0.674
601.211 0.679
601.902 0.691
602.589 0.687
603.248 0.659
603.894 0.646
604.553 0.659
605.232 0.679
605.918 0.686
606.575 0.657
607.243 0.668
607.934 0.691
608.659 0.725
609.37 0.711
610.082 0.712
610.76 0.678
611.421 0.661
612.098 0.677
612.791 0.693
613.481 0.69
614.178 0.697
614.878 0.7
615.576 0.698
616.279 0.703
616.983 0.704
617.682 0.699
618.366 0.684
619.05 0.684
619.712 0.662
620.362 0.65
621.027 0.665
621.718 0.691
622.434 0.716
623.157 0.723
623.877 0.72
624.606 0.729
625.357 0.751
626.085 0.728
626.804 0.719
627.496 0.692
628.156 0.66