0.000 0.686
0.686 0.686
1.378 0.692
2.106 0.728
2.82 0.714
3.552 0.732
4.652 1.1
5.599 0.947
6.44 0.841
7.176 0.736
7.841 0.665
8.473 0.632
9.075 0.602
9.661 0.586
10.255 0.594
10.845 0.59
11.423 0.578
12.008 0.585
12.617 0.609
13.321 0.704
14.416 1.095
15.34 0.924
16.098 0.758
16.794 0.696
17.47 0.676
18.147 0.677
18.789 0.642
19.425 0.636
20.053 0.628
20.754 0.701
21.796 1.042
22.791 0.995
23.669 0.878
24.469 0.8
25.218 0.749
25.941 0.723
26.637 0.696
27.326 0.689
28.056 0.73
28.896 0.84
29.816 0.92
30.57 0.754
31.265 0.695
31.936 0.671
32.652 0.716
33.748 1.096
34.686 0.938
35.473 0.787
36.221 0.748
36.939 0.718
37.646 0.707
38.329 0.683
39.031 0.702
39.817 0.786
40.708 0.891
41.601 0.893
42.326 0.725
43.001 0.675
43.653 0.652
44.311 0.658
45.003 0.692
45.719 0.716
46.508 0.789
47.359 0.851
48.221 0.862
49.099 0.878
49.869 0.77
50.621 0.752
51.338 0.717
52.037 0.699
52.688 0.651
53.327 0.639
53.993 0.666
54.704 0.711
55.378 0.674
56.056 0.678
56.752 0.696
57.509 0.757
58.35 0.841
59.24 0.89
60.062 0.822
60.82 0.758
61.53 0.71
62.23 0.7
62.899 0.669
63.57 0.671
64.232 0.662
64.934 0.702
65.797 0.863
66.711 0.914
67.511 0.8
68.187 0.676
68.813 0.626
69.425 0.612
70.036 0.611
70.707 0.671
71.866 1.159
72.894 1.028
73.824 0.93
74.59 0.766
75.267 0.677
75.915 0.648
76.545 0.63
77.171 0.626
77.865 0.694
78.989 1.124
80.045 1.056
81.032 0.987
81.923 0.891
82.689 0.766
83.414 0.725
84.132 0.718
84.854 0.722
85.551 0.697
86.251 0.7
86.95 0.699
87.702 0.752
88.667 0.965
89.764 1.097
90.752 0.988
91.613 0.861
92.406 0.793
93.167 0.761
93.905 0.738
94.649 0.744
95.449 0.8
96.237 0.788
96.959 0.722
97.646 0.687
98.335 0.689
99.112 0.777
100.062 0.95
101.106 1.044
102.123 1.017
102.985 0.862
103.719 0.734
104.405 0.686
105.065 0.66
105.728 0.663
106.383 0.655
107.033 0.65
107.656 0.623
108.304 0.648
108.966 0.662
109.639 0.673
110.332 0.693
111.059 0.727
111.927 0.868
112.899 0.972
113.741 0.842
114.459 0.718
115.133 0.674
115.798 0.665
116.457 0.659
117.12 0.663
117.782 0.662
118.44 0.658
119.085 0.645
119.746 0.661
120.467 0.721
121.366 0.899
122.253 0.887
123.096 0.843
123.847 0.751
124.553 0.706
125.245 0.692
125.892 0.647
126.536 0.644
127.181 0.645
127.883 0.702
128.974 1.091
129.923 0.949
130.677 0.754
131.395 0.718
132.083 0.688
132.759 0.676
133.43 0.671
134.125 0.695
134.819 0.694
135.514 0.695
136.219 0.705
137.059 0.84
138.058 0.999
139.032 0.974
139.869 0.837
140.593 0.724
141.28 0.687
141.952 0.672
142.638 0.686
143.333 0.695
144.032 0.699
144.743 0.711
145.415 0.672
146.046 0.631
146.689 0.643
147.345 0.656
148.032 0.687
148.916 0.884
149.958 1.042
150.973 1.015
151.9 0.927
152.684 0.784
153.388 0.704
154.055 0.667
154.702 0.647
155.345 0.643
155.984 0.639
156.634 0.65
157.29 0.656
158.035 0.745
159.124 1.089
160.165 1.041
161.127 0.962
161.94 0.813
162.65 0.71
163.31 0.66
163.956 0.646
164.604 0.648
165.262 0.658
165.943 0.681
166.631 0.688
167.324 0.693
168.006 0.682
168.718 0.712
169.545 0.827
170.503 0.958
171.404 0.901
172.24 0.836
172.979 0.739
173.676 0.697
174.368 0.692
175.054 0.686
175.743 0.689
176.428 0.685
177.141 0.713
177.857 0.716
178.594 0.737
179.277 0.683
179.93 0.653
180.574 0.644
181.221 0.647
181.877 0.656
182.563 0.686
183.328 0.765
184.112 0.784
184.855 0.743
185.548 0.693
186.198 0.65
186.83 0.632
187.471 0.641
188.143 0.672
188.837 0.694
189.558 0.721
190.244 0.686
190.907 0.663
191.566 0.659
192.228 0.662
192.893 0.665
193.581 0.688
194.289 0.708
195.057 0.768
195.882 0.825
196.778 0.896
197.588 0.81
198.303 0.715
198.971 0.668
199.609 0.638
200.26 0.651
200.985 0.725
202.054 1.069
203.055 1.001
203.966 0.911
204.837 0.871
205.616 0.779
206.364 0.748
207.109 0.745
207.855 0.746
208.604 0.749
209.351 0.747
210.087 0.736
210.897 0.81
211.793 0.896
212.709 0.916
213.545 0.836
214.253 0.708
214.913 0.66
215.56 0.647
216.233 0.673
216.967 0.734
217.911 0.944
218.867 0.956
219.785 0.918
220.71 0.925
221.585 0.875
222.371 0.786
223.113 0.742
223.843 0.73
224.623 0.78
225.596 0.973
226.543 0.947
227.31 0.767
228.007 0.697
228.67 0.663
229.334 0.664
230.239 0.905
231.365 1.126
232.378 1.013
233.184 0.806
233.869 0.685
234.497 0.628
235.103 0.606
235.69 0.587
236.264 0.574
236.858 0.594
237.502 0.644
238.137 0.635
238.778 0.641
239.426 0.648
240.081 0.655
240.725 0.644
241.379 0.654
242.065 0.686
242.788 0.723
243.51 0.722
244.168 0.658
244.81 0.642
245.444 0.634
246.083 0.639
246.745 0.662
247.397 0.652
248.029 0.632
248.649 0.62
249.273 0.624
249.918 0.645
250.616 0.698
251.371 0.755
252.122 0.751
252.803 0.681
253.474 0.671
254.161 0.687
254.92 0.759
255.679 0.759
256.388 0.709
257.054 0.666
257.717 0.663
258.404 0.687
259.127 0.723
259.846 0.719
260.535 0.689
261.185 0.65
261.81 0.625
262.425 0.615
263.034 0.609
263.666 0.632
264.342 0.676
265.108 0.766
265.898 0.79
266.68 0.782
267.434 0.754
268.148 0.714
268.856 0.708
269.528 0.672
270.224 0.696
270.96 0.736
271.656 0.696
272.342 0.686
273.032 0.69
273.762 0.73
274.491 0.729
275.187 0.696
275.842 0.655
276.46 0.618
277.071 0.611
277.679 0.608
278.297 0.618
278.924 0.627
279.595 0.671
280.681 1.086
281.684 1.003
282.625 0.941
283.463 0.838
284.227 0.764
284.949 0.722
285.622 0.673
286.275 0.653
286.924 0.649
287.576 0.652
288.356 0.78
289.415 1.059
290.415 1.0
291.301 0.886
292.08 0.779
292.807 0.727
293.513 0.706
294.217 0.704
294.905 0.688
295.563 0.658
296.197 0.634
296.822 0.625
297.438 0.616
298.07 0.632
298.774 0.704
299.808 1.034
300.796 0.988
301.667 0.871
302.485 0.818
303.291 0.806
304.096 0.805
304.847 0.751
305.531 0.684
306.182 0.651
306.824 0.642
307.497 0.673
308.26 0.763
309.074 0.814
309.896 0.822
310.695 0.799
311.465 0.77
312.167 0.702
312.831 0.664
313.484 0.653
314.129 0.645
314.792 0.663
315.522 0.73
316.302 0.78
317.129 0.827
317.965 0.836
318.668 0.703
319.294 0.626
319.885 0.591
320.463 0.578
321.041 0.578
321.681 0.64
322.462 0.781
323.34 0.878
324.141 0.801
325.034 0.893
325.958 0.924
326.817 0.859
327.625 0.808
328.397 0.772
329.089 0.692
329.735 0.646
330.367 0.632
331.044 0.677
332.17 1.126
333.152 0.982
334.02 0.868
334.895 0.875
335.79 0.895
336.622 0.832
337.347 0.725
338.054 0.707
338.747 0.693
339.489 0.742
340.2 0.711
340.908 0.708
341.637 0.729
342.462 0.825
343.238 0.776
343.929 0.691
344.568 0.639
345.184 0.616
345.829 0.645
346.895 1.066
347.894 0.999
348.813 0.919
349.572 0.759
350.273 0.701
351.016 0.743
352.042 1.026
353.077 1.035
353.846 0.769
354.529 0.683
355.207 0.678
356.354 1.147
357.36 1.006
358.229 0.869
359.298 1.069
360.383 1.085
361.431 1.048
362.301 0.87
363.293 0.992
364.263 0.97
365.124 0.861
365.891 0.767
366.673 0.782
367.525 0.852
368.424 0.899
369.175 0.751
369.9 0.725
370.596 0.696
371.326 0.73
372.024 0.698
372.735 0.711
373.531 0.796
374.434 0.903
375.374 0.94
376.128 0.754
376.814 0.686
377.482 0.668
378.177 0.695
379.322 1.145
380.316 0.994
381.075 0.759
381.731 0.656
382.342 0.611
382.964 0.622
383.641 0.677
384.487 0.846
385.361 0.874
386.129 0.768
386.85 0.721
387.535 0.685
388.222 0.687
388.93 0.708
389.723 0.793
390.556 0.833
391.357 0.801
392.064 0.707
392.734 0.67
393.409 0.675
394.159 0.75
395.078 0.919
395.953 0.875
396.711 0.758
397.413 0.702
398.124 0.711
399.263 1.139
400.31 1.047
401.33 1.02
402.283 0.953
403.084 0.801
403.812 0.728
404.573 0.761
405.48 0.907
406.539 1.059
407.44 0.901
408.219 0.779
408.976 0.757
409.89 0.914
410.974 1.084
411.892 0.918
412.676 0.784
413.446 0.77
414.235 0.789
415.048 0.813
415.811 0.763
416.531 0.72
417.255 0.724
418.153 0.898
419.163 1.01
419.993 0.83
420.68 0.687
421.341 0.661
421.991 0.65
422.663 0.672
423.358 0.695
424.031 0.673
424.689 0.658
425.415 0.726
426.498 1.083
427.452 0.954
428.206 0.754
428.905 0.699
429.574 0.669
430.283 0.709
431.005 0.722
431.68 0.675
432.35 0.67
432.994 0.644
433.608 0.614
434.219 0.611
434.844 0.625
435.495 0.651
436.216 0.721
437.094 0.878
438.032 0.938
438.824 0.792
439.564 0.74
440.265 0.701
440.947 0.682
441.658 0.711
442.461 0.803
443.477 1.016
444.518 1.041
445.44 0.922
446.354 0.914
447.205 0.851
447.998 0.793
448.835 0.837
449.814 0.979
450.712 0.898
451.469 0.757
452.231 0.762
452.958 0.727
453.634 0.676
454.289 0.655
454.931 0.642
455.727 0.796
456.921 1.194
458.014 1.093
458.917 0.903
459.661 0.744
460.348 0.687
461.007 0.659
461.657 0.65
462.304 0.647
462.956 0.652
463.672 0.716
464.645 0.973
465.472 0.827
466.247 0.775
466.974 0.727
467.688 0.714
468.393 0.705
469.147 0.754
469.964 0.817
470.853 0.889
471.639 0.786
472.407 0.768
473.138 0.731
473.829 0.691
474.467 0.638
475.066 0.599
475.662 0.596
476.263 0.601
476.945 0.682
477.933 0.988
478.741 0.808
479.544 0.803
480.369 0.825
481.252 0.883
481.967 0.715
482.637 0.67
483.3 0.663
483.949 0.649
484.601 0.652
485.241 0.64
485.873 0.632
486.514 0.641
487.2 0.686
487.993 0.793
489.047 1.054
490.084 1.037
491.048 0.964
491.903 0.855
492.636 0.733
493.29 0.654
493.914 0.624
494.532 0.618
495.147 0.615
495.778 0.631
496.468 0.69
497.173 0.705
497.866 0.693
498.53 0.664
499.23 0.7
500.018 0.788
500.976 0.958
501.933 0.957
502.818 0.885
503.59 0.772
504.263 0.673
504.897 0.634
505.521 0.624
506.15 0.629
506.787 0.637
507.4 0.613
508.061 0.661
508.816 0.755
509.537 0.721
510.284 0.747
511.067 0.783
511.841 0.774
512.543 0.702
513.221 0.678
513.907 0.686
514.606 0.699
515.296 0.69
515.944 0.648
516.572 0.628
517.189 0.617
517.808 0.619
518.447 0.639
519.162 0.715
519.949 0.787
520.747 0.798
521.433 0.686
522.071 0.638
522.696 0.625
523.327 0.631
523.978 0.651
524.612 0.634
525.253 0.641
525.903 0.65
526.561 0.658
527.252 0.691
527.928 0.676
528.589 0.661
529.253 0.664
529.96 0.707
530.696 0.736
531.386 0.69
532.047 0.661
532.692 0.645
533.346 0.654
534.001 0.655
534.638 0.637
535.302 0.664
535.995 0.693
536.728 0.733
537.431 0.703
538.126 0.695
538.827 0.701
539.517 0.69
540.169 0.652
540.814 0.645
541.473 0.659
542.142 0.669
542.791 0.649
543.446 0.655
544.111 0.665
544.834 0.723
545.632 0.798
546.429 0.797
547.229 0.8
547.992 0.763
548.687 0.695
549.374 0.687
550.034 0.66
550.679 0.645
551.306 0.627
551.936 0.63
552.609 0.673
553.361 0.752
554.213 0.852
554.993 0.78
555.782 0.789
556.577 0.795
557.292 0.715
557.969 0.677
558.644 0.675
559.332 0.688
559.997 0.665
560.695 0.698
561.4 0.705
562.109 0.709
562.835 0.726
563.531 0.696
564.215 0.684
564.907 0.692
565.656 0.749
566.344 0.688
566.989 0.645
567.632 0.643
568.293 0.661
568.993 0.7
569.696 0.703
570.383 0.687
571.049 0.666
571.732 0.683
572.423 0.691
573.127 0.704
573.804 0.677
574.442 0.638
575.089 0.647
575.765 0.676
576.543 0.778
577.306 0.763
577.998 0.692
578.667 0.669
579.385 0.718
580.114 0.729
581.048 0.934
582.054 1.006
582.89 0.836
583.592 0.702
584.248 0.656
584.866 0.618
585.462 0.596
586.077 0.615
586.758 0.681
587.555 0.797
588.683 1.128
589.803 1.12
590.767 0.964
591.636 0.869
592.377 0.741
593.024 0.647
593.663 0.639
594.3 0.637
595.024 0.724
595.784 0.76
596.601 0.817
597.376 0.775
598.137 0.761
598.869 0.732
599.581 0.712
600.262 0.681
600.947 0.685
601.667 0.72
602.392 0.725
603.113 0.721
603.833 0.72
604.575 0.742
605.281 0.706
606.046 0.765
606.881 0.835
607.769 0.888
608.576 0.807
609.305 0.729
610.004 0.699
610.648 0.644
611.281 0.633
611.893 0.612
612.613 0.72
613.351 0.738
614.099 0.748
614.872 0.773
615.746 0.874
616.626 0.88
617.377 0.751
618.037 0.66
618.688 0.651
619.361 0.673
620.065 0.704
620.861 0.796
621.906 1.045
622.861 0.955
623.688 0.827
624.493 0.805
625.32 0.827
626.137 0.817
627.017 0.88