0.000 0.521
0.521 0.521
1.041 0.52
1.56 0.519
2.073 0.513
3.092 1.019
3.605 0.513
4.112 0.507
4.62 0.508
5.134 0.514
5.652 0.518
6.162 0.51
6.669 0.507
7.183 0.514
7.691 0.508
8.19 0.499
8.687 0.497
9.183 0.496
9.678 0.495
10.177 0.499
10.683 0.506
11.197 0.514
11.716 0.519
12.245 0.529
12.791 0.546
13.337 0.546
13.905 0.568
14.47 0.565
15.029 0.559
15.607 0.578
16.161 0.554
16.69 0.529
17.214 0.524
17.731 0.517
18.242 0.511
18.757 0.515
19.272 0.515
19.79 0.518
20.318 0.528
20.856 0.538
21.392 0.536
21.937 0.545
22.477 0.54
23.063 0.586
23.672 0.609
24.315 0.643
24.903 0.588
25.488 0.585
26.056 0.568
26.604 0.548
27.145 0.541
27.677 0.532
28.198 0.521
28.709 0.511
29.219 0.51
29.722 0.503
30.228 0.506
30.744 0.516
31.292 0.548
31.912 0.62
32.48 0.568
33.046 0.566
33.609 0.563
34.23 0.621
34.823 0.593
35.403 0.58
35.984 0.581
36.591 0.607
37.185 0.594
37.779 0.594
38.365 0.586
38.961 0.596
39.553 0.592
40.146 0.593
40.739 0.593
41.337 0.598
41.905 0.568
42.467 0.562
43.048 0.581
43.631 0.583
44.193 0.562
44.765 0.572
45.338 0.573
45.912 0.574
46.488 0.576
47.052 0.564
47.629 0.577
48.208 0.579
48.764 0.556
49.323 0.559
49.879 0.556
50.441 0.562
51.013 0.572
51.576 0.563
52.14 0.564
52.708 0.568
53.287 0.579
53.855 0.568
54.419 0.564
54.981 0.562
55.551 0.57
56.134 0.583
56.7 0.566
57.271 0.571
57.847 0.576
58.446 0.599
59.036 0.59
59.626 0.59
60.201 0.575
60.781 0.58
61.361 0.58
61.933 0.572
62.554 0.621
63.163 0.609
63.801 0.638
64.373 0.572
64.942 0.569
65.507 0.565
66.077 0.57
66.645 0.568
67.206 0.561
67.782 0.576
68.382 0.6
68.974 0.592
69.583 0.609
70.185 0.602
70.799 0.614
71.378 0.579
71.942 0.564
72.535 0.593
73.135 0.6
73.715 0.58
74.298 0.583
74.873 0.575
75.453 0.58
76.017 0.564
76.571 0.554
77.125 0.554
77.687 0.562
78.258 0.571
78.829 0.571
79.378 0.549
79.923 0.545
80.473 0.55
81.042 0.569
81.611 0.569
82.186 0.575
82.745 0.559
83.308 0.563
83.886 0.578
84.456 0.57
85.025 0.569
85.596 0.571
86.167 0.571
86.774 0.607
87.4 0.626
88.029 0.629
88.619 0.59
89.218 0.599
89.832 0.614
90.436 0.604
91.031 0.595
91.651 0.62
92.282 0.631
93.045 0.763
93.698 0.653
94.315 0.617
94.902 0.587
95.463 0.561
96.015 0.552
96.572 0.557
97.179 0.607
97.781 0.602
98.36 0.579
98.937 0.577
99.554 0.617
100.165 0.611
100.774 0.609
101.37 0.596
101.962 0.592
102.54 0.578
103.127 0.587
103.696 0.569
104.254 0.558
104.812 0.558
105.363 0.551
105.926 0.563
106.512 0.586
107.105 0.593
107.679 0.574
108.246 0.567
108.834 0.588
109.438 0.604
110.067 0.629
110.676 0.609
111.28 0.604
111.883 0.603
112.484 0.601
113.06 0.576
113.64 0.58
114.221 0.581
114.812 0.591
115.418 0.606
115.999 0.581
116.568 0.569
117.129 0.561
117.713 0.584
118.31 0.597
118.883 0.573
119.444 0.561
119.989 0.545
120.522 0.533
121.042 0.52
121.564 0.522
122.084 0.52
122.608 0.524
123.127 0.519
123.655 0.528
124.187 0.532
124.741 0.554
125.311 0.57
125.876 0.565
126.43 0.554
126.983 0.553
127.562 0.579
128.157 0.595
128.753 0.596
129.323 0.57
129.884 0.561
130.439 0.555
131.017 0.578
131.597 0.58
132.175 0.578
132.745 0.57
133.304 0.559
133.861 0.557
134.418 0.557
134.995 0.577
135.583 0.588
136.201 0.618
136.795 0.594
137.391 0.596
137.984 0.593
138.61 0.626
139.224 0.614
139.841 0.617
140.439 0.598
141.023 0.584
141.598 0.575
142.204 0.606
142.781 0.577
143.353 0.572
143.925 0.572
144.485 0.56
145.029 0.544
145.558 0.529
146.087 0.529
146.622 0.535
147.177 0.555
147.736 0.559
148.283 0.547
148.816 0.533
149.355 0.539
149.891 0.536
150.442 0.551
150.996 0.554
151.557 0.561
152.126 0.569
152.702 0.576
153.266 0.564
153.818 0.552
154.365 0.547
154.918 0.553
155.48 0.562
156.068 0.588
156.667 0.599
157.276 0.609
157.897 0.621
158.501 0.604
159.079 0.578
159.63 0.551
160.168 0.538
160.696 0.528
161.231 0.535
161.778 0.547
162.324 0.546
162.872 0.548
163.411 0.539
163.934 0.523
164.454 0.52
164.97 0.516
165.491 0.521
166.036 0.545
166.602 0.566
167.152 0.55
167.707 0.555
168.248 0.541
168.799 0.551
169.363 0.564
169.96 0.597
170.56 0.6
171.137 0.577
171.699 0.562
172.265 0.566
172.818 0.553
173.379 0.561
173.918 0.539
174.463 0.545
175.015 0.552
175.617 0.602
176.224 0.607
176.8 0.576
177.349 0.549
177.903 0.554
178.458 0.555
179.007 0.549
179.556 0.549
180.107 0.551
180.701 0.594
181.385 0.684
182.11 0.725
182.861 0.751
183.592 0.731
184.261 0.669
184.896 0.635
185.532 0.636
186.179 0.647
186.797 0.618
187.462 0.665
188.149 0.687
188.918 0.769
189.633 0.715
190.302 0.669
190.997 0.695
191.765 0.768
192.561 0.796
193.298 0.737
193.957 0.659
194.609 0.652
195.253 0.644
195.929 0.676
196.578 0.649
197.197 0.619
197.801 0.604
198.406 0.605
199.011 0.605
199.621 0.61
200.24 0.619
200.837 0.597
201.433 0.596
202.041 0.608
202.684 0.643
203.335 0.651
203.955 0.62
204.561 0.606
205.148 0.587
205.721 0.573
206.286 0.565
206.854 0.568
207.424 0.57
208.024 0.6
208.63 0.606
209.236 0.606
209.844 0.608
210.481 0.637
211.138 0.657
211.758 0.62
212.383 0.625
213.019 0.636
213.68 0.661
214.336 0.656
214.969 0.633
215.567 0.598
216.158 0.591
216.737 0.579
217.33 0.593
217.928 0.598
218.5 0.572
219.058 0.558
219.618 0.56
220.19 0.572
220.789 0.599
221.384 0.595
221.974 0.59
222.596 0.622
223.245 0.649
223.897 0.652
224.51 0.613
225.115 0.605
225.747 0.632
226.365 0.618
226.971 0.606
227.57 0.599
228.152 0.582
228.723 0.571
229.317 0.594
229.933 0.616
230.555 0.622
231.156 0.601
231.733 0.577
232.304 0.571
232.875 0.571
233.455 0.58
234.044 0.589
234.63 0.586
235.219 0.589
235.802 0.583
236.376 0.574
236.972 0.596
237.57 0.598
238.152 0.582
238.739 0.587
239.328 0.589
239.924 0.596
240.5 0.576
241.077 0.577
241.653 0.576
242.218 0.565
242.776 0.558
243.323 0.547
243.877 0.554
244.432 0.555
244.992 0.56
245.544 0.552
246.116 0.572
246.726 0.61
247.314 0.588
247.897 0.583
248.472 0.575
249.028 0.556
249.563 0.535
250.098 0.535
250.63 0.532
251.175 0.545
251.728 0.553
252.284 0.556
252.839 0.555
253.394 0.555
253.943 0.549
254.502 0.559
255.066 0.564
255.668 0.602
256.278 0.61
256.883 0.605
257.458 0.575
258.043 0.585
258.628 0.585
259.223 0.595
259.806 0.583
260.933 1.127
261.49 0.557
262.088 0.598
262.712 0.624
263.372 0.66
264.005 0.633
264.63 0.625
265.241 0.611
265.889 0.648
266.565 0.676
267.242 0.677
267.855 0.613
268.478 0.623
269.11 0.632
269.742 0.632
270.39 0.648
271.002 0.612
271.603 0.601
272.203 0.6
272.787 0.584
273.374 0.587
273.954 0.58
274.512 0.558
275.055 0.543
275.584 0.529
276.094 0.51
276.603 0.509
277.101 0.498
277.607 0.506
278.143 0.536
278.741 0.598
279.363 0.622
279.99 0.627
280.679 0.689
281.397 0.718
282.16 0.763
282.907 0.747
283.582 0.675
284.195 0.613
284.78 0.585
285.358 0.578
285.92 0.562
286.487 0.567
287.108 0.621
287.736 0.628
288.37 0.634
288.957 0.587
289.531 0.574
290.097 0.566
290.675 0.578
291.283 0.608
291.907 0.624
292.516 0.609
293.146 0.63
293.756 0.61
294.378 0.622
294.975 0.597
295.536 0.561
296.093 0.557
296.641 0.548
297.205 0.564
297.767 0.562
298.397 0.63
299.097 0.7
299.771 0.674
300.453 0.682
301.11 0.657
301.766 0.656
302.417 0.651
303.024 0.607
303.67 0.646
304.297 0.627
304.941 0.644
305.559 0.618
306.151 0.592
306.735 0.584
307.321 0.586
307.9 0.579
308.5 0.6
309.097 0.597
309.698 0.601
310.271 0.573
310.838 0.567
311.407 0.569
311.978 0.571
312.564 0.586
313.164 0.6
313.776 0.612
314.412 0.636
314.986 0.574
315.569 0.583
316.145 0.576
316.743 0.598
317.355 0.612
317.939 0.584
318.524 0.585
319.098 0.574
319.673 0.575
320.256 0.583
320.841 0.585
321.431 0.59
322.053 0.622
322.718 0.665
323.374 0.656
324.0 0.626
324.641 0.641
325.29 0.649
325.941 0.651
326.578 0.637
327.2 0.622
327.826 0.626
328.461 0.635
329.101 0.64
329.714 0.613
330.313 0.599
330.908 0.595
331.531 0.623
332.151 0.62
332.746 0.595
333.339 0.593
333.928 0.589
334.526 0.598
335.11 0.584
335.696 0.586
336.277 0.581
336.869 0.592
337.485 0.616
338.143 0.658
338.781 0.638
339.378 0.597
339.971 0.593
340.555 0.584
341.142 0.587
341.709 0.567
342.268 0.559
342.814 0.546
343.368 0.554
343.925 0.557
344.52 0.595
345.103 0.583
345.707 0.604
346.311 0.604
346.949 0.638
347.576 0.627
348.191 0.615
348.801 0.61
349.427 0.626
350.056 0.629
350.651 0.595
351.232 0.581
351.802 0.57
352.354 0.552
352.907 0.553
353.468 0.561
354.019 0.551
354.58 0.561
355.126 0.546
355.672 0.546
356.215 0.543
356.776 0.561
357.341 0.565
357.896 0.555
358.44 0.544
358.981 0.541
359.513 0.532
360.038 0.525
360.569 0.531
361.106 0.537
361.658 0.552
362.245 0.587
362.848 0.603
363.449 0.601
364.026 0.577
364.593 0.567
365.151 0.558
365.712 0.561
366.268 0.556
366.811 0.543
367.342 0.531
367.876 0.534
368.411 0.535
368.95 0.539
369.482 0.532
370.016 0.534
370.566 0.55
371.148 0.582
371.767 0.619
372.398 0.631
372.997 0.599
373.601 0.604
374.241 0.64
374.937 0.696
375.611 0.674
376.247 0.636
376.86 0.613
377.488 0.628
378.134 0.646
378.788 0.654
379.408 0.62
380.015 0.607
380.624 0.609
381.23 0.606
381.84 0.61
382.448 0.608
383.027 0.579
383.597 0.57
384.164 0.567
384.749 0.585
385.329 0.58
385.915 0.586
386.491 0.576
387.072 0.581
387.656 0.584
388.253 0.597
388.853 0.6
389.467 0.614
390.102 0.635
390.69 0.588
391.268 0.578
391.839 0.571
392.43 0.591
393.021 0.591
393.608 0.587
394.17 0.562
394.713 0.543
395.252 0.539
395.799 0.547
396.351 0.552
396.913 0.562
397.496 0.583
398.083 0.587
398.656 0.573
399.252 0.596
399.836 0.584
400.455 0.619
401.062 0.607
401.66 0.598
402.268 0.608
402.876 0.608
403.5 0.624
404.104 0.604
404.704 0.6
405.285 0.581
405.859 0.574
406.42 0.561
406.981 0.561
407.539 0.558
408.122 0.583
408.732 0.61
409.318 0.586
409.89 0.572
410.49 0.6
411.083 0.593
411.674 0.591
412.258 0.584
412.833 0.575
413.404 0.571
413.975 0.571
414.534 0.559
415.109 0.575
415.692 0.583
416.258 0.566
416.827 0.569
417.401 0.574
417.991 0.59
418.582 0.591
419.187 0.605
419.779 0.592
420.39 0.611
420.983 0.593
421.568 0.585
422.139 0.571
422.69 0.551
423.231 0.541
423.765 0.534
424.311 0.546
424.919 0.608
425.602 0.683
426.217 0.615
426.833 0.616
427.444 0.611
428.104 0.66
428.723 0.619
429.342 0.619
429.935 0.593
430.511 0.576
431.067 0.556
431.612 0.545
432.155 0.543
432.702 0.547
433.271 0.569
433.852 0.581
434.436 0.584
435.005 0.569
435.571 0.566
436.108 0.537
436.663 0.555
437.21 0.547
437.78 0.57
438.39 0.61
439.017 0.627
439.613 0.596
440.16 0.547
440.698 0.538
441.281 0.583
441.934 0.653
442.6 0.666
443.278 0.678
443.957 0.679
444.607 0.65
445.218 0.611
445.841 0.623
446.423 0.582
446.986 0.563
447.54 0.554
448.084 0.544
448.62 0.536
449.154 0.534
449.681 0.527
450.201 0.52
450.715 0.514
451.226 0.511
451.742 0.516
452.25 0.508
452.755 0.505
453.264 0.509
453.79 0.526
454.375 0.585
454.972 0.597
455.572 0.6
456.155 0.583
456.727 0.572
457.293 0.566
457.849 0.556
458.399 0.55
458.922 0.523
459.456 0.534
459.99 0.534
460.545 0.555
461.095 0.55
461.665 0.57
462.243 0.578
462.823 0.58
463.39 0.567
463.956 0.566
464.525 0.569
465.092 0.567
465.665 0.573
466.262 0.597
466.852 0.59
467.445 0.593
468.022 0.577
468.586 0.564
469.156 0.57
469.756 0.6
470.412 0.656
471.011 0.599
471.654 0.643
472.244 0.59
472.859 0.615
473.454 0.595
474.021 0.567
474.572 0.551
475.121 0.549
475.683 0.562
476.258 0.575
476.813 0.555
477.369 0.556
477.924 0.555
478.49 0.566
479.065 0.575
479.628 0.563
480.186 0.558
480.743 0.557
481.299 0.556
481.844 0.545
482.385 0.541
482.924 0.539
483.455 0.531
483.983 0.528
484.513 0.53
485.08 0.567
485.679 0.599
486.305 0.626
486.916 0.611
487.517 0.601
488.09 0.573
488.637 0.547
489.185 0.548
489.731 0.546
490.28 0.549
490.824 0.544
491.362 0.538
491.904 0.542
492.448 0.544
492.978 0.53
493.511 0.533
494.037 0.526
494.567 0.53
495.095 0.528
495.623 0.528
496.16 0.537
496.749 0.589
497.367 0.618
497.987 0.62
498.603 0.616
499.195 0.592
499.762 0.567
500.321 0.559
500.875 0.554
501.478 0.603
502.129 0.651
502.775 0.646
503.401 0.626
503.992 0.591
504.583 0.591
505.16 0.577
505.724 0.564
506.286 0.562
506.842 0.556
507.388 0.546
507.923 0.535
508.449 0.526
508.973 0.524
509.493 0.52
510.025 0.532
510.582 0.557
511.147 0.565
511.696 0.549
512.284 0.588
512.876 0.592
513.459 0.583
514.035 0.576
514.611 0.576
515.184 0.573
515.765 0.581
516.311 0.546
516.88 0.569
517.449 0.569
518.029 0.58
518.593 0.564
519.153 0.56
519.707 0.554
520.265 0.558
520.819 0.554
521.373 0.554
521.912 0.539
522.448 0.536
522.979 0.531
523.501 0.522
524.026 0.525
524.557 0.531
525.117 0.56
525.698 0.581
526.262 0.564
526.812 0.55
527.361 0.549
527.958 0.597
528.577 0.619
529.238 0.661
529.857 0.619
530.526 0.669
531.156 0.63
531.795 0.639
532.373 0.578
532.954 0.581
533.532 0.578
534.132 0.6
534.73 0.598
535.32 0.59
535.892 0.572
536.43 0.538
536.971 0.541
537.509 0.538
538.055 0.546
538.618 0.563
539.196 0.578
539.768 0.572
540.324 0.556
540.863 0.539
541.398 0.535
541.924 0.526
542.446 0.522
543.012 0.566
543.647 0.635
544.251 0.604
544.838 0.587
545.418 0.58
546.033 0.615
546.709 0.676
547.402 0.693
548.083 0.681
548.711 0.628
549.329 0.618
549.925 0.596
550.51 0.585
551.081 0.571
551.644 0.563
552.188 0.544
552.74 0.552
553.285 0.545
553.834 0.549
554.378 0.544
554.932 0.554
555.51 0.578
556.073 0.563
556.636 0.563
557.169 0.533
557.7 0.531
558.224 0.524
558.751 0.527
559.281 0.53
559.807 0.526
560.327 0.52
560.843 0.516
561.358 0.515
561.879 0.521
562.413 0.534
562.948 0.535
563.498 0.55
564.092 0.594
564.746 0.654
565.37 0.624
565.975 0.605
566.547 0.572
567.094 0.547
567.625 0.531
568.155 0.53
568.689 0.534
569.257 0.568
569.865 0.608
570.443 0.578
571.007 0.564
571.575 0.568
572.171 0.596
572.875 0.704
573.608 0.733
574.266 0.658
574.96 0.694
575.613 0.653
576.273 0.66
576.872 0.599
577.466 0.594
578.056 0.59
578.656 0.6
579.26 0.604
579.839 0.579
580.411 0.572
580.986 0.575
581.569 0.583
582.15 0.581
582.72 0.57
583.288 0.568
583.878 0.59
584.514 0.636
585.146 0.632
585.731 0.585
586.304 0.573
586.86 0.556
587.406 0.546
587.947 0.541
588.507 0.56
589.096 0.589
589.674 0.578
590.246 0.572
590.807 0.561
591.358 0.551
591.908 0.55
592.469 0.561
593.07 0.601
593.687 0.617
594.309 0.622
594.897 0.588
595.459 0.562
596.019 0.56
596.582 0.563
597.156 0.574
597.759 0.603
598.336 0.577
598.926 0.59
599.535 0.609
600.218 0.683
600.892 0.674
601.563 0.671
602.201 0.638
602.817 0.616
603.418 0.601
604.025 0.607
604.66 0.635
605.275 0.615
605.906 0.631
606.521 0.615
607.158 0.637
607.848 0.69