0.000 0.827
0.827 0.827
1.579 0.752
2.372 0.793
3.245 0.873
4.119 0.874
5.053 0.934
5.985 0.932
6.831 0.846
7.715 0.884
8.513 0.798
9.287 0.774
10.176 0.889
11.148 0.972
12.044 0.896
12.961 0.917
13.86 0.899
14.698 0.838
15.657 0.959
16.64 0.983
17.561 0.921
18.509 0.948
19.516 1.007
20.478 0.962
21.458 0.98
22.489 1.031
23.5 1.011
24.515 1.015
25.557 1.042
26.501 0.944
27.503 1.002
28.542 1.039
29.532 0.99
30.518 0.986
31.559 1.041
32.548 0.989
33.551 1.003
34.627 1.076
35.631 1.004
36.679 1.048
37.706 1.027
38.629 0.923
39.59 0.961
40.613 1.023
41.564 0.951
42.609 1.045
43.622 1.013
44.599 0.977
45.61 1.011
46.589 0.979
47.534 0.945
48.5 0.966
49.371 0.871
50.31 0.939
51.294 0.984
52.198 0.904
53.149 0.951
54.048 0.899
54.954 0.906
55.883 0.929
56.781 0.898
57.678 0.897
58.621 0.943
59.587 0.966
60.461 0.874
61.38 0.919
62.315 0.935
63.19 0.875
64.162 0.972
65.168 1.006
66.158 0.99
67.238 1.08
68.287 1.049
69.286 0.999
70.27 0.984
71.199 0.929
72.1 0.901
73.066 0.966
74.058 0.992
74.987 0.929
75.913 0.926
76.759 0.846
77.641 0.882
78.581 0.94
79.524 0.943
80.58 1.056
81.626 1.046
82.619 0.993
83.635 1.016
84.606 0.971
85.51 0.904
86.448 0.938
87.293 0.845
88.19 0.897
89.18 0.99
90.124 0.944
91.149 1.025
92.229 1.08
93.219 0.99
94.239 1.02
95.252 1.013
96.214 0.962
97.258 1.044
98.305 1.047
99.349 1.044
100.427 1.078
101.428 1.001
102.429 1.001
103.501 1.072
104.516 1.015
105.501 0.985
106.56 1.059
107.6 1.04
108.612 1.012
109.624 1.012
110.539 0.915
111.391 0.852
112.261 0.87
113.169 0.908
114.168 0.999
115.166 0.998
116.215 1.049
117.245 1.03
118.223 0.978
119.216 0.993
120.178 0.962
121.061 0.883
121.948 0.887
122.875 0.927
123.776 0.901
124.697 0.921
125.663 0.966
126.601 0.938
127.532 0.931
128.549 1.017
129.608 1.059
130.607 0.999
131.594 0.987
132.573 0.979
133.513 0.94
134.466 0.953
135.423 0.957
136.366 0.943
137.312 0.946
138.258 0.946
139.196 0.938
140.083 0.887
141.024 0.941
142.023 0.999
142.997 0.974
144.058 1.061
145.111 1.053
146.116 1.005
147.134 1.018
148.08 0.946
149.033 0.953
149.992 0.959
150.925 0.933
151.798 0.873
152.726 0.928
153.674 0.948
154.555 0.881
155.504 0.949
156.487 0.983
157.423 0.936
158.401 0.978
159.37 0.969
160.253 0.883
161.135 0.882
162.071 0.936
163.038 0.967
163.93 0.892
164.767 0.837
165.621 0.854
166.619 0.998
167.583 0.964
168.513 0.93
169.473 0.96
170.445 0.972
171.365 0.92
172.339 0.974
173.32 0.981
174.285 0.965
175.289 1.004
176.316 1.027
177.288 0.972
178.302 1.014
179.372 1.07
180.397 1.025
181.43 1.033
182.505 1.075
183.566 1.061
184.599 1.033
185.647 1.048
186.628 0.981
187.572 0.944
188.538 0.966
189.515 0.977
190.531 1.016
191.626 1.095
192.65 1.024
193.677 1.027
194.717 1.04
195.676 0.959
196.666 0.99
197.644 0.978
198.575 0.931
199.505 0.93
200.386 0.881
201.286 0.9
202.31 1.024
203.333 1.023
204.25 0.917
205.203 0.953
206.112 0.909
207.002 0.89
207.939 0.937
208.885 0.946
209.862 0.977
210.866 1.004
211.826 0.96
212.827 1.001
213.767 0.94
214.71 0.943
215.622 0.912
216.49 0.868
217.417 0.927
218.366 0.949
219.267 0.901
220.133 0.866
221.056 0.923
222.078 1.022
223.131 1.053
224.193 1.062
225.222 1.029
226.196 0.974
227.179 0.983
228.144 0.965
229.068 0.924
229.988 0.92
230.888 0.9
231.792 0.904
232.701 0.909
233.648 0.947
234.563 0.915
235.531 0.968
236.497 0.966
237.397 0.9
238.298 0.901
239.192 0.894
240.046 0.854
240.982 0.936
241.981 0.999
242.95 0.969
243.953 1.003
244.944 0.991
245.86 0.916
246.771 0.911
247.647 0.876
248.479 0.832
249.345 0.866
250.274 0.929
251.19 0.916
252.146 0.956
253.147 1.001
254.135 0.988
255.027 0.892
255.926 0.899
256.772 0.846
257.598 0.826
258.351 0.753
259.068 0.717
259.8 0.732
260.522 0.722
261.268 0.746
262.026 0.758
262.777 0.751
263.549 0.772
264.284 0.735
265.043 0.759
265.79 0.747
266.515 0.725
267.24 0.725
267.982 0.742
268.744 0.762
269.508 0.764
270.233 0.725
270.978 0.745
271.759 0.781
272.563 0.804
273.322 0.759
274.12 0.798
274.961 0.841
275.817 0.856
276.646 0.829
277.53 0.884
278.423 0.893
279.243 0.82
280.013 0.77
280.727 0.714
281.472 0.745
282.237 0.765
282.978 0.741
283.717 0.739
284.565 0.848
285.397 0.832
286.193 0.796
287.037 0.844
287.927 0.89
288.738 0.811
289.552 0.814
290.426 0.874
291.385 0.959
292.324 0.939
293.171 0.847
294.026 0.855
294.865 0.839
295.656 0.791
296.526 0.87
297.422 0.896
298.304 0.882
299.228 0.924
300.186 0.958
301.035 0.849
301.859 0.824
302.71 0.851
303.575 0.865
304.371 0.796
305.207 0.836
306.033 0.826
306.832 0.799
307.703 0.871
308.588 0.885
309.5 0.912
310.417 0.917
311.273 0.856
312.159 0.886
313.044 0.885
313.912 0.868
314.731 0.819
315.578 0.847
316.419 0.841
317.288 0.869
318.172 0.884
319.055 0.883
319.99 0.935
320.89 0.9
321.811 0.921
322.742 0.931
323.622 0.88
324.539 0.917
325.482 0.943
326.351 0.869
327.272 0.921
328.203 0.931
329.07 0.867
329.992 0.922
330.961 0.969
331.832 0.871
332.648 0.816
333.476 0.828
334.358 0.882
335.279 0.921
336.16 0.881
337.138 0.978
338.068 0.93
338.924 0.856
339.877 0.953
340.771 0.894
341.647 0.876
342.453 0.806
343.312 0.859
344.224 0.912
345.111 0.887
346.05 0.939
347.054 1.004
348.024 0.97
349.033 1.009
350.054 1.021
350.985 0.931
351.938 0.953
352.936 0.998
353.87 0.934
354.791 0.921
355.837 1.046
356.941 1.104
357.974 1.033
358.979 1.005
359.888 0.909
360.709 0.821
361.449 0.74
362.306 0.857
363.275 0.969
364.166 0.891
365.025 0.859
365.791 0.766
366.595 0.804
367.335 0.74
368.08 0.745
368.791 0.711
369.556 0.765
370.324 0.768
371.133 0.809
371.93 0.797
372.696 0.766
373.485 0.789
374.281 0.796
375.121 0.84
375.945 0.824
376.743 0.798
377.558 0.815
378.375 0.817
379.156 0.781
379.962 0.806
380.821 0.859
381.651 0.83
382.486 0.835
383.408 0.922
384.363 0.955
385.269 0.906
386.136 0.867
387.024 0.888
387.885 0.861
388.749 0.864
389.7 0.951
390.651 0.951
391.518 0.867
392.443 0.925
393.381 0.938
394.217 0.836
395.09 0.873
395.899 0.809
396.759 0.86
397.643 0.884
398.511 0.868
399.385 0.874
400.229 0.844
401.084 0.855
401.915 0.831
402.724 0.809
403.568 0.844
404.403 0.835
405.191 0.788
406.036 0.845
406.89 0.854
407.667 0.777
408.459 0.792
409.286 0.827
410.054 0.768
410.856 0.802
411.699 0.843
412.576 0.877
413.383 0.807
414.141 0.758
414.926 0.785
415.766 0.84
416.697 0.931
417.614 0.917
418.534 0.92
419.506 0.972
420.417 0.911
421.253 0.836
422.033 0.78
422.77 0.737
423.622 0.852
424.56 0.938
425.399 0.839
426.277 0.878
427.203 0.926
428.137 0.934
429.008 0.871
429.933 0.925
430.921 0.988
431.879 0.958
432.821 0.942
433.786 0.965
434.734 0.948
435.621 0.887
436.571 0.95
437.607 1.036
438.608 1.001
439.573 0.965
440.6 1.027
441.629 1.029
442.669 1.04
443.733 1.064
444.778 1.045
445.747 0.969
446.779 1.032
447.812 1.033
448.745 0.933
449.701 0.956
450.761 1.06
451.803 1.042
452.769 0.966
453.814 1.045
454.87 1.056
455.836 0.966
456.813 0.977
457.758 0.945
458.625 0.867
459.546 0.921
460.515 0.969
461.405 0.89
462.236 0.831
463.091 0.855
464.029 0.938
464.911 0.882
465.799 0.888
466.796 0.997
467.761 0.965
468.659 0.898
469.584 0.925
470.54 0.956
471.441 0.901
472.38 0.939
473.362 0.982
474.315 0.953
475.286 0.971
476.295 1.009
477.249 0.954
478.185 0.936
479.141 0.956
480.112 0.971
481.058 0.946
482.019 0.961
482.981 0.962
483.951 0.97
484.847 0.896
485.755 0.908
486.671 0.916
487.53 0.859
488.436 0.906
489.387 0.951
490.318 0.931
491.208 0.89
492.094 0.886
492.996 0.902
493.888 0.892
494.754 0.866
495.675 0.921
496.575 0.9
497.46 0.885
498.329 0.869
499.147 0.818
499.906 0.759
500.718 0.812
501.527 0.809
502.416 0.889
503.298 0.882
504.2 0.902
505.077 0.877
505.932 0.855
506.796 0.864
507.649 0.853
508.507 0.858
509.29 0.783
510.063 0.773
510.813 0.75
511.554 0.741
512.28 0.726
513.008 0.728
513.732 0.724
514.609 0.877
515.681 1.072
516.758 1.077
517.85 1.092
518.812 0.962
519.702 0.89
520.499 0.797
521.294 0.795
522.176 0.882
523.212 1.036
524.211 0.999
525.281 1.07
526.346 1.065
527.336 0.99
528.368 1.032
529.412 1.044
530.423 1.011
531.455 1.032
532.521 1.066
533.553 1.032
534.62 1.067
535.679 1.059
536.668 0.989
537.736 1.068
538.837 1.101
539.915 1.078
541.038 1.123
542.178 1.14
543.252 1.074
544.365 1.113
545.515 1.15
546.671 1.156
547.724 1.053
548.767 1.043
549.876 1.109
550.98 1.104
551.962 0.982
552.995 1.033
554.086 1.091
555.156 1.07
556.155 0.999
557.205 1.05
558.243 1.038
559.212 0.969
560.267 1.055
561.304 1.037
562.264 0.96
563.279 1.015
564.29 1.011
565.243 0.953
566.238 0.995
567.233 0.995
568.111 0.878
569.003 0.892
569.964 0.961
571.057 1.093
572.094 1.037
573.133 1.039
574.224 1.091
575.299 1.075
576.287 0.988
577.24 0.953
578.185 0.945
579.098 0.913
579.945 0.847
580.887 0.942
581.898 1.011
582.921 1.023
583.891 0.97
584.855 0.964
585.7 0.845
586.528 0.828
587.278 0.75
588.122 0.844
588.964 0.842
589.866 0.902
590.769 0.903
591.588 0.819
592.43 0.842
593.313 0.883
594.228 0.915
595.158 0.93
596.093 0.935
597.041 0.948
597.957 0.916
598.85 0.893
599.748 0.898