0.000 0.916
0.916 0.916
1.747 0.831
2.619 0.872
3.491 0.872
4.431 0.94
5.345 0.914
6.205 0.86
7.112 0.907
8.102 0.99
9.016 0.914
9.977 0.961
10.874 0.897
11.746 0.872
12.639 0.893
13.61 0.971
14.492 0.882
15.261 0.769
16.058 0.797
16.929 0.871
17.831 0.902
18.686 0.855
19.49 0.804
20.236 0.746
21.045 0.809
21.903 0.858
22.311 0.408
22.647 0.336
25.415 2.768
26.154 0.739
26.628 0.474
26.962 0.334
27.374 0.412
27.641 0.267
27.906 0.265
28.228 0.322
28.515 0.287
29.264 0.749
29.865 0.601
31.032 1.167
31.347 0.315
31.606 0.259
40.83 0.831
41.629 0.799
42.436 0.807
43.222 0.786
44.005 0.783
44.477 0.472
44.757 0.28
45.563 0.806
46.434 0.871
47.257 0.823
48.033 0.776
48.824 0.791
49.582 0.758
50.346 0.764
51.15 0.804
51.971 0.821
52.755 0.784
53.59 0.835
54.446 0.856
55.264 0.818
56.004 0.74
56.669 0.665
57.309 0.64
57.976 0.667
58.688 0.712
59.403 0.715
60.144 0.741
60.954 0.81
61.754 0.8
62.581 0.827
63.474 0.893
64.301 0.827
65.094 0.793
65.886 0.792
66.662 0.776
67.399 0.737
68.147 0.748
68.906 0.759
69.689 0.783
70.44 0.751
71.204 0.764
71.999 0.795
72.766 0.767
73.49 0.724
74.249 0.759
75.011 0.762
75.75 0.739
76.465 0.715
77.192 0.727
77.943 0.751
78.68 0.737
79.457 0.777
80.23 0.773
80.996 0.766
81.714 0.718
82.456 0.742
83.22 0.764
83.975 0.755
84.737 0.762
85.496 0.759
86.246 0.75
86.976 0.73
87.716 0.74
88.444 0.728
89.183 0.739
89.92 0.737
90.672 0.752
91.409 0.737
92.144 0.735
92.838 0.694
93.558 0.72
94.304 0.746
95.093 0.789
95.872 0.779
96.704 0.832
97.585 0.881
98.429 0.844
99.22 0.791
100.029 0.809
100.827 0.798
101.619 0.792
102.353 0.734
103.116 0.763
103.929 0.813
104.796 0.867
105.615 0.819
106.466 0.851
107.376 0.91
108.233 0.857
109.047 0.814
109.808 0.761
110.565 0.757
111.313 0.748
112.044 0.731
112.733 0.689
113.438 0.705
114.152 0.714
114.922 0.77
115.735 0.813
116.491 0.756
117.238 0.747
118.063 0.825
118.869 0.806
119.678 0.809
120.502 0.824
121.294 0.792
122.135 0.841
122.95 0.815
123.744 0.794
124.528 0.784
125.338 0.81
126.101 0.763
126.91 0.809
127.762 0.852
128.677 0.915
129.516 0.839
130.396 0.88
131.266 0.87
132.072 0.806
132.838 0.766
133.612 0.774
134.422 0.81
135.23 0.808
136.073 0.843
136.936 0.863
137.764 0.828
138.56 0.796
139.364 0.804
140.192 0.828
141.007 0.815
141.78 0.773
142.561 0.781
143.368 0.807
144.115 0.747
144.856 0.741
145.631 0.775
146.38 0.749
147.098 0.718
147.757 0.659
148.421 0.664
149.144 0.723
149.894 0.75
150.66 0.766
151.421 0.761
152.217 0.796
152.976 0.759
153.739 0.763
154.495 0.756
155.249 0.754
155.973 0.724
156.741 0.768
157.537 0.796
158.388 0.851
159.199 0.811
160.021 0.822
160.87 0.849
161.709 0.839
162.496 0.787
163.28 0.784
164.044 0.764
164.777 0.733
165.516 0.739
166.306 0.79
167.16 0.854
168.001 0.841
168.866 0.865
169.784 0.918
170.71 0.926
171.6 0.89
172.462 0.862
173.347 0.885
174.228 0.881
175.094 0.866
175.964 0.87
176.874 0.91
177.711 0.837
178.541 0.83
179.368 0.827
180.238 0.87
181.019 0.781
181.898 0.879
182.83 0.932
183.668 0.838
184.447 0.779
185.246 0.799
186.081 0.835
186.877 0.796
187.636 0.759
188.398 0.762
189.181 0.783
189.98 0.799
190.733 0.753
191.5 0.767
192.298 0.798
193.115 0.817
193.892 0.777
194.658 0.766
195.433 0.775
196.175 0.742
196.913 0.738
197.64 0.727
198.363 0.723
199.079 0.716
199.784 0.705
200.506 0.722
201.254 0.748
201.99 0.736
202.76 0.77
203.549 0.789
204.393 0.844
205.194 0.801
206.009 0.815
206.832 0.823
207.649 0.817
208.443 0.794
209.243 0.8
210.042 0.799
210.824 0.782
211.615 0.791
212.411 0.796
213.237 0.826
214.041 0.804
214.883 0.842
215.747 0.864
216.571 0.824
217.363 0.792
218.151 0.788
218.935 0.784
219.693 0.758
220.457 0.764
221.244 0.787
222.04 0.796
222.827 0.787
223.645 0.818
224.481 0.836
225.29 0.809
226.093 0.803
226.9 0.807
227.69 0.79
228.46 0.77
229.214 0.754
230.001 0.787
230.834 0.833
231.666 0.832
232.495 0.829
233.309 0.814
234.109 0.8
234.901 0.792
235.749 0.848
236.591 0.842
237.443 0.852
238.262 0.819
239.06 0.798
239.866 0.806
240.695 0.829
241.527 0.832
242.381 0.854
243.213 0.832
244.086 0.873
244.969 0.883
245.78 0.811
246.555 0.775
247.352 0.797
248.134 0.782
248.843 0.709
249.522 0.679
250.206 0.684
250.919 0.713
251.678 0.759
252.45 0.772
253.236 0.786
254.03 0.794
254.811 0.781
255.541 0.73
256.273 0.732
257.013 0.74
257.765 0.752
258.524 0.759
259.305 0.781
260.088 0.783
260.847 0.759
261.581 0.734
262.317 0.736
263.112 0.795
263.907 0.795
264.688 0.781
265.479 0.791
266.275 0.796
267.037 0.762
267.782 0.745
268.567 0.785
269.342 0.775
270.087 0.745
270.833 0.746
271.597 0.764
272.36 0.763
273.096 0.736
273.852 0.756
274.603 0.751
275.294 0.691
275.947 0.653
276.604 0.657
277.273 0.669
277.941 0.668
278.622 0.681
279.314 0.692
280.011 0.697
280.712 0.701
281.439 0.727
282.216 0.777
282.982 0.766
283.747 0.765
284.499 0.752
285.253 0.754
285.98 0.727
286.708 0.728
287.446 0.738
288.205 0.759
288.944 0.739
289.714 0.77
290.494 0.78
291.274 0.78
292.021 0.747
292.778 0.757
293.524 0.746
294.236 0.712
294.937 0.701
295.666 0.729
296.415 0.749
297.165 0.75
297.925 0.76
298.709 0.784
299.533 0.824
300.344 0.811
301.143 0.799
301.94 0.797
302.708 0.768
303.467 0.759
304.227 0.76
304.993 0.766
305.777 0.784
306.547 0.77
307.339 0.792
308.173 0.834
308.985 0.812
309.77 0.785
310.552 0.782
311.312 0.76
312.049 0.737
312.784 0.735
313.549 0.765
314.364 0.815
315.153 0.789
315.95 0.797
316.76 0.81
317.545 0.785
318.291 0.746
319.043 0.752
319.823 0.78
320.594 0.771
321.319 0.725
322.058 0.739
322.792 0.734
323.528 0.736
324.251 0.723
324.964 0.713
325.691 0.727
326.432 0.741
327.172 0.74
327.928 0.756
328.726 0.798
329.549 0.823
330.35 0.801
331.156 0.806
331.923 0.767
332.673 0.75
333.402 0.729
334.13 0.728
334.878 0.748
335.657 0.779
336.429 0.772
337.206 0.777
337.944 0.738
338.684 0.74
339.39 0.706
340.105 0.715
340.82 0.715
341.585 0.765
342.361 0.776
343.195 0.834
344.045 0.85
344.897 0.852
345.701 0.804
346.499 0.798
347.295 0.796
348.064 0.769
348.824 0.76
349.59 0.766
350.387 0.797
351.175 0.788
351.989 0.814
352.789 0.8
353.579 0.79
354.338 0.759
355.138 0.8
355.977 0.839
356.831 0.854
357.679 0.848
358.532 0.853
359.394 0.862
360.24 0.846
361.032 0.792
361.794 0.762
362.549 0.755
363.337 0.788
364.102 0.765
364.865 0.763
365.633 0.768
366.412 0.779
367.206 0.794
368.019 0.813
368.842 0.823
369.652 0.81
370.416 0.764
371.185 0.769
371.936 0.751
372.675 0.739
373.382 0.707
374.102 0.72
374.84 0.738
375.601 0.761
376.331 0.73
377.12 0.789
377.874 0.754
378.624 0.75
379.358 0.734
380.094 0.736
380.813 0.719
381.512 0.699
382.189 0.677
382.883 0.694
383.603 0.72
384.343 0.74
385.056 0.713
385.815 0.759
386.595 0.78
387.378 0.783
388.139 0.761
388.518 0.379
388.939 0.421
389.742 0.803
390.531 0.789
391.277 0.746
392.048 0.771
392.845 0.797
393.643 0.798
394.431 0.788
395.224 0.793
396.045 0.821
396.882 0.837
397.69 0.808
398.488 0.798
399.29 0.802
400.084 0.794
400.867 0.783
401.637 0.77
402.418 0.781
403.175 0.757
403.915 0.74
404.649 0.734
405.377 0.728
406.124 0.747
406.85 0.726
407.557 0.707
408.277 0.72
408.996 0.719
409.726 0.73
410.441 0.715
411.162 0.721
411.913 0.751
412.692 0.779
413.45 0.758
414.231 0.781
414.991 0.76
415.754 0.763
416.465 0.711
417.131 0.666
417.795 0.664
418.481 0.686
419.186 0.705
419.883 0.697
420.555 0.672
421.223 0.668
421.902 0.679
422.569 0.667
423.233 0.664
423.901 0.668
424.577 0.676
425.253 0.676
425.906 0.653
426.548 0.642
427.183 0.635
427.821 0.638
428.47 0.649
429.128 0.658
429.817 0.689
430.558 0.741
431.314 0.756
432.078 0.764
432.837 0.759
433.61 0.773
434.408 0.798
435.181 0.773
435.915 0.734
436.632 0.717
437.357 0.725
438.081 0.724
438.815 0.734
439.578 0.763
440.383 0.805
441.171 0.788
441.923 0.752
442.677 0.754
443.428 0.751
444.141 0.713
444.852 0.711
445.55 0.698
446.252 0.702
446.941 0.689
447.609 0.668
448.278 0.669
448.916 0.638
449.546 0.63
450.234 0.688
450.946 0.712
451.655 0.709
452.389 0.734
453.141 0.752
453.864 0.723
454.568 0.704
455.356 0.788
456.154 0.798
456.954 0.8
457.737 0.783
458.58 0.843
459.413 0.833
460.201 0.788
461.019 0.818
461.859 0.84
462.727 0.868
463.566 0.839
464.449 0.883
465.323 0.874
466.173 0.85
467.009 0.836
467.861 0.852
468.696 0.835
469.497 0.801
470.319 0.822
471.159 0.84
471.923 0.764
472.635 0.712
473.36 0.725
474.135 0.775
474.89 0.755
475.733 0.843
476.563 0.83
477.372 0.809
478.111 0.739
478.857 0.746
479.634 0.777
480.438 0.804
481.218 0.78
481.961 0.743
482.7 0.739
483.432 0.732
484.164 0.732
484.917 0.753
485.699 0.782
486.526 0.827
487.335 0.809
488.148 0.813
488.955 0.807
489.76 0.805
490.517 0.757
491.281 0.764
492.064 0.783
492.826 0.762
493.551 0.725
494.286 0.735
495.042 0.756
495.816 0.774
496.581 0.765
497.356 0.775
498.147 0.791
498.906 0.759
499.653 0.747
500.383 0.73
501.111 0.728
501.862 0.751
502.598 0.736
503.308 0.71
504.049 0.741
504.833 0.784
505.614 0.781
506.348 0.734
507.072 0.724
507.809 0.737
508.569 0.76
509.337 0.768
510.074 0.737
510.835 0.761
511.609 0.774
512.364 0.755
513.161 0.797
513.981 0.82
514.735 0.754
515.459 0.724
516.178 0.719
516.938 0.76
517.706 0.768
518.488 0.782
519.226 0.738
519.951 0.725
520.695 0.744
521.458 0.763
522.193 0.735
522.918 0.725
523.663 0.745
524.459 0.796
525.266 0.807
526.057 0.791
526.856 0.799
527.664 0.808
528.441 0.777
529.171 0.73
529.91 0.739
530.695 0.785
531.49 0.795
532.232 0.742
532.948 0.716
533.677 0.729
534.448 0.771
535.231 0.783
536.002 0.771
536.784 0.782
537.58 0.796
538.347 0.767
539.132 0.785
539.936 0.804
540.684 0.748
541.404 0.72
542.114 0.71
542.866 0.752
543.658 0.792
544.445 0.787
545.25 0.805
546.084 0.834
546.953 0.869
547.767 0.814
548.586 0.819
549.401 0.815
550.228 0.827
551.033 0.805
551.841 0.808
552.66 0.819
553.431 0.771
554.222 0.791
554.971 0.749
555.656 0.685
556.339 0.683
557.014 0.675
557.642 0.628
558.312 0.67
559.053 0.741
559.789 0.736
560.518 0.729
561.261 0.743
562.033 0.772
562.78 0.747
563.479 0.699
564.168 0.689
564.859 0.691
565.56 0.701
566.255 0.695
566.955 0.7
567.672 0.717
568.431 0.759
569.143 0.712
569.845 0.702
570.554 0.709
571.31 0.756
572.055 0.745
572.834 0.779
573.574 0.74
574.308 0.734
575.048 0.74
575.8 0.752
576.566 0.766
577.329 0.763
578.108 0.779
578.911 0.803
579.716 0.805
580.518 0.802
581.321 0.803
582.083 0.762
582.83 0.747
583.593 0.763
584.395 0.802
585.174 0.779
585.976 0.802
586.766 0.79
587.559 0.793
588.312 0.753
589.082 0.77
589.918 0.836
590.681 0.763
591.424 0.743
592.174 0.75
592.924 0.75
593.696 0.772
594.502 0.806
595.336 0.834
596.149 0.813
596.996 0.847
597.88 0.884
598.744 0.864
599.584 0.84
600.374 0.79
601.128 0.754
601.868 0.74