0.000 0.872
0.872 0.872
1.718 0.846
2.558 0.84
3.325 0.767
4.097 0.772
4.928 0.831
5.826 0.898
6.7 0.874
7.614 0.914
8.575 0.961
9.543 0.968
10.444 0.901
11.355 0.911
12.273 0.918
13.208 0.935
14.106 0.898
15.024 0.918
15.997 0.973
16.961 0.964
17.822 0.861
18.599 0.777
19.399 0.8
20.326 0.927
21.275 0.949
22.136 0.861
22.972 0.836
23.759 0.787
24.541 0.782
25.324 0.783
26.079 0.755
26.924 0.845
27.864 0.94
28.682 0.818
29.437 0.755
30.181 0.744
30.988 0.807
31.817 0.829
32.592 0.775
33.308 0.716
34.016 0.708
34.731 0.715
35.46 0.729
36.2 0.74
36.923 0.723
37.649 0.726
38.385 0.736
39.082 0.697
39.797 0.715
40.493 0.696
41.207 0.714
41.932 0.725
42.678 0.746
43.422 0.744
44.161 0.739
44.889 0.728
45.574 0.685
46.209 0.635
46.88 0.671
47.549 0.669
48.243 0.694
49.023 0.78
49.788 0.765
50.559 0.771
51.37 0.811
52.217 0.847
52.96 0.743
53.642 0.682
54.296 0.654
55.012 0.716
55.715 0.703
56.436 0.721
57.146 0.71
57.85 0.704
58.56 0.71
59.246 0.686
59.904 0.658
60.528 0.624
61.141 0.613
61.781 0.64
62.417 0.636
63.099 0.682
63.831 0.732
64.61 0.779
65.375 0.765
66.219 0.844
67.109 0.89
68.02 0.911
68.897 0.877
69.765 0.868
70.64 0.875
71.505 0.865
72.335 0.83
73.11 0.775
73.868 0.758
74.622 0.754
75.413 0.791
76.203 0.79
77.031 0.828
77.953 0.922
78.847 0.894
79.646 0.799
80.414 0.768
81.154 0.74
81.844 0.69
82.514 0.67
83.224 0.71
84.057 0.833
84.949 0.892
85.818 0.869
86.625 0.807
87.376 0.751
88.122 0.746
88.916 0.794
89.738 0.822
90.489 0.751
91.175 0.686
91.833 0.658
92.493 0.66
93.17 0.677
93.912 0.742
94.782 0.87
95.682 0.9
96.497 0.815
97.344 0.847
98.203 0.859
99.042 0.839
99.916 0.874
100.674 0.758
101.343 0.669
102.0 0.657
102.814 0.814
103.81 0.996
104.79 0.98
105.738 0.948
106.6 0.862
107.371 0.771
108.098 0.727
108.797 0.699
109.483 0.686
110.215 0.732
111.031 0.816
111.885 0.854
112.724 0.839
113.527 0.803
114.348 0.821
115.182 0.834
116.082 0.9
117.001 0.919
117.862 0.861
118.663 0.801
119.419 0.756
120.176 0.757
120.956 0.78
121.767 0.811
122.666 0.899
123.636 0.97
124.62 0.984
125.63 1.01
126.63 1.0
127.608 0.978
128.502 0.894
129.377 0.875
130.254 0.877
131.117 0.863
131.97 0.853
132.882 0.912
133.776 0.894
134.734 0.958
135.686 0.952
136.565 0.879
137.442 0.877
138.324 0.882
139.201 0.877
140.095 0.894
141.027 0.932
141.87 0.843
142.778 0.908
143.653 0.875
144.488 0.835
145.238 0.75
145.913 0.675
146.624 0.711
147.459 0.835
148.357 0.898
149.404 1.047
150.327 0.923
151.236 0.909
152.138 0.902
152.974 0.836
153.719 0.745
154.478 0.759
155.268 0.79
156.126 0.858
157.041 0.915
157.924 0.883
158.761 0.837
159.666 0.905
160.626 0.96
161.568 0.942
162.451 0.883
163.25 0.799
163.988 0.738
164.685 0.697
165.383 0.698
166.122 0.739
167.03 0.908
167.963 0.933
168.776 0.813
169.578 0.802
170.387 0.809
171.194 0.807
171.961 0.767
172.737 0.776
173.555 0.818
174.403 0.848
175.279 0.876
176.163 0.884
177.016 0.853
177.861 0.845
178.733 0.872
179.651 0.918
180.556 0.905
181.448 0.892
182.379 0.931
183.31 0.931
184.191 0.881
184.948 0.757
185.668 0.72
186.388 0.72
187.262 0.874
188.223 0.961
189.17 0.947
190.038 0.868
190.886 0.848
191.744 0.858
192.645 0.901
193.55 0.905
194.395 0.845
195.267 0.872
196.169 0.902
197.061 0.892
197.911 0.85
198.774 0.863
199.667 0.893
200.543 0.876
201.452 0.909
202.42 0.968
203.376 0.956
204.262 0.886
205.097 0.835
205.925 0.828
206.831 0.906
207.715 0.884
208.578 0.863
209.539 0.961
210.555 1.016
211.509 0.954
212.452 0.943
213.289 0.837
213.988 0.699
214.605 0.617
215.242 0.637
215.917 0.675
216.654 0.737
217.475 0.821
218.29 0.815
219.099 0.809
219.903 0.804
220.724 0.821
221.508 0.784
222.236 0.728
222.939 0.703
223.608 0.669
224.256 0.648
224.884 0.628
225.545 0.661
226.281 0.736
227.093 0.812
227.953 0.86
228.794 0.841
229.604 0.81
230.412 0.808
231.273 0.861
232.102 0.829
232.947 0.845
233.835 0.888
234.712 0.877
235.566 0.854
236.415 0.849
237.217 0.802
237.961 0.744
238.691 0.73
239.449 0.758
240.267 0.818
241.071 0.804
241.827 0.756
242.626 0.799
243.529 0.903
244.392 0.863
245.244 0.852
246.124 0.88
246.983 0.859
247.793 0.81
248.568 0.775
249.36 0.792
250.127 0.767
250.906 0.779
251.633 0.727
252.39 0.757
253.17 0.78
254.03 0.86
254.902 0.872
255.852 0.95
256.799 0.947
257.689 0.89
258.451 0.762
259.19 0.739
259.93 0.74
260.73 0.8
261.541 0.811
262.339 0.798
263.214 0.875
264.113 0.899
264.97 0.857
265.744 0.774
266.485 0.741
267.201 0.716
267.902 0.701
268.563 0.661
269.208 0.645
269.928 0.72
270.992 1.064
271.905 0.913
272.748 0.843
273.61 0.862
274.448 0.838
275.261 0.813
276.062 0.801
276.885 0.823
277.649 0.764
278.42 0.771
279.21 0.79
280.06 0.85
280.913 0.853
281.703 0.79
282.427 0.724
283.191 0.764
284.103 0.912
285.055 0.952
285.977 0.922
286.852 0.875
287.722 0.87
288.596 0.874
289.378 0.782
290.151 0.773
291.111 0.96
292.172 1.061
293.185 1.013
294.144 0.959
295.045 0.901
295.867 0.822
296.629 0.762
297.379 0.75
298.269 0.89
299.291 1.022
300.3 1.009
301.276 0.976
302.2 0.924
303.021 0.821
303.787 0.766
304.612 0.825
305.543 0.931
306.519 0.976
307.508 0.989
308.489 0.981
309.392 0.903
310.252 0.86
311.15 0.898
312.105 0.955
313.043 0.938
313.973 0.93
314.833 0.86
315.643 0.81
316.521 0.878
317.564 1.043
318.612 1.048
319.606 0.994
320.527 0.921
321.348 0.821
322.092 0.744
322.864 0.772
323.798 0.934
324.812 1.014
325.814 1.002
326.787 0.973
327.703 0.916
328.543 0.84
329.333 0.79
330.248 0.915
331.293 1.045
332.338 1.045
333.372 1.034
334.336 0.964
335.184 0.848
335.951 0.767
336.754 0.803
337.827 1.073
338.935 1.108
340.02 1.085
341.031 1.011
341.978 0.947
342.84 0.862
343.615 0.775
344.434 0.819
345.411 0.977
346.477 1.066
347.496 1.019
348.489 0.993
349.411 0.922
350.25 0.839
351.128 0.878
352.114 0.986
353.078 0.964
354.004 0.926
354.91 0.906
355.739 0.829
356.551 0.812
357.464 0.913
358.398 0.934
359.314 0.916
360.157 0.843
360.902 0.745
361.583 0.681
362.249 0.666
362.946 0.697
363.835 0.889
364.983 1.148
366.107 1.124
367.163 1.056
368.16 0.997
369.104 0.944
369.943 0.839
370.693 0.75
371.411 0.718
372.138 0.727
373.091 0.953
374.115 1.024
375.099 0.984
376.026 0.927
376.877 0.851
377.638 0.761
378.344 0.706
379.058 0.714
379.919 0.861
380.979 1.06
382.03 1.051
383.029 0.999
383.896 0.867
384.658 0.762
385.401 0.743
386.234 0.833
387.203 0.969
388.178 0.975
389.122 0.944
390.03 0.908
390.877 0.847
391.738 0.861
392.67 0.932
393.619 0.949
394.514 0.895
395.39 0.876
396.344 0.954
397.3 0.956
398.249 0.949
399.172 0.923
399.991 0.819
400.695 0.704
401.344 0.649
402.015 0.671
402.735 0.72
403.693 0.958
404.625 0.932
405.495 0.87
406.303 0.808
407.039 0.736
407.754 0.715
408.479 0.725
409.251 0.772
409.976 0.725
410.671 0.695
411.388 0.717
412.146 0.758
412.991 0.845
413.888 0.897
414.782 0.894
415.656 0.874
416.485 0.829
417.243 0.758
417.946 0.703
418.642 0.696
419.413 0.771
420.323 0.91
421.268 0.945
422.194 0.926
423.087 0.893
423.937 0.85
424.735 0.798
425.485 0.75
426.222 0.737
426.971 0.749
427.833 0.862
428.808 0.975
429.769 0.961
430.674 0.905
431.542 0.868
432.333 0.791
433.104 0.771
433.875 0.771
434.685 0.81
435.501 0.816
436.304 0.803
437.059 0.755
437.793 0.734
438.534 0.741
439.329 0.795
440.19 0.861
441.072 0.882
441.883 0.811
442.612 0.729
443.317 0.705
444.036 0.719
444.86 0.824
445.774 0.914
446.682 0.908
447.552 0.87
448.321 0.769
448.996 0.675
449.655 0.659
450.314 0.659
451.007 0.693
451.735 0.728
452.453 0.718
453.137 0.684
453.8 0.663
454.474 0.674
455.173 0.699
455.876 0.703
456.6 0.724
457.378 0.778
458.25 0.872
459.143 0.893
459.98 0.837
460.756 0.776
461.48 0.724
462.16 0.68
462.828 0.668
463.501 0.673
464.22 0.719
465.049 0.829
465.941 0.892
466.834 0.893
467.633 0.799
468.364 0.731
469.038 0.674
469.681 0.643
470.306 0.625
470.98 0.674
472.044 1.064
473.055 1.011
474.006 0.951
474.918 0.912
475.751 0.833
476.506 0.755
477.219 0.713
477.941 0.722
478.855 0.914
479.862 1.007
480.865 1.003
481.845 0.98
482.772 0.927
483.615 0.843
484.372 0.757
485.099 0.727
485.867 0.768
486.8 0.933
487.79 0.99
488.754 0.964
489.587 0.833
490.385 0.798
491.201 0.816
491.98 0.779
492.724 0.744
493.499 0.775
494.374 0.875
495.292 0.918
496.187 0.895
497.04 0.853
497.851 0.811
498.633 0.782
499.369 0.736
500.075 0.706
500.78 0.705
501.507 0.727
502.373 0.866
503.304 0.931
504.271 0.967
505.234 0.963
506.131 0.897
506.961 0.83
507.766 0.805
508.5 0.734
509.191 0.691
509.867 0.676
510.587 0.72
511.369 0.782
512.266 0.897
513.204 0.938
514.162 0.958
515.028 0.866
515.798 0.77
516.531 0.733
517.274 0.743
518.029 0.755
518.746 0.717
519.446 0.7
520.171 0.725
520.945 0.774
521.723 0.778
522.491 0.768
523.257 0.766
524.02 0.763
524.753 0.733
525.464 0.711
526.176 0.712
526.913 0.737
527.695 0.782
528.507 0.812
529.32 0.813
530.129 0.809
530.962 0.833
531.778 0.816
532.559 0.781
533.337 0.778
534.162 0.825
534.953 0.791
535.687 0.734
536.408 0.721
537.184 0.776
538.332 1.148
539.431 1.099
540.435 1.004
541.39 0.955
542.299 0.909
543.133 0.834
543.913 0.78
544.68 0.767
545.478 0.798
546.438 0.96
547.46 1.022
548.451 0.991
549.389 0.938
550.295 0.906
551.16 0.865
551.973 0.813
552.738 0.765
553.502 0.764
554.381 0.879
555.35 0.969
556.358 1.008
557.325 0.967
558.257 0.932
559.124 0.867
559.93 0.806
560.689 0.759
561.426 0.737
562.205 0.779
563.099 0.894
564.11 1.011
565.126 1.016
566.117 0.991
567.056 0.939
567.942 0.886
568.755 0.813
569.514 0.759
570.245 0.731
571.002 0.757
571.869 0.867
572.867 0.998
573.872 1.005
574.865 0.993
575.803 0.938
576.698 0.895
577.527 0.829
578.314 0.787
579.066 0.752
579.78 0.714
580.479 0.699
581.226 0.747
582.099 0.873
583.129 1.03
584.191 1.062
585.194 1.003
586.162 0.968
587.078 0.916
587.943 0.865
588.719 0.776
589.4 0.681
590.057 0.657
590.75 0.693
591.652 0.902
592.688 1.036
593.68 0.992
594.636 0.956
595.559 0.923
596.468 0.909
597.364 0.896
598.211 0.847