0.000 0.903
0.903 0.903
1.802 0.899
2.648 0.846
3.494 0.846
4.381 0.887
5.529 1.148
6.654 1.125
7.567 0.913
8.462 0.895
9.61 1.148
10.521 0.911
11.5 0.979
12.672 1.172
13.603 0.931
14.447 0.844
15.408 0.961
16.532 1.124
17.356 0.824
18.12 0.764
18.993 0.873
19.731 0.738
20.617 0.886
21.785 1.168
22.825 1.04
23.88 1.055
24.82 0.94
25.617 0.797
26.546 0.929
27.318 0.772
27.998 0.68
28.697 0.699
29.507 0.81
30.295 0.788
31.035 0.74
31.926 0.891
32.922 0.996
33.902 0.98
34.821 0.919
35.619 0.798
36.344 0.725
37.08 0.736
37.873 0.793
38.733 0.86
39.68 0.947
40.513 0.833
41.359 0.846
42.213 0.854
42.952 0.739
43.74 0.788
44.559 0.819
45.309 0.75
46.169 0.86
47.18 1.011
48.048 0.868
48.828 0.78
49.675 0.847
50.516 0.841
51.328 0.812
52.19 0.862
53.102 0.912
54.041 0.939
54.951 0.91
55.926 0.975
56.743 0.817
57.617 0.874
58.54 0.923
59.418 0.878
60.257 0.839
61.267 1.01
62.055 0.788
62.882 0.827
63.717 0.835
64.446 0.729
65.163 0.717
65.858 0.695
66.576 0.718
67.311 0.735
68.137 0.826
68.949 0.812
69.698 0.749
70.46 0.762
71.385 0.925
72.265 0.88
73.046 0.781
73.801 0.755
74.6 0.799
75.391 0.791
76.152 0.761
77.002 0.85
77.967 0.965
78.928 0.961
79.688 0.76
80.493 0.805
81.363 0.87
82.296 0.933
83.081 0.785
83.955 0.874
84.865 0.91
85.696 0.831
86.514 0.818
87.446 0.932
88.401 0.955
89.229 0.828
90.115 0.886
90.932 0.817
91.697 0.765
92.808 1.111
93.994 1.186
95.008 1.014
95.97 0.962
96.884 0.914
97.685 0.801
98.619 0.934
99.689 1.07
100.591 0.902
101.441 0.85
102.513 1.072
103.581 1.068
104.456 0.875
105.299 0.843
106.075 0.776
106.926 0.851
108.112 1.186
109.102 0.99
110.012 0.91
110.917 0.905
111.763 0.846
112.686 0.923
113.757 1.071
114.799 1.042
115.678 0.879
116.616 0.938
117.631 1.015
118.56 0.929
119.479 0.919
120.473 0.994
121.503 1.03
122.35 0.847
123.198 0.848
124.138 0.94
125.206 1.068
126.168 0.962
127.192 1.024
128.236 1.044
129.168 0.932
130.106 0.938
131.061 0.955
131.944 0.883
132.982 1.038
134.035 1.053
134.922 0.887
135.796 0.874
136.832 1.036
137.92 1.088
138.95 1.03
140.067 1.117
141.125 1.058
141.984 0.859
142.836 0.852
143.841 1.005
144.977 1.136
145.954 0.977
146.833 0.879
147.863 1.03
148.813 0.95
149.597 0.784
150.445 0.848
151.602 1.157
152.641 1.039
153.602 0.961
154.54 0.938
155.458 0.918
156.257 0.799
157.063 0.806
157.957 0.894
158.882 0.925
159.704 0.822
160.561 0.857
161.497 0.936
162.415 0.918
163.245 0.83
164.114 0.869
165.013 0.899
165.828 0.815
166.618 0.79
167.541 0.923
168.439 0.898
169.241 0.802
170.091 0.85
170.998 0.907
171.9 0.902
172.733 0.833
173.602 0.869
174.525 0.923
175.401 0.876
176.232 0.831
177.1 0.868
178.01 0.91
178.846 0.836
179.706 0.86
180.606 0.9
181.479 0.873
182.316 0.837
183.163 0.847
184.036 0.873
184.843 0.807
185.663 0.82
186.522 0.859
187.416 0.894
188.24 0.824
189.067 0.827
189.971 0.904
190.826 0.855
191.647 0.821
192.557 0.91
193.47 0.913
194.368 0.898
195.208 0.84
196.102 0.894
197.019 0.917
197.886 0.867
198.785 0.899
199.698 0.913
200.589 0.891
201.413 0.824
202.315 0.902
203.227 0.912
204.041 0.814
205.118 1.077
206.274 1.156
207.244 0.97
208.103 0.859
208.928 0.825
209.681 0.753
210.425 0.744
211.21 0.785
212.344 1.134
213.426 1.082
214.391 0.965
215.315 0.924
216.239 0.924
217.15 0.911
218.003 0.853
218.88 0.877
219.841 0.961
220.706 0.865
221.589 0.883
222.504 0.915
223.419 0.915
224.271 0.852
225.173 0.902
226.091 0.918
226.962 0.871
227.824 0.862
228.677 0.853
229.559 0.882
230.394 0.835
231.235 0.841
232.097 0.862
232.952 0.855
233.76 0.808
234.647 0.887
235.592 0.945
236.472 0.88
237.355 0.883
238.334 0.979
239.314 0.98
240.161 0.847
240.985 0.824
241.902 0.917
242.663 0.761
243.394 0.731
244.184 0.79
244.909 0.725
245.625 0.716
246.412 0.787
247.582 1.17
248.604 1.022
249.555 0.951
250.543 0.988
251.497 0.954
252.316 0.819
253.177 0.861
254.02 0.843
254.838 0.818
255.665 0.827
256.543 0.878
257.4 0.857
258.159 0.759
258.893 0.734
259.685 0.792
260.487 0.802
261.29 0.803
262.137 0.847
262.997 0.86
263.844 0.847
264.64 0.796
265.446 0.806
266.269 0.823
267.099 0.83
267.852 0.753
268.656 0.804
269.452 0.796
270.298 0.846
271.125 0.827
271.972 0.847
272.868 0.896
273.779 0.911
274.665 0.886
275.613 0.948
276.581 0.968
277.536 0.955
278.451 0.915
279.328 0.877
280.232 0.904
281.145 0.913
281.947 0.802
282.708 0.761
283.428 0.72
284.12 0.692
284.819 0.699
285.56 0.741
286.289 0.729
287.082 0.793
288.014 0.932
288.969 0.955
289.783 0.814
290.506 0.723
291.212 0.706
291.945 0.733
292.703 0.758
293.49 0.787
294.359 0.869
295.298 0.939
296.125 0.827
296.855 0.73
297.609 0.754
298.398 0.789
299.208 0.81
300.051 0.843
300.859 0.808
301.64 0.781
302.467 0.827
303.342 0.875
304.251 0.909
305.066 0.815
305.882 0.816
306.741 0.859
307.639 0.898
308.486 0.847
309.305 0.819
310.176 0.871
311.07 0.894
311.935 0.865
312.692 0.757
313.443 0.751
314.218 0.775
315.036 0.818
315.848 0.812
316.694 0.846
317.724 1.03
318.78 1.056
319.699 0.919
320.602 0.903
321.537 0.935
322.421 0.884
323.288 0.867
324.305 1.017
325.359 1.054
326.248 0.889
327.082 0.834
327.942 0.86
328.86 0.918
329.737 0.877
330.708 0.971
331.858 1.15
332.943 1.085
333.883 0.94
334.803 0.92
335.823 1.02
336.674 0.851
337.486 0.812
338.301 0.815
339.165 0.864
339.962 0.797
340.783 0.821
341.846 1.063
342.939 1.093
343.958 1.019
344.958 1.0
345.99 1.032
347.022 1.032
347.898 0.876
348.765 0.867
349.876 1.111
351.092 1.216
352.179 1.087
353.114 0.935
354.108 0.994
355.279 1.171
356.329 1.05
357.235 0.906
358.156 0.921
359.38 1.224
360.257 0.877
361.288 1.031
362.179 0.891
362.915 0.736
363.65 0.735
364.542 0.892
365.755 1.213
366.869 1.114
367.994 1.125
369.056 1.062
369.986 0.93
370.939 0.953
371.877 0.938
372.776 0.899
373.579 0.803
374.407 0.828
375.206 0.799
375.908 0.702
376.593 0.685
377.27 0.677
377.962 0.692
378.684 0.722
379.39 0.706
380.143 0.753
381.059 0.916
381.931 0.872
382.751 0.82
383.542 0.791
384.342 0.8
385.178 0.836
386.027 0.849
386.833 0.806
387.648 0.815
388.503 0.855
389.351 0.848
390.164 0.813
390.989 0.825
391.814 0.825
392.578 0.764
393.304 0.726
394.007 0.703
394.701 0.694
395.418 0.717
396.215 0.797
396.98 0.765
397.758 0.778
398.566 0.808
399.356 0.79
400.136 0.78
400.862 0.726
401.611 0.749
402.402 0.791
403.247 0.845
404.145 0.898
405.019 0.874
405.874 0.855
406.75 0.876
407.633 0.883
408.468 0.835
409.331 0.863
410.195 0.864
411.117 0.922
412.013 0.896
412.974 0.961
414.063 1.089
415.144 1.081
416.129 0.985
417.14 1.011
418.146 1.006
419.087 0.941
420.04 0.953
421.11 1.07
422.195 1.085
423.125 0.93
424.091 0.966
425.2 1.109
426.198 0.998
427.251 1.053
428.384 1.133
429.342 0.958
430.195 0.853
431.166 0.971
432.305 1.139
433.308 1.003
434.085 0.777
434.87 0.785
435.725 0.855
436.913 1.188
438.003 1.09
438.883 0.88
439.644 0.761
440.495 0.851
441.423 0.928
442.217 0.794
443.062 0.845
443.87 0.808
444.704 0.834
445.493 0.789
446.199 0.706
446.913 0.714
447.62 0.707
448.327 0.707
449.041 0.714
449.726 0.685
450.411 0.685
451.108 0.697
451.832 0.724
452.567 0.735
453.271 0.704
453.974 0.703
454.668 0.694
455.386 0.718
456.109 0.723
456.815 0.706
457.556 0.741
458.316 0.76
459.102 0.786
459.869 0.767
460.699 0.83
461.606 0.907
462.504 0.898
463.376 0.872
464.276 0.9
465.2 0.924
466.047 0.847
466.913 0.866
467.783 0.87
468.7 0.917
469.627 0.927
470.586 0.959
471.468 0.882
472.317 0.849
473.179 0.862
474.01 0.831
474.795 0.785
475.552 0.757
476.3 0.748
477.084 0.784
477.893 0.809
478.686 0.793
479.474 0.788
480.29 0.816
481.18 0.89
482.0 0.82
482.753 0.753
483.48 0.727
484.215 0.735
485.011 0.796
485.797 0.786
486.557 0.76
487.339 0.782
488.159 0.82
489.013 0.854
489.836 0.823
490.665 0.829
491.471 0.806
492.264 0.793
493.084 0.82
493.848 0.764
494.598 0.75
495.402 0.804
496.312 0.91
497.301 0.989
498.306 1.005
499.236 0.93
500.103 0.867
500.958 0.855
501.828 0.87
502.847 1.019
503.913 1.066
504.978 1.065
506.045 1.067
507.046 1.001
508.045 0.999
508.99 0.945
509.94 0.95
510.993 1.053
511.983 0.99
512.784 0.801
513.612 0.828
514.562 0.95
515.748 1.186
516.885 1.137
517.808 0.923
518.563 0.755
519.344 0.781
520.126 0.782
520.898 0.772
521.781 0.883
522.634 0.853
523.48 0.846
524.357 0.877
525.221 0.864
526.078 0.857
526.862 0.784
527.703 0.841
528.585 0.882
529.509 0.924
530.331 0.822
531.251 0.92
532.274 1.023
533.295 1.021
534.267 0.972
535.203 0.936
535.995 0.792
536.741 0.746
537.534 0.793
538.484 0.95
539.503 1.019
540.452 0.949
541.372 0.92
542.227 0.855
543.142 0.915
544.246 1.104
545.352 1.106
546.341 0.989
547.294 0.953
548.241 0.947
549.149 0.908
550.037 0.888
550.907 0.87
551.703 0.796
552.533 0.83
553.452 0.919
554.527 1.075
555.476 0.949
556.308 0.832
557.162 0.854
558.013 0.851
558.832 0.819
559.7 0.868
560.562 0.862
561.394 0.832
562.192 0.798
562.987 0.795
563.767 0.78
564.487 0.72
565.229 0.742
565.941 0.712
566.649 0.708
567.393 0.744
568.191 0.798
568.946 0.755
569.692 0.746
570.565 0.873
571.37 0.805
572.13 0.76
572.851 0.721
573.618 0.767
574.401 0.783
575.231 0.83
576.036 0.805
576.885 0.849
577.778 0.893
578.691 0.913
579.558 0.867
580.446 0.888
581.336 0.89
582.263 0.927
583.105 0.842
583.936 0.831
584.823 0.887
585.793 0.97
586.686 0.893
587.543 0.857
588.49 0.947
589.462 0.972
590.294 0.832
591.108 0.814
591.958 0.85
592.816 0.858
593.601 0.785
594.485 0.884
595.349 0.864
596.257 0.908
597.033 0.776
597.853 0.82
598.777 0.924
599.667 0.89
600.476 0.809
601.375 0.899