0.000 0.796
0.796 0.796
1.598 0.802
2.394 0.796
3.158 0.764
3.954 0.796
4.717 0.763
5.455 0.738
6.204 0.749
6.996 0.792
7.786 0.79
8.61 0.824
9.419 0.809
10.212 0.793
11.001 0.789
11.782 0.781
12.536 0.754
13.32 0.784
14.13 0.81
14.938 0.808
15.695 0.757
16.434 0.739
17.181 0.747
17.988 0.807
18.855 0.867
19.685 0.83
20.469 0.784
21.255 0.786
22.036 0.781
22.818 0.782
23.612 0.794
24.458 0.846
25.311 0.853
26.122 0.811
26.935 0.813
27.721 0.786
28.544 0.823
29.35 0.806
30.156 0.806
30.91 0.754
31.693 0.783
32.507 0.814
33.368 0.861
34.235 0.867
35.093 0.858
35.924 0.831
36.718 0.794
37.434 0.716
38.118 0.684
38.827 0.709
39.689 0.862
40.604 0.915
41.538 0.934
42.46 0.922
43.25 0.79
43.996 0.746
44.717 0.721
45.414 0.697
46.179 0.765
46.994 0.815
47.784 0.79
48.571 0.787
49.331 0.76
50.081 0.75
50.851 0.77
51.63 0.779
52.388 0.758
53.182 0.794
53.96 0.778
54.762 0.802
55.524 0.762
56.304 0.78
57.079 0.775
57.832 0.753
58.607 0.775
59.4 0.793
60.214 0.814
60.993 0.779
61.702 0.709
62.384 0.682
63.054 0.67
63.739 0.685
64.445 0.706
65.171 0.726
65.878 0.707
66.54 0.662
67.204 0.664
67.87 0.666
68.541 0.671
69.219 0.678
69.901 0.682
70.583 0.682
71.31 0.727
72.063 0.753
72.845 0.782
73.61 0.765
74.366 0.756
75.155 0.789
75.978 0.823
76.752 0.774
77.481 0.729
78.174 0.693
78.858 0.684
79.532 0.674
80.205 0.673
80.903 0.698
81.636 0.733
82.41 0.774
83.174 0.764
83.958 0.784
84.732 0.774
85.511 0.779
86.262 0.751
86.989 0.727
87.72 0.731
88.456 0.736
89.214 0.758
89.961 0.747
90.722 0.761
91.516 0.794
92.356 0.84
93.22 0.864
94.086 0.866
94.889 0.803
95.64 0.751
96.397 0.757
97.158 0.761
97.891 0.733
98.623 0.732
99.355 0.732
100.082 0.727
100.847 0.765
101.62 0.773
102.427 0.807
103.249 0.822
104.095 0.846
104.911 0.816
105.668 0.757
106.397 0.729
107.072 0.675
107.748 0.676
108.426 0.678
109.134 0.708
109.808 0.674
110.5 0.692
111.221 0.721
111.974 0.753
112.8 0.826
113.68 0.88
114.55 0.87
115.401 0.851
116.259 0.858
117.089 0.83
117.872 0.783
118.641 0.769
119.421 0.78
120.209 0.788
121.006 0.797
121.769 0.763
122.543 0.774
123.345 0.802
124.174 0.829
125.055 0.881
125.961 0.906
126.848 0.887
127.721 0.873
128.543 0.822
129.397 0.854
130.249 0.852
131.091 0.842
131.928 0.837
132.78 0.852
133.652 0.872
134.487 0.835
135.272 0.785
136.077 0.805
136.93 0.853
137.831 0.901
138.707 0.876
139.543 0.836
140.327 0.784
141.116 0.789
141.941 0.825
142.85 0.909
143.734 0.884
144.556 0.822
145.392 0.836
146.212 0.82
147.029 0.817
147.859 0.83
148.704 0.845
149.56 0.856
150.38 0.82
151.176 0.796
151.997 0.821
152.861 0.864
153.747 0.886
154.598 0.851
155.399 0.801
156.204 0.805
157.027 0.823
157.858 0.831
158.686 0.828
159.516 0.83
160.32 0.804
161.15 0.83
161.974 0.824
162.719 0.745
163.512 0.793
164.311 0.799
165.113 0.802
165.918 0.805
166.756 0.838
167.599 0.843
168.419 0.82
169.177 0.758
169.914 0.737
170.604 0.69
171.246 0.642
171.876 0.63
172.496 0.62
173.123 0.627
173.794 0.671
174.528 0.734
175.216 0.688
175.878 0.662
176.544 0.666
177.209 0.665
177.889 0.68
178.562 0.673
179.244 0.682
179.944 0.7
180.647 0.703
181.391 0.744
182.177 0.786
182.938 0.761
183.661 0.723
184.385 0.724
185.097 0.712
185.808 0.711
186.57 0.762
187.365 0.795
188.201 0.836
189.008 0.807
189.748 0.74
190.484 0.736
191.277 0.793
192.095 0.818
192.921 0.826
193.707 0.786
194.489 0.782
195.263 0.774
196.02 0.757
196.762 0.742
197.478 0.716
198.188 0.71
198.887 0.699
199.576 0.689
200.275 0.699
200.977 0.702
201.679 0.702
202.35 0.671
203.009 0.659
203.695 0.686
204.427 0.732
205.183 0.756
205.952 0.769
206.709 0.757
207.456 0.747
208.229 0.773
209.048 0.819
209.863 0.815
210.69 0.827
211.507 0.817
212.304 0.797
213.123 0.819
213.983 0.86
214.852 0.869
215.693 0.841
216.561 0.868
217.457 0.896
218.283 0.826
219.082 0.799
219.881 0.799
220.684 0.803
221.531 0.847
222.424 0.893
223.321 0.897
224.182 0.861
225.048 0.866
225.939 0.891
226.805 0.866
227.62 0.815
228.424 0.804
229.19 0.766
229.913 0.723
230.633 0.72
231.358 0.725
232.234 0.876
233.11 0.876
233.894 0.784
234.613 0.719
235.306 0.693
235.977 0.671
236.678 0.701
237.416 0.738
238.18 0.764
238.944 0.764
239.707 0.763
240.501 0.794
241.301 0.8
242.064 0.763
242.784 0.72
243.515 0.731
244.28 0.765
245.114 0.834
245.922 0.808
246.762 0.84
247.627 0.865
248.461 0.834
249.27 0.809
250.123 0.853
250.952 0.829
251.762 0.81
252.606 0.844
253.451 0.845
254.301 0.85
255.124 0.823
255.945 0.821
256.724 0.779
257.485 0.761
258.229 0.744
258.914 0.685
259.621 0.707
260.398 0.777
261.284 0.886
262.222 0.938
263.193 0.971
264.125 0.932
264.997 0.872
265.85 0.853
266.7 0.85
267.525 0.825
268.329 0.804
269.122 0.793
269.973 0.851
270.847 0.874
271.712 0.865
272.541 0.829
273.393 0.852
274.284 0.891
275.189 0.905
276.088 0.899
276.915 0.827
277.713 0.798
278.5 0.787
279.308 0.808
280.082 0.774
280.835 0.753
281.565 0.73
282.263 0.698
282.98 0.717
283.751 0.771
284.486 0.735
285.187 0.701
285.905 0.718
286.612 0.707
287.268 0.656
287.903 0.635
288.537 0.634
289.174 0.637
289.813 0.639
290.525 0.712
291.308 0.783
292.117 0.809
292.939 0.822
293.777 0.838
294.608 0.831
295.415 0.807
296.201 0.786
296.954 0.753
297.715 0.761
298.452 0.737
299.214 0.762
300.023 0.809
300.868 0.845
301.742 0.874
302.592 0.85
303.485 0.893
304.36 0.875
305.129 0.769
305.899 0.77
306.64 0.741
307.392 0.752
308.135 0.743
308.886 0.751
309.67 0.784
310.495 0.825
311.298 0.803
312.146 0.848
312.991 0.845
313.848 0.857
314.667 0.819
315.396 0.729
316.118 0.722
316.856 0.738
317.644 0.788
318.417 0.773
319.198 0.781
319.946 0.748
320.785 0.839
321.672 0.887
322.562 0.89
323.416 0.854
324.256 0.84
325.067 0.811
325.845 0.778
326.623 0.778
327.432 0.809
328.272 0.84
329.115 0.843
329.941 0.826
330.746 0.805
331.556 0.81
332.366 0.81
333.142 0.776
333.871 0.729
334.614 0.743
335.397 0.783
336.203 0.806
337.031 0.828
337.825 0.794
338.597 0.772
339.4 0.803
340.19 0.79
340.981 0.791
341.737 0.756
342.471 0.734
343.224 0.753
344.015 0.791
344.825 0.81
345.619 0.794
346.422 0.803
347.216 0.794
348.043 0.827
348.878 0.835
349.718 0.84
350.531 0.813
351.326 0.795
352.152 0.826
352.973 0.821
353.782 0.809
354.562 0.78
355.343 0.781
356.165 0.822
356.996 0.831
357.784 0.788
358.519 0.735
359.232 0.713
359.995 0.763
360.798 0.803
361.622 0.824
362.426 0.804
363.233 0.807
364.05 0.817
364.835 0.785
365.591 0.756
366.324 0.733
367.081 0.757
367.887 0.806
368.713 0.826
369.52 0.807
370.336 0.816
371.164 0.828
371.993 0.829
372.778 0.785
373.535 0.757
374.233 0.698
374.953 0.72
375.71 0.757
376.488 0.778
377.271 0.783
378.045 0.774
378.848 0.803
379.693 0.845
380.52 0.827
381.322 0.802
382.099 0.777
382.904 0.805
383.712 0.808
384.496 0.784
385.269 0.773
386.054 0.785
386.88 0.826
387.697 0.817
388.513 0.816
389.315 0.802
390.126 0.811
390.905 0.779
391.678 0.773
392.478 0.8
393.284 0.806
394.088 0.804
394.883 0.795
395.714 0.831
396.542 0.828
397.344 0.802
398.118 0.774
398.909 0.791
399.691 0.782
400.474 0.783
401.283 0.809
402.1 0.817
402.906 0.806
403.697 0.791
404.497 0.8
405.273 0.776
406.011 0.738
406.766 0.755
407.565 0.799
408.37 0.805
409.163 0.793
409.95 0.787
410.734 0.784
411.538 0.804
411.965 0.427
412.338 0.373
413.044 0.706
413.693 0.649
414.306 0.613
414.909 0.603
415.51 0.601
416.115 0.605
416.711 0.596
417.3 0.589
417.886 0.586
418.474 0.588
419.058 0.584
419.637 0.579
420.223 0.586
420.816 0.593
421.408 0.592
422.004 0.596
422.596 0.592
423.183 0.587
423.768 0.585
424.345 0.577
424.907 0.562
425.459 0.552
426.004 0.545
426.557 0.553
427.121 0.564
427.691 0.57
428.283 0.592
428.872 0.589
429.511 0.639
430.284 0.773
431.049 0.765
431.81 0.761
432.495 0.685
433.243 0.748
433.973 0.73
434.714 0.741
435.478 0.764
436.316 0.838
437.153 0.837
437.941 0.788
438.694 0.753
439.468 0.774
440.247 0.779
441.036 0.789
441.833 0.797
442.598 0.765
443.374 0.776
444.115 0.741
444.887 0.772
445.751 0.864
446.653 0.902
447.496 0.843
448.277 0.781
449.015 0.738
449.698 0.683
450.386 0.688
451.121 0.735
451.901 0.78
452.729 0.828
453.57 0.841
454.423 0.853
455.303 0.88
456.135 0.832
456.942 0.807
457.709 0.767
458.479 0.77
459.268 0.789
460.072 0.804
460.858 0.786
461.693 0.835
462.552 0.859
463.394 0.842
464.214 0.82
465.072 0.858
465.908 0.836
466.73 0.822
467.519 0.789
468.295 0.776
469.077 0.782
469.932 0.855
470.762 0.83
471.575 0.813
472.359 0.784
473.129 0.77
473.92 0.791
474.678 0.758
475.412 0.734
476.127 0.715
476.84 0.713
477.589 0.749
478.373 0.784
479.167 0.794
479.945 0.778
480.671 0.726
481.406 0.735
482.171 0.765
482.951 0.78
483.716 0.765
484.483 0.767
485.251 0.768
486.054 0.803
486.892 0.838
487.69 0.798
488.481 0.791
489.226 0.745
489.938 0.712
490.664 0.726
491.409 0.745
492.165 0.756
492.915 0.75
493.664 0.749
494.391 0.727
495.095 0.704
495.769 0.674
496.445 0.676
497.153 0.708
497.884 0.731
498.634 0.75
499.381 0.747
500.134 0.753
500.89 0.756
501.663 0.773
502.442 0.779
503.21 0.768
503.972 0.762
504.731 0.759
505.541 0.81
506.36 0.819
507.137 0.777
507.896 0.759
508.63 0.734
509.322 0.692
510.002 0.68
510.674 0.672
511.4 0.726
512.139 0.739
512.892 0.753
513.634 0.742
514.389 0.755
515.144 0.755
515.883 0.739
516.63 0.747
517.389 0.759
518.157 0.768
518.901 0.744
519.644 0.743
520.421 0.777
521.205 0.784
521.98 0.775
522.73 0.75
523.488 0.758
524.26 0.772
525.032 0.772
525.787 0.755
526.562 0.775
527.367 0.805
528.158 0.791
528.913 0.755
529.611 0.698
530.332 0.721
531.085 0.753
531.832 0.747
532.543 0.711
533.204 0.661
533.848 0.644
534.5 0.652
535.157 0.657
535.826 0.669
536.503 0.677
537.165 0.662
537.824 0.659
538.505 0.681
539.194 0.689
539.899 0.705
540.612 0.713
541.335 0.723
542.089 0.754
542.82 0.731
543.557 0.737
544.296 0.739
545.028 0.732
545.761 0.733
546.511 0.75
547.259 0.748
548.007 0.748
548.767 0.76
549.529 0.762
550.288 0.759
551.045 0.757
551.793 0.748
552.522 0.729
553.262 0.74
554.018 0.756
554.761 0.743
555.515 0.754
556.298 0.783
557.08 0.782
557.848 0.768
558.617 0.769
559.361 0.744
560.083 0.722
560.812 0.729
561.542 0.73
562.252 0.71
562.949 0.697
563.621 0.672
564.334 0.713
565.072 0.738
565.836 0.764
566.6 0.764
567.366 0.766
568.119 0.753
568.843 0.724
569.556 0.713
570.268 0.712
570.967 0.699
571.665 0.698
572.371 0.706
573.096 0.725
573.831 0.735
574.581 0.75
575.302 0.721
576.051 0.749
576.799 0.748
577.536 0.737
578.26 0.724
578.984 0.724
579.698 0.714
580.432 0.734
581.175 0.743
581.946 0.771
582.711 0.765
583.494 0.783
584.261 0.767
585.05 0.789
585.819 0.769
586.61 0.791
587.384 0.774
588.15 0.766
588.913 0.763
589.652 0.739
590.365 0.713
591.08 0.715
591.843 0.763
592.61 0.767
593.347 0.737
594.074 0.727
594.796 0.722
595.514 0.718
596.224 0.71
596.959 0.735
597.709 0.75
598.431 0.722
599.13 0.699
599.836 0.706
600.551 0.715
601.27 0.719