0.000 1.325
1.325 1.325
2.006 0.681
2.682 0.676
3.308 0.626
3.973 0.665
4.707 0.734
5.573 0.866
6.308 0.735
6.607 0.299
6.968 0.361
7.587 0.619
8.186 0.599
8.779 0.593
9.35 0.571
9.91 0.56
10.495 0.585
11.156 0.661
12.207 1.051
13.11 0.903
13.988 0.878
14.843 0.855
15.585 0.742
16.288 0.703
16.977 0.689
17.735 0.758
18.502 0.767
19.346 0.844
20.124 0.778
20.88 0.756
21.562 0.682
22.556 0.994
23.444 0.888
24.2 0.756
24.958 0.758
25.675 0.717
26.361 0.686
27.369 1.008
28.268 0.899
29.062 0.794
29.812 0.75
30.594 0.782
31.437 0.843
32.302 0.865
33.11 0.808
33.827 0.717
34.501 0.674
35.555 1.054
36.504 0.949
37.303 0.799
37.947 0.644
38.593 0.646
39.341 0.748
40.432 1.091
41.408 0.976
42.34 0.932
43.147 0.807
43.849 0.702
44.561 0.712
45.559 0.998
46.466 0.907
47.388 0.922
48.218 0.83
49.064 0.846
49.981 0.917
50.705 0.724
51.442 0.737
52.175 0.733
52.809 0.634
53.407 0.598
53.991 0.584
54.595 0.604
55.224 0.629
56.224 1.0
57.072 0.848
57.822 0.75
58.6 0.778
59.371 0.771
60.084 0.713
60.821 0.737
61.83 1.009
62.74 0.91
63.643 0.903
64.56 0.917
65.381 0.821
66.144 0.763
66.916 0.772
67.627 0.711
68.311 0.684
69.373 1.062
70.279 0.906
71.086 0.807
71.833 0.747
72.556 0.723
73.232 0.676
74.146 0.914
75.03 0.884
75.887 0.857
76.804 0.917
77.713 0.909
78.552 0.839
79.485 0.933
80.437 0.952
81.337 0.9
82.214 0.877
83.069 0.855
83.973 0.904
84.9 0.927
91.899 0.901
92.846 0.947
93.775 0.929
94.595 0.82
95.396 0.801
96.23 0.834
97.005 0.775
97.703 0.698
98.461 0.758
99.291 0.83
100.148 0.857
100.893 0.745
101.548 0.655
102.195 0.647
102.839 0.644
103.569 0.73
104.676 1.107
105.657 0.981
106.575 0.918
107.386 0.811
108.089 0.703
108.854 0.765
109.751 0.897
110.662 0.911
111.571 0.909
112.388 0.817
113.295 0.907
114.275 0.98
115.216 0.941
116.11 0.894
117.054 0.944
117.997 0.943
118.907 0.91
119.695 0.788
120.365 0.67
120.988 0.623
121.644 0.656
122.328 0.684
123.388 1.06
124.284 0.896
125.138 0.854
125.995 0.857
126.844 0.849
127.546 0.702
128.17 0.624
128.797 0.627
129.41 0.613
130.034 0.624
130.734 0.7
131.756 1.022
132.656 0.9
133.531 0.875
134.324 0.793
135.058 0.734
135.829 0.771
136.639 0.81
137.576 0.937
138.457 0.881
139.25 0.793
140.157 0.907
141.079 0.922
141.951 0.872
142.744 0.793
143.41 0.666
144.043 0.633
144.72 0.677
145.396 0.676
146.402 1.006
147.305 0.903
148.184 0.879
148.981 0.797
149.756 0.775
150.479 0.723
151.216 0.737
152.259 1.043
153.127 0.868
153.901 0.774
154.854 0.953
155.851 0.997
156.79 0.939
157.723 0.933
158.74 1.017
159.752 1.012
160.74 0.988
161.729 0.989
162.661 0.932
163.521 0.86
164.219 0.698
165.042 0.823
166.168 1.126
167.172 1.004
168.183 1.011
169.249 1.066
170.286 1.037
171.265 0.979
172.268 1.003
173.272 1.004
174.232 0.96
175.227 0.995
176.19 0.963
177.141 0.951
178.174 1.033
179.125 0.951
180.029 0.904
180.946 0.917
181.901 0.955
182.891 0.99
183.88 0.989
184.787 0.907
185.755 0.968
186.795 1.04
187.82 1.025
188.774 0.954
189.736 0.962
190.718 0.982
191.719 1.001
192.627 0.908
193.538 0.911
194.492 0.954
195.459 0.967
196.346 0.887
197.257 0.911
198.199 0.942
199.165 0.966
200.076 0.911
201.033 0.957
202.042 1.009
203.006 0.964
203.952 0.946
204.909 0.957
205.877 0.968
206.761 0.884
207.675 0.914
208.647 0.972
209.62 0.973
210.515 0.895
211.385 0.87
212.343 0.958
213.363 1.02
214.389 1.026
215.333 0.944
216.276 0.943
217.22 0.944
218.18 0.96
219.143 0.963
220.055 0.912
220.991 0.936
221.82 0.829
222.589 0.769
223.448 0.859
224.48 1.032
225.518 1.038
226.512 0.994
227.53 1.018
228.532 1.002
229.474 0.942
230.473 0.999
231.501 1.028
232.474 0.973
233.442 0.968
234.417 0.975
235.328 0.911
236.07 0.742
236.738 0.668
237.448 0.71
238.548 1.1
239.517 0.969
240.493 0.976
241.487 0.994
242.461 0.974
243.425 0.964
244.341 0.916
245.309 0.968
246.259 0.95
247.212 0.953
248.177 0.965
249.174 0.997
250.137 0.963
251.049 0.912
251.972 0.923
252.81 0.838
253.489 0.679
254.13 0.641
254.759 0.629
255.401 0.642
256.597 1.196
257.401 0.804
258.074 0.673
258.77 0.696
259.441 0.671
260.147 0.706
260.897 0.75
261.912 1.015
262.787 0.875
263.598 0.811
264.295 0.697
264.989 0.694
265.674 0.685
266.4 0.726
267.15 0.75
267.85 0.7
268.572 0.722
269.308 0.736
269.984 0.676
270.704 0.72
271.393 0.689
272.264 0.871
273.095 0.831
273.843 0.748
274.611 0.768
275.377 0.766
276.258 0.881
277.171 0.913
278.01 0.839
278.88 0.87
279.772 0.892
280.629 0.857
281.406 0.777
282.207 0.801
283.071 0.864
283.985 0.914
284.896 0.911
285.747 0.851
286.608 0.861
287.484 0.876
288.375 0.891
289.234 0.859
290.071 0.837
290.865 0.794
291.638 0.773
292.35 0.712
293.031 0.681
293.744 0.713
294.806 1.062
295.736 0.93
296.623 0.887
297.449 0.826
298.291 0.842
299.214 0.923
300.177 0.963
301.093 0.916
301.971 0.878
302.837 0.866
303.673 0.836
304.554 0.881
305.457 0.903
306.235 0.778
307.065 0.83
307.894 0.829
308.743 0.849
309.521 0.778
310.289 0.768
311.163 0.874
312.118 0.955
313.08 0.962
313.994 0.914
314.808 0.814
315.568 0.76
316.254 0.686
316.936 0.682
317.64 0.704
318.696 1.056
319.598 0.902
320.504 0.906
321.364 0.86
322.181 0.817
322.898 0.717
323.62 0.722
324.333 0.713
325.093 0.76
325.868 0.775
326.665 0.797
327.374 0.709
328.028 0.654
328.772 0.744
329.429 0.657
330.091 0.662
330.783 0.692
331.795 1.012
332.704 0.909
333.602 0.898
334.47 0.868
335.247 0.777
335.928 0.681
336.612 0.684
337.338 0.726
338.19 0.852
339.064 0.874
339.88 0.816
340.628 0.748
341.337 0.709
342.014 0.677
342.686 0.672
343.661 0.975
344.574 0.913
345.43 0.856
346.272 0.842
347.052 0.78
347.788 0.736
348.591 0.803
349.39 0.799
350.191 0.801
350.947 0.756
351.664 0.717
352.349 0.685
353.015 0.666
353.63 0.615
354.229 0.599
354.845 0.616
355.467 0.622
356.172 0.705
357.153 0.981
358.032 0.879
358.8 0.768
359.487 0.687
360.129 0.642
360.858 0.729
361.815 0.957
362.724 0.909
363.584 0.86
364.413 0.829
365.206 0.793
366.046 0.84
366.862 0.816
367.644 0.782
368.487 0.843
369.36 0.873
370.285 0.925
371.164 0.879
371.988 0.824
372.828 0.84
373.841 1.013
374.874 1.033
375.876 1.002
376.798 0.922
377.686 0.888
378.653 0.967
379.633 0.98
380.582 0.949
381.461 0.879
382.174 0.713
382.889 0.715
383.785 0.896
384.739 0.954
385.688 0.949
386.602 0.914
387.49 0.888
388.338 0.848
389.063 0.725
389.706 0.643
390.355 0.649
391.366 1.011
392.351 0.985
393.358 1.007
394.357 0.999
395.286 0.929
396.156 0.87
397.042 0.886
397.985 0.943
398.936 0.951
399.875 0.939
400.772 0.897
401.582 0.81
402.274 0.692
403.031 0.757
403.944 0.913
404.86 0.916
405.737 0.877
406.597 0.86
407.463 0.866
408.364 0.901
409.255 0.891
410.1 0.845
410.873 0.773
411.686 0.813
412.545 0.859
413.39 0.845
414.234 0.844
415.03 0.796
415.942 0.912
416.755 0.813
417.705 0.95
418.665 0.96
419.619 0.954
420.541 0.922
421.438 0.897
422.352 0.914
423.272 0.92
424.144 0.872
424.974 0.83
425.774 0.8
426.562 0.788
427.39 0.828
428.173 0.783
429.041 0.868
429.981 0.94
430.916 0.935
431.813 0.897
432.592 0.779
433.326 0.734
434.146 0.82
435.063 0.917
435.965 0.902
436.831 0.866
437.633 0.802
438.377 0.744
439.093 0.716
439.806 0.713
440.533 0.727
441.405 0.872
442.277 0.872
443.151 0.874
444.11 0.959
445.056 0.946
445.971 0.915
446.854 0.883
447.614 0.76
448.331 0.717
449.148 0.817
450.088 0.94
450.877 0.789
451.69 0.813
452.724 1.034
453.675 0.951
454.599 0.924
455.503 0.904
456.395 0.892
457.178 0.783
457.956 0.778
458.858 0.902
459.81 0.952
460.741 0.931
461.636 0.895
462.503 0.867
463.254 0.751
463.929 0.675
464.582 0.653
465.274 0.692
466.019 0.745
466.859 0.84
467.896 1.037
468.829 0.933
469.853 1.024
470.806 0.953
471.721 0.915
472.555 0.834
473.369 0.814
474.163 0.794
474.937 0.774
475.663 0.726
476.42 0.757
477.249 0.829
478.036 0.787
478.73 0.694
479.44 0.71
480.153 0.713
480.914 0.761
481.685 0.771
482.447 0.762
483.191 0.744
484.007 0.816
484.785 0.778
485.572 0.787
486.421 0.849
487.288 0.867
488.147 0.859
488.945 0.798
489.673 0.728
490.384 0.711
491.105 0.721
491.896 0.791
492.776 0.88
493.639 0.863
494.49 0.851
495.308 0.818
496.09 0.782
496.887 0.797
497.736 0.849
498.632 0.896
499.534 0.902
500.407 0.873
501.236 0.829
502.025 0.789
502.766 0.741
503.485 0.719
504.145 0.66
504.835 0.69
505.589 0.754
506.579 0.99
507.487 0.908
508.338 0.851
509.153 0.815
509.913 0.76
510.613 0.7
511.33 0.717
512.062 0.732
512.81 0.748
513.506 0.696
514.3 0.794
515.167 0.867
515.987 0.82
516.768 0.781
517.504 0.736
518.182 0.678
518.895 0.713
519.656 0.761
520.571 0.915
521.461 0.89
522.321 0.86
523.066 0.745
523.75 0.684
524.407 0.657
525.042 0.635
525.687 0.645
526.32 0.633
526.939 0.619
527.774 0.835
528.601 0.827
529.413 0.812
530.096 0.683
530.733 0.637
531.406 0.673
532.183 0.777
533.109 0.926
533.961 0.852
534.794 0.833
535.583 0.789
536.313 0.73
536.994 0.681
537.674 0.68
538.478 0.804
539.449 0.971
540.323 0.874
541.113 0.79
541.825 0.712
542.525 0.7
543.307 0.782
544.256 0.949
545.102 0.846
545.976 0.874
546.84 0.864
547.665 0.825
548.431 0.766
549.144 0.713
549.937 0.793
550.841 0.904
551.596 0.755
552.288 0.692
552.96 0.672
553.598 0.638
554.225 0.627
555.185 0.96
556.126 0.941
557.07 0.944
558.002 0.932
558.929 0.927
559.804 0.875
560.58 0.776
561.339 0.759
562.155 0.816
562.964 0.809
563.733 0.769
564.576 0.843
565.565 0.989
566.569 1.004
567.565 0.996
568.45 0.885
569.247 0.797
569.989 0.742
570.926 0.937
571.863 0.937
572.783 0.92
573.664 0.881
574.52 0.856
575.398 0.878
576.279 0.881
577.114 0.835
577.911 0.797
578.806 0.895
579.799 0.993
580.825 1.026
581.735 0.91
582.655 0.92
583.584 0.929
584.49 0.906
585.408 0.918
586.251 0.843
587.103 0.852
587.969 0.866
588.865 0.896
589.707 0.842
590.476 0.769
591.248 0.772
592.025 0.777
592.951 0.926
593.824 0.873
594.554 0.73
595.262 0.708
596.035 0.773
597.006 0.971
597.875 0.869
598.694 0.819
599.484 0.79
600.359 0.875
601.228 0.869
602.136 0.908
603.018 0.882
603.861 0.843
604.702 0.841
605.58 0.878
606.441 0.861
607.247 0.806
608.005 0.758
608.723 0.718
609.534 0.811
610.437 0.903
611.352 0.915
612.25 0.898
613.106 0.856
614.044 0.938
614.982 0.938
615.945 0.963
616.925 0.98
617.857 0.932
618.782 0.925
619.661 0.879
620.533 0.872
621.412 0.879
622.274 0.862
623.089 0.815