0.000 0.957
0.957 0.957
1.914 0.957
2.815 0.901
3.771 0.956
4.83 1.059
5.768 0.938
6.834 1.066
7.835 1.001
8.69 0.855
9.572 0.882
10.521 0.949
11.367 0.846
12.285 0.918
13.23 0.945
14.042 0.812
14.815 0.773
15.685 0.87
16.504 0.819
17.44 0.936
18.554 1.114
19.453 0.899
20.381 0.928
21.553 1.172
22.782 1.229
23.956 1.174
24.88 0.924
25.729 0.849
26.743 1.014
28.024 1.281
29.355 1.331
30.471 1.116
31.603 1.132
32.893 1.29
34.062 1.169
35.092 1.03
36.283 1.191
37.672 1.389
38.982 1.31
40.084 1.102
41.071 0.987
41.979 0.908
43.295 1.316
44.702 1.407
46.029 1.327
47.049 1.02
48.012 0.963
48.975 0.963
49.824 0.849
50.81 0.986
52.108 1.298
53.301 1.193
54.386 1.085
55.444 1.058
56.428 0.984
57.616 1.188
58.836 1.22
59.964 1.128
61.225 1.261
62.396 1.171
63.501 1.105
64.634 1.133
65.59 0.956
66.462 0.872
67.49 1.028
68.782 1.292
69.901 1.119
71.072 1.171
72.219 1.147
73.224 1.005
74.258 1.034
75.324 1.066
76.388 1.064
77.492 1.104
78.443 0.951
79.517 1.074
80.718 1.201
81.912 1.194
82.906 0.994
84.037 1.131
85.214 1.177
86.262 1.048
87.4 1.138
88.534 1.134
89.781 1.247
90.998 1.217
92.179 1.181
93.214 1.035
94.14 0.926
95.044 0.904
96.175 1.131
97.387 1.212
98.425 1.038
99.362 0.937
100.535 1.173
101.78 1.245
102.735 0.955
103.561 0.826
104.468 0.907
105.678 1.21
106.955 1.277
108.119 1.164
109.14 1.021
110.046 0.906
111.099 1.053
112.445 1.346
113.655 1.21
114.689 1.034
115.653 0.964
116.704 1.051
118.04 1.336
119.329 1.289
120.524 1.195
121.596 1.072
122.578 0.982
123.619 1.041
125.032 1.413
126.362 1.33
127.537 1.175
128.672 1.135
129.978 1.306
131.29 1.312
132.433 1.143
133.52 1.087
134.745 1.225
136.072 1.327
137.251 1.179
138.317 1.066
139.422 1.105
140.642 1.22
141.845 1.203
142.827 0.982
143.797 0.97
144.943 1.146
146.204 1.261
147.38 1.176
148.525 1.145
149.621 1.096
150.542 0.921
151.385 0.843
152.243 0.858
153.067 0.824
154.557 1.49
155.831 1.274
157.078 1.247
158.417 1.339
159.512 1.095
160.544 1.032
161.698 1.154
162.966 1.268
164.088 1.122
165.122 1.034
166.304 1.182
167.463 1.159
168.472 1.009
169.472 1.0
170.608 1.136
171.801 1.193
172.787 0.986
173.628 0.841
174.428 0.8
175.221 0.793
176.07 0.849
177.076 1.006
178.436 1.36
179.918 1.482
181.35 1.432
182.675 1.325
183.861 1.186
184.904 1.043
185.9 0.996
187.143 1.243
188.502 1.359
189.755 1.253
190.822 1.067
191.954 1.132
193.293 1.339
194.592 1.299
195.862 1.27
197.011 1.149
198.091 1.08
199.286 1.195
200.603 1.317
201.857 1.254
203.058 1.201
204.24 1.182
205.394 1.154
206.513 1.119
207.632 1.119
208.751 1.119
209.74 0.989
210.716 0.976
212.056 1.34
213.327 1.271
214.312 0.985
215.216 0.904
216.1 0.884
216.942 0.842
217.83 0.888
219.137 1.307
220.428 1.291
221.706 1.278
222.795 1.089
223.789 0.994
224.768 0.979
225.786 1.018
227.038 1.252
228.159 1.121
229.139 0.98
230.101 0.962
231.239 1.138
232.36 1.121
233.306 0.946
234.259 0.953
235.357 1.098
236.429 1.072
237.459 1.03
238.416 0.957
239.321 0.905
240.392 1.071
241.543 1.151
242.677 1.134
243.687 1.01
244.563 0.876
245.471 0.908
246.532 1.061
247.595 1.063
248.556 0.961
249.64 1.084
250.732 1.092
251.688 0.956
252.524 0.836
253.323 0.799
254.159 0.836
255.243 1.084
256.48 1.237
257.648 1.168
258.782 1.134
259.823 1.041
260.701 0.878
261.474 0.773
262.238 0.764
263.062 0.824
264.126 1.064
265.052 0.926
266.157 1.105
267.161 1.004
268.385 1.224
269.681 1.296
270.767 1.086
271.744 0.977
272.82 1.076
273.958 1.138
275.083 1.125
276.065 0.982
277.146 1.081
278.317 1.171
279.404 1.087
280.304 0.9
281.195 0.891
282.503 1.308
283.882 1.379
285.118 1.236
286.196 1.078
287.167 0.971
288.242 1.075
289.3 1.058
290.195 0.895
291.145 0.95
292.315 1.17
293.367 1.052
294.273 0.906
295.221 0.948
296.32 1.099
297.395 1.075
298.37 0.975
299.499 1.129
300.724 1.225
301.796 1.072
302.952 1.156
304.034 1.082
304.932 0.898
305.765 0.833
306.697 0.932
307.819 1.122
309.022 1.203
310.208 1.186
311.302 1.094
312.259 0.957
313.244 0.985
314.171 0.927
315.122 0.951
316.148 1.026
317.118 0.97
318.286 1.168
319.502 1.216
320.678 1.176
321.63 0.952
322.543 0.913
323.684 1.141
324.895 1.211
326.007 1.112
327.18 1.173
328.293 1.113
329.201 0.908
330.064 0.863
331.13 1.066
332.415 1.285
333.683 1.268
334.78 1.097
335.918 1.138
337.114 1.196
338.293 1.179
339.389 1.096
340.517 1.128
341.633 1.116
342.589 0.956
343.489 0.9
344.434 0.945
345.654 1.22
346.817 1.163
347.922 1.105
349.056 1.134
350.164 1.108
351.229 1.065
352.181 0.952
353.14 0.959
354.143 1.003
355.153 1.01
356.216 1.063
357.204 0.988
358.359 1.155
359.697 1.338
360.987 1.29
362.151 1.164
363.116 0.965
364.159 1.043
365.187 1.028
366.269 1.082
367.334 1.065
368.206 0.872
369.001 0.795
369.814 0.813
370.816 1.002
371.686 0.87
372.733 1.047
374.164 1.431
375.517 1.353
376.766 1.249
377.938 1.172
378.937 0.999
379.967 1.03
381.008 1.041
382.21 1.202
383.242 1.032
384.374 1.132
385.634 1.26
386.885 1.251
387.97 1.085
389.061 1.091
390.058 0.997
391.079 1.021
391.931 0.852
392.713 0.782
393.523 0.81
394.512 0.989
395.732 1.22
396.828 1.096
397.766 0.938
398.674 0.908
399.654 0.98
400.754 1.1
401.642 0.888
402.561 0.919
403.589 1.028
404.727 1.138
405.603 0.876
406.391 0.788
407.158 0.767
407.933 0.775
408.912 0.979
410.257 1.345
411.609 1.352
412.82 1.211
413.857 1.037
414.881 1.024
415.964 1.083
417.144 1.18
418.085 0.941
418.97 0.885
419.93 0.96
420.872 0.942
422.143 1.271
423.528 1.385
424.822 1.294
425.921 1.099
426.906 0.985
427.995 1.089
429.338 1.343
430.585 1.247
431.642 1.057
432.588 0.946
433.667 1.079
434.947 1.28
436.212 1.265
437.279 1.067
438.314 1.035
439.361 1.047
440.346 0.985
441.285 0.939
442.441 1.156
443.784 1.343
445.09 1.306
446.309 1.219
447.347 1.038
448.301 0.954
449.42 1.119
450.739 1.319
451.931 1.192
452.996 1.065
453.994 0.998
455.011 1.017
455.988 0.977
456.863 0.875
457.784 0.921
458.803 1.019
459.835 1.032
460.71 0.875
461.596 0.886
462.53 0.934
463.501 0.971
464.428 0.927
465.331 0.903
466.244 0.913
467.135 0.891
468.012 0.877
468.956 0.944
469.953 0.997
470.87 0.917
471.73 0.86
472.725 0.995
473.818 1.093
474.834 1.016
475.655 0.821
476.432 0.777
477.182 0.75
477.916 0.734
478.697 0.781
479.865 1.168
480.973 1.108
481.933 0.96
482.758 0.825
483.543 0.785
484.327 0.784
485.123 0.796
485.987 0.864
487.151 1.164
488.374 1.223
489.47 1.096
490.421 0.951
491.264 0.843
492.057 0.793
492.876 0.819
494.092 1.216
495.246 1.154
496.297 1.051
497.176 0.879
498.034 0.858
498.91 0.876
500.24 1.33
501.452 1.212
502.601 1.149
503.495 0.894
504.291 0.796
505.059 0.768
505.806 0.747
506.584 0.778
507.934 1.35
509.148 1.214
510.115 0.967
510.903 0.788
511.647 0.744
512.389 0.742
513.217 0.828
514.438 1.221
515.625 1.187
516.612 0.987
517.497 0.885
518.303 0.806
519.26 0.957
520.417 1.157
521.447 1.03
522.291 0.844
523.082 0.791
523.869 0.787
524.664 0.795
525.83 1.166
527.054 1.224
528.207 1.153
529.28 1.073
530.349 1.069
531.361 1.012
532.243 0.882
533.048 0.805
533.821 0.773
534.586 0.765
535.545 0.959
536.849 1.304
538.059 1.21
539.157 1.098
540.149 0.992
540.995 0.846
541.839 0.844
543.017 1.178
544.234 1.217
545.449 1.215
546.491 1.042
547.397 0.906
548.424 1.027
549.589 1.165
550.692 1.103
551.602 0.91
552.392 0.79
553.196 0.804
554.086 0.89
554.994 0.908
555.965 0.971
557.112 1.147
558.342 1.23
559.53 1.188
560.647 1.117
561.753 1.106
562.855 1.102
563.885 1.03
564.797 0.912
565.637 0.84
566.532 0.895
567.828 1.296
569.081 1.253
570.276 1.195
571.41 1.134
572.528 1.118
573.54 1.012
574.435 0.895
575.232 0.797
576.078 0.846
577.38 1.302
578.658 1.278
579.789 1.131
580.983 1.194
582.107 1.124
583.142 1.035
584.112 0.97
585.134 1.022
586.146 1.012
586.979 0.833
587.79 0.811
588.64 0.85
589.703 1.063
590.682 0.979
591.677 0.995
592.701 1.024
593.685 0.984
594.733 1.048
595.611 0.878
596.43 0.819
597.264 0.834
598.502 1.238
599.755 1.253
600.908 1.153