0.000 0.964
0.964 0.964
1.903 0.939
2.869 0.966
3.916 1.047
5.027 1.111
5.99 0.963
6.987 0.997
8.104 1.117
9.156 1.052
10.234 1.078
11.307 1.073
12.326 1.019
13.261 0.935
14.162 0.901
15.102 0.94
16.051 0.949
16.934 0.883
17.934 1.0
19.039 1.105
20.069 1.03
21.108 1.039
22.146 1.038
23.067 0.921
24.094 1.027
25.287 1.193
26.372 1.085
27.518 1.146
28.56 1.042
29.468 0.908
30.446 0.978
31.497 1.051
32.514 1.017
33.554 1.04
34.635 1.081
35.645 1.01
36.676 1.031
37.8 1.124
38.887 1.087
39.931 1.044
40.939 1.008
41.764 0.825
42.566 0.802
43.617 1.051
44.709 1.092
45.707 0.998
46.591 0.884
47.466 0.875
48.44 0.974
49.458 1.018
50.512 1.054
51.446 0.934
52.551 1.105
53.696 1.145
54.791 1.095
55.861 1.07
56.921 1.06
58.0 1.079
59.01 1.01
60.076 1.066
61.187 1.111
62.286 1.099
63.263 0.977
64.324 1.061
65.452 1.128
66.494 1.042
67.509 1.015
68.587 1.078
69.638 1.051
70.559 0.921
71.57 1.011
72.571 1.001
73.421 0.85
74.304 0.883
75.324 1.02
76.324 1.0
77.235 0.911
78.228 0.993
79.253 1.025
80.206 0.953
81.221 1.015
82.289 1.068
82.614 0.325
83.288 0.674
84.322 1.034
85.446 1.124
86.502 1.056
87.524 1.022
88.649 1.125
89.784 1.135
90.721 0.937
91.547 0.826
92.361 0.814
93.481 1.12
94.53 1.049
95.431 0.901
96.484 1.053
97.626 1.142
98.724 1.098
99.765 1.041
100.746 0.981
101.773 1.027
102.799 1.026
103.79 0.991
104.877 1.087
106.058 1.181
107.107 1.049
108.228 1.121
109.417 1.189
110.524 1.107
111.564 1.04
112.726 1.162
113.856 1.13
114.835 0.979
115.876 1.041
117.081 1.205
118.112 1.031
119.062 0.95
119.883 0.821
120.743 0.86
121.875 1.132
122.817 0.942
123.878 1.061
125.016 1.138
126.091 1.075
127.097 1.006
128.191 1.094
129.278 1.087
130.313 1.035
131.405 1.092
132.544 1.139
133.611 1.067
134.709 1.098
135.859 1.15
136.972 1.113
138.093 1.121
139.279 1.186
140.433 1.154
141.518 1.085
142.669 1.151
143.787 1.118
144.821 1.034
145.939 1.118
146.986 1.047
147.917 0.931
148.908 0.991
149.847 0.939
150.669 0.822
151.559 0.89
152.495 0.936
153.483 0.988
154.416 0.933
155.576 1.16
156.784 1.208
157.875 1.091
159.003 1.128
160.132 1.129
161.165 1.033
162.197 1.032
163.251 1.054
164.255 1.004
165.28 1.025
166.458 1.178
167.619 1.161
168.661 1.042
169.81 1.149
170.967 1.157
171.958 0.991
172.877 0.919
173.933 1.056
175.143 1.21
176.208 1.065
177.321 1.113
178.519 1.198
179.68 1.161
180.776 1.096
181.922 1.146
183.067 1.145
184.201 1.134
185.409 1.208
186.588 1.179
187.581 0.993
188.512 0.931
189.597 1.085
190.911 1.314
192.003 1.092
193.073 1.07
194.267 1.194
195.434 1.167
196.506 1.072
197.669 1.163
198.742 1.073
199.712 0.97
200.806 1.094
201.947 1.141
203.016 1.069
203.985 0.969
205.038 1.053
206.154 1.116
207.223 1.069
208.397 1.174
209.497 1.1
210.499 1.002
211.614 1.115
212.791 1.177
213.821 1.03
214.951 1.13
216.1 1.149
217.2 1.1
218.399 1.199
219.561 1.162
220.629 1.068
221.788 1.159
222.895 1.107
223.976 1.081
225.108 1.132
226.21 1.102
227.277 1.067
228.431 1.154
229.549 1.118
230.649 1.1
231.819 1.17
232.876 1.057
234.038 1.162
235.133 1.095
236.246 1.113
237.397 1.151
238.474 1.077
239.44 0.966
240.494 1.054
241.654 1.16
242.803 1.149
243.751 0.948
244.777 1.026
245.885 1.108
246.921 1.036
247.835 0.914
248.821 0.986
250.023 1.202
251.208 1.185
252.291 1.083
253.366 1.075
254.485 1.119
255.574 1.089
256.635 1.061
257.772 1.137
258.835 1.063
260.02 1.185
261.179 1.159
262.282 1.103
263.493 1.211
264.732 1.239
265.9 1.168
267.119 1.219
268.298 1.179
269.372 1.074
270.486 1.114
271.498 1.012
272.375 0.877
273.241 0.866
274.26 1.019
275.477 1.217
276.574 1.097
277.666 1.092
278.762 1.096
279.799 1.037
280.82 1.021
281.983 1.163
283.141 1.158
284.198 1.057
285.173 0.975
286.291 1.118
287.486 1.195
288.604 1.118
289.799 1.195
291.02 1.221
292.111 1.091
293.115 1.004
294.198 1.083
295.335 1.137
296.495 1.16
297.587 1.092
298.761 1.174
299.899 1.138
300.925 1.026
301.896 0.971
303.029 1.133
304.201 1.172
305.298 1.097
306.378 1.08
307.57 1.192
308.604 1.034
309.618 1.014
310.706 1.088
311.915 1.209
313.045 1.13
314.264 1.219
315.499 1.235
316.555 1.056
317.676 1.121
318.779 1.103
319.631 0.852
320.434 0.803
321.417 0.983
322.626 1.209
323.839 1.213
324.954 1.115
326.01 1.056
327.114 1.104
328.252 1.138
329.35 1.098
330.486 1.136
331.645 1.159
332.763 1.118
333.909 1.146
335.09 1.181
336.253 1.163
337.42 1.167
338.577 1.157
339.693 1.116
340.862 1.169
342.052 1.19
343.157 1.105
344.246 1.089
345.475 1.229
346.607 1.132
347.724 1.117
348.944 1.22
350.029 1.085
351.118 1.089
352.284 1.166
353.331 1.047
354.415 1.084
355.599 1.184
356.7 1.101
357.808 1.108
358.915 1.107
359.941 1.026
360.845 0.904
361.871 1.026
362.983 1.112
364.022 1.039
365.205 1.183
366.451 1.246
367.531 1.08
368.665 1.134
369.793 1.128
370.836 1.043
371.893 1.057
372.969 1.076
374.01 1.041
374.975 0.965
376.003 1.028
377.131 1.128
378.215 1.084
379.267 1.052
380.417 1.15
381.579 1.162
382.662 1.083
383.786 1.124
384.934 1.148
386.032 1.098
387.095 1.063
388.222 1.127
389.379 1.157
390.512 1.133
391.675 1.163
392.84 1.165
393.923 1.083
395.09 1.167
396.253 1.163
397.33 1.077
398.472 1.142
399.648 1.176
400.697 1.049
401.802 1.105
402.981 1.179
404.046 1.065
405.186 1.14
406.399 1.213
407.459 1.06
408.533 1.074
409.722 1.189
410.816 1.094
411.909 1.093
413.068 1.159
414.188 1.12
415.228 1.04
416.335 1.107
417.48 1.145
418.539 1.059
419.684 1.145
420.822 1.138
421.876 1.054
422.991 1.115
424.108 1.117
425.092 0.984
426.136 1.044
427.253 1.117
428.309 1.056
429.129 0.82
429.896 0.767
430.95 1.054
432.13 1.18
433.106 0.976
433.951 0.845
434.868 0.917
435.913 1.045
436.905 0.992
437.822 0.917
438.734 0.912
439.68 0.946
440.642 0.962
441.607 0.965
442.555 0.948
443.445 0.89
444.353 0.908
445.315 0.962
446.355 1.04
447.388 1.033
448.308 0.92
449.216 0.908
450.031 0.815
450.801 0.77
451.655 0.854
452.551 0.896
453.564 1.013
454.626 1.062
455.653 1.027
456.637 0.984
457.575 0.938
458.404 0.829
459.169 0.765
459.899 0.73
460.787 0.888
461.52 0.733
462.227 0.707
462.951 0.724
463.64 0.689
464.32 0.68
465.085 0.765
466.17 1.085
467.199 1.029
468.164 0.965
469.128 0.964
470.149 1.021
471.179 1.03
472.148 0.969
473.11 0.962
474.158 1.048
475.239 1.081
476.255 1.016
477.378 1.123
478.56 1.182
479.671 1.111
480.661 0.99
481.735 1.074
482.922 1.187
484.01 1.088
484.959 0.949
485.92 0.961
487.107 1.187
488.319 1.212
489.432 1.113
490.5 1.068
491.624 1.124
492.782 1.158
493.843 1.061
494.787 0.944
495.852 1.065
497.018 1.166
498.068 1.05
499.15 1.082
500.327 1.177
501.41 1.083
502.436 1.026
503.547 1.111
504.639 1.092
505.701 1.062
506.742 1.041
507.667 0.925
508.628 0.961
509.629 1.001
510.571 0.942
511.37 0.799
512.22 0.85
513.089 0.869
513.895 0.806
514.636 0.741
515.361 0.725
516.285 0.924
517.273 0.988
518.254 0.981
519.174 0.92
520.064 0.89
520.937 0.873
521.764 0.827
522.513 0.749
523.227 0.714
523.9 0.673
524.567 0.667
525.212 0.645
525.875 0.663
527.008 1.133
528.041 1.033
529.119 1.078
530.262 1.143
531.435 1.173
532.642 1.207
533.795 1.153
534.923 1.128
536.06 1.137
537.206 1.146
538.354 1.148
539.33 0.976
540.253 0.923
541.225 0.972
542.597 1.372
543.863 1.266
545.086 1.223
546.175 1.089
547.185 1.01
548.204 1.019
549.245 1.041
550.289 1.044
551.339 1.05
552.325 0.986
553.195 0.87
554.116 0.921
555.114 0.998
556.012 0.898
557.011 0.999
558.1 1.089
559.21 1.11
560.267 1.057
561.166 0.899
562.066 0.9
563.078 1.012
564.184 1.106
565.236 1.052
566.13 0.894
567.099 0.969
568.164 1.065
569.176 1.012
570.073 0.897
570.993 0.92
571.813 0.82
572.666 0.853
573.716 1.05
574.625 0.909
575.708 1.083
576.841 1.133
577.867 1.026
578.925 1.058
580.011 1.086
580.996 0.985
582.011 1.015
583.104 1.093
584.19 1.086
585.248 1.058
586.39 1.142
587.536 1.146
588.612 1.076
589.719 1.107
590.857 1.138
591.906 1.049
592.936 1.03
594.082 1.146
595.186 1.104
596.295 1.109
597.452 1.157
598.563 1.111
599.647 1.084
600.77 1.123
601.854 1.084
602.888 1.034
604.02 1.132
605.156 1.136
606.22 1.064
607.398 1.178
608.521 1.123
609.546 1.025
610.654 1.108
611.747 1.093
612.716 0.969
613.743 1.027
614.952 1.209
616.058 1.106
617.191 1.133
618.346 1.155
619.413 1.067
620.554 1.141
621.672 1.118
622.732 1.06
623.86 1.128
624.886 1.026
625.877 0.991
626.954 1.077
628.039 1.085
629.122 1.083
630.398 1.276
631.609 1.211
632.712 1.103
633.822 1.11
634.861 1.039
635.832 0.971
636.828 0.996
637.801 0.973
638.704 0.903
639.737 1.033
640.777 1.04
641.728 0.951
642.847 1.119
644.008 1.161
644.937 0.929
645.941 1.004
647.042 1.101
647.939 0.897
648.808 0.869
649.751 0.943
650.766 1.015
651.722 0.956
652.73 1.008
653.8 1.07
654.827 1.027
655.855 1.028
656.888 1.033
657.941 1.053
658.932 0.991
659.986 1.054
661.044 1.058
662.037 0.993
663.095 1.058
664.147 1.052
665.102 0.955