0.000 0.785
0.785 0.785
1.614 0.829
2.443 0.829
3.288 0.845
4.073 0.785
4.937 0.864
5.778 0.841
6.543 0.765
7.368 0.825
8.196 0.828
8.97 0.774
9.829 0.859
10.722 0.893
11.537 0.815
12.437 0.9
13.469 1.032
14.305 0.836
15.218 0.913
16.105 0.887
16.955 0.85
17.75 0.795
18.51 0.76
19.237 0.727
20.007 0.77
20.889 0.882
21.776 0.887
22.584 0.808
23.475 0.891
24.408 0.933
25.25 0.842
26.152 0.902
27.134 0.982
27.978 0.844
28.86 0.882
29.817 0.957
30.631 0.814
31.525 0.894
32.466 0.941
33.341 0.875
34.325 0.984
35.228 0.903
36.155 0.927
37.117 0.962
37.998 0.881
38.84 0.842
39.615 0.775
40.307 0.692
40.994 0.687
41.667 0.673
42.396 0.729
43.186 0.79
44.17 0.984
45.118 0.948
46.134 1.016
47.148 1.014
48.122 0.974
49.158 1.036
50.137 0.979
51.05 0.913
52.029 0.979
53.0 0.971
53.837 0.837
54.746 0.909
55.804 1.058
56.671 0.867
57.588 0.917
58.553 0.965
59.52 0.967
60.443 0.923
61.287 0.844
62.224 0.937
63.144 0.92
64.001 0.857
64.904 0.903
65.866 0.962
66.736 0.87
67.686 0.95
68.768 1.082
69.721 0.953
70.691 0.97
71.728 1.037
72.655 0.927
73.54 0.885
74.453 0.913
75.305 0.852
76.217 0.912
77.21 0.993
78.061 0.851
78.998 0.937
79.953 0.955
80.816 0.863
81.746 0.93
82.637 0.891
83.46 0.823
84.305 0.845
85.188 0.883
86.095 0.907
86.962 0.867
87.814 0.852
88.732 0.918
89.728 0.996
90.601 0.873
91.495 0.894
92.421 0.926
93.253 0.832
94.096 0.843
94.872 0.776
95.727 0.855
96.576 0.849
97.338 0.762
98.127 0.789
99.013 0.886
99.914 0.901
100.736 0.822
101.683 0.947
102.63 0.947
103.493 0.863
104.383 0.89
105.21 0.827
106.069 0.859
106.975 0.906
107.881 0.906
108.691 0.81
109.524 0.833
110.334 0.81
111.118 0.784
111.969 0.851
112.873 0.904
113.729 0.856
114.645 0.916
115.622 0.977
116.549 0.927
117.44 0.891
118.413 0.973
119.432 1.019
120.325 0.893
121.211 0.886
122.137 0.926
123.025 0.888
123.853 0.828
124.763 0.91
125.671 0.908
126.472 0.801
127.328 0.856
128.106 0.778
128.984 0.878
129.895 0.911
130.779 0.884
131.629 0.85
132.483 0.854
133.231 0.748
133.936 0.705
134.671 0.735
135.406 0.735
136.272 0.866
137.175 0.903
138.081 0.906
138.978 0.897
139.908 0.93
140.848 0.94
141.7 0.852
142.534 0.834
143.412 0.878
144.286 0.874
145.131 0.845
145.944 0.813
146.699 0.755
147.48 0.781
148.225 0.745
148.999 0.774
149.799 0.8
150.729 0.93
151.609 0.88
152.58 0.971
153.477 0.897
154.355 0.878
155.227 0.872
156.077 0.85
156.89 0.813
157.731 0.841
158.566 0.835
159.409 0.843
160.318 0.909
161.205 0.887
162.08 0.875
162.969 0.889
163.894 0.925
164.694 0.8
165.474 0.78
166.243 0.769
167.039 0.796
167.876 0.837
168.764 0.888
169.626 0.862
170.478 0.852
171.379 0.901
172.242 0.863
173.147 0.905
174.071 0.924
174.901 0.83
175.758 0.857
176.655 0.897
177.557 0.902
178.415 0.858
179.313 0.898
180.185 0.872
181.036 0.851
181.926 0.89
182.734 0.808
183.497 0.763
184.267 0.77
185.095 0.828
185.876 0.781
186.691 0.815
187.561 0.87
188.38 0.819
189.197 0.817
190.066 0.869
190.854 0.788
191.672 0.818
192.544 0.872
193.377 0.833
194.259 0.882
195.185 0.926
196.096 0.911
196.963 0.867
197.82 0.857
198.628 0.808
199.458 0.83
200.332 0.874
201.261 0.929
202.14 0.879
202.966 0.826
203.82 0.854
204.674 0.854
205.528 0.854
206.352 0.824
207.196 0.844
207.984 0.788
208.811 0.827
209.671 0.86
210.541 0.87
211.376 0.835
212.311 0.935
213.245 0.934
214.134 0.889
214.947 0.813
215.71 0.763
216.438 0.728
217.14 0.702
217.832 0.692
218.607 0.775
219.477 0.87
220.452 0.975
221.419 0.967
222.333 0.914
223.17 0.837
223.973 0.803
224.731 0.758
225.438 0.707
226.116 0.678
226.76 0.644
227.42 0.66
228.091 0.671
228.866 0.775
229.758 0.892
230.701 0.943
231.61 0.909
232.499 0.889
233.32 0.821
234.097 0.777
234.864 0.767
235.591 0.727
236.35 0.759
237.148 0.798
237.969 0.821
238.848 0.879
239.733 0.885
240.59 0.857
241.399 0.809
242.149 0.75
242.914 0.765
243.673 0.759
244.424 0.751
245.287 0.863
246.199 0.912
247.143 0.944
248.018 0.875
248.934 0.916
249.854 0.92
250.821 0.967
251.666 0.845
252.539 0.873
253.391 0.852
254.218 0.827
254.99 0.772
255.78 0.79
256.617 0.837
257.48 0.863
258.315 0.835
259.207 0.892
260.08 0.873
260.856 0.776
261.647 0.791
262.449 0.802
263.207 0.758
264.03 0.823
264.855 0.825
265.733 0.878
266.551 0.818
267.444 0.893
268.434 0.99
269.304 0.87
270.143 0.839
270.998 0.855
271.805 0.807
272.559 0.754
273.426 0.867
274.301 0.875
275.197 0.896
276.071 0.874
276.9 0.829
277.658 0.758
278.424 0.766
279.24 0.816
280.0 0.76
280.849 0.849
281.729 0.88
282.587 0.858
283.371 0.784
284.121 0.75
284.861 0.74
285.589 0.728
286.273 0.684
286.949 0.676
287.67 0.721
288.442 0.772
289.292 0.85
290.096 0.804
290.973 0.877
291.866 0.893
292.779 0.913
293.583 0.804
294.384 0.801
295.197 0.813
296.042 0.845
296.884 0.842
297.782 0.898
298.696 0.914
299.58 0.884
300.426 0.846
301.295 0.869
302.173 0.878
303.021 0.848
303.902 0.881
304.762 0.86
305.613 0.851
306.582 0.969
307.468 0.886
308.27 0.802
309.049 0.779
309.817 0.768
310.583 0.766
311.33 0.747
312.092 0.762
312.832 0.74
313.564 0.732
314.275 0.711
314.957 0.682
315.645 0.688
316.309 0.664
316.942 0.633
317.599 0.657
318.298 0.699
319.081 0.783
320.035 0.954
320.894 0.859
321.823 0.929
322.788 0.965
323.718 0.93
324.693 0.975
325.598 0.905
326.417 0.819
327.272 0.855
328.169 0.897
329.019 0.85
329.977 0.958
330.974 0.997
331.838 0.864
332.742 0.904
333.601 0.859
334.514 0.913
335.327 0.813
336.201 0.874
337.186 0.985
338.013 0.827
338.868 0.855
339.743 0.875
340.637 0.894
341.557 0.92
342.427 0.87
343.326 0.899
344.119 0.793
344.868 0.749
345.595 0.727
346.346 0.751
347.126 0.78
347.929 0.803
348.776 0.847
349.642 0.866
350.444 0.802
351.258 0.814
352.132 0.874
352.918 0.786
353.654 0.736
354.373 0.719
355.067 0.694
355.764 0.697
356.485 0.721
357.328 0.843
358.333 1.005
359.27 0.937
360.113 0.843
360.964 0.851
361.815 0.851
362.589 0.774
363.336 0.747
364.07 0.734
364.781 0.711
365.503 0.722
366.224 0.721
366.942 0.718
367.638 0.696
368.329 0.691
369.026 0.697
369.771 0.745
370.588 0.817
371.423 0.835
372.319 0.896
373.138 0.819
373.938 0.8
374.759 0.821
375.537 0.778
376.364 0.827
377.212 0.848
377.995 0.783
378.758 0.763
379.512 0.754
380.255 0.743
381.016 0.761
381.799 0.783
382.523 0.724
383.272 0.749
384.033 0.761
384.874 0.841
385.734 0.86
386.545 0.811
387.403 0.858
388.277 0.874
389.133 0.856
389.905 0.772
390.684 0.779
391.46 0.776
392.21 0.75
393.15 0.94
394.121 0.971
395.092 0.971
395.919 0.827
396.724 0.805
397.481 0.757
398.214 0.733
398.947 0.733
399.65 0.703
400.364 0.714
401.078 0.714
401.795 0.717
402.129 0.334
402.525 0.396
403.378 0.853
404.269 0.891
405.08 0.811
405.924 0.844
406.776 0.852
407.642 0.866
408.494 0.852
409.32 0.826
410.175 0.855
410.963 0.788
411.73 0.767
412.467 0.737
413.245 0.778
413.995 0.75
414.549 0.554
414.808 0.259
415.436 0.628
416.135 0.699
416.794 0.659
417.482 0.688
418.165 0.683
418.841 0.676
419.263 0.422
419.515 0.252
420.16 0.645
420.808 0.648
421.46 0.652
422.116 0.656
422.782 0.666
423.461 0.679
424.222 0.761
425.068 0.846
425.866 0.798
426.645 0.779
427.458 0.813
428.405 0.947
429.236 0.831
430.031 0.795
430.803 0.772
431.614 0.811
432.456 0.842
433.245 0.789
434.126 0.881
435.094 0.968
436.004 0.91
436.304 0.3
436.908 0.604
437.737 0.829
438.379 0.642
439.35 0.971
440.284 0.934
441.213 0.929
441.557 0.344
441.862 0.305
442.17 0.308
443.025 0.855
443.303 0.278
444.121 0.818
445.097 0.976
445.984 0.887
446.909 0.925
447.763 0.854
448.554 0.791
449.289 0.735
450.016 0.727
450.697 0.681
451.362 0.665
452.026 0.664
452.688 0.662
453.338 0.65
453.99 0.652
454.658 0.668
455.372 0.714
456.147 0.775
457.086 0.939
457.598 0.512
458.472 0.874
458.841 0.369
459.166 0.325
459.774 0.608
460.328 0.554
460.703 0.375
461.587 0.884
462.428 0.841
462.912 0.484
463.181 0.269
463.914 0.733
464.658 0.744
465.472 0.814
466.285 0.813
466.946 0.661
467.822 0.876
468.155 0.333
468.803 0.648
469.062 0.259
470.048 0.986
470.908 0.86
471.768 0.86
472.709 0.941
473.643 0.934
474.465 0.822
475.337 0.872
476.271 0.934
477.151 0.88
478.101 0.95
479.05 0.949
480.006 0.956
480.887 0.881
481.714 0.827
482.526 0.812
483.308 0.782
484.077 0.769
484.945 0.868
485.875 0.93
486.85 0.975
487.728 0.878
488.667 0.939
489.543 0.876
490.435 0.892
491.262 0.827
492.138 0.876
493.044 0.906
493.949 0.905
494.84 0.891
495.632 0.792
496.073 0.441
496.428 0.355
497.233 0.805
497.987 0.754
498.77 0.783
499.596 0.826
500.437 0.841
501.235 0.798
502.051 0.816
502.863 0.812
503.656 0.793
504.459 0.803
505.228 0.769
505.977 0.749
506.721 0.744
507.447 0.726
508.17 0.723
508.875 0.705
509.57 0.695
510.265 0.695
510.847 0.582
511.145 0.298
511.632 0.487
512.213 0.581
513.002 0.789
513.666 0.664
514.31 0.644
514.967 0.657
515.648 0.681
516.351 0.703
517.088 0.737
517.808 0.72
518.552 0.744
519.0 0.448
519.293 0.293
520.037 0.744
520.771 0.734
521.495 0.724
522.165 0.67
522.85 0.685
523.493 0.643
523.899 0.406
524.734 0.835
525.365 0.631
526.042 0.677
526.296 0.254
526.562 0.266
527.127 0.565
527.932 0.805
528.915 0.983
529.93 1.015
530.781 0.851
531.811 1.03
532.698 0.887
533.463 0.765
534.128 0.665
534.947 0.819
535.694 0.747
536.401 0.707
537.106 0.705
537.891 0.785
538.814 0.923
539.7 0.886
540.642 0.942
541.599 0.957
542.467 0.868
543.27 0.803
544.011 0.741
544.766 0.755
545.526 0.76
546.313 0.787
547.083 0.77
547.896 0.813
548.735 0.839
549.532 0.797
550.297 0.765
551.07 0.773
551.838 0.768
552.652 0.814
553.492 0.84
554.317 0.825
555.161 0.844
556.08 0.919
556.971 0.891
557.833 0.862
558.725 0.892
559.573 0.848
560.35 0.777
561.157 0.807
562.019 0.862
562.914 0.895
563.775 0.861
564.618 0.843
565.454 0.836
566.253 0.799
567.071 0.818
567.853 0.782
568.591 0.738
569.33 0.739
570.057 0.727
570.752 0.695
571.416 0.664
572.117 0.701
572.855 0.738
573.64 0.785
574.393 0.753
575.18 0.787
575.974 0.794
576.835 0.861
577.745 0.91
578.635 0.89
579.448 0.813
580.222 0.774
581.003 0.781
581.805 0.802
582.615 0.81
583.419 0.804
584.161 0.742
584.902 0.741
585.682 0.78
586.5 0.818
587.314 0.814
588.103 0.789
588.83 0.727
589.514 0.684
590.196 0.682
590.854 0.658
591.53 0.676
592.086 0.556
592.801 0.715
593.487 0.686
594.222 0.735
594.926 0.704
595.633 0.707
596.362 0.729
597.243 0.881
598.075 0.832
599.015 0.94
599.954 0.939
600.85 0.896
601.652 0.802
602.43 0.778
603.151 0.721
603.816 0.665
604.463 0.647
605.096 0.633
605.715 0.619
606.436 0.721
606.778 0.342
607.239 0.461
608.21 0.971
609.065 0.855
609.937 0.872
611.016 1.079
611.912 0.896
612.798 0.886
613.736 0.938
614.082 0.346
614.554 0.472
615.382 0.828
615.976 0.594
616.25 0.274
617.188 0.938
617.563 0.375
618.054 0.491
618.835 0.781
619.583 0.748
620.009 0.426
620.323 0.314
621.061 0.738
621.878 0.817
622.691 0.813
623.562 0.871
624.39 0.828
625.244 0.854
626.104 0.86
626.425 0.321
626.91 0.485
627.771 0.861
628.417 0.646
628.847 0.43
629.369 0.522
630.213 0.844
631.075 0.862
631.898 0.823
632.753 0.855
633.586 0.833
634.349 0.763
635.192 0.843
635.467 0.275
635.989 0.522
636.773 0.784
637.588 0.815
638.403 0.815
639.145 0.742
639.886 0.741
640.611 0.725
641.309 0.698
642.012 0.703
642.689 0.677
643.378 0.689
644.136 0.758
644.939 0.803
645.782 0.843
646.554 0.772
647.357 0.803
648.151 0.794
648.919 0.768
649.708 0.789
650.496 0.788
651.329 0.833
652.205 0.876
653.084 0.879
653.855 0.771
654.616 0.761
655.406 0.79
656.178 0.772
656.992 0.814
657.794 0.802
658.593 0.799
659.471 0.878
660.409 0.938
661.275 0.866
662.196 0.921
663.14 0.944
664.083 0.943
664.963 0.88
665.822 0.859
666.67 0.848
667.491 0.821
668.293 0.802
669.029 0.736
669.78 0.751
670.592 0.812
671.484 0.892
672.328 0.844
673.222 0.894
674.134 0.912
674.964 0.83