0.000 1.116
1.116 1.116
2.07 0.954
3.023 0.953
4.059 1.036
5.183 1.124
6.25 1.067
7.225 0.975
8.055 0.83
8.841 0.786
9.637 0.796
10.425 0.788
11.753 1.328
13.005 1.252
14.164 1.159
15.289 1.125
16.394 1.105
17.476 1.082
18.48 1.004
19.512 1.032
20.476 0.964
21.435 0.959
22.334 0.899
23.274 0.94
24.169 0.895
25.061 0.892
26.097 1.036
27.212 1.115
28.321 1.109
29.417 1.096
30.502 1.085
31.539 1.037
32.556 1.017
33.642 1.086
34.715 1.073
35.761 1.046
36.679 0.918
37.584 0.905
38.482 0.898
39.333 0.851
40.129 0.796
40.892 0.763
41.651 0.759
42.946 1.295
44.101 1.155
45.162 1.061
46.174 1.012
47.193 1.019
48.188 0.995
49.15 0.962
50.099 0.949
51.066 0.967
51.951 0.885
52.933 0.982
54.002 1.069
55.158 1.156
56.263 1.105
57.262 0.999
58.397 1.135
59.568 1.171
60.679 1.111
61.637 0.958
62.638 1.001
63.718 1.08
64.801 1.083
65.747 0.946
66.75 1.003
67.941 1.191
69.103 1.162
70.224 1.121
71.261 1.037
72.298 1.037
73.427 1.129
74.507 1.08
75.495 0.988
76.408 0.913
77.311 0.903
78.198 0.887
78.99 0.792
79.752 0.762
80.711 0.959
81.913 1.202
83.094 1.181
84.228 1.134
85.28 1.052
86.3 1.02
87.306 1.006
88.155 0.849
89.017 0.862
89.983 0.966
91.157 1.174
92.339 1.182
93.425 1.086
94.501 1.076
95.638 1.137
96.771 1.133
97.877 1.106
98.914 1.037
99.999 1.085
101.138 1.139
102.218 1.08
103.267 1.049
104.38 1.113
105.48 1.1
106.474 0.994
107.467 0.993
108.521 1.054
109.611 1.09
110.689 1.078
111.707 1.018
112.631 0.924
113.578 0.947
114.552 0.974
115.594 1.042
116.664 1.07
117.715 1.051
118.665 0.95
119.697 1.032
120.775 1.078
121.821 1.046
122.771 0.95
123.706 0.935
124.59 0.884
125.44 0.85
126.424 0.984
127.446 1.022
128.477 1.031
129.576 1.099
130.687 1.111
131.785 1.098
132.803 1.018
133.778 0.975
134.846 1.068
135.923 1.077
136.97 1.047
137.91 0.94
138.897 0.987
139.938 1.041
140.969 1.031
141.909 0.94
142.88 0.971
143.923 1.043
144.977 1.054
145.931 0.954
146.914 0.983
147.93 1.016
148.911 0.981
149.852 0.941
150.922 1.07
152.047 1.125
153.056 1.009
154.053 0.997
155.135 1.082
156.244 1.109
157.293 1.049
158.337 1.044
159.407 1.07
160.458 1.051
161.011 0.553
161.383 0.372
161.873 0.49
162.294 0.421
163.351 1.057
164.505 1.154
165.59 1.085
166.65 1.06
167.585 0.935
168.559 0.974
169.654 1.095
170.737 1.083
171.677 0.94
172.636 0.959
173.708 1.072
174.787 1.079
175.787 1.0
176.2 0.413
176.457 0.257
176.772 0.315
177.051 0.279
177.379 0.328
186.04 1.043
186.991 0.951
187.874 0.883
188.703 0.829
189.569 0.866
190.463 0.894
191.424 0.961
191.731 0.307
192.438 0.707
193.429 0.991
194.364 0.935
195.324 0.96
196.347 1.023
197.393 1.046
198.421 1.028
199.435 1.014
200.401 0.966
201.392 0.991
202.444 1.052
203.515 1.071
204.565 1.05
205.631 1.066
206.639 1.008
207.661 1.022
208.735 1.074
209.793 1.058
210.843 1.05
211.858 1.015
212.792 0.934
213.788 0.996
214.884 1.096
215.981 1.097
217.072 1.091
218.158 1.086
219.138 0.98
220.164 1.026
221.233 1.069
222.304 1.071
223.356 1.052
224.392 1.036
225.419 1.027
226.377 0.958
227.263 0.886
228.244 0.981
229.328 1.084
230.38 1.052
231.417 1.037
232.421 1.004
233.404 0.983
234.288 0.884
234.58 0.292
235.055 0.475
235.802 0.747
236.547 0.745
237.34 0.793
238.468 1.128
239.454 0.986
240.45 0.996
241.437 0.987
242.417 0.98
243.324 0.907
244.216 0.892
245.153 0.937
246.128 0.975
247.14 1.012
248.165 1.025
249.19 1.025
250.199 1.009
251.214 1.015
252.247 1.033
253.333 1.086
254.42 1.087
255.502 1.082
256.533 1.031
257.567 1.034
258.658 1.091
259.764 1.106
260.844 1.08
261.906 1.062
262.989 1.083
264.033 1.044
265.015 0.982
266.12 1.105
267.225 1.105
268.346 1.121
269.417 1.071
270.395 0.978
271.437 1.042
272.512 1.075
273.526 1.014
274.474 0.948
275.491 1.017
276.54 1.049
277.526 0.986
278.452 0.926
279.413 0.961
280.458 1.045
281.505 1.047
282.481 0.976
283.457 0.976
284.484 1.027
285.542 1.058
286.555 1.013
287.497 0.942
288.477 0.98
289.503 1.026
290.589 1.086
291.732 1.143
292.885 1.153
293.967 1.082
295.013 1.046
296.015 1.002
296.945 0.93
297.908 0.963
298.894 0.986
299.849 0.955
300.83 0.981
301.764 0.934
302.706 0.942
303.585 0.879
304.392 0.807
305.249 0.857
306.156 0.907
307.096 0.94
308.07 0.974
309.037 0.967
310.023 0.986
310.998 0.975
311.957 0.959
312.864 0.907
313.745 0.881
314.635 0.89
315.511 0.876
316.412 0.901
317.311 0.899
318.237 0.926
319.101 0.864
319.946 0.845
320.842 0.896
321.702 0.86
322.629 0.927
323.484 0.855
324.365 0.881
325.273 0.908
326.249 0.976
327.265 1.016
328.234 0.969
329.123 0.889
330.05 0.927
330.989 0.939
331.829 0.84
332.083 0.254
332.339 0.256
332.625 0.286
334.915 2.29
335.656 0.741
336.376 0.72
337.088 0.712
337.87 0.782
338.961 1.091
340.015 1.054
341.001 0.986
342.034 1.033
343.065 1.031
344.074 1.009
345.032 0.958
346.011 0.979
347.022 1.011
348.049 1.027
349.073 1.024
350.043 0.97
351.08 1.037
352.171 1.091
353.037 0.866
353.881 0.844
354.752 0.871
355.7 0.948
356.723 1.023
357.736 1.013
358.659 0.923
359.653 0.994
360.653 1.0
361.609 0.956
362.518 0.909
363.437 0.919
364.365 0.928
365.242 0.877
366.166 0.924
367.222 1.056
368.315 1.093
369.366 1.051
370.337 0.971
371.289 0.952
372.211 0.922
373.082 0.871
373.998 0.916
374.921 0.923
375.765 0.844
376.555 0.79
377.323 0.768
378.053 0.73
378.78 0.727
379.592 0.812
380.663 1.071
381.596 0.933
382.596 1.0
383.616 1.02
384.626 1.01
385.622 0.996
386.509 0.887
387.376 0.867
388.265 0.889
389.205 0.94
390.168 0.963
391.103 0.935
391.96 0.857
392.843 0.883
393.799 0.956
394.807 1.008
395.798 0.991
396.829 1.031
397.845 1.016
398.869 1.024
399.873 1.004
400.861 0.988
401.82 0.959
402.796 0.976
403.733 0.937
404.735 1.002
405.814 1.079
406.919 1.105
407.964 1.045
408.938 0.974
409.945 1.007
411.003 1.058
412.04 1.037
413.009 0.969
413.938 0.929
414.945 1.007
415.984 1.039
416.95 0.966
417.846 0.896
418.637 0.791
418.895 0.258
419.237 0.342
419.566 0.329
420.108 0.542
420.831 0.723
421.568 0.737
422.614 1.046
423.65 1.036
424.605 0.955
425.611 1.006
426.604 0.993
427.57 0.966
428.479 0.909
429.353 0.874
430.222 0.869
431.1 0.878
431.998 0.898
432.824 0.826
433.677 0.853
434.59 0.913
435.515 0.925
436.469 0.954
437.404 0.935
438.31 0.906
439.254 0.944
440.225 0.971
441.145 0.92
442.088 0.943
443.073 0.985
444.056 0.983
445.037 0.981
445.933 0.896
446.808 0.875
447.675 0.867
448.536 0.861
449.368 0.832
450.202 0.834
451.117 0.915
452.085 0.968
453.086 1.001
454.141 1.055
455.184 1.043
456.202 1.018
457.204 1.002
458.135 0.931
459.08 0.945
460.041 0.961
461.022 0.981
461.934 0.912
462.877 0.943
463.89 1.013
464.917 1.027
465.971 1.054
466.999 1.028
467.978 0.979
469.01 1.032
470.097 1.087
471.188 1.091
472.156 0.968
473.159 1.003
474.251 1.092
475.31 1.059
476.272 0.962
477.258 0.986
478.238 0.98
479.219 0.981
480.125 0.906
481.067 0.942
482.046 0.979
483.049 1.003
483.97 0.921
484.954 0.984
485.988 1.034
486.932 0.944
487.911 0.979
488.961 1.05
490.047 1.086
491.082 1.035
492.012 0.93
493.009 0.997
494.051 1.042
495.108 1.057
496.106 0.998
497.212 1.106
498.361 1.149
499.456 1.095
500.464 1.008
501.606 1.142
502.737 1.131
503.792 1.055
504.822 1.03
505.927 1.105
506.973 1.046
507.979 1.006
509.066 1.087
510.161 1.095
511.187 1.026
512.08 0.893
512.992 0.912
513.937 0.945
514.861 0.924
515.725 0.864
516.51 0.785
517.248 0.738
517.629 0.381
517.988 0.359
518.739 0.751
519.861 1.122
520.978 1.117
522.033 1.055
523.047 1.014
524.014 0.967
524.916 0.902
525.722 0.806
526.549 0.827
527.386 0.837
528.214 0.828
529.104 0.89
530.065 0.961
531.011 0.946
532.007 0.996
532.997 0.99
534.018 1.021
534.988 0.97
535.868 0.88
536.789 0.921
537.826 1.037
538.897 1.071
539.968 1.071
540.973 1.005
542.025 1.052
543.117 1.092
544.182 1.065
545.193 1.011
546.23 1.037
547.27 1.04
548.325 1.055
549.325 1.0
550.217 0.892
551.211 0.994
552.349 1.138
553.519 1.17
554.65 1.131
555.741 1.091
556.801 1.06
557.826 1.025
558.779 0.953
559.726 0.947
560.749 1.023
561.781 1.032
562.78 0.999
563.781 1.001
564.858 1.077
565.956 1.098
567.035 1.079
567.993 0.958
568.935 0.942
569.903 0.968
570.92 1.017
571.911 0.991
572.867 0.956
573.898 1.031
574.953 1.055
575.955 1.002
576.866 0.911
577.748 0.882
578.656 0.908
579.606 0.95
580.56 0.954
581.449 0.889
582.355 0.906
583.3 0.945
584.25 0.95
585.145 0.895
586.062 0.917
587.006 0.944
587.97 0.964
588.887 0.917
589.831 0.944
590.8 0.969
591.75 0.95
592.665 0.915
593.608 0.943
594.561 0.953
595.457 0.896
596.388 0.931
597.307 0.919
598.222 0.915
599.07 0.848
599.906 0.836
600.804 0.898
601.735 0.931
602.66 0.925
603.535 0.875
604.463 0.928
605.407 0.944
606.306 0.899
607.209 0.903
608.154 0.945
609.116 0.962
610.037 0.921
611.019 0.982
612.042 1.023
613.023 0.981
614.022 0.999
615.081 1.059
616.109 1.028
617.053 0.944
618.019 0.966
619.039 1.02
620.047 1.008
621.048 1.001
622.017 0.969
622.878 0.861
623.779 0.901
624.65 0.871
625.613 0.963
626.641 1.028
627.651 1.01
628.707 1.056
629.779 1.072
630.794 1.015
631.744 0.95
632.732 0.988
633.752 1.02
634.788 1.036
635.79 1.002
636.73 0.94
637.661 0.931
638.63 0.969
639.64 1.01
640.628 0.988
641.556 0.928
642.495 0.939
643.455 0.96
644.456 1.001
645.44 0.984
646.362 0.922
647.368 1.006
648.426 1.058
649.486 1.06
650.426 0.94
651.293 0.867
652.203 0.91
653.226 1.023
654.319 1.093
655.427 1.108
656.416 0.989
657.414 0.998
658.438 1.024
659.434 0.996
660.345 0.911
661.314 0.969
662.321 1.007
663.215 0.894
664.188 0.973
665.225 1.037
666.208 0.983
667.229 1.021
668.31 1.081
669.342 1.032
670.249 0.907
671.144 0.895
672.064 0.92
673.032 0.968
673.997 0.965
674.897 0.9
675.839 0.942
676.794 0.955
677.774 0.98
678.74 0.966
679.717 0.977
680.711 0.994
681.734 1.023
682.672 0.938
683.516 0.844
684.379 0.863
685.296 0.917
686.312 1.016