0.000 0.906
0.906 0.906
1.869 0.963
2.878 1.009
3.953 1.075
11.116 1.117
12.196 1.08
13.25 1.054
14.24 0.99
15.218 0.978
16.193 0.975
17.148 0.955
18.107 0.959
19.123 1.016
20.193 1.07
21.221 1.028
22.239 1.018
23.271 1.032
24.285 1.014
25.274 0.989
26.276 1.002
27.304 1.028
28.321 1.017
29.397 1.076
30.532 1.135
31.634 1.102
32.688 1.054
33.763 1.075
34.835 1.072
35.843 1.008
36.878 1.035
37.953 1.075
39.042 1.089
40.077 1.035
41.093 1.016
42.146 1.053
43.231 1.085
44.314 1.083
45.354 1.04
46.369 1.015
47.379 1.01
48.429 1.05
49.515 1.086
50.56 1.045
51.626 1.066
52.704 1.078
53.769 1.065
54.797 1.028
55.832 1.035
56.888 1.056
57.924 1.036
58.939 1.015
59.978 1.039
61.083 1.105
62.192 1.109
63.231 1.039
64.262 1.031
65.309 1.047
66.379 1.07
67.405 1.026
68.427 1.022
69.458 1.031
70.502 1.044
71.562 1.06
72.573 1.011
73.539 0.966
74.527 0.988
75.55 1.023
76.707 1.157
77.927 1.22
79.093 1.166
80.213 1.12
81.309 1.096
82.364 1.055
83.327 0.963
84.259 0.932
85.201 0.942
86.23 1.029
87.375 1.145
88.418 1.043
89.391 0.973
90.369 0.978
91.346 0.977
92.339 0.993
93.258 0.919
94.193 0.935
95.143 0.95
96.105 0.962
97.03 0.925
97.951 0.921
98.863 0.912
99.792 0.929
100.71 0.918
101.64 0.93
102.598 0.958
103.612 1.014
104.647 1.035
105.713 1.066
106.781 1.068
107.804 1.023
108.757 0.953
109.657 0.9
110.496 0.839
111.349 0.853
112.255 0.906
113.228 0.973
114.294 1.066
115.354 1.06
116.396 1.042
117.4 1.004
118.377 0.977
119.306 0.929
120.237 0.931
121.17 0.933
122.072 0.902
122.979 0.907
123.934 0.955
124.953 1.019
126.015 1.062
127.112 1.097
128.215 1.103
129.287 1.072
130.389 1.102
131.466 1.077
132.511 1.045
133.549 1.038
134.573 1.024
135.556 0.983
136.575 1.019
137.597 1.022
138.631 1.034
139.69 1.059
140.764 1.074
141.832 1.068
142.839 1.007
143.824 0.985
144.82 0.996
145.822 1.002
146.804 0.982
147.826 1.022
148.91 1.084
150.011 1.101
151.071 1.06
152.142 1.071
153.209 1.067
154.222 1.013
155.206 0.984
156.183 0.977
157.138 0.955
158.113 0.975
159.104 0.991
160.12 1.016
161.146 1.026
162.194 1.048
163.217 1.023
164.195 0.978
165.192 0.997
166.221 1.029
167.264 1.043
168.276 1.012
169.259 0.983
170.163 0.904
171.029 0.866
171.894 0.865
172.765 0.871
173.67 0.905
174.599 0.929
175.529 0.93
176.43 0.901
177.35 0.92
178.285 0.935
179.249 0.964
180.224 0.975
181.264 1.04
182.358 1.094
183.434 1.076
184.53 1.096
185.624 1.094
186.666 1.042
187.725 1.059
188.781 1.056
189.803 1.022
190.843 1.04
191.912 1.069
193.035 1.123
194.103 1.068
195.191 1.088
196.273 1.082
197.321 1.048
198.381 1.06
199.446 1.065
200.47 1.024
201.483 1.013
202.486 1.003
203.51 1.024
204.491 0.981
205.478 0.987
206.543 1.065
207.664 1.121
208.785 1.121
209.846 1.061
210.892 1.046
211.915 1.023
212.898 0.983
213.853 0.955
214.79 0.937
215.695 0.905
216.628 0.933
217.585 0.957
218.555 0.97
219.533 0.978
220.519 0.986
221.507 0.988
222.501 0.994
223.521 1.02
224.567 1.046
225.632 1.065
226.707 1.075
227.734 1.027
228.739 1.005
229.754 1.015
230.787 1.033
231.842 1.055
232.879 1.037
233.88 1.001
234.863 0.983
235.885 1.022
236.958 1.073
238.026 1.068
239.062 1.036
240.006 0.944
240.908 0.902
241.776 0.868
242.679 0.903
243.62 0.941
244.564 0.944
245.465 0.901
246.361 0.896
247.27 0.909
248.184 0.914
249.109 0.925
250.008 0.899
250.903 0.895
251.83 0.927
252.798 0.968
253.894 1.096
254.979 1.085
256.116 1.137
257.278 1.162
258.396 1.118
259.432 1.036
260.462 1.03
261.479 1.017
262.464 0.985
263.466 1.002
264.508 1.042
265.581 1.073
266.666 1.085
267.794 1.128
268.891 1.097
269.938 1.047
270.951 1.013
271.97 1.019
272.971 1.001
273.954 0.983
274.906 0.952
275.867 0.961
276.84 0.973
277.84 1.0
278.859 1.019
279.911 1.052
280.98 1.069
281.997 1.017
282.996 0.999
284.017 1.021
285.08 1.063
286.183 1.103
287.261 1.078
288.329 1.068
289.438 1.109
290.527 1.089
291.575 1.048
292.61 1.035
293.689 1.079
294.798 1.109
295.925 1.127
297.032 1.107
298.092 1.06
299.143 1.051
300.171 1.028
301.144 0.973
302.078 0.934
303.011 0.933
303.942 0.931
304.832 0.89
305.747 0.915
306.705 0.958
307.735 1.03
308.776 1.041
309.811 1.035
310.868 1.057
311.956 1.088
313.046 1.09
314.132 1.086
315.166 1.034
316.15 0.984
317.134 0.984
318.126 0.992
319.165 1.039
320.22 1.055
321.267 1.047
322.345 1.078
323.433 1.088
324.413 0.98
325.32 0.907
326.218 0.898
327.133 0.915
328.086 0.953
329.077 0.991
330.077 1.0
331.022 0.945
331.929 0.907
332.842 0.913
333.751 0.909
334.655 0.904
335.571 0.916
336.474 0.903
337.429 0.955
338.445 1.016
339.506 1.061
340.541 1.035
341.602 1.061
342.69 1.088
343.787 1.097
344.828 1.041
345.826 0.998
346.848 1.022
347.917 1.069
349.015 1.098
350.105 1.09
351.133 1.028
352.122 0.989
353.143 1.021
354.213 1.07
355.279 1.066
356.283 1.004
357.286 1.003
358.3 1.014
359.35 1.05
360.393 1.043
361.392 0.999
362.389 0.997
363.388 0.999
364.408 1.02
365.421 1.013
366.362 0.941
367.319 0.957
368.288 0.969
369.249 0.961
370.181 0.932
371.144 0.963
372.143 0.999
373.174 1.031
374.193 1.019
375.16 0.967
376.076 0.916
376.976 0.9
377.9 0.924
378.85 0.95
379.849 0.999
380.899 1.05
381.96 1.061
382.968 1.008
383.939 0.971
384.941 1.002
386.019 1.078
387.183 1.164
388.315 1.132
389.404 1.089
390.497 1.093
391.592 1.095
392.694 1.102
393.755 1.061
394.748 0.993
395.758 1.01
396.818 1.06
397.931 1.113
399.056 1.125
400.153 1.097
401.236 1.083
402.303 1.067
403.312 1.009
404.305 0.993
405.314 1.009
406.399 1.085
407.471 1.072
408.534 1.063
409.602 1.068
410.688 1.086
411.779 1.091
412.83 1.051
413.83 1.0
414.852 1.022
415.89 1.038
416.935 1.045
417.941 1.006
418.91 0.969
419.887 0.977
420.926 1.039
422.124 1.198
423.301 1.177
424.405 1.104
425.502 1.097
426.615 1.113
427.698 1.083
428.728 1.03
429.81 1.082
430.959 1.149
432.154 1.195
433.271 1.117
434.383 1.112
435.5 1.117
436.586 1.086
437.661 1.075
438.696 1.035
439.691 0.995
440.625 0.934
441.575 0.95
442.554 0.979
443.593 1.039
444.603 1.01
445.626 1.023
446.682 1.056
447.773 1.091
448.82 1.047
449.876 1.056
450.955 1.079
452.033 1.078
453.082 1.049
454.148 1.066
455.214 1.066
456.226 1.012
457.229 1.003
458.241 1.012
459.23 0.989
460.204 0.974
461.198 0.994
462.228 1.03
463.235 1.007
464.264 1.029
465.328 1.064
466.407 1.079
467.414 1.007
468.436 1.022
469.441 1.005
470.425 0.984
471.353 0.928
472.283 0.93
473.228 0.945
474.186 0.958
475.121 0.935
476.029 0.908
476.932 0.903
477.872 0.94
478.905 1.033
480.017 1.112
481.107 1.09
482.164 1.057
483.139 0.975
484.068 0.929
485.041 0.973
486.032 0.991
487.067 1.035
488.11 1.043
489.155 1.045
490.166 1.011
491.193 1.027
492.235 1.042
493.261 1.026
494.324 1.063
495.465 1.141
496.577 1.112
497.693 1.116
498.84 1.147
499.983 1.143
501.077 1.094
502.176 1.099
503.313 1.137
504.454 1.141
505.56 1.106
506.622 1.062
507.698 1.076
508.788 1.09
509.911 1.123
511.014 1.103
512.145 1.131
513.296 1.151
514.411 1.115
515.531 1.12
516.682 1.151
517.818 1.136
518.939 1.121
520.059 1.12
521.199 1.14
522.265 1.066
523.362 1.097
524.488 1.126
525.646 1.158
526.748 1.102
527.85 1.102
528.958 1.108
530.038 1.08
531.084 1.046
532.101 1.017
533.143 1.042
534.223 1.08
535.325 1.102
536.41 1.085
537.508 1.098
538.639 1.131
539.744 1.105
540.792 1.048
541.785 0.993
542.783 0.998
543.801 1.018
544.868 1.067
545.926 1.058
546.996 1.07
548.081 1.085
549.183 1.102
550.262 1.079
551.291 1.029
552.303 1.012
553.357 1.054
554.441 1.084
555.534 1.093
556.636 1.102
557.736 1.1
558.846 1.11
559.948 1.102
560.971 1.023
562.011 1.04
563.07 1.059
564.123 1.053
565.146 1.023
566.194 1.048
567.213 1.019
568.164 0.951
569.023 0.859
569.843 0.82
570.664 0.821
571.532 0.868
572.501 0.969
573.539 1.038
574.588 1.049
575.592 1.004
576.568 0.976
577.545 0.977
578.497 0.952
579.435 0.938
580.337 0.902
581.199 0.862
582.05 0.851
582.908 0.858
583.781 0.873
584.72 0.939
585.709 0.989
586.732 1.023
587.829 1.097
589.013 1.184
590.188 1.175
591.368 1.18
592.526 1.158
593.621 1.095
594.69 1.069
595.701 1.011
596.658 0.957
597.649 0.991
598.687 1.038
599.75 1.063
600.799 1.049
601.819 1.02
602.929 1.11
604.022 1.093
604.982 0.96
605.875 0.893
606.78 0.905
607.698 0.918
608.605 0.907
609.509 0.904
610.403 0.894
611.277 0.874
612.101 0.824
612.906 0.805
613.705 0.799
614.512 0.807
615.338 0.826
616.188 0.85
617.046 0.858
617.885 0.839
618.737 0.852