0.000 0.851
0.851 0.851
1.855 1.004
2.871 1.016
3.757 0.886
4.625 0.868
5.587 0.962
6.641 1.054
7.623 0.982
8.47 0.847
9.473 1.003
10.441 0.968
11.326 0.885
12.141 0.815
12.992 0.851
14.236 1.244
15.326 1.09
16.346 1.02
17.187 0.841
17.997 0.81
18.795 0.798
19.605 0.81
20.393 0.788
21.221 0.828
22.096 0.875
22.921 0.825
23.732 0.811
24.565 0.833
25.369 0.804
26.225 0.856
27.13 0.905
28.05 0.92
28.977 0.927
29.795 0.818
30.644 0.849
31.479 0.835
32.3 0.821
33.073 0.773
33.885 0.812
34.729 0.844
35.566 0.837
36.384 0.818
37.262 0.878
38.233 0.971
39.244 1.011
40.158 0.914
41.08 0.922
42.074 0.994
43.042 0.968
43.912 0.87
44.905 0.993
45.974 1.069
46.914 0.94
47.805 0.891
48.75 0.945
49.831 1.081
50.73 0.899
51.607 0.877
52.571 0.964
53.528 0.957
54.457 0.929
55.384 0.927
56.414 1.03
57.451 1.037
58.316 0.865
59.169 0.853
60.104 0.935
61.093 0.989
61.987 0.894
62.852 0.865
63.788 0.936
64.706 0.918
65.558 0.852
66.465 0.907
67.415 0.95
68.27 0.855
69.18 0.91
70.101 0.921
70.945 0.844
71.753 0.808
72.603 0.85
73.502 0.899
74.343 0.841
75.156 0.813
75.999 0.843
76.915 0.916
77.789 0.874
78.61 0.821
79.461 0.851
80.341 0.88
81.178 0.837
81.983 0.805
82.814 0.831
83.648 0.834
84.457 0.809
85.258 0.801
86.099 0.841
87.075 0.976
88.023 0.948
88.973 0.95
89.997 1.024
90.945 0.948
91.857 0.912
92.805 0.948
93.722 0.917
94.661 0.939
95.525 0.864
96.428 0.903
97.374 0.946
98.3 0.926
99.178 0.878
100.119 0.941
101.154 1.035
102.124 0.97
102.982 0.858
103.8 0.818
104.657 0.857
105.518 0.861
106.367 0.849
107.217 0.85
108.147 0.93
109.12 0.973
109.997 0.877
110.934 0.937
111.906 0.972
112.885 0.979
113.823 0.938
114.759 0.936
115.713 0.954
116.667 0.954
117.644 0.977
118.557 0.913
119.369 0.812
120.203 0.834
121.085 0.882
121.944 0.859
122.792 0.848
123.704 0.912
124.64 0.936
125.525 0.885
126.355 0.83
127.221 0.866
128.112 0.891
128.984 0.872
129.783 0.799
130.605 0.822
131.48 0.875
132.376 0.896
133.237 0.861
134.11 0.873
134.972 0.862
135.782 0.81
136.616 0.834
137.473 0.857
138.318 0.845
139.136 0.818
139.97 0.834
140.836 0.866
141.754 0.918
142.642 0.888
143.438 0.796
144.242 0.804
145.056 0.814
145.873 0.817
146.696 0.823
147.542 0.846
148.314 0.772
149.079 0.765
149.858 0.779
150.641 0.783
151.409 0.768
152.15 0.741
152.892 0.742
153.64 0.748
154.429 0.789
155.276 0.847
156.161 0.885
156.995 0.834
157.808 0.813
158.636 0.828
159.489 0.853
160.322 0.833
161.131 0.809
161.961 0.83
162.848 0.887
163.755 0.907
164.628 0.873
165.469 0.841
166.238 0.769
166.971 0.733
167.711 0.74
168.488 0.777
169.347 0.859
170.232 0.885
171.093 0.861
172.01 0.917
173.032 1.022
173.967 0.935
174.874 0.907
175.747 0.873
176.561 0.814
177.333 0.772
178.078 0.745
178.802 0.724
179.507 0.705
180.213 0.706
180.997 0.784
182.052 1.055
182.995 0.943
183.942 0.947
184.895 0.953
185.839 0.944
186.72 0.881
187.529 0.809
188.299 0.77
189.027 0.728
189.739 0.712
190.456 0.717
191.173 0.717
191.951 0.778
192.821 0.87
193.832 1.011
194.801 0.969
195.716 0.915
196.654 0.938
197.611 0.957
198.507 0.896
199.377 0.87
200.288 0.911
201.262 0.974
202.264 1.002
203.266 1.002
204.178 0.912
205.024 0.846
205.944 0.92
206.929 0.985
207.927 0.998
208.838 0.911
209.748 0.91
210.666 0.918
211.616 0.95
212.59 0.974
213.475 0.885
214.299 0.824
215.089 0.79
215.952 0.863
217.012 1.06
218.045 1.033
218.97 0.925
219.79 0.82
220.562 0.772
221.319 0.757
222.079 0.76
222.891 0.812
223.74 0.849
224.732 0.992
225.755 1.023
226.702 0.947
227.621 0.919
228.576 0.955
229.53 0.954
230.385 0.855
231.279 0.894
232.174 0.895
233.073 0.899
233.967 0.894
234.808 0.841
235.694 0.886
236.634 0.94
237.585 0.951
238.466 0.881
239.38 0.914
240.3 0.92
241.177 0.877
241.989 0.812
242.781 0.792
243.606 0.825
244.455 0.849
245.317 0.862
246.132 0.815
246.947 0.815
247.819 0.872
248.691 0.872
249.535 0.844
250.32 0.785
251.114 0.794
251.908 0.794
252.709 0.801
253.473 0.764
254.231 0.758
255.013 0.782
255.786 0.773
256.55 0.764
257.294 0.744
258.06 0.766
258.867 0.807
259.679 0.812
260.451 0.772
261.247 0.796
262.112 0.865
262.968 0.856
263.779 0.811
264.554 0.775
265.333 0.779
266.122 0.789
266.903 0.781
267.651 0.748
268.406 0.755
269.155 0.749
269.92 0.765
270.711 0.791
271.473 0.762
272.249 0.776
273.06 0.811
273.909 0.849
274.72 0.811
275.494 0.774
276.275 0.781
277.071 0.796
277.856 0.785
278.645 0.789
279.475 0.83
280.325 0.85
281.139 0.814
281.977 0.838
282.836 0.859
283.675 0.839
284.446 0.771
285.197 0.751
285.97 0.773
286.78 0.81
287.616 0.836
288.408 0.792
289.194 0.786
290.015 0.821
290.83 0.815
291.602 0.772
292.365 0.763
293.157 0.792
293.973 0.816
294.793 0.82
295.605 0.812
296.387 0.782
297.189 0.802
298.031 0.842
298.892 0.861
299.743 0.851
300.627 0.884
301.565 0.938
302.423 0.858
303.222 0.799
303.977 0.755
304.708 0.731
305.434 0.726
306.176 0.742
306.974 0.798
307.796 0.822
308.57 0.774
309.349 0.779
310.157 0.808
310.985 0.828
311.779 0.794
312.545 0.766
313.319 0.774
314.134 0.815
314.975 0.841
315.782 0.807
316.563 0.781
317.358 0.795
318.193 0.835
319.012 0.819
319.8 0.788
320.597 0.797
321.406 0.809
322.243 0.837
323.064 0.821
323.841 0.777
324.624 0.783
325.406 0.782
326.221 0.815
326.995 0.774
327.798 0.803
328.631 0.833
329.484 0.853
330.279 0.795
331.059 0.78
331.85 0.791
332.681 0.831
333.551 0.87
334.369 0.818
335.132 0.763
335.91 0.778
336.801 0.891
337.703 0.902
338.561 0.858
339.425 0.864
340.247 0.822
341.015 0.768
341.782 0.767
342.575 0.793
343.363 0.788
344.126 0.763
344.893 0.767
345.699 0.806
346.536 0.837
347.322 0.786
348.138 0.816
348.95 0.812
349.734 0.784
350.513 0.779
351.306 0.793
352.109 0.803
352.917 0.808
353.68 0.763
354.446 0.766
355.214 0.768
356.003 0.789
356.764 0.761
357.522 0.758
358.267 0.745
359.039 0.772
359.826 0.787
360.58 0.754
361.352 0.772
362.135 0.783
362.92 0.785
363.697 0.777
364.484 0.787
365.309 0.825
366.131 0.822
366.928 0.797
367.752 0.824
368.579 0.827
369.363 0.784
370.123 0.76
370.902 0.779
371.693 0.791
372.5 0.807
373.288 0.788
374.07 0.782
374.846 0.776
375.624 0.778
376.379 0.755
377.129 0.75
377.903 0.774
378.686 0.783
379.461 0.775
380.223 0.762
380.999 0.776
381.771 0.772
382.531 0.76
383.277 0.746
384.007 0.73
384.759 0.752
385.546 0.787
386.359 0.813
387.14 0.781
387.929 0.789
388.713 0.784
389.438 0.725
390.157 0.719
390.899 0.742
391.669 0.77
392.485 0.816
393.286 0.801
394.127 0.841
394.973 0.846
395.78 0.807
396.548 0.768
397.327 0.779
398.114 0.787
398.88 0.766
399.623 0.743
400.366 0.743
401.097 0.731
401.828 0.731
402.552 0.724
403.309 0.757
404.142 0.833
405.01 0.868
405.833 0.823
406.62 0.787
407.403 0.783
408.187 0.784
408.961 0.774
409.705 0.744
410.45 0.745
411.222 0.772
412.009 0.787
412.776 0.767
413.555 0.779
414.359 0.804
415.176 0.817
415.958 0.782
416.708 0.75
417.453 0.745
418.18 0.727
418.911 0.731
419.639 0.728
420.367 0.728
421.121 0.754
421.886 0.765
422.646 0.76
423.403 0.757
424.166 0.763
424.944 0.778
425.728 0.784
426.486 0.758
427.277 0.791
428.088 0.811
428.895 0.807
429.702 0.807
430.49 0.788
431.291 0.801
432.131 0.84
432.99 0.859
433.809 0.819
434.582 0.773
435.364 0.782
436.159 0.795
436.929 0.77
437.695 0.766
438.465 0.77
439.257 0.792
440.081 0.824
440.875 0.794
441.658 0.783
442.461 0.803
443.278 0.817
444.096 0.818
444.885 0.789
445.708 0.823
446.54 0.832
447.363 0.823
448.149 0.786
448.945 0.796
449.749 0.804
450.539 0.79
451.296 0.757
452.058 0.762
452.889 0.831
453.743 0.854
454.557 0.814
455.355 0.798
456.232 0.877
457.177 0.945
458.128 0.951
458.958 0.83
459.767 0.809
460.564 0.797
461.357 0.793
462.146 0.789
462.908 0.762
463.693 0.785
464.5 0.807
465.302 0.802
466.062 0.76
466.831 0.769
467.604 0.773
468.397 0.793
469.151 0.754
469.941 0.79
470.761 0.82
471.599 0.838
472.383 0.784
473.179 0.796
474.027 0.848
474.908 0.881
475.736 0.828
476.547 0.811
477.375 0.828
478.192 0.817
478.965 0.773
479.722 0.757
480.491 0.769
481.28 0.789
482.085 0.805
482.853 0.768
483.638 0.785
484.463 0.825
485.296 0.833
486.112 0.816
486.868 0.756
487.576 0.708
488.297 0.721
489.088 0.791
489.916 0.828
490.826 0.91
491.774 0.948
492.705 0.931
493.531 0.826
494.317 0.786
495.132 0.815
495.941 0.809
496.753 0.812
497.531 0.778
498.32 0.789
499.104 0.784
499.942 0.838
500.731 0.789
501.535 0.804
502.441 0.906
503.401 0.96
504.323 0.922
505.142 0.819
505.976 0.834
506.797 0.821
507.582 0.785
508.4 0.818
509.249 0.849
510.119 0.87
510.969 0.85
511.802 0.833
512.621 0.819
513.435 0.814
514.251 0.816
515.028 0.777
515.778 0.75
516.523 0.745
517.307 0.784
518.144 0.837
519.014 0.87
519.88 0.866
520.644 0.764
521.401 0.757
522.158 0.757
522.919 0.761
523.647 0.728
524.373 0.726
525.111 0.738
525.848 0.737
526.597 0.749
527.366 0.769
528.123 0.757
528.845 0.722
529.566 0.721
530.314 0.748
531.097 0.783
531.913 0.816
532.77 0.857
533.643 0.873
534.514 0.871
535.339 0.825
536.099 0.76
536.813 0.714
537.526 0.713
538.283 0.757
539.15 0.867
540.02 0.87
540.795 0.775
541.568 0.773
542.582 1.014
543.635 1.053
544.633 0.998
545.465 0.832
546.266 0.801
547.098 0.832
547.983 0.885
548.808 0.825
549.611 0.803
550.445 0.834
551.305 0.86
552.136 0.831
552.921 0.785
553.741 0.82
554.608 0.867
555.498 0.89
556.324 0.826
557.164 0.84
558.007 0.843
558.844 0.837
559.626 0.782
560.395 0.769
561.174 0.779
561.945 0.771
562.69 0.745
563.417 0.727
564.155 0.738
564.916 0.761
565.71 0.794
566.508 0.798
567.291 0.783
568.045 0.754
568.803 0.758
569.561 0.758
570.337 0.776
571.131 0.794
571.91 0.779
572.674 0.764
573.448 0.774
574.273 0.825
575.166 0.893
576.005 0.839
576.816 0.811
577.634 0.818
578.469 0.835
579.323 0.854
580.184 0.861
580.959 0.775
581.748 0.789
582.569 0.821
583.442 0.873
584.245 0.803
585.028 0.783
585.843 0.815
586.671 0.828
587.493 0.822
588.254 0.761
589.016 0.762
589.809 0.793
590.619 0.81
591.378 0.759
592.128 0.75
592.889 0.761
593.665 0.776
594.42 0.755
595.21 0.79
596.032 0.822
596.869 0.837
597.727 0.858
598.528 0.801
599.284 0.756
600.025 0.741
600.752 0.727
601.478 0.726
602.195 0.717
602.968 0.773