0.000 1.784
1.784 1.784
3.521 1.737
4.419 0.898
5.258 0.839
6.057 0.799
6.867 0.81
7.689 0.822
8.472 0.783
9.222 0.75
9.987 0.765
10.855 0.868
11.832 0.977
12.812 0.98
13.663 0.851
14.518 0.855
15.499 0.981
16.46 0.961
17.493 1.033
18.453 0.96
19.294 0.841
20.137 0.843
21.131 0.994
22.313 1.182
23.41 1.097
24.51 1.1
25.737 1.227
26.858 1.121
27.987 1.129
29.272 1.285
30.548 1.276
31.945 1.397
33.033 1.088
34.213 1.18
35.583 1.37
36.813 1.23
37.907 1.094
38.986 1.079
40.031 1.045
41.103 1.072
42.212 1.109
43.189 0.977
44.117 0.928
45.177 1.06
46.393 1.216
47.476 1.083
48.63 1.154
49.79 1.16
51.003 1.213
51.996 0.993
53.11 1.114
54.275 1.165
55.386 1.111
56.503 1.117
57.721 1.218
58.921 1.2
60.04 1.119
61.238 1.198
62.46 1.222
63.647 1.187
64.829 1.182
66.039 1.21
67.197 1.158
68.359 1.162
69.59 1.231
70.789 1.199
71.965 1.176
73.132 1.167
74.311 1.179
75.415 1.104
76.391 0.976
77.422 1.031
78.438 1.016
79.42 0.982
80.38 0.96
81.3 0.92
82.191 0.891
83.048 0.857
83.949 0.901
84.981 1.032
86.009 1.028
87.108 1.099
88.173 1.065
89.082 0.909
89.935 0.853
90.747 0.812
91.657 0.91
92.774 1.117
93.865 1.091
94.972 1.107
96.001 1.029
96.993 0.992
98.055 1.062
99.211 1.156
100.347 1.136
101.324 0.977
102.19 0.866
103.134 0.944
104.155 1.021
105.29 1.135
106.411 1.121
107.534 1.123
108.673 1.139
109.813 1.14
110.958 1.145
112.097 1.139
113.238 1.141
114.374 1.136
115.511 1.137
116.632 1.121
117.762 1.13
118.902 1.14
120.046 1.144
121.19 1.144
122.325 1.135
123.447 1.122
124.56 1.113
125.664 1.104
126.768 1.104
127.869 1.101
128.969 1.1
130.079 1.11
131.195 1.116
132.308 1.113
133.432 1.124
134.554 1.122
135.675 1.121
136.739 1.064
137.724 0.985
138.81 1.086
139.928 1.118
140.993 1.065
141.917 0.924
142.935 1.018
144.049 1.114
145.147 1.098
146.261 1.114
147.38 1.119
148.483 1.103
149.445 0.962
150.291 0.846
151.219 0.928
152.297 1.078
153.372 1.075
154.465 1.093
155.571 1.106
156.593 1.022
157.495 0.902
158.5 1.005
159.548 1.048
160.629 1.081
161.725 1.096
162.816 1.091
163.915 1.099
165.016 1.101
166.104 1.088
167.191 1.087
168.282 1.091
169.377 1.095
170.467 1.09
171.555 1.088
172.629 1.074
173.728 1.099
174.815 1.087
175.895 1.08
176.973 1.078
178.037 1.064
179.055 1.018
179.979 0.924
180.969 0.99
182.063 1.094
183.142 1.079
184.228 1.086
185.316 1.088
186.409 1.093
187.502 1.093
188.603 1.101
189.7 1.097
190.736 1.036
191.743 1.007
192.789 1.046
193.798 1.009
194.81 1.012
195.912 1.102
196.99 1.078
198.075 1.085
199.152 1.077
200.164 1.012
201.198 1.034
202.286 1.088
203.309 1.023
204.277 0.968
205.324 1.047
206.429 1.105
207.51 1.081
208.601 1.091
209.689 1.088
210.753 1.064
211.711 0.958
212.714 1.003
213.784 1.07
214.838 1.054
215.872 1.034
216.982 1.11
218.069 1.087
219.159 1.09
220.139 0.98
221.045 0.906
221.983 0.938
222.947 0.964
224.011 1.064
225.043 1.032
225.961 0.918
226.884 0.923
227.878 0.994
228.932 1.054
229.915 0.983
230.843 0.928
231.797 0.954
232.862 1.065
233.949 1.087
235.031 1.082
236.065 1.034
237.081 1.016
238.15 1.069
239.088 0.938
239.971 0.883
240.897 0.926
241.817 0.92
242.817 1.0
243.899 1.082
244.965 1.066
246.043 1.078
247.035 0.992
247.954 0.919
248.988 1.034
250.084 1.096
251.16 1.076
252.235 1.075
253.3 1.065
254.285 0.985
255.291 1.006
256.39 1.099
257.46 1.07
258.469 1.009
259.344 0.875
260.164 0.82
261.023 0.859
261.874 0.851
262.714 0.84
263.514 0.8
264.312 0.798
265.09 0.778
265.873 0.783
266.653 0.78
267.466 0.813
268.316 0.85
269.16 0.844
269.984 0.824
270.78 0.796
271.563 0.783
272.357 0.794
273.193 0.836
274.039 0.846
274.825 0.786
275.67 0.845
276.545 0.875
277.428 0.883
278.335 0.907
279.249 0.914
280.211 0.962
281.191 0.98
282.133 0.942
283.066 0.933
284.01 0.944
284.954 0.944
285.932 0.978
286.896 0.964
288.0 1.104
289.1 1.1
290.213 1.113
291.335 1.122
292.466 1.131
293.587 1.121
294.666 1.079
295.66 0.994
296.769 1.109
297.902 1.133
299.019 1.117
300.086 1.067
301.129 1.043
302.062 0.933
302.971 0.909
303.976 1.005
305.031 1.055
305.899 0.868
306.788 0.889
307.753 0.965
308.791 1.038
309.766 0.975
310.711 0.945
311.648 0.937
312.518 0.87
313.449 0.931
314.393 0.944
315.431 1.038
316.543 1.112
317.651 1.108
318.754 1.103
319.862 1.108
320.969 1.107
322.077 1.108
323.186 1.109
324.298 1.112
325.414 1.116
326.525 1.111
327.628 1.103
328.74 1.112
329.853 1.113
330.943 1.09
331.989 1.046
333.065 1.076
334.193 1.128
335.322 1.129
336.445 1.123
337.578 1.133
338.677 1.099
339.732 1.055
340.787 1.055
341.868 1.081
342.893 1.025
343.829 0.936
344.775 0.946
345.721 0.946
346.774 1.053
347.819 1.045
348.789 0.97
349.756 0.967
350.746 0.99
351.701 0.955
352.636 0.935
353.604 0.968
354.654 1.05
355.723 1.069
356.764 1.041
357.724 0.96
358.705 0.981
359.653 0.948
360.532 0.879
361.39 0.858
362.247 0.857
363.111 0.864
364.009 0.898
364.914 0.905
365.772 0.858
366.572 0.8
367.369 0.797
368.201 0.832
369.126 0.925
370.093 0.967
371.018 0.925
371.867 0.849
372.692 0.825
373.599 0.907
374.505 0.906
375.356 0.851
376.249 0.893
377.257 1.008
378.334 1.077
379.396 1.062
380.437 1.041
381.402 0.965
382.317 0.915
383.307 0.99
384.348 1.041
385.239 0.891
386.072 0.833
386.915 0.843
387.781 0.866
388.833 1.052
389.912 1.079
390.998 1.086
392.1 1.102
393.197 1.097
394.219 1.022
395.195 0.976
396.156 0.961
397.118 0.962
398.097 0.979
399.124 1.027
400.218 1.094
401.313 1.095
402.346 1.033
403.32 0.974
404.336 1.016
405.255 0.919
406.13 0.875
406.999 0.869
407.896 0.897
408.865 0.969
409.857 0.992
410.867 1.01
411.809 0.942
412.727 0.918
413.647 0.92
414.577 0.93
415.55 0.973
416.492 0.942
417.356 0.864
418.224 0.868
419.067 0.843
419.897 0.83
420.789 0.892
421.811 1.022
422.828 1.017
423.81 0.982
424.786 0.976
425.801 1.015
426.813 1.012
427.841 1.028
428.866 1.025
429.888 1.022
430.895 1.007
431.911 1.016
432.985 1.074
434.03 1.045
435.005 0.975
436.044 1.039
437.141 1.097
438.235 1.094
439.365 1.13
440.411 1.046
441.329 0.918
442.24 0.911
443.207 0.967
444.242 1.035
445.302 1.06
446.279 0.977
447.326 1.047
448.397 1.071
449.416 1.019
450.352 0.936
451.207 0.855
452.064 0.857
452.968 0.904
454.026 1.058
455.091 1.065
456.07 0.979
457.077 1.007
458.102 1.025
459.046 0.944
459.903 0.857
460.756 0.853
461.645 0.889
462.579 0.934
463.538 0.959
464.46 0.922
465.43 0.97
466.44 1.01
467.388 0.948
468.343 0.955
469.268 0.925
470.207 0.939
471.14 0.933
472.008 0.868
472.846 0.838
473.656 0.81
474.407 0.751
475.133 0.726
475.835 0.702
476.518 0.683
477.2 0.682
477.879 0.679
478.571 0.692
479.284 0.713
480.023 0.739
480.804 0.781
481.635 0.831
482.509 0.874
483.378 0.869
484.208 0.83
485.01 0.802
485.842 0.832
486.724 0.882
487.585 0.861
488.455 0.87
489.394 0.939
490.384 0.99
491.364 0.98
492.274 0.91
493.233 0.959
494.359 1.126
495.484 1.125
496.612 1.128
497.742 1.13
498.876 1.134
500.014 1.138
501.157 1.143
502.27 1.113
503.249 0.979
504.219 0.97
505.211 0.992
506.336 1.125
507.44 1.104
508.545 1.105
509.566 1.021
510.518 0.952
511.502 0.984
512.513 1.011
513.505 0.992
514.535 1.03
515.526 0.991
516.496 0.97
517.377 0.881
518.213 0.836
519.041 0.828
519.914 0.873
520.823 0.909
521.727 0.904
522.639 0.912
523.587 0.948
524.557 0.97
525.47 0.913
526.388 0.918
527.35 0.962
528.344 0.994
529.253 0.909
530.141 0.888
531.063 0.922
532.005 0.942
533.048 1.043
534.14 1.092
535.227 1.087
536.191 0.964
537.092 0.901
537.939 0.847
538.798 0.859
539.832 1.034
540.924 1.092
541.976 1.052
542.956 0.98
543.918 0.962
544.844 0.926
545.807 0.963
546.842 1.035
547.905 1.063
549.02 1.115
550.146 1.126
551.252 1.106
552.321 1.069
553.362 1.041
554.331 0.969
555.25 0.919
556.153 0.903
557.267 1.114
558.375 1.108
559.484 1.109
560.575 1.091
561.666 1.091
562.759 1.093
563.827 1.068
564.87 1.043
565.967 1.097
567.006 1.039
568.002 0.996
569.014 1.012
570.086 1.072
571.173 1.087
572.244 1.071
573.275 1.031
574.429 1.154
575.573 1.144
576.687 1.114
577.828 1.141
578.918 1.09
580.056 1.138
581.12 1.064
582.189 1.069
583.2 1.011
584.195 0.995
585.23 1.035
586.15 0.92
587.092 0.942
588.07 0.978
589.116 1.046
590.103 0.987
591.241 1.138
592.36 1.119
593.493 1.133
594.633 1.14
595.777 1.144
596.931 1.154
598.093 1.162
599.255 1.162
600.404 1.149
601.539 1.135
602.677 1.138
603.813 1.136
604.941 1.128
606.078 1.137
607.222 1.144
608.361 1.139
609.491 1.13
610.591 1.1
611.677 1.086
612.701 1.024
613.829 1.128
614.943 1.114
616.072 1.129
617.191 1.119
618.22 1.029
619.294 1.074
620.424 1.13
621.574 1.15
622.652 1.078
623.661 1.009
624.684 1.023
625.705 1.021
626.669 0.964
627.611 0.942
628.688 1.077
629.809 1.121
630.903 1.094
631.901 0.998
632.909 1.008
633.916 1.007
634.934 1.018
635.935 1.001
636.909 0.974
637.912 1.003
639.013 1.101
640.08 1.067
641.091 1.011
642.112 1.021
643.249 1.137