0.000 0.927
0.927 0.927
1.925 0.998
2.853 0.928
3.783 0.93
4.731 0.948
5.657 0.926
6.55 0.893
7.372 0.822
8.149 0.777
8.967 0.818
10.06 1.093
11.125 1.065
12.18 1.055
13.189 1.009
14.076 0.887
14.92 0.844
22.043 1.044
23.043 1.0
23.984 0.941
24.817 0.833
25.584 0.767
26.32 0.736
27.089 0.769
28.188 1.099
29.335 1.147
30.454 1.119
31.557 1.103
32.596 1.039
33.542 0.946
34.472 0.93
35.423 0.951
36.306 0.883
37.089 0.783
37.867 0.778
38.655 0.788
39.415 0.76
40.179 0.764
41.213 1.034
42.329 1.116
43.426 1.097
44.358 0.932
45.38 1.022
46.525 1.145
47.59 1.065
48.553 0.963
49.638 1.085
50.713 1.075
51.72 1.007
52.732 1.012
53.752 1.02
54.72 0.968
55.709 0.989
56.735 1.026
57.729 0.994
58.752 1.023
59.827 1.075
60.821 0.994
61.781 0.96
62.813 1.032
63.771 0.958
64.715 0.944
65.718 1.003
66.658 0.94
67.488 0.83
68.346 0.858
69.221 0.875
70.086 0.865
71.143 1.057
72.267 1.124
73.221 0.954
74.214 0.993
75.233 1.019
76.289 1.056
77.313 1.024
78.183 0.87
79.189 1.006
80.364 1.175
81.525 1.161
82.535 1.01
83.512 0.977
84.549 1.037
85.575 1.026
86.518 0.943
87.544 1.026
88.625 1.081
89.669 1.044
90.569 0.9
91.449 0.88
92.462 1.013
93.569 1.107
94.615 1.046
95.587 0.972
96.658 1.071
97.762 1.104
98.838 1.076
99.865 1.027
100.713 0.848
101.474 0.761
102.214 0.74
102.922 0.708
103.622 0.7
105.047 1.425
105.997 0.95
107.063 1.066
108.115 1.052
109.043 0.928
110.075 1.032
111.126 1.051
112.136 1.01
113.046 0.91
113.993 0.947
114.969 0.976
115.874 0.905
116.88 1.006
117.987 1.107
119.085 1.098
120.121 1.036
121.043 0.922
121.949 0.906
122.943 0.994
124.168 1.225
125.342 1.174
126.473 1.131
127.454 0.981
128.49 1.036
129.665 1.175
130.84 1.175
131.975 1.135
133.022 1.047
133.921 0.899
134.846 0.925
135.966 1.12
137.158 1.192
138.319 1.161
139.276 0.957
140.227 0.951
141.393 1.166
142.63 1.237
143.805 1.175
144.853 1.048
145.855 1.002
146.983 1.128
148.21 1.227
149.35 1.14
150.411 1.061
151.28 0.869
152.177 0.897
153.445 1.268
154.601 1.156
155.731 1.13
156.803 1.072
157.701 0.898
158.671 0.97
159.831 1.16
160.94 1.109
161.879 0.939
162.92 1.041
164.004 1.084
165.007 1.003
166.026 1.019
167.116 1.09
168.202 1.086
169.178 0.976
170.17 0.992
171.257 1.087
172.33 1.073
173.381 1.051
174.403 1.022
175.371 0.968
176.203 0.832
176.991 0.788
177.804 0.813
178.81 1.006
179.92 1.11
180.797 0.877
181.903 1.106
182.816 0.913
183.745 0.929
184.865 1.12
186.038 1.173
187.163 1.125
188.217 1.054
189.186 0.969
190.007 0.821
190.791 0.784
191.615 0.824
192.974 1.359
194.166 1.192
195.243 1.077
196.274 1.031
197.199 0.925
198.108 0.909
199.081 0.973
200.131 1.05
201.239 1.108
202.244 1.005
203.204 0.96
204.221 1.017
205.162 0.941
206.015 0.853
206.895 0.88
207.894 0.999
208.792 0.898
209.769 0.977
210.814 1.045
211.708 0.894
212.591 0.883
213.529 0.938
214.455 0.926
215.349 0.894
216.342 0.993
217.359 1.017
218.285 0.926
219.316 1.031
220.36 1.044
221.404 1.044
222.433 1.029
223.346 0.913
224.261 0.915
225.302 1.041
226.461 1.159
227.523 1.062
228.395 0.872
229.217 0.822
230.006 0.789
230.819 0.813
231.943 1.124
233.049 1.106
234.09 1.041
234.954 0.864
235.833 0.879
236.798 0.965
237.91 1.112
238.916 1.006
239.779 0.863
240.693 0.914
241.747 1.054
242.968 1.221
244.094 1.126
245.046 0.952
246.005 0.959
247.131 1.126
248.348 1.217
249.493 1.145
250.6 1.107
251.624 1.024
252.534 0.91
253.355 0.821
254.243 0.888
255.559 1.316
256.245 0.686
256.5 0.255
257.139 0.639
257.688 0.549
258.068 0.38
258.381 0.313
258.665 0.284
259.106 0.441
259.358 0.252
259.644 0.286
260.062 0.418
260.498 0.436
261.253 0.755
261.943 0.69
262.196 0.253
262.489 0.293
262.768 0.279
263.04 0.272
263.366 0.326
263.686 0.32
263.948 0.262
264.241 0.293
264.568 0.327
265.12 0.552
266.247 1.127
266.823 0.576
267.544 0.721
267.807 0.263
268.225 0.418
268.692 0.467
269.233 0.541
269.724 0.491
270.586 0.862
270.995 0.409
272.397 1.402
272.801 0.404
273.096 0.295
273.531 0.435
274.412 0.881
275.213 0.801
275.605 0.392
275.888 0.283
276.179 0.291
276.655 0.476
277.319 0.664
277.717 0.398
278.029 0.312
278.294 0.265
278.874 0.58
279.652 0.778
280.406 0.754
281.184 0.778
281.986 0.802
282.919 0.933
283.877 0.958
284.791 0.914
285.649 0.858
286.533 0.884
287.44 0.907
288.373 0.933
289.294 0.921
290.22 0.926
291.072 0.852
291.855 0.783
292.623 0.768
293.475 0.852
294.387 0.912
295.33 0.943
296.236 0.906
297.125 0.889
297.956 0.831
298.712 0.756
299.151 0.439
299.423 0.272
299.729 0.306
300.038 0.309
300.319 0.281
300.594 0.275
300.862 0.268
301.162 0.3
301.566 0.404
302.239 0.673
303.068 0.829
304.211 1.143
305.343 1.132
306.571 1.228
307.753 1.182
308.843 1.09
309.794 0.951
310.743 0.949
311.748 1.005
312.693 0.945
313.716 1.023
314.797 1.081
315.852 1.055
316.847 0.995
317.756 0.909
318.7 0.944
319.737 1.037
320.656 0.919
321.56 0.904
322.517 0.957
323.628 1.111
324.683 1.055
325.58 0.897
326.424 0.844
327.278 0.854
328.129 0.851
328.899 0.77
329.704 0.805
330.655 0.951
331.679 1.024
332.754 1.075
333.801 1.047
334.886 1.085
335.906 1.02
336.891 0.985
337.914 1.023
338.954 1.04
339.98 1.026
340.981 1.001
341.951 0.97
342.91 0.959
343.757 0.847
344.514 0.757
345.28 0.766
346.026 0.746
346.777 0.751
347.702 0.925
349.247 1.545
350.431 1.184
351.527 1.096
352.599 1.072
353.602 1.003
354.585 0.983
355.575 0.99
356.46 0.885
357.247 0.787
358.019 0.772
358.849 0.83
360.028 1.179
360.915 0.887
361.863 0.948
362.846 0.983
363.788 0.942
364.786 0.998
365.897 1.111
366.939 1.042
367.905 0.966
368.892 0.987
369.825 0.933
370.696 0.871
371.578 0.882
372.567 0.989
373.627 1.06
374.564 0.937
375.513 0.949
376.5 0.987
377.521 1.021
378.465 0.944
379.376 0.911
380.223 0.847
381.05 0.827
381.941 0.891
382.905 0.964
383.809 0.904
384.099 0.29
384.352 0.253
384.635 0.283
384.989 0.354
385.405 0.416
385.873 0.468
386.604 0.731
388.451 1.847
388.738 0.287
389.005 0.267
391.285 2.28
392.318 1.033
392.623 0.305
392.951 0.328
393.366 0.415
393.732 0.366
394.564 0.832
395.135 0.571
395.835 0.7
396.186 0.351
396.911 0.725
397.611 0.7
398.291 0.68
398.772 0.481
399.411 0.639
399.701 0.29
400.381 0.68
400.646 0.265
400.912 0.266
401.167 0.255
401.464 0.297
401.744 0.28
402.027 0.283
402.329 0.302
402.7 0.371
406.469 3.769
406.746 0.277
407.018 0.272
408.675 1.657
409.563 0.888
412.084 2.521
412.542 0.458
413.78 1.238
414.098 0.318
414.423 0.325
415.231 0.808
415.997 0.766
416.696 0.699
417.586 0.89
418.485 0.899
419.1 0.615
419.46 0.36
420.032 0.572
420.466 0.434
421.452 0.986
422.007 0.555
422.456 0.449
422.983 0.527
423.394 0.411
423.745 0.351
424.032 0.287
424.369 0.337
424.668 0.299
424.998 0.33
425.274 0.276
425.552 0.278
425.812 0.26
426.098 0.286
427.244 1.146
427.81 0.566
428.209 0.399
428.818 0.609
429.118 0.3
429.713 0.595
430.219 0.506
430.499 0.28
430.871 0.372
431.201 0.33
431.761 0.56
432.575 0.814
433.49 0.915
434.467 0.977
434.8 0.333
435.111 0.311
435.443 0.332
435.824 0.381
436.845 1.021
437.4 0.555
437.767 0.367
438.134 0.367
438.794 0.66
439.684 0.89
440.011 0.327
440.474 0.463
441.002 0.528
441.691 0.689
442.092 0.401
442.414 0.322
442.75 0.336
443.044 0.294
443.451 0.407
443.741 0.29
444.079 0.338
444.492 0.413
444.769 0.277
445.112 0.343
446.332 1.22
447.158 0.826
447.415 0.257
448.152 0.737
448.518 0.366
448.886 0.368
449.589 0.703
450.034 0.445
450.301 0.267
450.811 0.51
451.127 0.316
452.167 1.04
452.733 0.566
454.433 1.7
455.076 0.643
455.482 0.406
455.736 0.254
456.501 0.765
456.942 0.441
457.238 0.296
457.648 0.41
458.073 0.425
458.454 0.381
458.715 0.261
459.129 0.414
459.69 0.561
460.727 1.037
462.014 1.287
462.346 0.332
462.769 0.423
463.23 0.461
463.633 0.403
463.943 0.31
464.295 0.352
464.605 0.31
464.891 0.286
465.904 1.013
466.67 0.766
467.48 0.81
468.394 0.914
469.331 0.937
470.289 0.958
471.242 0.953
472.165 0.923
473.006 0.841
473.862 0.856
474.732 0.87
475.622 0.89
476.499 0.877
477.271 0.772
478.006 0.735
478.782 0.776
479.73 0.948
480.554 0.824
481.406 0.852
482.444 1.038
483.481 1.037
484.467 0.986
485.481 1.014
486.507 1.026
487.497 0.99
488.398 0.901
489.244 0.846
490.013 0.769
490.734 0.721
491.415 0.681
492.102 0.687
493.018 0.916
494.219 1.201
495.141 0.922
496.137 0.996
497.322 1.185
498.306 0.984
499.369 1.063
500.494 1.125
501.565 1.071
502.528 0.963
503.427 0.899
504.274 0.847
505.061 0.787
505.817 0.756
506.705 0.888
508.071 1.366
509.195 1.124
510.167 0.972
511.168 1.001
512.371 1.203
513.447 1.076
514.552 1.105
515.607 1.055
516.595 0.988
517.471 0.876
518.366 0.895
519.215 0.849
520.065 0.85
520.845 0.78
521.784 0.939
522.625 0.841
523.415 0.79
524.231 0.816
525.257 1.026
526.571 1.314
527.78 1.209
528.904 1.124
529.875 0.971
530.9 1.025
531.971 1.071
533.033 1.062
533.974 0.941
534.852 0.878
535.778 0.926
536.697 0.919
537.612 0.915
538.558 0.946
539.471 0.913
540.297 0.826
541.176 0.879
542.347 1.171
543.512 1.165
544.539 1.027
545.487 0.948
546.525 1.038
547.534 1.009
548.428 0.894
549.303 0.875
550.301 0.998
551.376 1.075
552.375 0.999
553.502 1.127
554.634 1.132
555.73 1.096
556.788 1.058
557.795 1.007
558.839 1.044
559.877 1.038
560.848 0.971
561.692 0.844
562.489 0.797
563.329 0.84
564.603 1.274
565.674 1.071
566.587 0.913
567.56 0.973
568.669 1.109
569.673 1.004
570.724 1.051
571.814 1.09
572.842 1.028
573.906 1.064
574.962 1.056
575.912 0.95
576.887 0.975
577.986 1.099
579.052 1.066
580.117 1.065
581.157 1.04
582.014 0.857
582.793 0.779
583.6 0.807
585.0 1.4
586.051 1.051
587.049 0.998
588.349 1.3