0.000 0.843
0.843 0.843
1.702 0.859
2.514 0.812
3.327 0.813
4.074 0.747
4.85 0.776
5.748 0.898
6.731 0.983
7.73 0.999
8.73 1.0
9.59 0.86
10.406 0.816
11.212 0.806
11.926 0.714
12.634 0.708
13.385 0.751
14.375 0.99
15.33 0.955
16.264 0.934
17.114 0.85
17.904 0.79
18.728 0.824
19.51 0.782
20.292 0.782
21.119 0.827
21.96 0.841
22.839 0.879
23.705 0.866
24.602 0.897
25.504 0.902
26.381 0.877
27.244 0.863
28.121 0.877
29.108 0.987
30.078 0.97
31.036 0.958
31.939 0.903
32.731 0.792
33.608 0.877
34.51 0.902
35.361 0.851
36.234 0.873
37.126 0.892
37.971 0.845
38.805 0.834
39.668 0.863
40.562 0.894
41.451 0.889
42.362 0.911
43.243 0.881
44.116 0.873
44.972 0.856
45.847 0.875
46.8 0.953
48.074 1.274
49.253 1.179
50.307 1.054
51.213 0.906
52.074 0.861
52.922 0.848
53.795 0.873
54.705 0.91
56.011 1.306
57.192 1.181
58.285 1.093
59.205 0.92
60.096 0.891
60.965 0.869
61.832 0.867
62.743 0.911
63.952 1.209
65.077 1.125
66.045 0.968
66.945 0.9
67.863 0.918
68.702 0.839
69.531 0.829
70.425 0.894
71.309 0.884
72.253 0.944
73.168 0.915
74.012 0.844
74.881 0.869
75.761 0.88
76.634 0.873
77.495 0.861
78.337 0.842
79.204 0.867
80.009 0.805
80.844 0.835
81.675 0.831
82.467 0.792
83.228 0.761
83.975 0.747
84.701 0.726
85.488 0.787
86.402 0.914
87.237 0.835
88.099 0.862
88.966 0.867
89.807 0.841
90.626 0.819
91.452 0.826
92.301 0.849
93.182 0.881
94.097 0.915
95.294 1.197
96.365 1.071
97.307 0.942
98.161 0.854
98.979 0.818
99.878 0.899
100.834 0.956
101.741 0.907
102.671 0.93
103.918 1.247
104.936 1.018
105.789 0.853
106.641 0.852
107.576 0.935
108.595 1.019
109.569 0.974
110.437 0.868
111.283 0.846
112.113 0.83
113.011 0.898
113.937 0.926
114.881 0.944
116.049 1.168
117.116 1.067
118.095 0.979
118.997 0.902
119.842 0.845
120.724 0.882
121.765 1.041
122.717 0.952
123.938 1.221
124.991 1.053
125.897 0.906
126.758 0.861
127.629 0.871
128.643 1.014
129.576 0.933
130.768 1.192
131.858 1.09
132.884 1.026
133.733 0.849
134.55 0.817
135.373 0.823
136.209 0.836
137.1 0.891
138.323 1.223
139.462 1.139
140.407 0.945
141.283 0.876
142.114 0.831
142.924 0.81
143.753 0.829
144.599 0.846
145.482 0.883
146.406 0.924
147.485 1.079
148.441 0.956
149.328 0.887
150.181 0.853
151.044 0.863
151.935 0.891
152.804 0.869
153.654 0.85
154.496 0.842
155.302 0.806
156.075 0.773
156.837 0.762
157.58 0.743
158.38 0.8
159.318 0.938
160.215 0.897
161.107 0.892
162.057 0.95
163.141 1.084
164.021 0.88
164.85 0.829
165.662 0.812
166.547 0.885
167.439 0.892
168.35 0.911
169.256 0.906
170.158 0.902
171.059 0.901
171.892 0.833
172.708 0.816
173.537 0.829
174.39 0.853
175.274 0.884
176.195 0.921
177.118 0.923
178.025 0.907
178.887 0.862
179.735 0.848
180.625 0.89
181.535 0.91
182.41 0.875
183.314 0.904
184.492 1.178
185.576 1.084
186.591 1.015
187.433 0.842
188.314 0.881
189.542 1.228
190.668 1.126
191.707 1.039
192.584 0.877
193.432 0.848
194.338 0.906
195.234 0.896
196.583 1.349
197.741 1.158
198.783 1.042
199.706 0.923
200.578 0.872
201.43 0.852
202.347 0.917
203.274 0.927
204.507 1.233
205.528 1.021
206.418 0.89
207.232 0.814
207.998 0.766
208.752 0.754
209.501 0.749
210.279 0.778
211.129 0.85
212.014 0.885
212.914 0.9
213.819 0.905
214.735 0.916
215.643 0.908
216.509 0.866
217.33 0.821
218.097 0.767
218.885 0.788
219.765 0.88
220.695 0.93
221.563 0.868
222.456 0.893
223.33 0.874
224.2 0.87
225.048 0.848
225.941 0.893
226.809 0.868
227.721 0.912
228.622 0.901
229.51 0.888
230.373 0.863
231.234 0.861
232.085 0.851
232.908 0.823
233.77 0.862
234.632 0.862
235.494 0.862
236.34 0.846
237.161 0.821
238.029 0.868
238.895 0.866
239.768 0.873
240.632 0.864
241.435 0.803
242.247 0.812
243.067 0.82
243.896 0.829
244.724 0.828
245.528 0.804
246.304 0.776
247.058 0.754
247.827 0.769
248.737 0.91
249.624 0.887
250.214 0.59
250.52 0.306
251.434 0.914
252.351 0.917
253.259 0.908
254.143 0.884
255.033 0.89
255.902 0.869
256.77 0.868
257.665 0.895
258.624 0.959
259.794 1.17
260.045 0.251
261.015 0.97
262.03 1.015
262.415 0.385
264.497 2.082
265.271 0.774
266.136 0.865
267.271 1.135
268.261 0.99
268.92 0.659
269.248 0.328
270.066 0.818
271.072 1.006
271.969 0.897
272.893 0.924
273.506 0.613
273.828 0.322
274.098 0.27
274.369 0.271
274.728 0.359
280.996 6.268
281.291 0.295
281.581 0.29
283.251 1.67
283.613 0.362
286.135 2.522
291.392 5.257
292.298 0.906
293.214 0.916
293.534 0.32
295.22 1.686
295.506 0.286
295.855 0.349
296.707 0.852
297.103 0.396
297.4 0.297
297.675 0.275
298.068 0.393
298.371 0.303
298.646 0.275
298.914 0.268
299.176 0.262
299.792 0.616
300.866 1.074
308.952 0.956
309.895 0.943
310.728 0.833
311.524 0.796
312.351 0.827
313.182 0.831
314.016 0.834
314.874 0.858
315.72 0.846
316.558 0.838
317.439 0.881
318.332 0.893
319.226 0.894
320.107 0.881
320.94 0.833
321.774 0.834
322.611 0.837
323.45 0.839
324.31 0.86
325.539 1.229
326.663 1.124
327.642 0.979
328.509 0.867
329.355 0.846
330.183 0.828
331.0 0.817
331.858 0.858
332.759 0.901
334.084 1.325
335.276 1.192
336.247 0.971
337.085 0.838
337.932 0.847
338.813 0.881
339.718 0.905
340.618 0.9
341.567 0.949
342.478 0.911
343.347 0.869
344.232 0.885
345.129 0.897
346.126 0.997
347.284 1.158
348.276 0.992
349.224 0.948
350.112 0.888
350.988 0.876
351.871 0.883
352.754 0.883
353.671 0.917
354.601 0.93
355.509 0.908
356.439 0.93
357.321 0.882
358.034 0.713
358.697 0.663
359.018 0.321
359.876 0.858
360.738 0.862
361.648 0.91
362.912 1.264
363.48 0.568
364.089 0.609
365.14 1.051
365.97 0.83
366.91 0.94
367.713 0.803
368.587 0.874
369.765 1.178
370.349 0.584
370.953 0.604
372.055 1.102
372.99 0.935
373.877 0.887
374.725 0.848
375.573 0.848
376.444 0.871
377.062 0.618
377.382 0.32
378.653 1.271
379.784 1.131
380.302 0.518
380.768 0.466
381.671 0.903
382.614 0.943
383.56 0.946
384.475 0.915
385.345 0.87
386.223 0.878
387.145 0.922
388.075 0.93
388.988 0.913
389.91 0.922
390.833 0.923
391.736 0.903
392.622 0.886
393.536 0.914
394.445 0.909
395.312 0.867
396.198 0.886
397.078 0.88
397.938 0.86
398.79 0.852
399.633 0.843
400.445 0.812
401.242 0.797
402.136 0.894
403.084 0.948
404.001 0.917
404.9 0.899
405.808 0.908
406.681 0.873
407.534 0.853
408.425 0.891
409.234 0.809
410.016 0.782
410.768 0.752
411.608 0.84
412.516 0.908
412.863 0.347
413.373 0.51
414.28 0.907
415.207 0.927
416.172 0.965
417.039 0.867
417.91 0.871
418.735 0.825
419.554 0.819
420.393 0.839
421.252 0.859
422.131 0.879
423.029 0.898
423.947 0.918
424.842 0.895
425.705 0.863
426.588 0.883
427.48 0.892
428.38 0.9
429.242 0.862
430.095 0.853
430.953 0.858
431.761 0.808
432.546 0.785
433.273 0.727
434.03 0.757
434.949 0.919
435.936 0.987
436.841 0.905
437.742 0.901
438.636 0.894
439.498 0.862
440.38 0.882
441.253 0.873
442.199 0.946
443.492 1.293
444.704 1.212
445.76 1.056
446.667 0.907
447.613 0.946
448.536 0.923
449.441 0.905
450.383 0.942
451.595 1.212
452.762 1.167
453.814 1.052
454.702 0.888
455.542 0.84
456.383 0.841
457.222 0.839
458.229 1.007
459.227 0.998
460.496 1.269
461.527 1.031
462.437 0.91
463.331 0.894
464.238 0.907
465.153 0.915
466.061 0.908
466.984 0.923
467.906 0.922
468.798 0.892
469.661 0.863
470.511 0.85
471.368 0.857
472.264 0.896
473.243 0.979
474.355 1.112
475.333 0.978
476.237 0.904
477.097 0.86
477.953 0.856
478.8 0.847
479.658 0.858
480.527 0.869
481.455 0.928
482.656 1.201
483.67 1.014
484.606 0.936
485.513 0.907
486.425 0.912
487.397 0.972
488.402 1.005
489.373 0.971
490.321 0.948
491.241 0.92
492.14 0.899
492.995 0.855
493.828 0.833
494.702 0.874
495.683 0.981
496.604 0.921
497.549 0.945
498.731 1.182
499.785 1.054
500.721 0.936
501.58 0.859
502.402 0.822
503.237 0.835
504.182 0.945
505.33 1.148
506.45 1.12
507.551 1.101
508.478 0.927
509.339 0.861
510.169 0.83
510.993 0.824
511.874 0.881
512.775 0.901
513.686 0.911
514.596 0.91
515.754 1.158
516.768 1.014
517.691 0.923
518.609 0.918
519.538 0.929
520.399 0.861
521.283 0.884
522.148 0.865
523.001 0.853
523.876 0.875
524.761 0.885
525.67 0.909
526.856 1.186
527.862 1.006
528.762 0.9
529.628 0.866
530.563 0.935
531.461 0.898
532.335 0.874
533.173 0.838
533.982 0.809
534.801 0.819
535.66 0.859
536.549 0.889
537.46 0.911
538.661 1.201
539.72 1.059
540.657 0.937
541.519 0.862
542.364 0.845
543.255 0.891
544.161 0.906
545.084 0.923
546.015 0.931
546.906 0.891
547.783 0.877
548.627 0.844
549.464 0.837
550.33 0.866
551.223 0.893
552.14 0.917
553.046 0.906
553.958 0.912
554.849 0.891
555.719 0.87
556.57 0.851
557.411 0.841
558.27 0.859
559.133 0.863
560.028 0.895
560.927 0.899
561.788 0.861
562.631 0.843
563.475 0.844
564.362 0.887
565.259 0.897
566.168 0.909
567.034 0.866
567.923 0.889
568.813 0.89
569.713 0.9
570.601 0.888
571.474 0.873
572.324 0.85
573.131 0.807
573.932 0.801
574.687 0.755
575.472 0.785
576.42 0.948
577.364 0.944
578.32 0.956
579.181 0.861
580.037 0.856
580.895 0.858
581.715 0.82
582.553 0.838
583.428 0.875
584.35 0.922
585.278 0.928
586.145 0.867
587.002 0.857
587.817 0.815
588.616 0.799
589.342 0.726
590.055 0.713
590.874 0.819
591.89 1.016
592.906 1.016
593.884 0.978
594.797 0.913
595.63 0.833
596.435 0.805
597.263 0.828
598.167 0.904
599.059 0.892
599.897 0.838
600.732 0.835
601.571 0.839
602.403 0.832
603.236 0.833
604.036 0.8
604.836 0.8
605.599 0.763
606.366 0.767