0.000 0.542
0.542 0.542
1.086 0.544
1.626 0.54
2.165 0.539
2.704 0.539
3.241 0.537
3.785 0.544
4.332 0.547
4.882 0.55
5.432 0.55
5.982 0.55
6.521 0.539
7.062 0.541
7.611 0.549
8.155 0.544
8.693 0.538
9.232 0.539
9.771 0.539
10.308 0.537
10.837 0.529
11.361 0.524
11.883 0.522
12.41 0.527
12.939 0.529
13.464 0.525
13.991 0.527
14.525 0.534
15.056 0.531
15.585 0.529
16.111 0.526
16.635 0.524
17.164 0.529
17.694 0.53
18.229 0.535
18.763 0.534
19.295 0.532
19.827 0.532
20.363 0.536
20.907 0.544
21.463 0.556
22.023 0.56
22.573 0.55
23.121 0.548
23.677 0.556
24.242 0.565
24.811 0.569
25.387 0.576
25.954 0.567
26.455 0.501
26.925 0.47
27.298 0.373
27.612 0.314
28.161 0.549
28.706 0.545
29.254 0.548
29.832 0.578
30.439 0.607
31.066 0.627
31.686 0.62
32.297 0.611
32.897 0.6
33.489 0.592
34.068 0.579
34.637 0.569
35.199 0.562
35.751 0.552
36.294 0.543
36.83 0.536
37.379 0.549
37.934 0.555
38.518 0.584
39.231 0.713
39.962 0.731
40.65 0.688
41.338 0.688
41.98 0.642
42.557 0.577
43.13 0.573
43.688 0.558
44.237 0.549
44.777 0.54
45.315 0.538
45.851 0.536
46.396 0.545
46.965 0.569
47.558 0.593
48.173 0.615
48.427 0.254
48.754 0.327
49.028 0.274
49.691 0.663
50.41 0.719
51.124 0.714
51.818 0.694
52.489 0.671
53.066 0.577
53.635 0.569
54.19 0.555
54.746 0.556
55.301 0.555
55.845 0.544
56.386 0.541
56.927 0.541
57.476 0.549
58.034 0.558
58.612 0.578
59.191 0.579
59.773 0.582
60.395 0.622
61.159 0.764
61.9 0.741
62.594 0.694
63.2 0.606
63.791 0.591
64.378 0.587
64.955 0.577
65.519 0.564
66.072 0.553
66.621 0.549
67.166 0.545
67.712 0.546
68.25 0.538
68.785 0.535
69.319 0.534
69.798 0.479
70.38 0.582
70.686 0.306
71.437 0.751
71.968 0.531
72.494 0.526
73.019 0.525
73.553 0.534
74.104 0.551
74.677 0.573
75.261 0.584
75.855 0.594
76.462 0.607
77.079 0.617
77.706 0.627
78.343 0.637
78.995 0.652
79.658 0.663
80.301 0.643
80.928 0.627
81.546 0.618
82.155 0.609
82.75 0.595
83.323 0.573
83.893 0.57
84.457 0.564
85.02 0.563
85.59 0.57
86.156 0.566
86.724 0.568
87.286 0.562
87.848 0.562
88.41 0.562
88.978 0.568
89.562 0.584
90.163 0.601
90.765 0.602
91.352 0.587
91.944 0.592
92.546 0.602
93.163 0.617
93.791 0.628
94.42 0.629
95.071 0.651
95.737 0.666
96.402 0.665
97.054 0.652
97.697 0.643
98.33 0.633
98.953 0.623
99.563 0.61
100.156 0.593
100.738 0.582
101.298 0.56
101.848 0.55
102.389 0.541
102.926 0.537
103.466 0.54
104.018 0.552
104.595 0.577
105.204 0.609
105.831 0.627
106.461 0.63
107.29 0.829
108.032 0.742
108.763 0.731
109.484 0.721
110.154 0.67
110.734 0.58
111.31 0.576
111.867 0.557
112.418 0.551
112.962 0.544
113.498 0.536
114.025 0.527
114.55 0.525
115.081 0.531
115.631 0.55
116.201 0.57
116.789 0.588
117.377 0.588
117.952 0.575
118.526 0.574
119.106 0.58
119.699 0.593
120.308 0.609
120.93 0.622
121.543 0.613
122.187 0.644
122.818 0.631
123.429 0.611
124.018 0.589
124.595 0.577
125.163 0.568
125.724 0.561
126.279 0.555
126.84 0.561
127.407 0.567
127.971 0.564
128.526 0.555
129.08 0.554
130.379 1.299
132.871 2.492
141.997 0.614
142.611 0.614
143.217 0.606
143.818 0.601
144.406 0.588
144.992 0.586
145.575 0.583
146.146 0.571
146.709 0.563
147.265 0.556
147.82 0.555
148.373 0.553
148.929 0.556
149.496 0.567
150.062 0.566
150.636 0.574
151.212 0.576
151.789 0.577
152.356 0.567
152.926 0.57
153.505 0.579
154.095 0.59
154.693 0.598
155.295 0.602
155.886 0.591
156.47 0.584
157.06 0.59
157.657 0.597
158.26 0.603
158.874 0.614
159.489 0.615
160.095 0.606
160.688 0.593
161.274 0.586
161.861 0.587
162.453 0.592
163.06 0.607
163.683 0.623
164.307 0.624
164.925 0.618
165.524 0.599
166.113 0.589
166.697 0.584
167.281 0.584
167.866 0.585
168.458 0.592
169.044 0.586
169.625 0.581
170.2 0.575
170.774 0.574
171.354 0.58
171.94 0.586
172.535 0.595
173.134 0.599
173.719 0.585
174.307 0.588
174.902 0.595
175.508 0.606
176.11 0.602
176.704 0.594
177.302 0.598
177.898 0.596
178.494 0.596
179.089 0.595
179.673 0.584
180.249 0.576
180.826 0.577
181.396 0.57
181.976 0.58
182.58 0.604
183.211 0.631
183.855 0.644
184.644 0.789
185.4 0.756
186.13 0.73
186.854 0.724
187.538 0.684
188.152 0.614
188.759 0.607
189.35 0.591
189.925 0.575
190.493 0.568
191.058 0.565
191.628 0.57
192.201 0.573
192.785 0.584
193.38 0.595
193.972 0.592
194.562 0.59
195.147 0.585
195.73 0.583
196.321 0.591
196.923 0.602
197.539 0.616
198.169 0.63
198.793 0.624
199.436 0.643
200.097 0.661
200.748 0.651
201.381 0.633
202.013 0.632
202.629 0.616
203.238 0.609
203.837 0.599
204.433 0.596
205.024 0.591
205.604 0.58
206.182 0.578
206.768 0.586
207.363 0.595
207.964 0.601
208.583 0.619
209.192 0.609
209.791 0.599
210.391 0.6
210.992 0.601
211.601 0.609
212.219 0.618
212.838 0.619
213.45 0.612
214.048 0.598
214.661 0.613
215.272 0.611
215.886 0.614
216.495 0.609
217.101 0.606
217.711 0.61
218.32 0.609
218.927 0.607
219.531 0.604
220.131 0.6
220.727 0.596
221.316 0.589
221.892 0.576
222.468 0.576
223.043 0.575
223.613 0.57
224.185 0.572
224.752 0.567
225.319 0.567
225.895 0.576
226.479 0.584
227.066 0.587
227.658 0.592
228.246 0.588
228.83 0.584
229.415 0.585
229.991 0.576
230.559 0.568
231.117 0.558
231.682 0.565
232.251 0.569
232.825 0.574
233.405 0.58
233.977 0.572
234.565 0.588
235.166 0.601
235.779 0.613
236.389 0.61
236.982 0.593
237.586 0.604
238.193 0.607
238.798 0.605
239.391 0.593
239.981 0.59
240.574 0.593
241.172 0.598
241.764 0.592
242.35 0.586
242.926 0.576
243.498 0.572
244.065 0.567
244.636 0.571
245.223 0.587
245.837 0.614
246.478 0.641
247.14 0.662
247.795 0.655
248.456 0.661
249.105 0.649
249.727 0.622
250.334 0.607
250.942 0.608
251.548 0.606
252.149 0.601
252.735 0.586
253.322 0.587
253.914 0.592
254.511 0.597
255.111 0.6
255.701 0.59
256.293 0.592
256.892 0.599
257.5 0.608
258.105 0.605
258.708 0.603
259.3 0.592
259.886 0.586
260.464 0.578
261.038 0.574
261.612 0.574
262.205 0.593
262.836 0.631
263.488 0.652
264.166 0.678
264.859 0.693
265.533 0.674
266.199 0.666
266.848 0.649
267.487 0.639
268.12 0.633
268.743 0.623
269.351 0.608
269.946 0.595
270.543 0.597
271.142 0.599
271.747 0.605
272.381 0.634
273.049 0.668
273.747 0.698
274.438 0.691
275.11 0.672
275.764 0.654
276.397 0.633
277.012 0.615
277.617 0.605
278.215 0.598
278.819 0.604
279.434 0.615
280.072 0.638
280.724 0.652
281.371 0.647
282.003 0.632
282.622 0.619
283.235 0.613
283.855 0.62
284.477 0.622
285.1 0.623
285.72 0.62
286.324 0.604
286.936 0.612
287.556 0.62
288.162 0.606
288.758 0.596
289.337 0.579
289.905 0.568
290.468 0.563
291.026 0.558
291.583 0.557
292.145 0.562
292.717 0.572
293.299 0.582
293.897 0.598
294.503 0.606
295.163 0.66
295.882 0.719
296.593 0.711
297.308 0.715
297.975 0.667
298.634 0.659
299.269 0.635
299.893 0.624
300.498 0.605
301.088 0.59
301.669 0.581
302.237 0.568
302.796 0.559
303.358 0.562
303.916 0.558
304.472 0.556
305.034 0.562
305.604 0.57
306.19 0.586
306.86 0.67
307.631 0.771
308.404 0.773
309.209 0.805
310.015 0.806
310.802 0.787
311.563 0.761
312.288 0.725
312.913 0.625
313.527 0.614
314.131 0.604
314.725 0.594
315.312 0.587
315.897 0.585
316.485 0.588
317.095 0.61
317.774 0.679
318.526 0.752
319.296 0.77
320.033 0.737
320.695 0.662
321.339 0.644
321.973 0.634
322.595 0.622
323.201 0.606
323.794 0.593
324.381 0.587
324.968 0.587
325.564 0.596
326.205 0.641
326.915 0.71
327.617 0.702
328.3 0.683
328.965 0.665
329.61 0.645
330.253 0.643
330.884 0.631
331.496 0.612
332.102 0.606
332.706 0.604
333.321 0.615
333.94 0.619
334.573 0.633
335.205 0.632
335.842 0.637
336.459 0.617
337.069 0.61
337.674 0.605
338.284 0.61
338.904 0.62
339.543 0.639
340.207 0.664
340.883 0.676
341.556 0.673
342.213 0.657
342.845 0.632
343.478 0.633
344.113 0.635
344.749 0.636
345.38 0.631
345.997 0.617
346.615 0.618
347.238 0.623
347.871 0.633
348.512 0.641
349.132 0.62
349.751 0.619
350.381 0.63
351.023 0.642
351.671 0.648
352.308 0.637
352.928 0.62
353.561 0.633
354.194 0.633
354.829 0.635
355.458 0.629
356.072 0.614
356.693 0.621
357.319 0.626
357.953 0.634
358.593 0.64
359.215 0.622
359.841 0.626
360.478 0.637
361.132 0.654
361.787 0.655
362.425 0.638
363.046 0.621
363.672 0.626
364.306 0.634
364.941 0.635
365.579 0.638
366.198 0.619
366.814 0.616
367.438 0.624
368.068 0.63
368.715 0.647
369.363 0.648
369.995 0.632
370.615 0.62
371.235 0.62
371.861 0.626
372.491 0.63
373.119 0.628
373.734 0.615
374.348 0.614
374.965 0.617
375.587 0.622
376.219 0.632
376.836 0.617
377.453 0.617
378.073 0.62
378.702 0.629
379.327 0.625
379.935 0.608
380.546 0.611
381.161 0.615
381.779 0.618
382.405 0.626
383.016 0.611
383.627 0.611
384.245 0.618
384.874 0.629
385.514 0.64
386.146 0.632
386.774 0.628
387.409 0.635
388.059 0.65
388.706 0.647
389.341 0.635
389.966 0.625
390.595 0.629
391.232 0.637
391.858 0.626
392.475 0.617
393.089 0.614
393.711 0.622
394.34 0.629
394.98 0.64
395.61 0.63
396.237 0.627
396.878 0.641
397.525 0.647
398.176 0.651
398.814 0.638
399.436 0.622
400.049 0.613
400.655 0.606
401.259 0.604
401.891 0.632
402.532 0.641
403.171 0.639
403.81 0.639
404.438 0.628
405.08 0.642
405.716 0.636
406.329 0.613
406.936 0.607
407.541 0.605
408.151 0.61
408.758 0.607
409.369 0.611
409.987 0.618
410.602 0.615
411.208 0.606
411.817 0.609
412.423 0.606
413.033 0.61
413.66 0.627
414.298 0.638
414.958 0.66
415.651 0.693
416.381 0.73
417.116 0.735
417.873 0.757
418.631 0.758
419.394 0.763
420.15 0.756
420.88 0.73
421.581 0.701
422.268 0.687
422.932 0.664
423.567 0.635
424.199 0.632
424.813 0.614
425.427 0.614
426.038 0.611
426.643 0.605
427.245 0.602
427.849 0.604
428.462 0.613
429.102 0.64
429.789 0.687
430.518 0.729
431.282 0.764
432.05 0.768
432.81 0.76
433.519 0.709
434.202 0.683
434.865 0.663
435.534 0.669
436.196 0.662
436.845 0.649
437.491 0.646
438.135 0.644
438.778 0.643
439.403 0.625
440.024 0.621
440.638 0.614
441.262 0.624
441.925 0.663
442.66 0.735
443.471 0.811
444.283 0.812
445.121 0.838
445.946 0.825
446.753 0.807
447.536 0.783
448.285 0.749
448.97 0.685
449.608 0.638
450.233 0.625
450.857 0.624
451.497 0.64
452.18 0.683
452.893 0.713
453.613 0.72
454.321 0.708
455.037 0.716
455.74 0.703
456.411 0.671
457.088 0.677
457.785 0.697
458.456 0.671
459.144 0.688
459.825 0.681
460.472 0.647
461.113 0.641
461.764 0.651
462.43 0.666
463.13 0.7
463.866 0.736
464.606 0.74
465.317 0.711
466.004 0.687
466.691 0.687
467.396 0.705
468.095 0.699
468.771 0.676
469.429 0.658
470.101 0.672
470.777 0.676
471.448 0.671
472.099 0.651
472.762 0.663
473.432 0.67
474.116 0.684
474.814 0.698
475.503 0.689
476.161 0.658
476.824 0.663
477.489 0.665
478.163 0.674
478.833 0.67
479.489 0.656
480.156 0.667
480.836 0.68
481.525 0.689
482.212 0.687
482.872 0.66
483.541 0.669
484.211 0.67
484.889 0.678
485.553 0.664
486.2 0.647
486.864 0.664
487.544 0.68
488.221 0.677
488.905 0.684
489.584 0.679
490.257 0.673
490.911 0.654
491.555 0.644
492.183 0.628
492.807 0.624
493.429 0.622
494.063 0.634
494.757 0.694
495.482 0.725
496.236 0.754
496.995 0.759
497.744 0.749
498.478 0.734
499.199 0.721
499.902 0.703
500.575 0.673
501.222 0.647
501.849 0.627
502.478 0.629
503.091 0.613
503.702 0.611
504.32 0.618
504.948 0.628
505.584 0.636
506.237 0.653
506.908 0.671
507.581 0.673
508.233 0.652
508.896 0.663
509.561 0.665
510.24 0.679
510.916 0.676
511.57 0.654
512.233 0.663
512.902 0.669
513.58 0.678
514.261 0.681
514.925 0.664
515.584 0.659
516.257 0.673
516.941 0.684
517.625 0.684
518.291 0.666
518.954 0.663
519.629 0.675
520.309 0.68
520.979 0.67
521.623 0.644
522.285 0.662
522.952 0.667
523.622 0.67
524.301 0.679
524.963 0.662
525.627 0.664
526.309 0.682
526.997 0.688
527.69 0.693
528.37 0.68
529.028 0.658
529.693 0.665
530.357 0.664
531.016 0.659
531.677 0.661
532.333 0.656
532.973 0.64
533.608 0.635
534.25 0.642
534.896 0.646
535.553 0.657
536.228 0.675
536.885 0.657
537.552 0.667
538.229 0.677
538.903 0.674
539.582 0.679
540.241 0.659
540.887 0.646
541.531 0.644
542.178 0.647
542.821 0.643
543.471 0.65
544.111 0.64
544.748 0.637
545.396 0.648
546.051 0.655
546.71 0.659
547.377 0.667
548.046 0.669
548.711 0.665
549.356 0.645
549.995 0.639
550.637 0.642
551.285 0.648
551.938 0.653
552.599 0.661
553.264 0.665
553.928 0.664
554.577 0.649
555.211 0.634
555.838 0.627
556.473 0.635
557.111 0.638
557.771 0.66
558.445 0.674
559.127 0.682
559.781 0.654
560.438 0.657
561.112 0.674
561.797 0.685
562.492 0.695
563.2 0.708
563.883 0.683
564.565 0.682
565.253 0.688
565.943 0.69
566.624 0.681
567.307 0.683
567.976 0.669
568.632 0.656
569.274 0.642
569.915 0.641
570.564 0.649
571.218 0.654
571.892 0.674
572.588 0.696
573.271 0.683
573.946 0.675
574.637 0.691
575.324 0.687
576.004 0.68
576.662 0.658
577.311 0.649
577.962 0.651
578.608 0.646
579.254 0.646
579.889 0.635
580.524 0.635
581.172 0.648
581.822 0.65
582.484 0.662
583.135 0.651
583.804 0.669
584.473 0.669
585.148 0.675
585.803 0.655
586.46 0.657
587.109 0.649
587.75 0.641
588.385 0.635
589.014 0.629
589.649 0.635
590.281 0.632
590.918 0.637
591.554 0.636
592.18 0.626
592.79 0.61
593.393 0.603
593.988 0.595
594.574 0.586
595.169 0.595
595.761 0.592
596.361 0.6
596.969 0.608
597.579 0.61
598.212 0.633
598.854 0.642
599.517 0.663
600.167 0.65
600.816 0.649
601.484 0.668
602.152 0.668
602.819 0.667
603.476 0.657
604.121 0.645
604.776 0.655
605.426 0.65
606.069 0.643
606.707 0.638
607.339 0.632
607.968 0.629
608.592 0.624
609.219 0.627