0.000 0.512
0.512 0.512
0.876 0.364
1.771 0.895
2.655 0.884
3.504 0.849
4.394 0.89
5.371 0.977
6.369 0.998
7.358 0.989
8.293 0.935
9.16 0.867
10.065 0.905
11.001 0.936
11.912 0.911
12.847 0.935
13.767 0.92
14.656 0.889
15.508 0.852
16.38 0.872
17.324 0.944
18.374 1.05
19.437 1.063
20.422 0.985
21.367 0.945
22.341 0.974
23.315 0.974
24.219 0.904
25.106 0.887
26.018 0.912
26.962 0.944
27.884 0.922
28.813 0.929
29.782 0.969
30.792 1.01
31.724 0.932
32.625 0.901
33.584 0.959
34.613 1.029
35.666 1.053
36.663 0.997
37.605 0.942
38.572 0.967
39.569 0.997
40.53 0.961
41.405 0.875
42.261 0.856
43.206 0.945
44.241 1.035
45.27 1.029
46.268 0.998
47.215 0.947
48.126 0.911
49.071 0.945
50.096 1.025
51.161 1.065
52.154 0.993
53.116 0.962
54.115 0.999
55.129 1.014
56.163 1.034
57.112 0.949
58.018 0.906
58.961 0.943
59.96 0.999
60.966 1.006
61.963 0.997
62.934 0.971
63.838 0.904
64.746 0.908
65.705 0.959
66.725 1.02
67.753 1.028
68.768 1.015
69.761 0.993
70.7 0.939
71.618 0.918
72.573 0.955
73.564 0.991
74.557 0.993
75.587 1.03
76.576 0.989
77.486 0.91
78.434 0.948
79.429 0.995
80.471 1.042
81.485 1.014
82.394 0.909
83.262 0.868
84.19 0.928
85.205 1.015
86.217 1.012
87.146 0.929
88.043 0.897
88.982 0.939
89.952 0.97
90.897 0.945
91.792 0.895
92.753 0.961
93.727 0.974
94.74 1.013
95.723 0.983
96.617 0.894
97.522 0.905
98.475 0.953
99.479 1.004
100.471 0.992
101.442 0.971
102.366 0.924
103.322 0.956
104.286 0.964
105.223 0.937
106.11 0.887
106.994 0.884
107.954 0.96
108.957 1.003
109.913 0.956
110.808 0.895
111.724 0.916
112.696 0.972
113.68 0.984
114.655 0.975
115.572 0.917
116.435 0.863
117.318 0.883
118.287 0.969
119.275 0.988
120.204 0.929
121.12 0.916
122.057 0.937
123.026 0.969
123.959 0.933
124.85 0.891
125.785 0.935
126.768 0.983
127.768 1.0
128.72 0.952
129.641 0.921
130.569 0.928
131.524 0.955
132.497 0.973
133.467 0.97
134.405 0.938
135.351 0.946
136.355 1.004
137.373 1.018
138.424 1.051
139.435 1.011
140.428 0.993
141.384 0.956
142.301 0.917
143.184 0.883
144.117 0.933
145.129 1.012
146.116 0.987
147.023 0.907
147.884 0.861
148.809 0.925
149.758 0.949
150.691 0.933
151.553 0.862
152.446 0.893
153.396 0.95
154.373 0.977
155.285 0.912
156.229 0.944
157.207 0.978
158.202 0.995
159.14 0.938
160.062 0.922
161.036 0.974
162.034 0.998
163.036 1.002
163.979 0.943
164.911 0.932
165.894 0.983
166.869 0.975
167.871 1.002
168.816 0.945
169.717 0.901
170.67 0.953
171.639 0.969
172.631 0.992
173.543 0.912
174.437 0.894
175.371 0.934
176.351 0.98
177.324 0.973
178.24 0.916
179.104 0.864
179.964 0.86
180.859 0.895
181.796 0.937
182.742 0.946
183.617 0.875
184.484 0.867
185.394 0.91
186.349 0.955
187.333 0.984
188.322 0.989
189.248 0.926
190.129 0.881
191.019 0.89
191.963 0.944
192.93 0.967
193.893 0.963
194.822 0.929
195.694 0.872
196.537 0.843
197.357 0.82
198.135 0.778
198.95 0.815
199.833 0.883
200.705 0.872
201.624 0.919
202.544 0.92
203.436 0.892
204.31 0.874
205.162 0.852
206.063 0.901
207.026 0.963
208.028 1.002
209.012 0.984
209.934 0.922
210.809 0.875
211.654 0.845
212.545 0.891
213.492 0.947
214.446 0.954
215.389 0.943
216.305 0.916
217.182 0.877
218.041 0.859
218.901 0.86
219.841 0.94
220.821 0.98
221.816 0.995
222.814 0.998
223.789 0.975
224.688 0.899
225.553 0.865
226.418 0.865
227.311 0.893
228.247 0.936
229.214 0.967
230.164 0.95
231.094 0.93
231.976 0.882
232.823 0.847
233.652 0.829
234.499 0.847
235.403 0.904
236.353 0.95
237.317 0.964
238.278 0.961
239.203 0.925
240.097 0.894
240.955 0.858
241.814 0.859
242.732 0.918
243.7 0.968
244.676 0.976
245.662 0.986
246.632 0.97
247.567 0.935
248.454 0.887
249.316 0.862
250.197 0.881
251.154 0.957
252.131 0.977
253.094 0.963
254.075 0.981
255.011 0.936
255.92 0.909
256.789 0.869
257.614 0.825
258.42 0.806
259.24 0.82
260.122 0.882
261.021 0.899
261.918 0.897
262.809 0.891
263.643 0.834
264.427 0.784
265.241 0.814
266.129 0.888
267.045 0.916
267.915 0.87
268.763 0.848
269.599 0.836
270.493 0.894
271.421 0.928
272.379 0.958
273.339 0.96
274.286 0.947
275.227 0.941
276.182 0.955
277.116 0.934
277.991 0.875
278.853 0.862
279.741 0.888
280.702 0.961
281.689 0.987
282.69 1.001
283.673 0.983
284.588 0.915
285.447 0.859
286.292 0.845
287.175 0.883
288.124 0.949
289.118 0.994
290.136 1.018
291.106 0.97
292.007 0.901
292.87 0.863
293.753 0.883
294.657 0.904
295.577 0.92
296.471 0.894
297.328 0.857
298.195 0.867
299.142 0.947
300.096 0.954
301.061 0.965
301.991 0.93
302.888 0.897
303.771 0.883
304.639 0.868
305.561 0.922
306.507 0.946
307.462 0.955
308.417 0.955
309.351 0.934
310.308 0.957
311.239 0.931
312.109 0.87
312.961 0.852
313.805 0.844
314.707 0.902
315.651 0.944
316.627 0.976
317.591 0.964
318.551 0.96
319.488 0.937
320.371 0.883
321.233 0.862
322.078 0.845
322.945 0.867
323.866 0.921
324.865 0.999
325.859 0.994
326.829 0.97
327.721 0.892
328.58 0.859
329.432 0.852
330.309 0.877
331.243 0.934
332.194 0.951
333.173 0.979
334.158 0.985
335.104 0.946
336.039 0.935
336.947 0.908
337.798 0.851
338.608 0.81
339.419 0.811
340.276 0.857
341.192 0.916
342.149 0.957
343.095 0.946
344.032 0.937
344.962 0.93
345.884 0.922
346.769 0.885
347.643 0.874
348.487 0.844
349.342 0.855
350.231 0.889
351.16 0.929
352.139 0.979
353.097 0.958
354.014 0.917
354.869 0.855
355.671 0.802
356.459 0.788
357.277 0.818
358.151 0.874
359.074 0.923
360.045 0.971
361.036 0.991
361.999 0.963
362.937 0.938
363.849 0.912
364.717 0.868
365.595 0.878
366.493 0.898
367.43 0.937
368.373 0.943
369.293 0.92
370.205 0.912
371.084 0.879
371.925 0.841
372.753 0.828
373.595 0.842
374.492 0.897
375.422 0.93
376.369 0.947
377.311 0.942
378.257 0.946
379.145 0.888
379.982 0.837
380.828 0.846
381.719 0.891
382.669 0.95
383.612 0.943
384.551 0.939
385.495 0.944
386.398 0.903
387.269 0.871
388.114 0.845
388.996 0.882
389.928 0.932
390.88 0.952
391.828 0.948
392.769 0.941
393.711 0.942
394.63 0.919
395.517 0.887
396.379 0.862
397.224 0.845
398.115 0.891
399.087 0.972
400.065 0.978
401.033 0.968
401.991 0.958
402.889 0.898
403.75 0.861
404.632 0.882
405.546 0.914
406.478 0.932
407.351 0.873
408.159 0.808
409.001 0.842
409.871 0.87
410.721 0.85
411.581 0.86
412.414 0.833
413.281 0.867
414.202 0.921
415.131 0.929
416.065 0.934
416.964 0.899
417.808 0.844
418.63 0.822
419.483 0.853
420.381 0.898
421.314 0.933
422.261 0.947
423.19 0.929
424.102 0.912
424.971 0.869
425.83 0.859
426.695 0.865
427.581 0.886
428.532 0.951
429.485 0.953
430.425 0.94
431.349 0.924
432.227 0.878
433.069 0.842
433.916 0.847
434.802 0.886
435.713 0.911
436.64 0.927
437.571 0.931
438.499 0.928
439.436 0.937
440.364 0.928
441.29 0.926
442.213 0.923
443.132 0.919
443.998 0.866
444.823 0.825
445.656 0.833
446.546 0.89
447.461 0.915
448.369 0.908
449.265 0.896
450.133 0.868
450.976 0.843
451.919 0.943
452.871 0.952
453.807 0.936
454.697 0.89
455.525 0.828
456.354 0.829
457.204 0.85
458.071 0.867
458.983 0.912
459.837 0.854
460.68 0.843
461.557 0.877
462.462 0.905
463.383 0.921
464.284 0.901
465.187 0.903
466.165 0.978
467.149 0.984
468.084 0.935
468.983 0.899
469.894 0.911
470.801 0.907
471.716 0.915
472.591 0.875
473.423 0.832
474.296 0.873
475.209 0.913
476.15 0.941
477.083 0.933
477.989 0.906
478.903 0.914
479.833 0.93
480.774 0.941
481.727 0.953
482.661 0.934
483.542 0.881
484.436 0.894
485.355 0.919
486.316 0.961
487.245 0.929
488.114 0.869
488.952 0.838
489.833 0.881
490.744 0.911
491.679 0.935
492.532 0.853
493.371 0.839
494.231 0.86
495.119 0.888
496.016 0.897
496.896 0.88
497.823 0.927
498.763 0.94
499.659 0.896
500.567 0.908
501.475 0.908
502.348 0.873
503.201 0.853
504.082 0.881
504.98 0.898
505.871 0.891
506.727 0.856
507.604 0.877
508.497 0.893
509.342 0.845
510.214 0.872
511.119 0.905
512.051 0.932
512.932 0.881
513.808 0.876
514.729 0.921
515.661 0.932
516.576 0.915
517.442 0.866
518.327 0.885
519.207 0.88
520.11 0.903
520.979 0.869
521.847 0.868
522.757 0.91
523.718 0.961
524.668 0.95
525.576 0.908
526.457 0.881
527.351 0.894
528.214 0.863
529.054 0.84
529.907 0.853
530.805 0.898
531.72 0.915
532.592 0.872
533.424 0.832
534.291 0.867
535.196 0.905
536.108 0.912
537.019 0.911
537.891 0.872
538.71 0.819
539.538 0.828
540.414 0.876
541.32 0.906
542.263 0.943
543.142 0.879
543.984 0.842
544.862 0.878
545.701 0.839
546.472 0.771
547.237 0.765
548.051 0.814
548.845 0.794
549.635 0.79
550.476 0.841
551.362 0.886
552.24 0.878
553.134 0.894
554.029 0.895
554.929 0.9
555.784 0.855
556.594 0.81
557.385 0.791
558.179 0.794
558.937 0.758
559.704 0.767
560.467 0.763
561.216 0.749
561.964 0.748
562.692 0.728
563.403 0.711
564.143 0.74
564.911 0.768
565.694 0.783
566.478 0.784
567.247 0.769
568.018 0.771
568.803 0.785
569.592 0.789
570.359 0.767
571.107 0.748
571.893 0.786
572.713 0.82
573.519 0.806
574.281 0.762
575.042 0.761
575.836 0.794
576.638 0.802
577.451 0.813
578.245 0.794
579.038 0.793
579.872 0.834
580.697 0.825
581.494 0.797
582.269 0.775
583.191 0.922
584.176 0.985
585.127 0.951
586.0 0.873
586.837 0.837
587.656 0.819
588.496 0.84
589.389 0.893
590.307 0.918
591.276 0.969
592.199 0.923
593.121 0.922
594.004 0.883
594.872 0.868
595.776 0.904
596.78 1.004
597.781 1.001
598.766 0.985
599.744 0.978