0.000 0.828
0.828 0.828
1.341 0.513
1.706 0.365
2.6 0.894
6.223 3.623
7.029 0.806
7.842 0.813
8.564 0.722
9.14 0.576
10.129 0.989
10.94 0.811
11.748 0.808
12.503 0.755
13.342 0.839
13.742 0.4
14.086 0.344
14.851 0.765
15.179 0.328
15.619 0.44
15.937 0.318
16.315 0.378
17.029 0.714
17.762 0.733
18.484 0.722
18.788 0.304
19.071 0.283
19.986 0.915
20.731 0.745
21.037 0.306
23.32 2.283
23.577 0.257
25.973 2.396
26.618 0.645
28.312 1.694
29.13 0.818
29.511 0.381
31.172 1.661
31.523 0.351
32.294 0.771
36.253 3.959
38.885 2.632
39.363 0.478
40.265 0.902
40.995 0.73
41.55 0.555
42.277 0.727
43.157 0.88
43.914 0.757
44.701 0.787
46.186 1.485
46.912 0.726
47.683 0.771
48.449 0.766
49.206 0.757
49.986 0.78
50.782 0.796
51.572 0.79
52.437 0.865
53.275 0.838
54.088 0.813
54.945 0.857
55.773 0.828
56.618 0.845
57.515 0.897
58.342 0.827
59.209 0.867
60.136 0.927
60.993 0.857
61.872 0.879
62.789 0.917
63.635 0.846
64.465 0.83
65.338 0.873
66.15 0.812
66.926 0.776
67.745 0.819
68.573 0.828
69.373 0.8
70.258 0.885
71.16 0.902
71.986 0.826
72.868 0.882
73.77 0.902
74.589 0.819
75.424 0.835
76.326 0.902
77.183 0.857
78.034 0.851
78.959 0.925
79.844 0.885
80.66 0.816
81.509 0.849
82.368 0.859
83.167 0.799
84.037 0.87
84.974 0.937
85.817 0.843
86.671 0.854
87.535 0.864
88.317 0.782
89.122 0.805
90.003 0.881
90.853 0.85
91.678 0.825
92.56 0.882
93.388 0.828
94.221 0.833
95.112 0.891
95.987 0.875
96.8 0.813
97.653 0.853
98.556 0.903
99.401 0.845
100.317 0.916
101.248 0.931
102.097 0.849
102.979 0.882
103.838 0.859
104.679 0.841
105.571 0.892
106.441 0.87
107.229 0.788
108.022 0.793
108.853 0.831
109.638 0.785
110.457 0.819
111.349 0.892
112.185 0.836
112.989 0.804
113.832 0.843
114.676 0.844
115.473 0.797
116.309 0.836
117.196 0.887
118.017 0.821
118.833 0.816
119.691 0.858
120.537 0.846
121.337 0.8
122.189 0.852
123.078 0.889
123.906 0.828
124.765 0.859
125.644 0.879
126.489 0.845
127.327 0.838
128.196 0.869
129.038 0.842
129.809 0.771
130.598 0.789
131.43 0.832
132.243 0.813
133.061 0.818
133.946 0.885
134.798 0.852
135.599 0.801
136.436 0.837
137.28 0.844
138.09 0.81
138.957 0.867
139.842 0.885
140.67 0.828
141.502 0.832
142.382 0.88
143.211 0.829
144.028 0.817
144.889 0.861
145.703 0.814
146.487 0.784
147.314 0.827
148.158 0.844
148.937 0.779
149.75 0.813
150.606 0.856
151.402 0.796
152.177 0.775
152.974 0.797
153.832 0.858
154.632 0.8
155.452 0.82
156.299 0.847
157.103 0.804
157.884 0.781
158.681 0.797
159.5 0.819
160.277 0.777
161.071 0.794
161.904 0.833
162.69 0.786
163.47 0.78
164.282 0.812
165.107 0.825
165.876 0.769
166.657 0.781
167.489 0.832
168.29 0.801
169.07 0.78
169.893 0.823
170.771 0.878
171.585 0.814
172.404 0.819
173.237 0.833
174.045 0.808
174.832 0.787
175.656 0.824
176.513 0.857
177.297 0.784
178.101 0.804
178.93 0.829
179.72 0.79
180.525 0.805
181.359 0.834
182.168 0.809
182.939 0.771
183.745 0.806
184.58 0.835
185.385 0.805
186.187 0.802
187.059 0.872
187.897 0.838
188.681 0.784
189.451 0.77
190.217 0.766
191.042 0.825
191.797 0.755
192.573 0.776
193.294 0.721
193.972 0.678
194.662 0.69
195.326 0.664
195.984 0.658
196.636 0.652
197.27 0.634
197.912 0.642
198.542 0.63
199.161 0.619
199.783 0.622
200.428 0.645
201.11 0.682
201.792 0.682
202.494 0.702
203.197 0.703
203.954 0.757
204.743 0.789
205.552 0.809
206.387 0.835
207.13 0.743
207.815 0.685
208.494 0.679
209.134 0.64
209.759 0.625
210.361 0.602
210.949 0.588
211.53 0.581
212.107 0.577
212.678 0.571
213.253 0.575
213.829 0.576
214.412 0.583
215.004 0.592
215.603 0.599
216.196 0.593
216.788 0.592
217.377 0.589
217.955 0.578
218.528 0.573
219.096 0.568
219.663 0.567
220.224 0.561
220.783 0.559
221.341 0.558
221.896 0.555
222.451 0.555
222.705 0.254
223.008 0.303
224.123 1.115
224.624 0.501
225.831 1.207
226.422 0.591
227.033 0.611
227.63 0.597
228.235 0.605
228.83 0.595
229.092 0.262
229.421 0.329
231.156 1.735
231.729 0.573
232.299 0.57
232.858 0.559
233.413 0.555
233.971 0.558
234.523 0.552
235.066 0.543
235.612 0.546
236.159 0.547
236.71 0.551
237.261 0.551
237.811 0.55
238.355 0.544
238.908 0.553
239.455 0.547
240.005 0.55
240.555 0.55
241.107 0.552
241.66 0.553
242.215 0.555
242.779 0.564
243.351 0.572
243.933 0.582
244.52 0.587
245.112 0.592
245.708 0.596
246.309 0.601
246.896 0.587
247.496 0.6
248.091 0.595
248.684 0.593
249.29 0.606
249.929 0.639
250.592 0.663
250.879 0.287
251.226 0.347
251.486 0.26
251.893 0.407
252.569 0.676
253.233 0.664
253.899 0.666
254.555 0.656
255.291 0.736
255.993 0.702
256.743 0.75
257.509 0.766
258.244 0.735
258.988 0.744
259.718 0.73
260.409 0.691
261.083 0.674
261.748 0.665
262.459 0.711
262.713 0.254
263.108 0.395
263.546 0.438
263.996 0.45
264.686 0.69
265.532 0.846
265.947 0.415
267.018 1.071
267.757 0.739
268.508 0.751
269.227 0.719
269.968 0.741
270.745 0.777
271.486 0.741
272.261 0.775
272.981 0.72
273.674 0.693
274.298 0.624
275.084 0.786
275.853 0.769
276.592 0.739
277.378 0.786
278.126 0.748
278.849 0.723
279.205 0.356
279.588 0.383
279.946 0.358
280.302 0.356
281.003 0.701
281.694 0.691
282.388 0.694
283.084 0.696
283.816 0.732
284.536 0.72
285.287 0.751
286.087 0.8
286.84 0.753
287.571 0.731
288.285 0.714
288.995 0.71
289.773 0.778
290.522 0.749
291.282 0.76
292.083 0.801
292.881 0.798
293.636 0.755
294.428 0.792
295.281 0.853
296.142 0.861
296.914 0.772
297.721 0.807
298.553 0.832
299.308 0.755
300.061 0.753
300.872 0.811
301.688 0.816
302.481 0.793
303.331 0.85
304.113 0.782
304.87 0.757
305.622 0.752
306.398 0.776
307.146 0.748
307.893 0.747
308.672 0.779
309.448 0.776
310.212 0.764
311.005 0.793
311.796 0.791
312.555 0.759
313.356 0.801
314.213 0.857
315.001 0.788
315.809 0.808
316.635 0.826
317.405 0.77
318.146 0.741
318.868 0.722
319.653 0.785
320.452 0.799
321.25 0.798
322.091 0.841
322.898 0.807
323.684 0.786
324.477 0.793
325.286 0.809
326.054 0.768
326.856 0.802
327.692 0.836
328.497 0.805
329.359 0.862
330.225 0.866
331.039 0.814
331.915 0.876
332.768 0.853
333.557 0.789
334.361 0.804
335.145 0.784
335.972 0.827
336.829 0.857
337.634 0.805
338.392 0.758
339.142 0.75
339.922 0.78
340.684 0.762
341.423 0.739
342.148 0.725
342.942 0.794
343.709 0.767
344.516 0.807
345.344 0.828
346.115 0.771
346.892 0.777
347.735 0.843
348.532 0.797
349.304 0.772
350.129 0.825
350.989 0.86
351.803 0.814
352.697 0.894
353.572 0.875
354.4 0.828
355.258 0.858
356.063 0.805
356.884 0.821
357.708 0.824
358.476 0.768
359.234 0.758
359.985 0.751
360.743 0.758
361.513 0.77
362.251 0.738
363.006 0.755
363.785 0.779
364.5 0.715
365.251 0.751
366.069 0.818
366.928 0.859
367.694 0.766
368.48 0.786
369.301 0.821
370.091 0.79
370.862 0.771
371.654 0.792
372.494 0.84
373.273 0.779
374.061 0.788
374.896 0.835
375.711 0.815
376.478 0.767
377.275 0.797
378.118 0.843
378.892 0.774
379.678 0.786
380.513 0.835
381.347 0.834
382.2 0.853
383.048 0.848
383.862 0.814
384.698 0.836
385.52 0.822
386.324 0.804
387.176 0.852
388.033 0.857
388.851 0.818
389.7 0.849
390.546 0.846
391.34 0.794
392.179 0.839
393.046 0.867
393.866 0.82
394.675 0.809
395.514 0.839
396.314 0.8
397.082 0.768
397.881 0.799
398.721 0.84
399.502 0.781
400.323 0.821
401.163 0.84
401.968 0.805
402.741 0.773
403.55 0.809
404.345 0.795
405.111 0.766
405.909 0.798
406.71 0.801
407.487 0.777
408.247 0.76
409.036 0.789
409.857 0.821
410.646 0.789
411.455 0.809
412.3 0.845
413.088 0.788
413.892 0.804
414.726 0.834
415.533 0.807
416.333 0.8
417.156 0.823
417.963 0.807
418.735 0.772
419.522 0.787
420.353 0.831
421.127 0.774
421.913 0.786
422.737 0.824
423.573 0.836
424.355 0.782
425.169 0.814
425.998 0.829
426.777 0.779
427.569 0.792
428.386 0.817
429.166 0.78
429.931 0.765
430.677 0.746
431.44 0.763
432.268 0.828
433.041 0.773
433.85 0.809
434.672 0.822
435.428 0.756
436.213 0.785
437.021 0.808
437.815 0.794
438.561 0.746
439.359 0.798
440.206 0.847
440.969 0.763
441.743 0.774
442.578 0.835
443.427 0.849
444.198 0.771
445.034 0.836
445.917 0.883
446.718 0.801
447.513 0.795
448.362 0.849
449.185 0.823
449.943 0.758
450.8 0.857
451.694 0.894
452.49 0.796
453.295 0.805
454.123 0.828
454.885 0.762
455.624 0.739
456.426 0.802
457.27 0.844
458.026 0.756
458.832 0.806
459.667 0.835
460.406 0.739
461.167 0.761
461.972 0.805
462.748 0.776
463.533 0.785
464.379 0.846
465.173 0.794
465.914 0.741
466.67 0.756
467.45 0.78
468.182 0.732
468.931 0.749
469.723 0.792
470.491 0.768
471.232 0.741
472.003 0.771
472.739 0.736
473.439 0.7
474.154 0.715
474.896 0.742
475.642 0.746
476.395 0.753
477.135 0.74
477.857 0.722
478.546 0.689
479.206 0.66
479.866 0.66
480.5 0.634
481.128 0.628
481.77 0.642
482.516 0.746
483.249 0.733
484.038 0.789
484.911 0.873
485.769 0.858
486.581 0.812
487.426 0.845
488.268 0.842
489.045 0.777
489.831 0.786
490.636 0.805
491.406 0.77
492.145 0.739
492.942 0.797
493.752 0.81
494.522 0.77
495.322 0.8
496.134 0.812
496.913 0.779
497.642 0.729
498.409 0.767
499.253 0.844
500.008 0.755
500.76 0.752
501.532 0.772
502.298 0.766
503.025 0.727
503.787 0.762
504.6 0.813
505.392 0.792
506.152 0.76
506.966 0.814
507.76 0.794
508.495 0.735
509.282 0.787
510.113 0.831
510.867 0.754
511.605 0.738
512.383 0.778
513.164 0.781
513.903 0.739
514.68 0.777
515.542 0.862
516.308 0.766
517.059 0.751
517.866 0.807
518.672 0.806
519.421 0.749
520.186 0.765
520.996 0.81
521.766 0.77
522.496 0.73
523.282 0.786
524.125 0.843
524.894 0.769
525.65 0.756
526.432 0.782
527.21 0.778
527.94 0.73
528.712 0.772
529.525 0.813
530.246 0.721
530.924 0.678
531.595 0.671
532.276 0.681
533.043 0.767
533.785 0.742
534.472 0.687
535.162 0.69
535.877 0.715
536.579 0.702
537.262 0.683
537.994 0.732
538.782 0.788
539.511 0.729
540.257 0.746
541.048 0.791
541.87 0.822
542.614 0.744
543.406 0.792
544.258 0.852
545.005 0.747
545.743 0.738
546.495 0.752
547.279 0.784
548.042 0.763
548.732 0.69
549.408 0.676
550.056 0.648
550.721 0.665
551.406 0.685
552.081 0.675
552.791 0.71
553.556 0.765
554.333 0.777
554.964 0.631
555.452 0.488
555.804 0.352
556.84 1.036
557.118 0.278
557.749 0.631
558.361 0.612
558.965 0.604
559.522 0.557
560.074 0.552
560.536 0.462
562.253 1.717
562.778 0.525
563.303 0.525
563.822 0.519
564.34 0.518
564.847 0.507
565.352 0.505
565.856 0.504
566.351 0.495
566.851 0.5
567.353 0.502
567.844 0.491
568.336 0.492
568.831 0.495
569.323 0.492
569.816 0.493
570.324 0.508
570.837 0.513
571.345 0.508
571.875 0.53
572.356 0.481
572.713 0.357
573.357 0.644
573.858 0.501
574.358 0.5
574.856 0.498
575.349 0.493
575.845 0.496
576.341 0.496
576.849 0.508
577.368 0.519
577.896 0.528
578.421 0.525
578.955 0.534
579.49 0.535
580.039 0.549
580.622 0.583
581.211 0.589
581.798 0.587
582.385 0.587
582.957 0.572
583.528 0.571
584.104 0.576
584.685 0.581
585.304 0.619
585.96 0.656
586.64 0.68
587.439 0.799
588.237 0.798
589.123 0.886
589.969 0.846
590.718 0.749
591.439 0.721
592.192 0.753
592.966 0.774
593.877 0.911
594.775 0.898
595.679 0.904
596.509 0.83
597.374 0.865
598.277 0.903
599.096 0.819
599.912 0.816
600.753 0.841