0.000 0.866
0.866 0.866
1.727 0.861
2.558 0.831
3.389 0.831
4.211 0.822
5.055 0.844
5.915 0.86
6.776 0.861
7.664 0.888
8.546 0.882
9.401 0.855
10.274 0.873
11.165 0.891
12.028 0.863
12.936 0.908
13.852 0.916
14.792 0.94
15.742 0.95
16.664 0.922
17.53 0.866
18.413 0.883
19.298 0.885
20.189 0.891
21.133 0.944
22.109 0.976
23.046 0.937
23.972 0.926
24.863 0.891
25.76 0.897
26.611 0.851
27.442 0.831
28.293 0.851
29.137 0.844
29.964 0.827
30.828 0.864
31.729 0.901
32.619 0.89
33.546 0.927
34.471 0.925
35.377 0.906
36.293 0.916
37.181 0.888
38.031 0.85
38.808 0.777
39.601 0.793
40.423 0.822
41.266 0.843
42.148 0.882
43.072 0.924
44.04 0.968
45.012 0.972
45.933 0.921
46.797 0.864
47.661 0.864
48.556 0.895
49.446 0.89
50.352 0.906
51.251 0.899
52.201 0.95
53.131 0.93
54.027 0.896
54.948 0.921
55.871 0.923
56.785 0.914
57.713 0.928
58.595 0.882
59.495 0.9
60.386 0.891
61.319 0.933
62.254 0.935
63.165 0.911
64.009 0.844
64.833 0.824
65.658 0.825
66.497 0.839
67.33 0.833
68.172 0.842
69.046 0.874
69.936 0.89
70.764 0.828
71.616 0.852
72.463 0.847
73.312 0.849
74.126 0.814
74.948 0.822
75.774 0.826
76.617 0.843
77.432 0.815
78.27 0.838
79.099 0.829
79.921 0.822
80.74 0.819
81.579 0.839
82.421 0.842
83.236 0.815
84.091 0.855
84.968 0.877
85.821 0.853
86.676 0.855
87.542 0.866
88.393 0.851
89.229 0.836
90.119 0.89
91.02 0.901
91.89 0.87
92.741 0.851
93.603 0.862
94.47 0.867
95.335 0.865
96.248 0.913
97.155 0.907
98.048 0.893
98.957 0.909
99.839 0.882
100.747 0.908
101.656 0.909
102.555 0.899
103.461 0.906
104.399 0.938
105.33 0.931
106.237 0.907
107.098 0.861
107.969 0.871
109.759 1.79
110.623 0.864
111.46 0.837
112.255 0.795
113.021 0.766
113.779 0.758
114.561 0.782
115.387 0.826
116.249 0.862
117.085 0.836
117.936 0.851
118.789 0.853
119.624 0.835
120.444 0.82
121.322 0.878
123.049 1.727
123.869 0.82
124.692 0.823
125.52 0.828
126.345 0.825
127.163 0.818
127.794 0.631
128.856 1.062
130.537 1.681
132.089 1.552
132.843 0.754
133.629 0.786
134.461 0.832
135.368 0.907
136.328 0.96
137.345 1.017
138.363 1.018
139.423 1.06
140.457 1.034
141.415 0.958
142.375 0.96
143.369 0.994
144.339 0.97
145.237 0.898
146.149 0.912
147.075 0.926
148.056 0.981
148.992 0.936
149.938 0.946
150.867 0.929
151.826 0.959
152.753 0.927
153.678 0.925
154.582 0.904
155.469 0.887
156.406 0.937
157.351 0.945
158.289 0.938
159.179 0.89
160.093 0.914
161.043 0.95
161.954 0.911
162.836 0.882
163.713 0.877
164.586 0.873
165.431 0.845
166.292 0.861
167.175 0.883
168.062 0.887
168.919 0.857
169.794 0.875
170.712 0.918
171.613 0.901
172.489 0.876
173.374 0.885
174.257 0.883
175.151 0.894
176.005 0.854
176.865 0.86
177.705 0.84
178.513 0.808
179.345 0.832
180.212 0.867
181.111 0.899
182.006 0.895
182.853 0.847
183.699 0.846
184.544 0.845
185.397 0.853
186.25 0.853
187.095 0.845
187.907 0.812
188.676 0.769
189.45 0.774
190.211 0.761
190.987 0.776
191.781 0.794
192.582 0.801
193.372 0.79
194.16 0.788
194.996 0.836
195.847 0.851
196.666 0.819
197.484 0.818
198.309 0.825
199.127 0.818
199.924 0.797
200.757 0.833
201.594 0.837
202.392 0.798
203.205 0.813
204.035 0.83
204.878 0.843
205.75 0.872
206.608 0.858
207.441 0.833
208.22 0.779
209.003 0.783
209.791 0.788
210.582 0.791
211.381 0.799
212.164 0.783
212.978 0.814
213.833 0.855
214.669 0.836
215.487 0.818
216.325 0.838
217.162 0.837
218.01 0.848
218.855 0.845
219.729 0.874
220.595 0.866
221.418 0.823
222.25 0.832
223.115 0.865
224.011 0.896
224.908 0.897
225.849 0.941
226.775 0.926
227.696 0.921
228.652 0.956
229.559 0.907
230.434 0.875
231.327 0.893
232.216 0.889
233.095 0.879
234.007 0.912
234.905 0.898
235.748 0.843
236.59 0.842
237.442 0.852
238.31 0.868
239.158 0.848
240.042 0.884
240.917 0.875
241.75 0.833
242.583 0.833
243.424 0.841
244.302 0.878
245.154 0.852
246.026 0.872
246.88 0.854
247.705 0.825
248.552 0.847
249.375 0.823
250.192 0.817
251.081 0.889
251.949 0.868
252.838 0.889
253.732 0.894
254.625 0.893
255.482 0.857
256.397 0.915
257.308 0.911
258.18 0.872
259.033 0.853
259.892 0.859
260.742 0.85
261.556 0.814
262.379 0.823
263.238 0.859
264.114 0.876
264.949 0.835
265.814 0.865
266.673 0.859
267.529 0.856
268.442 0.913
269.333 0.891
270.241 0.908
271.092 0.851
271.955 0.863
272.814 0.859
273.636 0.822
274.465 0.829
275.282 0.817
276.084 0.802
276.868 0.784
277.625 0.757
278.377 0.752
279.124 0.747
279.852 0.728
280.6 0.748
281.362 0.762
282.148 0.786
282.941 0.793
283.752 0.811
284.639 0.887
285.556 0.917
286.461 0.905
287.331 0.87
288.236 0.905
289.166 0.93
290.041 0.875
290.936 0.895
291.824 0.888
292.711 0.887
293.59 0.879
294.497 0.907
295.414 0.917
296.324 0.91
297.203 0.879
298.107 0.904
299.06 0.953
300.012 0.952
300.903 0.891
301.785 0.882
302.703 0.918
303.65 0.947
304.54 0.89
305.391 0.851
306.263 0.872
307.126 0.863
307.977 0.851
308.83 0.853
309.723 0.893
310.607 0.884
311.45 0.843
312.295 0.845
313.175 0.88
314.089 0.914
314.965 0.876
315.873 0.908
316.601 0.728
317.682 1.081
318.576 0.894
319.499 0.923
320.193 0.694
321.288 1.095
322.138 0.85
323.035 0.897
323.955 0.92
324.871 0.916
325.752 0.881
326.685 0.933
327.451 0.766
328.703 1.252
329.604 0.901
330.47 0.866
331.35 0.88
332.232 0.882
334.051 1.819
334.942 0.891
335.798 0.856
336.706 0.908
337.629 0.923
338.544 0.915
339.478 0.934
340.395 0.917
341.294 0.899
342.177 0.883
343.034 0.857
343.92 0.886
344.796 0.876
345.622 0.826
346.473 0.851
347.324 0.851
348.162 0.838
349.066 0.904
349.988 0.922
350.85 0.862
351.71 0.86
352.575 0.865
353.426 0.851
354.269 0.843
355.076 0.807
355.871 0.795
356.684 0.813
357.514 0.83
358.354 0.84
359.206 0.852
360.08 0.874
360.941 0.861
361.797 0.856
362.643 0.846
363.46 0.817
364.297 0.837
365.169 0.872
366.012 0.843
366.814 0.802
367.634 0.82
368.475 0.841
369.288 0.813
370.161 0.873
371.048 0.887
371.935 0.887
372.79 0.855
373.641 0.851
374.517 0.876
375.419 0.902
376.285 0.866
377.157 0.872
378.04 0.883
378.936 0.896
379.822 0.886
380.71 0.888
381.627 0.917
382.515 0.888
383.364 0.849
384.176 0.812
385.012 0.836
385.874 0.862
386.736 0.862
387.545 0.809
388.364 0.819
389.187 0.823
390.051 0.864
390.891 0.84
391.712 0.821
392.564 0.852
393.413 0.849
394.233 0.82
395.057 0.824
395.918 0.861
396.78 0.862
397.6 0.82
398.421 0.821
399.262 0.841
400.118 0.856
400.964 0.846
401.827 0.863
402.707 0.88
403.582 0.875
404.421 0.839
405.276 0.855
406.161 0.885
407.01 0.849
407.838 0.828
408.663 0.825
409.483 0.82
410.274 0.791
411.062 0.788
411.889 0.827
412.737 0.848
413.548 0.811
414.383 0.835
415.217 0.834
416.037 0.82
416.841 0.804
417.692 0.851
418.551 0.859
419.389 0.838
420.207 0.818
421.056 0.849
421.906 0.85
422.767 0.861
423.621 0.854
424.496 0.875
425.364 0.868
426.203 0.839
427.049 0.846
427.938 0.889
428.829 0.891
429.683 0.854
430.524 0.841
431.384 0.86
432.259 0.875
433.133 0.874
434.007 0.874
434.87 0.863
435.716 0.846
436.522 0.806
437.345 0.823
438.187 0.842
438.975 0.788
439.793 0.818
440.599 0.806
441.393 0.794
442.183 0.79
443.002 0.819
443.85 0.848
444.667 0.817
445.462 0.795
446.257 0.795
447.026 0.769
447.821 0.795
448.641 0.82
449.47 0.829
450.268 0.798
451.056 0.788
451.869 0.813
452.677 0.808
453.497 0.82
454.302 0.805
455.133 0.831
455.972 0.839
456.81 0.838
457.623 0.813
458.467 0.844
459.36 0.893
460.253 0.893
461.102 0.849
461.94 0.838
462.801 0.861
463.68 0.879
464.536 0.856
465.38 0.844
466.245 0.865
467.104 0.859
467.933 0.829
468.762 0.829
469.62 0.858
470.493 0.873
471.341 0.848
472.159 0.818
473.003 0.844
473.838 0.835
474.659 0.821
475.475 0.816
476.322 0.847
477.154 0.832
477.959 0.805
478.757 0.798
479.582 0.825
480.44 0.858
481.292 0.852
482.103 0.811
482.934 0.831
483.773 0.839
484.628 0.855
485.47 0.842
486.337 0.867
487.213 0.876
488.084 0.871
488.931 0.847
489.754 0.823
490.598 0.844
491.472 0.874
492.319 0.847
493.159 0.84
494.013 0.854
494.863 0.85
495.704 0.841
496.545 0.841
497.406 0.861
498.259 0.853
499.092 0.833
499.914 0.822
500.761 0.847
501.64 0.879
502.487 0.847
503.305 0.818
504.134 0.829
504.947 0.813
505.737 0.79
506.545 0.808
507.382 0.837
508.236 0.854
509.052 0.816
509.879 0.827
510.71 0.831
511.525 0.815
512.314 0.789
513.116 0.802
513.947 0.831
514.748 0.801
515.545 0.797
516.363 0.818
517.18 0.817
517.99 0.81
518.787 0.797
519.619 0.832
520.479 0.86
521.334 0.855
522.16 0.826
523.001 0.841
523.839 0.838
524.679 0.84
525.515 0.836
526.352 0.837
527.206 0.854
528.05 0.844
528.859 0.809
529.685 0.826
530.514 0.829
531.324 0.81
532.17 0.846
533.015 0.845
533.85 0.835
534.635 0.785
535.441 0.806
536.25 0.809
537.069 0.819
537.868 0.799
538.7 0.832
539.559 0.859
540.361 0.802
541.187 0.826
542.002 0.815
542.817 0.815
543.635 0.818
544.444 0.809
545.227 0.783
546.015 0.788
546.829 0.814
547.641 0.812
548.436 0.795
549.226 0.79
550.009 0.783
550.786 0.777
551.564 0.778
552.319 0.755
553.085 0.766
553.876 0.791
554.642 0.766
555.425 0.783
556.235 0.81
557.092 0.857
557.967 0.875
558.826 0.859
559.73 0.904
560.686 0.956
561.645 0.959
562.558 0.913
563.448 0.89
564.344 0.896
565.202 0.858
566.073 0.871
566.965 0.892
567.847 0.882
568.71 0.863
569.606 0.896
570.495 0.889
571.381 0.886
572.255 0.874
573.131 0.876
573.996 0.865
574.824 0.828
575.676 0.852
576.56 0.884
577.48 0.92
578.404 0.924
579.318 0.914
580.2 0.882
581.054 0.854
581.894 0.84
582.705 0.811
583.521 0.816
584.321 0.8
585.112 0.791
585.866 0.754
586.622 0.756
587.391 0.769
588.147 0.756
588.914 0.767
589.693 0.779
590.483 0.79
591.261 0.778
592.026 0.765
592.819 0.793
593.642 0.823
594.454 0.812
595.248 0.794
596.045 0.797
596.825 0.78
597.581 0.756
598.346 0.765
599.109 0.763
599.861 0.752
600.601 0.74