0
1.886
3.007
3.202
3.202
3.979
4.783
5.607
6.485
7.367
8.12
8.315
8.51
9.959
10.814
11.478
12.997
13.348
13.832
14.546
15.069
15.486
15.911
16.594
17.34
18.355
19.155
19.67
19.865
20.318
20.661
21.383
22.133
22.894
23.659
24.389
25.103
25.837
26.61
27.43
28.226
29.003
29.795
30.603
31.388
32.227
33.078
33.91
34.113
34.538
36.108
37.014
37.92
38.814
39.689
40.548
41.372
42.207
43.054
43.932
44.892
45.813
46.746
47.648
48.558
49.475
50.365
51.298
52.219
53.058
53.936
54.873
55.724
56.63
57.462
58.313
59.141
59.93
60.75
61.57
62.374
63.28
64.221
65.103
65.958
66.84
67.765
68.6
69.506
69.775
70.259
70.997
71.696
72.121
72.535
73.074
73.761
74.464
75.147
75.834
76.529
77.236
77.997
78.879
79.816
80.71
81.553
82.338
83.088
83.838
84.681
86.29
87.551
88.64
89.69
90.607
91.439
92.216
92.985
93.828
95.378
96.565
97.611
98.556
99.395
100.195
100.991
101.862
102.955
104.021
105.032
106.039
107.019
107.929
108.761
109.581
110.401
111.279
112.228
113.099
113.86
114.613
115.437
116.351
117.218
118.022
118.799
119.552
120.286
121
121.714
122.467
123.353
124.337
125.344
126.414
127.414
128.343
129.206
130.065
130.908
131.751
132.59
133.39
134.378
135.6
136.654
137.693
138.704
139.633
140.558
141.452
142.272
143.135
144.189
145.192
146.082
146.945
147.882
148.944
149.912
150.79
151.657
152.508
153.336
154.168
155.054
155.948
156.881
157.775
158.696
159.61
160.492
161.327
162.151
162.955
163.751
164.54
165.332
166.148
167.108
168.287
169.216
170.126
170.985
171.777
172.515
173.245
173.975
174.682
175.381
176.056
176.72
177.376
178.04
178.793
179.683
180.608
181.494
182.349
183.161
183.907
184.617
185.327
186.077
187.147
188.147
189.088
190.017
191.067
192.18
193.211
194.132
194.979
195.854
196.791
197.72
198.63
199.524
200.402
201.241
202.065
202.877
203.677
204.509
205.356
206.152
206.96
207.768
208.572
209.341
210.079
210.832
211.624
212.432
213.24
214.075
214.938
215.855
216.804
217.718
218.542
219.331
220.108
220.924
222.408
223.638
224.645
225.465
226.226
226.956
227.791
228.685
229.595
230.442
231.262
232.047
232.793
233.519
234.218
234.901
235.572
236.228
236.88
237.555
238.285
239.124
239.971
240.849
241.735
242.613
243.468
244.335
245.198
246.026
246.873
247.701
248.482
249.345
250.341
251.305
252.25
253.144
254.015
254.87
255.717
256.607
257.501
258.485
259.586
260.589
261.538
262.475
263.33
264.119
264.888
265.696
266.516
267.402
268.288
269.182
270.088
270.912
271.712
272.497
273.266
274
274.738
275.448
276.151
276.889
277.783
278.759
279.782
280.699
281.574
282.429
283.253
284.038
284.807
285.557
286.303
287.045
287.802
288.614
289.5
290.535
291.429
292.343
293.21
294.038
294.846
295.611
296.372
297.133
297.871
298.667
299.51
300.295
301.107
301.884
302.637
303.379
304.109
304.835
305.557
306.275
306.982
307.685
308.392
309.161
310.004
310.871
311.706
312.565
313.361
314.111
314.825
315.516
316.203
316.886
317.581
318.323
319.088
319.877
320.669
321.485
322.262
323.023
323.757
324.475
325.201
325.97
326.946
328.332
329.503
330.522
331.486
332.4
333.282
334.145
335.004
335.871
336.792
337.713
338.541
339.162
339.396
340.192
340.949
341.71
342.463
343.232
343.985
344.77
345.543
346.3
347.038
347.78
348.522
349.26
349.998
350.712
351.477
352.312
353.159
354.057
354.908
355.74
356.572
357.38
358.18
359.019
359.929
360.858
361.869
362.845
363.735
364.625
365.55
366.448
367.307
368.209
369.166
370.138
371.149
372.094
373.062
374.019
374.925
375.885
376.869
377.822
378.79
379.696
380.594
381.469
382.336
383.199
384.12
385.077
385.998
386.955
387.83
388.689
389.564
390.415
391.282
392.172
393.043
393.937
394.854
395.709
396.548
397.344
398.105
398.851
399.589
400.331
401.123
402.021
402.935
403.892
404.837
405.747
406.633
407.476
408.304
409.147
410.014
410.99
412.005
413.02
414.059
415.047
416.027
416.948
417.826
418.72
419.626
420.567
421.574
422.491
423.401
424.26
425.072
425.888
426.673
427.43
428.18
428.906
429.624
430.358
431.135
432.017
432.962
433.856
434.797
435.714
436.573
437.444
438.268
439.08
439.939
440.856
441.859
442.894
443.905
444.905
445.858
446.783
447.704
448.563
449.426
450.304
451.206
452.174
453.189
454.149
455.121
456.031
456.917
457.792
458.627
459.482
460.353
461.22
462.001
463.004
463.804
464.604
465.389
466.166
466.947
467.755
468.54
469.336
470.113
470.863
471.62
472.389
473.193
474.091
475.087
476.11
477.168
478.195
479.152
480.093
480.995
481.912
482.861
483.802
484.852
485.836
486.824
487.765
488.663
489.58
490.462
491.274
492.07
492.925
493.936
494.943
495.845
496.684
497.539
498.437
499.331
500.182
501.033
501.923
502.786
503.657
504.535
505.437
506.39
507.343
508.241
509.135
510.025
510.88
511.762
512.648
513.511
514.413
515.327
516.28
517.233
518.123
518.99
519.786
520.543
521.289
522.042
522.792
523.584
524.501
525.571
526.469
527.328
528.171
528.979
529.771
530.567
531.332
532.097
532.882
533.714
534.6
535.533
536.423
537.329
538.239
539.09
539.949
540.796
541.6
542.416
543.251
544.094
545.023
545.944
546.916
547.857
548.763
549.673
550.544
551.387
552.242
553.081
553.932
554.834
555.751
556.735
557.699
558.605
559.515
560.366
561.213
562.068
562.915
563.821
564.723
565.551
566.371
567.179
567.975
568.791
569.615
570.443
571.267
572.052
572.833
573.622
574.399
575.234
576.144
577.081
578.061
579.057
580.01
580.924
581.814
582.677
583.52
584.324
585.116
585.92
586.716
587.532
588.43
589.32
590.288
591.37
592.377
593.263
594.145
595.008
595.875
596.73
597.601
598.479
599.369
600.329
601.289
602.226
603.167
604.108
605.022
605.971
606.939
607.856
608.824
609.831
610.799
611.775
612.689
613.56
614.376
615.165
615.711
616.211
616.73
617.382
617.999
618.92
619.115
619.865
620.575
621.082
621.527
621.917
622.584
623.212
623.856
624.41
625.062
625.354
625.732
626.255
626.84
627.461
628.05
628.632
629.272
629.873
630.458
631.989
632.184
632.184
