0
0.195
0.39
0.796
1.073
1.362
1.998
2.193
3.009
3.786
4.512
5.219
5.918
6.585
7.245
7.893
8.553
10.045
10.857
11.63
12.387
13.14
13.85
14.521
15.165
15.813
16.563
17.34
18.156
18.948
19.76
20.506
21.201
21.868
22.524
23.191
24.694
25.522
26.373
27.267
28.173
29.11
30.059
30.953
31.925
32.94
34.092
35.174
36.162
37.134
38.282
39.438
40.523
41.483
42.467
43.802
45.141
46.414
47.578
48.617
49.601
50.823
52.123
53.349
54.505
55.563
56.578
57.742
58.956
60.123
61.24
62.31
63.474
64.7
65.914
67.128
68.28
69.393
70.471
71.553
72.611
73.642
74.63
75.528
76.442
77.258
78.07
78.945
80.21
81.401
82.479
83.494
84.49
85.517
86.559
87.574
88.542
89.514
90.584
91.751
92.887
93.98
95.065
96.19
97.338
98.455
99.458
100.446
101.34
102.203
103.007
103.776
104.627
105.681
106.79
107.879
108.89
109.874
110.866
111.854
112.811
113.728
114.657
115.727
116.926
118.113
119.245
120.327
121.436
122.549
123.634
124.645
125.625
126.636
127.675
128.702
129.686
130.666
131.642
132.657
133.684
134.644
135.554
136.491
137.487
138.487
139.533
140.552
141.469
142.34
143.257
144.264
145.338
146.349
147.243
148.067
148.84
149.629
150.664
151.937
153.151
154.268
155.287
156.208
157.083
158.118
159.305
160.457
161.613
162.691
163.675
164.608
165.69
166.94
168.158
169.236
170.181
171.149
172.266
173.445
174.593
175.667
176.69
177.752
178.806
179.817
180.879
181.921
182.909
183.912
185.017
186.227
187.437
188.546
189.581
190.553
191.369
192.122
193.481
194.703
195.788
196.748
197.603
198.403
199.227
200.07
200.878
201.651
202.412
203.158
203.896
204.614
205.332
206.097
206.921
207.78
208.67
209.552
210.384
211.192
212.039
212.921
213.85
214.81
215.786
216.614
217.387
218.094
218.761
219.464
220.335
221.635
222.81
223.954
224.993
226.016
227.191
228.319
229.432
230.502
231.502
232.521
233.673
234.895
236.07
237.175
238.155
239.092
240.131
241.22
242.278
243.332
244.296
245.135
245.982
246.982
248.122
249.125
250.082
250.949
251.765
252.651
253.635
254.67
255.74
256.759
257.692
258.551
259.414
260.3
261.233
262.205
263.158
264.115
265.142
266.208
267.305
268.359
269.316
270.23
271.237
272.295
273.4
274.466
275.501
276.45
277.301
278.207
279.265
280.265
281.163
281.971
282.693
283.478
284.263
285.04
285.829
286.621
287.378
288.116
288.834
289.564
290.337
291.161
292.036
292.922
293.816
294.648
295.413
296.12
296.873
297.771
298.958
300.067
301.141
302.094
302.992
303.98
305.069
306.174
307.228
308.204
309.184
310.226
311.159
312.076
312.954
313.813
314.785
315.855
316.917
317.94
318.881
319.822
320.802
321.762
322.73
323.679
324.55
325.425
326.346
327.314
328.196
329.016
329.808
330.569
331.393
332.252
333.095
333.97
334.833
335.645
336.461
337.375
338.355
339.378
340.374
341.252
342.107
342.993
343.922
344.882
345.858
346.748
347.556
348.329
349.157
350.078
351.105
352.144
353.085
353.909
354.741
355.643
356.603
357.583
358.497
359.293
360.058
360.893
361.83
362.872
363.914
364.933
365.909
366.873
367.818
368.743
369.664
370.589
371.538
372.498
373.435
374.185
374.872
375.555
376.234
377.612
378.901
380.076
381.177
382.141
382.961
383.722
384.534
385.444
386.526
387.631
388.673
389.614
390.446
391.25
392.144
393.21
394.331
395.405
396.416
397.322
398.13
398.926
399.812
400.819
401.834
402.857
403.868
404.809
405.637
406.406
407.214
408.139
409.201
410.263
411.321
412.289
413.152
414.03
414.971
415.931
416.919
417.911
418.848
419.711
420.562
421.452
422.354
423.24
424.126
424.934
425.699
426.449
427.218
428.096
429.088
430.119
431.142
432.106
433.004
433.847
434.702
435.604
436.553
437.513
438.501
439.446
440.352
441.184
441.969
442.761
443.608
444.541
445.505
446.442
447.281
448.05
448.753
449.448
450.186
451.412
452.673
453.883
455.047
456.168
457.253
458.253
459.186
460.033
460.825
461.664
462.66
463.835
465.022
466.107
467.071
468.024
469.16
470.23
471.194
472.178
473.123
474.111
475.181
476.329
477.438
478.441
479.37
480.268
481.26
482.47
483.696
484.852
485.914
486.859
487.698
488.592
489.607
490.767
491.868
492.926
493.929
494.925
495.885
496.76
497.584
498.404
499.31
500.31
501.427
502.544
503.626
504.676
505.718
506.729
507.701
508.665
509.657
510.688
511.734
512.788
513.756
514.595
515.364
516.227
517.602
518.852
520.004
521.05
521.952
522.721
523.451
524.212
525.524
526.742
527.792
528.674
529.459
530.314
531.286
532.332
533.394
534.405
535.303
536.158
537.083
538.071
539.137
540.203
541.253
542.225
543.166
544.111
545.025
545.939
546.837
547.708
548.52
549.301
550.082
551.027
552.187
553.3
554.425
555.522
556.564
557.579
558.563
559.492
560.402
561.284
562.092
562.861
563.661
564.598
565.832
567.011
568.124
569.17
570.166
571.072
571.868
572.657
573.516
574.5
575.57
576.663
577.674
578.638
579.567
580.473
581.41
582.41
583.429
584.456
585.483
586.525
587.466
588.266
588.992
589.714
590.596
591.947
593.193
594.341
595.462
596.426
597.242
597.992
598.784
599.826
601.154
602.361
603.423
604.329
605.211
606.148
607.151
608.08
608.951
609.798
610.559
611.387
612.226
613.089
613.897
614.705
615.552
616.419
617.239
618.055
618.847
619.557
620.275
621.017
621.794
622.602
623.441
624.28
625.112
625.928
626.697
627.454
628.196
628.949
629.699
630.445
631.191
631.933
632.667
632.862
632.862
633.057
633.057
633.057
633.057
633.057
633.057
633.057
633.057
633.057
633.057
633.057
633.057
633.057
633.057
633.057
633.057
633.057
633.057
633.057
633.057
633.057
633.057
633.057
633.057
633.057
633.057
633.057
633.057
633.057
633.057
633.057
633.057
633.057
633.057
633.057
633.057
633.057
633.057
633.057
633.057
633.057
633.057
633.057
633.057
633.057
633.057
633.057
633.057
633.057
633.057
633.057
633.057
633.057
633.057
633.057
633.057
633.057
633.057
633.057
633.057
633.057
633.057
633.057
633.057
633.057
633.057
633.057
633.057
633.057
633.057
633.057
633.057
633.057
633.057
633.057
633.057
633.057
633.057
633.057
633.057
633.057
633.057
633.057
